custom,cuboid,metal4,20,1,20,1,.5,.5,.5,1,1,0,-4.66,0,0,0,0,1;
custom,startcuboid,default,65,1,65,1,0,1,0,99999,1,0,-4.860024,0,0,0,0,1;
custom,cuboid,metal4,20,1,30,1,.5,.5,.5,1.0,1.0,224.7947,-4.722755,-175.9292,0,7.42527E-05,0,-1;
custom,cuboid,metal4,20,1,30,1,.5,.5,.5,1.0,1.0,174.6081,-4.778266,-225.2801,0,0.70779,0,-0.7064229;
custom,cuboid,metal4,20,1,30,1,.5,.5,.5,1.0,1.0,226.1794,-4.747297,173.965,0,0.9999997,0,-0.0007620364;
custom,cuboid,metal4,20,1,30,1,.5,.5,.5,1.0,1.0,176.1904,-4.790988,224.65,0,0.7062664,0,-0.7079462;
custom,cuboid,metal4,20,1,30,1,.5,.5,.5,1.0,1.0,-172.8083,-4.593597,224.6957,0,0.7100968,0,0.7041041;
custom,cuboid,metal4,20,1,30,1,.5,.5,.5,1.0,1.0,-227.0786,-4.586176,174.479,0,-0.002132901,0,-0.9999977;
custom,cuboid,metal4,20,1,30,1,.5,.5,.5,1.0,1.0,-230.3238,-4.803261,-174.1098,0,-0.002913207,0,-0.9999958;
custom,cuboid,metal4,20,1,30,1,.5,.5,.5,1.0,1.0,-179.4674,-4.734781,-225.7661,0,0.7113109,0,0.7028776;
racing,checkpointcuboid,65,1,65,0,-4.980002,0,0,0,0,1;
custom,cuboid,metal4,1,10,30,1,.5,.5,.5,1.0,1.0,-177.4952,46.62851,-306.3203,0.1182851,0.6993436,0.1175604,0.6950589;
custom,cuboid,metal4,1,10,30,1,.5,.5,.5,1.0,1.0,174.6645,46.30809,-310.4601,-0.1269401,0.6971228,0.1264096,-0.6942094;
custom,cuboid,metal4,1,10,30,1,.5,.5,.5,1.0,1.0,-164.2812,46.47023,304.4731,-0.1569156,0.6858701,-0.1635525,0.6915276;
custom,cuboid,metal4,1,10,30,1,.5,.5,.5,1.0,1.0,177.8998,46.8576,304.0177,0.1672585,0.6809548,-0.1700671,-0.692389;
custom,cuboid,metal4,1,10,65,1,.5,.5,.5,1.0,1.0,299.3472,45.96427,-7.891969,0.001988149,-0.002550755,-0.2537502,-0.9672644;
custom,cuboid,metal4,1,10,65,1,.5,.5,.5,1.0,1.0,-303.5996,44.96143,2.276872,0.1616026,0.9868481,-0.0006348537,-0.003876821;
custom,startcuboid,default,1,.5,65,1,0,1,0,1.0,1.0,-21.26319,43.46852,-306.8772,0.1182851,0.6993436,0.1175604,0.6950589;
custom,startcuboid,default,1,.5,65,1,0,1,0,1.0,1.0,31.13968,43.90809,302.0788,-0.1272927,0.6951815,0.1260548,-0.6961533;
custom,startcuboid,default,1,.5,65,1,0,1,0,1.0,1.0,299.1697,45.32423,-8.107914,0.001988149,-0.002550755,-0.2537502,-0.9672644;
custom,startcuboid,default,1,.5,65,1,0,1,0,1.0,1.0,-303.2897,44.28141,2.313914,0.1616026,0.9868481,-0.0006348537,-0.003876821;
custom,cuboid,metal4,10,1,65,1,.5,.5,.5,1.0,1.0,319.9734,90.93584,-4.840804,0,1,0,-0.000108526;
custom,cuboid,metal4,10,1,65,1,.5,.5,.5,1.0,1.0,-329.1447,90.86993,10.55257,0,0.9999743,0,-0.007166776;
custom,cuboid,metal4,10,1,35,1,.5,.5,.5,1.0,1.0,-204.4091,90.90911,-334.9391,0,0.7090331,0,0.7051752;
custom,cuboid,metal4,10,1,35,1,.5,.5,.5,1.0,1.0,199.5318,90.84701,-337.2991,0,0.704934,0,-0.709273;
custom,cuboid,metal4,10,1,35,1,.5,.5,.5,1.0,1.0,203.3926,90.77438,327.4113,0,0.7069975,0,-0.707216;
custom,cuboid,metal4,10,1,35,1,.5,.5,.5,1.0,1.0,-189.114,90.81301,327.7763,0,0.7067174,0,-0.707496;
custom,killcuboid,default,.5,10,56,1,0,1,0,9999999,1.0,-1.954986,137.4987,275.7797,0,0.7082525,0,0.7059593;
custom,killcuboid,default,.5,10,56,1,0,1,0,9999999,1.0,-7.60346,138.2939,-284.2134,0,0.7096041,0,0.7046006;
custom,killcuboid,default,.5,10,56,1,0,1,0,9999999,1.0,-277.9523,138.2904,-0.763492,0,0.9999807,0,-0.006228987;
custom,killcuboid,default,.5,10,56,1,0,1,0,9999999,1.0,270.2922,137.2187,-6.990246,0,0.001272321,0,0.9999992;
misc,barrier,.5,10,56,-7.60346,138.2939,-284.2134,0,0.7096041,0,0.7046006;
misc,barrier,.5,10,56,-277.9523,138.2904,-0.763492,0,0.9999807,0,-0.006228987;
misc,barrier,.5,10,56,-2.054193,134.1448,275.403,0,0.7060019,0,-0.70821;
misc,barrier,.5,10,56,270.4493,136.7448,-7.527196,0,-0.001561494,0,-0.9999988;
spawnpoint,playerC,-324.3471,104.1629,33.65622,0,0.9999952,0,0.003111075;
spawnpoint,playerC,313.6776,123.0551,45.49776,0,0.9999952,0,0.003115605;
custom,startcuboid,default,1,25,75,1,0,1,0,999999,1.0,-374.0323,61.79275,0.4932679,0,0.9999737,0,-0.00726315;
custom,startcuboid,default,1,25,75,1,0,1,0,999999,1.0,-13.89341,61.48082,-380.8436,0,0.7090898,0,0.7051182;
custom,startcuboid,default,1,25,75,1,0,1,0,999999,1.0,4.485592,62.17484,369.5599,0,0.7101848,0,0.7040154;
custom,startcuboid,default,1,25,75,1,0,1,0,999999,1.0,364.7272,62.16109,-7.871988,0,1,0,0.000179293;
custom,cuboid,metal4,80,3,80,1,.5,.5,.5,1.0,1.0,-4.177455,161.7099,-24.42982,0,1,0,-0.0001630451;
custom,cuboid,metal4,1,10,5,1,.5,.5,.5,1.0,1.0,6.312285,45.71342,368.5969,0,0.7140788,0,0.7000654;
custom,cuboid,metal4,1,5,5,1,.5,.5,.5,1.0,1.0,5.356312,70.53326,332.2895,0,0.7110252,0,-0.7031665;
custom,cuboid,metal4,3,1,5,1,.5,.5,.5,1.0,1.0,4.902822,50.38668,319.5558,0,0.7064189,0,-0.707794;
custom,cuboid,metal4,6,1,5,1,.5,.5,.5,1.0,1.0,3.662896,90.77538,307.5087,0,0.7077413,0,-0.7064717;
custom,cuboid,metal4,1,5,5,1,.5,.5,.5,1.0,1.0,10.12982,66.8489,295.1977,0.1619954,0.6759233,-0.1764605,-0.6969554;
custom,cuboid,metal4,1,10,6,1,.5,.5,.5,1.0,1.0,-5.503497,45.57401,-380.4765,0,0.7064865,0,-0.7077266;
custom,cuboid,metal4,1,5,6,1,.5,.5,.5,1.0,1.0,-2.577741,70.80862,-337.0865,0,0.7138443,0,0.7003044;
custom,cuboid,metal4,5,1,6,1,.5,.5,.5,1.0,1.0,-2.241451,90.71322,-311.1125,0,0.710103,0,0.7040979;
custom,cuboid,metal4,3,1,6,1,.5,.5,.5,1.0,1.0,-2.620709,44.76754,-319.4949,0,0.7138392,0,0.7003096;
custom,cuboid,metal4,1,5,6,1,.5,.5,.5,1.0,1.0,-2.936869,64.55649,-303.6226,0.1240019,0.7028463,0.1259392,0.6890355;
custom,cuboid,metal4,5,10,1,1,.5,.5,.5,1.0,1.0,-25.58813,45.78873,-357.252,0,0.7138227,0,0.7003264;
custom,cuboid,metal4,5,10,1,1,.5,.5,.5,1.0,1.0,19.20359,45.93407,-356.8561,0,0.7059156,0,-0.7082961;
custom,cuboid,metal4,5,5,1,1,.5,.5,.5,1.0,1.0,19.58361,25.29833,-339.7162,0.1298934,0.6940791,0.1302529,0.6960001;
custom,cuboid,metal4,5,5,1,1,.5,.5,.5,1.0,1.0,-25.12269,24.49149,-335.7966,-0.1146617,0.6712144,0.1229859,-0.7219408;
custom,cuboid,metal4,5,10,5,1,.5,.5,.5,1.0,1.0,-32.42343,45.68356,348.9378,0,0.7050164,0,-0.709191;
custom,cuboid,metal4,5,10,5,1,.5,.5,.5,1.0,1.0,46.48425,45.58169,350.9626,0,0.7043395,0,-0.7098634;
custom,cuboid,metal4,5,5,5,1,.5,.5,.5,1.0,1.0,-32.49148,31.79779,335.6012,0.1537962,0.6836638,-0.1594681,-0.6953563;
custom,cuboid,metal4,5,5,5,1,.5,.5,.5,1.0,1.0,46.51988,32.53721,336.5958,-0.1636645,0.6883361,-0.1711906,0.6856391;
custom,cuboid,metal4,10,1,5,1,.5,.5,.5,1.0,1.0,4.499166,-4.831324,372.4507,0,0.6985992,0,-0.7155133;
custom,cuboid,metal4,10,1,6,1,.5,.5,.5,1.0,1.0,-0.4798132,-4.877908,-371.5941,0,0.7057392,0,0.7084718;
custom,killcuboid,default,6,1,6,1,0,1,0,999999999,1.0,6.03753,90.53298,-354.6288,0,0.7121285,0,0.7020492;
custom,killcuboid,default,6,1,6,1,0,1,0,999999999,1.0,13.82099,90.17422,337.3521,0,0.7056642,0,0.7085465;
custom,killcuboid,default,6,1,6,1,0,1,0,999999999,1.0,4.600486,17.46451,323.7534,-0.3565789,0.5864697,0.3778244,-0.6214125;
custom,killcuboid,default,6,1,6,1,0,1,0,999999999,1.0,-0.3481278,12.13534,-325.0655,-0.5824203,0.4115085,0.5802678,-0.3933657;