map,disablebounds;
custom,killTube,bombexplosiontex,1,0.01,1,1,0,1,.75,10,0.7,200.3263,76.67987,-1342.534,-0.9998776,-0.0008008085,0.01561166,-0.0006609419;
base,aot_supply,default,0.01,0.01,0.01,0,1,1,1,1.0,1.0,286.8193,77.92124,-1333.039,0,0.6818338,0,0.7315072;
custom,killcuboid,racingstartmaterial,500,5,500.5,0,0,1,.75,1.0,1.0,-233.3824,48.41343,10.32892,-0.001558879,0.0128351,-0.004145359,0.9999079;
custom,boulder1,default,5,5,10,0,1,1,1,1.0,1.0,77.85772,-3.972705,-49.79594,-0.7001014,0.3464223,-0.2004028,-0.5913445;
custom,boulder1,default,5,5,10,0,1,1,1,1.0,1.0,2.752601,23.97143,-34.12836,-0.1655933,0.7954823,-0.5699286,0.1223447;
custom,boulder1,default,5,5,10,0,1,1,1,1.0,1.0,516.699,-8.498507,571.8591,-0.7036517,0.09273963,0.05847344,0.7020361;
custom,boulder1,default,5,5,10,0,1,1,1,1.0,1.0,-93.52692,32.30598,359.4799,0,0.1670706,0,0.9859449;
custom,boulder1,default,5,5,10,0,1,1,1,1.0,1.0,135.2759,-19.74191,269.4895,0.2523713,0.1009816,-0.02649203,0.9619822;
custom,boulder1,default,5,5,10,0,1,1,1,1.0,1.0,-28.73304,31.08178,-363.0013,0.1680015,0.8633449,0.3915509,0.2703683;
custom,boulder1,default,5,5,10,0,1,1,1,1.0,1.0,-583.0769,59.40213,-552.6634,0.05119221,0.8923777,0.3732368,-0.2484669;
custom,boulder1,default,5,5,10,0,1,1,1,1.0,1.0,-9.07152,76.7427,359.2376,-0.6902915,0.1435842,-0.08498539,0.7040304;
spawnpoint,playerM,200.1742,93.85416,-1342.885,0,0.7024518,0,0.7117314;
spawnpoint,playerC,200.1384,93.84959,-1341.255,0,0.6723546,0,0.7402293;
custom,killcuboid,racingstartmaterial,500,5,500.5,0,0,1,.75,1.0,1.0,-231.9535,51.61335,12.40369,-0.002587837,0.01264139,-0.002739694,0.999913;
custom,boulder1,default,20,20,20,0,1,1,1,1.0,1.0,257.6949,46.79987,-858.9406,0,0.7372407,0,0.6756303;
custom,boulder1,default,20,20,20,0,1,1,1,1.0,1.0,-790.7932,-2.96343,-352.614,0.123541,0.5683822,-0.8075664,0.09754939;
misc,barrier,500,5,500.5,0,49.83988,1,0.002167314,0.004290469,0.004281493,-0.9999793;
custom,cuboid,stone9,500,1,500,1,1,0.875,0.6363636,200,200,-1.924844,4.534782,-46.33309,0,0.01558304,0,-0.9998786;
custom,boulder1,default,8,20,8,0,1,0.875,0.6363636,1,1,53.69432,124.6979,-1123.72,0,0.5700264,0,-0.8216264;
custom,boulder1,default,10,10,10,0,1,0.875,0.6363636,1,1,-765.4541,35.77142,571.8726,0,0.9088559,0,0.4171103;
custom,boulder1,default,10,10,10,0,1,0.875,0.6363636,1,1,-266.4496,47.76952,791.0963,0,0.9999079,0,0.01357688;
custom,boulder1,default,10,10,10,0,1,0.875,0.6363636,1,1,678.9241,45.73898,-118.859,0,0.6871511,0,-0.7265146;
custom,boulder1,default,10,10,10,0,1,0.875,0.6363636,1,1,627.6715,0.8663003,118.6948,-0.8401994,-0.0003189033,-0.4524518,0.2989185;
custom,boulder1,default,10,10,10,0,1,0.875,0.6363636,1,1,-437.1564,20.20139,-841.3209,0,0.2876635,0,0.9577315;
custom,boulder1,default,10,10,10,0,1,0.875,0.6363636,1,1,-529.8932,20.95561,-1979.749,-0.1863412,0.4070044,-0.3722455,0.8130546;
custom,boulder1,default,10,10,10,0,1,0.875,0.6363636,1,1,-51.40458,20.09212,-2194.477,0,0.9660793,0,-0.2582456;
custom,boulder1,default,20,20,20,0,1,1,1,1.0,1.0,257.6949,46.79987,-858.9406,0,0.7372407,0,0.6756303;
custom,boulder1,default,10,10,10,0,1,0.875,0.6363636,1,1,827.2327,83.11826,-868.4252,0,0.588304,0,-0.8086399;
custom,boulder1,default,8,15,8,0,1,0.875,0.6363636,1,1,-664.8378,85.38395,-1743.216,0,0.9954596,0,-0.09518477;
custom,boulder1,default,8,15,8,0,1,0.875,0.6363636,1,1,-463.6397,57.16998,-981.5796,0,0.7112381,0,0.7029511;
custom,boulder1,default,8,20,8,0,1,0.875,0.6363636,1,1,14.87258,107.5231,-1338.49,0,-0.0001093898,0,-1;
custom,boulder1,default,8,20,8,0,1,0.875,0.6363636,1,1,-178.643,94.29829,1006,0,0.03789272,0,-0.9992818;
custom,boulder1,default,20,20,8,0,1,0.875,0.6363636,1,1,636.5825,134.8145,-1249.439,0,0.5580452,0,0.8298106;
custom,boulder1,default,20,20,8,0,1,0.875,0.6363636,1,1,1140.045,31.01755,263.4623,0,0.9221582,0,0.3868131;
custom,boulder1,default,10,10,10,0,0,0.625,1,1.0,1.0,724.649,116.6318,-1539.912,0,0.7929512,0,0.6092853;
custom,boulder1,default,20,20,20,0,1,0.875,0.6363636,1,1,286.1549,132.9899,-1802.382,0.1488102,0.9867026,-0.007247262,0.06496981;
custom,boulder1,default,3,15,3,0,0,0.625,1,1.0,1.0,362.3547,110.584,-1129.713,0,0.179117,0,0.9838278;
custom,boulder1,default,10,5,10,0,0,0.625,1,1.0,1.0,78.61217,66.72802,-1483.261,0.1509636,0.8478216,0.3339661,-0.3832431;
custom,boulder1,default,3,15,3,0,0,0.625,1,1.0,1.0,65.08652,178.2555,-1516.866,0,0.923912,0,-0.3826052;
custom,boulder1,default,3,15,3,0,0,0.625,1,1.0,1.0,591.969,141.6424,-1571.647,0,0.9430274,0,0.3327151;
custom,boulder1,default,10,10,10,0,0,0.625,1,1.0,1.0,588.0939,84.73987,-1713.46,0,0.9885248,0,0.1510587;
custom,boulder1,default,10,10,10,0,0,0.625,1,1.0,1.0,382.9295,-41.23668,-1300.787,0.1763649,0.01641728,-0.2174655,0.9598618;
custom,cuboid,stone1,1.3,0.1,10,0,1,1,1,0.1,1.0,240.7032,75.93004,-1338.266,0,0.6707018,0,0.7417272;
custom,cylinder,stone1,20,0.3,20,0,1,1,1,1,1.01,386.1431,75.3555,-1321.922,0,0.665536,0,0.7463658;
custom,cylinder,stone1,5,0.1,5,0,1,1,1,1,1.01,301.4824,76.69763,-1331.89,0,0.6722812,0,0.7402959;
custom,cylinder,stone1,5,0.1,5,0,1,1,1,1,1.01,299.715,76.41763,-1332.148,0,0.6722812,0,0.7402959;
custom,cylinder,stone1,5,0.1,5,0,1,1,1,1,1.01,297.7114,76.0977,-1332.439,0,0.6722812,0,0.7402959;
custom,cylinder,stone1,5,0.1,5,0,1,1,1,1,1.01,296.0214,75.73763,-1332.684,0,0.6722812,0,0.7402959;
custom,cylinder,stone1,5,0.1,5,0,1,1,1,1,1.01,303.7997,77.01764,-1331.551,0,0.6722812,0,0.7402959;
custom,killTube,bombexplosiontex,1,0.01,1,1,0,1,.75,10,0.7,200.3263,94.47988,-1342.534,-0.3337165,-0.0008818458,-0.942673,0.0005481676;
custom,boulder1,default,1,5,1,0,1,1,1,1,1,250.4151,74.16642,-1256.486,-0.8776755,-0.004595997,-0.4792268,-0.002509286;
custom,boulder1,default,1,5,1,0,1,1,1,1,1,251.4349,17.32391,-1256.315,0,0.9762545,0,0.2166267;
custom,boulder1,default,1,5,1,0,1,1,1,1,1,257.5126,40.29552,-1413.315,0,0.4105361,0,0.9118443;
custom,boulder1,default,1,-5,1,0,1,1,1,1,1,257.4888,81.98332,-1414.115,0,0.4263877,0,0.9045405;
custom,boulder1,default,1,-5,1,0,1,1,1,1,1,155.2396,108.2516,-1254.826,0,0.1086543,0,0.9940796;
custom,boulder1,default,1,5,1,0,1,1,1,1,1,155.5968,38.97629,-1254.736,0,0.1303141,0,0.9914728;
custom,boulder1,default,1,5,1,0,1,1,1,1,1,459.0439,44.47313,-1166.183,0,0.9713972,0,-0.2374607;
custom,boulder1,default,1,5,1,0,1,1,1,1,1,469.9136,30.52322,-1454.605,0,0.3216684,0,-0.9468524;
custom,boulder1,default,1,-5,1,0,1,1,1,1,1,461.4105,81.1397,-1163.488,0,0.3925034,0,0.9197506;
custom,boulder1,default,1,-5,1,0,1,1,1,1,1,469.2965,67.82844,-1454.68,0,0.7462554,0,-0.6656597;
custom,field2,default,.2,.2,.2,0,1,1,1,1.0,1.0,-20.62131,123.0513,-35.80717,0,0.9920126,0,-0.1261394;
custom,field2,default,.2,.2,.2,0,1,1,1,1.0,1.0,-31.86934,123.0204,-32.59307,0,0.9642272,0,-0.2650774;
custom,field2,default,.2,.2,.2,0,1,1,1,1.0,1.0,-27.25042,122.9804,-37.34696,0,0.9642272,0,-0.2650774;
custom,field2,default,.2,.2,.2,0,1,1,1,1.0,1.0,-26.96702,122.6203,-28.12065,0,0.9642272,0,-0.2650774;
custom,field2,default,.2,.2,.2,0,1,1,1,1.0,1.0,-13.64953,122.5003,-32.25624,0,0.9642272,0,-0.2650774;
custom,field2,default,.2,.2,.2,0,1,1,1,1.0,1.0,-19.86722,122.2203,-26.27784,0,0.9642272,0,-0.2650774;
custom,field2,default,.2,.2,.2,0,1,1,1,1.0,1.0,-21.13051,122.6203,-18.22948,0,0.9642272,0,-0.2650774;
custom,field2,default,.2,.2,.2,0,1,1,1,1.0,1.0,-10.60176,122.6604,-25.17581,0,0.9642272,0,-0.2650774;
custom,field2,default,.2,.2,.2,0,1,1,1,1.0,1.0,-14.09762,121.6203,-21.27229,0,0.9642272,0,-0.2650774;
custom,field2,default,.2,.2,.2,0,1,1,1,1.0,1.0,-15.65814,122.3403,-14.05894,0,0.9642272,0,-0.2650774;
custom,field2,default,.2,.2,.2,0,1,1,1,1.0,1.0,-8.141374,122.0203,-17.51792,0,0.9642272,0,-0.2650774;
custom,field2,default,.2,.2,.2,0,1,1,1,1.0,1.0,-9.877137,122.4203,-9.872661,0,0.9642272,0,-0.2650774;
custom,field2,default,.2,.2,.2,0,1,1,1,1.0,1.0,-1.547485,122.7803,-20.98403,0,0.9642272,0,-0.2650774;
custom,field2,default,.2,.2,.2,0,1,1,1,1.0,1.0,-33.51055,122.8317,-38.92036,0,0.3807364,0,-0.9246836;
custom,field2,default,.2,.2,.2,0,1,1,1,1.0,1.0,-39.51109,123.0317,-37.41373,0,0.3807364,0,-0.9246836;
custom,field2,default,.2,.2,.2,0,1,1,1,1.0,1.0,-52.3785,123.5517,-16.51429,0,0.3807364,0,-0.9246836;
custom,field2,default,.2,.2,.2,0,1,1,1,1.0,1.0,-45.82322,123.1855,-11.18507,0,0.9883485,0,0.1522083;
custom,field2,default,.2,.2,.2,0,1,1,1,1.0,1.0,-54.88491,123.5854,-7.722329,0,0.9883485,0,0.1522083;
custom,field2,default,.2,.2,.2,0,1,1,1,1.0,1.0,-45.97666,123.1855,-2.05698,0,0.9883485,0,0.1522083;
custom,field2,default,.2,.2,.2,0,1,1,1,1.0,1.0,-56.72684,124.3854,-0.5543824,0,0.9883485,0,0.1522083;
custom,field2,default,.2,.2,.2,0,1,1,1,1.0,1.0,-59.49443,124.2256,4.894106,0,0.9883485,0,0.1522083;
custom,field2,default,.2,.2,.2,0,1,1,1,1.0,1.0,-61.77632,123.5856,12.12716,0,0.9883485,0,0.1522083;
custom,field2,default,.2,.2,.2,0,1,1,1,1.0,1.0,-63.09513,123.9056,18.52711,0,0.9883485,0,0.1522083;
custom,field2,default,.2,.2,.2,0,1,1,1,1.0,1.0,-49.71072,123.2254,5.125785,0,0.9883485,0,0.1522083;
custom,field2,default,.2,.2,.2,0,1,1,1,1.0,1.0,-53.06156,123.9454,14.42096,0,0.9883485,0,0.1522083;
custom,field2,default,.2,.2,.2,0,1,1,1,1.0,1.0,-55.36805,124.1456,21.89145,0,0.9883485,0,0.1522083;
custom,field2,default,.2,.2,.2,0,1,1,1,1.0,1.0,-42.91273,122.9346,6.617893,0,0.9090939,0,-0.4165912;
custom,field2,default,.2,.2,.2,0,1,1,1,1.0,1.0,-45.07481,123.3346,15.48087,0,0.9100008,0,-0.4146066;
custom,field2,default,.2,.2,.2,0,1,1,1,1.0,1.0,-48.15148,124.4818,31.27377,0,0.6561306,0,-0.7546474;
custom,field2,default,.2,.2,.2,0,1,1,1,1.0,1.0,7.792391,123.2924,-6.230258,0,0.9972574,0,-0.07401194;
custom,field2,default,.2,.2,.2,0,1,1,1,1.0,1.0,13.32015,123.3705,-1.050005,0,0.9996006,0,-0.02826104;
custom,field2,default,.2,.2,.2,0,1,1,1,1.0,1.0,7.970423,125.0906,17.82723,0,0.9996006,0,-0.02826104;
custom,field2,default,.2,.2,.2,0,1,1,1,1.0,1.0,1.730211,125.8905,17.29193,0,0.9996006,0,-0.02826104;
custom,field2,default,.2,.2,.2,0,1,1,1,1.0,1.0,5.53191,125.0905,24.14007,0,0.9996006,0,-0.02826104;
custom,field2,default,.2,.2
,.2,0,1,1,1,1.0,1.0,5.327787,117.8176,-33.85008,0.2018341,0.6736743,-0.01659396,-0.7107394;
custom,field2,default,.2,.2,.2,0,1,1,1,1.0,1.0,13.27149,120.6176,-20.05263,0.204295,0.6567104,-0.005765444,-0.7259213;
custom,field2,default,.2,.2,.2,0,1,1,1,1.0,1.0,25.20672,123.6934,18.64409,0,0.8617083,0,-0.507404;
custom,field2,default,.2,.2,.2,0,1,1,1,1.0,1.0,-32.65116,124.457,36.45034,0,0.9977245,0,-0.06742276;
custom,field2,default,.2,.2,.2,0,1,1,1,1.0,1.0,-20.30542,127.2494,29.00332,0,0.9997082,0,0.02415609;
custom,field2,default,.2,.2,.2,0,1,1,1,1.0,1.0,3.004223,123.472,-13.35037,0,0.09602596,0,-0.9953789;
custom,tree3,default,.1,.1,.1,0,1,1,1,1.0,1.0,5.969898,129.8524,19.91673,0,0.9537768,0,-0.3005159;
custom,tree3,default,.1,.1,.1,0,1,1,1,1.0,1.0,6.078453,126.0524,20.07194,0,0.9941295,0,0.1081973;
custom,tree3,default,.1,.1,.1,0,1,1,1,1.0,1.0,-33.91828,134.1823,36.89532,0,0.9767229,0,0.2145052;
custom,tree3,default,.1,.1,.1,0,1,1,1,1.0,1.0,-48.91106,134.2165,30.90174,0,0.9664366,0,0.2569052;
custom,tree3,default,.1,.1,.1,0,1,1,1,1.0,1.0,-57.83646,133.1413,11.94049,0,0.6945126,0,0.7194806;
custom,tree3,default,.1,.1,.1,0,1,1,1,1.0,1.0,-50.00814,130.7412,0.8099317,0,0.6945126,0,0.7194806;
custom,tree3,default,.1,.1,.1,0,1,1,1,1.0,1.0,-50.39112,133.5353,19.67854,0,0.5808788,0,-0.8139901;
custom,tree3,default,.1,.1,.1,0,1,1,1,1.0,1.0,-47.30132,126.9354,9.098955,0,0.5808788,0,-0.8139901;
custom,tree3,default,.1,.1,.1,0,1,1,1,1.0,1.0,-61.47646,129.1353,24.12464,0,0.5808788,0,-0.8139901;
custom,tree3,default,.1,.1,.1,0,1,1,1,1.0,1.0,-53.04415,128.6435,-6.904873,0,0.9999971,0,0.002399875;
custom,tree3,default,.1,.1,.1,0,1,1,1,1.0,1.0,-52.12351,131.9292,-14.46352,0,0.9972666,0,-0.07388759;
custom,tree3,default,.1,.1,.1,0,1,1,1,1.0,1.0,-10.96895,126.5047,-17.89761,0,0.9975796,0,-0.06953398;
custom,tree3,default,.1,.1,.1,0,1,1,1,1.0,1.0,-20.5409,131.6447,-17.87472,0,0.956239,0,0.2925868;
custom,tree3,default,.1,.1,.1,0,1,1,1,1.0,1.0,-16.83982,129.6447,-27.28815,0,0.956239,0,0.2925868;
custom,tree3,default,.1,.1,.1,0,1,1,1,1.0,1.0,-23.72727,128.439,-31.74123,0,0.956239,0,0.2925868;
custom,tree3,default,.1,.1,.1,0,1,1,1,1.0,1.0,-35.57417,132.2769,-34.16967,0,0.639266,0,0.7689858;
custom,tree3,default,.1,.1,.1,0,1,1,1,1.0,1.0,-24.18586,127.4769,-36.52908,0,0.639266,0,0.7689858;
custom,tree3,default,.1,.1,.1,0,1,1,1,1.0,1.0,-24.35657,123.6769,-36.5607,0,0.639266,0,0.7689858;
custom,tree3,default,.1,.1,.1,0,1,1,1,1.0,1.0,-20.28085,126.2724,-17.7194,0,0.8704693,0,-0.4922228;
custom,tree3,default,.1,.1,.1,0,1,1,1,1.0,1.0,5.825151,131.4543,-12.36051,0,0.751995,0,-0.6591688;
custom,tree3,default,.1,.1,.1,0,1,1,1,1.0,1.0,12.56843,132.9583,0.06851754,0,0.9896175,0,0.1437267;
custom,tree3,default,.1,.1,.1,0,1,1,1,1.0,1.0,9.169201,126.1022,-30.10075,0,0.8921036,0,-0.451831;
custom,tree3,default,.1,.1,.1,0,1,1,1,1.0,1.0,29.80866,131.0444,-406.9526,0,0.09392336,0,-0.9955794;
custom,tree3,default,.1,.1,.1,0,1,1,1,1.0,1.0,18.3181,136.0446,-403.406,0,0.1004379,0,-0.9949433;
custom,tree3,default,.1,.1,.1,0,1,1,1,1.0,1.0,24.67177,132.6444,-413.5412,0,0.1004381,0,-0.9949433;
custom,tree3,default,.1,.1,.1,0,1,1,1,1.0,1.0,39.28203,126.3216,-405.2103,0,0.5773554,0,-0.8164929;
custom,tree3,default,.1,.1,.1,0,1,1,1,1.0,1.0,39.16574,122.1217,-404.957,0,0.5773554,0,-0.8164929;
custom,tree3,default,.1,.1,.1,0,1,1,1,1.0,1.0,38.98278,118.1217,-404.8923,0,0.5773554,0,-0.8164929;
custom,tree3,default,.1,.1,.1,0,1,1,1,1.0,1.0,26.72861,121.7463,-390.6135,0,0.997066,0,0.0765463;
custom,tree3,default,.1,.1,.1,0,1,1,1,1.0,1.0,19.5186,125.7963,-392.8878,0,0.847494,0,-0.530805;
custom,tree3,default,.1,.1,.1,0,1,1,1,1.0,1.0,13.56377,132.9964,-394.9757,0,0.9999376,0,0.01117249;
custom,tree3,default,.1,.1,.1,0,1,1,1,1.0,1.0,-121.4627,88.98262,287.7193,0,0.2443106,0,-0.9696971;
custom,tree3,default,.1,.1,.1,0,1,1,1,1.0,1.0,-119.1777,84.84692,281.3335,0,0.222546,0,0.9749222;
custom,tree3,default,.1,.1,.1,0,1,1,1,1.0,1.0,-129.662,80.4469,283.5325,0,0.222546,0,0.9749222;
custom,tree3,default,.1,.1,.1,0,1,1,1,1.0,1.0,-124.3219,81.5334,274.5563,0,0.006256281,0,0.9999804;
custom,tree3,default,.1,.1,.1,0,1,1,1,1.0,1.0,-124.3732,78.59299,274.6366,0,0.9866917,0,-0.1626023;
custom,tree3,default,.1,.1,.1,0,1,1,1,1.0,1.0,-105.4355,97.08765,329.2567,0,0.9647085,0,0.2633202;
custom,tree3,default,.1,.1,.1,0,1,1,1,1.0,1.0,-98.15356,97.08765,329.9019,0,0.9647085,0,0.2633202;
custom,tree3,default,.1,.1,.1,0,1,1,1,1.0,1.0,-99.38313,94.48768,320.964,0,0.9647085,0,0.2633202;
custom,tree2,default,.1,.1,.1,0,1,1,1,1.0,1.0,-111.6324,93.48766,316.93,0,0.9647085,0,0.2633202;
custom,tree2,default,.1,.1,.1,0,1,1,1,1.0,1.0,-101.3543,83.67628,297.7296,0,0.4869857,0,-0.87341;
custom,tree2,default,.1,.1,.1,0,1,1,1,1.0,1.0,-96.77771,87.87627,310.4178,0,0.4869857,0,-0.87341;
custom,tree2,default,.1,.1,.1,0,1,1,1,1.0,1.0,-116.8869,79.42307,274.2097,0,0.4464783,0,-0.8947945;
custom,tree2,default,.1,.1,.1,0,1,1,1,1.0,1.0,-110.9755,81.22305,284.0279,0,0.4464783,0,-0.8947945;
custom,tree2,default,.1,.1,.1,0,1,1,1,1.0,1.0,-44.65528,131.2061,25.6638,0,0.6546558,0,-0.7559271;
custom,tree2,default,.1,.1,.1,0,1,1,1,1.0,1.0,-52.35177,130.1459,12.79152,0,0.8376582,0,-0.5461947;
custom,tree2,default,.1,.1,.1,0,1,1,1,1.0,1.0,-58.0506,129.1281,3.402429,0,0.2563892,0,0.9665737;
custom,tree2,default,.1,.1,.1,0,1,1,1,1.0,1.0,-43.85619,129.6906,-2.261648,0,0.6324472,0,0.7746034;
custom,tree2,default,.1,.1,.1,0,1,1,1,1.0,1.0,-47.5282,129.9266,-10.59038,0,0.5406939,0,0.8412194;
custom,tree2,default,.1,.1,.1,0,1,1,1,1.0,1.0,-42.79642,130.6108,15.24329,0,0.7944763,0,0.6072952;
custom,tree2,default,.1,.1,.1,0,1,1,1,1.0,1.0,-0.3522063,131.858,17.17901,0,0.9890657,0,-0.1474755;
custom,tree2,default,.1,.1,.1,0,1,1,1,1.0,1.0,-14.60628,129.2776,-12.02037,0,0.9912025,0,-0.1323544;
custom,tree2,default,.1,.1,.1,0,1,1,1,1.0,1.0,-22.45336,127.2525,-23.18481,0,0.9798569,0,0.199701;
custom,tree2,default,.1,.1,.1,0,1,1,1,1.0,1.0,-30.7741,130.063,-34.40995,0,0.9675125,0,0.2528234;
custom,tree2,default,.1,.1,.1,0,1,1,1,1.0,1.0,-8.866735,129.0655,-28.2686,0,0.2039848,0,-0.978974;
custom,tree2,default,.1,.1,.1,0,1,1,1,1.0,1.0,-17.92405,129.023,-37.33448,0,0.01273744,0,0.9999189;
custom,tree2,default,.1,.1,.1,0,1,1,1,1.0,1.0,9.12266,130.2287,6.365527,0,0.7868891,0,-0.6170945;
custom,tree2,default,.1,.1,.1,0,1,1,1,1.0,1.0,15.0649,131.6287,16.26756,0,0.7868891,0,-0.6170945;
custom,tree3,default,.1,.1,.1,0,1,1,1,1.0,1.0,19.94478,130.0638,10.584,0,0.7801115,0,-0.6256406;
custom,tree2,default,.1,.1,.1,0,1,1,1,1.0,1.0,6.348099,129.8636,-4.938887,0,0.7801115,0,-0.6256406;
custom,tree3,default,.1,.1,.1,0,1,1,1,1.0,1.0,18.16368,125.2636,-9.276667,0,0.7801115,0,-0.6256406;
custom,tree3,default,.1,.1,.1,0,1,1,1,1.0,1.0,18.16369,121.6637,-9.276667,0,0.7801115,0,-0.6256406;
custom,field2,default,.2,.2,.2,0,1,1,1,1.0,1.0,14.45318,124.1255,18.23355,0,0.9974363,0,-0.07156073;
custom,field2,default,.2,.2,.2,0,1,1,1,1.0,1.0,12.56885,124.3256,26.18407,0,0.9974363,0,-0.07156073;
custom,field2,default,.2,.2,.2,0,1,1,1,1.0,1.0,6.265148,124.8885,11.93976,0,0.8292471,0,-0.5588823;
custom,field2,default,.2,.2,.2,0,1,1,1,1.0,1.0,8.169978,123.8885,4.425355,0,0.8292471,0,-0.5588823;
custom,field2,default,.2,.2,.2,0,1,1,1,1.0,1.0,13.72359,124.0886,9.910596,0,0.8292471,0,-0.5588823;
custom,field2,default,.2,.2,.2,0,1,1,1,1.0,1.0,14.71759,123.331,6.060575,0,0.6346852,0,-0.7727708;
custom,field2,default,.2,.2,.2,0,1,1,1,1.0,1.0,20.27104,124.0107,11.57567,0,0.7922555,0,-0.6101895;
custom,field2,default,.2,.2,.2,0,1,1,1,1.0,1.0,20.52243,123.9782,3.813931,0,0.8243432,0,-0.5660903;
custom,field2,default,.2,.2,.2,0,1,1,1,1.0,1.0,-43.10199,124.8333,25.02159,0,0.999981,0,-0.006157045;
custom,field2,default,.2,.2,.2,0,1,1,1,1.0,1.0,-50.72202,124.0333,23.4377,0,0.999981,0,-0.006157045;
custom,field2,default,.2,.2,.2,0,1,1,1,1.0,1.0,-2.858721,122.5418,-11.95968,0,0.9827823,0,0.1847673;
custom,field2,default,.2,.2,.2,0,1,1,1,1.0,1.0,2.071131,123.2762,-5.33266,0,0.9827823,0,0.1847673;
custom,field2,default,.2,.2,.2,0,1,1,1,1.0,1.0,-4.589843,121.8763,-7.518459,0,0.9827823,0,0.1847673;
custom,field2,default,.2,.2,.2,0,1,1,1,1.0,1.0,3.425339,122.6478,1.011083,0,0.8986207,0,0.4387264;
custom,field2,default,.2,.2,.2,0,1,1,1,1.0,1.0,2.875979,122.7956,7.0704,0,0.6491469,0,0.7606631;
custom,field2,default,.2,.2,.2,0,1,1,1,1.0,1.0,1.836424,124.7955,11.15781,0,0.6491469,0,0.7606631;
custom,field2,default,.2,.2,.2,0,1,1,1,1.0,1.0,-38.24102,124.6559,28.7577,0,0.7419511,0,-0.670454;
custom,field2,default,.2,.2,.2,0,1,1,1,1.0,1.0,-43.3199,125.0559,35.00359,0,0.743412,0,-0.6688339;
custom,field2,default,.2,.2,.2,0,1,1,1,1.0,1.0,-41.26166,123.4222,16.07117,0,0.6464297,0,-0.7629737;
custom,field2,default,.2,.2,.2,0,1,1,1,1.0,1.0,-39.38352,123.8222,21.63827,0,0.6464297,0,-0.7629737;
custom,tree3,default,.7,.7,.7,0,1,1,1,1.0,1.0,697.6045,211.3936,-135.364,0,0.1818128,0,0.9833332;
custom,tree3,default,.7,.7,.7,0,1,1,1,1.0,1.0,687.5515,144.7381,-169.387,0,0.5284389,0,-0.8489713;
custom,tree3,default,.7,.7,.7,0,1,1,1,1.0,1.0,713.7405,174.3307,-85.74719,0,0.8501159,0,0.5265957;
custom,tree3,default,.7,.7,.7,0,1,1,1,1.0,1.0,602.3629,134.5979,-75.85764,0,0.858058,0,0.5135528;
custom,tree3,default,.7,.7,.7,0,1,1,1,1.0,1.0,1082.7,298.3299,192.4486,0,0.5551938,0,0.831721;
custom,tree3,default,.7,.7,.7,0,1,1,1,1.0,1.0,533.6426,157.7273,584.0883,0,0.3538632,0,0.9352972;
custom,tree3,default,.7,.7,.7,0,1,1,1,1.0,1.0,533.2455,137.3271,583.6385,0,0.3538632,0,0.9352972;
custom,tree2,default,.7,.7,.7,0,1,1,1,1.0,1.0,-405.6376,172.548,-829.2314,0,0.8831668,0,-0.4690591;
custom,tree2,default,.7,.7,.7,0,1,1,1,1.0,1.0,-413.9861,151.8375,-782.954,0,0.9637554,0,-0.2667876;
custom,tree2,default,.7,.7,.7,0,1,1,1,1.0,1.0,-491.0171,162.8169,-839.5249,0,0.77685,0,0.6296858;
custom,tree2,default,.7,.7,.7,0,1,1,1,1.0,1.0,31.58428,250.9984,371.1448,0,0.9997973,0,0.02013233;
custom,tree2,default,.7,.7,.7,0,1,1,1,1.0,1.0,32.46329,190.1092,-1467.956,0.03486609,0.3074764,-0.01127465,0.9508499;
custom,tree2,default,.7,.7,.7,0,1,1,
1,1.0,1.0,156.8556,202.5835,-1036.814,0.03287204,-0.1303393,-0.004323799,-0.9909149;
custom,capsule,stone1,2,2,2,0,1,1,1,0.2,0.2,280.3972,144.5041,-1233.596,-0.3742132,0.2552025,-0.158507,-0.8773322;
custom,capsule,stone1,2,2,2,0,1,1,1,0.2,0.2,304.109,128.2397,-1243.275,0.6214083,0.445145,0.5824543,-0.2764865;
custom,capsule,stone1,2,2,2,0,1,1,1,0.2,0.2,317.6392,156.6491,-1208.997,0.6161462,0.4011262,0.3862382,-0.5570294;
custom,sphere,stone1,1.6,1,1.6,0,1,1,1,0.2,0.2,320.8084,119.9371,-1241.304,0,0.4507338,0,-0.8926585;
custom,sphere,stone1,1.6,1,1.6,0,1,1,1,0.2,0.2,321.7288,154.0498,-1242.06,0,0.4448769,0,-0.8955917;
custom,killCylinder,racingstartmaterial,0.4,2,0.4,1,1,1,1,1,1,321.0853,138.9368,-1241.864,0,0.4527917,0,-0.8916164;
custom,sphere,stone1,3,3,3,0,1,1,1,0.2,0.2,291.1097,167.6197,-1218.41,0,0.4835606,0,-0.8753109;
custom,killSphere,racingstartmaterial,1,1,1,1,1,1,1,1,1,319.3903,120.3713,-1244.777,0,0.5206569,0,-0.853766;
custom,killSphere,racingstartmaterial,1,1,1,1,1,1,1,1,1,319.7436,120.3776,-1238.561,0,0.7933771,0,-0.6087304;
custom,killCylinder,racingstartmaterial,0.2,3,0.2,1,1,1,1,1,1,320.4336,95.49677,-1238.381,0,0.4527917,0,-0.8916164;
custom,killCylinder,racingstartmaterial,0.2,3,0.2,1,1,1,1,1,1,320.4155,93.97648,-1242.633,0,0.4527917,0,-0.8916164;
racing,startSphere,0.05,0.05,0.05,318.9759,61.16732,-1242.473,0,0.2925408,0,-0.9562531;
racing,startSphere,0.05,0.05,0.05,322.0761,61.84735,-1238.087,0,0.3091864,0,-0.9510015;
racing,startSphere,0.05,0.05,0.05,320.5269,59.32734,-1242.51,0,0.3091864,0,-0.9510015;
racing,startSphere,0.05,0.05,0.05,317.5531,60.48738,-1240.679,0,0.3091864,0,-0.9510015;
racing,startSphere,0.05,0.05,0.05,319.8491,63.08739,-1242.082,0,0.3091864,0,-0.9510015;
racing,startSphere,0.05,0.05,0.05,321.3361,64.28732,-1238.895,0,0.3091864,0,-0.9510015;
racing,startSphere,0.02,0.02,0.02,320.994,60.11023,-1242.947,0,0.9254172,0,0.3789499;
racing,startSphere,0.02,0.02,0.02,318.0867,61.1358,-1235.864,0,0.9671092,0,-0.2543616;
racing,startSphere,0.02,0.02,0.02,318.4889,63.13579,-1236.541,0,0.9671092,0,-0.2543616;
racing,startSphere,0.02,0.02,0.02,318.492,59.61573,-1239.071,0,0.9671092,0,-0.2543616;
racing,startSphere,0.02,0.02,0.02,317.5806,60.07034,-1235.223,0,0.9327019,0,0.3606482;
racing,startSphere,0.02,0.02,0.02,316.9258,63.15054,-1236.324,0,0.2548739,0,-0.9669743;
racing,startSphere,0.02,0.02,0.02,317.5598,56.40743,-1242.587,0,0.02370965,0,0.9997189;
racing,startSphere,0.02,0.02,0.02,318.4645,61.20754,-1236.541,0,0.02370965,0,0.9997189;
racing,startSphere,0.02,0.02,0.02,321.0053,60.62942,-1242.043,0,0.9134113,0,0.4070378;
racing,startSphere,0.02,0.02,0.02,319.7502,62.17001,-1242.407,0,0.9125211,0,0.4090296;
racing,startSphere,0.02,0.02,0.02,321.3064,61.52999,-1242.815,0,0.9125211,0,0.4090296;
racing,startSphere,0.02,0.02,0.02,319.696,57.52989,-1242.564,0,0.9125211,0,0.4090296;
racing,startSphere,0.02,0.02,0.02,320.5962,58.08992,-1242.44,0,0.9125211,0,0.4090296;
custom,capsule,stone1,2,2,2,0,1,1,1,0.1,0.1,327.8992,153.0763,-1220.607,-0.6509739,0.03040313,0.1636611,-0.7406239;
custom,capsule,stone1,2,2,2,0,1,1,1,0.1,0.1,316.0392,78.09896,-1213.932,0,0.2799142,0,-0.9600251;
custom,capsule,stone1,2,2,2,0,1,1,1,0.1,0.1,275.3286,92.82769,-1214.966,0,0.1260783,0,0.9920203;
custom,capsule,stone1,2,2,2,0,1,1,1,0.1,0.1,272.7039,74.89117,-1208.925,-0.3455709,0.3032789,-0.6832458,0.5672547;
custom,boulder1,default,5,5,5,0,1,1,1,1.0,1.0,260.7462,20.4881,-1179.54,-0.3484206,0.6462349,-0.5289371,-0.4256867;
custom,field2,racingstartmaterial,.3,.3,.3,0,1,1,1,1.0,1.0,320.1954,67.896,-1240.596,0,0.2583972,0,0.9660388;
custom,field2,racingstartmaterial,.3,.3,.3,0,1,1,1,1.0,1.0,320.1954,68.17612,-1240.596,0.2267819,0.01156751,-0.9726124,-0.04961082;
custom,field2,default,.1,.1,.1,0,1,1,1,0.1,0.1,262.3368,74.09557,-1188.289,0,0.6505988,0,0.7594216;
custom,field2,default,.1,.1,.1,0,1,1,1,0.1,0.1,259.8821,70.06567,-1209.76,-0.1280444,0.9169909,-0.1472714,0.347913;
custom,field2,default,.2,.2,.2,0,1,1,1,0.1,0.1,272.1261,74.61951,-1179.321,-0.03946441,0.952126,-0.09493581,0.2878991;
custom,field2,default,.2,.2,.2,0,1,1,1,0.1,0.1,250.8696,72.67489,-1204.543,-0.05287433,0.4185434,-0.1136342,0.8995072;
custom,field2,default,.2,.2,.2,0,1,1,1,0.1,0.1,242.678,74.70118,-1203.331,-0.02061421,0.1867212,-0.1077807,0.9762652;
custom,field2,default,.2,.2,.2,0,1,1,1,0.1,0.1,254.6875,70.86117,-1210.237,-0.080847,0.1670507,-0.08368063,0.9790584;
custom,field2,default,.2,.2,.2,0,1,1,1,0.1,0.1,246.8154,75.20132,-1197.096,-0.2293335,0.507449,-0.06219661,0.8282713;
custom,field2,default,.2,.2,.2,0,1,1,1,0.1,0.1,247.6763,72.2521,-1209.659,0.1736775,0.368741,0.07034113,-0.9104495;
custom,field2,default,.2,.2,.2,0,1,1,1,0.1,0.1,237.096,76.78078,-1197.553,0.08658712,0.113613,0.009939851,-0.9896949;
custom,field2,default,.2,.2,.2,0,1,1,1,0.1,0.1,242.0633,76.90085,-1192.247,0.1124646,0.1133139,0.01291049,-0.9870892;
custom,field2,default,.2,.2,.2,0,1,1,1,0.1,0.1,240.0289,78.53743,-1181.028,-0.02035153,0.8758965,-0.2258228,0.4259052;
custom,field2,default,.2,.2,.2,0,1,1,1,0.1,0.1,251.8176,75.23782,-1191.926,-0.01724921,0.9189011,-0.09915187,0.3814344;
custom,field2,default,.2,.2,.2,0,1,1,1,0.1,0.1,246.3527,76.63792,-1186.41,-0.01205214,0.9118689,-0.1284964,0.3896648;
custom,field2,default,.2,.2,.2,0,1,1,1,0.1,0.1,272.3032,73.30588,-1190.423,0.1013755,0.9508299,-0.1018956,-0.2743408;
custom,field2,default,.2,.2,.2,0,1,1,1,0.1,0.1,257.3393,75.71091,-1185.983,0.1077934,0.8907564,-0.05304195,-0.4383151;
custom,field2,default,.2,.2,.2,0,1,1,1,0.1,0.1,252.5283,77.35246,-1179.333,0.1723688,0.878571,-0.08575381,-0.4370908;
custom,field2,default,.2,.2,.2,0,1,1,1,0.1,0.1,259.957,77.53704,-1178.068,0.09824736,0.8899131,-0.04887825,-0.4427336;
custom,field2,default,.2,.2,.2,0,1,1,1,0.1,0.1,295.1064,77.1275,-1160.679,0.01028526,0.9893039,-0.1162165,0.08755422;
custom,field2,default,.2,.2,.2,0,1,1,1,0.1,0.1,287.2501,78.87602,-1155.361,0.0115067,0.9875848,-0.130018,0.08740208;
custom,field2,default,.2,.2,.2,0,1,1,1,0.1,0.1,296.2798,72.71615,-1185.928,0.006609845,0.9933028,-0.07468692,0.08790813;
custom,field2,default,.1,.1,.1,0,1,1,1,0.1,0.1,250.4496,122.9099,-1258.812,0,0.8845093,0,0.4665225;
custom,field2,default,.1,.1,.1,0,1,1,1,0.1,0.1,247.5884,122.91,-1260.245,0,0.8845093,0,0.4665225;
custom,field2,default,.1,.1,.1,0,1,1,1,0.1,0.1,247.3745,123.5099,-1255.738,0,0.8845093,0,0.4665225;
custom,field2,default,.1,.1,.1,0,1,1,1,0.1,0.1,244.7497,123.03,-1258.351,-0.09052472,0.8797856,-0.03006662,0.4657023;
custom,field2,default,.1,.1,.1,0,1,1,1,0.1,0.1,242.5772,122.63,-1255.361,-0.07619524,0.8726323,0.1444634,0.460258;
custom,field2,default,.1,.1,.1,0,1,1,1,0.1,0.1,244.9684,123.1499,-1252.539,-0.07056659,0.8743321,0.1337917,0.4611547;
custom,field2,default,.1,.1,.1,0,1,1,1,0.1,0.1,253.2897,120.7101,-1254.598,0.1292119,0.8750206,0.06815103,0.4615178;
custom,field2,default,.1,.1,.1,0,1,1,1,0.1,0.1,254.5642,122.1156,-1260.103,0,0.5618631,0,-0.8272303;
custom,field2,default,.1,.1,.1,0,1,1,1,0.1,0.1,251.1983,121.5556,-1263.114,0.2729189,0.5652044,-0.168723,-0.7599946;
custom,field2,default,.1,.1,.1,0,1,1,1,0.1,0.1,154.0805,157.4815,-1258.745,0,0.821043,0,0.5708665;
custom,field2,default,.1,.1,.1,0,1,1,1,0.1,0.1,154.6433,157.4371,-1255.375,0,0.8109547,0,0.5851089;
custom,field2,default,.1,.1,.1,0,1,1,1,0.1,0.1,153.6029,156.5172,-1263.291,0,0.8109547,0,0.5851089;
custom,field2,default,.1,.1,.1,0,1,1,1,0.1,0.1,150.0852,156.992,-1260.588,-0.06219515,0.7902642,-0.0478288,0.6077225;
custom,field2,default,.1,.1,.1,0,1,1,1,0.1,0.1,150.2654,157.4319,-1257.161,-0.05419012,0.7895697,0.07046722,0.6071883;
custom,field2,default,.1,.1,.1,0,1,1,1,0.1,0.1,152.1829,155.1121,-1248.11,0.07211245,0.7820525,0.2123025,0.5814822;
custom,field2,default,.1,.1,.1,0,1,1,1,0.1,0.1,158.0388,154.8419,-1249.047,0.2295773,0.5107195,0.3812455,-0.735603;
custom,tree3,default,.1,.1,0.1,0,1,1,1,1.0,1.0,154.7263,162.1603,-1249.621,0,0.09586743,0,-0.9953941;
custom,tree3,default,.1,.1,0.1,0,1,1,1,1.0,1.0,154.58,158.7773,-1249.584,0,0.9925501,0,-0.1218372;
custom,tree3,default,.05,.05,.05,0,1,1,1,1.0,1.0,157.82,159.0751,-1251.327,0,0.5076136,0,-0.8615849;
custom,tree3,default,.05,.05,.05,0,1,1,1,1.0,1.0,150.975,156.9003,-1252.049,0,0.6819195,0,0.7314273;
custom,tree3,default,.05,.05,.05,0,1,1,1,1.0,1.0,150.9365,158.679,-1252.043,0,0.0262873,0,-0.9996545;
custom,tree3,default,.1,.1,.1,0,1,1,1,1.0,1.0,260.1135,86.27557,-1170.78,0,0.9213017,0,0.3888486;
custom,tree3,default,.1,.1,.1,0,1,1,1,1.0,1.0,242.1542,85.16861,-1185.964,0,0.8011708,0,0.5984359;
custom,tree3,default,.1,.1,.1,0,1,1,1,1.0,1.0,249.5287,80.30054,-1193.021,0,-0.6351755,0,0.772368;
custom,tree3,default,.1,.1,.1,0,1,1,1,1.0,1.0,249.7462,77.06059,-1192.661,0,0.0238565,0,0.9997154;
custom,tree3,default,.1,.1,.1,0,1,1,1,1.0,1.0,295.5665,79.08858,-1186.087,0,0.9880495,0,-0.1541369;
custom,tree3,default,.1,.1,.1,0,1,1,1,1.0,1.0,295.8234,77.32504,-1186.21,0,0.8338051,0,0.5520589;
custom,tree3,default,.1,.1,.1,0,1,1,1,1.0,1.0,250.1817,129.4536,-1261.974,0,0.6692545,0,-0.7430333;
custom,tree3,default,.07,.07,.07,0,1,1,1,1.0,1.0,249.1381,126.8662,-1249.927,0,0.9886517,0,0.1502262;
custom,tree3,default,.1,.1,.1,0,1,1,1,1.0,1.0,257.4518,118.9224,-1250.662,0,0.8736449,0,-0.4865642;
custom,tree3,default,.1,.1,.1,0,1,1,1,1.0,1.0,455.2225,134.6351,-1158.753,0,0.9328673,0,-0.3602203;
custom,tree3,default,.1,.1,.1,0,1,1,1,1.0,1.0,465.8254,133.874,-1161.949,0,0.9328674,0,-0.36022;
custom,tree3,default,.1,.1,.1,0,1,1,1,1.0,1.0,464.9455,130.7029,-1156.487,0,0.9490759,0,-0.3150477;
custom,tree3,default,.1,.1,.1,0,1,1,1,1.0,1.0,464.6798,127.703,-1156.509,0,0.9490759,0,-0.3150477;
custom,tree3,default,.1,.1,.1,0,1,1,1,1.0,1.0,252.5043,89.15535,-1169.592,0,0.9855154,0,0.1695858;
custom,tree3,default,.15,.15,.15,0,1,1,1,1.0,1.0,256.8033,89.30798,-1163.437,0,0.9858831,0,0.1674355;
custom,tree3,default,.15,.15,.15,0,1,1,1,1.0,1.0,272.3056,88.46891,-1180.702,0,0.9928398,0,-0.119454;
custom,tree3,default,.07,.07,.07,0,1,1,1,1.0,1.0,299.8531,78.05447,-
1180.1,0,0.9999982,0,-0.001924676;
custom,tree3,default,.07,.07,.07,0,1,1,1,1.0,1.0,293.2182,83.20308,-1159.628,0,0.6396672,0,-0.768652;
custom,tree3,default,.07,.07,.07,0,1,1,1,1.0,1.0,258.4701,137.1607,-1412.651,0,0.3944414,0,0.9189211;
custom,tree3,default,.07,.07,.07,0,1,1,1,1.0,1.0,260.3311,132.5606,-1419.712,0,0.3944414,0,0.9189211;
custom,tree3,default,.07,.07,.07,0,1,1,1,1.0,1.0,260.4351,129.591,-1419.546,0,0.4425867,0,-0.8967257;
custom,tree3,default,.07,.07,.07,0,1,1,1,1.0,1.0,451.1845,90.44472,-1172.618,0,0.04398039,0,-0.9990324;
custom,tree3,default,.07,.07,.07,0,1,1,1,1.0,1.0,451.14,87.48074,-1172.719,0,0.5259054,0,0.8505431;
custom,tree3,default,.07,.07,.07,0,1,1,1,1.0,1.0,478.7984,121.5232,-1450.038,0,0.4110566,0,-0.9116099;
custom,tree3,default,.07,.07,.07,0,1,1,1,1.0,1.0,477.2867,118.5632,-1456.767,-0.02812427,0.7387422,0.04683425,-0.6717705;
custom,tree3,default,.1,.1,.1,0,1,1,1,1.0,1.0,471.3355,126.0389,-1456.145,0,0.7027417,0,-0.7114451;
custom,field2,default,.1,.1,.1,0,1,1,1,1.0,1.0,471.5652,117.0004,-1455.155,0,0.4984502,0,-0.8669183;
custom,field2,default,.1,.1,.1,0,1,1,1,1.0,1.0,472.0717,115.9011,-1450.803,-0.07355587,0.9264433,0.2604115,0.2616833;
custom,field2,default,.1,.1,.1,0,1,1,1,1.0,1.0,468.828,116.5616,-1457.459,-0.1106094,0.9559692,-0.03124275,0.2700232;
custom,field2,default,.1,.1,.1,0,1,1,1,1.0,1.0,469.0225,116.6674,-1454.336,-0.0303,0.9563494,0.1072718,0.2701306;
custom,field2,default,.1,.1,.1,0,1,1,1,1.0,1.0,474.5183,116.8685,-1453.643,-0.005930909,0.09171448,0.0642592,-0.9936922;
custom,field2,default,.1,.1,.1,0,1,1,1,1.0,1.0,477.9819,116.1085,-1453.673,0.009203485,0.08960688,0.1005743,-0.9908435;
custom,field2,default,.1,.1,.1,0,1,1,1,1.0,1.0,476.6746,116.0728,-1449.748,-0.08503187,0.8409555,0.3176897,-0.4296938;
custom,field2,default,.1,.1,.1,0,1,1,1,1.0,1.0,465.8731,109.2094,-1446.805,-0.1690277,0.7756391,0.5770155,0.1920074;
base,aot_supply,default,0.01,0.01,0.01,0,1,1,1,1.0,1.0,287.1609,77.4812,-1332.974,0,0.6818338,0,0.7315072;
base,aot_supply,default,0.01,0.01,0.01,0,1,1,1,1.0,1.0,427.4197,77.62424,-1412.155,0,0.242187,0,-0.9702296;
base,aot_supply,default,0.01,0.01,0.01,0,1,1,1,1.0,1.0,427.2964,77.70425,-1412.18,0,0.242187,0,-0.9702296;
custom,boulder1,default,4,4,4,0,1,1,1,1.0,1.0,552.1968,47.56966,-1308.049,0.2275051,0.6164539,-0.596157,0.4613272;
base,aot_supply,default,0.01,0.01,0.01,0,1,1,1,1.0,1.0,404.8997,77.38845,-1225.578,0,0.4556744,0,0.8901466;
base,aot_supply,default,0.01,0.01,0.01,0,1,1,1,1.0,1.0,404.9794,77.42846,-1225.512,0,0.4556744,0,0.8901466;
base,aot_supply,default,0.01,0.01,0.01,0,1,1,1,1.0,1.0,287.1609,77.4812,-1332.974,0,0.6818338,0,0.7315072;
base,aot_supply,default,0.01,0.01,0.01,0,1,1,1,1.0,1.0,427.4197,77.62424,-1412.155,0,0.242187,0,-0.9702296;
base,aot_supply,default,0.01,0.01,0.01,0,1,1,1,1.0,1.0,427.3705,77.62424,-1412.15,0,0.242187,0,-0.9702296;
custom,capsule,stone1,4,4,2,0,1,1,1,0.2,0.2,285.8239,136.0685,-1208.32,0.05959638,0.382769,0.02475257,-0.9215874;
base,aot_supply,default,0.01,0.01,0.01,0,1,1,1,1.0,1.0,404.8997,77.38845,-1225.578,0,0.4556744,0,0.8901466;
base,aot_supply,default,0.01,0.01,0.01,0,1,1,1,1.0,1.0,404.9437,77.50846,-1225.494,0,0.4556744,0,0.8901466;
custom,field2,default,.1,.1,.1,0,1,1,1,1.0,1.0,451.8001,86.71294,-1172.156,-0.359654,0.1736665,0.3136947,0.8614433;
custom,field2,default,.1,.1,.1,0,1,1,1,1.0,1.0,455.2581,129.8551,-1167.811,0.03637437,0.2524207,-0.1379127,-0.957048;
custom,field2,default,.1,.1,.1,0,1,1,1,1.0,1.0,458.0588,130.6549,-1164.315,0,0.2550282,0,-0.9669337;
custom,field2,default,.1,.1,.1,0,1,1,1,1.0,1.0,458.8744,130.3749,-1167.78,0,0.2550282,0,-0.9669337;
custom,field2,default,.1,.1,.1,0,1,1,1,1.0,1.0,454.5959,129.4231,-1163.667,0.05294478,0.5194282,0.08648431,0.8484761;
custom,field2,default,.1,.1,.1,0,1,1,1,1.0,1.0,460.8886,128.5663,-1170.862,0.3354673,0.398273,0.1592979,-0.8387279;
custom,field2,default,.1,.1,.1,0,1,1,1,1.0,1.0,467.0202,127.0479,-1162.326,0.1240692,0.7708738,0.1582377,-0.6044182;
custom,field2,default,.1,.1,.1,0,1,1,1,1.0,1.0,462.8183,129.7529,-1159.237,0,0.8831627,0,-0.4690667;
custom,field2,default,.1,.1,.1,0,1,1,1,1.0,1.0,462.3479,127.9502,-1155.566,-0.114869,0.911408,0.3316507,-0.2148219;
custom,field2,default,.1,.1,.1,0,1,1,1,1.0,1.0,451.4148,126.2442,-1161.616,-0.2608281,0.7391122,0.4336345,0.4445705;
custom,field2,default,.1,.1,.1,0,1,1,1,1.0,1.0,159.9223,154.7546,-1256.027,0.2590365,0.5697143,0.3492818,-0.6973722;
custom,field2,default,.1,.1,.1,0,1,1,1,1.0,1.0,160.5926,154.3147,-1262.928,0.308457,0.5347202,0.2182153,-0.755851;
custom,field2,default,.1,.1,.1,0,1,1,1,1.0,1.0,246.847,118.3873,-1264.523,-0.5876306,0.1641763,0.123267,0.7826504;
custom,field2,default,.1,.1,.1,0,1,1,1,1.0,1.0,299.2534,73.65501,-1180.47,0,0.8238441,0,0.5668165;
custom,field2,default,.1,.1,.1,0,1,1,1,1.0,1.0,294.9189,73.85697,-1180.005,-0.110792,0.8088009,-0.07838279,0.5722084;
custom,field2,default,.1,.1,.1,0,1,1,1,1.0,1.0,288.1732,77.74393,-1163.775,0.002301891,0.9469696,-0.0761007,0.3121731;
custom,tree3,default,.3,.3,.3,0,1,1,1,1.0,1.0,89.79076,132.6231,-1452.12,0,0.7920431,0,-0.6104653;
custom,tree3,default,.3,.3,.3,0,1,1,1,1.0,1.0,139.7277,114.1748,-1504.19,0,0.7646629,0,-0.6444305;
custom,tree3,default,.3,.3,.3,0,1,1,1,1.0,1.0,121.897,132.949,-1484.079,0,0.1175802,0,-0.9930634;
custom,tree3,default,.3,.3,.3,0,1,1,1,1.0,1.0,95.1291,274.2334,-1683.761,0,0.3887737,0,-0.9213333;
custom,tree3,default,.3,.3,.3,0,1,1,1,1.0,1.0,517.1284,174.533,-1643.948,0.01364508,0.8908596,0.08881057,0.4453041;
custom,tree3,default,.3,.3,.3,0,1,1,1,1.0,1.0,541.2386,179.4967,-1628.229,-0.03253309,0.9180953,0.07709461,0.3874263;
custom,tree3,default,.3,.3,.3,0,1,1,1,1.0,1.0,636.5826,228.744,-1505.645,-0.1216968,0.9540097,0.0471909,-0.2698675;
custom,tree3,default,.3,.3,.3,0,1,1,1,1.0,1.0,620.5745,218.2445,-1523.45,-0.07820865,0.912211,0.1129729,0.3859944;
custom,tree3,default,.3,.3,.3,0,1,1,1,1.0,1.0,483.6458,128.7934,-1035.444,0,0.3521517,0,0.9359429;
custom,tree3,default,.3,.3,.3,0,1,1,1,1.0,1.0,140.5305,163.2106,-1051.907,0,0.2547183,0,-0.9670153;
custom,tree3,default,.3,.3,.3,0,1,1,1,1.0,1.0,252.8809,199.6719,-1020.019,0,0.2250717,0,-0.9743422;
custom,tree3,default,.3,.3,.3,0,1,1,1,1.0,1.0,253.1963,186.9225,-1020.821,0,0.9995296,0,0.03066865;
custom,leaf0,bombexplosiontex,.2,0.40,.20,1,0,1,1,1,1,519.4408,93.64008,-1304.701,0.4675192,0.1027927,-0.8228112,0.3063353;
custom,leaf0,bombexplosiontex,.2,0.40,.20,1,0,1,1,1,1,519.4408,93.64008,-1304.701,0.1273093,0.6418663,-0.5249688,0.5442498;
custom,leaf0,bombexplosiontex,.10,0.40,.10,1,0,1,1,1,1,519.4408,93.64008,-1304.701,0.1024895,0.6650198,-0.4953117,0.5494643;
custom,leaf0,bombexplosiontex,.1,0.40,.10,1,0,1,1,1,1,519.4408,93.60008,-1304.701,0.5209934,-0.07052565,-0.8262026,0.2024384;
custom,leaf0,bombexplosiontex,.10,0.40,.10,1,0,1,1,1,1,519.4408,93.64008,-1304.701,-0.4843391,0.4670877,-0.7345057,-0.0880122;
custom,cuboid,crystal2,.05,.05,.05,1,0,1,.75,.1,.1,519.4408,93.64008,-1304.701,0.1024895,0.6650198,-0.4953117,0.5494643;
custom,pillar2,default,0.2,0.2,0.2,0,1,1,1,1.0,1.0,192.8432,82.18965,-1347.917,0,0.696094,0,0.7179507;
custom,pillar2,default,0.2,0.2,0.2,0,1,1,1,1.0,1.0,192.0207,81.38728,-1338.149,0,0.9732369,0,0.2298044;
custom,pillar2,default,0.2,0.2,0.2,0,1,1,1,1.0,1.0,269.9504,81.91066,-1330.456,0,0.7476428,0,-0.6641011;
custom,pillar2,default,0.2,0.2,0.2,0,1,1,1,1.0,1.0,270.8367,82.12917,-1340.415,0,0.128481,0,-0.991712;
custom,pillar2,default,0.2,0.2,0.2,0,1,1,1,1.0,1.0,407.1758,83.68738,-1225.417,0,0.9816963,0,-0.190453;
custom,pillar2,default,0.2,0.2,0.2,0,1,1,1,1.0,1.0,289.2608,84.13893,-1332.919,0,0.6557817,0,0.7549505;
custom,pillar2,default,0.2,0.2,0.2,0,1,1,1,1.0,1.0,424.7567,83.32864,-1412.096,0,0.1503577,0,-0.9886317;
custom,pillar2,default,.1,.1,.1,0,1,1,1,1.0,1.0,515.666,93.48358,-1309.897,0,0.7032074,0,0.7109848;
custom,killSphere,bombexplosiontex,1,1,1,1,0,1,1,10000,10000,299.6883,167.4901,-1226.771,0,0.3075658,0,-0.9515268;
custom,killSphere,bombexplosiontex,1,1,1,1,0,1,1,10000,10000,299.6883,167.4901,-1226.771,0,0.3075658,0,-0.9515268;
custom,killSphere,bombexplosiontex,1,1,1,1,0,1,1,10000,10000,299.6883,167.4901,-1226.771,0,0.3075658,0,-0.9515268;
custom,killSphere,bombexplosiontex,1,1,1,1,0,1,1,10000,10000,299.6883,167.4901,-1226.771,0,0.3075658,0,-0.9515268;
custom,killSphere,bombexplosiontex,1,1,1,1,0,1,1,10000,10000,299.6883,167.4901,-1226.771,0,0.3075658,0,-0.9515268;
custom,leaf0,bombexplosiontex,.2,0.40,.20,1,0,1,1,1,1,306.39,166.85,-1227.108,0.1473293,0.2491956,0.2587935,-0.9215322;
custom,leaf0,bombexplosiontex,.2,0.40,.20,1,0,1,1,1,1,300.5689,164.8906,-1231.744,-0.05577817,0.2257103,-0.373376,-0.8980724;
custom,leaf0,bombexplosiontex,.2,0.40,.20,1,0,1,1,1,1,303.0951,171.8498,-1231.684,-0.3870076,0.4229725,0.4762977,-0.6666783;
custom,capsule,stone1,2,2,2,0,1,1,1,0.1,0.1,303.8512,95.07635,-1208.345,-0.4822692,0.3875697,-0.3441222,-0.706248;
custom,pillar2,default,.1,.1,.1,0,1,1,1,1.0,1.0,525.6684,93.9187,-1305.653,0,0.08602468,0,0.996293;
custom,pillar2,default,.1,.1,.1,0,1,1,1,1.0,1.0,516.9824,93.86177,-1299.484,0,0.5046767,0,0.8633084;
custom,boulder1,default,0.4,0.6,0.1,0,1,1,1,1.0,1.0,192.5023,81.78452,-1342.944,-2.233472E-11,0.7460979,-3.308339E-10,-0.6658363;
custom,tree2,default,0.1,0.1,0.1,0,1,1,1,1.0,1.0,542.1117,98.28779,-1298.269,0,0.4940473,0,0.8694351;
custom,tree2,default,0.1,0.1,0.1,0,1,1,1,1.0,1.0,538.6328,97.55655,-1322.041,0,0.8251811,0,0.5648683;
custom,tree2,default,0.1,0.1,0.1,0,1,1,1,1.0,1.0,548.404,97.71641,-1313.984,0,0.7251562,0,0.6885844;
custom,tree2,default,0.1,0.1,0.1,0,1,1,1,1.0,1.0,523.4812,97.21811,-1319.47,0,0.08249069,0,0.9965919;
custom,tree3,default,-0.1,0.1,0.1,0,1,1,1,1.0,1.0,557.2388,98.91924,-1331.237,0,0.2606003,0,0.9654468;
custom,tree2,default,0.1,0.1,0.1,0,1,1,1,1.0,1.0,532.8766,98.95245,-1281.339,0,0.3519491,0,0.9360191;
custom,tree2,default,0.1,0.1,0.1,0,1,1,1,1.0,1.0,535.3493,99.63245,-1289.988,0,0.9349903,0,0.3546733;
custom,tree2,default,-0.1,0.1,0.1,0,1,1,1,1.0,1.0,5
30.1012,98.83791,-1296.143,0,0.8892695,0,0.4573837;
custom,tree3,default,-0.1,0.1,0.1,0,1,1,1,1.0,1.0,529.6569,99.91035,-1273.174,0,0.7006728,0,0.7134827;
custom,tree3,default,-0.1,0.1,0.1,0,1,1,1,1.0,1.0,538.051,90.75376,-1307.279,0,0.6050282,0,0.7962041;
custom,tree3,default,0.1,0.1,0.1,0,1,1,1,1.0,1.0,538.362,95.51381,-1307.192,0,0.6050282,0,0.7962041;
custom,tree3,default,0.1,0.1,0.1,0,1,1,1,1.0,1.0,531.0424,89.22784,-1321.266,0,0.04982261,0,0.9987581;
custom,tree3,default,-0.1,0.1,0.1,0,1,1,1,1.0,1.0,530.8699,91.58771,-1320.98,0,0.04982262,0,0.9987581;
custom,tree3,default,-0.1,0.1,0.1,0,1,1,1,1.0,1.0,287.6825,254.1917,-977.293,0,0.4984092,0,-0.866942;
custom,tree3,default,-0.1,0.1,0.1,0,1,1,1,1.0,1.0,263.2364,257.96,-987.7066,0,0.4189761,0,-0.9079973;
custom,tree3,default,0.2,0.2,0.2,0,1,1,1,1.0,1.0,254.0081,271.7601,-979.048,0,0.4189761,0,-0.9079973;
custom,tree3,default,0.2,0.2,0.2,0,1,1,1,1.0,1.0,286.3933,261.6983,-969.3387,0,0.2380286,0,-0.9712582;
custom,tree3,default,0.2,0.2,0.2,0,1,1,1,1.0,1.0,270.2059,190.2896,-1018.334,0,0.7662859,0,-0.6424997;
custom,tree3,default,0.2,0.2,0.2,0,1,1,1,1.0,1.0,282.8287,174.2254,-1025.376,0,0.3437113,0,0.9390754;
custom,tree3,default,0.2,0.2,0.2,0,1,1,1,1.0,1.0,282.9671,254.9773,-987.5287,0,0.4407148,0,-0.8976472;
custom,tree3,default,0.2,0.2,0.2,0,1,1,1,1.0,1.0,241.7997,182.3523,-1025.131,0,0.002623706,0,-0.9999966;
custom,tree3,default,0.2,0.2,0.2,0,1,1,1,1.0,1.0,261.825,169.1522,-1029.896,0,0.002623945,0,-0.9999965;
custom,tree3,default,0.2,0.2,0.2,0,1,1,1,1.0,1.0,640.6403,214.8836,-1492.506,0,0.890798,0,0.4543996;
custom,tree3,default,0.2,0.2,0.2,0,1,1,1,1.0,1.0,629.3379,196.0952,-1508.198,0,0.9088622,0,0.4170966;
custom,tree3,default,0.2,0.2,0.2,0,1,1,1,1.0,1.0,654.6808,203.3696,-1484.759,-0.06536236,0.6898972,0.06278557,0.7182114;
custom,tree3,default,0.2,0.2,0.2,0,1,1,1,1.0,1.0,653.5383,211.8497,-1484.569,-0.06235999,0.9974579,0.01421133,-0.03141594;
custom,tree3,default,0.2,0.2,0.2,0,1,1,1,1.0,1.0,528.8881,167.4122,-1634.067,0,0.961127,0,0.2761069;
custom,tree3,default,0.2,0.2,0.2,0,1,1,1,1.0,1.0,516.7136,157.0249,-1630.032,0,0.9961517,0,0.08764638;
custom,tree3,default,0.2,0.2,0.2,0,1,1,1,1.0,1.0,127.3417,116.7224,-1466.282,0,0.9074389,0,-0.4201842;
custom,tree3,default,0.2,0.2,0.2,0,1,1,1,1.0,1.0,75.69639,123.4686,-1434.064,0,0.8882477,0,-0.4593649;
custom,tree3,default,0.2,0.2,0.2,0,1,1,1,1.0,1.0,107.5973,98.81309,-1427.668,0,0.9998755,0,0.01577951;
custom,tree3,default,0.2,0.2,0.2,0,1,1,1,1.0,1.0,143.9751,100.9292,-1468.105,0,0.4339849,0,0.9009202;
custom,tree3,default,0.2,0.2,0.2,0,1,1,1,1.0,1.0,93.20414,110.5126,-1431.914,0,0.9249084,0,-0.38019;
custom,field2,default,.1,.1,.1,0,1,1,1,1.0,1.0,524.8009,90.58301,-1317.923,0,0.6523598,0,0.7579094;
custom,field2,default,.1,.1,.1,0,1,1,1,1.0,1.0,521.6776,90.29638,-1318.122,0,0.7471572,0,0.6646474;
custom,field2,default,.1,.1,.1,0,1,1,1,1.0,1.0,521.9553,90.07558,-1322.292,0,0.4102367,0,0.9119791;
custom,field2,default,.1,.1,.1,0,1,1,1,1.0,1.0,518.8067,89.83873,-1320.759,0,0.2918661,0,0.9564592;
custom,field2,default,.1,.1,.1,0,1,1,1,1.0,1.0,516.0843,89.71873,-1322.512,0,0.2918661,0,0.9564592;
custom,field2,default,.1,.1,.1,0,1,1,1,1.0,1.0,525.9675,90.19261,-1321.379,0,0.04415093,0,-0.9990249;
custom,field2,default,.1,.1,.1,0,1,1,1,1.0,1.0,529.2225,90.41335,-1322.161,0,0.1191749,0,0.9928733;
custom,field2,default,.1,.1,.1,0,1,1,1,1.0,1.0,528.9516,90.45584,-1318.534,0,0.1191749,0,0.9928733;
custom,field2,default,.1,.1,.1,0,1,1,1,1.0,1.0,532.6099,90.50926,-1320.123,0,0.9998179,0,-0.0190837;
custom,field2,default,.1,.1,.1,0,1,1,1,1.0,1.0,536.3869,90.75512,-1324.657,0,0.9895721,0,0.1440386;
custom,field2,default,.1,.1,.1,0,1,1,1,1.0,1.0,536.8943,90.79525,-1321.451,0,0.989572,0,0.1440387;
custom,field2,default,.1,.1,.1,0,1,1,1,1.0,1.0,535.2592,90.47523,-1319.042,0,0.989572,0,0.1440387;
custom,field2,default,.1,.1,.1,0,1,1,1,1.0,1.0,540.0121,90.79525,-1320.561,-0.08258289,0.9860669,-0.00147393,0.1443956;
custom,field2,default,.1,.1,.1,0,1,1,1,1.0,1.0,557.3194,91.54284,-1331.283,0,0.8690045,0,0.4948041;
custom,field2,default,.1,.1,.1,0,1,1,1,1.0,1.0,556.7705,91.30286,-1330.257,0,0.9549845,0,0.2966556;
custom,field2,default,.1,.1,.1,0,1,1,1,1.0,1.0,538.2993,90.92166,-1307.446,0,0.5201603,0,0.8540688;
custom,field2,default,.1,.1,.1,0,1,1,1,1.0,1.0,540.8217,90.76166,-1309.97,0,0.5201603,0,0.8540688;
custom,field2,default,.1,.1,.1,0,1,1,1,1.0,1.0,541.1623,90.53902,-1313.419,0,0.7324597,0,0.6808105;
custom,field2,default,.1,.1,.1,0,1,1,1,1.0,1.0,547.8528,91.02649,-1315.796,0,0.7471373,0,0.6646698;
custom,field2,default,.1,.1,.1,0,1,1,1,1.0,1.0,545.0463,90.43002,-1313.024,0,0.7369,0,0.6760018;
custom,field2,default,.1,.1,.1,0,1,1,1,1.0,1.0,548.5552,90.59296,-1312.343,0,0.738373,0,0.6743925;
custom,field2,default,.1,.1,.1,0,1,1,1,1.0,1.0,546.3272,90.68989,-1319.066,0,0.8857412,0,0.4641795;
custom,field2,default,.1,.1,.1,0,1,1,1,1.0,1.0,544.3259,91.0048,-1320.984,0,0.8857412,0,0.4641795;
custom,field2,default,.1,.1,.1,0,1,1,1,1.0,1.0,529.9959,92.0297,-1296.859,-0.09202494,0.9059685,-0.04175869,0.4111066;
custom,field2,default,.1,.1,.1,0,1,1,1,1.0,1.0,532.442,91.62966,-1299.428,-0.04765872,0.9093824,-0.02162637,0.4126556;
custom,field2,default,.1,.1,.1,0,1,1,1,1.0,1.0,542.2435,92.30347,-1298.101,-0.05439316,0.661597,-0.06128052,0.7453694;
custom,field2,default,.1,.1,.1,0,1,1,1,1.0,1.0,535.1382,92.72329,-1290.423,-0.00452327,0.08006828,0.0003633408,0.996779;
custom,field2,default,.1,.1,.1,0,1,1,1,1.0,1.0,537.7551,92.5233,-1291.529,-0.05251539,0.07995795,0.004218406,0.995405;
custom,field2,default,.1,.1,.1,0,1,1,1,1.0,1.0,530.1506,92.44769,-1294.308,-0.04025787,0.853666,-0.02446062,0.5186862;
custom,field2,default,.1,.1,.1,0,1,1,1,1.0,1.0,532.1545,92.52766,-1291.335,0,0.8546148,0,0.5192626;
custom,field2,default,.1,.1,.1,0,1,1,1,1.0,1.0,531.9706,92.42072,-1281.312,-0.04917971,0.6688514,0.04442506,0.7404361;
custom,field2,default,.1,.1,.1,0,1,1,1,1.0,1.0,529.3663,91.86068,-1273.412,-0.01763943,0.6700952,-0.02733436,0.7415619;
custom,field2,default,.1,.1,.1,0,1,1,1,1.0,1.0,532.7488,92.14063,-1274.998,0,0.6703252,0,0.7420675;
custom,field2,default,.1,.1,.1,0,1,1,1,1.0,1.0,531.1456,91.85413,-1278.221,0,0.6703252,0,0.7420675;
custom,field2,default,.05,.05,.05,0,1,1,1,1.0,1.0,525.6794,91.0634,-1305.244,0,0.9819322,0,0.1892333;
custom,field2,default,.05,.05,.05,0,1,1,1,1.0,1.0,515.9247,90.81345,-1309.714,0,0.855742,0,0.5174028;
custom,field2,default,.05,.05,.05,0,1,1,1,1.0,1.0,516.9744,91.25428,-1299.254,0,0.66055,0,0.7507821;
custom,field2,default,.05,.05,.05,0,1,1,1,1.0,1.0,536.415,90.77971,-1311.467,0,0.4592971,0,0.8882827;
custom,field2,default,.05,.05,.05,0,1,1,1,1.0,1.0,532.1998,90.6078,-1313.999,0,0.7740251,0,0.6331549;
custom,field2,default,.05,.05,.05,0,1,1,1,1.0,1.0,552.899,91.49709,-1328.407,0,0.4573571,0,0.8892831;
custom,field2,default,.05,.05,.05,0,1,1,1,1.0,1.0,551.5054,91.15954,-1322.603,0,0.2645749,0,0.9643652;
custom,field2,default,.05,.05,.05,0,1,1,1,1.0,1.0,526.1401,91.6163,-1277.974,0,0.3639287,0,0.9314268;
custom,field2,default,.05,.05,.05,0,1,1,1,1.0,1.0,531.3155,92.92802,-1286.897,0,0.7004943,0,0.713658;
custom,field2,default,.05,.05,.05,0,1,1,1,1.0,1.0,527.2381,92.61021,-1290.511,0,0.7500143,0,0.6614216;
custom,field2,default,.05,.05,.05,0,1,1,1,1.0,1.0,532.8256,90.75408,-1310.43,0,0.6808338,0,-0.732438;
custom,field2,default,.05,.05,.05,0,1,1,1,1.0,1.0,552.8344,91.2559,-1324.108,0,0.3250028,0,0.945713;
custom,field2,default,.05,.05,.05,0,1,1,1,1.0,1.0,553.3681,91.37189,-1326.264,0,0.3250028,0,0.945713;
custom,field2,default,.05,.05,.05,0,1,1,1,1.0,1.0,531.5485,90.70468,-1310.693,0,0.9580259,0,0.2866817;
misc,barrier,1,100,500,-1217.96,285.8584,-633.7935,0,0.9397297,0,-0.3419183;
misc,barrier,1,100,500,770.6008,111.0913,-2014.28,0,0.8350439,0,0.5501833;
misc,barrier,1,100,500,419.8796,219.3775,807.6957,0,0.1986915,0,-0.9800621;
misc,barrier,1,100,500,618.2844,265.6008,-2858.402,0,0.9880625,0,-0.1540537;
misc,barrier,.07,.07,.07,519.4036,94.02682,-1304.648,-0.3973011,0.2857103,0.1777021,-0.8537819;
custom,boulder1,default,.07,.3,.07,0,1,1,1,1.0,1.0,524.2927,94.82632,-1287.539,0,0.5108374,0,0.8596774;
custom,boulder1,default,.07,.3,.07,0,1,1,1,1.0,1.0,538.6027,92.77324,-1316.677,0,0.7174526,0,0.6966074;
custom,boulder1,default,.07,.3,.07,0,1,1,1,1.0,1.0,540.3932,95.50254,-1289.505,0,0.9802514,0,0.1977553;
custom,boulder1,default,.07,.3,.07,0,1,1,1,1.0,1.0,542.0439,94.04177,-1303.727,0,0.9999999,0,0.000538067;
custom,boulder1,default,.07,.3,.07,0,1,1,1,1.0,1.0,527.3864,92.59447,-1322.134,0,0.1039917,0,0.9945782;
custom,cone,wood3,0.02,0.03,0.01,1,1,1,1,1,1,360.5161,111.0069,-1434.064,-0.5105281,0.2604219,0.8122706,-0.108434;
custom,cone,crystal2,0.04,0.003,0.005,1,0,1,1,1,1,359.8885,109.2468,-1441.376,-0.0009647486,0.7515472,-0.09895352,0.6522148;
custom,cone,crystal2,0.02,0.02,0.03,1,0,1,1,1,1,360.3334,112.2869,-1437.612,-0.0007835231,0.9925256,-0.1218671,-0.006381284;
custom,cone,wood3,0.005,0.002,0.009,1,0.2159091,1,1,1,1,360.4065,111.0869,-1433.367,0.007251441,0.7454318,0.6664932,-0.008110304;
custom,cone,wood3,0.005,0.002,0.009,1,1,1,1,1,1,360.3329,111.2469,-1433.389,-0.3915605,0.7479167,0.534831,0.03545206;
custom,cone,wood3,0.005,0.002,0.009,1,1,1,1,1,1,360.5064,111.2469,-1433.392,0.4428819,0.7489713,0.4927596,-0.009250498;
custom,cone,wood3,0.009,0.003,0.009,1,1,1,1,1,1,360.4195,111.3269,-1433.41,-0.00236071,0.933685,0.3580348,0.006156271;
custom,cone,crystal2,0.04,0.003,0.005,1,0,1,1,1,1,360.0762,111.7669,-1434.297,-0.09833311,0.6769448,0.4475842,0.5759729;
custom,cone,crystal2,0.04,0.003,0.005,1,0,1,1,1,1,359.9613,111.9269,-1436.143,-0.2006593,0.641449,0.5141447,0.5328549;
custom,cone,crystal2,0.04,0.003,0.005,1,0,1,1,1,1,360.3927,109.1668,-1440.731,0.2291416,0.7495237,-0.07080523,-0.6170049;
custom,cone,crystal2,0.04,0.003,0.005,1,0,1,1,1,1,360.718,111.6469,-1434.096,0.2328447,0.5455153,0.5734395,-0.5651225;
custom,cone,crystal2,0.04,0.003,0.005,1,0,1,1,1,1,360.9196,111.8869,-1436.079,0.2012146,0.6
015385,0.5373817,-0.5557743;
custom,cone,crystal2,0.03,0.01,0.007,1,0,1,1,1,1,360.2803,111.5269,-1434.123,-0.262146,0.5839337,0.3631735,0.6770568;
custom,cone,crystal2,0.03,0.01,0.005,1,0,1,1,1,1,360.4583,111.487,-1433.801,0.3259807,0.467035,0.4299323,-0.7005522;
custom,cone,crystal2,0.03,0.005,0.007,1,0,1,1,1,1,360.3069,111.9269,-1434.308,-0.07376924,0.6057326,0.4074847,0.6794133;
custom,cone,crystal2,0.03,0.005,0.007,1,0,1,1,1,1,360.0548,111.8069,-1435.702,-0.04399908,0.6150039,0.4512642,0.6451317;
custom,cone,crystal2,0.05,0.005,0.007,1,0,1,1,1,1,360.1805,112.1669,-1435.543,0.01270264,0.6773316,0.2401949,0.695246;
custom,cone,crystal2,0.07,0.005,0.01,1,0,1,1,1,1,359.6602,108.447,-1441.359,-0.4126982,0.7369502,0.1276969,0.5198829;
custom,sphere,crystal2,0.1,0.05,0.05,1,1,1,1,1,1,362.9523,112.4069,-1436.995,-0.0274096,-0.0878555,0.1440019,0.9852886;
custom,cone,crystal2,0.03,0.003,0.005,1,1,1,1,1,1,360.7744,111.7269,-1435.318,0.1319948,0.5528971,0.5551258,-0.6072212;
custom,cone,crystal2,0.03,0.003,0.005,1,1,1,1,1,1,360.5275,111.8069,-1434.058,0.2578741,0.5495514,0.5286517,-0.5933141;
custom,cone,crystal2,0.06,0.005,0.007,1,0,1,1,1,1,360.6128,112.0469,-1435.336,0.09046634,0.6571781,0.2682648,-0.6985463;
custom,cone,crystal2,0.07,0.005,0.007,1,0,1,1,1,1,360.4693,108.5269,-1441.242,0.3658938,0.7116811,0.04454699,-0.5980362;
custom,cone,crystal2,0.01,0.03,0.03,1,0,1,1,1,1,360.3931,112.2868,-1436.735,-0.03200027,0.9866075,-0.1599409,-0.0008055553;
custom,cone,wood3,0.02,0.03,0.01,1,1,1,1,1,1,360.2684,111.0468,-1434.044,0.5167679,0.2248267,0.8238771,0.06025325;
custom,sphere,crystal2,0.11,0.07,0.2,1,0,1,1,1,1,360.462,111.5269,-1434.838,0.01814641,0.9926344,0.1184797,0.0176163;
custom,cone,crystal2,0.04,0.03,0.02,1,0,1,1,1,1,-8.498478,74.97534,-11.21668,-0.001985121,0.4477583,0.8941519,0.0009940743;
custom,cone,crystal2,0.04,0.03,0.02,1,0,1,1,1,1,-8.500867,74.7354,-10.67858,-0.001838385,0.5606378,0.8280582,0.00124468;
custom,cone,crystal2,0.04,0.03,0.02,1,0,1,1,1,1,-8.503097,74.41539,-10.1763,-0.001634216,0.6768743,0.7360953,0.001502738;
custom,sphere,crystal2,0.2,0.1,0.1,1,0,1,1,1,1,360.5012,111.567,-1436.016,0.1434564,0.7380192,0.1258107,0.64724;
custom,sphere,crystal2,0.25,0.15,0.15,1,0,1,1,1,1,360.4656,111.4468,-1437.088,-0.0301724,0.7512267,-0.02646106,0.6588231;
custom,sphere,crystal2,0.25,0.15,0.15,1,0,1,1,1,1,360.3272,110.7269,-1438.537,-0.2135303,0.720866,-0.1872687,0.6322085;
custom,sphere,crystal2,0.2,0.1,0.1,1,0,1,1,1,1,360.151,109.4869,-1439.766,-0.3342885,0.6734197,-0.2931753,0.5905975;
custom,cone,crystal2,0.3,.05,.01,1,0,1,1,1.0,1.0,369.3636,114.5038,-1436.278,-0.5750076,-0.04566381,-0.1138293,-0.808903;
custom,cone,crystal2,0.3,.05,.01,1,0,1,1,1.0,1.0,348.3175,114.3914,-1435.953,0.5290868,-0.1136533,0.08863324,0.8362382;
custom,cone,crystal2,0.3,.05,.01,1,0,1,1,1.0,1.0,368.2757,113.2238,-1441.025,-0.4980552,-0.3041248,0.1549913,-0.7971367;
custom,cone,crystal2,0.3,.05,.01,1,0,1,1,1.0,1.0,356.0352,111.5514,-1439.548,0.4788518,-0.273461,0.2307824,0.8016605;
custom,cone,crystal2,0.3,.05,.01,1,0,1,1,1.0,1.0,366.9311,112.8237,-1441.603,-0.5194364,-0.3153605,0.1982931,-0.7690341;
custom,cone,crystal2,0.3,.05,.01,1,0,1,1,1.0,1.0,355.4958,112.7514,-1437.879,0.5414123,-0.1554997,0.006244154,0.8262286;
custom,cone,crystal2,0.3,.05,.01,1,0,1,1,1.0,1.0,369.8799,113.4639,-1441.826,-0.4850695,-0.3876967,0.4289692,-0.6560369;
custom,cone,crystal2,0.3,.05,.01,1,0,1,1,1.0,1.0,349.316,113.5914,-1437.697,0.4935085,-0.2220348,0.2619552,0.7990804;
custom,cone,crystal2,0.3,.05,.01,1,0,1,1,1.0,1.0,374.4217,114.9038,-1435.085,-0.5100701,0.01952265,0.01503319,-0.8597799;
custom,cone,crystal2,0.3,.05,.01,1,0,1,1,1.0,1.0,350.9851,113.6314,-1438.431,0.4257354,-0.2717198,0.177381,0.844662;
custom,cone,crystal2,0.3,.05,.01,1,0,1,1,1.0,1.0,367.9085,113.3838,-1439.611,-0.5679865,-0.1960517,0.08143353,-0.7951878;
custom,cone,crystal2,0.3,.05,.01,1,0,1,1,1.0,1.0,354.6446,112.0714,-1438.969,0.5219973,-0.2118394,0.1527879,0.8119722;
custom,cone,crystal2,0.3,.05,.01,1,0,1,1,1.0,1.0,365.5562,111.7436,-1442.195,-0.3794193,-0.391612,0.253638,-0.7989674;
custom,cone,crystal2,0.3,.05,.01,1,0,1,1,1.0,1.0,358.4273,111.0315,-1441.665,0.4367254,-0.4499128,0.4845198,0.6099918;
custom,cone,crystal2,0.3,.05,.01,1,0,1,1,1.0,1.0,362.6835,111.0238,-1442.406,-0.3896093,-0.4546001,0.4144788,-0.6853836;
custom,cone,crystal2,0.3,.05,.01,1,0,1,1,1.0,1.0,348.104,115.3114,-1433.658,0.5405746,0.02508158,-0.1276307,0.8311802;
custom,cone,crystal2,0.3,.05,.01,1,0,1,1,1.0,1.0,367.6493,113.3038,-1437.754,-0.5668625,-0.1067058,-0.02694249,-0.8164281;
custom,cone,crystal2,0.3,.05,.01,1,0,1,1,1.0,1.0,348.3175,114.3914,-1435.953,0.5290868,-0.1136533,0.08863324,0.8362382;
custom,cone,crystal2,0.3,.05,.01,1,0,1,1,1.0,1.0,374.503,114.9038,-1436.076,-0.5191491,-0.05728259,0.05747486,-0.8508229;
custom,cone,crystal2,0.3,.05,.01,1,0,1,1,1.0,1.0,356.9665,110.9114,-1440.589,0.4277584,-0.347998,0.3586155,0.7532032;
custom,cone,crystal2,0.3,.05,.01,1,0,1,1,1.0,1.0,372.8321,114.8637,-1440.065,-0.5194364,-0.3153605,0.1982931,-0.7690341;
custom,cone,crystal2,0.3,.05,.01,1,0,1,1,1.0,1.0,353.5886,113.7514,-1436.82,0.5572227,-0.0768403,-0.07750509,0.8231594;
custom,cone,crystal2,0.3,.05,.01,1,0,1,1,1.0,1.0,363.7046,111.0638,-1442.402,-0.4850695,-0.3876967,0.4289691,-0.6560369;
custom,cone,crystal2,0.3,.05,.01,1,0,1,1,1.0,1.0,352.1985,113.2714,-1439.255,0.5080105,-0.3051775,0.2129829,0.7768078;
custom,cone,crystal2,0.3,.05,.01,1,0,1,1,1.0,1.0,374.4217,114.9038,-1435.085,-0.5100701,0.01952265,0.01503319,-0.8597799;
custom,cone,crystal2,0.3,.05,.01,1,0,1,1,1.0,1.0,350.9851,113.6314,-1438.431,0.4257354,-0.2717198,0.177381,0.844662;
custom,cone,crystal2,0.3,.05,.01,1,0,1,1,1.0,1.0,373.4305,115.1838,-1438.033,-0.5679865,-0.1960517,0.08143353,-0.7951878;
custom,cone,crystal2,0.3,.05,.01,1,0,1,1,1.0,1.0,348.3842,114.0314,-1436.885,0.5135987,-0.1704881,0.1790017,0.82165;
custom,cone,crystal2,0.3,.05,.01,1,0,1,1,1.0,1.0,371.246,114.1437,-1440.916,-0.3794193,-0.391612,0.253638,-0.7989674;
custom,cone,crystal2,0.3,.05,.01,1,0,1,1,1.0,1.0,347.8,115.0314,-1434.9,0.5375658,-0.06223169,0.007781764,0.8408862;
custom,cone,crystal2,0.3,.05,.01,1,0,1,1,1.0,1.0,374.372,115.4638,-1433.759,-0.5058023,0.06867392,-0.06804072,-0.8572155;
custom,sphere,crystal2,0.2,0.07,0.07,1,0,1,1,1,1,361.7187,112.1271,-1436.799,0.01535639,0.1307229,0.1156558,0.9845301;
custom,sphere,crystal2,0.2,0.07,0.07,1,0,1,1,1,1,358.827,112.207,-1436.776,-0.01551051,-0.07464979,-0.1111352,0.9908763;
custom,sphere,crystal2,0.5,0.07,0.07,1,0,1,1,1,1,355.0085,113.4869,-1435.822,-0.02893181,0.2061472,-0.1778099,0.9617952;
custom,sphere,crystal2,0.5,0.07,0.07,1,0,1,1,1,1,365.3688,113.567,-1436.261,0.06936428,0.1411134,-0.2308425,-0.9602017;
custom,sphere,crystal2,0.7,0.07,0.07,1,0,1,1,1,1,370.5647,115.287,-1434.045,-0.02805258,0.2380996,-0.08915262,-0.9667334;
custom,sphere,crystal2,0.7,0.07,0.07,1,0,1,1,1,1,349.9196,114.8468,-1433.394,-0.02821161,0.2259382,-0.08109092,0.9703506;
custom,sphere,crystal2,0.1,0.05,0.05,1,0,1,1,1,1,357.6464,112.4868,-1436.91,0.1489211,0.9861792,0.006130949,-0.07235628;
custom,sphere,crystal2,0.07,0.2,0.07,1,0,1,1,1,1,359.6989,109.567,-1437.728,-0.3016243,0.6285331,-0.29108,0.6551652;
custom,sphere,crystal2,0.07,0.2,0.07,1,0,1,1,1,1,360.9304,109.527,-1437.776,0.1933316,0.6287512,-0.3208115,-0.6814506;
custom,sphere,bombexplosiontex,0.01,0.01,0.01,1,0,1,1,99999,99999,360.3319,111.4869,-1433.738,0,0.9999597,0,0.008979752;
custom,sphere,bombexplosiontex,0.01,0.01,0.01,1,0,1,1,99999,99999,360.3319,111.4869,-1433.738,0,0.9999597,0,0.008979752;
custom,sphere,bombexplosiontex,0.01,0.01,0.01,1,0,1,1,99999,99999,360.3319,111.4869,-1433.738,0,0.9999597,0,0.008979752;
custom,sphere,bombexplosiontex,0.01,0.01,0.01,1,0,1,1,99999,99999,360.3319,111.4869,-1433.738,0,0.9999597,0,0.008979752;
custom,sphere,bombexplosiontex,0.01,0.01,0.01,1,0,1,1,99999,99999,360.3319,111.4869,-1433.738,0,0.9999597,0,0.008979752;
custom,sphere,bombexplosiontex,0.01,0.01,0.01,1,0,1,1,99999,99999,360.3319,111.4869,-1433.738,0,0.9999597,0,0.008979752;
custom,sphere,bombexplosiontex,0.01,0.01,0.01,1,0,1,1,99999,99999,360.3319,111.4869,-1433.738,0,0.9999597,0,0.008979752;
custom,sphere,bombexplosiontex,0.01,0.01,0.01,1,0,1,1,99999,999999,360.5295,111.4869,-1433.718,0,0.9999597,0,0.008979752;
custom,sphere,bombexplosiontex,0.01,0.01,0.01,1,0,1,1,99999,999999,360.5295,111.4869,-1433.718,0,0.9999597,0,0.008979752;
custom,sphere,bombexplosiontex,0.01,0.01,0.01,1,0,1,1,99999,999999,360.5295,111.4869,-1433.718,0,0.9999597,0,0.008979752;
custom,sphere,bombexplosiontex,0.01,0.01,0.01,1,0,1,1,99999,999999,360.5295,111.4869,-1433.718,0,0.9999597,0,0.008979752;
custom,sphere,bombexplosiontex,0.01,0.01,0.01,1,0,1,1,99999,999999,360.5295,111.4869,-1433.718,0,0.9999597,0,0.008979752;
custom,sphere,bombexplosiontex,0.01,0.01,0.01,1,0,1,1,99999,999999,360.5295,111.4869,-1433.718,0,0.9999597,0,0.008979752;
custom,sphere,bombexplosiontex,0.01,0.01,0.01,1,0,1,1,99999,999999,360.5295,111.4869,-1433.718,0,0.9999597,0,0.008979752;
custom,sphere,bombexplosiontex,0.01,0.01,0.01,1,0,1,1,99999,999999,360.5295,111.4869,-1433.718,0,0.9999597,0,0.008979752;
custom,cone,ice1,0.02,0.02,0.001,1,1,0.9659091,0.5795454,1,1,359.6083,111.7271,-1438.39,-0.4298744,0.73098,-0.02340466,0.5294605;
custom,cone,ice1,0.02,0.02,0.001,1,1,0.9659091,0.5795454,1,1,360.8865,111.6868,-1438.342,0.3941173,0.6748705,-0.09225427,-0.6170175;
custom,cone,crystal2,0.02,0.005,0.005,1,0,1,1,1,1,360.429,111.6069,-1433.718,0.3040912,0.612708,0.3409555,0.6448774;
custom,sphere,crystal2,0.03,0.1,0.02,1,0,1,1,1,1,360.4241,111.7269,-1433.788,0.001706799,0.9611439,-0.2755494,-0.01649544;
custom,sphere,crystal2,0.025,0.1,0.007,1,1,1,1,1,1,360.4153,110.9269,-1433.744,0.003285055,0.9666998,-0.2512302,-0.04862192;
custom,cone,ice1,0.015,0.015,0.001,0,1,0.3636364,0.3636364,1,1,359.9221,112.0868,-1437.004,-0.4118969,0.6729766,-0.1712176,0.5900238;
custom,cone,ice1,0.015,0.015,0.001,0,1,0.3636364,0.3636364,1,1,360.7401,
112.2468,-1436.928,0.4350404,0.6361799,-0.08145893,-0.6319648;
custom,cone,crystal2,.01,.01,.2,1,0,1,1,1.0,1.0,359.985,108.4155,-1443.678,0.005900233,0.07874686,0.9952639,0.05669045;
custom,cone,crystal2,.01,-.01,.2,1,0,1,1,1.0,1.0,360.1466,107.9329,-1450.09,0,0.02430477,0,-0.9997046;
base,aot_supply,racingstartmaterial,50,0,0,1,1,1,1,1.0,1.0,361.6545,110.9163,-1396.544,-0.02423261,0.7118722,0.02259157,0.7015272;
base,aot_supply,racingstartmaterial,50,0,0,1,1,1,1,1.0,1.0,361.4012,110.7562,-1398.032,-0.02423261,0.7118722,0.02259157,0.7015272;
base,aot_supply,racingstartmaterial,50,0,0,1,1,1,1,1.0,1.0,360.8938,111.7962,-1416.714,-0.02423261,0.7118722,0.02259157,0.7015272;
base,aot_supply,racingstartmaterial,50,0,0,1,1,1,1,1.0,1.0,360.8938,110.3962,-1416.714,-0.02423261,0.7118722,0.02259157,0.7015272;
base,aot_supply,racingstartmaterial,50,0,0,1,1,1,1,1.0,1.0,360.8938,110.3962,-1416.714,-0.02423261,0.7118722,0.02259157,0.7015272;
base,aot_supply,racingstartmaterial,50,0,0,1,1,1,1,1.0,1.0,360.8938,110.3962,-1416.714,-0.02423261,0.7118722,0.02259157,0.7015272;
custom,boulder1,default,1,-3,1,0,1,1,1,1.0,1.0,362.2469,71.00159,-1462.65,0,0.9800731,0,0.1986374;
custom,boulder1,default,1,3,1,0,1,1,1,1.0,1.0,362.2846,30.75287,-1462.901,0,0.3483205,0,-0.9373755;
custom,tree3,default,0.1,0.1,0.1,0,1,1,1,1.0,1.0,366.9709,108.9494,-1465.682,0,0.06341863,0,-0.997987;
custom,field2,default,0.1,0.1,0.1,0,1,1,1,1.0,1.0,365.45,99.8186,-1464.121,0,0.9529965,0,0.3029814;
custom,field2,default,0.1,0.1,0.1,0,1,1,1,1.0,1.0,357.8428,99.3784,-1461.608,0,0.9529965,0,0.3029814;
custom,field2,default,0.1,0.1,0.1,0,1,1,1,1.0,1.0,365.6962,98.16949,-1455.065,0,0.9418401,0,0.3360616;
custom,field2,default,0.05,0.05,0.05,0,1,1,1,1.0,1.0,362.129,100.643,-1458.81,0,0.02811898,0,0.9996046;
custom,field2,default,0.05,0.05,0.05,0,1,1,1,1.0,1.0,363.6259,100.723,-1458.914,0,0.02811898,0,0.9996046;
custom,field2,default,0.05,0.05,0.05,0,1,1,1,1.0,1.0,361.6148,100.883,-1459.87,0,0.02811898,0,0.9996046;
custom,field2,default,0.05,0.05,0.05,0,1,1,1,1.0,1.0,359.2777,100.3981,-1456.093,0,0.9893004,0,0.1458932;
custom,field2,default,0.05,0.05,0.05,0,1,1,1,1.0,1.0,355.8359,99.79808,-1457.985,0,0.9893004,0,0.1458932;
custom,cuboid,bombexplosiontex,0.01,0.05,0.05,1,0,1,1,999999,9999990,193.5191,83.03666,-1345.421,0,0.7331712,0,-0.6800442;
custom,cuboid,bombexplosiontex,0.01,0.05,0.05,1,0,1,1,9999991.0,9999991.0,193.5292,83.03947,-1345.002,0,0.7492862,0,-0.6622463;
custom,cuboid,bombexplosiontex,0.01,0.05,0.05,1,0,1,1,9999991.0,9999991.0,193.5087,83.04929,-1344.296,0,0.7074688,0,-0.7067446;
custom,cuboid,bombexplosiontex,0.01,0.05,0.05,1,0,1,1,9999991.0,9999991.0,193.5169,83.04929,-1344.665,-0.09356724,0.7012541,0.0934715,-0.7005363;
custom,cuboid,bombexplosiontex,0.01,0.05,0.05,1,0,1,1,9999991.0,9999991.0,193.5155,83.04929,-1344.554,0.1045706,0.699698,-0.1044635,-0.6989816;
custom,cuboid,bombexplosiontex,0.01,0.05,0.02,1,0,1,1,9999991.0,9999991.0,193.6079,83.04929,-1343.697,0,0.7074688,0,-0.7067446;
custom,cuboid,bombexplosiontex,0.03,0.01,0.02,1,0,1,1,9999991.0,9999991.0,193.6448,83.13293,-1345.307,-0.2729576,0.6493406,0.2750681,-0.6543612;
custom,cuboid,bombexplosiontex,0.03,0.01,0.02,1,0,1,1,1999999.0,999999.0,193.7136,83.13293,-1345.058,0.2258329,0.6671946,-0.227579,-0.6723531;
custom,cuboid,bombexplosiontex,0.03,0.01,0.02,1,0,1,1,1999999.0,1999999.0,193.6528,83.25293,-1343.6,0,0.7059257,0,-0.7082859;
custom,cuboid,bombexplosiontex,0.03,0.01,0.02,1,0,1,1,9999991.0,9999991.0,193.655,83.05293,-1343.643,0,0.7059257,0,-0.7082859;
custom,cuboid,bombexplosiontex,0.03,0.01,0.02,1,0,1,1,9999991.0,9999991.0,193.612,82.81292,-1343.6,0,0.7059257,0,-0.7082859;
custom,cuboid,bombexplosiontex,0.03,0.01,0.02,1,0,1,1,9999991.0,9999991.0,193.6604,81.25439,-1343.339,0,0.7302248,0,-0.683207;
custom,cuboid,bombexplosiontex,0.03,0.01,0.02,1,0,1,1,9999991.0,999999,193.6604,81.01438,-1343.338,0,0.7302248,0,-0.683207;
custom,cuboid,bombexplosiontex,0.03,0.01,0.02,1,0,1,1,9999991.0,999999,193.6525,81.13438,-1343.223,-0.5120031,0.5206545,0.4790362,-0.4871305;
custom,cuboid,bombexplosiontex,0.03,0.01,0.02,1,0,1,1,9999991.0,999999,193.5833,80.97438,-1342.782,-0.3428197,0.6447502,0.3207464,-0.603236;
custom,cuboid,bombexplosiontex,0.03,0.01,0.02,1,0,1,1,9999991.0,999999,193.6621,80.85438,-1343.905,-0.2977075,0.666782,0.2785389,-0.6238494;
custom,cuboid,bombexplosiontex,0.03,0.01,0.02,1,0,1,1,9999991.0,999999,193.6095,82.25437,-1341.973,0,0.7302248,0,-0.683207;
custom,cuboid,bombexplosiontex,0.03,0.01,0.02,1,0,1,1,19999991.0,999999,193.5696,82.0144,-1341.976,0,0.7302248,0,-0.683207;
custom,cuboid,bombexplosiontex,0.03,0.01,0.02,1,0,1,1,19999991.0,999999,193.5589,82.13441,-1341.815,-0.5199391,0.5127295,0.4864613,-0.4797159;
custom,cuboid,bombexplosiontex,0.03,0.01,0.02,1,0,1,1,9999991.0,999999,193.4984,82.05441,-1341.505,-0.3292419,0.6517883,0.3080428,-0.6098209;
custom,cuboid,bombexplosiontex,0.01,0.05,0.02,1,0,1,1,9999991.0,999999,193.6711,81.01438,-1343.499,0,0.7302248,0,-0.683207;
custom,cuboid,bombexplosiontex,0.01,0.05,0.02,1,0,1,1,9999991.0,999999,193.6145,80.77438,-1343.286,0.2511361,0.6956979,-0.2055721,-0.6408396;
custom,cuboid,bombexplosiontex,0.01,0.07,0.02,1,0,1,1,9999991.0,999999,193.5768,82.31124,-1342.173,0,0.7377293,0,-0.6750966;
custom,cuboid,bombexplosiontex,0.01,0.07,0.02,1,0,1,1,9999991.0,999999,193.7135,81.13438,-1344.136,0,0.7302248,0,-0.683207;
custom,cuboid,bombexplosiontex,0.01,0.07,0.02,1,0,1,1,9999991.0,999999,193.6696,81.09438,-1343.945,-0.1754205,0.7088413,0.1641255,-0.6632003;
custom,cuboid,bombexplosiontex,0.01,0.05,0.02,1,0,1,1,9999991.0,999999,193.5716,80.89438,-1342.321,0,0.7302248,0,-0.683207;
custom,cuboid,bombexplosiontex,0.01,0.07,0.02,1,0,1,1,9999991.0,999999,193.5772,80.81438,-1342.712,-0.218367,0.6968099,0.2043068,-0.6519437;
custom,cuboid,bombexplosiontex,0.01,0.07,0.02,1,0,1,1,9999991.0,999999,193.5166,81.91123,-1341.496,-0.2033458,0.709151,0.1860818,-0.6489446;
custom,torus,bombexplosiontex,0.04,0.01,0.04,1,0,1,1,9999991.0,999999,193.6834,83.05747,-1344.236,0.5502833,0.4795278,0.4339771,-0.5281149;
custom,torus,bombexplosiontex,0.04,0.01,0.04,1,0,1,1,9999991.0,999999,193.6278,81.02205,-1341.859,0.4916678,0.5067494,0.5280641,-0.4718221;
custom,cuboid,bombexplosiontex,0.01,0.05,0.05,1,0,1,1,999999,9999990,193.5191,83.03666,-1345.421,0,0.7331712,0,-0.6800442;
custom,cuboid,bombexplosiontex,0.01,0.05,0.05,1,0,1,1,9999991.0,9999991.0,193.5292,83.03947,-1345.002,0,0.7492862,0,-0.6622463;
custom,cuboid,bombexplosiontex,0.01,0.05,0.05,1,0,1,1,9999991.0,9999991.0,193.5087,83.04929,-1344.296,0,0.7074688,0,-0.7067446;
custom,cuboid,bombexplosiontex,0.01,0.05,0.05,1,0,1,1,9999991.0,9999991.0,193.5169,83.04929,-1344.665,-0.09356724,0.7012541,0.0934715,-0.7005363;
custom,cuboid,bombexplosiontex,0.01,0.05,0.05,1,0,1,1,9999991.0,9999991.0,193.5155,83.04929,-1344.554,0.1045706,0.699698,-0.1044635,-0.6989816;
custom,cuboid,bombexplosiontex,0.01,0.05,0.02,1,0,1,1,9999991.0,9999991.0,193.6079,83.04929,-1343.697,0,0.7074688,0,-0.7067446;
custom,cuboid,bombexplosiontex,0.03,0.01,0.02,1,0,1,1,9999991.0,9999991.0,193.6448,83.13293,-1345.307,-0.2729576,0.6493406,0.2750681,-0.6543612;
custom,cuboid,bombexplosiontex,0.03,0.01,0.02,1,0,1,1,1999999.0,999999.0,193.7136,83.13293,-1345.058,0.2258329,0.6671946,-0.227579,-0.6723531;
custom,cuboid,bombexplosiontex,0.03,0.01,0.02,1,0,1,1,1999999.0,1999999.0,193.6528,83.25293,-1343.6,0,0.7059257,0,-0.7082859;
custom,cuboid,bombexplosiontex,0.03,0.01,0.02,1,0,1,1,9999991.0,9999991.0,193.655,83.05293,-1343.643,0,0.7059257,0,-0.7082859;
custom,cuboid,bombexplosiontex,0.03,0.01,0.02,1,0,1,1,9999991.0,9999991.0,193.612,82.81292,-1343.6,0,0.7059257,0,-0.7082859;
custom,cuboid,bombexplosiontex,0.03,0.01,0.02,1,0,1,1,9999991.0,9999991.0,193.6604,81.25439,-1343.339,0,0.7302248,0,-0.683207;
custom,cuboid,bombexplosiontex,0.03,0.01,0.02,1,0,1,1,9999991.0,999999,193.6604,81.01438,-1343.338,0,0.7302248,0,-0.683207;
custom,cuboid,bombexplosiontex,0.03,0.01,0.02,1,0,1,1,9999991.0,999999,193.6525,81.13438,-1343.223,-0.5120031,0.5206545,0.4790362,-0.4871305;
custom,cuboid,bombexplosiontex,0.03,0.01,0.02,1,0,1,1,9999991.0,999999,193.5833,80.97438,-1342.782,-0.3428197,0.6447502,0.3207464,-0.603236;
custom,cuboid,bombexplosiontex,0.03,0.01,0.02,1,0,1,1,9999991.0,999999,193.6621,80.85438,-1343.905,-0.2977075,0.666782,0.2785389,-0.6238494;
custom,cuboid,bombexplosiontex,0.03,0.01,0.02,1,0,1,1,9999991.0,999999,193.6095,82.25437,-1341.973,0,0.7302248,0,-0.683207;
custom,cuboid,bombexplosiontex,0.03,0.01,0.02,1,0,1,1,19999991.0,999999,193.5696,82.0144,-1341.976,0,0.7302248,0,-0.683207;
custom,cuboid,bombexplosiontex,0.03,0.01,0.02,1,0,1,1,19999991.0,999999,193.5589,82.13441,-1341.815,-0.5199391,0.5127295,0.4864613,-0.4797159;
custom,cuboid,bombexplosiontex,0.03,0.01,0.02,1,0,1,1,9999991.0,999999,193.4984,82.05441,-1341.505,-0.3292419,0.6517883,0.3080428,-0.6098209;
custom,cuboid,bombexplosiontex,0.01,0.05,0.02,1,0,1,1,9999991.0,999999,193.6711,81.01438,-1343.499,0,0.7302248,0,-0.683207;
custom,cuboid,bombexplosiontex,0.01,0.05,0.02,1,0,1,1,9999991.0,999999,193.6145,80.77438,-1343.286,0.2511361,0.6956979,-0.2055721,-0.6408396;
custom,cuboid,bombexplosiontex,0.01,0.07,0.02,1,0,1,1,9999991.0,999999,193.5768,82.31124,-1342.173,0,0.7377293,0,-0.6750966;
custom,cuboid,bombexplosiontex,0.01,0.07,0.02,1,0,1,1,9999991.0,999999,193.7135,81.13438,-1344.136,0,0.7302248,0,-0.683207;
custom,cuboid,bombexplosiontex,0.01,0.07,0.02,1,0,1,1,9999991.0,999999,193.6696,81.09438,-1343.945,-0.1754205,0.7088413,0.1641255,-0.6632003;
custom,cuboid,bombexplosiontex,0.01,0.05,0.02,1,0,1,1,9999991.0,999999,193.5716,80.89438,-1342.321,0,0.7302248,0,-0.683207;
custom,cuboid,bombexplosiontex,0.01,0.07,0.02,1,0,1,1,9999991.0,999999,193.5772,80.81438,-1342.712,-0.218367,0.6968099,0.2043068,-0.6519437;
custom,cuboid,bombexplosiontex,0.01,0.07,0.02,1,0,1,1,9999991.0,999999,193.5166,81.91123,-1341.496,-0.2033458,0.709151,0.1860818,-0.6489446;
custom,torus,bombexplosiontex,0.04,0.01,0.04,
1,0,1,1,9999991.0,999999,193.6834,83.05747,-1344.236,0.5502833,0.4795278,0.4339771,-0.5281149;
custom,torus,bombexplosiontex,0.04,0.01,0.04,1,0,1,1,9999991.0,999999,193.6278,81.02205,-1341.859,0.4916678,0.5067494,0.5280641,-0.4718221;
custom,cuboid,bombexplosiontex,0.01,0.05,0.05,1,0,1,1,999999,9999990,193.5191,83.03666,-1345.421,0,0.7331712,0,-0.6800442;
custom,cuboid,bombexplosiontex,0.01,0.05,0.05,1,0,1,1,9999991.0,9999991.0,193.5292,83.03947,-1345.002,0,0.7492862,0,-0.6622463;
custom,cuboid,bombexplosiontex,0.01,0.05,0.05,1,0,1,1,9999991.0,9999991.0,193.5087,83.04929,-1344.296,0,0.7074688,0,-0.7067446;
custom,cuboid,bombexplosiontex,0.01,0.05,0.05,1,0,1,1,9999991.0,9999991.0,193.5169,83.04929,-1344.665,-0.09356724,0.7012541,0.0934715,-0.7005363;
custom,cuboid,bombexplosiontex,0.01,0.05,0.05,1,0,1,1,9999991.0,9999991.0,193.5155,83.04929,-1344.554,0.1045706,0.699698,-0.1044635,-0.6989816;
custom,cuboid,bombexplosiontex,0.01,0.05,0.02,1,0,1,1,9999991.0,9999991.0,193.6079,83.04929,-1343.697,0,0.7074688,0,-0.7067446;
custom,cuboid,bombexplosiontex,0.03,0.01,0.02,1,0,1,1,9999991.0,9999991.0,193.6448,83.13293,-1345.307,-0.2729576,0.6493406,0.2750681,-0.6543612;
custom,cuboid,bombexplosiontex,0.03,0.01,0.02,1,0,1,1,1999999.0,999999.0,193.7136,83.13293,-1345.058,0.2258329,0.6671946,-0.227579,-0.6723531;
custom,cuboid,bombexplosiontex,0.03,0.01,0.02,1,0,1,1,1999999.0,1999999.0,193.6528,83.25293,-1343.6,0,0.7059257,0,-0.7082859;
custom,cuboid,bombexplosiontex,0.03,0.01,0.02,1,0,1,1,9999991.0,9999991.0,193.655,83.05293,-1343.643,0,0.7059257,0,-0.7082859;
custom,cuboid,bombexplosiontex,0.03,0.01,0.02,1,0,1,1,9999991.0,9999991.0,193.612,82.81292,-1343.6,0,0.7059257,0,-0.7082859;
custom,cuboid,bombexplosiontex,0.03,0.01,0.02,1,0,1,1,9999991.0,9999991.0,193.6604,81.25439,-1343.339,0,0.7302248,0,-0.683207;
custom,cuboid,bombexplosiontex,0.03,0.01,0.02,1,0,1,1,9999991.0,999999,193.6604,81.01438,-1343.338,0,0.7302248,0,-0.683207;
custom,cuboid,bombexplosiontex,0.03,0.01,0.02,1,0,1,1,9999991.0,999999,193.6525,81.13438,-1343.223,-0.5120031,0.5206545,0.4790362,-0.4871305;
custom,cuboid,bombexplosiontex,0.03,0.01,0.02,1,0,1,1,9999991.0,999999,193.5833,80.97438,-1342.782,-0.3428197,0.6447502,0.3207464,-0.603236;
custom,cuboid,bombexplosiontex,0.03,0.01,0.02,1,0,1,1,9999991.0,999999,193.6621,80.85438,-1343.905,-0.2977075,0.666782,0.2785389,-0.6238494;
custom,cuboid,bombexplosiontex,0.03,0.01,0.02,1,0,1,1,9999991.0,999999,193.6095,82.25437,-1341.973,0,0.7302248,0,-0.683207;
custom,cuboid,bombexplosiontex,0.03,0.01,0.02,1,0,1,1,19999991.0,999999,193.5696,82.0144,-1341.976,0,0.7302248,0,-0.683207;
custom,cuboid,bombexplosiontex,0.03,0.01,0.02,1,0,1,1,19999991.0,999999,193.5589,82.13441,-1341.815,-0.5199391,0.5127295,0.4864613,-0.4797159;
custom,cuboid,bombexplosiontex,0.03,0.01,0.02,1,0,1,1,9999991.0,999999,193.4984,82.05441,-1341.505,-0.3292419,0.6517883,0.3080428,-0.6098209;
custom,cuboid,bombexplosiontex,0.01,0.05,0.02,1,0,1,1,9999991.0,999999,193.6711,81.01438,-1343.499,0,0.7302248,0,-0.683207;
custom,cuboid,bombexplosiontex,0.01,0.05,0.02,1,0,1,1,9999991.0,999999,193.6145,80.77438,-1343.286,0.2511361,0.6956979,-0.2055721,-0.6408396;
custom,cuboid,bombexplosiontex,0.01,0.07,0.02,1,0,1,1,9999991.0,999999,193.5768,82.31124,-1342.173,0,0.7377293,0,-0.6750966;
custom,cuboid,bombexplosiontex,0.01,0.07,0.02,1,0,1,1,9999991.0,999999,193.7135,81.13438,-1344.136,0,0.7302248,0,-0.683207;
custom,cuboid,bombexplosiontex,0.01,0.07,0.02,1,0,1,1,9999991.0,999999,193.6696,81.09438,-1343.945,-0.1754205,0.7088413,0.1641255,-0.6632003;
custom,cuboid,bombexplosiontex,0.01,0.05,0.02,1,0,1,1,9999991.0,999999,193.5716,80.89438,-1342.321,0,0.7302248,0,-0.683207;
custom,cuboid,bombexplosiontex,0.01,0.07,0.02,1,0,1,1,9999991.0,999999,193.5772,80.81438,-1342.712,-0.218367,0.6968099,0.2043068,-0.6519437;
custom,cuboid,bombexplosiontex,0.01,0.07,0.02,1,0,1,1,9999991.0,999999,193.5166,81.91123,-1341.496,-0.2033458,0.709151,0.1860818,-0.6489446;
custom,torus,bombexplosiontex,0.04,0.01,0.04,1,0,1,1,9999991.0,999999,193.6834,83.05747,-1344.236,0.5502833,0.4795278,0.4339771,-0.5281149;
custom,torus,bombexplosiontex,0.04,0.01,0.04,1,0,1,1,9999991.0,999999,193.6278,81.02205,-1341.859,0.4916678,0.5067494,0.5280641,-0.4718221;
custom,cuboid,bombexplosiontex,0.01,0.05,0.05,1,0,1,1,999999,9999990,193.5191,83.03666,-1345.421,0,0.7331712,0,-0.6800442;
custom,cuboid,bombexplosiontex,0.01,0.05,0.05,1,0,1,1,9999991.0,9999991.0,193.5292,83.03947,-1345.002,0,0.7492862,0,-0.6622463;
custom,cuboid,bombexplosiontex,0.01,0.05,0.05,1,0,1,1,9999991.0,9999991.0,193.5087,83.04929,-1344.296,0,0.7074688,0,-0.7067446;
custom,cuboid,bombexplosiontex,0.01,0.05,0.05,1,0,1,1,9999991.0,9999991.0,193.5169,83.04929,-1344.665,-0.09356724,0.7012541,0.0934715,-0.7005363;
custom,cuboid,bombexplosiontex,0.01,0.05,0.05,1,0,1,1,9999991.0,9999991.0,193.5155,83.04929,-1344.554,0.1045706,0.699698,-0.1044635,-0.6989816;
custom,cuboid,bombexplosiontex,0.01,0.05,0.02,1,0,1,1,9999991.0,9999991.0,193.6079,83.04929,-1343.697,0,0.7074688,0,-0.7067446;
custom,cuboid,bombexplosiontex,0.03,0.01,0.02,1,0,1,1,9999991.0,9999991.0,193.6448,83.13293,-1345.307,-0.2729576,0.6493406,0.2750681,-0.6543612;
custom,cuboid,bombexplosiontex,0.03,0.01,0.02,1,0,1,1,1999999.0,999999.0,193.7136,83.13293,-1345.058,0.2258329,0.6671946,-0.227579,-0.6723531;
custom,cuboid,bombexplosiontex,0.03,0.01,0.02,1,0,1,1,1999999.0,1999999.0,193.6528,83.25293,-1343.6,0,0.7059257,0,-0.7082859;
custom,cuboid,bombexplosiontex,0.03,0.01,0.02,1,0,1,1,9999991.0,9999991.0,193.655,83.05293,-1343.643,0,0.7059257,0,-0.7082859;
custom,cuboid,bombexplosiontex,0.03,0.01,0.02,1,0,1,1,9999991.0,9999991.0,193.612,82.81292,-1343.6,0,0.7059257,0,-0.7082859;
custom,cuboid,bombexplosiontex,0.03,0.01,0.02,1,0,1,1,9999991.0,9999991.0,193.6604,81.25439,-1343.339,0,0.7302248,0,-0.683207;
custom,cuboid,bombexplosiontex,0.03,0.01,0.02,1,0,1,1,9999991.0,999999,193.6604,81.01438,-1343.338,0,0.7302248,0,-0.683207;
custom,cuboid,bombexplosiontex,0.03,0.01,0.02,1,0,1,1,9999991.0,999999,193.6525,81.13438,-1343.223,-0.5120031,0.5206545,0.4790362,-0.4871305;
custom,cuboid,bombexplosiontex,0.03,0.01,0.02,1,0,1,1,9999991.0,999999,193.5833,80.97438,-1342.782,-0.3428197,0.6447502,0.3207464,-0.603236;
custom,cuboid,bombexplosiontex,0.03,0.01,0.02,1,0,1,1,9999991.0,999999,193.6621,80.85438,-1343.905,-0.2977075,0.666782,0.2785389,-0.6238494;
custom,cuboid,bombexplosiontex,0.03,0.01,0.02,1,0,1,1,9999991.0,999999,193.6095,82.25437,-1341.973,0,0.7302248,0,-0.683207;
custom,cuboid,bombexplosiontex,0.03,0.01,0.02,1,0,1,1,19999991.0,999999,193.5696,82.0144,-1341.976,0,0.7302248,0,-0.683207;
custom,cuboid,bombexplosiontex,0.03,0.01,0.02,1,0,1,1,19999991.0,999999,193.5589,82.13441,-1341.815,-0.5199391,0.5127295,0.4864613,-0.4797159;
custom,cuboid,bombexplosiontex,0.03,0.01,0.02,1,0,1,1,9999991.0,999999,193.4984,82.05441,-1341.505,-0.3292419,0.6517883,0.3080428,-0.6098209;
custom,cuboid,bombexplosiontex,0.01,0.05,0.02,1,0,1,1,9999991.0,999999,193.6711,81.01438,-1343.499,0,0.7302248,0,-0.683207;
custom,cuboid,bombexplosiontex,0.01,0.05,0.02,1,0,1,1,9999991.0,999999,193.6145,80.77438,-1343.286,0.2511361,0.6956979,-0.2055721,-0.6408396;
custom,cuboid,bombexplosiontex,0.01,0.07,0.02,1,0,1,1,9999991.0,999999,193.5768,82.31124,-1342.173,0,0.7377293,0,-0.6750966;
custom,cuboid,bombexplosiontex,0.01,0.07,0.02,1,0,1,1,9999991.0,999999,193.7135,81.13438,-1344.136,0,0.7302248,0,-0.683207;
custom,cuboid,bombexplosiontex,0.01,0.07,0.02,1,0,1,1,9999991.0,999999,193.6696,81.09438,-1343.945,-0.1754205,0.7088413,0.1641255,-0.6632003;
custom,cuboid,bombexplosiontex,0.01,0.05,0.02,1,0,1,1,9999991.0,999999,193.5716,80.89438,-1342.321,0,0.7302248,0,-0.683207;
custom,cuboid,bombexplosiontex,0.01,0.07,0.02,1,0,1,1,9999991.0,999999,193.5772,80.81438,-1342.712,-0.218367,0.6968099,0.2043068,-0.6519437;
custom,cuboid,bombexplosiontex,0.01,0.07,0.02,1,0,1,1,9999991.0,999999,193.5166,81.91123,-1341.496,-0.2033458,0.709151,0.1860818,-0.6489446;
custom,torus,bombexplosiontex,0.04,0.01,0.04,1,0,1,1,9999991.0,999999,193.6834,83.05747,-1344.236,0.5502833,0.4795278,0.4339771,-0.5281149;
custom,torus,bombexplosiontex,0.04,0.01,0.04,1,0,1,1,9999991.0,999999,193.6278,81.02205,-1341.859,0.4916678,0.5067494,0.5280641,-0.4718221;
custom,cuboid,bombexplosiontex,0.01,0.05,0.05,1,0,1,1,999999,9999990,193.5191,83.03666,-1345.421,0,0.7331712,0,-0.6800442;
custom,cuboid,bombexplosiontex,0.01,0.05,0.05,1,0,1,1,9999991.0,9999991.0,193.5292,83.03947,-1345.002,0,0.7492862,0,-0.6622463;
custom,cuboid,bombexplosiontex,0.01,0.05,0.05,1,0,1,1,9999991.0,9999991.0,193.5087,83.04929,-1344.296,0,0.7074688,0,-0.7067446;
custom,cuboid,bombexplosiontex,0.01,0.05,0.05,1,0,1,1,9999991.0,9999991.0,193.5169,83.04929,-1344.665,-0.09356724,0.7012541,0.0934715,-0.7005363;
custom,cuboid,bombexplosiontex,0.01,0.05,0.05,1,0,1,1,9999991.0,9999991.0,193.5155,83.04929,-1344.554,0.1045706,0.699698,-0.1044635,-0.6989816;
custom,cuboid,bombexplosiontex,0.01,0.05,0.02,1,0,1,1,9999991.0,9999991.0,193.6079,83.04929,-1343.697,0,0.7074688,0,-0.7067446;
custom,cuboid,bombexplosiontex,0.03,0.01,0.02,1,0,1,1,9999991.0,9999991.0,193.6448,83.13293,-1345.307,-0.2729576,0.6493406,0.2750681,-0.6543612;
custom,cuboid,bombexplosiontex,0.03,0.01,0.02,1,0,1,1,1999999.0,999999.0,193.7136,83.13293,-1345.058,0.2258329,0.6671946,-0.227579,-0.6723531;
custom,cuboid,bombexplosiontex,0.03,0.01,0.02,1,0,1,1,1999999.0,1999999.0,193.6528,83.25293,-1343.6,0,0.7059257,0,-0.7082859;
custom,cuboid,bombexplosiontex,0.03,0.01,0.02,1,0,1,1,9999991.0,9999991.0,193.655,83.05293,-1343.643,0,0.7059257,0,-0.7082859;
custom,cuboid,bombexplosiontex,0.03,0.01,0.02,1,0,1,1,9999991.0,9999991.0,193.612,82.81292,-1343.6,0,0.7059257,0,-0.7082859;
custom,cuboid,bombexplosiontex,0.03,0.01,0.02,1,0,1,1,9999991.0,9999991.0,193.6604,81.25439,-1343.339,0,0.7302248,0,-0.683207;
custom,cuboid,bombexplosiontex,0.03,0.01,0.02,1,0,1,1,9999991.0,999999,193.6604,81.01438,-1343.338,0,0.7302248,0,-0.683207;
custom,cuboid,bombexpl
osiontex,0.03,0.01,0.02,1,0,1,1,9999991.0,999999,193.6525,81.13438,-1343.223,-0.5120031,0.5206545,0.4790362,-0.4871305;
custom,cuboid,bombexplosiontex,0.03,0.01,0.02,1,0,1,1,9999991.0,999999,193.5833,80.97438,-1342.782,-0.3428197,0.6447502,0.3207464,-0.603236;
custom,cuboid,bombexplosiontex,0.03,0.01,0.02,1,0,1,1,9999991.0,999999,193.6621,80.85438,-1343.905,-0.2977075,0.666782,0.2785389,-0.6238494;
custom,cuboid,bombexplosiontex,0.03,0.01,0.02,1,0,1,1,9999991.0,999999,193.6095,82.25437,-1341.973,0,0.7302248,0,-0.683207;
custom,cuboid,bombexplosiontex,0.03,0.01,0.02,1,0,1,1,19999991.0,999999,193.5696,82.0144,-1341.976,0,0.7302248,0,-0.683207;
custom,cuboid,bombexplosiontex,0.03,0.01,0.02,1,0,1,1,19999991.0,999999,193.5589,82.13441,-1341.815,-0.5199391,0.5127295,0.4864613,-0.4797159;
custom,cuboid,bombexplosiontex,0.03,0.01,0.02,1,0,1,1,9999991.0,999999,193.4984,82.05441,-1341.505,-0.3292419,0.6517883,0.3080428,-0.6098209;
custom,cuboid,bombexplosiontex,0.01,0.05,0.02,1,0,1,1,9999991.0,999999,193.6711,81.01438,-1343.499,0,0.7302248,0,-0.683207;
custom,cuboid,bombexplosiontex,0.01,0.05,0.02,1,0,1,1,9999991.0,999999,193.6145,80.77438,-1343.286,0.2511361,0.6956979,-0.2055721,-0.6408396;
custom,cuboid,bombexplosiontex,0.01,0.07,0.02,1,0,1,1,9999991.0,999999,193.5768,82.31124,-1342.173,0,0.7377293,0,-0.6750966;
custom,cuboid,bombexplosiontex,0.01,0.07,0.02,1,0,1,1,9999991.0,999999,193.7135,81.13438,-1344.136,0,0.7302248,0,-0.683207;
custom,cuboid,bombexplosiontex,0.01,0.07,0.02,1,0,1,1,9999991.0,999999,193.6696,81.09438,-1343.945,-0.1754205,0.7088413,0.1641255,-0.6632003;
custom,cuboid,bombexplosiontex,0.01,0.05,0.02,1,0,1,1,9999991.0,999999,193.5716,80.89438,-1342.321,0,0.7302248,0,-0.683207;
custom,cuboid,bombexplosiontex,0.01,0.07,0.02,1,0,1,1,9999991.0,999999,193.5772,80.81438,-1342.712,-0.218367,0.6968099,0.2043068,-0.6519437;
custom,cuboid,bombexplosiontex,0.01,0.07,0.02,1,0,1,1,9999991.0,999999,193.5166,81.91123,-1341.496,-0.2033458,0.709151,0.1860818,-0.6489446;
custom,torus,bombexplosiontex,0.04,0.01,0.04,1,0,1,1,9999991.0,999999,193.6834,83.05747,-1344.236,0.5502833,0.4795278,0.4339771,-0.5281149;
custom,torus,bombexplosiontex,0.04,0.01,0.04,1,0,1,1,9999991.0,999999,193.6278,81.02205,-1341.859,0.4916678,0.5067494,0.5280641,-0.4718221;
custom,cuboid,bombexplosiontex,0.01,0.05,0.05,1,0,1,1,999999,9999990,193.5191,83.03666,-1345.421,0,0.7331712,0,-0.6800442;
custom,cuboid,bombexplosiontex,0.01,0.05,0.05,1,0,1,1,9999991.0,9999991.0,193.5292,83.03947,-1345.002,0,0.7492862,0,-0.6622463;
custom,cuboid,bombexplosiontex,0.01,0.05,0.05,1,0,1,1,9999991.0,9999991.0,193.5087,83.04929,-1344.296,0,0.7074688,0,-0.7067446;
custom,cuboid,bombexplosiontex,0.01,0.05,0.05,1,0,1,1,9999991.0,9999991.0,193.5169,83.04929,-1344.665,-0.09356724,0.7012541,0.0934715,-0.7005363;
custom,cuboid,bombexplosiontex,0.01,0.05,0.05,1,0,1,1,9999991.0,9999991.0,193.5155,83.04929,-1344.554,0.1045706,0.699698,-0.1044635,-0.6989816;
custom,cuboid,bombexplosiontex,0.01,0.05,0.02,1,0,1,1,9999991.0,9999991.0,193.6079,83.04929,-1343.697,0,0.7074688,0,-0.7067446;
custom,cuboid,bombexplosiontex,0.03,0.01,0.02,1,0,1,1,9999991.0,9999991.0,193.6448,83.13293,-1345.307,-0.2729576,0.6493406,0.2750681,-0.6543612;
custom,cuboid,bombexplosiontex,0.03,0.01,0.02,1,0,1,1,1999999.0,999999.0,193.7136,83.13293,-1345.058,0.2258329,0.6671946,-0.227579,-0.6723531;
custom,cuboid,bombexplosiontex,0.03,0.01,0.02,1,0,1,1,1999999.0,1999999.0,193.6528,83.25293,-1343.6,0,0.7059257,0,-0.7082859;
custom,cuboid,bombexplosiontex,0.03,0.01,0.02,1,0,1,1,9999991.0,9999991.0,193.655,83.05293,-1343.643,0,0.7059257,0,-0.7082859;
custom,cuboid,bombexplosiontex,0.03,0.01,0.02,1,0,1,1,9999991.0,9999991.0,193.612,82.81292,-1343.6,0,0.7059257,0,-0.7082859;
custom,cuboid,bombexplosiontex,0.03,0.01,0.02,1,0,1,1,9999991.0,9999991.0,193.6604,81.25439,-1343.339,0,0.7302248,0,-0.683207;
custom,cuboid,bombexplosiontex,0.03,0.01,0.02,1,0,1,1,9999991.0,999999,193.6604,81.01438,-1343.338,0,0.7302248,0,-0.683207;
custom,cuboid,bombexplosiontex,0.03,0.01,0.02,1,0,1,1,9999991.0,999999,193.6525,81.13438,-1343.223,-0.5120031,0.5206545,0.4790362,-0.4871305;
custom,cuboid,bombexplosiontex,0.03,0.01,0.02,1,0,1,1,9999991.0,999999,193.5833,80.97438,-1342.782,-0.3428197,0.6447502,0.3207464,-0.603236;
custom,cuboid,bombexplosiontex,0.03,0.01,0.02,1,0,1,1,9999991.0,999999,193.6621,80.85438,-1343.905,-0.2977075,0.666782,0.2785389,-0.6238494;
custom,cuboid,bombexplosiontex,0.03,0.01,0.02,1,0,1,1,9999991.0,999999,193.6095,82.25437,-1341.973,0,0.7302248,0,-0.683207;
custom,cuboid,bombexplosiontex,0.03,0.01,0.02,1,0,1,1,19999991.0,999999,193.5696,82.0144,-1341.976,0,0.7302248,0,-0.683207;
custom,cuboid,bombexplosiontex,0.03,0.01,0.02,1,0,1,1,19999991.0,999999,193.5589,82.13441,-1341.815,-0.5199391,0.5127295,0.4864613,-0.4797159;
custom,cuboid,bombexplosiontex,0.03,0.01,0.02,1,0,1,1,9999991.0,999999,193.4984,82.05441,-1341.505,-0.3292419,0.6517883,0.3080428,-0.6098209;
custom,cuboid,bombexplosiontex,0.01,0.05,0.02,1,0,1,1,9999991.0,999999,193.6711,81.01438,-1343.499,0,0.7302248,0,-0.683207;
custom,cuboid,bombexplosiontex,0.01,0.05,0.02,1,0,1,1,9999991.0,999999,193.6145,80.77438,-1343.286,0.2511361,0.6956979,-0.2055721,-0.6408396;
custom,cuboid,bombexplosiontex,0.01,0.07,0.02,1,0,1,1,9999991.0,999999,193.5768,82.31124,-1342.173,0,0.7377293,0,-0.6750966;
custom,cuboid,bombexplosiontex,0.01,0.07,0.02,1,0,1,1,9999991.0,999999,193.7135,81.13438,-1344.136,0,0.7302248,0,-0.683207;
custom,cuboid,bombexplosiontex,0.01,0.07,0.02,1,0,1,1,9999991.0,999999,193.6696,81.09438,-1343.945,-0.1754205,0.7088413,0.1641255,-0.6632003;
custom,cuboid,bombexplosiontex,0.01,0.05,0.02,1,0,1,1,9999991.0,999999,193.5716,80.89438,-1342.321,0,0.7302248,0,-0.683207;
custom,cuboid,bombexplosiontex,0.01,0.07,0.02,1,0,1,1,9999991.0,999999,193.5772,80.81438,-1342.712,-0.218367,0.6968099,0.2043068,-0.6519437;
custom,cuboid,bombexplosiontex,0.01,0.07,0.02,1,0,1,1,9999991.0,999999,193.5166,81.91123,-1341.496,-0.2033458,0.709151,0.1860818,-0.6489446;
custom,torus,bombexplosiontex,0.04,0.01,0.04,1,0,1,1,9999991.0,999999,193.6834,83.05747,-1344.236,0.5502833,0.4795278,0.4339771,-0.5281149;
custom,torus,bombexplosiontex,0.04,0.01,0.04,1,0,1,1,9999991.0,999999,193.6278,81.02205,-1341.859,0.4916678,0.5067494,0.5280641,-0.4718221;
custom,boulder1,bombexplosiontex,.02,.02,.02,1,0,1,1,999999,9999999,360.3234,108.1255,-1453.71,0.4436951,0.002557491,0.001266213,-0.8961733;
custom,boulder1,bombexplosiontex,.02,.02,.02,1,0,1,1,999999,9999999,360.3234,108.1255,-1453.71,0.4436951,0.002557491,0.001266213,-0.8961733;
custom,boulder1,bombexplosiontex,.02,.02,.02,1,0,1,1,999999,9999999,360.3234,108.1255,-1453.71,0.4436951,0.002557491,0.001266213,-0.8961733;
custom,boulder1,bombexplosiontex,.02,.02,.02,1,0,1,1,999999,9999999,360.3234,108.1255,-1453.71,0.4436951,0.002557491,0.001266213,-0.8961733;
custom,boulder1,bombexplosiontex,.02,.02,.02,1,0,1,1,999999,9999999,360.3234,108.1255,-1453.71,0.4436951,0.002557491,0.001266213,-0.8961733;
custom,boulder1,bombexplosiontex,.02,.02,.02,1,0,1,1,999999,9999999,360.3234,108.1255,-1453.71,0.4436951,0.002557491,0.001266213,-0.8961733;
custom,leaf0,bombexplosiontex,.1,.1,.1,1,0,1,1,1,1,360.2422,108.0848,-1453.564,-0.09726754,0.04673902,0.287409,0.9517093;
custom,leaf0,bombexplosiontex,.1,.1,.1,1,0,1,1,1,1,360.2422,108.0848,-1453.564,-0.5342683,0.4783921,0.4654014,0.5187485;
custom,leaf0,bombexplosiontex,.15,.15,.1,1,0,1,1,1,1,360.4586,108.0848,-1453.742,-0.5097654,0.1462639,0.2203681,0.8186477;
custom,leaf0,bombexplosiontex,.15,.15,.1,1,0,1,1,1,1,360.5708,107.9648,-1453.685,-0.2459835,-0.4303785,-0.1258188,0.8593231;
custom,field2,default,.1,.1,.1,0,1,1,1,1.0,1.0,260.2832,130.0108,-1410.028,0,0.7839091,0,0.6208757;
custom,field2,default,.1,.1,.1,0,1,1,1,1.0,1.0,256.8279,130.539,-1410.924,0,0.9974028,0,0.07202614;
custom,field2,default,.1,.1,.1,0,1,1,1,1.0,1.0,254.8057,131.0948,-1413.899,0,0.9418791,0,0.335952;
custom,field2,default,.1,.1,.1,0,1,1,1,1.0,1.0,253.3737,130.4679,-1411.973,0,0.8829026,0,0.4695562;
custom,field2,default,.1,.1,.1,0,1,1,1,1.0,1.0,251.7273,130.393,-1419.331,0,0.1392759,0,-0.9902536;
custom,field2,default,.1,.1,.1,0,1,1,1,1.0,1.0,255.9093,130.6731,-1418.822,0,0.1392759,0,-0.9902536;
custom,cone,ice1,.005,.005,.02,0,1,1,1,1,1,361.0807,108.8455,-1437.103,0.04820174,0.7381004,0.6713262,0.04696381;
custom,cone,ice1,.005,.005,.02,0,1,1,1,1,1,359.4877,109.0649,-1437.129,-0.09079506,0.7407952,0.6554084,0.1158386;
custom,cone,ice1,.005,.005,.02,0,1,1,1,1,1,359.6921,109.0249,-1436.975,0.008331324,0.8337906,0.5518745,-0.01258725;
custom,cone,ice1,.005,.005,.02,0,1,1,1,1,1,359.888,109.1449,-1437.143,-0.0144399,0.8343548,0.5474018,-0.06320546;
custom,cone,ice1,.005,.005,.02,0,1,1,1,1,1,360.8887,108.8288,-1437.018,0.02528453,0.8614363,0.5054017,-0.04309643;
custom,cone,ice1,.005,.005,.02,0,1,1,1,1,1,361.2677,108.9889,-1437.252,0.03284647,0.752622,0.6565543,-0.0376526;
custom,cone,ice1,.005,.005,.02,0,1,1,1,1,1,361.0403,109.1248,-1437.792,0.6308457,-0.06309368,-0.03025101,-0.7727469;
custom,cone,ice1,.005,.005,.02,0,1,1,1,1,1,359.675,109.1125,-1437.767,-0.02215416,0.751396,-0.6575924,-0.04985559;
custom,cone,ice1,.005,.005,.02,0,1,1,1,1,1,360.2482,111.5714,-1438.842,-0.1176255,0.03349534,0.004171865,0.9924842;
custom,cone,ice1,.005,.01,.02,0,1,1,1,1,1,360.1765,111.1423,-1439.561,0.4121462,0.004244521,0.001920043,-0.9111058;
custom,cone,ice1,.005,.01,.02,0,1,1,1,1,1,360.3922,112.1997,-1435.905,-0.005263778,0.9760072,0.2163757,0.02374336;