custom,house2,default,1,1,1,0,1,1,1,1,1,-9.42506,-2.054648,-8.59323,0,-0.003316019,0,-0.9999945;
base,aot_supply,-28.13582,-1.6834,-8.095647,-0.4965275,-0.5033237,0.5086212,-0.4913555;
base,aot_supply,8.806299,-1.664487,-9.062362,-0.5033572,0.4965899,-0.4948584,-0.505119;
custom,house3,default,1,1,1,0,1,1,1,1,1,31.2482,0.1422055,22.10296,0,0.9999284,0,-0.01197123;
custom,house3,default,1,1,1,0,1,1,1,1,1,-49.09869,0.07320337,22.7597,0,0.9997883,0,-0.02057814;
custom,pillar1,default,0.75,0.75,0.75,0,1,1,1,1,1,13.54237,-0.2175895,115.8478,0,0.7135581,0,0.7005961;
custom,pillar1,default,0.75,0.75,0.75,0,1,1,1,1,1,-37.96768,-0.07460776,114.5003,0,0.9999497,0,0.01003447;
custom,field1,default,0.75,0.75,0.75,0,1,1,1,1,1,26.24024,-1.629938,-11.67433,0,-0.8426087,0,-0.5385262;
custom,field1,default,0.75,0.75,0.75,0,1,1,1,1,1,-51.28977,-0.4198903,-6.232079,0,0.9444226,0,0.3287339;
customb,house1,default,1,1,3,0,1,1,1,1,1,-1.744547,16.04825,-63.32864,0,0.7089676,0,-0.7052411;
custom,cuboid,stone2,2.221,3.8,2.221,0,1,1,1,1,1,104.8117,18.86477,-65.85449,0,-0.0003796245,0,0.9999999;
custom,cuboid,stone2,2.221,3.8,2.221,0,1,1,1,1,1,-123.549,18.65175,-67.25521,0,0.7048201,0,0.7093861;
customb,house1,default,1,1,3,0,1,1,1,1,1,-125.2949,15.73116,54.87843,0,0.9999897,0,-0.004544401;
customb,house1,default,1,1,3,0,1,1,1,1,1,102.7071,16.40913,55.65964,0,0.9999965,0,-0.002655564;
customb,arch1,default,1,1,2.6,0,1,1,1,1,1,106.7868,97.43237,43.21525,0,3.244944E-05,0,-1;
customb,arch1,default,1,1,2.6,0,1,1,1,1,1,-120.8191,96.54514,43.19029,0,-0.004105768,0,-0.9999916;
custom,tower4,default,1,1,1,0,1,1,1,1,1,104.0761,90.87345,142.7295,0,0.9999681,0,0.007987229;
base,aot_supply,104.0566,148.8972,-59.2694,-0.00921753,0.9750451,-0.2179486,-0.04123686;
base,aot_supply,98.48032,149.1126,140.2389,0.2102807,0.6716385,-0.2079069,0.6793074;
base,aot_supply,112.7851,148.8573,140.9379,-0.1536871,0.7023696,-0.1595744,-0.6764565;
base,aot_supply,105.7371,149.5822,147.2723,0.00113213,0.9922903,-0.1235963,0.009089283;
base,aot_supply,111.9056,148.3268,-66.0233,-0.1473721,0.6953422,-0.1490684,-0.6874294;
base,aot_supply,105.7847,148.2573,133.5041,-0.2350794,0.02248235,-0.005439054,-0.9717009;
custom,house6,default,1,1,1,0,1,1,1,1,1,-74.14682,-0.1477125,101.1102,0,0.000836721,0,0.9999996;
custom,house6,default,1,1,1,0,1,1,1,1,1,51.55644,-0.2655135,100.2634,0,0.9999759,0,-0.006942892;
custom,tower4,default,1,1,1,0,1,1,1,1,1,103.1223,90.35722,-64.26481,0,0.9999971,0,-0.002421395;
custom,tower4,default,1,1,1,0,1,1,1,1,1,-122.0972,89.45499,-69.37153,0,0.003812196,0,-0.9999927;
custom,tower2,default,1,1.5,1,0,1,1,1,1,1,-517.2549,-15.52366,537.0408,0,0.9995243,0,0.03084262;
custom,tower2,default,1,1.5,1,0,1,1,1,1,1,483.817,-15.52366,-467.8135,0,0.9995243,0,0.03084262;
custom,tower2,default,1,1.5,1,0,1,1,1,1,1,-494.5645,-15.92366,-489.2883,0,0.9995243,0,0.03084262;
custom,tower2,default,1,1.5,1,0,1,1,1,1,1,550.1741,-15.32366,596.6406,0,0.9995243,0,0.03084262;
base,aot_supply,484.2275,0.1039536,-484.6362,0,0.9995675,0,0.0294078;
base,aot_supply,480.0023,0.2006707,-490.8093,0,0.7022943,0,0.7118867;
base,aot_supply,-487.226,0.5563944,-512.395,0,0.7238527,0,-0.6899546;
base,aot_supply,-493.3874,0.3733506,-506.4885,0,0.9997126,0,0.02397235;
base,aot_supply,-513.2794,0.4244329,508.454,0,0.01027126,0,-0.9999472;
base,aot_supply,-509.8851,0.07671313,514.4672,0,0.7167856,0,-0.6972936;
base,aot_supply,552.4362,0.7604922,568.4142,0,0.01565531,0,-0.9998775;
base,aot_supply,545.7282,0.9279093,573.3629,0,0.6953156,0,0.7187045;
custom,tower2,default,1,1.2,1,0,1,1,1,1,1,142.0613,-13.05209,-101.5138,0,0.9273649,0,0.3741582;
spawnpoint,playerC,-72.06998,1.481604,187.1398,0,0.6573467,0,0.7535883;
spawnpoint,playerC,70.18999,1.241592,197.1899,0,0.7721863,0,0.6353962;
customb,arch1,default,0.5,0.5,1.4,0,1,1,1,1,1,-16.8243,34.87022,189.5946,-0.7212865,0.001208811,0.6926346,0.001258733;
customb,arch1,default,0.5,0.5,1,0,1,1,1,1,1,-84.25636,37.7438,67.12787,-0.8566656,-0.004556329,-0.5156834,0.01319794;
customb,arch1,default,1,1,2.8,0,1,1,1,1,1,-14.74216,97.21571,141.772,0,0.7140703,0,-0.7000741;
customb,arch1,default,1,1,2.8,0,1,1,1,1,1,-7.118545,97.22867,-68.54715,0,0.7031388,0,0.7110527;
custom,plane,ice1,30,1,30,0,1,1,1,1,1,-6.746889,149.0657,30.18073,0,0.99993,0,-0.01183475;
custom,pillar1,default,0.8,0.5,0.8,0,1,1,1,1,1,1.622965,-2.59569,214.3421,0,0.9992446,0,0.03886225;
customb,arch1,default,1,1,2.8,0,1,1,1,1,1,-6.875816,35.86467,108.4373,-0.7053472,-0.001236924,0.7088599,-0.001231306;
customb,arch1,default,0.5,0.5,1,0,1,1,1,1,1,17.29214,16.57294,72.29317,0.9555804,0.01698512,-0.1128509,0.2717395;
customb,arch1,default,1,1,1.2,0,1,1,1,1,1,-17.19862,28.29409,212.071,-0.7237623,-0.05172523,0.6862783,0.05014746;
custom,pillar1,default,0.8,0.5,0.8,0,1,1,1,1,1,-29.15817,-2.834569,212.8568,0,0.9994632,0,0.03276166;
customb,arch1,default,0.5,0.5,1,0,1,1,1,1,1,-34.47751,17.34491,73.06641,-0.9577466,0.04429046,-0.1287652,-0.2533367;
customb,arch1,default,0.5,0.5,1,0,1,1,1,1,1,14.86541,37.61291,7.819978,0.3092369,0.001755083,0.9509706,-0.004933083;
customb,arch1,default,0.5,0.5,1,0,1,1,1,1,1,-89.94695,36.51239,-11.81445,0.8831871,0.001529666,0.4688792,-0.01142085;
customb,arch1,default,0.5,0.5,1,0,1,1,1,1,1,-23.24036,37.24187,-26.40825,0.6454101,0.002030601,0.763828,-0.002925364;
base,aot_supply,104.6406,148.8548,-73.05672,0.1201213,0.01595992,-0.001931362,0.9926291;
base,aot_supply,97.5411,149.2443,-65.97758,0.07412254,0.7159141,-0.06868945,0.6908361;
base,aot_supply,-123.2724,148.5432,-74.46783,0.1889897,0.0328427,-0.006324505,0.9814093;
base,aot_supply,-116.8868,148.9461,-66.73463,-0.1408894,0.6800874,-0.126124,-0.7083248;
base,aot_supply,-124.0946,149.0992,-60.24059,-0.001751864,0.9938343,-0.1097203,-0.01586819;
base,aot_supply,-130.5821,148.6144,-66.90662,0.149145,0.6936323,-0.1448552,0.6896716;
base,aot_supply,-128.5109,149.6113,139.2062,0.1079751,0.7174343,-0.06363783,0.6852588;
base,aot_supply,-122.0955,150.1785,131.9214,-0.151253,-0.007141505,-0.00154716,-0.9884681;
base,aot_supply,-115.0443,148.7485,139.5697,-0.08062038,0.6974904,-0.07946897,-0.7075961;
base,aot_supply,-121.1444,149.1636,145.9769,-0.001058602,0.9941032,-0.1079942,-0.0097446;
custom,house5,default,1,1,1,0,1,1,1,1,1,52.81152,15.46383,199.6393,0,0.8630032,0,0.5051985;
custom,tree2,default,0.4,0.4,0.4,0,1,1,1,1,1,-99.68996,27.87128,121.518,0,0.8565087,0,0.5161325;
custom,leaf1,default,0.4,0.4,0.4,0,1,1,1,1,1,-102.6536,61.66784,119.0991,0,0.1979032,0,0.9802216;
custom,leaf1,default,0.4,0.4,0.4,0,1,1,1,1,1,-95.61043,59.2277,123.8418,0.1481848,0.7725755,0.1954917,-0.5856205;
custom,leaf1,default,0.4,0.4,0.4,0,1,1,1,1,1,-93.78722,57.45108,116.4938,0.3185254,0.7900692,-0.08583112,-0.5166868;
custom,leaf1,default,0.4,0.4,0.4,0,1,1,1,1,1,-104.7437,57.19326,113.6163,-0.3292848,0.3189104,0.1192356,0.8807102;
custom,leaf1,default,0.4,0.4,0.4,0,1,1,1,1,1,-108.1869,56.53556,124.1614,-0.1684317,0.6703137,0.3892781,0.6089113;
custom,leaf1,default,0.4,0.4,0.4,0,1,1,1,1,1,-102.9947,57.31214,131.9252,-0.1265394,0.9268799,0.3439642,0.0810562;
custom,tree3,default,0.4,0.4,0.4,0,1,1,1,1,1,82.27197,37.25975,134.1785,0,0.1322744,0,-0.9912131;
custom,tower4,default,1,1,1,0,1,1,1,1,1,-123.4569,89.63069,141.3842,3.310323E-06,0.9999967,-0.001745339,0.001896664;
custom,village1,default,1,1,1,0,1,1,1,1,1,-22.2933,-0.4246052,-209.1496,0,0.9998953,0,0.01446689;
custom,house5,default,1,1,1,0,1,1,1,1,1,-89.31859,15.42726,187.8413,0,-0.463917,0,-0.8858787;
customb,arch1,default,0.5,0.5,1,0,1,1,1,1,1,-4.327863,38.21086,46.54137,-0.8338968,-0.007796001,-0.5518017,-0.008384032;
customb,arch1,default,0.5,0.5,1,0,1,1,1,1,1,68.21339,37.67602,15.95262,0.890322,-0.006960144,0.4552782,0.0002678882;
customb,arch1,default,0.5,0.5,1.4,0,1,1,1,1,1,10.44562,99.86209,61.02939,0.8534467,0.04126748,0.5192307,0.01803585;
customb,arch1,default,0.5,0.5,0.5,0,1,1,1,1,1,-59.92195,37.85838,-49.36258,0.9981562,-0.001571629,-0.05295374,-0.02962446;
customb,arch1,default,0.5,0.5,1,0,1,1,1,1,1,-6.573963,93.74809,-90.42877,-0.4999737,0.05280293,0.8588023,0.09847213;
customb,arch1,default,0.5,0.5,1,0,1,1,1,1,1,-9.693026,69.07089,-114.1307,0.690595,0.07419731,-0.6781951,0.2400517;
base,aot_supply,-54.35887,38.31629,46.18745,0.6137448,0.3959457,-0.372849,0.5723007;
custom,tower2,default,1,1,2,0,1,1,1,1,1,-7.044637,-19.23009,-110.6019,0,0.7107614,0,0.7034332;
customb,arch1,default,0.5,0.5,1,0,1,1,1,1,1,-39.58405,47.29381,-93.6304,-0.2839486,0.1647986,-0.9369174,-0.1200022;
customb,arch1,default,0.5,0.5,1,0,1,1,1,1,1,38.22104,36.75962,-46.32654,0.3923369,-0.01282846,-0.9197311,-0.001335879;
customb,arch1,default,0.5,0.5,1,0,1,1,1,1,1,-31.62651,37.60535,78.93023,0.9660034,-0.004053858,-0.2580518,-0.01517504;
customb,arch1,default,0.5,0.5,1,0,1,1,1,1,1,-61.87679,37.8554,11.95039,-0.1339998,-0.01383622,-0.990883,0.001871107;
customb,arch1,default,0.5,0.5,1,0,1,1,1,1,1,33.089,37.17689,74.18476,-0.9975851,0.003637683,-0.06906574,0.006373454;
base,aot_supply,38.98907,37.305,34.9902,-0.6091803,0.3245735,-0.343977,-0.6365778;
customb,arch1,default,0.5,0.5,1.4,0,1,1,1,1,1,51.00967,100.1448,81.30707,-0.9997436,0.0008926576,0.02238823,0.003266952;
customb,arch1,default,0.5,0.5,1.4,0,1,1,1,1,1,54.00563,100.0557,29.96718,-0.8669485,-0.003334674,0.4982919,-0.00971326;
customb,arch1,default,0.5,0.5,1.4,0,1,1,1,1,1,-36.50276,99.35732,94.62085,0.2994247,0.00321061,0.9540865,-0.007311812;
customb,arch1,default,0.5,0.5,1.4,0,1,1,1,1,1,-67.77599,98.62576,49.63648,-0.5986819,0.01067586,0.8008329,0.0115213;
customb,arch1,default,0.5,0.5,1.4,0,1,1,1,1,1,12.80292,98.73103,-11.35697,-0.2920215,-0.01387677,0.956309,-0.002005548;
customb,arch1,default,0.5,0.5,1.4,0,1,1,1,1,1,-53.50159,98.5092,12.01861,-0.3344074,0.005110952,0.9424028,0.004755744;
customb,arch1,default,0.5,0.5,0.6,0,1,1,1,1,1,-1.250711,98.31453,-28.21492,-0.7877768,-0.009673399,0.6157604,-0.01237576;
customb,arch1,default,0.5,0.5,0.6,0,1,1,1,1,1,-38.50376,98.97433,-48.55557,-0.9079522,0.01245615,0.4179704,0.0277201;
customb,arch1,default,0.5,0.5,0.6,0,1,1,1,1,1,-99.70042,99.97337,35.01086,-0.739957,0.01173727,0.6724277,0.01291597;
customb,arch1,default,0.5,0.5,1,0,1,1,1,1,1,-92.63813,100.705,2.907096,-0.4421101,0.00156522,0.8969591,0.0007716018;
customb,arch1,default,0.5,0.5,0.8,0,1,1,1,1,1,-82.78903,100.7409,-42.89999,-0.9372064,0.005189923,0.348736,-0.0006933163;
customb,arch1,default,0.5,0.5,2,0,1,1,1,1,1,86.97694,97.78593,-117.9027,-0.675258,-0.01642776,0.7219095,-0.1503445;
customb,arch1,default,0.5,0.5,1.75,0,1,1,1,1,1,154.1521,130.4846,-53.52671,0.9825569,-0.101925,0.09172114,0.1256201;
base,aot_supply,52.61892,99.38206,33.75518,-0.5562493,0.3940921,-0.3377783,-0.6489869;
base,aot_supply,-20.85248,96.60852,-30.34242,0.6018717,0.2792602,-0.2368297,0.7097014;
base,aot_supply,-85.27419,98.25145,51.10562,0.6620533,0.2943993,-0.3190378,0.6109251;
base,aot_supply,-47.80862,59.09693,-117.3343,0.09573273,0.8574089,-0.49843,0.08516301;
base,aot_supply,35.8849,85.67869,-105.823,0.005394445,0.6908622,-0.72295,0.0048529;
base,aot_supply,154.6693,113.4229,-112.5781,0.3378357,0.618085,-0.6267765,0.3331506;
customb,arch1,default,0.5,0.5,0.3,0,1,1,1,1,1,145.6795,147.6553,14.89494,-0.1638463,0.0129985,0.9862786,0.01549062;
custom,capsule,lava1,1,1.5,1,0,1,1,1,1,1,80.89165,163.8882,78.37848,0,0.6973018,0,0.7167777;
custom,capsule,lava1,1,1.5,1,0,1,1,1,1,1,76.94885,162.6882,1.626721,0,0.6973018,0,0.7167777;
custom,capsule,lava1,1,1.5,1,0,1,1,1,1,1,37.61711,163.6882,120.5952,0,0.6973018,0,0.7167777;
custom,capsule,lava1,1,1.5,1,0,1,1,1,1,1,-53.73041,164.0882,119.3298,0,0.6973018,0,0.7167777;
custom,capsule,lava1,1,1.5,1,0,1,1,1,1,1,36.13905,162.5087,-44.4393,0,0.003621548,0,0.9999934;
custom,capsule,lava1,1,1.5,1,0,1,1,1,1,1,-52.74144,163.0513,-45.55311,0,0.01384396,0,-0.9999042;
custom,capsule,lava1,1,1.5,1,0,1,1,1,1,1,-96.76255,164.7146,69.16261,0,0.7065722,0,0.707641;
custom,capsule,lava1,1,1.5,1,0,1,1,1,1,1,-96.71915,163.5146,-1.783867,0,0.7218409,0,0.692059;
custom,cone,lava1,1,1.5,1,0,1,1,1,1,1,-10.16307,189.2838,31.71256,-0.6058915,-0.00416516,0.7955301,-0.003172599;
custom,sphere,lava1,1,1,1,0,1,1,1,1,1,-54.98875,184.7209,74.88298,0,0.9307427,0,-0.3656747;
custom,sphere,lava1,1,1,1,0,1,1,1,1,1,31.99441,184.9209,72.46048,0,0.9307427,0,-0.3656747;
custom,sphere,lava1,1,1,1,0,1,1,1,1,1,26.65404,187.1209,3.103829,0,0.9307427,0,-0.3656747;
custom,sphere,lava1,1,1,1,0,1,1,1,1,1,-57.92022,186.5033,-8.645542,0,0.3898756,0,0.9208676;
customb,arch1,default,0.5,0.5,1.2,0,1,1,1,1,1,59.34581,35.86646,155.0512,0.1033875,-0.01735877,0.9944881,0.001804638;
customb,arch1,default,0.5,0.5,1.2,0,1,1,1,1,1,-80.23994,35.58491,150.3732,0.9666137,0.004017765,0.2557562,-0.01518501;
custom,field2,default,0.5,0.5,0.5,0,1,1,1,1,1,2.30527,-0.108734,22.14581,0,0.9998234,0,0.01879279;
custom,field2,default,0.5,0.5,0.5,0,1,1,1,1,1,-22.20871,0.08248644,58.88151,0,0.9998702,0,-0.0161106;
custom,field2,default,0.5,0.5,0.5,0,1,1,1,1,1,40.74414,-0.6626372,61.70201,0,0.5213403,0,0.8533489;
custom,field2,default,0.5,0.5,0.5,0,1,1,1,1,1,-62.69037,0.3444257,181.8809,0,0.5567539,0,-0.8306775;
custom,field2,default,0.5,0.5,0.5,0,1,1,1,1,1,59.0083,-0.6112875,175.5894,0,0.4827897,0,0.8757363;
custom,field2,default,0.5,0.5,0.5,0,1,1,1,1,1,-88.7977,0.06113939,144.2314,0,0.9069515,0,-0.4212349;
customb,arch1,default,0.5,0.5,0.5,0,1,1,1,1,1,-29.84904,2.895411,203.4215,-0.5787008,-0.004008123,-0.8155101,0.005715727;
customb,arch1,default,0.5,0.5,0.5,0,1,1,1,1,1,2.436497,3.174013,202.1451,-0.5918724,-0.001406624,0.8060299,-0.00103313;
custom,field2,default,0.25,0.25,0.25,0,1,1,1,1,1,-52.93576,37.54163,48.22399,0,0.8156262,0,0.5785792;
custom,field2,default,0.25,0.25,0.25,0,1,1,1,1,1,37.72127,37.69549,36.5138,0,0.7815059,0,0.6238979;
custom,field2,default,0.25,0.25,0.25,0,1,1,1,1,1,-20.88138,96.85921,-30.51753,0,0.08458382,0,-0.9964164;
custom,field2,default,0.25,0.25,0.25,0,1,1,1,1,1,-84.11107,98.56464,53.0733,0,0.3148801,0,-0.9491315;
custom,field2,default,0.25,0.25,0.25,0,1,1,1,1,1,51.17804,100.8545,35.12748,0,0.6038483,0,0.7970994;
custom,field2,default,1,0.2,1,0,1,1,1,1,1,-8.960984,208.158,33.69998,0,0.997113,0,0.07593131;
custom,tower2,default,0.1,0.1,0.1,0,1,1,1,1,1,147.6895,146.0487,26.27555,0,0.6475875,0,-0.7619912;
custom,sphere,bark3,0.1,0.1,0.1,0,1,1,1,1,1,145.3218,161.6038,26.62393,0,0.5055047,0,-0.8628239;
spawnpoint,titan,-172.6968,2.157496,530.4954,0,0.01753303,0,-0.9998463;
custom,cuboid,default,1,1,4,0,1,1,1,1,1,-188.1971,4.601228,526.9004,0,0.9993848,0,0.0350726;
custom,cuboid,default,1,1,3,0,1,1,1,1,1,-167.2999,4.408915,512.608,0,0.6939185,0,0.7200537;
custom,cuboid,default,1,1,3,0,1,1,1,1,1,-172.4646,4.543203,544.1907,0,0.7103161,0,-0.7038829;
custom,cuboid,default,1,1,3,0,1,1,1,1,1,-155.7953,4.62877,530.7935,0,0.9996763,0,0.0254404;
custom,cone,default,1,1,1,0,1,1,1,1,1,-169.1398,18.34259,526.7316,0,0.004606143,0,-0.9999894;
spawnpoint,playerC,59.86897,13.88483,201.0247,0,0.4947559,0,-0.869032;
spawnpoint,playerC,-93.88323,12.91206,181.8858,0,0.8106,0,-0.5856002;
spawnpoint,playerM,-13.99792,208.6379,34.35946,0,0.4899555,0,0.8717475;
spawnpoint,playerM,-101.0373,150.5906,-95.33498,0,0.03641848,0,0.9993367;
spawnpoint,playerM,106.7131,150.3062,-93.42414,0,0.002858309,0,-0.9999959;
spawnpoint,playerM,-54.24405,74.70339,-132.434,0,0.5782839,0,0.8158356;
custom,cuboid,crystal1,1,50,40,0,1,1,1,1,1,15.74134,240.1424,-161.7984,0,0.7111236,0,0.7030671;
custom,cuboid,crystal1,1,30,60,0,1,1,1,1,1,194.6288,145.5881,-18.78238,0,0.9999954,0,0.003050756;
custom,cuboid,crystal1,1,30,60,0,1,1,1,1,1,-170.6606,145.9263,-17.95562,0,0.9999415,0,-0.01081658;
custom,cuboid,crystal1,40,30,1,0,1,1,1,1,1,9.007471,146.0243,278.9148,0,0.9999846,0,-0.005546943;
custom,cuboid,crystal1,40,1,50,0,1,1,1,1,1,10.2275,282.1473,31.4022,0,0.9999949,0,0.003212403;
custom,arc180,lava1,7,8,5,0,1,1,1,1.0,1.0,-58.33017,163.3173,291.9742,-0.002133943,-0.7041484,-0.710027,0.005674872;
custom,cuboid,lava1,4,20,4,0,1,1,1,1.0,1.0,-113.5679,112.1769,292.7197,2.635731E-05,0.01021509,-0.001745129,-0.9999464;
custom,cuboid,ice1,4,20,4,0,1,1,1,1.0,1.0,76.69469,111.9268,291.4563,0,0.004557875,0,0.9999896;
custom,cuboid,ice1,20,4,4,0,1,1,1,1.0,1.0,75.91759,191.9256,289.9583,0,0.004557875,0,0.9999896;