custom,cone,crystal2,.5,2,.5,0,1,1,1,1.0,1.0,-11.14652,21.75351,-10.44008,0,0.9989513,0,-0.0457865;
custom,cone,crystal2,.3,1.5,.3,0,1,1,1,1.0,1.0,-5.219298,3.05812,-5.41728,0,0.9922794,0,-0.1240224;
custom,cone,crystal2,.3,1.5,.3,0,1,1,1,1.0,1.0,-8.070168,19.47643,-5.799154,0.0004793366,0.9993902,0.0314071,-0.01525274;
custom,cone,crystal2,.3,1.5,.3,0,1,1,1,1.0,1.0,-4.029802,-5.613977,-2.742687,0,0.9993128,0,-0.03706612;
custom,cone,crystal2,.3,1.5,.3,0,1,1,1,1.0,1.0,-11.06646,-10.32425,-7.496518,0.04365669,0.8899214,0.1280435,0.4355904;
custom,cone,crystal2,.3,1.5,.3,0,1,1,1,1.0,1.0,-14.66508,0.3764262,-5.683604,0,0.9917241,0,0.1283873;
custom,cone,crystal2,.3,1.5,.3,0,1,1,1,1.0,1.0,-12.29469,-10.48276,-7.937135,-0.07536357,0.4551657,0.1330889,0.8771727;
custom,cone,crystal2,.3,1.5,.3,0,1,1,1,1.0,1.0,-16.28076,-1.722432,-12.18725,0,0.2923433,0,0.9563134;
custom,cone,crystal2,.3,1.5,.3,0,1,1,1,1.0,1.0,-14.70628,-6.132464,-14.8055,0,0.2881566,0,0.9575833;
custom,cone,crystal2,.3,1.5,.3,0,1,1,1,1.0,1.0,-11.43931,7.148156,-17.00477,0.06427313,0.09858272,-0.01493977,-0.9929387;
custom,cone,crystal2,.3,1.5,.3,0,1,1,1,1.0,1.0,-8.946558,-9.916091,-19.52724,0,0.3111987,0,-0.9503449;
custom,cone,crystal2,.3,1.5,.3,0,1,1,1,1.0,1.0,-9.204784,0.8237597,-15.67736,0,0.7299554,0,-0.6834947;
custom,cone,crystal2,.3,1.5,.3,0,1,1,1,1.0,1.0,-4.152761,-1.841275,-15.64742,0,0.3112594,0,-0.950325;
custom,cone,crystal2,.3,1.5,.3,0,1,1,1,1.0,1.0,-3.596691,-10.24127,-7.953512,0.1650223,0.3065311,0.05404969,-0.9358873;
custom,cone,crystal2,.3,1.5,.3,0,1,1,1,1.0,1.0,-3.031959,-7.306132,-8.884319,0,0.7921381,0,-0.6103419;
custom,cylinder,stone4,3,1,3,0,1,1,1,1.0,1.0,-8.682203,-2.388525,-10.53535,0,0.5171316,0,-0.8559059;
custom,arc180,metal3,40,35,40,0,1,1,1,10,10,230.9192,81.37831,53.47957,0,0.9891174,0,0.1471286;
custom,cuboid,metal3,20,20,2,0,1,1,1,10,10,57.63832,-13.11508,7.698525,0,0.8060672,0,-0.5918241;
custom,arc180,metal3,10,20,10,0,1,1,1,10,10,-55.15059,40.105,-26.31572,0,0.1570504,0,-0.9875906;
custom,arc180,metal3,8,20,8,0,1,1,1,10,10,88.77463,40.06091,-110.0255,0,0.8004412,0,-0.5994113;
custom,arc180,metal3,8,20,8,0,1,1,1,10,10,18.99825,40.07769,121.1232,0,0.5941483,0,0.8043555;
custom,cuboid,metal3,10,12,2,0,1,1,1,10,10,114.5496,27.0987,24.89002,0,0.1573432,0,-0.987544;
custom,prism,metal3,10,12,10,0,1,1,1,10,10,183.1818,29.46681,47.83685,0,0.586662,0,0.809832;
custom,cuboid,metal3,2,12,10,0,1,1,1,10,10,198.5298,27.19217,97.97185,0,0.9872577,0,0.1591297;
custom,cuboid,metal3,2,12,10,0,1,1,1,10,10,225.9214,27.22647,14.8499,0,0.9876639,0,0.1565888;
custom,cuboid,metal3,2,12,10,0,1,1,1,10,10,227.3644,27.16539,-74.7766,0,0.9901112,0,-0.1402848;
custom,cuboid,metal3,2,12,10,0,1,1,1,10,10,185.8009,27.43049,-160.1301,0,0.9513938,0,-0.3079771;
custom,cuboid,metal3,2,12,10,0,1,1,1,10,10,147.5853,27.15944,171.595,0,0.4343115,0,-0.9007627;
custom,cuboid,metal3,2,12,10,0,1,1,1,10,10,64.61245,27.28498,215.8032,0,0.5887677,0,-0.8083023;
custom,cuboid,metal3,2,12,10,0,1,1,1,10,10,-24.34628,27.21858,215.7251,0,0.8094904,0,-0.5871332;
custom,cuboid,metal3,2,12,10,0,1,1,1,10,10,113.8322,27.39954,-209.301,0,0.7901427,0,-0.6129231;
custom,cuboid,metal3,2,12,10,0,1,1,1,10,10,-117.4633,27.17189,183.4642,0,0.8199854,0,-0.5723844;
custom,cuboid,metal3,2,12,10,0,1,1,1,10,10,18.05394,27.34579,-233.3556,0,0.7875381,0,-0.6162661;
custom,cuboid,metal3,8,19,30,0,1,1,1,10,10,-205.0972,77.70551,302.3748,0,0.8068684,0,-0.5907313;
custom,cuboid,metal3,8,19,30,0,1,1,1,10,10,0.2468657,77.9986,-377.0881,0,0.7898117,0,-0.6133494;
custom,cuboid,metal3,8,19,30,0,1,1,1,10,10,-482.3954,77.83504,215.1882,0,0.805676,0,-0.5923566;
custom,cuboid,metal3,8,19,30,0,1,1,1,10,10,-287.7986,77.89197,-450.8837,0,0.7904568,0,-0.6125178;
custom,cuboid,metal3,8,19,30,0,1,1,1,10,10,-477.9187,78.10263,-386.4286,0,0.126291,0,-0.9919932;
custom,cuboid,metal3,8,19,30,0,1,1,1,10,10,-554.6415,77.87431,-97.87183,0,0.1332453,0,-0.9910831;
custom,cuboid,metal3,8,19,30,0,1,1,1,10,10,-598.7712,77.81297,65.58489,0,0.1310904,0,-0.9913704;
custom,cylinder,metal3,5,5,5,0,1,1,1,10,10,-157.8588,37.11328,152.8197,0,0.6598424,0,0.7514041;
custom,cylinder,metal3,5,5,5,0,1,1,1,10,10,-33.16061,37.43576,-230.8353,0,0.5484723,0,0.8361688;
custom,cuboid,metal3,10,12,45,0,1,1,1,10,10,-350.1091,26.3362,-117.2409,0,0.1360026,0,-0.9907085;
custom,cuboid,metal3,10,12,10,0,1,1,1,10,10,-305.4629,26.353,79.33316,0,0.9874259,0,0.1580827;
custom,cuboid,metal3,10,12,10,0,1,1,1,10,10,-215.4745,26.26654,-261.636,0,0.9911076,0,0.1330633;
custom,cylinder,metal3,4,12,4,0,1,1,1,10,10,-228.3388,53.51339,-79.55197,0,0.8051564,0,-0.5930627;
custom,cylinder,metal3,4,12,4,0,1,1,1,10,10,191.2501,54.5842,47.81823,0,0.6104659,0,0.7920426;
custom,sphere,metal3,6,6,6,0,1,1,1,10,10,-233.1336,172.896,-82.26217,0,0.8025887,0,-0.5965328;
custom,sphere,metal3,6,6,6,0,1,1,1,10,10,195.6415,168.5519,51.09008,0,0.5770953,0,0.8166769;
custom,cuboid,metal3,15,.5,8,0,1,1,1,10,10,-448.5213,33.15152,-140.8939,0,0.116472,0,-0.993194;
custom,cylinder,metal3,1,10,1,0,1,1,1,10,10,-474.0703,31.98166,-106.0196,-0.4437092,0.5580537,-0.5504801,-0.4343615;
custom,cylinder,metal3,1,10,1,0,1,1,1,10,10,-433.8865,31.90296,-180.3197,-0.4367322,0.5652044,-0.5558529,-0.4252488;
custom,cuboid,metal3,1,.5,7,0,1,1,1,10,10,0.3247747,84.65974,182.3744,0,0.9879615,0,0.1547003;
custom,cuboid,metal3,1,.5,7,0,1,1,1,10,10,114.8987,84.73287,-174.7502,0,0.1482456,0,-0.9889506;
custom,cuboid,metal3,1,.5,16,0,1,1,1,10,10,289.0634,84.64935,80.77622,0,0.5901253,0,0.8073117;
custom,cuboid,metal3,1,.5,12,0,1,1,1,10,10,-281.0141,33.59643,-92.63527,0,0.7962885,0,-0.604917;
racing,checkpointCuboid,13,4,8,-452.4445,15.3435,-144.8651,0,0.9931093,0,0.1171918;
racing,checkpointCuboid,8,4,.1,-281.1108,15.78407,-92.50219,0,0.9910277,0,0.1336565;
racing,checkpointCuboid,8,9,.1,0.3360665,40.96954,185.6221,0,0.5869898,0,0.8095943;
racing,checkpointCuboid,8,9,.1,114.6002,41.64656,-173.4762,0,0.594382,0,0.8041829;
racing,checkpointCuboid,15,9,.1,287.89,40.77602,80.50906,0,0.9873852,0,0.1583369;
spawnpoint,playerC,-446.8585,39.63475,-140.485,0,0.1108286,0,-0.9938396;
spawnpoint,playerC,-475.405,40.08781,-150.0728,0,0.1117131,0,-0.9937405;
spawnpoint,playerC,-482.2435,40.21912,-124.0669,0,0.1056552,0,-0.9944028;
spawnpoint,playerC,-453.627,39.75848,-117.7598,0,0.1173791,0,-0.9930872;
spawnpoint,playerC,-470.5063,40.3124,-172.7852,0,0.1420586,0,-0.9898583;
spawnpoint,playerC,-440.444,39.5124,-164.5506,0,0.1299549,0,-0.9915199;
spawnpoint,playerC,-411.5,39.24503,-155.9905,0,0.1143648,0,-0.9934388;
spawnpoint,playerC,-417.1696,39.34762,-132.8681,0,0.1277971,0,-0.9918004;
spawnpoint,playerC,-423.0308,39.18786,-110.7565,0,0.1200076,0,-0.992773;
custom,cuboid,metal3,1000,1,1000,0,1,1,1,1000,1000,2685.259,-4.66728,868.7895,0,0.5871665,0,0.8094662;
misc,barrier,1000,1,1000,1358.32,-4.416837,2507.84,0,0.2643571,0,0.9644249;
custom,cylinder,metal3,3,1,3,0,1,1,1,1000,1000,-59.2895,8.959438,82.08843,0,0.9242997,0,0.3816676;
racing,startCylinder,1000,.1,1000,2647.814,84.02752,750.3315,0,0.5992457,0,0.8005652;
custom,cylinder,metal3,3,1,3,0,1,1,1,1000,1000,5.4022,9.505834,-117.8959,0,0.2132568,0,0.9769962;
custom,cylinder,metal3,3,1,3,0,1,1,1,1000,1000,71.00771,9.102656,24.89627,0,0.9857443,0,-0.1682506;
custom,cylinder,metal3,3,1,3,0,1,1,1,1000,1000,78.15694,9.129578,0.8947406,0,0.3430777,0,-0.939307;
custom,cylinder,metal3,4,1,4,0,1,1,1,1000,1000,226.9976,5.669796,60.81883,0,0.8532522,0,-0.5214986;
custom,torus,metal3,4,4,4,0,1,1,1,1000,1000,222.1283,11.60875,62.11158,0,0.6251426,0,-0.7805107;
custom,torus,metal3,3,3,3,0,1,1,1,1000,1000,78.47572,16.35317,-0.3460636,0,0.574581,0,-0.8184477;
custom,torus,metal3,3,3,3,0,1,1,1,1000,1000,69.71503,16.21705,22.40933,0,0.9192768,0,-0.3936116;
custom,torus,metal3,3,3,3,0,1,1,1,1000,1000,-56.94123,16.52948,80.73347,0,0.853124,0,0.5217083;
custom,torus,metal3,3,3,3,0,1,1,1,1000,1000,5.977972,16.2354,-117.8174,0,0.3408306,0,0.9401248;
custom,cylinder,metal3,.2,3,.2,0,1,1,1,1.0,1.0,-205.0618,-0.3774191,-72.13153,-0.4192051,0.5694445,-0.5694448,-0.419205;
custom,cylinder,metal2,1,8,1,0,1,1,1,1.0,1.0,-177.5813,2.305732,-64.67989,0,0.6102949,0,0.7921743;
custom,cylinder,metal2,1,8,1,0,1,1,1,1.0,1.0,-133.0227,2.202353,-50.91626,0,0.9431462,0,0.3323781;
custom,cylinder,metal2,1,8,1,0,1,1,1,1.0,1.0,-100.3002,1.92679,-40.80855,0,0.6033816,0,0.7974526;
custom,arc90,metal3,5,20,5,0,1,1,1,1000,1000,-410.8185,23.198,-423.8582,0,0.100339,0,-0.9949533;
custom,arc90,metal3,5,20,5,0,1,1,1,1000,1000,-561.1514,22.82425,129.369,0,-0.5766508,0,-0.8169908;
custom,cylinder,metal3,1,6,1,0,1,1,1,1.0,1.0,-156.2556,82.44877,-58.06792,-0.4186308,0.5707793,-0.5683386,-0.4194645;
custom,cylinder,metal2,1,8,1,0,1,1,1,1.0,1.0,-207.9231,2.463057,-74.18658,0,0.7987528,0,-0.6016593;
custom,cylinder,metal3,.2,3,.2,0,1,1,1,1.0,1.0,-107.9948,-0.1280288,-44.76605,0.555393,0.4366831,-0.4336445,0.5592843;
custom,cylinder,metal3,3,1,3,0,1,1,1,1.0,1.0,-81.84515,-4.520254,-35.62851,0,0.7975218,0,-0.6032901;
custom,torus,metal3,3,4,3,0,1,1,1,1.0,1.0,-83.3677,-0.3602954,-36.15421,0,0.7746155,0,-0.6324325;
racing,killCylinder,.1,2.6,.1,-156.4245,33.40045,-57.21305,-0.4076606,0.5787629,-0.5747369,-0.4105166;
custom,capsule,metal3,4,8,4,0,1,1,1,4,8,-268.6115,55.77688,122.4244,0,0.999997,0,-0.002448848;
custom,capsule,metal3,4,8,4,0,1,1,1,4,8,-154.4635,56.33847,-274.5678,0,0.3323389,0,-0.9431601;
custom,arc90,metal3,5,20,5,0,1,1,1,4,8,-256.192,24.14321,-204.5062,0,0.1381554,0,-0.9904106;
custom,arc90,metal3,5,20,5,0,1,1,1,4,8,-316.8149,24.40099,6.218274,0,0.5956228,0,0.8032643;
custom,arc90,metal3,1,20,1,0,1,1,1,4,8,-132.5166,24.99072,163.4219,0,0.5399562,0,0.8416932;
63497;
custom,arc90,metal3,1,20,1,0,1,1,1,4,8,-5.751608,25.50257,-225.7244,0,0.1014732,0,-0.9948383;
spawnpoint,playerM,70.27128,24.70136,28.83936,0,0.994851,0,-0.1013482;
spawnpoint,playerM,79.8387,24.75021,-3.760304,0,0.653533,0,-0.7568981;
spawnpoint,playerM,-76.70924,9.262001,-35.0413,0,0.779162,0,-0.6268227;
spawnpoint,playerM,227.028,16.50468,61.73922,0,0.7926598,0,-0.6096643;
spawnpoint,playerM,5.485348,24.40603,-119.2758,0,0.1337994,0,0.9910085;
spawnpoint,playerM,-57.79582,23.02209,80.4519,0,0.8486362,0,0.5289769;
custom,arc90,metal3,1,20,1,0,1,1,1,4,8,-258.5185,24.39636,105.7421,0,0.5755293,0,0.8177812;
custom,arc90,metal3,1,20,1,0,1,1,1,4,8,-161.4062,24.36144,-257.2645,0,0.1334157,0,-0.9910602;
custom,arc90,metal3,1,20,1,0,1,1,1,4,8,-209.3478,22.12383,-83.44949,0,0.5828901,0,0.8125511;
custom,arc90,metal3,1,20,1,0,1,1,1,4,8,-214.2296,20.64732,-67.52776,0,0.1624584,0,-0.9867154;
custom,sphere,earth1,5,5,1,0,1,1,1,1.0,1.0,-306.4042,53.86455,-105.3651,0,0.7798904,0,-0.6259162;
custom,sphere,default,.5,.5,.5,1,0.5340909,0.2840909,0,1.0,1.0,-301.2322,59.6254,-110.0408,0,0.6105081,0,-0.79201;
custom,sphere,default,.5,.5,.5,1,0.5340909,0.2840909,0,1.0,1.0,-302.7912,65.11538,-103.1985,0,0.5842699,0,-0.8115594;
custom,sphere,default,.5,.5,.5,1,0.5340909,0.2840909,0,1.0,1.0,-307.337,70.55582,-91.14334,0,0.5771713,0,-0.8166232;
custom,sphere,default,.5,.5,.5,1,0.5340909,0.2840909,0,1.0,1.0,-308.4232,64.55474,-85.80984,0,0.6191205,0,-0.785296;
custom,sphere,default,.5,.5,.5,1,0.5340909,0.2840909,0,1.0,1.0,-304.2849,59.76573,-96.17602,0,0.9108803,0,-0.4126707;
custom,sphere,default,.5,.5,.5,1,0.5340909,0.2840909,0,1.0,1.0,-302.1511,51.58987,-105.5588,0,0.8398799,0,-0.5427724;
custom,sphere,default,.5,.5,.5,1,0.5340909,0.2840909,0,1.0,1.0,-304.7694,47.12789,-97.34766,0,0.8682212,0,-0.4961775;
custom,sphere,default,.5,.5,.5,1,0.5340909,0.2840909,0,1.0,1.0,-307.3503,50.79964,-88.90868,0,0.8526657,0,-0.5224571;
custom,sphere,default,.5,.5,.5,1,0.5340909,0.2840909,0,1.0,1.0,-305.1009,72.67213,-98.27246,0,0.8660533,0,-0.4999517;
;
66967;
