custom,cuboid,brick2,1,10,1000,0,1,1,1,0.01,0.01,0,50,-5425,0,1,0,1;
custom,cuboid,brick2,1,10,1000,0,1,1,1,0.01,0.01,0,50,4460,0,1,0,1;
custom,cuboid,brick2,1,10,1000,0,1,1,1,0.01,0.01,4900,50,-425,0,0,0,0;
custom,cuboid,brick2,1,10,1000,0,1,1,1,0.01,0.01,-5000,50,-425,0,0,0,0;
map,disablebounds;
racing,killcuboid,1000,1,1000,0,65,0,0,0,0,0;
misc,barrier,1000,1,1000,0,75,0,0,0,0,0;
custom,cuboid,lava1,1000,1,1000,0,1,1,1,0.01,0.01,0,-4.5,0,0,0,0,0;
racing,killcuboid,1000,1.5,1000,0,-4.5,0,0,0,0,0;
custom,cylinder,brick2,15,1,15,0,1,1,1,0.01,0.01,0,5,0,0,0,0,0;
custom,cylinder,brick2,16,1,16,0,1,1,1,0.01,0.01,0,4.5,0,0,0,0,0;
custom,cylinder,brick2,17,1,17,0,1,1,1,0.01,0.01,0,3.5,0,0,0,0,0;
custom,cylinder,brick2,18,1,18,0,1,1,1,0.01,0.01,0,2.5,0,0,0,0,0;
custom,cylinder,brick2,19,1,19,0,1,1,1,0.01,0.01,0,1.5,0,0,0,0,0;
custom,cylinder,brick2,20,1,20,0,1,1,1,0.01,0.01,0,0.5,0,0,0,0,0;
custom,cylinder,brick2,21,1,21,0,1,1,1,0.01,0.01,0,-0.5,0,0,0,0,0;
custom,cylinder,brick2,22,1,22,0,1,1,1,0.01,0.01,0,-1.5,0,0,0,0,0;
custom,cylinder,brick2,23,1,23,0,1,1,1,0.01,0.01,0,-2.5,0,0,0,0,0;
custom,cylinder,brick2,24,1,24,0,1,1,1,0.01,0.01,0,-3.5,0,0,0,0,0;
custom,cylinder,brick2,25,1,25,0,1,1,1,0.01,0.01,0,-4.5,0,0,0,0,0;
custom,cylinder,brick2,26,1,26,0,1,1,1,0.01,0.01,0,-5.5,0,0,0,0,0;
custom,cylinder,brick2,27,1,27,0,1,1,1,0.01,0.01,0,-6.5,0,0,0,0,0;
custom,cylinder,brick2,1,3,1,0,1,1,1,0.01,0.01,50,30,50,0,0,0,0;
custom,cylinder,brick2,1,3,1,0,1,1,1,0.01,0.01,-50,30,50,0,0,0,0;
custom,cylinder,brick2,1,3,1,0,1,1,1,0.01,0.01,50,30,-50,0,0,0,0;
custom,cylinder,brick2,1,3,1,0,1,1,1,0.01,0.01,-50,30,-50,0,0,0,0;
custom,cylinder,brick2,1,3,1,0,1,1,1,0.01,0.01,0,30,-50,0,0,0,0;
custom,cylinder,brick2,1,3,1,0,1,1,1,0.01,0.01,50,30,0,0,0,0,0;
custom,cylinder,brick2,1,3,1,0,1,1,1,0.01,0.01,-50,30,0,0,0,0,0;
custom,cuboid,metal1,12,1.1,12,0,1,1,1,0.01,0.01,0,65,0,0,0,0,0;
custom,cuboid,brick2,10,1,10,0,1,1,1,0.01,0.01,0,75,0,0,0,0,0;
custom,cuboid,metal1,7,1,7,0,1,1,1,0.01,0.01,0,85,0,0,0,0,0;
custom,cuboid,brick2,5,1,5,0,1,1,1,0.01,0.01,0,95,0,0,0,0,0;
custom,cuboid,metal1,2,1,2,0,1,1,1,0.01,0.01,0,105,0,0,0,0,0;
racing,killcuboid,1,6,10,50,30,0,0,0,0,0;
racing,killcuboid,1,6,10,-50,30,0,0,0,0,0;
racing,killcuboid,1,6,10,0,30,-50,0,1,0,1;
racing,startcuboid,1,6,10,0,30,50,0,1,0,1;
custom,cuboid,village2tex,2,2,2,0,1,1,1,-0.25,-0.25,35,25,-35,0,0,0,0;
custom,cuboid,village2tex,2,2,2,0,1,1,1,-0.25,-0.25,-35,25,-35,0,0,0,0;
custom,cuboid,village2tex,2,0.5,2,0,1,1,1,-0.25,-0.25,0,17.5,-35,0,0,0,0;
custom,cuboid,village2tex,3,1,1,0,1,1,1,-0.25,-0.25,0,20,-35,0,0,0,0;
custom,cuboid,brick2,5,0.25,1,0,1,1,1,0.01,0.01,-35,20,10,0,1,0,1;
custom,cuboid,brick2,0.5,0.5,0.5,0,1,1,1,0.01,0.01,-35,17.5,-5,0,1,0,1;
custom,cuboid,brick2,0.5,0.5,0.5,0,1,1,1,0.01,0.01,-35,17.5,25,0,1,0,1;
custom,cuboid,crystal2,4.9,0.25,0.9,0,1,1,1,0.01,0.01,-35,20.25,10,0,1,0,1;
misc,barrier,4.9,0.3,0.9,-35,20.5,10,0,1,0,1;
custom,cuboid,brick2,5,0.25,1,0,1,1,1,0.01,0.01,35,20,10,0,1,0,1;
custom,cuboid,brick2,0.5,0.5,0.5,0,1,1,1,0.01,0.01,35,17.5,-5,0,1,0,1;
custom,cuboid,brick2,0.5,0.5,0.5,0,1,1,1,0.01,0.01,35,17.5,25,0,1,0,1;
custom,cuboid,crystal2,4.9,0.25,0.9,0,1,1,1,0.01,0.01,35,20.25,10,0,1,0,1;
misc,barrier,4.9,0.3,0.9,35,20.5,10,0,1,0,1;
spawnpoint,playerC,10,20,0,0,0,0,0;
spawnpoint,playerM,10,20,0,0,0,0,0;
spawnpoint,playerC,-10,20,0,0,0,0,0;
spawnpoint,playerM,-10,20,0,0,0,0,0;


custom,cuboid,wood1,0.5,0.25,1,0,1,1,1,0.01,0.01,27.5,16.25,10,0,0,0,0;
custom,cuboid,wood1,0.5,0.25,1,0,1,1,1,0.01,0.01,-27.5,16.25,10,0,0,0,0;




custom,arc90,brick2,5,1,5,0,1,1,1,0.01,0.01,25,-0.5,156.25,0,1,0,1;
custom,arc90,brick2,5,0.975,5,0,1,1,1,0.01,0.01,-25,-0.5,156.25,0,1,0,0;
custom,arc90,brick2,5,1,5,0,1,1,1,0.01,0.01,-70,-0.5,198.75,0,0,0,1;
custom,arc90,brick2,5,-0.975,5,0,1,1,1,0.01,0.01,70,-0.5,199.25,0,0,-1,0;

custom,arc90,brick2,5,0.975,5,0,1,1,1,0.01,0.01,-114,-0.5,245.25,0,1,0,0;
custom,arc90,brick2,5,1,5,0,1,1,1,0.01,0.01,-159,-0.5,287.75,0,0,0,1;
custom,arc90,brick2,5,1,5,0,1,1,1,0.01,0.01,113,-0.5,244.25,0,1,0,1;
custom,arc90,brick2,5,-0.975,5,0,1,1,1,0.01,0.01,158,-0.5,287.25,0,0,-1,0;

custom,cylinder,brick2,6,0.975,6,0,1,1,1,0.01,0.01,180,-7.5,337.5,0,0,-1,0;
racing,killcylinder,4.25,3,4.25,180,30,338.75,0,0,0,0;
racing,killcylinder,4.25,3,4.25,180,30,338.75,0,0.414,0,1;

custom,cylinder,brick2,6,0.95,6,0,1,1,1,0.01,0.01,180,-7.5,387.5,0,0,-1,0;
racing,killcylinder,4.25,3,4.25,180,30,386.25,0,0,0,0;
racing,killcylinder,4.25,3,4.25,180,30,386.25,0,0.414,0,1;

custom,cylinder,brick2,6,0.975,6,0,1,1,1,0.01,0.01,-180,-7.5,337.5,0,0,-1,0;
racing,killcylinder,4.25,3,4.25,-180,30,336.25,0,0,0,0;
racing,killcylinder,4.25,3,4.25,-180,30,336.25,0,0.414,0,1;

custom,cylinder,brick2,6,0.95,6,0,1,1,1,0.01,0.01,-180,-7.5,387.5,0,0,-1,0;
racing,killcylinder,4.25,3,4.25,-180,30,388.75,0,0,0,0;
racing,killcylinder,4.25,3,4.25,-180,30,388.75,0,0.414,0,1;

custom,arc180,brick2,5,0.95,5,0,1,1,1,0.01,0.01,137.5,-0.5,438.75,0,1,0,1;
custom,arc180,brick2,5,0.95,5,0,1,1,1,0.01,0.01,-137.5,-0.5,438.75,0,1,0,1;


custom,cylinder,brick2,6,0.9875,6,0,1,1,1,0.01,0.01,0,-7.5,263.75,0,0,-1,0;
racing,killcylinder,4.25,3,4.25,-0.25,30,263.75,0,0,0,0;
racing,killcylinder,4.25,3,4.25,-0.25,30,263.75,0,0.414,0,1;

custom,tube,brick2,5,0.85,5,0,1,1,1,0.01,0.01,0,-0.5,210,0,0,-1,0;
racing,checkpointcylinder,0.75,4,0.75,0,20,183.5,0,0,-1,0;
custom,cuboid,brick2,1,0.875,5,0,1,1,1,0.01,0.01,0,-2,210,0,0,-1,0;


custom,arc90,brick2,5,-0.85,5,0,1,1,1,0.01,0.01,69.5,-0.5,390.25,0,0,1,0;
custom,arc90,brick2,5,-0.875,5,0,1,1,1,0.01,0.01,65,-0.5,351.25,1,0,1,0;
custom,arc90,brick2,5,-0.85,5,0,1,1,1,0.01,0.01,65,-0.5,311.25,0,0,1,0;
custom,arc90,brick2,5,0.875,5,0,1,1,1,0.01,0.01,35,-0.5,271.25,0,1,0,1;

custom,arc90,brick2,5,0.85,5,0,1,1,1,0.01,0.01,-71.5,-0.5,390.25,0,0,0,-1;
custom,arc90,brick2,5,0.875,5,0,1,1,1,0.01,0.01,-67,-0.5,351.25,0,1,0,-1;
custom,arc90,brick2,5,0.85,5,0,1,1,1,0.01,0.01,-67,-0.5,311.25,0,0,0,-1;
custom,arc90,brick2,5,-0.875,5,0,1,1,1,0.01,0.01,-37,-0.5,271.25,1,0,-1,0;






custom,arc180,brick2,5,0.925,5,0,1,1,1,0.01,0.01,10,-0.25,300,0,1,0,0;
custom,arc180,brick2,5,0.9,5,0,1,1,1,0.01,0.01,-10,-0.25,300,0,0,0,0;
custom,arc180,brick2,5,0.875,5,0,1,1,1,0.01,0.01,10,-0.25,385,0,1,0,0;
custom,arc180,brick2,5,0.85,5,0,1,1,1,0.01,0.01,-10,-0.25,385,0,0,0,0;
custom,arc180,brick2,5,0.925,5,0,1,1,1,0.01,0.01,10,-0.25,470,0,1,0,0;
custom,arc180,brick2,5,0.9,5,0,1,1,1,0.01,0.01,-10,-0.25,470,0,0,0,0;

custom,arc90,brick2,5,0.875,5,0,1,1,1,0.01,0.01,38,-0.5,536,0,1,0,-1;
custom,arc90,brick2,5,0.875,5,0,1,1,1,0.01,0.01,-37,-0.5,537,0,0,0,-1;

custom,arc90,brick2,5,0.9,5,0,1,1,1,0.01,0.01,80,-0.5,580,0,-0.7071068,0,-0.7071068;
custom,arc90,brick2,5,0.9,5,0,1,1,1,0.01,0.01,-81,-0.5,582,0,-1,0,0;

custom,arc90,brick2,5,0.925,5,0,1,1,1,0.01,0.01,-80,-0.5,620,0,-0.7071068,0,-0.7071068;
custom,arc90,brick2,5,0.925,5,0,1,1,1,0.01,0.01,80,-0.5,620,0,-1,0,0;

custom,tube,brick2,5,-0.825,5,0,1,1,1,0.01,0.01,30,-0.5,640,0,0,0,0;
custom,tube,brick2,5,-0.825,5,0,1,1,1,0.01,0.01,-30,-0.5,640,0,0,0,0;

custom,arc180,brick2,5,1.05,5,0,1,1,1,0.01,0.01,20,-0.5,705,0,0,0,1;
custom,arc180,brick2,5,1.025,5,0,1,1,1,0.01,0.01,-20,-0.5,705,0,1,0,0;

racing,checkpointCylinder,0.75,4,0.75,-0.5,20,639,0,0,0,0;
custom,cuboid,brick2,1,0.925,5,0,1,1,1,0.01,0.01,-0.5,-2.5,660,0,0,0,0;



custom,arc90,brick2,5,0.925,5,0,1,1,1,0.01,0.01,70,-0.5,730,0,0,0,1;
custom,arc90,brick2,5,0.925,5,0,1,1,1,0.01,0.01,-70,-0.5,733,0,-1,0,1;

custom,arc90,brick2,-5,0.95,-5,0,1,1,1,0.01,0.01,-117,-0.5,730,0,0,0,1;
custom,arc90,brick2,-5,0.95,-5,0,1,1,1,0.01,0.01,117,-0.5,727,0,-1,0,1;

custom,arc90,brick2,5,0.925,5,0,1,1,1,0.01,0.01,-167,-0.5,750,0,1,0,0.414;
custom,arc90,brick2,5,0.925,5,0,1,1,1,0.01,0.01,167,-0.5,750,0,1,0,0.414;

custom,arc90,brick2,5,0.95,5,0,1,1,1,0.01,0.01,220,-0.5,730,0,0,0,1;
custom,arc90,brick2,5,0.95,5,0,1,1,1,0.01,0.01,-220,-0.5,730,0,-1,0,1;

custom,cuboid,brick2,5,0.975,20,0,1,1,1,0.01,0.01,267.5,-2.5,615,0,0,0,0;
racing,killcylinder,3,3,3,257.5,30,540,0,0,0,0;
racing,killcylinder,3,3,3,257.5,30,615,0,0,0,0;
racing,killcylinder,3,3,3,257.5,30,690,0,0,0,0;
racing,killcylinder,3,3,3,277.5,30,577.5,0,0,0,0;
racing,killcylinder,3,3,3,277.5,30,652.5,0,0,0,0;

racing,killcylinder,1.5,3,1.5,257.5,30,540,0,0,0,0;
racing,killcylinder,1.5,3,1.5,257.5,30,615,0,0,0,0;
racing,killcylinder,1.5,3,1.5,257.5,30,690,0,0,0,0;
racing,killcylinder,1.5,3,1.5,277.5,30,577.5,0,0,0,0;
racing,killcylinder,1.5,3,1.5,277.5,30,652.5,0,0,0,0;

custom,cuboid,brick2,5,0.975,20,0,1,1,1,0.01,0.01,-267.5,-2.5,615,0,0,0,0;
racing,killcylinder,3,3,3,-257.5,30,540,0,0,0,0;
racing,killcylinder,3,3,3,-257.5,30,615,0,0,0,0;
racing,killcylinder,3,3,3,-257.5,30,690,0,0,0,0;
racing,killcylinder,3,3,3,-277.5,30,577.5,0,0,0,0;
racing,killcylinder,3,3,3,-277.5,30,652.5,0,0,0,0;

racing,killcylinder,1.5,3,1.5,-257.5,30,540,0,0,0,0;
racing,killcylinder,1.5,3,1.5,-257.5,30,615,0,0,0,0;
racing,killcylinder,1.5,3,1.5,-257.5,30,690,0,0,0,0;
racing,killcylinder,1.5,3,1.5,-277.5,30,577.5,0,0,0,0;
racing,killcylinder,1.5,3,1.5,-277.5,30,652.5,0,0,0,0;

custom,arc90,brick2,5,0.925,5,0,1,1,1,0.01,0.01,310,-0.5,495,0,0,0,1;
custom,arc90,brick2,5,0.95,5,0,1,1,1,0.01,0.01,352.5,-0.5,452.5,0,1,0,0;
custom,arc90,brick2,5,0.925,5,0,1,1,1,0.01,0.01,396.5,-0.5,405,0,0,0,1;
custom,arc180,brick2,5,1.075,5,0,1,1,1,0.01,0.01,394.5,-0.5,335,0,0,0,1;


custom,arc90,brick2,5,0.925,5,0,1,1,1,0.01,0.01,435,12.5,270,0,0,0,1;
custom,arc90,brick2,5,0.95,5,0,1,1,1,0.01,0.01,477.5,12.5,227.5,0,1,0,0;
custom,arc90,brick2,5,0.925,5,0,1,1,1,0.01,0.01,521.5,12.5,180,0,0,0,1;
racing,killarc90,5.1,0.95,5.1,435,12.5,270,0,0,0,1;
racing,killarc90,5.1,0.975,5.1,477.5,12.5,227.5,0,1,0,0;
racing,killarc90,5.1,0.95,5.1,521.5,12.5,180,0,0,0,1;
racing,killarc90,4.9,0.9,4.9,435,12.5,270,0,0,0,1;
racing,killarc90,4.9,0.925,4.9,477.5,12.5,227.5,0,1,0,0;
racing,killarc90,4.9,0.9,4.9,521.5,12.5,180,0,0,0,1;

custom,arc90,bombtex,5,0.925,5,0,1,1,1,0.001,0.001,435,-0.5,270,0,0,0,1;
custom,arc90,bombtex,5,0.95,5,0,1,1,1,0.001,0.001,477.5,-0.5,227.5,0,1,0,0;
custom,arc90,bombtex,5,0.925,5,0,1,1,1,0.001,0.001,521.5,-0.5,180,0,0,0,1;

custom,tube,brick2,5,0.775,5,0,1,1,1,0.01,0.01,445,-0.5,381.25,0,0,0,0;
custom,cuboid,metal1,0.25,0.25,1.25,0,1,1,1,0.01,0.01,412.5,12.5,300,0,0,0,0;
custom,cuboid,metal1,0.25,1.75,0.25,0,1,1,1,0.01,0.01,412.5,5,307.5,0,0,0,0;
custom,cuboid,metal1,0.25,0.25,1.25,0,1,1,1,0.01,0.01,550,12.5,158.75,0,1,0,1;
custom,cuboid,metal1,0.25,1.75,0.25,0,1,1,1,0.01,0.01,557.5,5,158.75,0,1,0,1;
racing,killcuboid,0.3,0.3,1.3,412.5,12.5,300,0,0,0,0;
racing,killcuboid,0.3,1.8,0.3,412.5,5,307.5,0,0,0,0;
racing,killcuboid,0.3,0.3,1.3,550,12.5,158.75,0,1,0,1;
racing,killcuboid,0.3,1.8,0.3,557.5,5,158.75,0,1,0,1;











custom,arc90,brick2,5,-0.925,5,0,1,1,1,0.01,0.01,-310,-0.5,495,0,0,-1,0;
custom,arc90,brick2,5,-0.95,5,0,1,1,1,0.01,0.01,-352.5,-0.5,452.5,1,0,0,0;
custom,arc90,brick2,5,-0.925,5,0,1,1,1,0.01,0.01,-396.5,-0.5,405,0,0,-1,0;
custom,arc180,brick2,5,-1.075,5,0,1,1,1,0.01,0.01,-394.5,-0.5,335,0,0,-1,0;
custom,arc90,brick2,5,-0.925,5,0,1,1,1,0.01,0.01,-435,12.5,270,0,0,-1,0;
custom,arc90,brick2,5,-0.95,5,0,1,1,1,0.01,0.01,-477.5,12.5,227.5,1,0,0,0;
custom,arc90,brick2,5,-0.925,5,0,1,1,1,0.01,0.01,-521.5,12.5,180,0,0,-1,0;
racing,killarc90,5.1,-0.95,5.1,-435,12.5,270,0,0,-1,0;
racing,killarc90,5.1,-0.975,5.1,-477.5,12.5,227.5,1,0,0,0;
racing,killarc90,5.1,-0.95,5.1,-521.5,12.5,180,0,0,-1,0;
racing,killarc90,4.9,-0.9,4.9,-435,12.5,270,0,0,-1,0;
racing,killarc90,4.9,-0.925,4.9,-477.5,12.5,227.5,1,0,0,0;
racing,killarc90,4.9,-0.9,4.9,-521.5,12.5,180,0,0,-1,0;
custom,arc90,bombtex,5,-0.925,5,0,1,1,1,0.001,0.001,-435,-0.5,270,0,0,-1,0;
custom,arc90,bombtex,5,-0.95,5,0,1,1,1,0.001,0.001,-477.5,-0.5,227.5,1,0,0,0;
custom,arc90,bombtex,5,-0.925,5,0,1,1,1,0.001,0.001,-521.5,-0.5,180,0,0,-1,0;
custom,tube,brick2,5,-0.775,5,0,1,1,1,0.01,0.01,-445,-0.5,381.25,0,0,0,0;
custom,cuboid,metal1,0.25,-0.25,1.25,0,1,1,1,0.01,0.01,-412.5,12.5,300,0,0,0,0;
custom,cuboid,metal1,0.25,-1.75,0.25,0,1,1,1,0.01,0.01,-412.5,5,307.5,0,0,0,0;
custom,cuboid,metal1,0.25,-0.25,1.25,0,1,1,1,0.01,0.01,-550,12.5,158.75,1,0,-1,0;
custom,cuboid,metal1,0.25,-1.75,0.25,0,1,1,1,0.01,0.01,-557.5,5,158.75,1,0,-1,0;
racing,killcuboid,0.3,-0.3,1.3,-412.5,12.5,300,0,0,0,0;
racing,killcuboid,0.3,-1.8,0.3,-412.5,5,307.5,0,0,0,0;
racing,killcuboid,0.3,-0.3,1.3,-550,12.5,158.75,1,0,-1,0;
racing,killcuboid,0.3,-1.8,0.3,-557.5,5,158.75,1,0,-1,0;



custom,arc90,brick2,5,0.925,5,0,1,1,1,0.01,0.01,518,-0.5,138,0,-1,0,1;
custom,arc90,brick2,5,0.925,5,0,1,1,1,0.01,0.01,-518,-0.5,138,0,0,0,1;


custom,boulder1,rock3,5,7.5,5,0,1,1,1,3.5,2.5,300,25,100,0,0,0,0;
custom,boulder1,regioneditormat,5,7.5,5,0,1,1,1,3.5,2.5,300,25,100,0,0,0,0;
custom,boulder1,rock3,5,7.5,5,0,1,1,1,3.5,2.5,-300,25,100,0,0,0,0;
custom,boulder1,regioneditormat,5,7.5,5,0,1,1,1,3.5,2.5,-300,25,100,0,0,0,0;
custom,boulder5,rock3,5,5,5,0,1,1,1,2.0,2.0,-150,0,550,0,0,0,0;
custom,boulder5,regioneditormat,5,5,5,0,1,1,1,2.0,2.0,-150,0,550,0,0,0,0;
custom,boulder5,rock3,5,5,5,0,1,1,1,2.0,2.0,150,0,550,0,0,0,0;
custom,boulder5,regioneditormat,5,5,5,0,1,1,1,2.0,2.0,150,0,550,0,0,0,0;
custom,boulder1,rock3,20,5,20,0,1,1,1,5.0,5.0,0,0,1250,0,0,0,0;
custom,boulder1,regioneditormat,20,5,20,0,1,1,1,5.0,5.0,0,0,1250,0,0,0,0;



custom,prism,brick2,5,0.825,20,0,1,1,1,0.01,0.01,471,-1.5,41,0,0,0,0;
custom,prism,brick2,5,0.8,20,0,1,1,1,0.01,0.01,471.875,-1.5,-140,0,1,0,0;

custom,prism,brick2,5,0.825,20,0,1,1,1,0.01,0.01,-472,-1.5,41,0,0,0,0;
custom,prism,brick2,5,0.8,20,0,1,1,1,0.01,0.01,-471.125,-1.5,-140,0,1,0,0;


racing,killPyramid,1,2,1,471,20,75,0,0,0,1;
racing,killPyramid,1,2,1,471,52.5,75,1,0,0,0;
racing,killPyramid,1,2,1,471,20,75,0,0.414,0,1;
racing,killPyramid,1,2,1,471,52.5,75,1,0,0.414,0;

racing,killPyramid,1,2,1,471,20,-175,0,0,0,1;
racing,killPyramid,1,2,1,471,52.5,-175,1,0,0,0;
racing,killPyramid,1,2,1,471,20,-175,0,0.414,0,1;
racing,killPyramid,1,2,1,471,52.5,-175,1,0,0.414,0;

racing,killPyramid,1,2,1,-471,20,75,0,0,0,1;
racing,killPyramid,1,2,1,-471,52.5,75,1,0,0,0;
racing,killPyramid,1,2,1,-471,20,75,0,0.414,0,1;
racing,killPyramid,1,2,1,-471,52.5,75,1,0,0.414,0;

racing,killPyramid,1,2,1,-471,20,-175,0,0,0,1;
racing,killPyramid,1,2,1,-471,52.5,-175,1,0,0,0;
racing,killPyramid,1,2,1,-471,20,-175,0,0.414,0,1;
racing,killPyramid,1,2,1,-471,52.5,-175,1,0,0.414,0;

custom,arc90,bombtex,5,0.925,5,0,1,1,1,0.001,0.001,492.5,-0.5,-244,0,0,0,0;
custom,arc180,bombtex,5,1.075,5,0,1,1,1,0.001,0.001,540,-0.5,-311,0,1,0,0;
custom,arc90,bombtex,5,0.925,5,0,1,1,1,0.001,0.001,492.5,-0.5,-377,0,1,0,1;
custom,tube,bombtex,5,1.025,5,0,1,1,1,0.001,0.001,472.5,-1.5,-427,0,1,0,1;
custom,arc90,bombtex,5,0.925,5,0,1,1,1,0.001,0.001,492.5,-0.5,-477,0,0,0,0;

custom,arc90,brick2,5,0.925,5,0,1,1,1,0.01,0.01,492.5,13.25,-244,0,0,0,0;
custom,arc180,brick2,5,0.975,5,0,1,1,1,0.01,0.01,540,13.75,-311,0,1,0,0;
custom,arc90,brick2,5,0.925,5,0,1,1,1,0.01,0.01,492.5,13.25,-377,0,1,0,1;
custom,tube,brick2,5,0.675,5,0,1,1,1,0.01,0.01,472.5,13.75,-427,0,1,0,1;
custom,arc90,brick2,5,0.925,5,0,1,1,1,0.01,0.01,492.5,13.25,-477,0,0,0,0;

racing,killarc90,5.025,0.95,5.025,492.5,13.25,-244,0,0,0,0;
racing,killarc180,5.025,1,5.025,540,13.75,-311,0,1,0,0;
racing,killarc90,5.025,0.95,5.025,492.5,13.25,-377,0,1,0,1;
racing,killtube,5.025,0.7,5.025,472.5,13.75,-427,0,1,0,1;
racing,killarc90,5.025,0.95,5.025,492.5,13.25,-477,0,0,0,0;

racing,killarc90,4.975,0.9,4.975,492.5,13.25,-244,0,0,0,0;
racing,killarc180,4.975,0.95,4.975,540,13.75,-311,0,1,0,0;
racing,killarc90,4.975,0.9,4.975,492.5,13.25,-377,0,1,0,1;
racing,killtube,4.975,0.65,4.975,472.5,13.75,-427,0,1,0,1;
racing,killarc90,4.975,0.9,4.975,492.5,13.25,-477,0,0,0,0;

custom,cuboid,metal1,1.75,0.25,0.25,0,1,1,1,0.01,0.01,471.25,14,-227.5,0,0,0,0;
custom,cuboid,metal1,0.25,1.75,0.25,0,1,1,1,0.01,0.01,481.25,6.5,-227.5,0,0,0,0;
custom,cuboid,metal1,0.25,1.75,0.25,0,1,1,1,0.01,0.01,461.25,6.5,-227.5,0,0,0,0;

custom,cuboid,metal1,1.75,0.25,0.25,0,1,1,1,0.01,0.01,511.25,14,-497.5,0,1,0,1;
custom,cuboid,metal1,0.25,1.75,0.25,0,1,1,1,0.01,0.01,511.25,6.5,-507.5,0,1,0,1;
custom,cuboid,metal1,0.25,1.75,0.25,0,1,1,1,0.01,0.01,511.25,6.5,-487.5,0,1,0,1;

custom,cylinder,brick2,5,0.975,5,0,1,1,1,0.01,0.01,537.5,-7.5,-498,0,0,0,0;
racing,killcylinder,3,3,3,537.5,30,-498,0,0,0,1;
racing,killcylinder,3,3,3,537.5,30,-498,0,0.414,0,1;






custom,arc90,bombtex,5,0.925,5,0,1,1,1,0.001,0.001,-492.5,-0.5,-243,0,-1,0,1;
custom,arc180,bombtex,5,-1.075,5,0,1,1,1,0.001,0.001,-540,-0.5,-311,1,0,0,0;
custom,arc90,bombtex,5,-0.925,5,0,1,1,1,0.001,0.001,-492.5,-0.5,-377,1,0,-1,0;
custom,tube,bombtex,5,-1.025,5,0,1,1,1,0.001,0.001,-472.5,-1.5,-427,1,0,-1,0;
custom,arc90,bombtex,5,0.925,5,0,1,1,1,0.001,0.001,-492.5,-0.5,-476,0,-1,0,1;
custom,arc90,brick2,5,0.925,5,0,1,1,1,0.01,0.01,-492.5,13.25,-243,0,-1,0,1;
custom,arc180,brick2,5,-0.975,5,0,1,1,1,0.01,0.01,-540,13.75,-311,1,0,0,0;
custom,arc90,brick2,5,-0.925,5,0,1,1,1,0.01,0.01,-492.5,13.25,-377,1,0,-1,0;
custom,tube,brick2,5,-0.675,5,0,1,1,1,0.01,0.01,-472.5,13.75,-427,1,0,-1,0;
custom,arc90,brick2,5,0.925,5,0,1,1,1,0.01,0.01,-492.5,13.25,-476,0,-1,0,1;
racing,killarc90,5.025,0.95,5.025,-492.5,13.25,-243,0,-1,0,1;
racing,killarc180,5.025,-1,5.025,-540,13.75,-311,1,0,0,0;
racing,killarc90,5.025,-0.95,5.025,-492.5,13.25,-377,1,0,-1,0;
racing,killtube,5.025,-0.7,5.025,-472.5,13.75,-427,1,0,-1,0;
racing,killarc90,5.025,0.95,5.025,-492.5,13.25,-476,0,-1,0,1;
racing,killarc90,4.975,0.9,4.975,-492.5,13.25,-243,0,-1,0,1;
racing,killarc180,4.975,-0.95,4.975,-540,13.75,-311,1,0,0,0;
racing,killarc90,4.975,-0.9,4.975,-492.5,13.25,-377,1,0,-1,0;
racing,killtube,4.975,-0.65,4.975,-472.5,13.75,-427,1,0,-1,0;
racing,killarc90,4.975,0.9,4.975,-492.5,13.25,-476,0,-1,0,1;
custom,cuboid,metal1,1.75,-0.25,0.25,0,1,1,1,0.01,0.01,-471.25,14,-227.5,0,0,0,0;
custom,cuboid,metal1,0.25,-1.75,0.25,0,1,1,1,0.01,0.01,-481.25,6.5,-227.5,0,0,0,0;
custom,cuboid,metal1,0.25,-1.75,0.25,0,1,1,1,0.01,0.01,-461.25,6.5,-227.5,0,0,0,0;
custom,cuboid,metal1,1.75,-0.25,0.25,0,1,1,1,0.01,0.01,-511.25,14,-497.5,1,0,-1,0;
custom,cuboid,metal1,0.25,-1.75,0.25,0,1,1,1,0.01,0.01,-511.25,6.5,-507.5,1,0,-1,0;
custom,cuboid,metal1,0.25,-1.75,0.25,0,1,1,1,0.01,0.01,-511.25,6.5,-487.5,1,0,-1,0;

racing,killcuboid,1.8,-0.3,0.3,-471.25,14,-227.5,0,0,0,0;
racing,killcuboid,0.3,-1.8,0.3,-481.25,6.5,-227.5,0,0,0,0;
racing,killcuboid,0.3,-1.8,0.3,-461.25,6.5,-227.5,0,0,0,0;
racing,killcuboid,1.8,-0.3,0.3,-511.25,14,-497.5,1,0,-1,0;
racing,killcuboid,0.3,-1.8,0.3,-511.25,6.5,-507.5,1,0,-1,0;
racing,killcuboid,0.3,-1.8,0.3,-511.25,6.5,-487.5,1,0,-1,0;

racing,killcuboid,1.8,-0.3,0.3,471.25,14,-227.5,0,0,0,0;
racing,killcuboid,0.3,-1.8,0.3,481.25,6.5,-227.5,0,0,0,0;
racing,killcuboid,0.3,-1.8,0.3,461.25,6.5,-227.5,0,0,0,0;
racing,killcuboid,1.8,-0.3,0.3,511.25,14,-497.5,1,0,-1,0;
racing,killcuboid,0.3,-1.8,0.3,511.25,6.5,-507.5,1,0,-1,0;
racing,killcuboid,0.3,-1.8,0.3,511.25,6.5,-487.5,1,0,-1,0;


custom,cylinder,brick2,5,-0.975,5,0,1,1,1,0.01,0.01,-537.5,-7.5,-498,0,0,0,0;
racing,killcylinder,3,-3,3,-537.5,30,-498,0,0,-1,0;
racing,killcylinder,3,-3,3,-537.5,30,-498,0.414,0,-1,0;

racing,checkpointCylinder,0.75,4,0.75,557.5,20,-498,0,0,0,0;
racing,checkpointCylinder,0.75,4,0.75,-557.5,20,-498,0,0,0,0;


custom,cuboid,brick2,1,0.925,6,0,1,1,1,0.01,0.01,557.5,-2.5,-468,0,0,0,0;
custom,arc90,brick2,5,0.875,5,0,1,1,1,0.01,0.01,560,-0.5,-452,0,1,0,1;
custom,arc90,brick2,5,0.9,5,0,1,1,1,0.01,0.01,606.5,-0.5,-451.25,0,1,0,0;
custom,arc90,brick2,5,0.925,5,0,1,1,1,0.01,0.01,650.5,-0.5,-498.5,0,0,0,0;

custom,cuboid,brick2,1,0.925,6,0,1,1,1,0.01,0.01,-557.5,-2.5,-468,0,0,0,0;
custom,arc90,brick2,5,0.875,5,0,1,1,1,0.01,0.01,-560,-0.5,-452,0,1,0,0;
custom,arc90,brick2,5,0.9,5,0,1,1,1,0.01,0.01,-606.5,-0.5,-452.75,0,1,0,1;
custom,arc90,brick2,5,0.925,5,0,1,1,1,0.01,0.01,-649,-0.5,-498.5,0,-1,0,1;


racing,checkpointcuboid,5,20,5,0,100,-250,0,0,0,0;
racing,killcuboid,4.75,6,4.75,0,30,-250,0,0,0,0;
racing,endcuboid,4.75,14,4.75,0,130,-250,0,0,0,0;

custom,arc180,brick2,5,1.075,5,0,1,1,1,0.01,0.01,720,-0.5,-536,0,1,0,0.414;
custom,arc180,brick2,5,1.05,5,0,1,1,1,0.01,0.01,720,-0.5,-626,0,1,0,-0.414;
custom,cylinder,brick2,10,0.975,10,0,1,1,1,0.01,0.01,627,-7.5,-625,0,0,0,0;
custom,cylinder,brick2,10,0.95,10,0,1,1,1,0.01,0.01,532,-7.5,-625,0,0,0,0;
racing,killcylinder,7,3,7,627,30,-625,0,0,0,0;
racing,killcylinder,7,3,7,532,30,-625,0,0,0,0;
racing,killcylinder,7,3,7,627,30,-625,0,0.414,0,1;
racing,killcylinder,7,3,7,532,30,-625,0,0.414,0,1;

racing,killCuboid,1.5,6,1,661,30,-647,0,1,0,-0.414;
racing,killCuboid,1.5,6,1,567,30,-606,0,1,0,0.414;
racing,killCuboid,1.5,6,1,594,30,-647,0,1,0,0.414;
racing,killCuboid,1.5,6,1,497,30,-606,0,1,0,-0.414;

racing,killCuboid,0.5,0.5,0.5,674,4.75,-625,0,0,0,0;
racing,killCuboid,0.5,0.5,0.5,655,4.75,-600,0,0,0,0;
racing,killCuboid,0.5,0.5,0.5,627,4.75,-580,0,0,0,0;
racing,killCuboid,0.5,0.5,0.5,600,4.75,-600,0,0,0,0;
racing,killCuboid,0.5,0.5,0.5,580,4.75,-625,0,0,0,0;
racing,killCuboid,0.5,-0.5,0.5,485,4.75,-625,0,0,0,0;
racing,killCuboid,0.5,-0.5,0.5,504,4.75,-650,0,0,0,0;
racing,killCuboid,0.5,-0.5,0.5,532,4.75,-672,0,0,0,0;
racing,killCuboid,0.5,-0.5,0.5,559,4.75,-650,0,0,0,0;
racing,killCuboid,0.5,0.5,0.5,674,4.75,-625,0,0.414,0,1;
racing,killCuboid,0.5,0.5,0.5,655,4.75,-600,0,0.414,0,1;
racing,killCuboid,0.5,0.5,0.5,627,4.75,-580,0,0.414,0,1;
racing,killCuboid,0.5,0.5,0.5,600,4.75,-600,0,0.414,0,1;
racing,killCuboid,0.5,0.5,0.5,580,4.75,-625,0,0.414,0,1;
racing,killCuboid,0.5,-0.5,0.5,485,4.75,-625,0,0.414,0,1;
racing,killCuboid,0.5,-0.5,0.5,504,4.75,-650,0,0.414,0,1;
racing,killCuboid,0.5,-0.5,0.5,532,4.75,-672,0,0.414,0,1;
racing,killCuboid,0.5,-0.5,0.5,559,4.75,-650,0,0.414,0,1;
racing,killCuboid,0.5,0.5,0.5,674,4.75,-625,0,0,0.414,1;
racing,killCuboid,0.5,0.5,0.5,655,4.75,-600,0,0,0.414,1;
racing,killCuboid,0.5,0.5,0.5,627,4.75,-580,0,0,0.414,1;
racing,killCuboid,0.5,0.5,0.5,600,4.75,-600,0,0,0.414,1;
racing,killCuboid,0.5,0.5,0.5,580,4.75,-625,0,0,0.414,1;
racing,killCuboid,0.5,-0.5,0.5,485,4.75,-625,0,0,0.414,1;
racing,killCuboid,0.5,-0.5,0.5,504,4.75,-650,0,0,0.414,1;
racing,killCuboid,0.5,-0.5,0.5,532,4.75,-672,0,0,0.414,1;
racing,killCuboid,0.5,-0.5,0.5,559,4.75,-650,0,0,0.414,1;




custom,arc180,brick2,5,1.075,5,0,1,1,1,0.01,0.01,-718,-0.5,-535.5,0,0.414,0,1;
custom,arc180,brick2,5,1.05,5,0,1,1,1,0.01,0.01,-720,-0.5,-626.5,0,-0.414,0,1;
custom,cylinder,brick2,10,0.975,10,0,1,1,1,0.01,0.01,-627,-7.5,-625,0,0,0,0;
custom,cylinder,brick2,10,0.95,10,0,1,1,1,0.01,0.01,-532,-7.5,-625,0,0,0,0;
racing,killcylinder,7,3,7,-627,30,-625,0,0,0,0;
racing,killcylinder,7,3,7,-532,30,-625,0,0,0,0;
racing,killcylinder,7,3,7,-627,30,-625,0,0.414,0,1;
racing,killcylinder,7,3,7,-532,30,-625,0,0.414,0,1;
racing,killCuboid,1.5,6,1,-661,30,-647,0,1,0,0.414;
racing,killCuboid,1.5,6,1,-567,30,-606,0,1,0,-0.414;
racing,killCuboid,1.5,6,1,-594,30,-647,0,1,0,-0.414;
racing,killCuboid,1.5,6,1,-497,30,-606,0,1,0,0.414;
racing,killCuboid,0.5,0.5,0.5,-674,4.75,-625,0,0,0,0;
racing,killCuboid,0.5,0.5,0.5,-655,4.75,-600,0,0,0,0;
racing,killCuboid,0.5,0.5,0.5,-627,4.75,-580,0,0,0,0;
racing,killCuboid,0.5,0.5,0.5,-600,4.75,-600,0,0,0,0;
racing,killCuboid,0.5,0.5,0.5,-580,4.75,-625,0,0,0,0;
racing,killCuboid,0.5,-0.5,0.5,-485,4.75,-625,0,0,0,0;
racing,killCuboid,0.5,-0.5,0.5,-504,4.75,-650,0,0,0,0;
racing,killCuboid,0.5,-0.5,0.5,-532,4.75,-672,0,0,0,0;
racing,killCuboid,0.5,-0.5,0.5,-559,4.75,-650,0,0,0,0;
racing,killCuboid,0.5,0.5,0.5,-674,4.75,-625,0,0.414,0,1;
racing,killCuboid,0.5,0.5,0.5,-655,4.75,-600,0,0.414,0,1;
racing,killCuboid,0.5,0.5,0.5,-627,4.75,-580,0,0.414,0,1;
racing,killCuboid,0.5,0.5,0.5,-600,4.75,-600,0,0.414,0,1;
racing,killCuboid,0.5,0.5,0.5,-580,4.75,-625,0,0.414,0,1;
racing,killCuboid,0.5,-0.5,0.5,-485,4.75,-625,0,0.414,0,1;
racing,killCuboid,0.5,-0.5,0.5,-504,4.75,-650,0,0.414,0,1;
racing,killCuboid,0.5,-0.5,0.5,-532,4.75,-672,0,0.414,0,1;
racing,killCuboid,0.5,-0.5,0.5,-559,4.75,-650,0,0.414,0,1;
racing,killCuboid,0.5,0.5,0.5,-674,4.75,-625,0,0,0.414,1;
racing,killCuboid,0.5,0.5,0.5,-655,4.75,-600,0,0,0.414,1;
racing,killCuboid,0.5,0.5,0.5,-627,4.75,-580,0,0,0.414,1;
racing,killCuboid,0.5,0.5,0.5,-600,4.75,-600,0,0,0.414,1;
racing,killCuboid,0.5,0.5,0.5,-580,4.75,-625,0,0,0.414,1;
racing,killCuboid,0.5,-0.5,0.5,-485,4.75,-625,0,0,0.414,1;
racing,killCuboid,0.5,-0.5,0.5,-504,4.75,-650,0,0,0.414,1;
racing,killCuboid,0.5,-0.5,0.5,-532,4.75,-672,0,0,0.414,1;
racing,killCuboid,0.5,-0.5,0.5,-559,4.75,-650,0,0,0.414,1;




custom,cuboid,brick2,1,0.875,5,0,1,1,1,0.01,0.01,460,-2.5,-615,0,1,0,1;
custom,cuboid,brick2,1,0.875,5,0,1,1,1,0.01,0.01,-460,-2.5,-615,0,1,0,1;

custom,arc90,brick2,5,0.825,5,0,1,1,1,0.01,0.01,413,-0.5,-594,0,0,0,0;
custom,arc90,brick2,5,0.85,5,0,1,1,1,0.01,0.01,369,-0.5,-547,0,1,0,0;
custom,arc90,brick2,5,0.875,5,0,1,1,1,0.01,0.01,323,-0.5,-547.75,0,1,0,1;
custom,arc90,brick2,5,0.9,5,0,1,1,1,0.01,0.01,280.75,-0.5,-593,0,-1,0,1;

custom,arc90,brick2,5,0.9,5,0,1,1,1,0.01,0.01,-280,-0.5,-594,0,0,0,0;
custom,arc90,brick2,5,0.875,5,0,1,1,1,0.01,0.01,-324,-0.5,-547,0,1,0,0;
custom,arc90,brick2,5,0.85,5,0,1,1,1,0.01,0.01,-370,-0.5,-547.75,0,1,0,1;
custom,arc90,brick2,5,0.825,5,0,1,1,1,0.01,0.01,-412.25,-0.5,-593,0,-1,0,1;

custom,arc90,brick2,5,0.925,5,0,1,1,1,0.01,0.01,234.25,-0.5,-594,0,0,0,1;
custom,arc180,brick2,5,0.925,5,0,1,1,1,0.01,0.01,168.5,0,-547,0,1,0,1;
custom,arc180,brick2,5,0.95,5,0,1,1,1,0.01,0.01,76.5,0,-597,0,-1,0,1;

custom,arc90,brick2,5,0.925,5,0,1,1,1,0.01,0.01,-234.25,-0.5,-594,0,-1,0,1;
custom,arc180,brick2,5,0.925,5,0,1,1,1,0.01,0.01,-167.5,0,-547,0,1,0,1;
custom,arc180,brick2,5,0.95,5,0,1,1,1,0.01,0.01,-79.5,0,-597,0,-1,0,1;



custom,arc180,brick2,5,0.925,5,0,1,1,1,0.01,0.01,48.5,0,-525.5,0,0.414,0,1;
custom,arc180,brick2,5,0.925,5,0,1,1,1,0.01,0.01,-48.5,0,-527,0,1,0,0.414;

custom,arc180,brick2,5,0.9,5,0,1,1,1,0.01,0.01,109.5,0,-460,0,0.414,0,1;
custom,arc180,brick2,5,0.9,5,0,1,1,1,0.01,0.01,-109,0,-461,0,1,0,0.414;

custom,arc180,brick2,5,0.925,5,0,1,1,1,0.01,0.01,143.5,0,-392,0,1,0,0.414;
custom,arc180,brick2,5,0.925,5,0,1,1,1,0.01,0.01,-142.5,0,-390.5,0,0.414,0,1;

custom,arc90,brick2,5,0.925,5,0,1,1,1,0.01,0.01,74,-0.5,-354.5,0,0,0,1;
custom,arc90,brick2,5,0.925,5,0,1,1,1,0.01,0.01,-73.5,-0.5,-353.5,0,-1,0,1;

custom,arc90,brick2,5,0.95,5,0,1,1,1,0.01,0.01,40.25,-0.5,-302.25,0,0.9807853,0,-0.1950903;

custom,arc90,brick2,5,-0.95,5,0,1,1,1,0.01,0.01,-40.5,-0.5,-302.25,0.9807853,0,0.1950903,0;

custom,cuboid,metal1,1.5,1,0.5,0,1,1,1,0.01,0.01,-26,-1.5,-273.25,0,0.5555702,0,0.8314696;
custom,cuboid,metal1,1.5,1,0.5,0,1,1,1,0.01,0.01,26,-1.5,-273.25,0,-0.5555702,0,0.8314696;

racing,killcuboid,1.55,1.05,0.55,-26,-1.5,-273.25,0,0.5555702,0,0.8314696;
racing,killcuboid,1.5,1.05,0.55,26,-1.5,-273.25,0,-0.5555702,0,0.8314696;


racing,checkpointCylinder,0.75,3,0.75,470,30,380,0,0,0,0;
racing,checkpointCylinder,0.75,3,0.75,-471,30,380,0,0,0,0;


