custom,cuboid,stone1,6,3,6,0,1,1,1,1.0,1.0,590.7601,-1.428349,-582.4527,0,0.06154893,0,-0.9981041;
spawnpoint,playerC,580.7859,27.98637,-586.7437,0,0.03405862,0,-0.9994198;
spawnpoint,playerM,601.1759,26.15309,-586.6539,0,0.03014909,0,-0.9995454;
misc,barrier,6,3,6,590.9536,-0.3218914,-582.393,0,0.05886668,0,-0.9982659;
custom,cuboid,stone1,3,3,9,0,1,1,1,1.0,1.0,575.9873,-1.542944,-532.0157,0,0.9630132,0,0.2694544;
misc,barrier,3,3,9,575.7491,-0.3386619,-531.398,0,0.9627036,0,0.2705582;
custom,cuboid,stone1,3,3,9,0,1,1,1,1.0,1.0,518.3029,-1.558739,-481.8723,0,0.5495431,0,-0.8354654;
misc,barrier,3,3,9,518.0588,-0.3862899,-481.8829,0,0.8375616,0,0.546343;
custom,cuboid,stone1,3,3,9,0,1,1,1,1.0,1.0,441.471,-1.531774,-471.5576,0,0.7580396,0,-0.6522086;
misc,barrier,3,3,9,441.5691,-0.2684023,-471.3195,0,0.6532428,0,0.7571486;
custom,cuboid,stone1,6,3,6,0,1,1,1,1.0,1.0,379.2806,-1.57624,-481.453,0,0.7538214,0,-0.6570795;
misc,barrier,6,3,6,379.472,-0.2423739,-481.4642,0,0.7517434,0,-0.6594558;
custom,cuboid,stone1,4,3,9,0,1,1,1,1.0,1.0,317.0635,-1.607766,-488.5679,0,0.6726632,0,0.7399489;
misc,barrier,4,3,9,317.8567,-0.2551565,-488.0002,0,0.6736175,0,0.7390802;
custom,cuboid,stone1,4,3,10,0,1,1,1,1.0,1.0,236.9309,-1.746191,-475.2317,0,0.5611067,0,-0.8277435;
misc,barrier,4,3,10,236.6566,-0.08086105,-475.0305,0,0.8280774,0,0.5606139;
custom,cuboid,stone1,4,3,15,0,1,1,1,1.0,1.0,163.3985,-1.726747,-501.1778,0,0.9659993,0,-0.2585447;
misc,barrier,4,3,15,163.5084,-0.01543132,-501.0608,0,0.965822,0,-0.2592061;
custom,cuboid,stone1,4,3,15,0,1,1,1,1.0,1.0,86.55591,-1.651175,-523.5292,0,0.5241756,0,-0.8516102;
custom,cuboid,stone1,4,3,15,0,1,1,1,1.0,1.0,-32.89717,-1.584715,-516.6376,0,0.8215452,0,-0.5701435;
misc,barrier,4,3,15,86.50691,-0.06260504,-523.1774,0,0.5204439,0,-0.8538958;
misc,barrier,4,3,15,-32.55269,0.189722,-516.4969,0,0.8223196,0,-0.5690259;
custom,cuboid,stone1,4,3,15,0,1,1,1,1.0,1.0,-167.3864,-1.652105,-537.6065,0,0.6915854,0,-0.7222947;
misc,barrier,4,3,15,-167.3212,0.06646035,-537.4849,0,0.691361,0,-0.7225096;
custom,cuboid,stone1,4,3,15,0,1,1,1,1.0,1.0,-289.142,-1.695637,-492.9184,0,0.4388124,0,-0.8985787;
misc,barrier,4,3,15,-288.4303,0.08560225,-493.7059,0,0.4395225,0,-0.8982316;
custom,cuboid,stone1,4,3,5,0,1,1,1,1.0,1.0,-355.9037,-1.654998,-455.2839,0,0.7557246,0,-0.6548896;
misc,barrier,4,3,5,-355.7979,0.06239749,-455.0651,0,0.6514366,0,0.7587031;
custom,cuboid,stone1,4,3,8,0,1,1,1,1.0,1.0,-391.3365,-1.693774,-483.6592,0,-0.3142166,0,-0.9493513;
misc,barrier,4,3,8,-391.3741,0.06891163,-483.9117,0,0.9486471,0,-0.3163364;
custom,cuboid,stone1,4,3,10,0,1,1,1,1.0,1.0,-448.4427,-1.736047,-508.7537,0,0.903783,0,0.4279911;
misc,barrier,4,3,10,-448.3688,0.133088,-508.8052,0,0.902839,0,0.4299788;
custom,cuboid,stone1,4,3,15,0,1,1,1,1.0,1.0,-498.3933,-1.821139,-415.346,0,0.9928771,0,0.1191435;
misc,barrier,4,3,15,-498.3544,0.2430563,-416.0896,0,-0.1154741,0,0.9933106;
custom,cuboid,stone1,4,3,10,0,1,1,1,1.0,1.0,-487.5695,-1.779802,-323.0724,0,0.9363846,0,-0.3509757;
custom,cuboid,stone1,4,3,10,0,1,1,1,1.0,1.0,-461.4652,-1.809532,-249.1644,0,0.9998057,0,0.01971502;
misc,barrier,4,3,10,-487.3206,0.2150009,-323.5016,0,0.9370445,0,-0.3492101;
misc,barrier,4,3,10,-462.2548,0.1999888,-249.157,0,0.9996406,0,0.02680967;
custom,cuboid,stone1,10,3,10,0,1,1,1,1.0,1.0,-467.5229,-1.935208,-154.1304,0,0.9993064,0,0.037241;
misc,barrier,10,3,10,-467.692,0.2427862,-154.046,0,0.9993724,0,0.0354236;
racing,checkpointCuboid,5,5,5,-464.3859,11.62502,-156.252,0,0.9991332,0,0.04162676;
custom,cuboid,stone1,2,3,5,0,1,1,1,1.0,1.0,-462.7661,-1.967136,-89.12823,0,0.9995767,0,0.02909149;
misc,barrier,2,3,5,-462.7476,0.1456353,-88.88369,0,0.9996472,0,0.02656174;
custom,cuboid,stone1,2,3,5,0,1,1,1,1.0,1.0,-472.9977,-1.958923,-50.73695,0,0.9998438,0,0.01768007;
misc,barrier,2,3,5,-472.9858,0.1617552,-50.66272,0,0.9998571,0,0.01690275;
custom,cuboid,stone1,2,3,5,0,1,1,1,1.0,1.0,-486.7599,-2.036559,-8.268337,0,0.9993036,0,0.03731579;
misc,barrier,2,3,5,-486.7704,0.2712899,-8.508913,0,0.999409,0,0.03437641;
custom,cuboid,stone1,3,3,10,0,1,1,1,1.0,1.0,-472.3508,-2.016958,56.4337,0,0.9554892,0,-0.2950261;
misc,barrier,3,3,10,-472.3482,0.2757317,56.35573,0,0.9566963,0,-0.2910878;
custom,cuboid,stone1,3,3,16,0,1,1,1,1.0,1.0,-468.702,-1.973892,107.5643,0,0.882789,0,0.4697697;
misc,barrier,3,3,16,-468.2844,0.3011988,107.3846,0,0.8824534,0,0.4703999;
custom,cuboid,stone1,3,3,16,0,1,1,1,1.0,1.0,-505.4907,-1.931792,210.5905,0,0.9625528,0,-0.2710943;
custom,cuboid,stone1,3,3,16,0,1,1,1,1.0,1.0,-397.0604,-1.930861,275.4583,0,0.689665,0,0.7241285;
misc,barrier,3,3,16,-505.5486,0.2662115,210.5639,0,0.272591,0,0.9621301;
misc,barrier,3,3,16,-394.4769,0.3504497,275.8623,0,0.6906002,0,0.7232369;
custom,cuboid,stone1,1,3,3,0,1,1,1,1.0,1.0,-396.566,-2.064219,90.22173,0,0.07528198,0,0.9971623;
custom,cuboid,stone1,1,3,3,0,1,1,1,1.0,1.0,-402.8303,-2.070603,112.7574,0,0.3370614,0,-0.9414827;
custom,cuboid,stone1,1,3,3,0,1,1,1,1.0,1.0,-404.3362,-2.096505,130.436,0,-0.38617,0,-0.9224277;
misc,barrier,1,3,3,-396.6294,0.3764982,89.77514,0,0.07151407,0,0.9974396;
misc,barrier,1,3,3,-402.7803,0.4112661,112.4769,0,-0.3418407,0,0.939758;
misc,barrier,1,3,3,-404.3482,0.4299946,130.2869,0,0.9216595,0,-0.3879999;
custom,cuboid,stone1,1,3,7,0,1,1,1,1.0,1.0,-378.2102,-2.122223,167.3484,0,0.271405,0,0.9624653;
custom,cuboid,stone1,1,3,9,0,1,1,1,1.0,1.0,-330.5029,-2.040782,228.8949,0,0.3640133,0,0.9313937;
misc,barrier,1,3,7,-378.3164,0.4701104,167.2707,0,0.2727314,0,0.9620903;
misc,barrier,1,3,9,-330.8657,0.5047073,228.5498,0,0.9314001,0,-0.3639971;
custom,cuboid,stone1,3,3,16,0,1,1,1,1.0,1.0,-239.8517,-2.032933,267.8095,0,0.7192742,0,0.6947264;
custom,cuboid,stone1,3,3,16,0,1,1,1,1.0,1.0,-132.7069,-1.999327,196.9541,0,0.9475954,0,0.3194732;
misc,barrier,3,3,16,-239.1333,0.3078024,267.5837,0,0.7196828,0,0.6943032;
custom,cuboid,stone1,3,3,16,0,1,1,1,1.0,1.0,-169.865,-2.053978,117.5318,0,0.8948201,0,-0.446427;
misc,barrier,3,3,16,-133.002,0.357968,197.2047,0,0.9479002,0,0.3185673;
misc,barrier,3,3,16,-169.0766,0.3275825,118.4693,0,0.8951018,0,-0.4458618;
custom,cuboid,stone1,3,3,16,0,1,1,1,1.0,1.0,-187.0921,-2.180989,23.47003,0,0.9491935,0,0.3146932;
misc,barrier,3,3,16,-187.5397,0.4545856,23.64005,0,0.9501694,0,0.3117342;
custom,cuboid,stone1,3,3,16,0,1,1,1,1.0,1.0,-146.1016,-2.180837,-110.6019,0,0.9997389,0,-0.02285147;
misc,barrier,3,3,16,-145.9256,0.3935679,-110.1236,0,-0.02302788,0,-0.9997349;
custom,cuboid,stone1,3,3,16,0,1,1,1,1.0,1.0,-86.70047,-2.179681,-211.9286,0,0.8499314,0,0.5268934;
misc,barrier,3,3,16,-86.39468,0.4329069,-211.9285,0,0.8492386,0,0.5280094;
custom,cuboid,stone1,3,3,16,0,1,1,1,1.0,1.0,55.11943,-2.259091,-239.0555,0,0.7363799,0,-0.6765683;
misc,barrier,3,3,16,56.08581,0.3872345,-238.7764,0,0.7352595,0,-0.6777858;
racing,killSphere,1,1,1,-136.2171,18.38762,-196.524,0,0.2806211,0,0.9598187;
racing,killSphere,1,1,1,-89.20065,18.66392,-200.6371,0,0.7943826,0,0.6074178;
racing,killSphere,1,1,1,-148.279,19.35457,-139.3356,0,-0.1672544,0,0.9859138;
racing,killSphere,1,1,1,-61.68812,18.69764,-234.6929,0,0.7555288,0,0.6551155;
racing,killSphere,1,1,1,-35.65653,18.37684,-235.8287,0,0.8613744,0,0.5079706;
racing,killSphere,2,2,2,28.87622,19.84141,-249.2321,0,0.2711151,0,-0.962547;
racing,killSphere,2,2,2,67.2776,20.51841,-228.3741,0,0.4367111,0,0.8996018;
racing,killSphere,2,2,2,118.1713,17.9216,-242.5427,0,0.8023652,0,-0.5968335;
custom,cuboid,stone1,8,3,8,0,1,1,1,1.0,1.0,168.151,-2.199041,-229.8665,0,0.737363,0,-0.6754968;
misc,barrier,8,3,8,167.4909,0.3715629,-230.1032,0,0.04053828,0,-0.999178;
racing,checkpointCuboid,5,5,5,170.9993,11.71924,-231.9554,0,0.03951501,0,-0.999219;
custom,cuboid,stone1,2,3,10,0,1,1,1,1.0,1.0,242.8298,-2.140834,-225.8781,0,0.7351182,0,-0.6779391;
misc,barrier,2,3,10,242.5215,0.3237354,-225.8518,0,0.736545,0,-0.6763886;
custom,cuboid,stone1,2,3,10,0,1,1,1,1.0,1.0,161.4183,-2.25121,-151.4787,0,-0.02215746,0,0.9997545;
misc,barrier,2,3,10,161.568,0.3791441,-151.309,0,0.9998492,0,0.01736758;
custom,cuboid,stone1,2,3,18,0,1,1,1,1.0,1.0,225.1477,-2.211718,-52.43895,0,0.4222818,0,0.9064647;
misc,barrier,2,3,18,225.0499,0.4359926,-51.82663,0,0.906258,0,-0.4227252;
custom,cuboid,stone1,1,3,18,0,1,1,1,1.0,1.0,274.5813,-2.248785,32.7897,0,0.3342141,0,-0.9424973;
misc,barrier,1,3,18,274.3736,0.5751276,32.7856,0,0.3359692,0,-0.941873;
custom,cuboid,stone1,1,3,18,0,1,1,1,1.0,1.0,394.7534,-2.19296,20.35763,0,-0.4310152,0,-0.9023447;
custom,cuboid,stone1,1,3,18,0,1,1,1,1.0,1.0,286.3154,-2.029893,153.0203,0,0.9055224,0,-0.4242986;
custom,cuboid,stone1,1,3,18,0,1,1,1,1.0,1.0,306.0414,-2.069023,59.28295,0,0.3281306,0,-0.9446324;
custom,cuboid,stone1,1,3,18,0,1,1,1,1.0,1.0,405.5373,-2.141389,142.4787,0,0.3319303,0,-0.9433039;
custom,cuboid,stone1,1,3,18,0,1,1,1,1.0,1.0,335.9981,-2.065034,83.1899,0,0.3040687,0,-0.9526501;
custom,cuboid,stone1,1,3,18,0,1,1,1,1.0,1.0,369.0334,-2.083833,112.2612,0,0.3146248,0,-0.9492161;
misc,barrier,1,3,18,395.4832,0.512674,21.51994,0,0.4291693,0,0.9032241;
misc,barrier,1,3,18,305.9898,0.4383882,59.63021,0,0.3280689,0,-0.9446538;
misc,barrier,1,3,18,287.4863,0.4686895,153.7471,0,0.9073215,0,-0.4204375;
misc,barrier,1,3,18,406.4771,0.5012309,141.066,0,0.9430001,0,0.3327926;
misc,barrier,1,3,18,370.7363,0.5236967,109.9833,0,0.9498661,0,0.312657;
misc,barrier,1,3,18,337.1553,0.519524,81.36479,0,0.9529543,0,0.303114;
custom,cuboid,stone1,2,3,10,0,1,1,1,1.0,1.0,291.3825,-2.017792,220.3141,0,0.952813,0,0.3035578;
misc,barrier,2,3,10,291.2535,0.5037519,220.491,0,0.9528265,0,0.3035155;
racing,killSphere,2,2,2,219.8629,17.72848,99.95805,0,0.4496348,0,-0.8932126;
racing,killSphere,2,2,2,369.2501,14.51588,6.222011,0,0.6272365,0,-0.7788289;
racing,killSphere,2,2,2,301.9085,14.01394,169.9798,0,0.5037476,0,-0.8638509;
racing,killSphere,2,2,2,383.9802,17.69645,90.03944,0,0.4760025,0,-0.8794439;
custom,cuboid,stone1,2,3,21,0,1,1,1,1.0,1.0,232.1199,-2.0196,355.477,0,0.1599257,0,-0.9871291;
misc,barrier,2,3,21,231.3956,0.5736006,357.4534,0,0.9870946,0,0.1601382;
custom,cuboid,stone1,2,3,21,0,1,1,1,1.0,1.0,109.0437,-2.053528,493.2455,0,0.5396111,0,-0.8419145;
misc,barrier,2,3,21,107.18,0.4687135,493.9624,0,0.5407254,0,-0.8411992;
custom,cuboid,stone1,2,3,21,0,1,1,1,1.0,1.0,-62.76523,-2.070074,482.1547,0,0.8761834,0,-0.4819779;
misc,barrier,2,3,21,-63.79516,0.4676848,481.2741,0,0.8761865,0,-0.4819722;
custom,cuboid,stone1,2,3,8,0,1,1,1,1.0,1.0,-183.0612,-2.1236,436.1531,0,0.61685,0,-0.7870808;
misc,barrier,2,3,8,-183.4605,0.4659111,436.3336,0,0.6146565,0,-0.7887949;
custom,cuboid,stone1,2,3,4,0,1,1,1,1.0,1.0,-216.179,-3.07118,444.4394,0.1840445,0.5981863,0.1436119,-0.7666007;
misc,barrier,2,3,4,-214.7836,-0.8664418,443.9025,0.1606321,0.5976825,0.1237741,-0.7756629;
custom,cuboid,stone1,8,3,8,0,1,1,1,1.0,1.0,-302.6913,-0.152113,491.9248,0,0.9926883,0,-0.1207065;
custom,cuboid,stone1,8,3,8,0,1,1,1,1.0,1.0,-379.4159,-0.2440156,511.6046,0,0.9911996,0,-0.1323758;
misc,barrier,8,3,8,-301.9096,2.734716,491.5507,0,0.6190061,0,-0.7853862;
misc,barrier,8,3,8,-378.5518,2.771074,510.8396,0,0.9914651,0,-0.1303731;
racing,endCuboid,1,5,8,-267.8297,31.7192,482.6122,0,-0.1127442,0,-0.993624;
custom,cuboid,lava1,150,5,150,0,1,1,1,1.0,1.0,-73.21894,-24.56811,-73.2309,0,0.9999986,0,-0.001697225;
racing,killCuboid,150,5,150,-75.00652,-17.1643,-69.02377,0,0.9999965,0,-0.002646381;
racing,startCuboid,1,5,8,585.9221,23.13184,-557.3113,0,0.6599854,0,0.7512785;
racing,startCuboid,1,5,8,555.7101,21.12865,-589.3467,0,-0.05802278,0,0.9983153;
racing,startCuboid,1,5,8,625.2715,23.08503,-581.8686,0,0.07935556,0,-0.9968464;
racing,startCuboid,1,5,8,593.9919,22.32707,-614.9365,0,-0.660614,0,-0.7507258;
racing,startCuboid,8,1,8,588.4307,44.75616,-573.577,0,-0.06981511,0,0.99756;
custom,prism,default,1,1,1,1,1,1,0,1.0,1.0,-459.0902,8.318065,-143.4813,0,0.9998119,0,0.01939428;
custom,prism,default,1,1,1,1,1,1,0,1.0,1.0,-457.3581,8.296391,-159.6536,0,0.5170085,0,-0.8559803;
custom,prism,default,1,1,1,1,1,1,0,1.0,1.0,167.902,8.073668,-235.9794,0,0.5267039,0,-0.8500489;
custom,prism,default,1,1,1,1,1,1,0,1.0,1.0,167.6855,8.044857,-223.7258,0,0.4941509,0,-0.8693762;
custom,prism,default,1,1,1,1,1,1,0,1.0,1.0,591.3524,8.877519,-587.2867,0,0.5266245,0,-0.8500981;
custom,prism,default,1,1,1,1,1,1,0,1.0,1.0,592.5458,8.837527,-598.8719,0,0.5390305,0,-0.8422863;
