custom,cylinder,lava1,10,1,10,0,0.3522727,1,1,1.0,1.0,-10.32599,-3.713889,-11.34099,0,0.7133093,0,-0.7008495;
custom,arc90,lava1,5,10,5,0,0.3522727,1,1,1.0,1.0,12.89266,17.32915,11.35643,0,0.999233,0,-0.0391583;
custom,arc180,lava1,5,10,5,0,0.3522727,1,1,1.0,1.0,-6.637491,22.31323,-37.57525,0,0.7604684,0,-0.649375;
custom,arc90,lava1,5,10,5,0,0.3522727,1,1,1.0,1.0,-40.03808,17.19729,3.678257,0,-0.5788112,0,-0.8154616;
racing,startArc90,5,10,5,-15.52487,16.82803,23.9539,0,0.8977175,0,0.4405716;
spawnpoint,playerC,-23.8986,8.470169,-3.934576,0,0.210255,0,-0.9776466;
spawnpoint,playerM,3.508104,7.190156,-2.435191,0,0.210255,0,-0.9776466;
misc,barrier,100,1,100,15.11652,44.52119,-4.22619,0,0.6805716,0,-0.7326816;
custom,arc180,lava1,6,2,5,0,0.3522727,1,1,1.0,1.0,-18.90898,1.063842,18.88817,0,0.5146933,0,0.8573744;
custom,cuboid,lava1,6,2,5,0,0.3522727,1,1,1.0,1.0,-28.94588,-7.004647,68.15051,0,0.7705112,0,-0.6374266;
custom,cuboid,lava1,6,2,5,0,0.3522727,1,1,1.0,1.0,-47.25232,-6.906752,90.68842,0,0.882736,0,0.4698693;
custom,cuboid,lava1,6,2,5,0,0.3522727,1,1,1.0,1.0,-80.57344,-6.925406,103.9905,0,0.9999537,0,0.009623023;
custom,arc180,lava1,6,2,5,0,0.3522727,1,1,1.0,1.0,-120.1153,-2.205388,138.6277,0,-0.0963093,0,0.9953515;
custom,arc90,lava1,6,2,5,0,0.3522727,1,1,1.0,1.0,-72.84923,-3.28896,200.7551,0,0.8374543,0,0.5465075;
custom,tube,lava1,6,2,5,0,0.3522727,1,1,1.0,1.0,-18.52375,-4.815739,199.1991,0,0.975105,0,-0.2217438;
custom,arc180,lava1,6,2,5,0,0.3522727,1,1,1.0,1.0,64.45927,-2.239209,174.7045,0,0.07621555,0,0.9970914;
custom,tube,lava1,6,2,5,0,0.3522727,1,1,1.0,1.0,111.9426,-4.63795,117.8519,0,0.06920312,0,0.9976026;
custom,tube,lava1,6,2,5,0,0.3522727,1,1,1.0,1.0,125.7444,-4.527936,213.0924,0,0.9442778,0,-0.3291495;
custom,arc180,lava1,6,2,5,0,0.3522727,1,1,1.0,1.0,176.0449,-2.205148,155.4467,0,0.9970911,0,-0.07621931;
custom,arc180,lava1,6,2,5,0,0.3522727,1,1,1.0,1.0,245.7259,-2.299494,123.0605,0,0.9585059,0,0.2850729;
custom,arc180,lava1,6,2,5,0,0.3522727,1,1,1.0,1.0,236.6573,-2.203036,18.66784,0,0.9446022,0,-0.3282175;
custom,arc180,lava1,6,2,5,0,0.3522727,1,1,1.0,1.0,146.2368,-2.317807,-33.32242,0,0.7407463,0,-0.6717849;
custom,arc180,lava1,6,2,5,0,0.3522727,1,1,1.0,1.0,92.63074,-2.15374,-77.92304,0,0.9286399,0,-0.3709823;
custom,endprism,default,6,2,5,0,0.3522727,1,1,1.0,1.0,71.33744,-6.540684,-58.44476,0,0.5000201,0,-0.8660138;
custom,endprism,default,6,2,5,0,0.3522727,1,1,1.0,1.0,89.62818,-6.639391,-69.4836,0,0.5180551,0,-0.8553473;
custom,arc180,lava1,6,2,5,0,0.3522727,1,1,1.0,1.0,128.5849,-2.289937,-144.285,0,0.9977288,0,-0.06735951;
custom,arc90,lava1,6,2,5,0,0.3522727,1,1,1.0,1.0,71.4445,-3.2671,-206.5822,0,-0.7585819,0,-0.6515778;
custom,arc180,lava1,6,2,5,0,0.3522727,1,1,1.0,1.0,94.19305,-2.19246,-251.8454,0,0.754274,0,-0.6565599;
custom,arc90,lava1,6,2,5,0,0.3522727,1,1,1.0,1.0,165.7915,-3.275572,-205.5042,0,-0.836862,0,-0.5474139;
custom,tube,lava1,6,2,5,0,0.3522727,1,1,1.0,1.0,222.4476,-4.717459,-206.7395,0,0.9422981,0,-0.334775;
custom,arc90,lava1,6,2,5,0,0.3522727,1,1,1.0,1.0,245.6337,-3.145649,-255.3857,0,0.90367,0,-0.4282297;
custom,arc180,lava1,6,2,5,0,0.3522727,1,1,1.0,1.0,245.6575,-2.241579,-342.8012,0,0.3014504,0,-0.9534819;
custom,arc180,lava1,6,2,5,0,0.3522727,1,1,1.0,1.0,343.8004,-2.417507,-382.5085,0,0.9439684,0,0.330036;
custom,arc180,lava1,6,2,5,0,0.3522727,1,1,1.0,1.0,312.8943,-2.282504,-470.3384,0,0.7888266,0,-0.6146159;
custom,arc180,lava1,6,2,5,0,0.3522727,1,1,1.0,1.0,215.4834,-2.414716,-432.3538,0,0.6403947,0,0.768046;
custom,arc180,lava1,6,2,5,0,0.3522727,1,1,1.0,1.0,122.1852,-2.296088,-460.5004,0,0.4345578,0,-0.9006439;
custom,arc180,lava1,6,2,5,0,0.3522727,1,1,1.0,1.0,64.40122,-2.318682,-378.2358,0,0.737591,0,0.6752478;
custom,cuboid,lava1,6,2,5,0,0.3522727,1,1,1.0,1.0,0.3636844,-7.189282,-370.7662,0,0.9812271,0,-0.1928559;
custom,cuboid,lava1,6,2,5,0,0.3522727,1,1,1.0,1.0,-39.6906,-6.99205,-344.1868,0,0.3804901,0,0.924785;
custom,tube,lava1,6,2,5,0,0.3522727,1,1,1.0,1.0,-72.46553,-4.694668,-304.4892,0,0.2856405,0,-0.9583369;
custom,arc180,lava1,6,2,5,0,0.3522727,1,1,1.0,1.0,-87.00582,-2.305208,-227.651,0,-0.1878433,0,-0.9821991;
custom,arc180,lava1,6,2,5,0,0.3522727,1,1,1.0,1.0,-90.06615,-2.448207,-168.1467,0,0.2423398,0,-0.9701915;
custom,tube,lava1,6,2,5,0,0.3522727,1,1,1.0,1.0,-94.33876,-4.803741,-89.16639,0,0.5228651,0,0.8524155;
custom,arc180,lava1,6,2,5,0,0.3522727,1,1,1.0,1.0,-173.1644,-2.188098,-64.32087,0,-0.2907163,0,0.9568093;
custom,arc180,lava1,6,2,5,0,0.3522727,1,1,1.0,1.0,-231.1217,-2.227196,-13.48302,0,0.4640857,0,-0.8857903;
custom,arc180,lava1,6,2,5,0,0.3522727,1,1,1.0,1.0,-300.7529,-2.330253,50.02413,0,0.6125425,0,0.7904378;
racing,killCuboid,100,1,100,57.35358,-1.896455,168.1482,0,0.5685144,0,0.8226733;
racing,killCuboid,100,1,100,397.1601,-2.008219,-763.1913,0,0.9859784,0,0.1668733;
racing,killCuboid,2,2,2,-338.3622,-2.529488,9.976919,0,0.8117135,0,0.5840558;
racing,checkpointCuboid,2,10,2,-339.3563,48.01585,10.40969,0,0.5776995,0,-0.8162495;
racing,endCuboid,2,1,2,-339.0325,54.61234,11.27727,0,0.9880553,0,0.1540998;
custom,cuboid,lava1,2,1,2,0,0.3522727,1,1,1.0,1.0,31.53565,-1.934557,184.4104,0,0.6189882,0,-0.7854004;
custom,cuboid,lava1,2,1,2,0,0.3522727,1,1,1.0,1.0,17.44232,-2.014555,187.9625,0,0.6189882,0,-0.7854004;
custom,cylinder,lava1,10,1,10,0,0.3522727,1,1,1.0,1.0,-10.32599,49.92619,-11.34099,0,0.7133093,0,-0.7008495;
custom,statue2,default,3,3,3,0,1,1,1,1.0,1.0,-5.49212,61.45708,-7.738895,0,0.05038264,0,-0.99873;