custom,cuboid,metal4,0.8445,0.15,0.8445,0,0,0,0,0.4,0.4,0,147.9903,-7.5,0,1,-0.2679,0;
custom,cuboid,metal4,0.8445,0.15,0.8445,0,0,0,0,0.4,0.4,0,142.5,-12.9903,0,1,-0.5774,0;
custom,cuboid,metal4,0.8445,0.15,0.8445,0,0,0,0,0.4,0.4,0,135,-15,0,1,-1,0;
custom,cuboid,metal4,0.8445,0.15,0.8445,0,0,0,0,0.4,0.4,0,150,0,0,1,0,0;
custom,cuboid,metal2,0.8445,0.15,0.3,0,0,0,0,0.4,0.4,7.5,147.9903,0,0.2679,1,0,0;
custom,cuboid,metal2,0.8445,0.15,0.3,0,0,0,0,0.4,0.4,12.9903,142.5,0,0.5774,1,0,0;
custom,cuboid,metal4,0.8445,0.15,0.8445,0,0,0,0,0.4,0.4,15,135,0,1,1,0,0;
custom,cuboid,metal2,0.8445,0.15,0.3,0,0,0,0,0.4,0.4,-7.5,147.9903,0,-0.2679,1,0,0;
custom,cuboid,metal2,0.8445,0.15,0.3,0,0,0,0,0.4,0.4,-12.9903,142.5,0,-0.5774,1,0,0;
custom,cuboid,metal4,0.8445,0.15,0.8445,0,0,0,0,0.4,0.4,-15,135,0,-1,1,0,0;
custom,cuboid,metal4,1.6314,0.10608,0.8445,0,0,0,0,0.4,0.4,9.6075,144.6075,0,0.4142,1,0,0;
custom,cuboid,metal4,1.6314,0.10608,0.8445,0,0,0,0,0.4,0.4,-9.6075,144.6075,0,-0.4142,1,0,0;
custom,cuboid,metal4,1.6314,0.8445,0.10608,0,0,0,0,0.4,0.4,9.6075,135,-9.6075,0,1,0,0.4142;
custom,cuboid,metal4,1.6314,0.8445,0.10608,0,0,0,0,0.4,0.4,-9.6075,135,-9.6075,0,1,0,-0.4142;
custom,cuboid,metal4,1.6314,0.15,0.10608,0,0,0,0,0.4,0.4,9.6075,130.0275,9.6075,0,1,0,-0.4142;
custom,cuboid,metal4,1.6314,0.15,0.10608,0,0,0,0,0.4,0.4,-9.6075,130.0275,9.6075,0,1,0,0.4142;
custom,cuboid,metal4,1.6314,0.15,0.10608,0,0,0,0,0.4,0.4,9.6075,130.0275,-9.6075,0,1,0,0.4142;
custom,cuboid,metal4,1.6314,0.15,0.10608,0,0,0,0,0.4,0.4,-9.6075,130.0275,-9.6075,0,1,0,-0.4142;
custom,cuboid,metal4,0.8445,0.15,0.15,0,0,0,0,0.4,0.4,0,130.0275,-15,0,1,-1,0;
custom,cuboid,metal4,0.8445,0.15,0.15,0,0,0,0,0.4,0.4,0,130.0275,15,0,1,-1,0;
custom,cuboid,metal4,0.8445,0.15,0.15,0,0,0,0,0.4,0.4,15,130.0275,0,0,1,0,1;
custom,cuboid,metal4,0.8445,0.15,0.15,0,0,0,0,0.4,0.4,-15,130.0275,0,0,1,0,1;
custom,cylinder,metal1,1.2,0.12,1.2,0,0,0,0,0.4,0.4,15,135,0,1,1,0,0;
custom,cylinder,metal1,1.2,0.12,1.2,0,0,0,0,0.4,0.4,-15,135,0,1,1,0,0;
custom,cylinder,metal2,1.05,0.12,1.05,0,0,0,0,0.4,0.4,15.3,135,0,1,1,0,0;
custom,cylinder,ice1,0.9,0.12,0.9,0,0,0,0,0.4,0.4,15.6,135,0,1,1,0,0;
custom,cylinder,metal2,0.24,0.075,1.05,0,0,0,0,0.4,0.07,16.2,135,0,0,1,0.4142,0;
custom,cylinder,metal4,0.24,0.045,0.9,0,0,0,0,0.4,0.4,16.35,135,0,0,1,0.4142,0;
custom,cylinder,metal2,1.05,0.12,1.05,0,0,0,0,0.4,0.4,-15.3,135,0,1,1,0,0;
custom,cylinder,ice1,0.9,0.12,0.9,0,0,0,0,0.4,0.4,-15.6,135,0,1,1,0,0;
custom,cylinder,metal2,0.24,0.075,1.05,0,0,0,0,0.4,0.07,-16.2,135,0,0,1,0.4142,0;
custom,cylinder,metal4,0.24,0.045,0.9,0,0,0,0,0.4,0.4,-16.35,135,0,0,1,0.4142,0;
custom,cylinder,metal1,0.75,0.09,0.75,0,0,0,0,0.2,0.2,0,135,-15,0,1,1,0;
custom,cylinder,metal2,0.6,0.15,0.6,0,0,0,0,0.2,0.2,0,135,-16.5,0,1,1,0;
custom,cylinder,metal1,0.45,0.15,0.45,0,0,0,0,0.2,0.2,0,135,-18,0,1,1,0;
custom,arc90,metal3,0.6,0.6,0.6,0,0,0,0,1,1,-0.345,137.4,-21,0.5,0.5,0.5,-0.5;
custom,cylinder,metal1,0.75,0.3,0.75,0,0,0,0,1,1,0,153,0,0,1,0,0;
custom,cylinder,metal2,0.6,1.5,0.6,0,0,0,0,1,1,0,168,0,0,1,0,0;
custom,cylinder,metal1,0.75,0.3,0.75,0,0,0,0,1,1,0,183,0,0,1,0,0;
custom,cylinder,metal4,0.9,0.3,0.9,0,0,0,0,1,1,0,186,0,0,1,0,0;
custom,cone,metal2,1.2,0.6,1.2,0,0,0,0,1,1,3,198,0.75,99999,1,0,0;
custom,cylinder,metal1,3,0.3,3,0,0,0,0,1,1,0,195,0,0,1,0,0;
custom,cylinder,metal1,0.09,3,0.09,0,0,0,0,1,1,0,170.1,-23.7,0,1,0,0;
custom,cylinder,metal2,0.09,3,0.09,0,0,0,0,1,1,0.9,170.1,-23.7,0,1,0,0;
custom,cylinder,metal2,0.09,3,0.09,0,0,0,0,1,1,-0.9,170.1,-23.7,0,1,0,0;
custom,cylinder,metal4,0.3,0.3,0.3,0,0,0,0,1,1,0,196.5,-23.7,0,1,0,0;
custom,cylinder,metal1,4.2,6,4.2,0,0,0,0,0.4,0.4,0,0,0,0,1,0,0;
custom,cylinder,metal4,5.1,0.6,5.1,0,0,0,0,0.4,0.4,0,45,0,0,1,0,0;
custom,cylinder,default,4.5,0.3,4.5,1,1,1,0,0.4,0.4,0,54,0,0,1,0,0;
custom,cuboid,default,0.6,0.6,4.65,1,0,0,0,0.4,0.4,0,54,0,0,1,0,0;
custom,cuboid,default,0.6,0.6,4.65,1,0,0,0,0.4,0.4,0,54,0,0,1,0,0.4142;
custom,cuboid,default,0.6,0.6,4.65,1,0,0,0,0.4,0.4,0,54,0,0,1,0,-0.4142;
custom,cuboid,default,0.6,0.6,4.65,1,0,0,0,0.4,0.4,0,54,0,0,1,0,1;
custom,cylinder,metal4,5.1,0.3,5.1,0,0,0,0,0.4,0.4,0,60,0,0,1,0,0;
custom,cylinder,metal3,5.1,3,5.1,0,0,0,0,0.2,0.2,0,0,0,0,1,0,0;
custom,cylinder,metal4,5.7,3,5.7,0,0,0,0,0.2,0.2,0,-9,0,0,1,0,0;
custom,cylinder,metal2,6.6,3,6.6,0,0,0,0,0.2,0.2,0,-21,0,0,1,0,0;
custom,cylinder,metal2,12,0.15,3,0,0,0,0,1,1,0,0,21,1,1,0,0;
custom,cylinder,metal2,12,0.15,3,0,0,0,0,1,1,0,0,-21,1,1,0,0;
custom,cylinder,metal2,3,0.15,12,0,0,0,0,1,1,21,0,0,0,1,1,0;
custom,cylinder,metal2,3,0.15,12,0,0,0,0,1,1,-21,0,0,0,1,1,0;
custom,cylinder,metal4,4.2,0.15,4.2,0,0,0,0,1,1,0,84,0,0,1,0,0;
custom,cuboid,metal2,300,3,300,0,0,0,0,8,8,0,210,0,0,1,0,0;
custom,cuboid,metal4,300,3,300,1,0.4,0.4,0.4,8,8,0,-14.7,0,0,1,0,0;
custom,startCylinder,default,4.05,3,4.05,0,0,0,0,0,0,0,52,0,0,1,0,0;	
custom,startCuboid,default,0.8445,0.15,0.8445,0,0,0,0,0,0,0,135,15,0,1,1,0;	
custom,startCuboid,default,0.8445,0.10608,1.6314,0,0,0,0,0,0,0,144.6075,9.6075,0,1,0.4142,0;	
custom,startCuboid,default,1.6314,0.8445,0.10608,0,0,0,0,0,0,9.6075,135,9.6075,0,1,0,-0.4142;	
custom,startCuboid,default,1.6314,0.8445,0.10608,0,0,0,0,0,0,-9.6075,135,9.6075,0,1,0,0.4142;	
custom,startPrism,default,1.6314,0.09,1.56,0,0,0,0,0,0,7.0095,144.0414,7.1895,0.4194,0.341,-0.1737,0.8232;	
custom,startPrism,default,1.6314,0.09,1.56,0,0,0,0,0,0,-7.0095,144.0414,7.1895,0.4194,-0.341,0.1737,0.8232;	
custom,endcylinder,default,2.8,2.3,2.8,0,0,0,0,1,1,0,107,0,0,1,0,0;



photon,CannonWall,5,70,150,0,1,0,0;
photon,CannonWall,15,70,150,0,1,0,0;
photon,CannonWall,25,70,150,0,1,0,0;
photon,CannonWall,35,70,150,0,1,0,0;
photon,CannonWall,45,70,150,0,1,0,0;
photon,CannonWall,55,70,150,0,1,0,0;
photon,CannonWall,65,70,150,0,1,0,0;
photon,CannonWall,75,70,150,0,1,0,0;
photon,CannonWall,85,70,150,0,1,0,0;
photon,CannonWall,95,70,150,0,1,0,0;

photon,CannonWall,105,70,150,0,1,0,0;
photon,CannonWall,115,70,150,0,1,0,0;
photon,CannonWall,125,70,150,0,1,0,0;
photon,CannonWall,135,70,150,0,1,0,0;
photon,CannonWall,145,70,150,0,1,0,0;
photon,CannonWall,155,70,150,0,1,0,0;
photon,CannonWall,165,70,150,0,1,0,0;
photon,CannonWall,175,70,150,0,1,0,0;
photon,CannonWall,185,70,150,0,1,0,0;
photon,CannonWall,195,70,150,0,1,0,0;

photon,CannonWall,-5,70,150,0,1,0,0;
photon,CannonWall,-15,70,150,0,1,0,0;
photon,CannonWall,-25,70,150,0,1,0,0;
photon,CannonWall,-35,70,150,0,1,0,0;
photon,CannonWall,-45,70,150,0,1,0,0;
photon,CannonWall,-55,70,150,0,1,0,0;
photon,CannonWall,-65,70,150,0,1,0,0;
photon,CannonWall,-75,70,150,0,1,0,0;
photon,CannonWall,-85,70,150,0,1,0,0;
photon,CannonWall,-95,70,150,0,1,0,0;

photon,CannonWall,-105,70,150,0,1,0,0;
photon,CannonWall,-115,70,150,0,1,0,0;
photon,CannonWall,-125,70,150,0,1,0,0;
photon,CannonWall,-135,70,150,0,1,0,0;
photon,CannonWall,-145,70,150,0,1,0,0;
photon,CannonWall,-155,70,150,0,1,0,0;
photon,CannonWall,-165,70,150,0,1,0,0;
photon,CannonWall,-175,70,150,0,1,0,0;
photon,CannonWall,-185,70,150,0,1,0,0;
photon,CannonWall,-195,70,150,0,1,0,0;

spawnpoint,playerC,0,180,200,0,1,0,0;
photon,spawnAnnie,1,0,0,90,0,0,1,0,0;



custom,startcuboid,default,40,0.4,10,0,0,0,0,0,0,0,68,195,0,1,0,0;
custom,cuboid,metal4,40,0.41,0.1,0,0,0,0,0,0,0,68,195,0,1,0,0;
custom,cuboid,metal4,40,0.41,0.1,0,0,0,0,0,0,0,68,185,0,1,0,0;
custom,cuboid,metal4,40,0.41,0.1,0,0,0,0,0,0,0,68,175,0,1,0,0;
custom,cuboid,metal4,40,0.41,0.1,0,0,0,0,0,0,0,68,165,0,1,0,0;
custom,cuboid,metal4,40,0.41,0.1,0,0,0,0,0,0,0,68,155,0,1,0,0;
custom,cuboid,metal4,40,0.41,0.1,0,0,0,0,0,0,0,68,145,0,1,0,0;
custom,cuboid,metal4,40,0.41,0.1,0,0,0,0,0,0,0,68,205,0,1,0,0;
custom,cuboid,metal4,40,0.41,0.1,0,0,0,0,0,0,0,68,215,0,1,0,0;
custom,cuboid,metal4,40,0.41,0.1,0,0,0,0,0,0,0,68,225,0,1,0,0;
custom,cuboid,metal4,40,0.41,0.1,0,0,0,0,0,0,0,68,235,0,1,0,0;
custom,cuboid,metal4,40,0.41,0.1,0,0,0,0,0,0,0,68,245,0,1,0,0;

custom,cuboid,metal4,0.1,0.41,10,0,0,0,0,0,0,0,68,195,0,1,0,0;
custom,cuboid,metal4,0.1,0.41,10,0,0,0,0,0,0,10,68,195,0,1,0,0;
custom,cuboid,metal4,0.1,0.41,10,0,0,0,0,0,0,20,68,195,0,1,0,0;
custom,cuboid,metal4,0.1,0.41,10,0,0,0,0,0,0,30,68,195,0,1,0,0;
custom,cuboid,metal4,0.1,0.41,10,0,0,0,0,0,0,40,68,195,0,1,0,0;
custom,cuboid,metal4,0.1,0.41,10,0,0,0,0,0,0,50,68,195,0,1,0,0;
custom,cuboid,metal4,0.1,0.41,10,0,0,0,0,0,0,60,68,195,0,1,0,0;
custom,cuboid,metal4,0.1,0.41,10,0,0,0,0,0,0,70,68,195,0,1,0,0;
custom,cuboid,metal4,0.1,0.41,10,0,0,0,0,0,0,80,68,195,0,1,0,0;
custom,cuboid,metal4,0.1,0.41,10,0,0,0,0,0,0,90,68,195,0,1,0,0;
custom,cuboid,metal4,0.1,0.41,10,0,0,0,0,0,0,100,68,195,0,1,0,0;
custom,cuboid,metal4,0.1,0.41,10,0,0,0,0,0,0,110,68,195,0,1,0,0;
custom,cuboid,metal4,0.1,0.41,10,0,0,0,0,0,0,120,68,195,0,1,0,0;
custom,cuboid,metal4,0.1,0.41,10,0,0,0,0,0,0,130,68,195,0,1,0,0;
custom,cuboid,metal4,0.1,0.41,10,0,0,0,0,0,0,140,68,195,0,1,0,0;
custom,cuboid,metal4,0.1,0.41,10,0,0,0,0,0,0,150,68,195,0,1,0,0;
custom,cuboid,metal4,0.1,0.41,10,0,0,0,0,0,0,160,68,195,0,1,0,0;
custom,cuboid,metal4,0.1,0.41,10,0,0,0,0,0,0,170,68,195,0,1,0,0;
custom,cuboid,metal4,0.1,0.41,10,0,0,0,0,0,0,180,68,195,0,1,0,0;
custom,cuboid,metal4,0.1,0.41,10,0,0,0,0,0,0,190,68,195,0,1,0,0;
custom,cuboid,metal4,0.1,0.41,10,0,0,0,0,0,0,200,68,195,0,1,0,0;

custom,cuboid,metal4,0.1,0.41,10,0,0,0,0,0,0,-10,68,195,0,1,0,0;
custom,cuboid,metal4,0.1,0.41,10,0,0,0,0,0,0,-20,68,195,0,1,0,0;
custom,cuboid,metal4,0.1,0.41,10,0,0,0,0,0,0,-30,68,195,0,1,0,0;
custom,cuboid,metal4,0.1,0.41,10,0,0,0,0,0,0,-40,68,195,0,1,0,0;
custom,cuboid,metal4,0.1,0.41,10,0,0,0,0,0,0,-50,68,195,0,1,0,0;
custom,cuboid,metal4,0.1,0.41,10,0,0,0,0,0,0,-60,68,195,0,1,0,0;
custom,cuboid,metal4,0.1,0.41,10,0,0,0,0,0,0,-70,68,195,0,1,0,0;
custom,cuboid,metal4,0.1,0.41,10,0,0,0,0,0,0,-80,68,195,0,1,0,0;
custom,cuboid,metal4,0.1,0.41,10,0,0,0,0,0,0,-90,68,195,0,1,0,0;
custom,cuboid,metal4,0.1,0.41,10,0,0,0,0,0,0,-100,68,195,0,1,0,0;
custom,cuboid,metal4,0.1,0.41,10,0,0,0,0,0,0,-110,68,195,0,1,0,0;
custom,cuboid,metal4,0.1,0.41,10,0,0,0,0,0,0,-120,68,195,0,1,0,0;
custom,cuboid,metal4,0.1,0.41,10,0,0,0,0,0,0,-130,68,195,0,1,0,0;
custom,cuboid,metal4,0.1,0.41,10,0,0,0,0,0,0,-140,68,195,0,1,0,0;
custom,cuboid,metal4,0.1,0.41,10,0,0,0,0,0,0,-150,68,195,0,1,0,0;
custom,cuboid,metal4,0.1,0.41,10,0,0,0,0,0,0,-160,68,195,0,1,0,0;
custom,cuboid,metal4,0.1,0.41,10,0,0,0,0,0,0,-170,68,195,0,1,0,0;
custom,cuboid,metal4,0.1,0.41,10,0,0,0,0,0,0,-180,68,195,0,1,0,0;
custom,cuboid,metal4,0.1,0.41,10,0,0,0,0,0,0,-190,68,195,0,1,0,0;
custom,cuboid,metal4,0.1,0.41,10,0,0,0,0,0,0,-200,68,195,0,1,0,0;

custom,cylinder,metal2,1,3.4,1,0,0,0,0,0.01,1,0,34,195,0,1,0,0;
custom,cylinder,metal2,1,3.4,1,0,0,0,0,0.01,1,100,34,195,0,1,0,0;
custom,cylinder,metal2,1,3.4,1,0,0,0,0,0.01,1,-100,34,195,0,1,0,0;
custom,cylinder,metal2,1,3.4,1,0,0,0,0,0.01,1,0,34,155,0,1,0,0;
custom,cylinder,metal2,1,3.4,1,0,0,0,0,0.01,1,100,34,155,0,1,0,0;
custom,cylinder,metal2,1,3.4,1,0,0,0,0,0.01,1,-100,34,155,0,1,0,0;
custom,cylinder,metal2,1,3.4,1,0,0,0,0,0.01,1,0,34,235,0,1,0,0;
custom,cylinder,metal2,1,3.4,1,0,0,0,0,0.01,1,100,34,235,0,1,0,0;
custom,cylinder,metal2,1,3.4,1,0,0,0,0,0.01,1,-100,34,235,0,1,0,0;

custom,cylinder,metal4,1.1,2.4,1.1,0,0,0,0,0.01,1,0,14,195,0,1,0,0;
custom,cylinder,metal4,1.1,2.4,1.1,0,0,0,0,0.01,1,100,14,195,0,1,0,0;
custom,cylinder,metal4,1.1,2.4,1.1,0,0,0,0,0.01,1,-100,14,195,0,1,0,0;
custom,cylinder,metal4,1.1,2.4,1.1,0,0,0,0,0.01,1,0,14,155,0,1,0,0;
custom,cylinder,metal4,1.1,2.4,1.1,0,0,0,0,0.01,1,100,14,155,0,1,0,0;
custom,cylinder,metal4,1.1,2.4,1.1,0,0,0,0,0.01,1,-100,14,155,0,1,0,0;
custom,cylinder,metal4,1.1,2.4,1.1,0,0,0,0,0.01,1,0,14,235,0,1,0,0;
custom,cylinder,metal4,1.1,2.4,1.1,0,0,0,0,0.01,1,100,14,235,0,1,0,0;
custom,cylinder,metal4,1.1,2.4,1.1,0,0,0,0,0.01,1,-100,14,235,0,1,0,0;

custom,cuboid,metal4,40,2,10,0,0,0,0,1,0.25,0,10,195,0,1,0,0;

custom,cuboid,metal1,2,20,40,0,0,0,0,1,1,210.5,120,100,0,1,0,0;
custom,cuboid,metal1,2,20,40,0,0,0,0,1,1,-210.5,120,100,0,1,0,0;
custom,cuboid,metal2,41,40,10,0,0,0,0,1,1,0,0,295.5,0,1,0,0;
custom,cuboid,metal2,41,40,10,0,0,0,0,1,1,0,0,-150,0,1,0,0;

custom,cuboid,metal4,4,4,41,0,0,0,0,1,1,0,115,-300,0,1,0,0;
custom,cuboid,metal4,4,4,41,0,0,0,0,1,1,70,115,-300,0,1,0,0;
custom,cuboid,metal4,4,4,41,0,0,0,0,1,1,-70,115,-300,0,1,0,0;
custom,cuboid,metal4,4,4,41,0,0,0,0,1,1,140,115,-300,0,1,0,0;
custom,cuboid,metal4,4,4,41,0,0,0,0,1,1,-140,115,-300,0,1,0,0;

custom,cylinder,metal2,0.4,20.6,0.4,0,0,0,0,1,1,17,132,-300,0,1,1,0;
custom,cylinder,metal2,0.4,20.6,0.4,0,0,0,0,1,1,-17,132,-300,0,1,1,0;
custom,cylinder,metal2,0.4,20.6,0.4,0,0,0,0,1,1,17,98,-300,0,1,1,0;
custom,cylinder,metal2,0.4,20.6,0.4,0,0,0,0,1,1,-17,98,-300,0,1,1,0;

custom,cylinder,metal2,0.4,20.6,0.4,0,0,0,0,1,1,87,132,-300,0,1,1,0;
custom,cylinder,metal2,0.4,20.6,0.4,0,0,0,0,1,1,53,132,-300,0,1,1,0;
custom,cylinder,metal2,0.4,20.6,0.4,0,0,0,0,1,1,87,98,-300,0,1,1,0;
custom,cylinder,metal2,0.4,20.6,0.4,0,0,0,0,1,1,53,98,-300,0,1,1,0;

custom,cylinder,metal2,0.4,20.6,0.4,0,0,0,0,1,1,-87,132,-300,0,1,1,0;
custom,cylinder,metal2,0.4,20.6,0.4,0,0,0,0,1,1,-53,132,-300,0,1,1,0;
custom,cylinder,metal2,0.4,20.6,0.4,0,0,0,0,1,1,-87,98,-300,0,1,1,0;
custom,cylinder,metal2,0.4,20.6,0.4,0,0,0,0,1,1,-53,98,-300,0,1,1,0;

custom,cylinder,metal2,0.4,20.6,0.4,0,0,0,0,1,1,157,132,-300,0,1,1,0;
custom,cylinder,metal2,0.4,20.6,0.4,0,0,0,0,1,1,123,132,-300,0,1,1,0;
custom,cylinder,metal2,0.4,20.6,0.4,0,0,0,0,1,1,157,98,-300,0,1,1,0;
custom,cylinder,metal2,0.4,20.6,0.4,0,0,0,0,1,1,123,98,-300,0,1,1,0;

custom,cylinder,metal2,0.4,20.6,0.4,0,0,0,0,1,1,-157,132,-300,0,1,1,0;
custom,cylinder,metal2,0.4,20.6,0.4,0,0,0,0,1,1,-123,132,-300,0,1,1,0;
custom,cylinder,metal2,0.4,20.6,0.4,0,0,0,0,1,1,-157,98,-300,0,1,1,0;
custom,cylinder,metal2,0.4,20.6,0.4,0,0,0,0,1,1,-123,98,-300,0,1,1,0;







custom,cylinder,metal2,3.4,20.6,3.4,0,0,0,0,1,1,0,115,-300,0,1,1,0;
custom,cylinder,default,3.2,20.61,3.2,1,0,1,0,1,1,0,115,-300,0,1,1,0;
custom,cylinder,metal2,2.4,20.62,2.4,0,0,0,0,1,1,0,115,-300,0,1,1,0;
custom,cylinder,default,2.2,20.63,2.2,1,1,1,0,1,1,0,115,-300,0,1,1,0;
custom,cylinder,metal2,1.4,20.64,1.4,0,0,0,0,1,1,0,115,-300,0,1,1,0;
custom,cylinder,default,1.2,20.65,1.2,0,0,0,0,1,1,0,115,-300,0,1,1,0;
custom,cuboid,metal2,3.7,41.32,0.1,0,0,0,0,1,1,0,115,-300,0,1,1,0;
custom,cuboid,metal2,0.1,41.32,3.7,0,0,0,0,1,1,0,115,-300,0,1,1,0;

custom,cylinder,metal2,3.4,20.6,3.4,0,0,0,0,1,1,70,115,-300,0,1,1,0;
custom,cylinder,default,3.2,20.61,3.2,1,0,1,0,1,1,70,115,-300,0,1,1,0;
custom,cylinder,metal2,2.4,20.62,2.4,0,0,0,0,1,1,70,115,-300,0,1,1,0;
custom,cylinder,default,2.2,20.63,2.2,1,1,1,0,1,1,70,115,-300,0,1,1,0;
custom,cylinder,metal2,1.4,20.64,1.4,0,0,0,0,1,1,70,115,-300,0,1,1,0;
custom,cylinder,default,1.2,20.65,1.2,0,0,0,0,1,1,70,115,-300,0,1,1,0;
custom,cuboid,metal2,3.7,41.32,0.1,0,0,0,0,1,1,70,115,-300,0,1,1,0;
custom,cuboid,metal2,0.1,41.32,3.7,0,0,0,0,1,1,70,115,-300,0,1,1,0;

custom,cylinder,metal2,3.4,20.6,3.4,0,0,0,0,1,1,140,115,-300,0,1,1,0;
custom,cylinder,default,3.2,20.61,3.2,1,0,1,0,1,1,140,115,-300,0,1,1,0;
custom,cylinder,metal2,2.4,20.62,2.4,0,0,0,0,1,1,140,115,-300,0,1,1,0;
custom,cylinder,default,2.2,20.63,2.2,1,1,1,0,1,1,140,115,-300,0,1,1,0;
custom,cylinder,metal2,1.4,20.64,1.4,0,0,0,0,1,1,140,115,-300,0,1,1,0;
custom,cylinder,default,1.2,20.65,1.2,0,0,0,0,1,1,140,115,-300,0,1,1,0;
custom,cuboid,metal2,3.7,41.32,0.1,0,0,0,0,1,1,140,115,-300,0,1,1,0;
custom,cuboid,metal2,0.1,41.32,3.7,0,0,0,0,1,1,140,115,-300,0,1,1,0;

custom,cylinder,metal2,3.4,20.6,3.4,0,0,0,0,1,1,-70,115,-300,0,1,1,0;
custom,cylinder,default,3.2,20.61,3.2,1,0,1,0,1,1,-70,115,-300,0,1,1,0;
custom,cylinder,metal2,2.4,20.62,2.4,0,0,0,0,1,1,-70,115,-300,0,1,1,0;
custom,cylinder,default,2.2,20.63,2.2,1,1,1,0,1,1,-70,115,-300,0,1,1,0;
custom,cylinder,metal2,1.4,20.64,1.4,0,0,0,0,1,1,-70,115,-300,0,1,1,0;
custom,cylinder,default,1.2,20.65,1.2,0,0,0,0,1,1,-70,115,-300,0,1,1,0;
custom,cuboid,metal2,3.7,41.32,0.1,0,0,0,0,1,1,-70,115,-300,0,1,1,0;
custom,cuboid,metal2,0.1,41.32,3.7,0,0,0,0,1,1,-70,115,-300,0,1,1,0;

custom,cylinder,metal2,3.4,20.6,3.4,0,0,0,0,1,1,-140,115,-300,0,1,1,0;
custom,cylinder,default,3.2,20.61,3.2,1,0,1,0,1,1,-140,115,-300,0,1,1,0;
custom,cylinder,metal2,2.4,20.62,2.4,0,0,0,0,1,1,-140,115,-300,0,1,1,0;
custom,cylinder,default,2.2,20.63,2.2,1,1,1,0,1,1,-140,115,-300,0,1,1,0;
custom,cylinder,metal2,1.4,20.64,1.4,0,0,0,0,1,1,-140,115,-300,0,1,1,0;
custom,cylinder,default,1.2,20.65,1.2,0,0,0,0,1,1,-140,115,-300,0,1,1,0;
custom,cuboid,metal2,3.7,41.32,0.1,0,0,0,0,1,1,-140,115,-300,0,1,1,0;
custom,cuboid,metal2,0.1,41.32,3.7,0,0,0,0,1,1,-140,115,-300,0,1,1,0;

custom,cuboid,metal4,0.4,20,44,0,0,0,0,1,1,35,100,-300,0,1,0,0;
custom,cuboid,metal4,0.4,20,44,0,0,0,0,1,1,-35,100,-300,0,1,0,0;
custom,cuboid,metal4,0.4,20,44,0,0,0,0,1,1,105,100,-300,0,1,0,0;
custom,cuboid,metal4,0.4,20,44,0,0,0,0,1,1,-105,100,-300,0,1,0,0;
custom,cuboid,metal4,0.4,20,44,0,0,0,0,1,1,175,100,-300,0,1,0,0;
custom,cuboid,metal4,0.4,20,44,0,0,0,0,1,1,-175,100,-300,0,1,0,0;

custom,cuboid,metal1,2,3.59,20,0,0,0,0,0.15,1,0,210,110,0,1,0,0;
custom,cuboid,metal2,1.5,3.6,19.1,0,0,0,0,0.15,1,0,210,112,0,1,0,0;
custom,cuboid,ice1,1,3.61,18.6,0,0,0,0,0.15,1,0,210,112,0,1,0,0;

custom,cuboid,metal1,2,3.59,20,0,0,0,0,0.15,1,70,210,110,0,1,0,0;
custom,cuboid,metal2,1.5,3.6,19.1,0,0,0,0,0.15,1,70,210,112,0,1,0,0;
custom,cuboid,ice1,1,3.61,18.6,0,0,0,0,0.15,1,70,210,112,0,1,0,0;

custom,cuboid,metal1,2,3.59,20,0,0,0,0,0.15,1,140,210,110,0,1,0,0;
custom,cuboid,metal2,1.5,3.6,19.1,0,0,0,0,0.15,1,140,210,112,0,1,0,0;
custom,cuboid,ice1,1,3.61,18.6,0,0,0,0,0.15,1,140,210,112,0,1,0,0;

custom,cuboid,metal1,2,3.59,20,0,0,0,0,0.15,1,-70,210,110,0,1,0,0;
custom,cuboid,metal2,1.5,3.6,19.1,0,0,0,0,0.15,1,-70,210,112,0,1,0,0;
custom,cuboid,ice1,1,3.61,18.6,0,0,0,0,0.15,1,-70,210,112,0,1,0,0;

custom,cuboid,metal1,2,3.59,20,0,0,0,0,0.15,1,-140,210,110,0,1,0,0;
custom,cuboid,metal2,1.5,3.6,19.1,0,0,0,0,0.15,1,-140,210,112,0,1,0,0;
custom,cuboid,ice1,1,3.61,18.6,0,0,0,0,0.15,1,-140,210,112,0,1,0,0;

custom,cylinder,metal4,1,20,1,0,0,0,0,0,0,200,100,0,0,1,1,0;
custom,cylinder,metal4,0.4,20,0.4,0,0,0,0,0,0,200,108,0,0,1,1,0;
custom,cylinder,metal4,0.4,20,0.4,0,0,0,0,0,0,200,92,0,0,1,1,0;
custom,cylinder,metal4,1.3,0.2,1.3,0,0,0,0,1,1,200,100,0,0,1,1,0;
custom,cylinder,metal4,0.7,0.2,0.7,0,0,0,0,1,1,200,108,0,0,1,1,0;
custom,cylinder,metal4,0.7,0.2,0.7,0,0,0,0,1,1,200,92,0,0,1,1,0;
custom,cylinder,metal4,1.3,1.2,1.3,0,0,0,0,1,1,200,100,-100,0,1,1,0;
custom,cylinder,metal4,0.7,1.2,0.7,0,0,0,0,1,1,200,108,-100,0,1,1,0;
custom,cylinder,metal4,0.7,1.2,0.7,0,0,0,0,1,1,200,92,-100,0,1,1,0;
custom,cylinder,metal4,1.3,0.2,1.3,0,0,0,0,1,1,200,100,70,0,1,1,0;
custom,cylinder,metal4,0.7,0.2,0.7,0,0,0,0,1,1,200,108,70,0,1,1,0;
custom,cylinder,metal4,0.7,0.2,0.7,0,0,0,0,1,1,200,92,70,0,1,1,0;
custom,cylinder,metal4,1.3,0.2,1.3,0,0,0,0,1,1,200,100,140,0,1,1,0;
custom,cylinder,metal4,0.7,0.2,0.7,0,0,0,0,1,1,200,108,140,0,1,1,0;
custom,cylinder,metal4,0.7,0.2,0.7,0,0,0,0,1,1,200,92,140,0,1,1,0;
custom,cuboid,metal4,4,4,4,0,0,0,0,1,1,200,100,200,0,1,0,0;
custom,cuboid,metal2,4.01,3,3,0,0,0,0,1,1,200,100,200,0,1,0,0;
custom,cuboid,metal4,4.02,2.8,2.8,0,0,0,0,1,1,200,100,200,0,1,0,0;
custom,cuboid,metal4,6,0.1,2,0,0,0,0,0,0,200,91.5,200,0,1,0,0;
base,aot_supply,default,0,0,0,0,0,0,0,0,0,175,92.5,200,0,1,0,1;
base,aot_supply,default,0,0,0,0,0,0,0,0,0,175,92.5,205,0,1,0,1;
base,aot_supply,default,0,0,0,0,0,0,0,0,0,175,92.5,195,0,1,0,1;
custom,cylinder,metal1,0.45,0.05,0.45,0,0,0,0,1,1,175,91.55,200,0,1,0,0;
custom,cylinder,metal1,0.45,0.05,0.45,0,0,0,0,1,1,175,91.55,205,0,1,0,0;
custom,cylinder,metal1,0.45,0.05,0.45,0,0,0,0,1,1,175,91.55,195,0,1,0,0;
custom,cylinder,metal2,0.35,0.05,0.35,0,0,0,0,1,1,175,91.6,200,0,1,0,0;
custom,cylinder,metal2,0.35,0.05,0.35,0,0,0,0,1,1,175,91.6,205,0,1,0,0;
custom,cylinder,metal2,0.35,0.05,0.35,0,0,0,0,1,1,175,91.6,195,0,1,0,0;
custom,cylinder,metal4,1.5,6,1.5,0,0,0,0,0,0,190,150,200,0,1,0,0;

custom,cylinder,metal4,1,20,1,0,0,0,0,0,0,-200,100,0,0,1,1,0;
custom,cylinder,metal4,0.4,20,0.4,0,0,0,0,0,0,-200,108,0,0,1,1,0;
custom,cylinder,metal4,0.4,20,0.4,0,0,0,0,0,0,-200,92,0,0,1,1,0;
custom,cylinder,metal4,1.3,0.2,1.3,0,0,0,0,1,1,-200,100,0,0,1,1,0;
custom,cylinder,metal4,0.7,0.2,0.7,0,0,0,0,1,1,-200,108,0,0,1,1,0;
custom,cylinder,metal4,0.7,0.2,0.7,0,0,0,0,1,1,-200,92,0,0,1,1,0;
custom,cylinder,metal4,1.3,1.2,1.3,0,0,0,0,1,1,-200,100,-100,0,1,1,0;
custom,cylinder,metal4,0.7,1.2,0.7,0,0,0,0,1,1,-200,108,-100,0,1,1,0;
custom,cylinder,metal4,0.7,1.2,0.7,0,0,0,0,1,1,-200,92,-100,0,1,1,0;
custom,cylinder,metal4,1.3,0.2,1.3,0,0,0,0,1,1,-200,100,70,0,1,1,0;
custom,cylinder,metal4,0.7,0.2,0.7,0,0,0,0,1,1,-200,108,70,0,1,1,0;
custom,cylinder,metal4,0.7,0.2,0.7,0,0,0,0,1,1,-200,92,70,0,1,1,0;
custom,cylinder,metal4,1.3,0.2,1.3,0,0,0,0,1,1,-200,100,140,0,1,1,0;
custom,cylinder,metal4,0.7,0.2,0.7,0,0,0,0,1,1,-200,108,140,0,1,1,0;
custom,cylinder,metal4,0.7,0.2,0.7,0,0,0,0,1,1,-200,92,140,0,1,1,0;
custom,cuboid,metal4,4,4,4,0,0,0,0,1,1,-200,100,200,0,1,0,0;
custom,cuboid,metal2,4.01,3,3,0,0,0,0,1,1,-200,100,200,0,1,0,0;
custom,cuboid,metal4,4.02,2.8,2.8,0,0,0,0,1,1,-200,100,200,0,1,0,0;
custom,cuboid,metal4,6,0.1,2,0,0,0,0,0,0,-200,91.5,200,0,1,0,0;
base,aot_supply,default,0,0,0,0,0,0,0,0,0,-175,92.5,200,0,1,0,1;
base,aot_supply,default,0,0,0,0,0,0,0,0,0,-175,92.5,205,0,1,0,1;
base,aot_supply,default,0,0,0,0,0,0,0,0,0,-175,92.5,195,0,1,0,1;
custom,cylinder,metal1,0.45,0.05,0.45,0,0,0,0,1,1,-175,91.55,200,0,1,0,0;
custom,cylinder,metal1,0.45,0.05,0.45,0,0,0,0,1,1,-175,91.55,205,0,1,0,0;
custom,cylinder,metal1,0.45,0.05,0.45,0,0,0,0,1,1,-175,91.55,195,0,1,0,0;
custom,cylinder,metal2,0.35,0.05,0.35,0,0,0,0,1,1,-175,91.6,200,0,1,0,0;
custom,cylinder,metal2,0.35,0.05,0.35,0,0,0,0,1,1,-175,91.6,205,0,1,0,0;
custom,cylinder,metal2,0.35,0.05,0.35,0,0,0,0,1,1,-175,91.6,195,0,1,0,0;
custom,cylinder,metal4,1.5,6,1.5,0,0,0,0,0,0,-190,150,200,0,1,0,0;








base,aot_supply,default,0,0,0,0,0,0,0,0,0,0,115,-10,0,1,0,1;
base,aot_supply,default,0,0,0,0,0,0,0,0,0,0,115,-20,0,1,0,1;
base,aot_supply,default,0,0,0,0,0,0,0,0,0,0,115,-30,0,1,0,1;
base,aot_supply,default,0,0,0,0,0,0,0,0,0,0,115,-40,0,1,0,1;
base,aot_supply,default,0,0,0,0,0,0,0,0,0,0,115,-50,0,1,0,1;
base,aot_supply,default,0,0,0,0,0,0,0,0,0,0,115,-60,0,1,0,1;
base,aot_supply,default,0,0,0,0,0,0,0,0,0,0,115,-70,0,1,0,1;
base,aot_supply,default,0,0,0,0,0,0,0,0,0,0,115,-80,0,1,0,1;
base,aot_supply,default,0,0,0,0,0,0,0,0,0,0,115,-90,0,1,0,1;
base,aot_supply,default,0,0,0,0,0,0,0,0,0,0,115,-100,0,1,0,1;
base,aot_supply,default,0,0,0,0,0,0,0,0,0,0,115,00,0,1,0,1;
base,aot_supply,default,0,0,0,0,0,0,0,0,0,0,115,10,0,1,0,1;
base,aot_supply,default,0,0,0,0,0,0,0,0,0,0,115,20,0,1,0,1;
base,aot_supply,default,0,0,0,0,0,0,0,0,0,0,115,30,0,1,0,1;
base,aot_supply,default,0,0,0,0,0,0,0,0,0,0,115,40,0,1,0,1;
base,aot_supply,default,0,0,0,0,0,0,0,0,0,0,115,50,0,1,0,1;
base,aot_supply,default,0,0,0,0,0,0,0,0,0,0,115,60,0,1,0,1;
base,aot_supply,default,0,0,0,0,0,0,0,0,0,0,115,70,0,1,0,1;
base,aot_supply,default,0,0,0,0,0,0,0,0,0,0,115,80,0,1,0,1;
base,aot_supply,default,0,0,0,0,0,0,0,0,0,0,115,90,0,1,0,1;
base,aot_supply,default,0,0,0,0,0,0,0,0,0,0,115,100,0,1,0,1;
base,aot_supply,default,0,0,0,0,0,0,0,0,0,0,115,110,0,1,0,1;
base,aot_supply,default,0,0,0,0,0,0,0,0,0,0,115,120,0,1,0,1;
base,aot_supply,default,0,0,0,0,0,0,0,0,0,0,115,130,0,1,0,1;
base,aot_supply,default,0,0,0,0,0,0,0,0,0,0,115,140,0,1,0,1;
base,aot_supply,default,0,0,0,0,0,0,0,0,0,0,115,150,0,1,0,1;
base,aot_supply,default,0,0,0,0,0,0,0,0,0,0,115,160,0,1,0,1;
base,aot_supply,default,0,0,0,0,0,0,0,0,0,0,115,170,0,1,0,1;
base,aot_supply,default,0,0,0,0,0,0,0,0,0,0,115,180,0,1,0,1;
base,aot_supply,default,0,0,0,0,0,0,0,0,0,0,115,190,0,1,0,1;
base,aot_supply,default,0,0,0,0,0,0,0,0,0,0,115,200,0,1,0,1;
base,aot_supply,default,0,0,0,0,0,0,0,0,0,0,115,210,0,1,0,1;
base,aot_supply,default,0,0,0,0,0,0,0,0,0,0,115,220,0,1,0,1;
base,aot_supply,default,0,0,0,0,0,0,0,0,0,0,115,230,0,1,0,1;
base,aot_supply,default,0,0,0,0,0,0,0,0,0,0,115,240,0,1,0,1;


base,aot_supply,default,0,0,0,0,0,0,0,0,0,70,115,-10,0,1,0,1;
base,aot_supply,default,0,0,0,0,0,0,0,0,0,70,115,-20,0,1,0,1;
base,aot_supply,default,0,0,0,0,0,0,0,0,0,70,115,-30,0,1,0,1;
base,aot_supply,default,0,0,0,0,0,0,0,0,0,70,115,-40,0,1,0,1;
base,aot_supply,default,0,0,0,0,0,0,0,0,0,70,115,-50,0,1,0,1;
base,aot_supply,default,0,0,0,0,0,0,0,0,0,70,115,-60,0,1,0,1;
base,aot_supply,default,0,0,0,0,0,0,0,0,0,70,115,-70,0,1,0,1;
base,aot_supply,default,0,0,0,0,0,0,0,0,0,70,115,-80,0,1,0,1;
base,aot_supply,default,0,0,0,0,0,0,0,0,0,70,115,-90,0,1,0,1;
base,aot_supply,default,0,0,0,0,0,0,0,0,0,70,115,-100,0,1,0,1;
base,aot_supply,default,0,0,0,0,0,0,0,0,0,70,115,0,0,1,0,1;
base,aot_supply,default,0,0,0,0,0,0,0,0,0,70,115,10,0,1,0,1;
base,aot_supply,default,0,0,0,0,0,0,0,0,0,70,115,20,0,1,0,1;
base,aot_supply,default,0,0,0,0,0,0,0,0,0,70,115,30,0,1,0,1;
base,aot_supply,default,0,0,0,0,0,0,0,0,0,70,115,40,0,1,0,1;
base,aot_supply,default,0,0,0,0,0,0,0,0,0,70,115,50,0,1,0,1;
base,aot_supply,default,0,0,0,0,0,0,0,0,0,70,115,60,0,1,0,1;
base,aot_supply,default,0,0,0,0,0,0,0,0,0,70,115,70,0,1,0,1;
base,aot_supply,default,0,0,0,0,0,0,0,0,0,70,115,80,0,1,0,1;
base,aot_supply,default,0,0,0,0,0,0,0,0,0,70,115,90,0,1,0,1;
base,aot_supply,default,0,0,0,0,0,0,0,0,0,70,115,100,0,1,0,1;
base,aot_supply,default,0,0,0,0,0,0,0,0,0,70,115,110,0,1,0,1;
base,aot_supply,default,0,0,0,0,0,0,0,0,0,70,115,120,0,1,0,1;
base,aot_supply,default,0,0,0,0,0,0,0,0,0,70,115,130,0,1,0,1;
base,aot_supply,default,0,0,0,0,0,0,0,0,0,70,115,140,0,1,0,1;
base,aot_supply,default,0,0,0,0,0,0,0,0,0,70,115,150,0,1,0,1;
base,aot_supply,default,0,0,0,0,0,0,0,0,0,70,115,160,0,1,0,1;
base,aot_supply,default,0,0,0,0,0,0,0,0,0,70,115,170,0,1,0,1;
base,aot_supply,default,0,0,0,0,0,0,0,0,0,70,115,180,0,1,0,1;
base,aot_supply,default,0,0,0,0,0,0,0,0,0,70,115,190,0,1,0,1;
base,aot_supply,default,0,0,0,0,0,0,0,0,0,70,115,200,0,1,0,1;
base,aot_supply,default,0,0,0,0,0,0,0,0,0,70,115,210,0,1,0,1;
base,aot_supply,default,0,0,0,0,0,0,0,0,0,70,115,220,0,1,0,1;
base,aot_supply,default,0,0,0,0,0,0,0,0,0,70,115,230,0,1,0,1;
base,aot_supply,default,0,0,0,0,0,0,0,0,0,70,115,240,0,1,0,1;


base,aot_supply,default,0,0,0,0,0,0,0,0,0,-70,115,-10,0,1,0,1;
base,aot_supply,default,0,0,0,0,0,0,0,0,0,-70,115,-20,0,1,0,1;
base,aot_supply,default,0,0,0,0,0,0,0,0,0,-70,115,-30,0,1,0,1;
base,aot_supply,default,0,0,0,0,0,0,0,0,0,-70,115,-40,0,1,0,1;
base,aot_supply,default,0,0,0,0,0,0,0,0,0,-70,115,-50,0,1,0,1;
base,aot_supply,default,0,0,0,0,0,0,0,0,0,-70,115,-60,0,1,0,1;
base,aot_supply,default,0,0,0,0,0,0,0,0,0,-70,115,-70,0,1,0,1;
base,aot_supply,default,0,0,0,0,0,0,0,0,0,-70,115,-80,0,1,0,1;
base,aot_supply,default,0,0,0,0,0,0,0,0,0,-70,115,-90,0,1,0,1;
base,aot_supply,default,0,0,0,0,0,0,0,0,0,-70,115,-100,0,1,0,1;
base,aot_supply,default,0,0,0,0,0,0,0,0,0,-70,115,0,0,1,0,1;
base,aot_supply,default,0,0,0,0,0,0,0,0,0,-70,115,10,0,1,0,1;
base,aot_supply,default,0,0,0,0,0,0,0,0,0,-70,115,20,0,1,0,1;
base,aot_supply,default,0,0,0,0,0,0,0,0,0,-70,115,30,0,1,0,1;
base,aot_supply,default,0,0,0,0,0,0,0,0,0,-70,115,40,0,1,0,1;
base,aot_supply,default,0,0,0,0,0,0,0,0,0,-70,115,50,0,1,0,1;
base,aot_supply,default,0,0,0,0,0,0,0,0,0,-70,115,60,0,1,0,1;
base,aot_supply,default,0,0,0,0,0,0,0,0,0,-70,115,70,0,1,0,1;
base,aot_supply,default,0,0,0,0,0,0,0,0,0,-70,115,80,0,1,0,1;
base,aot_supply,default,0,0,0,0,0,0,0,0,0,-70,115,90,0,1,0,1;
base,aot_supply,default,0,0,0,0,0,0,0,0,0,-70,115,100,0,1,0,1;
base,aot_supply,default,0,0,0,0,0,0,0,0,0,-70,115,110,0,1,0,1;
base,aot_supply,default,0,0,0,0,0,0,0,0,0,-70,115,120,0,1,0,1;
base,aot_supply,default,0,0,0,0,0,0,0,0,0,-70,115,130,0,1,0,1;
base,aot_supply,default,0,0,0,0,0,0,0,0,0,-70,115,140,0,1,0,1;
base,aot_supply,default,0,0,0,0,0,0,0,0,0,-70,115,150,0,1,0,1;
base,aot_supply,default,0,0,0,0,0,0,0,0,0,-70,115,160,0,1,0,1;
base,aot_supply,default,0,0,0,0,0,0,0,0,0,-70,115,170,0,1,0,1;
base,aot_supply,default,0,0,0,0,0,0,0,0,0,-70,115,180,0,1,0,1;
base,aot_supply,default,0,0,0,0,0,0,0,0,0,-70,115,190,0,1,0,1;
base,aot_supply,default,0,0,0,0,0,0,0,0,0,-70,115,200,0,1,0,1;
base,aot_supply,default,0,0,0,0,0,0,0,0,0,-70,115,210,0,1,0,1;
base,aot_supply,default,0,0,0,0,0,0,0,0,0,-70,115,220,0,1,0,1;
base,aot_supply,default,0,0,0,0,0,0,0,0,0,-70,115,230,0,1,0,1;
base,aot_supply,default,0,0,0,0,0,0,0,0,0,-70,115,240,0,1,0,1;



base,aot_supply,default,0,0,0,0,0,0,0,0,0,-140,115,-10,0,1,0,1;
base,aot_supply,default,0,0,0,0,0,0,0,0,0,-140,115,-20,0,1,0,1;
base,aot_supply,default,0,0,0,0,0,0,0,0,0,-140,115,-30,0,1,0,1;
base,aot_supply,default,0,0,0,0,0,0,0,0,0,-140,115,-40,0,1,0,1;
base,aot_supply,default,0,0,0,0,0,0,0,0,0,-140,115,-50,0,1,0,1;
base,aot_supply,default,0,0,0,0,0,0,0,0,0,-140,115,-60,0,1,0,1;
base,aot_supply,default,0,0,0,0,0,0,0,0,0,-140,115,-70,0,1,0,1;
base,aot_supply,default,0,0,0,0,0,0,0,0,0,-140,115,-80,0,1,0,1;
base,aot_supply,default,0,0,0,0,0,0,0,0,0,-140,115,-90,0,1,0,1;
base,aot_supply,default,0,0,0,0,0,0,0,0,0,-140,115,-100,0,1,0,1;
base,aot_supply,default,0,0,0,0,0,0,0,0,0,-140,115,0,0,1,0,1;
base,aot_supply,default,0,0,0,0,0,0,0,0,0,-140,115,10,0,1,0,1;
base,aot_supply,default,0,0,0,0,0,0,0,0,0,-140,115,20,0,1,0,1;
base,aot_supply,default,0,0,0,0,0,0,0,0,0,-140,115,30,0,1,0,1;
base,aot_supply,default,0,0,0,0,0,0,0,0,0,-140,115,40,0,1,0,1;
base,aot_supply,default,0,0,0,0,0,0,0,0,0,-140,115,50,0,1,0,1;
base,aot_supply,default,0,0,0,0,0,0,0,0,0,-140,115,60,0,1,0,1;
base,aot_supply,default,0,0,0,0,0,0,0,0,0,-140,115,70,0,1,0,1;
base,aot_supply,default,0,0,0,0,0,0,0,0,0,-140,115,80,0,1,0,1;
base,aot_supply,default,0,0,0,0,0,0,0,0,0,-140,115,90,0,1,0,1;
base,aot_supply,default,0,0,0,0,0,0,0,0,0,-140,115,100,0,1,0,1;
base,aot_supply,default,0,0,0,0,0,0,0,0,0,-140,115,110,0,1,0,1;
base,aot_supply,default,0,0,0,0,0,0,0,0,0,-140,115,120,0,1,0,1;
base,aot_supply,default,0,0,0,0,0,0,0,0,0,-140,115,130,0,1,0,1;
base,aot_supply,default,0,0,0,0,0,0,0,0,0,-140,115,140,0,1,0,1;
base,aot_supply,default,0,0,0,0,0,0,0,0,0,-140,115,150,0,1,0,1;
base,aot_supply,default,0,0,0,0,0,0,0,0,0,-140,115,160,0,1,0,1;
base,aot_supply,default,0,0,0,0,0,0,0,0,0,-140,115,170,0,1,0,1;
base,aot_supply,default,0,0,0,0,0,0,0,0,0,-140,115,180,0,1,0,1;
base,aot_supply,default,0,0,0,0,0,0,0,0,0,-140,115,190,0,1,0,1;
base,aot_supply,default,0,0,0,0,0,0,0,0,0,-140,115,200,0,1,0,1;
base,aot_supply,default,0,0,0,0,0,0,0,0,0,-140,115,210,0,1,0,1;
base,aot_supply,default,0,0,0,0,0,0,0,0,0,-140,115,220,0,1,0,1;
base,aot_supply,default,0,0,0,0,0,0,0,0,0,-140,115,230,0,1,0,1;
base,aot_supply,default,0,0,0,0,0,0,0,0,0,-140,115,240,0,1,0,1;


base,aot_supply,default,0,0,0,0,0,0,0,0,0,140,115,-10,0,1,0,1;
base,aot_supply,default,0,0,0,0,0,0,0,0,0,140,115,-20,0,1,0,1;
base,aot_supply,default,0,0,0,0,0,0,0,0,0,140,115,-30,0,1,0,1;
base,aot_supply,default,0,0,0,0,0,0,0,0,0,140,115,-40,0,1,0,1;
base,aot_supply,default,0,0,0,0,0,0,0,0,0,140,115,-50,0,1,0,1;
base,aot_supply,default,0,0,0,0,0,0,0,0,0,140,115,-60,0,1,0,1;
base,aot_supply,default,0,0,0,0,0,0,0,0,0,140,115,-70,0,1,0,1;
base,aot_supply,default,0,0,0,0,0,0,0,0,0,140,115,-80,0,1,0,1;
base,aot_supply,default,0,0,0,0,0,0,0,0,0,140,115,-90,0,1,0,1;
base,aot_supply,default,0,0,0,0,0,0,0,0,0,140,115,-100,0,1,0,1;
base,aot_supply,default,0,0,0,0,0,0,0,0,0,140,115,0,0,1,0,1;
base,aot_supply,default,0,0,0,0,0,0,0,0,0,140,115,10,0,1,0,1;
base,aot_supply,default,0,0,0,0,0,0,0,0,0,140,115,20,0,1,0,1;
base,aot_supply,default,0,0,0,0,0,0,0,0,0,140,115,30,0,1,0,1;
base,aot_supply,default,0,0,0,0,0,0,0,0,0,140,115,40,0,1,0,1;
base,aot_supply,default,0,0,0,0,0,0,0,0,0,140,115,50,0,1,0,1;
base,aot_supply,default,0,0,0,0,0,0,0,0,0,140,115,60,0,1,0,1;
base,aot_supply,default,0,0,0,0,0,0,0,0,0,140,115,70,0,1,0,1;
base,aot_supply,default,0,0,0,0,0,0,0,0,0,140,115,80,0,1,0,1;
base,aot_supply,default,0,0,0,0,0,0,0,0,0,140,115,90,0,1,0,1;
base,aot_supply,default,0,0,0,0,0,0,0,0,0,140,115,100,0,1,0,1;
base,aot_supply,default,0,0,0,0,0,0,0,0,0,140,115,110,0,1,0,1;
base,aot_supply,default,0,0,0,0,0,0,0,0,0,140,115,120,0,1,0,1;
base,aot_supply,default,0,0,0,0,0,0,0,0,0,140,115,130,0,1,0,1;
base,aot_supply,default,0,0,0,0,0,0,0,0,0,140,115,140,0,1,0,1;
base,aot_supply,default,0,0,0,0,0,0,0,0,0,140,115,150,0,1,0,1;
base,aot_supply,default,0,0,0,0,0,0,0,0,0,140,115,160,0,1,0,1;
base,aot_supply,default,0,0,0,0,0,0,0,0,0,140,115,170,0,1,0,1;
base,aot_supply,default,0,0,0,0,0,0,0,0,0,140,115,180,0,1,0,1;
base,aot_supply,default,0,0,0,0,0,0,0,0,0,140,115,190,0,1,0,1;
base,aot_supply,default,0,0,0,0,0,0,0,0,0,140,115,200,0,1,0,1;
base,aot_supply,default,0,0,0,0,0,0,0,0,0,140,115,210,0,1,0,1;
base,aot_supply,default,0,0,0,0,0,0,0,0,0,140,115,220,0,1,0,1;
base,aot_supply,default,0,0,0,0,0,0,0,0,0,140,115,230,0,1,0,1;
base,aot_supply,default,0,0,0,0,0,0,0,0,0,140,115,240,0,1,0,1;

custom,cylinder,metal1,1,0.8,1,0,0,0,0,1,1,0,116,250,0,1,1,0;
custom,cylinder,metal4,0.6,0.81,0.6,0,0,0,0,0,0,0,116,250,0,1,1,0;
custom,cylinder,ice1,0.2,0.82,0.2,0,0,0,0,0,0,0,116,250,0,1,1,0;

custom,cylinder,metal1,1,0.8,1,0,0,0,0,1,1,70,116,250,0,1,1,0;
custom,cylinder,metal4,0.6,0.81,0.6,0,0,0,0,0,0,70,116,250,0,1,1,0;
custom,cylinder,ice1,0.2,0.82,0.2,0,0,0,0,0,0,70,116,250,0,1,1,0;

custom,cylinder,metal1,1,0.8,1,0,0,0,0,1,1,140,116,250,0,1,1,0;
custom,cylinder,metal4,0.6,0.81,0.6,0,0,0,0,0,0,140,116,250,0,1,1,0;
custom,cylinder,ice1,0.2,0.82,0.2,0,0,0,0,0,0,140,116,250,0,1,1,0;

custom,cylinder,metal1,1,0.8,1,0,0,0,0,1,1,-70,116,250,0,1,1,0;
custom,cylinder,metal4,0.6,0.81,0.6,0,0,0,0,0,0,-70,116,250,0,1,1,0;
custom,cylinder,ice1,0.2,0.82,0.2,0,0,0,0,0,0,-70,116,250,0,1,1,0;

custom,cylinder,metal1,1,0.8,1,0,0,0,0,1,1,-140,116,250,0,1,1,0;
custom,cylinder,metal4,0.6,0.81,0.6,0,0,0,0,0,0,-140,116,250,0,1,1,0;
custom,cylinder,ice1,0.2,0.82,0.2,0,0,0,0,0,0,-140,116,250,0,1,1,0;

custom,checkpointcylinder,default,0.06,40,0.06,0,0,0,0,0,0,0,115.4,200,0,1,1,0;
custom,checkpointcylinder,default,0.06,40,0.06,0,0,0,0,0,0,70,115.4,200,0,1,1,0;
custom,checkpointcylinder,default,0.06,40,0.06,0,0,0,0,0,0,-70,115.4,200,0,1,1,0;
custom,checkpointcylinder,default,0.06,40,0.06,0,0,0,0,0,0,140,115.4,200,0,1,1,0;
custom,checkpointcylinder,default,0.06,40,0.06,0,0,0,0,0,0,-140,115.4,200,0,1,1,0;




spawnpoint,titan,70,90,0,0,1,0,0;
spawnpoint,titan,140,90,0,0,1,0,0;
spawnpoint,titan,-70,90,0,0,1,0,0;
spawnpoint,titan,-140,90,0,0,1,0,0;

spawnpoint,titan,0,90,70,0,1,0,0;
spawnpoint,titan,70,90,70,0,1,0,0;
spawnpoint,titan,140,90,70,0,1,0,0;
spawnpoint,titan,-70,90,70,0,1,0,0;
spawnpoint,titan,-140,90,70,0,1,0,0;

spawnpoint,titan,35,90,0,0,1,0,0;
spawnpoint,titan,105,90,0,0,1,0,0;
spawnpoint,titan,-35,90,0,0,1,0,0;
spawnpoint,titan,-105,90,0,0,1,0,0;

spawnpoint,titan,0,90,35,0,1,0,0;
spawnpoint,titan,35,90,35,0,1,0,0;
spawnpoint,titan,105,90,35,0,1,0,0;
spawnpoint,titan,-35,90,35,0,1,0,0;
spawnpoint,titan,-105,90,35,0,1,0,0;

custom,cuboid,metal4,4,20,80,0,0,0,0,0.4,0.1,221,120,-60,0,1,0,0;
custom,cuboid,metal4,4,20,80,0,0,0,0,0.4,0.1,-221,120,-60,0,1,0,0;
custom,cuboid,metal4,4,2,40,0,0,0,0,2,0.1,221,10,-260,0,1,0,0;
custom,cuboid,metal4,4,2,40,0,0,0,0,2,0.1,-221,10,-260,0,1,0,0;
custom,cuboid,metal4,4,2,20,0,0,0,0,1,0.1,221,10,240,0,1,0,0;
custom,cuboid,metal4,4,2,20,0,0,0,0,1,0.1,-221,10,240,0,1,0,0;

custom,cuboid,metal2,3.8,20,60,0,0,0,0,0.1,2,221,119,-60,0,1,0,0;
custom,cuboid,metal2,3.8,20,60,0,0,0,0,0.1,2,-221,119,-60,0,1,0,0;

custom,cuboid,metal2,3.8,2,40,0,0,0,0,2,0.1,221,10,-259,0,1,0,0;
custom,cuboid,metal2,3.8,2,40,0,0,0,0,2,0.1,-221,10,-259,0,1,0,0;
custom,cuboid,metal2,3.8,2,20,0,0,0,0,0.15,0.1,221,10,239,0,1,0,0;
custom,cuboid,metal2,3.8,2,20,0,0,0,0,0.15,0.1,-221,10,239,0,1,0,0;

custom,cylinder,metal1,2,20,2,0,0,0,0,0.4,0.1,221,60,-10,0,1,0,0;
custom,cylinder,metal1,2,20,2,0,0,0,0,0.4,0.1,221,60,90,0,1,0,0;
custom,cylinder,metal1,2,20,2,0,0,0,0,0.4,0.1,-221,60,-10,0,1,0,0;
custom,cylinder,metal1,2,20,2,0,0,0,0,0.4,0.1,-221,60,90,0,1,0,0;

custom,startcuboid,default,1,20,6,0,0,0,0,0.4,0.1,221,60,-40,0,1,0,0;
custom,startcuboid,default,1,20,6,0,0,0,0,0.4,0.1,221,60,120,0,1,0,0;
custom,startcuboid,default,1,20,6,0,0,0,0,0.4,0.1,-221,60,-40,0,1,0,0;
custom,startcuboid,default,1,20,6,0,0,0,0,0.4,0.1,-221,60,120,0,1,0,0;

custom,cylinder,metal4,2,10,2,0,0,0,0,0.2,1,350,100,0,0,1,0,0;
custom,cylinder,metal4,2,10,2,0,0,0,0,0.2,1,500,100,0,0,1,0,0;
custom,cylinder,metal4,2,10,2,0,0,0,0,0.2,1,650,100,0,0,1,0,0;
custom,cylinder,metal4,2,10,2,0,0,0,0,0.2,1,-350,100,0,0,1,0,0;
custom,cylinder,metal4,2,10,2,0,0,0,0,0.2,1,-500,100,0,0,1,0,0;
custom,cylinder,metal4,2,10,2,0,0,0,0,0.2,1,-650,100,0,0,1,0,0;
custom,cylinder,metal4,2,10,2,0,0,0,0,0.2,1,350,100,150,0,1,0,0;
custom,cylinder,metal4,2,10,2,0,0,0,0,0.2,1,500,100,150,0,1,0,0;
custom,cylinder,metal4,2,10,2,0,0,0,0,0.2,1,650,100,150,0,1,0,0;
custom,cylinder,metal4,2,10,2,0,0,0,0,0.2,1,-350,100,150,0,1,0,0;
custom,cylinder,metal4,2,10,2,0,0,0,0,0.2,1,-500,100,150,0,1,0,0;
custom,cylinder,metal4,2,10,2,0,0,0,0,0.2,1,-650,100,150,0,1,0,0;
custom,cylinder,metal4,2,10,2,0,0,0,0,0.2,1,350,100,-150,0,1,0,0;
custom,cylinder,metal4,2,10,2,0,0,0,0,0.2,1,500,100,-150,0,1,0,0;
custom,cylinder,metal4,2,10,2,0,0,0,0,0.2,1,650,100,-150,0,1,0,0;
custom,cylinder,metal4,2,10,2,0,0,0,0,0.2,1,-350,100,-150,0,1,0,0;
custom,cylinder,metal4,2,10,2,0,0,0,0,0.2,1,-500,100,-150,0,1,0,0;
custom,cylinder,metal4,2,10,2,0,0,0,0,0.2,1,-650,100,-150,0,1,0,0;
custom,cylinder,metal4,2,10,2,0,0,0,0,0.2,1,350,100,300,0,1,0,0;
custom,cylinder,metal4,2,10,2,0,0,0,0,0.2,1,500,100,300,0,1,0,0;
custom,cylinder,metal4,2,10,2,0,0,0,0,0.2,1,650,100,300,0,1,0,0;
custom,cylinder,metal4,2,10,2,0,0,0,0,0.2,1,-350,100,300,0,1,0,0;
custom,cylinder,metal4,2,10,2,0,0,0,0,0.2,1,-500,100,300,0,1,0,0;
custom,cylinder,metal4,2,10,2,0,0,0,0,0.2,1,-650,100,300,0,1,0,0;
custom,cylinder,metal4,2,10,2,0,0,0,0,0.2,1,350,100,-300,0,1,0,0;
custom,cylinder,metal4,2,10,2,0,0,0,0,0.2,1,500,100,-300,0,1,0,0;
custom,cylinder,metal4,2,10,2,0,0,0,0,0.2,1,650,100,-300,0,1,0,0;
custom,cylinder,metal4,2,10,2,0,0,0,0,0.2,1,-350,100,-300,0,1,0,0;
custom,cylinder,metal4,2,10,2,0,0,0,0,0.2,1,-500,100,-300,0,1,0,0;
custom,cylinder,metal4,2,10,2,0,0,0,0,0.2,1,-650,100,-300,0,1,0,0;
custom,cylinder,metal4,2,10,2,0,0,0,0,0.2,1,350,100,450,0,1,0,0;
custom,cylinder,metal4,2,10,2,0,0,0,0,0.2,1,500,100,450,0,1,0,0;
custom,cylinder,metal4,2,10,2,0,0,0,0,0.2,1,650,100,450,0,1,0,0;
custom,cylinder,metal4,2,10,2,0,0,0,0,0.2,1,-350,100,450,0,1,0,0;
custom,cylinder,metal4,2,10,2,0,0,0,0,0.2,1,-500,100,450,0,1,0,0;
custom,cylinder,metal4,2,10,2,0,0,0,0,0.2,1,-650,100,450,0,1,0,0;
custom,cylinder,metal4,2,10,2,0,0,0,0,0.2,1,350,100,-450,0,1,0,0;
custom,cylinder,metal4,2,10,2,0,0,0,0,0.2,1,500,100,-450,0,1,0,0;
custom,cylinder,metal4,2,10,2,0,0,0,0,0.2,1,650,100,-450,0,1,0,0;
custom,cylinder,metal4,2,10,2,0,0,0,0,0.2,1,-350,100,-450,0,1,0,0;
custom,cylinder,metal4,2,10,2,0,0,0,0,0.2,1,-500,100,-450,0,1,0,0;
custom,cylinder,metal4,2,10,2,0,0,0,0,0.2,1,-650,100,-450,0,1,0,0;
custom,cylinder,metal4,2,10,2,0,0,0,0,0.2,1,350,100,600,0,1,0,0;
custom,cylinder,metal4,2,10,2,0,0,0,0,0.2,1,500,100,600,0,1,0,0;
custom,cylinder,metal4,2,10,2,0,0,0,0,0.2,1,650,100,600,0,1,0,0;
custom,cylinder,metal4,2,10,2,0,0,0,0,0.2,1,-350,100,600,0,1,0,0;
custom,cylinder,metal4,2,10,2,0,0,0,0,0.2,1,-500,100,600,0,1,0,0;
custom,cylinder,metal4,2,10,2,0,0,0,0,0.2,1,-650,100,600,0,1,0,0;
custom,cylinder,metal4,2,10,2,0,0,0,0,0.2,1,350,100,-600,0,1,0,0;
custom,cylinder,metal4,2,10,2,0,0,0,0,0.2,1,500,100,-600,0,1,0,0;
custom,cylinder,metal4,2,10,2,0,0,0,0,0.2,1,650,100,-600,0,1,0,0;
custom,cylinder,metal4,2,10,2,0,0,0,0,0.2,1,-350,100,-600,0,1,0,0;
custom,cylinder,metal4,2,10,2,0,0,0,0,0.2,1,-500,100,-600,0,1,0,0;
custom,cylinder,metal4,2,10,2,0,0,0,0,0.2,1,-650,100,-600,0,1,0,0;

custom,cuboid,metal4,120,20,10,0,0,0,0,1.2,0.2,0,100,720,0,1,0,0;
custom,cuboid,metal4,120,20,10,0,0,0,0,1.2,0.2,0,100,-720,0,1,0,0;
custom,cuboid,metal4,120,20,10,0,0,0,0,1.2,0.2,720,100,0,0,1,0,1;
custom,cuboid,metal4,120,20,10,0,0,0,0,1.2,0.2,-720,100,0,0,1,0,1;