spawnpoint,playerM,-600.402,0.9951062,-367.7292;
custom,cone,default,1,1,1,1,1,1,0,1.0,1.0,-569.8975,36.4253,-40.6106,0.3102952,0.6584088,-0.5928349,0.3446181;
custom,cuboid,default,1,1,1,1,0.5227273,0.3977273,1,1.0,1.0,-649.1485,-3.688588,-250.7396,0,0.9992804,0,0.0379304;
custom,cuboid,default,4,0.2,4,0,1,1,1,1.0,1.0,-598.3529,0.051558,-372.2824,0,0.7054468,0,0.7087628;
custom,cone,default,1,1,1,1,1,1,0,1.0,1.0,125.5975,59.5728,-212.4216,-0.6921363,0.003232643,-0.003099991,-0.7217529;
custom,cone,default,1,1,1,1,1,1,0,1.0,1.0,129.2266,60.6528,-179.993,-0.7033876,0.00318355,-0.003150386,-0.7107924;
custom,cuboid,default,1,1,1,1,0.5227273,0.3977273,1,1.0,1.0,-646.2131,-1.826647,-294.8582,0,0.7229504,0,-0.6909;
custom,cuboid,default,1,1,1,1,0.5227273,0.3977273,1,1.0,1.0,-606.4927,-3.530966,-293.9905,0,0.7229438,0,-0.6909069;
custom,cuboid,default,1,1,1,1,0.5227273,0.3977273,1,1.0,1.0,-570.3575,-2.403581,-293.1978,0,0.0203821,0,-0.9997923;
custom,cuboid,wood2,2,0.2,2,1,0,0.3977273,1,1.0,1.0,-568.1942,0.9978955,-331.147,0,0.999999,0,-0.001442237;
racing,checkpointCylinder,1,1,1,-568.124,10.91981,-332.1503,0,0.7202572,0,-0.6937072;
custom,cuboid,wood2,4,0.5,4,0,0,1,1,1.0,1.0,536.1241,17.48023,-298.6447,0,0.7279201,0,-0.685662;
custom,cuboid,wood2,1,0.2,1,0,0,1,1,1.0,1.0,544.7064,-0.1278361,-304.8978,0,0.9996957,0,0.02466686;
custom,cuboid,wood2,0.1,2,4,0,0,1,1,1.0,1.0,554.7567,5.383185,-296.3909,0,0.02678042,0,-0.9996414;
custom,cuboid,wood2,0.1,2,3,0,0,1,1,1.0,1.0,543.6891,5.761469,-316.2385,0,0.7151691,0,-0.6989514;
custom,cuboid,wood2,0.1,2,3,0,0,1,1,1.0,1.0,441.4427,17.33112,349.5303,0,0.7564024,0,-0.6541066;
custom,cuboid,wood2,1,0.1,10,0,0,1,1,1.0,1.0,440.2628,7.673489,354.371,0,0.7787412,0,-0.6273453;
custom,cuboid,default,1,1,1,0,1,1,1,1.0,1.0,-566.7575,-3.968385,-414.9446,0,0.01566695,0,-0.9998773;
custom,cuboid,default,1,1,1,1,0.5227273,0.3977273,1,1.0,1.0,-610.618,-3.459823,-204.5815,0,0.9998276,0,0.01857287;
custom,cuboid,default,1,1,1,1,0.5227273,0.3977273,1,1.0,1.0,-573.6156,-1.65671,-203.8663,0,0.9999992,0,-0.001318141;
custom,cuboid,default,1,1,1,1,0.5227273,0.3977273,1,1.0,1.0,-651.882,-2.67432,-204.3378,0,0.9997811,0,0.02092568;
racing,checkpointCylinder,0.2,0.2,0.2,625.2545,2.683596,-365.3396,0,0.7334229,0,-0.6797727;
custom,cuboid,wood2,0.2,1,120,0,0,1,1,1.0,1.0,20.06074,4.029911,-483.4705,0,0.7361984,0,0.6767658;
custom,cuboid,wood2,1,0.2,1,0,1,1,1,1.0,1.0,625.6382,-0.2687105,-363.4406,0,0.69055,0,-0.7232847;
custom,cuboid,wood2,2,0.2,2,0,1,1,1,1.0,1.0,525.7635,-0.2963201,-524.5703,0,0.009513147,0,-0.9999548;
custom,cuboid,wood2,1,5,35,0,1,1,1,1.0,1.0,-573.5192,24.87033,-542.3154,0,0.9999952,0,-0.003104964;
custom,cuboid,wood2,1,5,120,0,1,1,1,1.0,1.0,23.82593,25.07764,-349.7586,0,0.7047524,0,0.7094533;
racing,killCuboid,1,5,120,23.83976,24.83771,-349.9178,0,0.7047524,0,0.7094533;
racing,killCuboid,0.3,6,10,-621.4064,19.85511,-352.4421,0,0.7118489,0,-0.7023326;
custom,cylinder,wood2,1,2,1,0,1,1,1,1.0,1.0,-573.1879,28.97816,-362.822,0,0.7076661,0,0.706547;
racing,killCuboid,25,0.02,120,23.66958,8.973619,-479.0585,0,0.7050673,0,0.7091405;
custom,cuboid,wood2,25,0.02,120,0,1,1,1,1.0,1.0,30.32885,8.993294,-479.4289,0,0.7051066,0,0.7091014;
racing,killCuboid,0.1,1,110,-27.56137,4.077865,-368.9873,0,0.7079148,0,0.7062979;
custom,cuboid,wood2,0.1,1,110,0,1,1,1,1.0,1.0,-27.14006,4.198955,-369.0277,0,0.7079121,0,0.7063005;
custom,cuboid,wood2,0.1,1,10,0,1,1,1,1.0,1.0,532.0983,5.076263,-396.1953,0,0.9998128,0,0.0193457;
custom,cuboid,default,1,1,1,0,1,1,1,1.0,1.0,527.6606,-4.170788,-390.1371,0,0.9999436,0,0.0106249;
racing,checkpointCylinder,0.2,0.2,0.2,530.8782,2.58838,-392.24,0,0.6426018,0,0.7662004;
custom,cuboid,wood2,0.3,1,105,0,1,1,1,1.0,1.0,8.064734,3.674638,-396.0998,0,0.7073569,0,-0.7068566;
custom,cuboid,wood2,0.3,1,110,0,1,1,1,1.0,1.0,-12.30786,4.729672,-411.2062,0,0.7058833,0,-0.7083282;
custom,cuboid,wood2,0.3,1,10,0,1,1,1,1.0,1.0,524.6767,4.347281,-464.1153,0,-0.007668186,0,-0.9999706;
racing,checkpointCylinder,0.2,0.2,0.2,-565.5168,3.031617,-416.1203,0,0.01566695,0,-0.9998773;
racing,checkpointCylinder,0.2,0.2,0.2,521.6473,2.425625,-519.536,0,0.7646,0,0.6445051;
custom,tube,default,3,120,3,0,0.9886364,0.4545454,0,1.0,1.0,125.9005,5.905839,-310.4585,-0.7052868,0.7087955,-0.01318686,0.002391584;
custom,cuboid,wood2,0.2,3,10,0,0,1,1,1.0,1.0,438.8235,4.417686,359.3218,0,0.7678743,0,-0.6406006;
custom,cuboid,wood2,0.2,3,2,0,0,1,1,1.0,1.0,487.1949,4.373777,359.028,0,0.1110374,0,-0.9938163;
custom,cuboid,wood2,0.2,3,2,0,0,1,1,1.0,1.0,428.0916,4.42014,347.6141,0,0.9975424,0,0.07006582;
custom,tube,default,3,90,3,0,0,1,1,1.0,1.0,488.9684,3.701326,46.53191,0.0539274,0.7038227,-0.7062843,0.0537395;
custom,cuboid,wood2,0.2,2,21,0,0,1,1,1.0,1.0,629.5761,3.430527,-434.1418,0,0.05310798,0,0.9985888;
custom,cuboid,wood2,10,0.2,20,0,0,1,1,1.0,1.0,642.6079,9.913389,-442.3038,0,0.029631,0,-0.9995609;
custom,tube,default,3,100,3,0,0,1,1,1.0,1.0,553.651,-3.725462,-12.67302,-0.7043875,0.0744632,-0.07472359,-0.7019329;
custom,cuboid,default,1,1,1,1,0.9886364,1,0,1.0,1.0,-573.3234,-0.8926769,-155.3312,0,0.001226831,0,0.9999993;
custom,cuboid,default,1,1,1,1,0.9886364,1,0,1.0,1.0,-573.6719,-1.10768,-110.6718,0,0.006217804,0,-0.9999807;
custom,cuboid,default,1,7,7,1,1,1,0,1.0,1.0,-116.2099,11.75926,551.2803,0,0.4830962,0,-0.8755673;
custom,cone,default,1,1,1,1,1,1,0,1.0,1.0,296.5661,46.52034,589.2375,-0.4921893,0.5076213,-0.4902041,-0.5096768;
racing,killCuboid,160,1,160,-107.2638,-4.869247,-54.29742,0,0.9995683,0,-0.02937924;
spawnpoint,playerM,-600.402,0.9951062,-367.7292,0,0.7129486,0,0.7012163;
racing,killCuboid,10,0.3,30,-615.1894,48.29803,-500.3354,0,0.9999602,0,0.00892611;
custom,cone,default,1,1,1,1,1,1,0,1.0,1.0,-526.7629,37.86528,-65.48282,0.3132911,0.6532108,-0.5985573,0.3418971;
custom,tube,default,60,100,60,0,0.9886364,0.4545454,0,1.0,1.0,-298.2338,341.4891,268.3346,0,0.007976837,0,-0.9999682;
racing,killTube,30,100,30,-305.4673,307.5522,240.5658,0,0.7838236,0,-0.6209835;
racing,killCuboid,0.3,100,10,-158.5499,277.8805,402.7866,0,0.3236673,0,0.946171;
custom,cuboid,default,6,0.1,30,0,0,1,0,1.0,1.0,-125.598,0.5955666,522.8903,0,0.2737058,0,0.9618135;
custom,cuboid,default,0.2,3,20,0,0,1,0,1.0,1.0,-138.0329,12.25962,448.2385,0,0.9607163,0,-0.2775322;
racing,killCuboid,50,0.2,50,-328.0665,43.86763,260.8618,0,0.9996002,0,0.02827345;
custom,tower1,default,1,1,1,0,0.3068182,0.9659091,0,1.0,1.0,-64.52345,34.3824,289.2346,0,0.07615348,0,0.9970961;
racing,killCuboid,50,0.2,50,-304.9281,90.00761,232.2889,0,0.9870771,0,-0.1602466;
custom,tower1,default,1,1,1,0,0.3068182,0.9659091,0,1.0,1.0,-252.7163,101.4848,493.4833,0,0.7129986,0,0.7011654;
racing,killCuboid,50,0.2,50,-298.1169,151.2994,259.8063,0,0.290285,0,-0.9569402;
racing,endCylinder,1,1,1,-129.639,109.3512,412.1465,0,0.3560214,0,0.9344779;
custom,cuboid,default,3,0.02,3,0,0,1,0,1.0,1.0,-126.5114,99.31124,415.6554,0,0.3560217,0,0.9344777;
racing,checkpointCylinder,1,1,1,-129.7244,109.2711,412.0651,0,0.3560214,0,0.9344779;
racing,checkpointCuboid,1,1,20,-133.8273,16.36456,525.1671,0,0.2675399,0,0.9635468;
custom,cuboid,default,10,0.2,30,0,0,1,0,1.0,1.0,-147.6324,25.902,524.5466,0,0.9614508,0,-0.2749773;
custom,cuboid,default,0.1,3,20,0,0,1,0,1.0,1.0,-133.819,15.32106,558.2785,0,0.9582567,0,-0.2859095;
racing,killCuboid,0.02,0.02,4,617.7278,5.630762,-323.3203,0,0.7780738,0,-0.6281729;
racing,killCuboid,0.02,0.02,4,618.3058,2.030762,-323.1951,0,0.7780738,0,-0.6281729;
racing,killCuboid,0.02,0.02,4,620.4254,9.830759,-322.7382,0,0.7780738,0,-0.6281729;
racing,killCuboid,0.02,0.02,4,628.5865,5.574924,-306.8764,0,0.8073326,0,-0.5900967;
racing,killCuboid,0.02,0.02,4,619.0403,5.418528,-306.5594,0,0.8073328,0,-0.5900965;
racing,checkpointCylinder,0.2,0.2,0.2,437.9246,2.841254,353.3215,0,0.8026035,0,-0.5965129;
racing,killCuboid,0.2,0.2,4,618.214,2.174925,-317.1086,0,0.8073329,0,-0.5900963;
racing,killCuboid,0.2,0.2,4,613.6113,8.974921,-299.1352,0,0.8073329,0,-0.5900963;
racing,killCuboid,0.2,0.2,4,615.5173,1.758136,-295.4725,0,0.798234,0,-0.6023476;
racing,killCuboid,0.2,0.2,4,616.436,2.918138,-292.8104,0,0.796918,0,-0.6040875;
racing,killCuboid,0.2,0.2,4,607.9879,9.086712,-282.5417,0,0.7712681,0,-0.6365106;
racing,killCuboid,0.2,0.2,4,606.5602,9.486712,-278.3118,0,0.7712681,0,-0.6365106;
racing,killCuboid,0.2,0.2,4,607.5224,9.210307,-273.2296,0,0.7712681,0,-0.6365106;
racing,killCuboid,0.2,0.2,4,612.1039,1.532354,-283.1198,0,0.800921,0,-0.5987701;
racing,killCuboid,0.2,0.2,4,609.5952,1.332354,-278.8558,0,0.800921,0,-0.5987701;
racing,killCuboid,0.2,0.2,4,609.6822,0.9323542,-273.9608,0,0.800921,0,-0.5987701;
racing,killCuboid,1,1,1,614.5602,4.515562,-251.2552,0,0.799659,0,-0.6004546;
racing,killCuboid,1,1,1,598.9462,3.616342,-254.6238,0,0.783653,0,-0.6211988;
custom,cuboid,default,2,0.2,2,0,1,1,1,1.0,1.0,429.2706,-0.5158605,357.6953,0,0.1715688,0,-0.9851722;
racing,killCuboid,0.1,4,0.01,450.3492,3.795517,331.9294,0,0.9971176,0,0.07587116;
racing,killCuboid,0.1,4,0.01,439.4113,2.795517,326.7231,0,0.9971176,0,0.07587116;
racing,killCuboid,0.1,4,0.01,448.9655,5.995509,307.923,0,0.9971176,0,0.07587116;
racing,killCuboid,0.1,4,0.01,450.4031,7.195806,319.3936,0,0.9943352,0,0.1062902;
racing,killCuboid,0.1,4,0.01,441.9158,6.195842,316.0598,0,0.9943352,0,0.1062902;
racing,killCuboid,0.1,4,0.01,456.5264,5.461689,297.2847,0,0.9958417,0,0.091101;
racing,killCuboid,0.1,4,0.01,444.3983,3.817482,293.5782,0,0.9958417,0,0.091101;
racing,killCuboid,0.1,4,0.01,445.9083,4.420859,322.8948,0,0.9977396,0,0.0671993;
27192;
racing,killCuboid,0.1,4,0.1,453.1044,7.028181,285.0979,0,0.9960358,0,0.08895326;
racing,killCuboid,1,4,0.1,440.3773,9.548109,306.6813,0,0.998412,0,0.05633406;
racing,killCuboid,1,4,0.1,458.6658,7.507769,299.3689,0,0.07163669,0,-0.9974308;
racing,killCuboid,1,4,0.1,446.3398,12.21779,278.9509,0,0.117248,0,-0.9931027;
racing,killCuboid,1,4,0.1,461.4893,8.322979,273.9077,0,0.06947987,0,-0.9975834;
racing,killCuboid,1,4,0.1,449.9326,13.87223,261.0088,0,0.09123795,0,-0.9958291;
racing,killCuboid,1,4,0.1,461.9194,8.127536,251.6377,0,0.06514715,0,-0.9978757;
racing,killCuboid,1,4,0.1,470.1699,13.40595,231.2568,0,0.9993204,0,0.03686041;
racing,killCuboid,1,4,0.1,452.6819,11.49725,229.4539,0,0.9992377,0,0.03904049;
racing,killCuboid,1,4,0.1,463.6131,21.14487,220.4741,0,0.9978731,0,0.06518586;
racing,killCuboid,1,4,0.1,472.4523,13.45822,199.2588,0,0.997266,0,0.07389547;
racing,killCuboid,1,4,0.1,458.1912,13.45822,197.2598,0,0.997266,0,0.07389547;
racing,killCuboid,1,4,0.1,467.3581,10.01909,179.4063,0,0.9960195,0,0.08913576;
racing,killCuboid,1,4,0.1,479.2744,4.984206,168.3996,0,0.9962112,0,0.08696721;
racing,killCuboid,1,4,0.1,459.9156,6.926591,166.9843,0,0.9988573,0,0.04779349;
custom,cuboid,default,0.05,0.2,0.05,1,0,1,0,1.0,1.0,530.8644,4.892363,-399.3999,0,0.7326043,0,0.6806548;
custom,cuboid,default,0.2,0.05,0.05,1,0,1,0,1.0,1.0,531.8301,6.062961,-399.3533,0,0.7326043,0,0.6806548;
custom,cuboid,default,0.1,0.05,0.05,1,0,1,0,1.0,1.0,531.5452,5.662961,-400.8615,0,0.7326043,0,0.6806548;
custom,cuboid,default,0.05,0.2,0.05,1,0,1,0,1.0,1.0,531.486,4.822962,-400.5764,0,0.7326043,0,0.6806548;
custom,cuboid,default,0.05,0.1,0.05,1,0,1,0,1.0,1.0,531.6179,5.222962,-401.5085,0,0.7326043,0,0.6806548;
custom,cuboid,default,0.1,0.05,0.05,1,0,1,0,1.0,1.0,531.249,4.782962,-401.0803,0,0.7326043,0,0.6806548;
custom,cuboid,default,0.05,0.1,0.05,1,0,1,0,1.0,1.0,531.7753,4.22996,-401.5236,0.150553,0.7064025,0.1398766,0.6773211;
custom,torus,default,0.1,0.1,0.1,1,0,1,0,1.0,1.0,531.6757,4.129839,-402.5934,0.4535214,0.5437644,-0.4611456,0.5347742;
custom,cuboid,default,0.05,0.3,0.05,1,0,1,0,1.0,1.0,531.8631,5.113434,-403.6971,0,0.7311171,0,0.6822521;
custom,cuboid,default,0.05,0.3,0.05,1,0,1,0,1.0,1.0,531.4249,5.193434,-404.8147,0,0.7311171,0,0.6822521;
racing,killCuboid,2,2,2,492.2914,9.705739,-299.2159,0,0.6915796,0,-0.7223002;
racing,killCuboid,2,2,2,472.504,7.722142,-304.5218,0,0.6900032,0,-0.7238064;
racing,killCuboid,2,2,2,440.1616,6.413073,-299.26,0,0.6852584,0,-0.7283;
racing,killCuboid,2,2,2,410.6223,8.971429,-315.2207,0,0.7254549,0,-0.6882698;
racing,killCuboid,2,2,2,373.8005,7.311811,-300.8831,0,0.7269564,0,-0.6866837;
;
14872