
custom,cuboid,metal4,10,1,10,0,0,0,0,2,2,0,-4925.1,947,0,1,0,0;
custom,cuboid,metal2,10,0.1,10,0,0,0,0,2,2,0,-4910.5,947,0,1,0,0;
custom,cuboid,metal1,10,2,1,0,0,0,0,1,0.2,0,-4920,897,0,1,0,0;
custom,cuboid,metal1,4.9,2,1,1,0,0,0,1,0.4,26,-4920,997,0,1,0,0;
custom,cuboid,metal1,4.9,2,1,1,0,0,0,1,0.4,-26,-4920,997,0,1,0,0;
custom,cuboid,metal1,0.6,1,10,0,0,0,0,0.1,1,0,-4925.075,947,0,1,0,0;
custom,cuboid,crystal2,0.4,1,10,1,1,0,0,0.1,1,0,-4925.05,947,0,1,0,0;
custom,cuboid,metal1,1,0.1,10,0,0,0,0,0.1,1,0,-4910.75,947,0,1,0,0;
custom,cuboid,crystal2,0.8,0.1,10,1,0,0,0,0.1,1,0,-4911,947,0,1,0,0;
base,aot_supply,0,-4909.7,947,0,1,1,0;
base,aot_supply,0,-4909.7,957,0,1,1,0;
base,aot_supply,0,-4909.7,967,0,1,1,0;
base,aot_supply,0,-4909.7,977,0,1,1,0;
base,aot_supply,0,-4909.7,987,0,1,1,0;
base,aot_supply,0,-4909.7,997,0,1,1,0;
base,aot_supply,0,-4909.7,937,0,1,1,0;
base,aot_supply,0,-4909.7,927,0,1,1,0;
base,aot_supply,0,-4909.7,917,0,1,1,0;
base,aot_supply,0,-4909.7,907,0,1,1,0;
base,aot_supply,0,-4909.7,897,0,1,1,0;
base,aot_supply,0,-4909.7,942,0,1,1,0;
base,aot_supply,0,-4909.7,952,0,1,1,0;
base,aot_supply,0,-4909.7,962,0,1,1,0;
base,aot_supply,0,-4909.7,972,0,1,1,0;
base,aot_supply,0,-4909.7,982,0,1,1,0;
base,aot_supply,0,-4909.7,992,0,1,1,0;
base,aot_supply,0,-4909.7,932,0,1,1,0;
base,aot_supply,0,-4909.7,922,0,1,1,0;
base,aot_supply,0,-4909.7,912,0,1,1,0;
base,aot_supply,0,-4909.7,902,0,1,1,0;

custom,cuboid,metal1,1,2,11,0,0,0,0,1,0.2,50,-4920,947,0,1,0,0;
custom,cuboid,metal1,1,2,11,0,0,0,0,1,0.2,-50,-4920,947,0,1,0,0;

custom,cuboid,metal1,0.1,10000,0.4,0,0,0,0,0.001,400,2,-54910,1000,0,1,0,0;
custom,cuboid,metal1,0.1,10000,0.4,0,0,0,0,0.001,400,-2,-54910,1000,0,1,0,0;
custom,cuboid,metal1,0.1,9998,0.5,0,0,0,0,0.001,500,0,-54910,997,0,1,0,1;
custom,cuboid,metal2,1000,100,1000,0,0,0,0,1000,1000,0,-106440,1000,0,1,0,0;
racing,killCuboid,1000,100,1000,0,-106440,1000,0,1,0,0;

spawnpoint,playerC,0,-4915,905,0,1,0,0;
spawnpoint,titan,0,-105980,1062,0,1,0,1;
custom,cuboid,metal2,1,1,1,0,0,0,0,1,1,0,-4925,992,0,1,0,0;
custom,cuboid,ice1,0.4,1,0.4,0,0,0,0,1,1,0,-4924.95,995,0,1,0,0;


custom,pyramid,default,0.2,0.2,0.2,1,0,1,0,1,1,4,-4917.5,992,9999,1,0,0;
custom,pyramid,default,0.2,0.2,0.2,1,0,1,0,1,1,-4,-4917.5,992,9999,1,0,0;
custom,pyramid,default,0.1,0.1,0.1,1,1,1,0,1,1,0,-4917.5,999.5,9999,1,0,0;

custom,cuboid,metal4,9,0.5,1,0,0,0,0,0.9,0.05,0,-4913,992,0,1,0,0;
custom,cuboid,metal1,8.95,0.45,1,0,0,0,0,0.9,0.05,0,-4913,991.9,0,1,0,0;
custom,cuboid,ice1,8.9,0.4,1,0,0,0,0,0.9,0.05,0,-4913,991.8,0,1,0,0;
custom,cuboid,metal1,8.85,0.35,1,1,0,0,0,0.9,0.05,0,-4913,991.7,0,1,0,0;



custom,cuboid,default,0.2,0.05,1,1,0,1,0,0,0,30,-4914.25,991.6,0,1,0,0;
custom,cuboid,default,0.05,0.3,1,1,0,1,0,0,0,29.25,-4913,991.6,0,1,0,0;

custom,cuboid,default,0.2,0.05,1,1,0,1,0,0,0,27.5,-4911.75,991.6,0,1,0,0;
custom,cuboid,default,0.2,0.05,1,1,0,1,0,0,0,27.5,-4913,991.6,0,1,0,0;
custom,cuboid,default,0.05,0.3,1,1,0,1,0,0,0,28.25,-4913,991.6,0,1,0,0;
custom,cuboid,default,0.05,0.3,1,1,0,1,0,0,0,26.75,-4913,991.6,0,1,0,0;

custom,cuboid,default,0.2,0.05,1,1,0,1,0,0,0,25,-4911.75,991.6,0,1,0,0;
custom,cuboid,default,0.2,0.05,1,1,0,1,0,0,0,25,-4914.25,991.6,0,1,0,0;
custom,cuboid,default,0.05,0.3,1,1,0,1,0,0,0,25,-4913,991.6,0,1,0,0;

custom,cuboid,default,0.2,0.05,1,1,0,1,0,0,0,22.5,-4911.75,991.6,0,1,0,0;
custom,cuboid,default,0.2,0.05,1,1,0,1,0,0,0,22.5,-4914.25,991.6,0,1,0,0;
custom,cuboid,default,0.05,0.3,1,1,0,1,0,0,0,21.75,-4913,991.6,0,1,0,0;

custom,cuboid,default,0.2,0.05,1,1,0,1,0,0,0,20,-4911.75,991.6,0,1,0,0;
custom,cuboid,default,0.2,0.05,1,1,0,1,0,0,0,20,-4914.25,991.6,0,1,0,0;
custom,cuboid,default,0.2,0.05,1,1,0,1,0,0,0,20,-4913,991.6,0,1,0,0;
custom,cuboid,default,0.05,0.3,1,1,0,1,0,0,0,19.25,-4913,991.6,0,1,0,0;

custom,cuboid,default,0.2,0.05,1,1,0,1,0,0,0,17.5,-4911.75,991.6,0,1,0,0;
custom,cuboid,default,0.2,0.05,1,1,0,1,0,0,0,17.5,-4913,991.6,0,1,0,0;
custom,cuboid,default,0.05,0.3,1,1,0,1,0,0,0,16.75,-4913,991.6,0,1,0,0;
custom,cuboid,default,0.05,0.15,1,1,0,1,0,0,0,18.25,-4912.375,991.6,0,1,0,0;

custom,cuboid,default,0.2,0.05,1,1,0,1,0,0,0,15,-4911.75,991.6,0,1,0,0;
custom,cuboid,default,0.2,0.05,1,1,0,1,0,0,0,15,-4914.25,991.6,0,1,0,0;
custom,cuboid,default,0.2,0.05,1,1,0,1,0,0,0,15,-4913,991.6,0,1,0,0;
custom,cuboid,default,0.05,0.15,1,1,0,1,0,0,0,15.75,-4913.625,991.6,0,1,0,0;
custom,cuboid,default,0.05,0.15,1,1,0,1,0,0,0,14.25,-4912.375,991.6,0,1,0,0;





custom,cuboid,default,0.2,0.05,1,1,0,1,0,0,0,10,-4911.75,991.6,0,1,0,0;
custom,cuboid,default,0.2,0.05,1,1,0,1,0,0,0,10,-4913,991.6,0,1,0,0;
custom,cuboid,default,0.05,0.3,1,1,0,1,0,0,0,9.25,-4913,991.6,0,1,0,0;
custom,cuboid,default,0.05,0.3,1,1,0,1,0,0,0,10.75,-4913,991.6,0,1,0,0;

custom,cuboid,default,0.2,0.05,1,1,0,1,0,0,0,7.5,-4911.75,991.6,0,1,0,0;
custom,cuboid,default,0.2,0.05,1,1,0,1,0,0,0,7.5,-4914.25,991.6,0,1,0,0;
custom,cuboid,default,0.2,0.05,1,1,0,1,0,0,0,7.5,-4913,991.6,0,1,0,0;
custom,cuboid,default,0.05,0.15,1,1,0,1,0,0,0,6.75,-4912.375,991.6,0,1,0,0;
custom,cuboid,default,0.05,0.15,1,1,0,1,0,0,0,8.25,-4913.625,991.6,0,1,0,0;

custom,cuboid,default,0.2,0.05,1,1,0,1,0,0,0,5,-4911.75,991.6,0,1,0,0;
custom,cuboid,default,0.2,0.05,1,1,0,1,0,0,0,5,-4913,991.6,0,1,0,0;
custom,cuboid,default,0.05,0.3,1,1,0,1,0,0,0,4.25,-4913,991.6,0,1,0,0;
custom,cuboid,default,0.05,0.3,1,1,0,1,0,0,0,5.75,-4913,991.6,0,1,0,0;

custom,cuboid,default,0.2,0.05,1,1,0,1,0,0,0,2.5,-4912.375,991.6,-0.3640,1,0,0;
custom,cuboid,default,0.2,0.05,1,1,0,1,0,0,0,2.5,-4913.625,991.6,0.3640,1,0,0;
custom,cuboid,default,0.05,0.3,1,1,0,1,0,0,0,1.75,-4913,991.6,0,1,0,0;

custom,cuboid,default,0.2,0.05,1,1,0,1,0,0,0,0,-4911.75,991.6,0,1,0,0;
custom,cuboid,default,0.2,0.05,1,1,0,1,0,0,0,0,-4914.25,991.6,0,1,0,0;
custom,cuboid,default,0.05,0.3,1,1,0,1,0,0,0,0,-4913,991.6,0,1,0,0;

custom,cuboid,default,0.2,0.05,1,1,0,1,0,0,0,-2.5,-4911.75,991.6,0,1,0,0;
custom,cuboid,default,0.05,0.3,1,1,0,1,0,0,0,-2.5,-4913,991.6,0,1,0,0;
custom,cuboid,default,0.05,0.3,1,1,0,1,0,0,0,-3.25,-4913,991.6,0,1,0,0;
custom,cuboid,default,0.05,0.3,1,1,0,1,0,0,0,-1.75,-4913,991.6,0,1,0,0;




custom,cuboid,default,0.2,0.05,1,1,0,1,0,0,0,-7.5,-4911.75,991.6,0,1,0,0;
custom,cuboid,default,0.2,0.05,1,1,0,1,0,0,0,-7.5,-4914.25,991.6,0,1,0,0;
custom,cuboid,default,0.2,0.05,1,1,0,1,0,0,0,-7.5,-4913,991.6,0,1,0,0;
custom,cuboid,default,0.05,0.3,1,1,0,1,0,0,0,-8.25,-4913,991.6,0,1,0,0;

custom,cuboid,default,0.2,0.05,1,1,0,1,0,0,0,-10,-4911.75,991.6,0,1,0,0;
custom,cuboid,default,0.2,0.05,1,1,0,1,0,0,0,-10,-4914.25,991.6,0,1,0,0;
custom,cuboid,default,0.2,0.05,1,1,0,1,0,0,0,-10,-4913,991.6,0,1,0,0;
custom,cuboid,default,0.05,0.15,1,1,0,1,0,0,0,-10.75,-4912.375,991.6,0,1,0,0;
custom,cuboid,default,0.05,0.15,1,1,0,1,0,0,0,-9.25,-4913.625,991.6,0,1,0,0;

custom,cuboid,default,0.2,0.05,1,1,0,1,0,0,0,-12.5,-4914.25,991.6,0,1,0,0;
custom,cuboid,default,0.05,0.3,1,1,0,1,0,0,0,-13.25,-4913,991.6,0,1,0,0;
custom,cuboid,default,0.05,0.3,1,1,0,1,0,0,0,-11.75,-4913,991.6,0,1,0,0;




custom,cuboid,default,0.2,0.05,1,1,0,1,0,0,0,-17.5,-4911.75,991.6,0,1,0,0;
custom,cuboid,default,0.2,0.05,1,1,0,1,0,0,0,-17.5,-4914.25,991.6,0,1,0,0;
custom,cuboid,default,0.2,0.05,1,1,0,1,0,0,0,-17.5,-4913,991.6,0,1,0,0;
custom,cuboid,default,0.05,0.3,1,1,0,1,0,0,0,-18.25,-4913,991.6,0,1,0,0;

custom,cuboid,default,0.2,0.05,1,1,0,1,0,0,0,-20,-4911.75,991.6,0,1,0,0;
custom,cuboid,default,0.2,0.05,1,1,0,1,0,0,0,-20,-4914.25,991.6,0,1,0,0;
custom,cuboid,default,0.2,0.05,1,1,0,1,0,0,0,-20,-4913,991.6,0,1,0,0;
custom,cuboid,default,0.05,0.15,1,1,0,1,0,0,0,-20.75,-4912.375,991.6,0,1,0,0;
custom,cuboid,default,0.05,0.15,1,1,0,1,0,0,0,-19.25,-4913.625,991.6,0,1,0,0;

custom,cuboid,default,0.2,0.05,1,1,0,1,0,0,0,-22.5,-4911.75,991.6,0,1,0,0;
custom,cuboid,default,0.2,0.05,1,1,0,1,0,0,0,-22.5,-4913,991.6,0,1,0,0;
custom,cuboid,default,0.05,0.3,1,1,0,1,0,0,0,-23.25,-4913,991.6,0,1,0,0;
custom,cuboid,default,0.05,0.3,1,1,0,1,0,0,0,-21.75,-4913,991.6,0,1,0,0;

custom,cuboid,default,0.2,0.05,1,1,0,1,0,0,0,-25,-4911.75,991.6,0,1,0,0;
custom,cuboid,default,0.2,0.05,1,1,0,1,0,0,0,-25,-4914.25,991.6,0,1,0,0;
custom,cuboid,default,0.2,0.05,1,1,0,1,0,0,0,-25,-4913,991.6,0,1,0,0;
custom,cuboid,default,0.05,0.3,1,1,0,1,0,0,0,-25.75,-4913,991.6,0,1,0,0;

custom,cuboid,default,0.2,0.05,1,1,0,1,0,0,0,-27.5,-4914.25,991.6,0,1,0,0;
custom,cuboid,default,0.05,0.3,1,1,0,1,0,0,0,-28.25,-4913,991.6,0,1,0,0;

custom,cuboid,default,0.2,0.05,1,1,0,1,0,0,0,-30,-4911.75,991.6,0,1,0,0;
custom,cuboid,default,0.2,0.05,1,1,0,1,0,0,0,-30,-4913,991.6,0,1,0,0;
custom,cuboid,default,0.05,0.3,1,1,0,1,0,0,0,-30.75,-4913,991.6,0,1,0,0;
custom,cuboid,default,0.05,0.15,1,1,0,1,0,0,0,-29.25,-4912.375,991.6,0,1,0,0;











custom,cuboid,default,0.1,1000,0.5,1,1,0,0,0.001,500,0,-9910,1002,0,1,0,1;
custom,cuboid,default,0.1,1000,0.5,1,1,0.5,0,0.001,500,0,-19910,1002,0,1,0,1;
custom,cuboid,default,0.1,1000,0.5,1,1,1,0,0.001,500,0,-29910,1002,0,1,0,1;
custom,cuboid,default,0.1,1000,0.5,1,1,1,1,0.001,500,0,-39910,1002,0,1,0,1;
custom,cuboid,default,0.1,1000,0.5,1,0,1,0,0.001,500,0,-49910,1002,0,1,0,1;
custom,cuboid,default,0.1,1000,0.5,1,0,1,1,0.001,500,0,-59910,1002,0,1,0,1;
custom,cuboid,default,0.1,1000,0.5,1,0,0,1,0.001,500,0,-69910,1002,0,1,0,1;
custom,cuboid,default,0.1,1000,0.5,1,1,0,1,0.001,500,0,-79910,1002,0,1,0,1;
custom,cuboid,default,0.1,1000,0.5,1,0.5,0,0.5,0.001,500,0,-89910,1002,0,1,0,1;

custom,cuboid,default,0.1,100,0.5,1,0.2,0.2,0.5,0.001,500,0,-95410,1002,0,1,0,1;
custom,cuboid,default,0.1,100,0.5,1,0.2,0.2,1.5,0.001,500,0,-96410,1002,0,1,0,1;
custom,cuboid,default,0.1,100,0.5,1,0.2,0.2,0.5,0.001,500,0,-97410,1002,0,1,0,1;
custom,cuboid,default,0.1,100,0.5,1,0.2,0.2,1.5,0.001,500,0,-98410,1002,0,1,0,1;
custom,cuboid,default,0.1,100,0.5,1,0.2,0.2,0.5,0.001,500,0,-99410,1002,0,1,0,1;
custom,cuboid,default,0.1,100,0.5,1,0.2,0.2,1.5,0.001,500,0,-100410,1002,0,1,0,1;
custom,cuboid,default,0.1,100,0.5,1,0.2,0.2,0.5,0.001,500,0,-101410,1002,0,1,0,1;
custom,cuboid,default,0.1,100,0.5,1,0.2,0.2,1.5,0.001,500,0,-102410,1002,0,1,0,1;
custom,cuboid,default,0.1,100,0.5,1,0.2,0.2,0.5,0.001,500,0,-103410,1002,0,1,0,1;




custom,cuboid,metal1,0.05,1,0.05,0,0,0,0,0.1,1,2.5,-4923,897,0,1,0,0;
custom,cuboid,metal1,0.05,1,0.05,0,0,0,0,0.1,1,2.5,-4923,907,0,1,0,0;
custom,cuboid,metal1,0.05,1,0.05,0,0,0,0,0.1,1,2.5,-4923,917,0,1,0,0;
custom,cuboid,metal1,0.05,1,0.05,0,0,0,0,0.1,1,2.5,-4923,927,0,1,0,0;
custom,cuboid,metal1,0.05,1,0.05,0,0,0,0,0.1,1,2.5,-4923,937,0,1,0,0;
custom,cuboid,metal1,0.05,1,0.05,0,0,0,0,0.1,1,2.5,-4923,947,0,1,0,0;
custom,cuboid,metal1,0.05,1,0.05,0,0,0,0,0.1,1,2.5,-4923,957,0,1,0,0;
custom,cuboid,metal1,0.05,1,0.05,0,0,0,0,0.1,1,2.5,-4923,967,0,1,0,0;
custom,cuboid,metal1,0.05,1,0.05,0,0,0,0,0.1,1,2.5,-4923,977,0,1,0,0;
custom,cuboid,metal1,0.05,1,0.05,0,0,0,0,0.1,1,2.5,-4923,987,0,1,0,0;
custom,cuboid,metal1,0.05,1,0.05,0,0,0,0,0.1,1,2.5,-4923,997,0,1,0,0;

custom,cuboid,metal1,0.05,1,0.05,0,0,0,0,0.1,1,-2.5,-4923,897,0,1,0,0;
custom,cuboid,metal1,0.05,1,0.05,0,0,0,0,0.1,1,-2.5,-4923,907,0,1,0,0;
custom,cuboid,metal1,0.05,1,0.05,0,0,0,0,0.1,1,-2.5,-4923,917,0,1,0,0;
custom,cuboid,metal1,0.05,1,0.05,0,0,0,0,0.1,1,-2.5,-4923,927,0,1,0,0;
custom,cuboid,metal1,0.05,1,0.05,0,0,0,0,0.1,1,-2.5,-4923,937,0,1,0,0;
custom,cuboid,metal1,0.05,1,0.05,0,0,0,0,0.1,1,-2.5,-4923,947,0,1,0,0;
custom,cuboid,metal1,0.05,1,0.05,0,0,0,0,0.1,1,-2.5,-4923,957,0,1,0,0;
custom,cuboid,metal1,0.05,1,0.05,0,0,0,0,0.1,1,-2.5,-4923,967,0,1,0,0;
custom,cuboid,metal1,0.05,1,0.05,0,0,0,0,0.1,1,-2.5,-4923,977,0,1,0,0;
custom,cuboid,metal1,0.05,1,0.05,0,0,0,0,0.1,1,-2.5,-4923,987,0,1,0,0;
custom,cuboid,metal1,0.05,1,0.05,0,0,0,0,0.1,1,-2.5,-4923,997,0,1,0,0;

custom,cuboid,metal1,0.03,0.03,10,1,0,0,0,1,1,-2.5,-4919.3,947,0,1,0,0;
custom,cuboid,metal1,0.03,0.03,10,1,0,0,0,1,1,2.5,-4919.3,947,0,1,0,0;

custom,cuboid,metal1,3.8,0.4,1,0,0,0,0,1,0.4,26,-4917.5,993,0,1,0,0;
custom,cuboid,metal4,3.75,0.35,1,0,0,0,0,1,0.4,26,-4917.5,992.95,0,1,0,0;
custom,cuboid,metal4,3.7,0.3,1,1,0,0,0,1,0.4,26,-4917.5,992.9,0,1,0,0;

custom,cuboid,metal1,3.8,0.4,1,0,0,0,0,1,0.4,-26,-4917.5,993,0,1,0,0;
custom,cuboid,metal4,3.75,0.35,1,0,0,0,0,1,0.4,-26,-4917.5,992.95,0,1,0,0;
custom,cuboid,metal4,3.7,0.3,1,1,0,0,0,1,0.4,-26,-4917.5,992.9,0,1,0,0;

custom,cuboid,default,0.2,0.05,1,1,1,1,0,0,0,-17.5,-4916.5,992.6,0,1,0,0;
custom,cuboid,default,0.2,0.05,1,1,1,1,0,0,0,-17.5,-4917.5,992.6,0,1,0,0;
custom,cuboid,default,0.05,0.25,1,1,1,1,0,0,0,-18.25,-4917.5,992.6,0,1,0,0;
custom,cuboid,default,0.05,0.125,1,1,1,1,0,0,0,-16.75,-4917,992.6,0,1,0,0;

custom,cuboid,default,0.2,0.05,1,1,1,1,0,0,0,-20,-4918.5,992.6,0,1,0,0;
custom,cuboid,default,0.05,0.25,1,1,1,1,0,0,0,-20.75,-4917.5,992.6,0,1,0,0;
custom,cuboid,default,0.05,0.25,1,1,1,1,0,0,0,-19.25,-4917.5,992.6,0,1,0,0;

custom,cuboid,default,0.2,0.05,1,1,1,1,0,0,0,-25,-4918.5,992.6,0,1,0,0;
custom,cuboid,default,0.2,0.05,1,1,1,1,0,0,0,-25,-4916.5,992.6,0,1,0,0;
custom,cuboid,default,0.2,0.05,1,1,1,1,0,0,0,-25,-4917.5,992.6,0,1,0,0;
custom,cuboid,default,0.05,0.25,1,1,1,1,0,0,0,-25.75,-4917.5,992.6,0,1,0,0;

custom,cuboid,default,0.2,0.05,1,1,1,1,0,0,0,-27.5,-4916.5,992.6,0,1,0,0;
custom,cuboid,default,0.05,0.25,1,1,1,1,0,0,0,-26.75,-4917.5,992.6,0,1,0,0;
custom,cuboid,default,0.05,0.25,1,1,1,1,0,0,0,-28.25,-4917.5,992.6,0,1,0,0;

custom,cuboid,default,0.2,0.05,1,1,1,1,0,0,0,-30,-4918.5,992.6,0,1,0,0;
custom,cuboid,default,0.05,0.25,1,1,1,1,0,0,0,-30,-4917.5,992.6,0,1,0,0;
custom,cuboid,default,0.2,0.05,1,1,1,1,0,0,0,-30,-4916.5,992.6,0,1,0,0;

custom,cuboid,default,0.2,0.05,1,1,1,1,0,0,0,-32.5,-4918.5,992.6,0,1,0,0;
custom,cuboid,default,0.05,0.25,1,1,1,1,0,0,0,-33.25,-4917.5,992.6,0,1,0,0;













custom,cuboid,default,0.2,0.05,1,1,1,1,0,0,0,32.5,-4916.5,992.6,0,1,0,0;
custom,cuboid,default,0.2,0.05,1,1,1,1,0,0,0,32.5,-4917.5,992.6,0,1,0,0;
custom,cuboid,default,0.05,0.25,1,1,1,1,0,0,0,31.75,-4917.5,992.6,0,1,0,0;
custom,cuboid,default,0.05,0.125,1,1,1,1,0,0,0,33.25,-4917,992.6,0,1,0,0;

custom,cuboid,default,0.2,0.05,1,1,1,1,0,0,0,30,-4918.5,992.6,0,1,0,0;
custom,cuboid,default,0.05,0.25,1,1,1,1,0,0,0,29.25,-4917.5,992.6,0,1,0,0;
custom,cuboid,default,0.05,0.25,1,1,1,1,0,0,0,31.75,-4917.5,992.6,0,1,0,0;

custom,cuboid,default,0.2,0.05,1,1,1,1,0,0,0,25,-4918.5,992.6,0,1,0,0;
custom,cuboid,default,0.2,0.05,1,1,1,1,0,0,0,25,-4916.5,992.6,0,1,0,0;
custom,cuboid,default,0.2,0.05,1,1,1,1,0,0,0,25,-4917.5,992.6,0,1,0,0;
custom,cuboid,default,0.05,0.25,1,1,1,1,0,0,0,24.25,-4917.5,992.6,0,1,0,0;

custom,cuboid,default,0.2,0.05,1,1,1,1,0,0,0,22.5,-4916.5,992.6,0,1,0,0;
custom,cuboid,default,0.05,0.25,1,1,1,1,0,0,0,21.75,-4917.5,992.6,0,1,0,0;
custom,cuboid,default,0.05,0.25,1,1,1,1,0,0,0,23.25,-4917.5,992.6,0,1,0,0;

custom,cuboid,default,0.2,0.05,1,1,1,1,0,0,0,20,-4918.5,992.6,0,1,0,0;
custom,cuboid,default,0.05,0.25,1,1,1,1,0,0,0,20,-4917.5,992.6,0,1,0,0;
custom,cuboid,default,0.2,0.05,1,1,1,1,0,0,0,20,-4916.5,992.6,0,1,0,0;

custom,cuboid,default,0.2,0.05,1,1,1,1,0,0,0,17.5,-4918.5,992.6,0,1,0,0;
custom,cuboid,default,0.05,0.25,1,1,1,1,0,0,0,16.75,-4917.5,992.6,0,1,0,0;


map,disablebounds;