photon,spawnTitan,1,0,30,30,30,0,1,0,0;
custom,cuboid,metal1,3.5,3,0.5,0,0,0,0,0.1,0.1,30,40,15,0,1,0,0;
custom,cuboid,metal1,3.5,3,0.5,0,0,0,0,0.1,0.1,30,40,45,0,1,0,0;
custom,cuboid,metal1,0.5,3,3,0,0,0,0,0.1,0.1,45,40,30,0,1,0,0;
custom,cuboid,metal1,0.5,3,3,0,0,0,0,0.1,0.1,15,40,30,0,1,0,0;
custom,cuboid,metal1,3,0.1,3,0,0,0,0,0.1,0.1,30,25.5,30,0,1,0,0;


photon,spawnTitan,1,0,90,30,30,0,1,0,0;
custom,cuboid,metal1,3.5,3,0.5,0,0,0,0,0.1,0.1,90,40,15,0,1,0,0;
custom,cuboid,metal1,3.5,3,0.5,0,0,0,0,0.1,0.1,90,40,45,0,1,0,0;
custom,cuboid,metal1,0.5,3,3,0,0,0,0,0.1,0.1,105,40,30,0,1,0,0;
custom,cuboid,metal1,0.5,3,3,0,0,0,0,0.1,0.1,75,40,30,0,1,0,0;
custom,cuboid,metal1,3,0.1,3,0,0,0,0,0.1,0.1,90,25.5,30,0,1,0,0;


photon,spawnTitan,1,0,150,30,30,0,1,0,0;
custom,cuboid,metal1,3.5,3,0.5,0,0,0,0,0.1,0.1,150,40,15,0,1,0,0;
custom,cuboid,metal1,3.5,3,0.5,0,0,0,0,0.1,0.1,150,40,45,0,1,0,0;
custom,cuboid,metal1,0.5,3,3,0,0,0,0,0.1,0.1,165,40,30,0,1,0,0;
custom,cuboid,metal1,0.5,3,3,0,0,0,0,0.1,0.1,135,40,30,0,1,0,0;
custom,cuboid,metal1,3,0.1,3,0,0,0,0,0.1,0.1,150,25.5,30,0,1,0,0;


photon,spawnTitan,1,0,-30,30,30,0,1,0,0;
custom,cuboid,metal1,3.5,3,0.5,0,0,0,0,0.1,0.1,-30,40,15,0,1,0,0;
custom,cuboid,metal1,3.5,3,0.5,0,0,0,0,0.1,0.1,-30,40,45,0,1,0,0;
custom,cuboid,metal1,0.5,3,3,0,0,0,0,0.1,0.1,-45,40,30,0,1,0,0;
custom,cuboid,metal1,0.5,3,3,0,0,0,0,0.1,0.1,-15,40,30,0,1,0,0;
custom,cuboid,metal1,3,0.1,3,0,0,0,0,0.1,0.1,-30,25.5,30,0,1,0,0;


photon,spawnTitan,1,0,-90,30,30,0,1,0,0;
custom,cuboid,metal1,3.5,3,0.5,0,0,0,0,0.1,0.1,-90,40,15,0,1,0,0;
custom,cuboid,metal1,3.5,3,0.5,0,0,0,0,0.1,0.1,-90,40,45,0,1,0,0;
custom,cuboid,metal1,0.5,3,3,0,0,0,0,0.1,0.1,-105,40,30,0,1,0,0;
custom,cuboid,metal1,0.5,3,3,0,0,0,0,0.1,0.1,-75,40,30,0,1,0,0;
custom,cuboid,metal1,3,0.1,3,0,0,0,0,0.1,0.1,-90,25.5,30,0,1,0,0;


photon,spawnTitan,1,0,-150,30,30,0,1,0,0;
custom,cuboid,metal1,3.5,3,0.5,0,0,0,0,0.1,0.1,-150,40,15,0,1,0,0;
custom,cuboid,metal1,3.5,3,0.5,0,0,0,0,0.1,0.1,-150,40,45,0,1,0,0;
custom,cuboid,metal1,0.5,3,3,0,0,0,0,0.1,0.1,-165,40,30,0,1,0,0;
custom,cuboid,metal1,0.5,3,3,0,0,0,0,0.1,0.1,-135,40,30,0,1,0,0;
custom,cuboid,metal1,3,0.1,3,0,0,0,0,0.1,0.1,-150,25.5,30,0,1,0,0;











photon,spawnTitan,1,0,30,30,90,0,1,0,0;
custom,cuboid,metal1,3.5,3,0.5,0,0,0,0,0.1,0.1,30,40,105,0,1,0,0;
custom,cuboid,metal1,3.5,3,0.5,0,0,0,0,0.1,0.1,30,40,75,0,1,0,0;
custom,cuboid,metal1,0.5,3,3,0,0,0,0,0.1,0.1,45,40,90,0,1,0,0;
custom,cuboid,metal1,0.5,3,3,0,0,0,0,0.1,0.1,15,40,90,0,1,0,0;
custom,cuboid,metal1,3,0.1,3,0,0,0,0,0.1,0.1,30,25.5,90,0,1,0,0;


photon,spawnTitan,1,0,90,30,90,0,1,0,0;
custom,cuboid,metal1,3.5,3,0.5,0,0,0,0,0.1,0.1,90,40,105,0,1,0,0;
custom,cuboid,metal1,3.5,3,0.5,0,0,0,0,0.1,0.1,90,40,75,0,1,0,0;
custom,cuboid,metal1,0.5,3,3,0,0,0,0,0.1,0.1,105,40,90,0,1,0,0;
custom,cuboid,metal1,0.5,3,3,0,0,0,0,0.1,0.1,75,40,90,0,1,0,0;
custom,cuboid,metal1,3,0.1,3,0,0,0,0,0.1,0.1,90,25.5,90,0,1,0,0;


photon,spawnTitan,1,0,150,30,90,0,1,0,0;
custom,cuboid,metal1,3.5,3,0.5,0,0,0,0,0.1,0.1,150,40,105,0,1,0,0;
custom,cuboid,metal1,3.5,3,0.5,0,0,0,0,0.1,0.1,150,40,75,0,1,0,0;
custom,cuboid,metal1,0.5,3,3,0,0,0,0,0.1,0.1,165,40,90,0,1,0,0;
custom,cuboid,metal1,0.5,3,3,0,0,0,0,0.1,0.1,135,40,90,0,1,0,0;
custom,cuboid,metal1,3,0.1,3,0,0,0,0,0.1,0.1,150,25.5,90,0,1,0,0;


photon,spawnTitan,1,0,-30,30,90,0,1,0,0;
custom,cuboid,metal1,3.5,3,0.5,0,0,0,0,0.1,0.1,-30,40,105,0,1,0,0;
custom,cuboid,metal1,3.5,3,0.5,0,0,0,0,0.1,0.1,-30,40,75,0,1,0,0;
custom,cuboid,metal1,0.5,3,3,0,0,0,0,0.1,0.1,-45,40,90,0,1,0,0;
custom,cuboid,metal1,0.5,3,3,0,0,0,0,0.1,0.1,-15,40,90,0,1,0,0;
custom,cuboid,metal1,3,0.1,3,0,0,0,0,0.1,0.1,-30,25.5,90,0,1,0,0;


photon,spawnTitan,1,0,-90,30,90,0,1,0,0;
custom,cuboid,metal1,3.5,3,0.5,0,0,0,0,0.1,0.1,-90,40,105,0,1,0,0;
custom,cuboid,metal1,3.5,3,0.5,0,0,0,0,0.1,0.1,-90,40,75,0,1,0,0;
custom,cuboid,metal1,0.5,3,3,0,0,0,0,0.1,0.1,-105,40,90,0,1,0,0;
custom,cuboid,metal1,0.5,3,3,0,0,0,0,0.1,0.1,-75,40,90,0,1,0,0;
custom,cuboid,metal1,3,0.1,3,0,0,0,0,0.1,0.1,-90,25.5,90,0,1,0,0;


photon,spawnTitan,1,0,-150,30,90,0,1,0,0;
custom,cuboid,metal1,3.5,3,0.5,0,0,0,0,0.1,0.1,-150,40,105,0,1,0,0;
custom,cuboid,metal1,3.5,3,0.5,0,0,0,0,0.1,0.1,-150,40,75,0,1,0,0;
custom,cuboid,metal1,0.5,3,3,0,0,0,0,0.1,0.1,-165,40,90,0,1,0,0;
custom,cuboid,metal1,0.5,3,3,0,0,0,0,0.1,0.1,-135,40,90,0,1,0,0;
custom,cuboid,metal1,3,0.1,3,0,0,0,0,0.1,0.1,-150,25.5,90,0,1,0,0;








photon,spawnTitan,1,0,30,30,150,0,1,0,0;
custom,cuboid,metal1,3.5,3,0.5,0,0,0,0,0.1,0.1,30,40,165,0,1,0,0;
custom,cuboid,metal1,3.5,3,0.5,0,0,0,0,0.1,0.1,30,40,135,0,1,0,0;
custom,cuboid,metal1,0.5,3,3,0,0,0,0,0.1,0.1,45,40,150,0,1,0,0;
custom,cuboid,metal1,0.5,3,3,0,0,0,0,0.1,0.1,15,40,150,0,1,0,0;
custom,cuboid,metal1,3,0.1,3,0,0,0,0,0.1,0.1,30,25.5,150,0,1,0,0;


photon,spawnTitan,1,0,90,30,150,0,1,0,0;
custom,cuboid,metal1,3.5,3,0.5,0,0,0,0,0.1,0.1,90,40,165,0,1,0,0;
custom,cuboid,metal1,3.5,3,0.5,0,0,0,0,0.1,0.1,90,40,135,0,1,0,0;
custom,cuboid,metal1,0.5,3,3,0,0,0,0,0.1,0.1,105,40,150,0,1,0,0;
custom,cuboid,metal1,0.5,3,3,0,0,0,0,0.1,0.1,75,40,150,0,1,0,0;
custom,cuboid,metal1,3,0.1,3,0,0,0,0,0.1,0.1,90,25.5,150,0,1,0,0;


spawnpoint,titan,150,30,150,0,1,0,0;
custom,cuboid,metal1,3.5,3,0.5,0,0,0,0,0.1,0.1,150,40,165,0,1,0,0;
custom,cuboid,metal1,3.5,3,0.5,0,0,0,0,0.1,0.1,150,40,135,0,1,0,0;
custom,cuboid,metal1,0.5,3,3,0,0,0,0,0.1,0.1,165,40,150,0,1,0,0;
custom,cuboid,metal1,0.5,3,3,0,0,0,0,0.1,0.1,135,40,150,0,1,0,0;
custom,cuboid,metal1,3,0.1,3,0,0,0,0,0.1,0.1,150,25.5,150,0,1,0,0;


photon,spawnTitan,1,0,-30,30,150,0,1,0,0;
custom,cuboid,metal1,3.5,3,0.5,0,0,0,0,0.1,0.1,-30,40,165,0,1,0,0;
custom,cuboid,metal1,3.5,3,0.5,0,0,0,0,0.1,0.1,-30,40,135,0,1,0,0;
custom,cuboid,metal1,0.5,3,3,0,0,0,0,0.1,0.1,-45,40,150,0,1,0,0;
custom,cuboid,metal1,0.5,3,3,0,0,0,0,0.1,0.1,-15,40,150,0,1,0,0;
custom,cuboid,metal1,3,0.1,3,0,0,0,0,0.1,0.1,-30,25.5,150,0,1,0,0;


photon,spawnTitan,1,0,-90,30,150,0,1,0,0;
custom,cuboid,metal1,3.5,3,0.5,0,0,0,0,0.1,0.1,-90,40,165,0,1,0,0;
custom,cuboid,metal1,3.5,3,0.5,0,0,0,0,0.1,0.1,-90,40,135,0,1,0,0;
custom,cuboid,metal1,0.5,3,3,0,0,0,0,0.1,0.1,-105,40,150,0,1,0,0;
custom,cuboid,metal1,0.5,3,3,0,0,0,0,0.1,0.1,-75,40,150,0,1,0,0;
custom,cuboid,metal1,3,0.1,3,0,0,0,0,0.1,0.1,-90,25.5,150,0,1,0,0;


spawnpoint,titan,-150,30,150,0,1,0,0;
custom,cuboid,metal1,3.5,3,0.5,0,0,0,0,0.1,0.1,-150,40,165,0,1,0,0;
custom,cuboid,metal1,3.5,3,0.5,0,0,0,0,0.1,0.1,-150,40,135,0,1,0,0;
custom,cuboid,metal1,0.5,3,3,0,0,0,0,0.1,0.1,-165,40,150,0,1,0,0;
custom,cuboid,metal1,0.5,3,3,0,0,0,0,0.1,0.1,-135,40,150,0,1,0,0;
custom,cuboid,metal1,3,0.1,3,0,0,0,0,0.1,0.1,-150,25.5,150,0,1,0,0;























photon,spawnTitan,1,0,30,30,-30,0,1,0,0;
custom,cuboid,metal1,3.5,3,0.5,0,0,0,0,0.1,0.1,30,40,-15,0,1,0,0;
custom,cuboid,metal1,3.5,3,0.5,0,0,0,0,0.1,0.1,30,40,-45,0,1,0,0;
custom,cuboid,metal1,0.5,3,3,0,0,0,0,0.1,0.1,45,40,-30,0,1,0,0;
custom,cuboid,metal1,0.5,3,3,0,0,0,0,0.1,0.1,15,40,-30,0,1,0,0;
custom,cuboid,metal1,3,0.1,3,0,0,0,0,0.1,0.1,30,25.5,-30,0,1,0,0;


photon,spawnTitan,1,0,90,30,-30,0,1,0,0;
custom,cuboid,metal1,3.5,3,0.5,0,0,0,0,0.1,0.1,90,40,-15,0,1,0,0;
custom,cuboid,metal1,3.5,3,0.5,0,0,0,0,0.1,0.1,90,40,-45,0,1,0,0;
custom,cuboid,metal1,0.5,3,3,0,0,0,0,0.1,0.1,105,40,-30,0,1,0,0;
custom,cuboid,metal1,0.5,3,3,0,0,0,0,0.1,0.1,75,40,-30,0,1,0,0;
custom,cuboid,metal1,3,0.1,3,0,0,0,0,0.1,0.1,90,25.5,-30,0,1,0,0;


photon,spawnTitan,1,0,150,30,-30,0,1,0,0;
custom,cuboid,metal1,3.5,3,0.5,0,0,0,0,0.1,0.1,150,40,-15,0,1,0,0;
custom,cuboid,metal1,3.5,3,0.5,0,0,0,0,0.1,0.1,150,40,-45,0,1,0,0;
custom,cuboid,metal1,0.5,3,3,0,0,0,0,0.1,0.1,165,40,-30,0,1,0,0;
custom,cuboid,metal1,0.5,3,3,0,0,0,0,0.1,0.1,135,40,-30,0,1,0,0;
custom,cuboid,metal1,3,0.1,3,0,0,0,0,0.1,0.1,150,25.5,-30,0,1,0,0;


photon,spawnTitan,1,0,-30,30,-30,0,1,0,0;
custom,cuboid,metal1,3.5,3,0.5,0,0,0,0,0.1,0.1,-30,40,-15,0,1,0,0;
custom,cuboid,metal1,3.5,3,0.5,0,0,0,0,0.1,0.1,-30,40,-45,0,1,0,0;
custom,cuboid,metal1,0.5,3,3,0,0,0,0,0.1,0.1,-45,40,-30,0,1,0,0;
custom,cuboid,metal1,0.5,3,3,0,0,0,0,0.1,0.1,-15,40,-30,0,1,0,0;
custom,cuboid,metal1,3,0.1,3,0,0,0,0,0.1,0.1,-30,25.5,-30,0,1,0,0;


photon,spawnTitan,1,0,-90,30,-30,0,1,0,0;
custom,cuboid,metal1,3.5,3,0.5,0,0,0,0,0.1,0.1,-90,40,-15,0,1,0,0;
custom,cuboid,metal1,3.5,3,0.5,0,0,0,0,0.1,0.1,-90,40,-45,0,1,0,0;
custom,cuboid,metal1,0.5,3,3,0,0,0,0,0.1,0.1,-105,40,-30,0,1,0,0;
custom,cuboid,metal1,0.5,3,3,0,0,0,0,0.1,0.1,-75,40,-30,0,1,0,0;
custom,cuboid,metal1,3,0.1,3,0,0,0,0,0.1,0.1,-90,25.5,-30,0,1,0,0;


photon,spawnTitan,1,0,-150,30,-30,0,1,0,0;
custom,cuboid,metal1,3.5,3,0.5,0,0,0,0,0.1,0.1,-150,40,-15,0,1,0,0;
custom,cuboid,metal1,3.5,3,0.5,0,0,0,0,0.1,0.1,-150,40,-45,0,1,0,0;
custom,cuboid,metal1,0.5,3,3,0,0,0,0,0.1,0.1,-165,40,-30,0,1,0,0;
custom,cuboid,metal1,0.5,3,3,0,0,0,0,0.1,0.1,-135,40,-30,0,1,0,0;
custom,cuboid,metal1,3,0.1,3,0,0,0,0,0.1,0.1,-150,25.5,-30,0,1,0,0;











photon,spawnTitan,1,0,30,30,-90,0,1,0,0;
custom,cuboid,metal1,3.5,3,0.5,0,0,0,0,0.1,0.1,30,40,-105,0,1,0,0;
custom,cuboid,metal1,3.5,3,0.5,0,0,0,0,0.1,0.1,30,40,-75,0,1,0,0;
custom,cuboid,metal1,0.5,3,3,0,0,0,0,0.1,0.1,45,40,-90,0,1,0,0;
custom,cuboid,metal1,0.5,3,3,0,0,0,0,0.1,0.1,15,40,-90,0,1,0,0;
custom,cuboid,metal1,3,0.1,3,0,0,0,0,0.1,0.1,30,25.5,-90,0,1,0,0;


photon,spawnTitan,1,0,90,30,-90,0,1,0,0;
custom,cuboid,metal1,3.5,3,0.5,0,0,0,0,0.1,0.1,90,40,-105,0,1,0,0;
custom,cuboid,metal1,3.5,3,0.5,0,0,0,0,0.1,0.1,90,40,-75,0,1,0,0;
custom,cuboid,metal1,0.5,3,3,0,0,0,0,0.1,0.1,105,40,-90,0,1,0,0;
custom,cuboid,metal1,0.5,3,3,0,0,0,0,0.1,0.1,75,40,-90,0,1,0,0;
custom,cuboid,metal1,3,0.1,3,0,0,0,0,0.1,0.1,90,25.5,-90,0,1,0,0;


photon,spawnTitan,1,0,150,30,-90,0,1,0,0;
custom,cuboid,metal1,3.5,3,0.5,0,0,0,0,0.1,0.1,150,40,-105,0,1,0,0;
custom,cuboid,metal1,3.5,3,0.5,0,0,0,0,0.1,0.1,150,40,-75,0,1,0,0;
custom,cuboid,metal1,0.5,3,3,0,0,0,0,0.1,0.1,165,40,-90,0,1,0,0;
custom,cuboid,metal1,0.5,3,3,0,0,0,0,0.1,0.1,135,40,-90,0,1,0,0;
custom,cuboid,metal1,3,0.1,3,0,0,0,0,0.1,0.1,150,25.5,-90,0,1,0,0;


photon,spawnTitan,1,0,-30,30,-90,0,1,0,0;
custom,cuboid,metal1,3.5,3,0.5,0,0,0,0,0.1,0.1,-30,40,-105,0,1,0,0;
custom,cuboid,metal1,3.5,3,0.5,0,0,0,0,0.1,0.1,-30,40,-75,0,1,0,0;
custom,cuboid,metal1,0.5,3,3,0,0,0,0,0.1,0.1,-45,40,-90,0,1,0,0;
custom,cuboid,metal1,0.5,3,3,0,0,0,0,0.1,0.1,-15,40,-90,0,1,0,0;
custom,cuboid,metal1,3,0.1,3,0,0,0,0,0.1,0.1,-30,25.5,-90,0,1,0,0;


photon,spawnTitan,1,0,-90,30,-90,0,1,0,0;
custom,cuboid,metal1,3.5,3,0.5,0,0,0,0,0.1,0.1,-90,40,-105,0,1,0,0;
custom,cuboid,metal1,3.5,3,0.5,0,0,0,0,0.1,0.1,-90,40,-75,0,1,0,0;
custom,cuboid,metal1,0.5,3,3,0,0,0,0,0.1,0.1,-105,40,-90,0,1,0,0;
custom,cuboid,metal1,0.5,3,3,0,0,0,0,0.1,0.1,-75,40,-90,0,1,0,0;
custom,cuboid,metal1,3,0.1,3,0,0,0,0,0.1,0.1,-90,25.5,-90,0,1,0,0;


photon,spawnTitan,1,0,-150,30,-90,0,1,0,0;
custom,cuboid,metal1,3.5,3,0.5,0,0,0,0,0.1,0.1,-150,40,-105,0,1,0,0;
custom,cuboid,metal1,3.5,3,0.5,0,0,0,0,0.1,0.1,-150,40,-75,0,1,0,0;
custom,cuboid,metal1,0.5,3,3,0,0,0,0,0.1,0.1,-165,40,-90,0,1,0,0;
custom,cuboid,metal1,0.5,3,3,0,0,0,0,0.1,0.1,-135,40,-90,0,1,0,0;
custom,cuboid,metal1,3,0.1,3,0,0,0,0,0.1,0.1,-150,25.5,-90,0,1,0,0;








photon,spawnTitan,1,0,30,30,-150,0,1,0,0;
custom,cuboid,metal1,3.5,3,0.5,0,0,0,0,0.1,0.1,30,40,-165,0,1,0,0;
custom,cuboid,metal1,3.5,3,0.5,0,0,0,0,0.1,0.1,30,40,-135,0,1,0,0;
custom,cuboid,metal1,0.5,3,3,0,0,0,0,0.1,0.1,45,40,-150,0,1,0,0;
custom,cuboid,metal1,0.5,3,3,0,0,0,0,0.1,0.1,15,40,-150,0,1,0,0;
custom,cuboid,metal1,3,0.1,3,0,0,0,0,0.1,0.1,30,25.5,-150,0,1,0,0;


photon,spawnTitan,1,0,90,30,-150,0,1,0,0;
custom,cuboid,metal1,3.5,3,0.5,0,0,0,0,0.1,0.1,90,40,-165,0,1,0,0;
custom,cuboid,metal1,3.5,3,0.5,0,0,0,0,0.1,0.1,90,40,-135,0,1,0,0;
custom,cuboid,metal1,0.5,3,3,0,0,0,0,0.1,0.1,105,40,-150,0,1,0,0;
custom,cuboid,metal1,0.5,3,3,0,0,0,0,0.1,0.1,75,40,-150,0,1,0,0;
custom,cuboid,metal1,3,0.1,3,0,0,0,0,0.1,0.1,90,25.5,-150,0,1,0,0;


spawnpoint,titan,150,30,-150,0,1,0,0;
custom,cuboid,metal1,3.5,3,0.5,0,0,0,0,0.1,0.1,150,40,-165,0,1,0,0;
custom,cuboid,metal1,3.5,3,0.5,0,0,0,0,0.1,0.1,150,40,-135,0,1,0,0;
custom,cuboid,metal1,0.5,3,3,0,0,0,0,0.1,0.1,165,40,-150,0,1,0,0;
custom,cuboid,metal1,0.5,3,3,0,0,0,0,0.1,0.1,135,40,-150,0,1,0,0;
custom,cuboid,metal1,3,0.1,3,0,0,0,0,0.1,0.1,150,25.5,-150,0,1,0,0;


photon,spawnTitan,1,0,-30,30,-150,0,1,0,0;
custom,cuboid,metal1,3.5,3,0.5,0,0,0,0,0.1,0.1,-30,40,-165,0,1,0,0;
custom,cuboid,metal1,3.5,3,0.5,0,0,0,0,0.1,0.1,-30,40,-135,0,1,0,0;
custom,cuboid,metal1,0.5,3,3,0,0,0,0,0.1,0.1,-45,40,-150,0,1,0,0;
custom,cuboid,metal1,0.5,3,3,0,0,0,0,0.1,0.1,-15,40,-150,0,1,0,0;
custom,cuboid,metal1,3,0.1,3,0,0,0,0,0.1,0.1,-30,25.5,-150,0,1,0,0;


photon,spawnTitan,1,0,-90,30,-150,0,1,0,0;
custom,cuboid,metal1,3.5,3,0.5,0,0,0,0,0.1,0.1,-90,40,-165,0,1,0,0;
custom,cuboid,metal1,3.5,3,0.5,0,0,0,0,0.1,0.1,-90,40,-135,0,1,0,0;
custom,cuboid,metal1,0.5,3,3,0,0,0,0,0.1,0.1,-105,40,-150,0,1,0,0;
custom,cuboid,metal1,0.5,3,3,0,0,0,0,0.1,0.1,-75,40,-150,0,1,0,0;
custom,cuboid,metal1,3,0.1,3,0,0,0,0,0.1,0.1,-90,25.5,-150,0,1,0,0;


spawnpoint,titan,-150,30,-150,0,1,0,0;
custom,cuboid,metal1,3.5,3,0.5,0,0,0,0,0.1,0.1,-150,40,-165,0,1,0,0;
custom,cuboid,metal1,3.5,3,0.5,0,0,0,0,0.1,0.1,-150,40,-135,0,1,0,0;
custom,cuboid,metal1,0.5,3,3,0,0,0,0,0.1,0.1,-165,40,-150,0,1,0,0;
custom,cuboid,metal1,0.5,3,3,0,0,0,0,0.1,0.1,-135,40,-150,0,1,0,0;
custom,cuboid,metal1,3,0.1,3,0,0,0,0,0.1,0.1,-150,25.5,-150,0,1,0,0;


custom,cuboid,metal1,3,1,33,0,0,0,0,0.1,1,0,55,0,0,1,0,0;
custom,cuboid,metal1,3,1,33,0,0,0,0,0.1,1,60,55,0,0,1,0,0;
custom,cuboid,metal1,3,1,33,0,0,0,0,0.1,1,120,55,0,0,1,0,0;


custom,cuboid,metal1,9,1,33,0,0,0,0,0.1,1,210,55,0,0,1,0,0;

custom,cuboid,metal1,3,1,33,0,0,0,0,0.1,1,-60,55,0,0,1,0,0;
custom,cuboid,metal1,3,1,33,0,0,0,0,0.1,1,-120,55,0,0,1,0,0;


custom,cuboid,metal1,9,1,33,0,0,0,0,0.1,1,-210,55,0,0,1,0,0;

custom,cuboid,metal1,39,1,3,0,0,0,0,1,0.1,0,55.1,0,0,1,0,0;
custom,cuboid,metal1,39,1,3,0,0,0,0,1,0.1,0,55.1,60,0,1,0,0;
custom,cuboid,metal1,39,1,3,0,0,0,0,1,0.1,0,55.1,120,0,1,0,0;


custom,cuboid,metal1,51,1,9,0,0,0,0,1,0.1,0,55.1,210,0,1,0,0;

custom,cuboid,metal1,39,1,3,0,0,0,0,1,0.1,0,55.1,-60,0,1,0,0;
custom,cuboid,metal1,39,1,3,0,0,0,0,1,0.1,0,55.1,-120,0,1,0,0;


custom,cuboid,metal1,51,1,9,0,0,0,0,1,0.1,0,55.1,-210,0,1,0,0;

custom,cuboid,metal1,51,1,9,0,0,0,0,1,0.1,0,55.1,-210,0,1,0,0;

custom,cuboid,metal1,51,10,1,0,0,0,0,1,0.1,0,100,-255,0,1,0,0;
custom,cuboid,metal1,51,10,1,0,0,0,0,1,0.1,0,100,255,0,1,0,0;
custom,cuboid,metal1,1,10,51,0,0,0,0,1,0.1,255,100,0,0,1,0,0;
custom,cuboid,metal1,1,10,51,0,0,0,0,1,0.1,-255,100,0,0,1,0,0;


custom,cuboid,ice1,3,2,3,0,0,0,0,1,0.1,0,55,0,0,1,0,0;
custom,cuboid,metal2,3.5,1.9,3.5,0,0,0,0,1,1,0,55,0,0,1,0,0;



custom,cylinder,lava1,0.3,5,0.3,0,0,0,0,1,1,60,100,0,0,1,0,0;
custom,cylinder,lava1,0.3,5,0.3,0,0,0,0,1,1,120,100,0,0,1,0,0;
custom,cylinder,lava1,0.3,5,0.3,0,0,0,0,1,1,180,100,0,0,1,0,0;
custom,cylinder,lava1,0.3,5,0.3,0,0,0,0,1,1,-60,100,0,0,1,0,0;
custom,cylinder,lava1,0.3,5,0.3,0,0,0,0,1,1,-120,100,0,0,1,0,0;
custom,cylinder,lava1,0.3,5,0.3,0,0,0,0,1,1,-180,100,0,0,1,0,0;

custom,cylinder,lava1,0.3,5,0.3,0,0,0,0,1,1,0,100,60,0,1,0,0;
custom,cylinder,lava1,0.3,5,0.3,0,0,0,0,1,1,0,100,120,0,1,0,0;
custom,cylinder,lava1,0.3,5,0.3,0,0,0,0,1,1,0,100,180,0,1,0,0;
custom,cylinder,lava1,0.3,5,0.3,0,0,0,0,1,1,0,100,-60,0,1,0,0;
custom,cylinder,lava1,0.3,5,0.3,0,0,0,0,1,1,0,100,-120,0,1,0,0;
custom,cylinder,lava1,0.3,5,0.3,0,0,0,0,1,1,0,100,-180,0,1,0,0;

custom,cylinder,lava1,0.3,5,0.3,0,0,0,0,1,1,60,100,60,0,1,0,0;
custom,cylinder,lava1,0.3,5,0.3,0,0,0,0,1,1,60,100,120,0,1,0,0;
custom,cylinder,lava1,0.3,5,0.3,0,0,0,0,1,1,60,100,180,0,1,0,0;
custom,cylinder,lava1,0.3,5,0.3,0,0,0,0,1,1,60,100,-60,0,1,0,0;
custom,cylinder,lava1,0.3,5,0.3,0,0,0,0,1,1,60,100,-120,0,1,0,0;
custom,cylinder,lava1,0.3,5,0.3,0,0,0,0,1,1,60,100,-180,0,1,0,0;

custom,cylinder,lava1,0.3,5,0.3,0,0,0,0,1,1,120,100,60,0,1,0,0;
custom,cylinder,lava1,0.3,5,0.3,0,0,0,0,1,1,120,100,120,0,1,0,0;
custom,cylinder,lava1,0.3,5,0.3,0,0,0,0,1,1,120,100,180,0,1,0,0;
custom,cylinder,lava1,0.3,5,0.3,0,0,0,0,1,1,120,100,-60,0,1,0,0;
custom,cylinder,lava1,0.3,5,0.3,0,0,0,0,1,1,120,100,-120,0,1,0,0;
custom,cylinder,lava1,0.3,5,0.3,0,0,0,0,1,1,120,100,-180,0,1,0,0;

custom,cylinder,lava1,0.3,5,0.3,0,0,0,0,1,1,180,100,60,0,1,0,0;
custom,cylinder,lava1,0.3,5,0.3,0,0,0,0,1,1,180,100,120,0,1,0,0;
custom,cylinder,lava1,0.3,5,0.3,0,0,0,0,1,1,180,100,180,0,1,0,0;
custom,cylinder,lava1,0.3,5,0.3,0,0,0,0,1,1,180,100,-60,0,1,0,0;
custom,cylinder,lava1,0.3,5,0.3,0,0,0,0,1,1,180,100,-120,0,1,0,0;
custom,cylinder,lava1,0.3,5,0.3,0,0,0,0,1,1,180,100,-180,0,1,0,0;


custom,cylinder,lava1,0.3,5,0.3,0,0,0,0,1,1,-60,100,60,0,1,0,0;
custom,cylinder,lava1,0.3,5,0.3,0,0,0,0,1,1,-60,100,120,0,1,0,0;
custom,cylinder,lava1,0.3,5,0.3,0,0,0,0,1,1,-60,100,180,0,1,0,0;
custom,cylinder,lava1,0.3,5,0.3,0,0,0,0,1,1,-60,100,-60,0,1,0,0;
custom,cylinder,lava1,0.3,5,0.3,0,0,0,0,1,1,-60,100,-120,0,1,0,0;
custom,cylinder,lava1,0.3,5,0.3,0,0,0,0,1,1,-60,100,-180,0,1,0,0;

custom,cylinder,lava1,0.3,5,0.3,0,0,0,0,1,1,-120,100,60,0,1,0,0;
custom,cylinder,lava1,0.3,5,0.3,0,0,0,0,1,1,-120,100,120,0,1,0,0;
custom,cylinder,lava1,0.3,5,0.3,0,0,0,0,1,1,-120,100,180,0,1,0,0;
custom,cylinder,lava1,0.3,5,0.3,0,0,0,0,1,1,-120,100,-60,0,1,0,0;
custom,cylinder,lava1,0.3,5,0.3,0,0,0,0,1,1,-120,100,-120,0,1,0,0;
custom,cylinder,lava1,0.3,5,0.3,0,0,0,0,1,1,-120,100,-180,0,1,0,0;

custom,cylinder,lava1,0.3,5,0.3,0,0,0,0,1,1,-180,100,60,0,1,0,0;
custom,cylinder,lava1,0.3,5,0.3,0,0,0,0,1,1,-180,100,120,0,1,0,0;
custom,cylinder,lava1,0.3,5,0.3,0,0,0,0,1,1,-180,100,180,0,1,0,0;
custom,cylinder,lava1,0.3,5,0.3,0,0,0,0,1,1,-180,100,-60,0,1,0,0;
custom,cylinder,lava1,0.3,5,0.3,0,0,0,0,1,1,-180,100,-120,0,1,0,0;
custom,cylinder,lava1,0.3,5,0.3,0,0,0,0,1,1,-180,100,-180,0,1,0,0;



base,aot_supply,0,63.3,0,0,1,-1,0;
base,aot_supply,10,63.3,0,0,1,-1,0;
base,aot_supply,-10,63.3,0,0,1,-1,0;
base,aot_supply,0,63.3,10,0,1,-1,0;
base,aot_supply,0,63.3,-10,0,1,-1,0;
base,aot_supply,10,63.3,10,0,1,-1,0;
base,aot_supply,-10,63.3,10,0,1,-1,0;
base,aot_supply,10,63.3,-10,0,1,-1,0;
base,aot_supply,-10,63.3,-10,0,1,-1,0;

spawnpoint,playerC,0,200,0,0,1,0,0;


custom,cuboid,ice1,2,0.5,2,0,0,0,0,1,0.1,0,195,0,0,1,0,0;
custom,cuboid,metal2,2.5,0.4,2.5,0,0,0,0,1,1,0,195,0,0,1,0,0;

custom,cylinder,lava1,0.6,9.75,0.6,0,0,0,0,1,1,0,100,0,0,1,0,0;