custom,tree5,default,1,1,1,1,1,0.6,0,1,1,-64.24,59.84,0,0,1,0,1;
custom,tree5,default,1,1,1,1,1,0.8,0,1,1,-134.64,59.84,3.52,0,1,0,-2;
custom,tree5,default,1,1,1,1,1,0.8,0,1,1,-202.4,59.84,32.56,0,1,0,0;
custom,tree5,default,1,1,1,1,1,0.8,0,1,1,-492.8,59.84,44,0,1,0,1;
custom,tree5,default,1,1,1,1,1,0.8,0,1,1,-413.6,59.84,66,0,1,0,-3;
custom,tree5,default,1,1,1,1,1,0.8,0,1,1,-67.76,59.84,76.56,0,1,0,2;
custom,tree5,default,1,1,1,1,1,0.8,0,1,1,-208.56,59.84,79.2,0,1,0,-1;
custom,tree5,default,1,1,1,1,1,0.8,0,1,1,-141.68,59.84,102.96,0,1,0,0;
custom,tree5,default,1,1,1,1,1,0.8,0,1,1,-255.2,59.84,94.16,0,1,0,1;
custom,tree5,default,1,1,1,1,1,0.8,0,1,1,-329.12,59.84,110,0,1,0,0;
custom,tree5,default,1,1,1,1,1,0.8,0,1,1,-484,59.84,105.6,0,1,0,-1;
custom,tree5,default,1,1,1,1,1,0.8,0,1,1,-85.36,59.84,153.12,0,1,0,-2;
custom,tree5,default,1,1,1,1,1,0.8,0,1,1,-396,59.84,149.6,0,1,0,0;
custom,tree5,default,1,1,1,1,1,0.8,0,1,1,-160.16,59.84,165.44,0,1,0,-1;
custom,tree5,default,1,1,1,1,1,0.8,0,1,1,-85.36,59.84,215.6,0,1,0,0;
custom,tree5,default,1,1,1,1,1,0.8,0,1,1,-242,59.84,198,0,1,0,2;
custom,tree5,default,1,1,1,1,1,0.8,0,1,1,-343.2,59.84,200.64,0,1,0,-3;
custom,tree5,default,1,1,1,1,1,0.8,0,1,1,-387.2,59.84,220,0,1,0,3;
custom,tree5,default,1,1,1,1,1,0.8,0,1,1,-167.2,59.84,237.6,0,1,0,0;
custom,tree5,default,1,1,1,1,1,0.8,0,1,1,-233.2,59.84,296.56,0,1,0,-2;
custom,tree5,default,1,1,1,1,1,0.8,0,1,1,-321.2,59.84,275.44,0,1,0,1;
custom,tree5,default,1,1,1,1,1,0.8,0,1,1,-154,59.84,312.4,0,1,0,-2;
custom,tree5,default,1,1,1,1,1,0.8,0,1,1,-343.2,59.84,316.8,0,1,0,-1;
custom,tree5,default,1,1,1,1,1,0.8,0,1,1,-83.6,59.84,334.4,0,1,0,0;
custom,tree5,default,1,1,1,1,1,0.8,0,1,1,-72.16,59.84,398.64,0,1,0,2;
custom,tree5,default,1,1,1,1,1,0.8,0,1,1,-140.8,59.84,382.8,0,1,0,0;
custom,tree5,default,1,1,1,1,1,0.8,0,1,1,-248.16,59.84,381.04,0,1,0,-1;
custom,tree5,default,1,1,1,1,1,0.8,0,1,1,-127.6,59.84,454.08,0,1,0,-3;
custom,tree5,default,1,1,1,1,1,0.8,0,1,1,-272.8,59.84,418,0,1,0,2;
custom,tree5,default,1,1,1,1,1,0.8,0,1,1,-59.84,59.84,-69.52,0,1,0,-1;
custom,tree5,default,1,1,1,1,1,0.8,0,1,1,-45.76,59.84,-146.96,0,1,0,1;
custom,tree5,default,1,1,1,1,1,0.8,0,1,1,-40.48,59.84,-224.4,0,1,0,1;
custom,tree5,default,1,1,1,1,1,0.8,0,1,1,-66,59.84,-315.92,0,1,0,-2;
custom,tree5,default,1,1,1,1,1,0.8,0,1,1,-51.92,59.84,-409.2,0,1,0,1;
custom,tree5,default,1,1,1,1,1,0.8,0,1,1,-54.56,59.84,-464.64,0,1,0,0;
custom,tree5,default,1,1,1,1,1,0.8,0,1,1,-140.8,59.84,-59.84,0,1,0,-1;
custom,tree5,default,1,1,1,1,1,0.8,0,1,1,-125.84,59.84,-110,0,1,0,0;
custom,tree5,default,1,1,1,1,1,0.8,0,1,1,-110,59.84,-180.4,0,1,0,-2;
custom,tree5,default,1,1,1,1,1,0.8,0,1,1,-145.2,59.84,-246.4,0,1,0,3;
custom,tree5,default,1,1,1,1,1,0.8,0,1,1,-129.36,59.84,-294.8,0,1,0,-1;
custom,tree5,default,1,1,1,1,1,0.8,0,1,1,-116.16,59.84,-385.44,0,1,0,0;
custom,tree5,default,1,1,1,1,1,0.8,0,1,1,-167.2,59.84,-479.6,0,1,0,-1;
custom,tree5,default,1,1,1,1,1,0.8,0,1,1,-171.6,59.84,-362.56,0,1,0,2;
custom,tree5,default,1,1,1,1,1,0.8,0,1,1,-167.2,59.84,-177.76,0,1,0,-1;
custom,tree5,default,1,1,1,1,1,0.8,0,1,1,-253.44,59.84,-99.44,0,1,0,0;
custom,tree5,default,1,1,1,1,1,0.8,0,1,1,-242,59.84,-147.84,0,1,0,-1;
custom,tree5,default,1,1,1,1,1,0.8,0,1,1,-246.4,59.84,-242,0,1,0,0;
custom,tree5,default,1,1,1,1,1,0.8,0,1,1,-258.72,59.84,-340.56,0,1,0,-1;
custom,tree5,default,1,1,1,1,1,0.8,0,1,1,-224.4,59.84,-431.2,0,1,0,0;
custom,tree5,default,1,1,1,1,1,0.8,0,1,1,-290.4,59.84,-444.4,0,1,0,2;
custom,tree5,default,1,1,1,1,1,0.8,0,1,1,-312.4,59.84,-202.4,0,1,0,-3;
custom,tree5,default,1,1,1,1,1,0.8,0,1,1,-325.6,59.84,-318.56,0,1,0,4;
custom,tree5,default,1,1,1,1,1,0.8,0,1,1,-356.4,59.84,-374,0,1,0,-2;
custom,tree5,default,1,1,1,1,1,0.8,0,1,1,-359.04,59.84,-149.6,0,1,0,-1;
custom,tree5,default,1,1,1,1,1,0.8,0,1,1,-435.6,59.84,-17.6,0,1,0,-5;
custom,tree5,default,1,1,1,1,1,0.8,0,1,1,-410.96,59.84,-105.6,0,1,0,2;
custom,tree5,default,1,1,1,1,1,0.8,0,1,1,-424.16,59.84,-180.4,0,1,0,-6;
custom,tree5,default,1,1,1,1,1,0.8,0,1,1,-413.6,59.84,-246.4,0,1,0,-3;
custom,tree5,default,1,1,1,1,1,0.8,0,1,1,-406.56,59.84,-299.2,0,1,0,8;
custom,tree5,default,1,1,1,1,1,0.8,0,1,1,-485.76,59.84,-72.16,0,1,0,-2;
custom,tree5,default,1,1,1,1,1,0.8,0,1,1,-475.2,59.84,-167.2,0,1,0,4;
custom,tree5,default,1,1,1,1,1,0.8,0,1,1,-264,59.84,0,0,1,0,6;
custom,tree5,default,1,1,1,1,1,0.8,0,1,1,-376.64,59.84,-83.6,0,1,0,-1;
custom,tree5,default,1,1,1,1,1,0.8,0,1,1,79.2,59.84,-8.8,0,1,0,3;
custom,tree5,default,1,1,1,1,1,0.8,0,1,1,76.56,59.84,54.56,0,1,0,-2;
custom,tree5,default,1,1,1,1,1,0.8,0,1,1,44,59.84,132,0,1,0,0;
custom,tree5,default,1,1,1,1,1,0.8,0,1,1,35.2,59.84,215.6,0,1,0,0;
custom,tree5,default,1,1,1,1,1,0.8,0,1,1,44,59.84,303.6,0,1,0,3;
custom,tree5,default,1,1,1,1,1,0.8,0,1,1,29.04,59.84,384.56,0,1,0,-6;
custom,tree5,default,1,1,1,1,1,0.8,0,1,1,154,59.84,8.8,0,1,0,-2;
custom,tree5,default,1,1,1,1,1,0.8,0,1,1,157.52,59.84,66,0,1,0,0;
custom,tree5,default,1,1,1,1,1,0.8,0,1,1,111.76,59.84,123.2,0,1,0,-1;
custom,tree5,default,1,1,1,1,1,0.8,0,1,1,114.4,59.84,184.8,0,1,0,-6;
custom,tree5,default,1,1,1,1,1,0.8,0,1,1,105.6,59.84,278.96,0,1,0,3;
custom,tree5,default,1,1,1,1,1,0.8,0,1,1,79.2,59.84,391.6,0,1,0,-7;
custom,tree5,default,1,1,1,1,1,0.8,0,1,1,179.52,59.84,145.2,0,1,0,2;
custom,tree5,default,1,1,1,1,1,0.8,0,1,1,145.2,59.84,222.64,0,1,0,1;
custom,tree5,default,1,1,1,1,1,0.8,0,1,1,156.64,59.84,325.6,0,1,0,-6;
custom,tree5,default,1,1,1,1,1,0.8,0,1,1,140.8,59.84,378.4,0,1,0,2;
custom,tree5,default,1,1,1,1,1,0.8,0,1,1,213.84,59.84,154,0,1,0,0;
custom,tree5,default,1,1,1,1,1,0.8,0,1,1,199.76,59.84,290.4,0,1,0,-1;
custom,tree5,default,1,1,1,1,1,0.8,0,1,1,98.56,59.84,472.56,0,1,0,0;
custom,tree5,default,1,1,1,1,1,0.8,0,1,1,190.96,59.84,468.16,0,1,0,0;
custom,tree5,default,1,1,1,1,1,0.8,0,1,1,264,59.84,448.8,0,1,0,-1;
custom,tree5,default,1,1,1,1,1,0.8,0,1,1,296.56,59.84,382.8,0,1,0,0;
custom,tree5,default,1,1,1,1,1,0.8,0,1,1,288.64,59.84,330,0,1,0,1;
custom,tree5,default,1,1,1,1,1,0.8,0,1,1,313.28,59.84,253.44,0,1,0,2;
custom,tree5,default,1,1,1,1,1,0.8,0,1,1,325.6,59.84,202.4,0,1,0,0;
custom,tree5,default,1,1,1,1,1,0.8,0,1,1,321.2,59.84,134.64,0,1,0,-3;
custom,tree5,default,1,1,1,1,1,0.8,0,1,1,265.76,59.84,79.2,0,1,0,6;
custom,tree5,default,1,1,1,1,1,0.8,0,1,1,269.28,59.84,34.32,0,1,0,-7;
custom,tree5,default,1,1,1,1,1,0.8,0,1,1,380.16,59.84,69.52,0,1,0,4;
custom,tree5,default,1,1,1,1,1,0.8,0,1,1,408.32,59.84,146.96,0,1,0,-2;
custom,tree5,default,1,1,1,1,1,0.8,0,1,1,338.8,59.84,411.84,0,1,0,-1;
custom,tree5,default,1,1,1,1,1,0.8,0,1,1,378.4,59.84,334.4,0,1,0,8;
custom,tree5,default,1,1,1,1,1,0.8,0,1,1,422.4,59.84,262.24,0,1,0,-1;
custom,tree5,default,1,1,1,1,1,0.8,0,1,1,448.8,59.84,196.24,0,1,0,1;
custom,tree5,default,1,1,1,1,1,0.8,0,1,1,476.96,59.84,110,0,1,0,0;
custom,tree5,default,1,1,1,1,1,0.8,0,1,1,484,59.84,32.56,0,1,0,-4;
custom,tree5,default,1,1,1,1,1,0.8,0,1,1,67.76,59.84,-79.2,0,1,0,-6;
custom,tree5,default,1,1,1,1,1,0.8,0,1,1,66,59.84,-147.84,0,1,0,-7;
custom,tree5,default,1,1,1,1,1,0.8,0,1,1,79.2,59.84,-220,0,1,0,-1;
custom,tree5,default,1,1,1,1,1,0.8,0,1,1,64.24,59.84,-290.4,0,1,0,1;
custom,tree5,default,1,1,1,1,1,0.8,0,1,1,67.1,59.84,-347.6,0,1,0,0;
custom,tree5,default,1,1,1,1,1,0.8,0,1,1,72.16,59.84,-442.64,0,1,0,2;
custom,tree5,default,1,1,1,1,1,0.8,0,1,1,120.56,59.84,-376.64,0,1,0,-4;
custom,tree5,default,1,1,1,1,1,0.8,0,1,1,124.96,59.84,-123.2,0,1,0,0;
custom,tree5,default,1,1,1,1,1,0.8,0,1,1,145.2,59.84,-198,0,1,0,1;
custom,tree5,default,1,1,1,1,1,0.8,0,1,1,180.4,59.84,-275.44,0,1,0,-2;
custom,tree5,default,1,1,1,1,1,0.8,0,1,1,191.84,59.84,-344.96,0,1,0,0;
custom,tree5,default,1,1,1,1,1,0.8,0,1,1,176,59.84,-432.96,0,1,0,4;
custom,tree5,default,1,1,1,1,1,0.8,0,1,1,189.2,59.84,-36.96,0,1,0,0;
custom,tree5,default,1,1,1,1,1,0.8,0,1,1,227.04,59.84,-67.76,0,1,0,-1;
custom,tree5,default,1,1,1,1,1,0.8,0,1,1,208.56,59.84,-147.84,0,1,0,0;
custom,tree5,default,1,1,1,1,1,0.8,0,1,1,211.2,59.84,-211.2,0,1,0,1;
custom,tree5,default,1,1,1,1,1,0.8,0,1,1,250.8,59.84,-246.4,0,1,0,0;
custom,tree5,default,1,1,1,1,1,0.8,0,1,1,272.8,59.84,-318.56,0,1,0,-1;
custom,tree5,default,1,1,1,1,1,0.8,0,1,1,293.92,59.84,-376.64,0,1,0,0;
custom,tree5,default,1,1,1,1,1,0.8,0,1,1,278.96,59.84,-32.56,0,1,0,-2;
custom,tree5,default,1,1,1,1,1,0.8,0,1,1,310.64,59.84,-134.64,0,1,0,2;
custom,tree5,default,1,1,1,1,1,0.8,0,1,1,354.64,59.84,-125.84,0,1,0,-1;
custom,tree5,default,1,1,1,1,1,0.8,0,1,1,374,59.84,-278.96,0,1,0,5;
custom,tree5,default,1,1,1,1,1,0.8,0,1,1,426.8,59.84,-40.48,0,1,0,1;
custom,tree5,default,1,1,1,1,1,0.8,0,1,1,404.8,59.84,-96.8,0,1,0,0;
custom,tree5,default,1,1,1,1,1,0.8,0,1,1,405.68,59.84,-164.56,0,1,0,-2;
custom,tree5,default,1,1,1,1,1,0.8,0,1,1,470.8,59.84,-88,0,1,0,1;
custom,tree5,default,1,1,1,1,1,0.8,0,1,1,455.84,59.84,-160.16,0,1,0,-3;
custom,field1,default,1,0.6,1,1,1,0.8,0,1,1,-121,0,-11,0,1,0,0;
custom,field2,default,1,0.6,1,1,1,0.7,0,1,1,-99,0,-33,0,1,0,2;
custom,field1,default,1,0.6,1,1,1,0.8,0,1,1,-121,0,-55,0,1,0,1;
custom,field2,default,1,0.6,1,1,1,0.7,0,1,1,-99,0,-77,0,1,0,-3;
custom,field1,default,1,0.6,1,1,1,0.8,0,1,1,-121,0,-99,0,1,0,-1;
custom,field1,default,1,0.6,1,1,1,0.8,0,1,1,-99,0,11,0,1,0,0;
custom,field1,default,1,0.6,1,1,1,0.8,0,1,1,-121,0,33,0,1,0,-2;
custom,field2,default,1,0.6,1,1,1,0.7,0,1,1,-99,0,55,0,1,0,-1;
custom,field2,default,1,0.6,1,1,1,0.7,0,1,1,-121,0,77,0,1,0,3;
custom,field1,default,1,0.6,1,1,1,0.8,0,1,1,-99,0,99,0,1,0,-1;
custom,field2,default,1,0.6,1,1,1,0.7,0,1,1,-176,0,-11,0,1,0,0;
custom,field1,default,1,0.6,1,1,1,0.8,0,1,1,-154,0,-33,0,1,0,2;
custom,field2,default,1,0.6,1,1,1,0.7,0,1,1,-176,0,-55,0,1,0,1;
custom,field2,default,1,0.6,1,1,1,0.7,0,1,1,-154,0,-77,0,1,0,-3;
custom,field2,default,1,0.6,1,1,1,0.7,0,1,1,-176,0,-99,0,1,0,-1;
custom,field1,default,1,0.6,1,1,1,0.8,0,1,1,-154,0,11,0,1,0,0;
custom,field2,default,1,0.6,1,1,1,0.7,0,1,1,-176,0,33,0,1,0,-2;
custom,field1,default,1,0.6,1,1,1,0.8,0,1,1,-154,0,55,0,1,0,-1;
custom,field2,default,1,0.6,1,1,1,0.7,0,1,1,-176,0,77,0,1,0,3;
custom,field2,default,1,0.6,1,1,1,0.7,0,1,1,-154,0,99,0,1,0,-1;
custom,field1,default,1,0.6,1,1,1,0.8,0,1,1,-231,0,-11,0,1,0,0;
custom,field2,default,1,0.6,1,1,1,0.7,0,1,1,-209,0,-33,0,1,0,-2;
custom,field2,default,1,0.6,1,1,1,0.7,0,1,1,-231,0,-55,0,1,0,-1;
custom,field1,default,1,0.6,1,1,1,0.8,0,1,1,-209,0,-77,0,1,0,3;
custom,field1,default,1,0.6,1,1,1,0.8,0,1,1,-231,0,-99,0,1,0,1;
custom,field1,default,1,0.6,1,1,1,0.8,0,1,1,-209,0,11,0,1,0,2;
custom,field1,default,1,0.6,1,1,1,0.8,0,1,1,-231,0,33,0,1,0,2;
custom,field2,default,1,0.6,1,1,1,0.7,0,1,1,-209,0,55,0,1,0,1;
custom,field1,default,1,0.6,1,1,1,0.8,0,1,1,-231,0,77,0,1,0,-3;
custom,field1,default,1,0.6,1,1,1,0.8,0,1,1,-209,0,99,0,1,0,-1;
custom,field2,default,1,0.6,1,1,1,0.7,0,1,1,-286,0,-11,0,1,0,1;
custom,field1,default,1,0.6,1,1,1,0.8,0,1,1,-264,0,-33,0,1,0,-1;
custom,field1,default,1,0.6,1,1,1,0.8,0,1,1,-286,0,-55,0,1,0,2;
custom,field2,default,1,0.6,1,1,1,0.7,0,1,1,-264,0,-77,0,1,0,-3;
custom,field2,default,1,0.6,1,1,1,0.7,0,1,1,-286,0,-99,0,1,0,2;
custom,field1,default,1,0.6,1,1,1,0.8,0,1,1,-264,0,11,0,1,0,0;
custom,field1,default,1,0.6,1,1,1,0.8,0,1,1,-286,0,33,0,1,0,1;
custom,field1,default,1,0.6,1,1,1,0.8,0,1,1,-264,0,55,0,1,0,-1;
custom,field2,default,1,0.6,1,1,1,0.7,0,1,1,-286,0,77,0,1,0,3;
custom,field1,default,1,0.6,1,1,1,0.8,0,1,1,-264,0,99,0,1,0,1;
custom,field1,default,1,0.6,1,1,1,0.8,0,1,1,-121,0,-121,0,1,0,0;
custom,field2,default,1,0.6,1,1,1,0.7,0,1,1,-99,0,-143,0,1,0,2;
custom,field1,default,1,0.6,1,1,1,0.8,0,1,1,-121,0,-165,0,1,0,1;
custom,field2,default,1,0.6,1,1,1,0.7,0,1,1,-99,0,-187,0,1,0,-3;
custom,field1,default,1,0.6,1,1,1,0.8,0,1,1,-121,0,-209,0,1,0,-1;
custom,field1,default,1,0.6,1,1,1,0.8,0,1,1,-99,0,121,0,1,0,0;
custom,field1,default,1,0.6,1,1,1,0.8,0,1,1,-121,0,143,0,1,0,-2;
custom,field2,default,1,0.6,1,1,1,0.7,0,1,1,-99,0,165,0,1,0,-1;
custom,field2,default,1,0.6,1,1,1,0.7,0,1,1,-121,0,187,0,1,0,3;
custom,field1,default,1,0.6,1,1,1,0.8,0,1,1,-99,0,209,0,1,0,-1;
custom,field2,default,1,0.6,1,1,1,0.7,0,1,1,-176,0,-121,0,1,0,0;
custom,field1,default,1,0.6,1,1,1,0.8,0,1,1,-154,0,-143,0,1,0,2;
custom,field2,default,1,0.6,1,1,1,0.7,0,1,1,-176,0,-165,0,1,0,1;
custom,field2,default,1,0.6,1,1,1,0.7,0,1,1,-154,0,-187,0,1,0,-3;
custom,field2,default,1,0.6,1,1,1,0.7,0,1,1,-176,0,-209,0,1,0,-1;
custom,field1,default,1,0.6,1,1,1,0.8,0,1,1,-154,0,121,0,1,0,0;
custom,field2,default,1,0.6,1,1,1,0.7,0,1,1,-176,0,143,0,1,0,-2;
custom,field1,default,1,0.6,1,1,1,0.8,0,1,1,-154,0,165,0,1,0,-1;
custom,field2,default,1,0.6,1,1,1,0.7,0,1,1,-176,0,187,0,1,0,3;
custom,field2,default,1,0.6,1,1,1,0.7,0,1,1,-154,0,209,0,1,0,-1;
custom,field1,default,1,0.6,1,1,1,0.8,0,1,1,-231,0,-121,0,1,0,0;
custom,field2,default,1,0.6,1,1,1,0.7,0,1,1,-209,0,-143,0,1,0,-2;
custom,field2,default,1,0.6,1,1,1,0.7,0,1,1,-231,0,-165,0,1,0,-1;
custom,field1,default,1,0.6,1,1,1,0.8,0,1,1,-209,0,-187,0,1,0,3;
custom,field1,default,1,0.6,1,1,1,0.8,0,1,1,-231,0,-209,0,1,0,1;
custom,field1,default,1,0.6,1,1,1,0.8,0,1,1,-209,0,121,0,1,0,2;
custom,field1,default,1,0.6,1,1,1,0.8,0,1,1,-231,0,143,0,1,0,2;
custom,field2,default,1,0.6,1,1,1,0.7,0,1,1,-209,0,165,0,1,0,1;
custom,field1,default,1,0.6,1,1,1,0.8,0,1,1,-231,0,187,0,1,0,-3;
custom,field1,default,1,0.6,1,1,1,0.8,0,1,1,-209,0,209,0,1,0,-1;
custom,field2,default,1,0.6,1,1,1,0.7,0,1,1,-286,0,-121,0,1,0,1;
custom,field1,default,1,0.6,1,1,1,0.8,0,1,1,-264,0,-143,0,1,0,-1;
custom,field1,default,1,0.6,1,1,1,0.8,0,1,1,-286,0,-165,0,1,0,2;
custom,field2,default,1,0.6,1,1,1,0.7,0,1,1,-264,0,-187,0,1,0,-3;
custom,field2,default,1,0.6,1,1,1,0.7,0,1,1,-286,0,-209,0,1,0,2;
custom,field1,default,1,0.6,1,1,1,0.8,0,1,1,-264,0,121,0,1,0,0;
custom,field1,default,1,0.6,1,1,1,0.8,0,1,1,-286,0,143,0,1,0,1;
custom,field1,default,1,0.6,1,1,1,0.8,0,1,1,-264,0,165,0,1,0,-1;
custom,field2,default,1,0.6,1,1,1,0.7,0,1,1,-286,0,187,0,1,0,3;
custom,field1,default,1,0.6,1,1,1,0.8,0,1,1,-264,0,209,0,1,0,1;
custom,field1,default,1,0.6,1,1,1,0.8,0,1,1,-121,0,-231,0,1,0,0;
custom,field2,default,1,0.6,1,1,1,0.7,0,1,1,-99,0,-253,0,1,0,2;
custom,field1,default,1,0.6,1,1,1,0.8,0,1,1,-121,0,-275,0,1,0,1;
custom,field2,default,1,0.6,1,1,1,0.7,0,1,1,-99,0,-297,0,1,0,-3;
custom,field1,default,1,0.6,1,1,1,0.8,0,1,1,-121,0,-319,0,1,0,-1;
custom,field1,default,1,0.6,1,1,1,0.8,0,1,1,-99,0,231,0,1,0,0;
custom,field1,default,1,0.6,1,1,1,0.8,0,1,1,-121,0,253,0,1,0,-2;
custom,field2,default,1,0.6,1,1,1,0.7,0,1,1,-99,0,275,0,1,0,-1;
custom,field2,default,1,0.6,1,1,1,0.7,0,1,1,-121,0,297,0,1,0,3;
custom,field1,default,1,0.6,1,1,1,0.8,0,1,1,-99,0,319,0,1,0,-1;
custom,field2,default,1,0.6,1,1,1,0.7,0,1,1,-176,0,-231,0,1,0,0;
custom,field1,default,1,0.6,1,1,1,0.8,0,1,1,-154,0,-253,0,1,0,2;
custom,field2,default,1,0.6,1,1,1,0.7,0,1,1,-176,0,-275,0,1,0,1;
custom,field2,default,1,0.6,1,1,1,0.7,0,1,1,-154,0,-297,0,1,0,-3;
custom,field2,default,1,0.6,1,1,1,0.7,0,1,1,-176,0,-319,0,1,0,-1;
custom,field1,default,1,0.6,1,1,1,0.8,0,1,1,-154,0,231,0,1,0,0;
custom,field2,default,1,0.6,1,1,1,0.7,0,1,1,-176,0,253,0,1,0,-2;
custom,field1,default,1,0.6,1,1,1,0.8,0,1,1,-154,0,275,0,1,0,-1;
custom,field2,default,1,0.6,1,1,1,0.7,0,1,1,-176,0,297,0,1,0,3;
custom,field2,default,1,0.6,1,1,1,0.7,0,1,1,-154,0,319,0,1,0,-1;
custom,field1,default,1,0.6,1,1,1,0.8,0,1,1,-231,0,-231,0,1,0,0;
custom,field2,default,1,0.6,1,1,1,0.7,0,1,1,-209,0,-253,0,1,0,-2;
custom,field2,default,1,0.6,1,1,1,0.7,0,1,1,-231,0,-275,0,1,0,-1;
custom,field1,default,1,0.6,1,1,1,0.8,0,1,1,-209,0,-297,0,1,0,3;
custom,field1,default,1,0.6,1,1,1,0.8,0,1,1,-231,0,-319,0,1,0,1;
custom,field1,default,1,0.6,1,1,1,0.8,0,1,1,-209,0,231,0,1,0,2;
custom,field1,default,1,0.6,1,1,1,0.8,0,1,1,-231,0,253,0,1,0,2;
custom,field2,default,1,0.6,1,1,1,0.7,0,1,1,-209,0,275,0,1,0,1;
custom,field1,default,1,0.6,1,1,1,0.8,0,1,1,-231,0,297,0,1,0,-3;
custom,field1,default,1,0.6,1,1,1,0.8,0,1,1,-209,0,319,0,1,0,-1;
custom,field2,default,1,0.6,1,1,1,0.7,0,1,1,-286,0,-231,0,1,0,1;
custom,field1,default,1,0.6,1,1,1,0.8,0,1,1,-264,0,-253,0,1,0,-1;
custom,field1,default,1,0.6,1,1,1,0.8,0,1,1,-286,0,-275,0,1,0,2;
custom,field2,default,1,0.6,1,1,1,0.7,0,1,1,-264,0,-297,0,1,0,-3;
custom,field2,default,1,0.6,1,1,1,0.7,0,1,1,-286,0,-319,0,1,0,2;
custom,field1,default,1,0.6,1,1,1,0.8,0,1,1,-264,0,231,0,1,0,0;
custom,field1,default,1,0.6,1,1,1,0.8,0,1,1,-286,0,253,0,1,0,1;
custom,field1,default,1,0.6,1,1,1,0.8,0,1,1,-264,0,275,0,1,0,-1;
custom,field2,default,1,0.6,1,1,1,0.7,0,1,1,-286,0,297,0,1,0,3;
custom,field1,default,1,0.6,1,1,1,0.8,0,1,1,-264,0,319,0,1,0,1;
custom,field1,default,1,0.6,1,1,1,0.8,0,1,1,-121,0,-341,0,1,0,0;
custom,field2,default,1,0.6,1,1,1,0.7,0,1,1,-99,0,-363,0,1,0,2;
custom,field1,default,1,0.6,1,1,1,0.8,0,1,1,-121,0,-385,0,1,0,1;
custom,field2,default,1,0.6,1,1,1,0.7,0,1,1,-99,0,-407,0,1,0,-3;
custom,field1,default,1,0.6,1,1,1,0.8,0,1,1,-121,0,-429,0,1,0,-1;
custom,field1,default,1,0.6,1,1,1,0.8,0,1,1,-99,0,341,0,1,0,0;
custom,field1,default,1,0.6,1,1,1,0.8,0,1,1,-121,0,363,0,1,0,-2;
custom,field2,default,1,0.6,1,1,1,0.7,0,1,1,-99,0,385,0,1,0,-1;
custom,field2,default,1,0.6,1,1,1,0.7,0,1,1,-121,0,407,0,1,0,3;
custom,field1,default,1,0.6,1,1,1,0.8,0,1,1,-99,0,429,0,1,0,-1;
custom,field2,default,1,0.6,1,1,1,0.7,0,1,1,-176,0,-341,0,1,0,0;
custom,field1,default,1,0.6,1,1,1,0.8,0,1,1,-154,0,-363,0,1,0,2;
custom,field2,default,1,0.6,1,1,1,0.7,0,1,1,-176,0,-385,0,1,0,1;
custom,field2,default,1,0.6,1,1,1,0.7,0,1,1,-154,0,-407,0,1,0,-3;
custom,field2,default,1,0.6,1,1,1,0.7,0,1,1,-176,0,-429,0,1,0,-1;
custom,field1,default,1,0.6,1,1,1,0.8,0,1,1,-154,0,341,0,1,0,0;
custom,field2,default,1,0.6,1,1,1,0.7,0,1,1,-176,0,363,0,1,0,-2;
custom,field1,default,1,0.6,1,1,1,0.8,0,1,1,-154,0,385,0,1,0,-1;
custom,field2,default,1,0.6,1,1,1,0.7,0,1,1,-176,0,407,0,1,0,3;
custom,field2,default,1,0.6,1,1,1,0.7,0,1,1,-154,0,429,0,1,0,-1;
custom,field1,default,1,0.6,1,1,1,0.8,0,1,1,-231,0,-341,0,1,0,0;
custom,field2,default,1,0.6,1,1,1,0.7,0,1,1,-209,0,-363,0,1,0,-2;
custom,field2,default,1,0.6,1,1,1,0.7,0,1,1,-231,0,-385,0,1,0,-1;
custom,field1,default,1,0.6,1,1,1,0.8,0,1,1,-209,0,-407,0,1,0,3;
custom,field1,default,1,0.6,1,1,1,0.8,0,1,1,-231,0,-429,0,1,0,1;
custom,field1,default,1,0.6,1,1,1,0.8,0,1,1,-209,0,341,0,1,0,2;
custom,field1,default,1,0.6,1,1,1,0.8,0,1,1,-231,0,363,0,1,0,2;
custom,field2,default,1,0.6,1,1,1,0.7,0,1,1,-209,0,385,0,1,0,1;
custom,field1,default,1,0.6,1,1,1,0.8,0,1,1,-231,0,407,0,1,0,-3;
custom,field1,default,1,0.6,1,1,1,0.8,0,1,1,-209,0,429,0,1,0,-1;
custom,field2,default,1,0.6,1,1,1,0.7,0,1,1,-286,0,-341,0,1,0,1;
custom,field1,default,1,0.6,1,1,1,0.8,0,1,1,-264,0,-363,0,1,0,-1;
custom,field1,default,1,0.6,1,1,1,0.8,0,1,1,-286,0,-385,0,1,0,2;
custom,field2,default,1,0.6,1,1,1,0.7,0,1,1,-264,0,-407,0,1,0,-3;
custom,field2,default,1,0.6,1,1,1,0.7,0,1,1,-286,0,-429,0,1,0,2;
custom,field1,default,1,0.6,1,1,1,0.8,0,1,1,-264,0,341,0,1,0,0;
custom,field1,default,1,0.6,1,1,1,0.8,0,1,1,-286,0,363,0,1,0,1;
custom,field1,default,1,0.6,1,1,1,0.8,0,1,1,-264,0,385,0,1,0,-1;
custom,field2,default,1,0.6,1,1,1,0.7,0,1,1,-286,0,407,0,1,0,3;
custom,field1,default,1,0.6,1,1,1,0.8,0,1,1,-264,0,429,0,1,0,1;
custom,field1,default,1,0.6,1,1,1,0.8,0,1,1,-121,0,-11,0,1,0,0;
custom,field2,default,1,0.6,1,1,1,0.7,0,1,1,-99,0,-33,0,1,0,2;
custom,field1,default,1,0.6,1,1,1,0.8,0,1,1,-121,0,-55,0,1,0,1;
custom,field2,default,1,0.6,1,1,1,0.7,0,1,1,-99,0,-77,0,1,0,-3;
custom,field1,default,1,0.6,1,1,1,0.8,0,1,1,-121,0,-99,0,1,0,-1;
custom,field1,default,1,0.6,1,1,1,0.8,0,1,1,-99,0,11,0,1,0,0;
custom,field1,default,1,0.6,1,1,1,0.8,0,1,1,-121,0,33,0,1,0,-2;
custom,field2,default,1,0.6,1,1,1,0.7,0,1,1,-99,0,55,0,1,0,-1;
custom,field2,default,1,0.6,1,1,1,0.7,0,1,1,-121,0,77,0,1,0,3;
custom,field1,default,1,0.6,1,1,1,0.8,0,1,1,-99,0,99,0,1,0,-1;
custom,field2,default,1,0.6,1,1,1,0.7,0,1,1,-176,0,-11,0,1,0,0;
custom,field1,default,1,0.6,1,1,1,0.8,0,1,1,-154,0,-33,0,1,0,2;
custom,field2,default,1,0.6,1,1,1,0.7,0,1,1,-176,0,-55,0,1,0,1;
custom,field2,default,1,0.6,1,1,1,0.7,0,1,1,-154,0,-77,0,1,0,-3;
custom,field2,default,1,0.6,1,1,1,0.7,0,1,1,-176,0,-99,0,1,0,-1;
custom,field1,default,1,0.6,1,1,1,0.8,0,1,1,-154,0,11,0,1,0,0;
custom,field2,default,1,0.6,1,1,1,0.7,0,1,1,-176,0,33,0,1,0,-2;
custom,field1,default,1,0.6,1,1,1,0.8,0,1,1,-154,0,55,0,1,0,-1;
custom,field2,default,1,0.6,1,1,1,0.7,0,1,1,-176,0,77,0,1,0,3;
custom,field2,default,1,0.6,1,1,1,0.7,0,1,1,-154,0,99,0,1,0,-1;
custom,field1,default,1,0.6,1,1,1,0.8,0,1,1,-231,0,-11,0,1,0,0;
custom,field2,default,1,0.6,1,1,1,0.7,0,1,1,-209,0,-33,0,1,0,-2;
custom,field2,default,1,0.6,1,1,1,0.7,0,1,1,-231,0,-55,0,1,0,-1;
custom,field1,default,1,0.6,1,1,1,0.8,0,1,1,-209,0,-77,0,1,0,3;
custom,field1,default,1,0.6,1,1,1,0.8,0,1,1,-231,0,-99,0,1,0,1;
custom,field1,default,1,0.6,1,1,1,0.8,0,1,1,-209,0,11,0,1,0,2;
custom,field1,default,1,0.6,1,1,1,0.8,0,1,1,-231,0,33,0,1,0,2;
custom,field2,default,1,0.6,1,1,1,0.7,0,1,1,-209,0,55,0,1,0,1;
custom,field1,default,1,0.6,1,1,1,0.8,0,1,1,-231,0,77,0,1,0,-3;
custom,field1,default,1,0.6,1,1,1,0.8,0,1,1,-209,0,99,0,1,0,-1;
custom,field2,default,1,0.6,1,1,1,0.7,0,1,1,-286,0,-11,0,1,0,1;
custom,field1,default,1,0.6,1,1,1,0.8,0,1,1,-264,0,-33,0,1,0,-1;
custom,field1,default,1,0.6,1,1,1,0.8,0,1,1,-286,0,-55,0,1,0,2;
custom,field2,default,1,0.6,1,1,1,0.7,0,1,1,-264,0,-77,0,1,0,-3;
custom,field2,default,1,0.6,1,1,1,0.7,0,1,1,-286,0,-99,0,1,0,2;
custom,field1,default,1,0.6,1,1,1,0.8,0,1,1,-264,0,11,0,1,0,0;
custom,field1,default,1,0.6,1,1,1,0.8,0,1,1,-286,0,33,0,1,0,1;
custom,field1,default,1,0.6,1,1,1,0.8,0,1,1,-264,0,55,0,1,0,-1;
custom,field2,default,1,0.6,1,1,1,0.7,0,1,1,-286,0,77,0,1,0,3;
custom,field1,default,1,0.6,1,1,1,0.8,0,1,1,-264,0,99,0,1,0,1;
custom,field1,default,1,0.6,1,1,1,0.8,0,1,1,-341,0,-121,0,1,0,0;
custom,field2,default,1,0.6,1,1,1,0.7,0,1,1,-319,0,-143,0,1,0,2;
custom,field1,default,1,0.6,1,1,1,0.8,0,1,1,-341,0,-165,0,1,0,1;
custom,field2,default,1,0.6,1,1,1,0.7,0,1,1,-319,0,-187,0,1,0,-3;
custom,field1,default,1,0.6,1,1,1,0.8,0,1,1,-341,0,-209,0,1,0,-1;
custom,field1,default,1,0.6,1,1,1,0.8,0,1,1,-319,0,121,0,1,0,0;
custom,field1,default,1,0.6,1,1,1,0.8,0,1,1,-341,0,143,0,1,0,-2;
custom,field2,default,1,0.6,1,1,1,0.7,0,1,1,-319,0,165,0,1,0,-1;
custom,field2,default,1,0.6,1,1,1,0.7,0,1,1,-341,0,187,0,1,0,3;
custom,field1,default,1,0.6,1,1,1,0.8,0,1,1,-319,0,209,0,1,0,-1;
custom,field2,default,1,0.6,1,1,1,0.7,0,1,1,-396,0,-121,0,1,0,0;
custom,field1,default,1,0.6,1,1,1,0.8,0,1,1,-374,0,-143,0,1,0,2;
custom,field2,default,1,0.6,1,1,1,0.7,0,1,1,-396,0,-165,0,1,0,1;
custom,field2,default,1,0.6,1,1,1,0.7,0,1,1,-374,0,-187,0,1,0,-3;
custom,field2,default,1,0.6,1,1,1,0.7,0,1,1,-396,0,-209,0,1,0,-1;
custom,field1,default,1,0.6,1,1,1,0.8,0,1,1,-374,0,121,0,1,0,0;
custom,field2,default,1,0.6,1,1,1,0.7,0,1,1,-396,0,143,0,1,0,-2;
custom,field1,default,1,0.6,1,1,1,0.8,0,1,1,-374,0,165,0,1,0,-1;
custom,field2,default,1,0.6,1,1,1,0.7,0,1,1,-396,0,187,0,1,0,3;
custom,field2,default,1,0.6,1,1,1,0.7,0,1,1,-374,0,209,0,1,0,-1;
custom,field1,default,1,0.6,1,1,1,0.8,0,1,1,-451,0,-121,0,1,0,0;
custom,field2,default,1,0.6,1,1,1,0.7,0,1,1,-429,0,-143,0,1,0,-2;
custom,field2,default,1,0.6,1,1,1,0.7,0,1,1,-451,0,-165,0,1,0,-1;
custom,field1,default,1,0.6,1,1,1,0.8,0,1,1,-429,0,-187,0,1,0,3;
custom,field1,default,1,0.6,1,1,1,0.8,0,1,1,-451,0,-209,0,1,0,1;
custom,field1,default,1,0.6,1,1,1,0.8,0,1,1,-429,0,121,0,1,0,2;
custom,field1,default,1,0.6,1,1,1,0.8,0,1,1,-451,0,143,0,1,0,2;
custom,field2,default,1,0.6,1,1,1,0.7,0,1,1,-429,0,165,0,1,0,1;
custom,field1,default,1,0.6,1,1,1,0.8,0,1,1,-451,0,187,0,1,0,-3;
custom,field1,default,1,0.6,1,1,1,0.8,0,1,1,-429,0,209,0,1,0,-1;
custom,field2,default,1,0.6,1,1,1,0.7,0,1,1,-506,0,-121,0,1,0,1;
custom,field1,default,1,0.6,1,1,1,0.8,0,1,1,-484,0,-143,0,1,0,-1;
custom,field1,default,1,0.6,1,1,1,0.8,0,1,1,-506,0,-165,0,1,0,2;
custom,field2,default,1,0.6,1,1,1,0.7,0,1,1,-484,0,-187,0,1,0,-3;
custom,field2,default,1,0.6,1,1,1,0.7,0,1,1,-506,0,-209,0,1,0,2;
custom,field1,default,1,0.6,1,1,1,0.8,0,1,1,-484,0,121,0,1,0,0;
custom,field1,default,1,0.6,1,1,1,0.8,0,1,1,-506,0,143,0,1,0,1;
custom,field1,default,1,0.6,1,1,1,0.8,0,1,1,-484,0,165,0,1,0,-1;
custom,field2,default,1,0.6,1,1,1,0.7,0,1,1,-506,0,187,0,1,0,3;
custom,field1,default,1,0.6,1,1,1,0.8,0,1,1,-484,0,209,0,1,0,1;
custom,field1,default,1,0.6,1,1,1,0.8,0,1,1,-341,0,-11,0,1,0,0;
custom,field2,default,1,0.6,1,1,1,0.7,0,1,1,-319,0,-33,0,1,0,2;
custom,field1,default,1,0.6,1,1,1,0.8,0,1,1,-341,0,-55,0,1,0,1;
custom,field2,default,1,0.6,1,1,1,0.7,0,1,1,-319,0,-77,0,1,0,-3;
custom,field1,default,1,0.6,1,1,1,0.8,0,1,1,-341,0,-99,0,1,0,-1;
custom,field1,default,1,0.6,1,1,1,0.8,0,1,1,-319,0,11,0,1,0,0;
custom,field1,default,1,0.6,1,1,1,0.8,0,1,1,-341,0,33,0,1,0,-2;
custom,field2,default,1,0.6,1,1,1,0.7,0,1,1,-319,0,55,0,1,0,-1;
custom,field2,default,1,0.6,1,1,1,0.7,0,1,1,-341,0,77,0,1,0,3;
custom,field1,default,1,0.6,1,1,1,0.8,0,1,1,-319,0,99,0,1,0,-1;
custom,field2,default,1,0.6,1,1,1,0.7,0,1,1,-396,0,-11,0,1,0,0;
custom,field1,default,1,0.6,1,1,1,0.8,0,1,1,-374,0,-33,0,1,0,2;
custom,field2,default,1,0.6,1,1,1,0.7,0,1,1,-396,0,-55,0,1,0,1;
custom,field2,default,1,0.6,1,1,1,0.7,0,1,1,-374,0,-77,0,1,0,-3;
custom,field2,default,1,0.6,1,1,1,0.7,0,1,1,-396,0,-99,0,1,0,-1;
custom,field1,default,1,0.6,1,1,1,0.8,0,1,1,-374,0,11,0,1,0,0;
custom,field2,default,1,0.6,1,1,1,0.7,0,1,1,-396,0,33,0,1,0,-2;
custom,field1,default,1,0.6,1,1,1,0.8,0,1,1,-374,0,55,0,1,0,-1;
custom,field2,default,1,0.6,1,1,1,0.7,0,1,1,-396,0,77,0,1,0,3;
custom,field2,default,1,0.6,1,1,1,0.7,0,1,1,-374,0,99,0,1,0,-1;
custom,field1,default,1,0.6,1,1,1,0.8,0,1,1,-451,0,-11,0,1,0,0;
custom,field2,default,1,0.6,1,1,1,0.7,0,1,1,-429,0,-33,0,1,0,-2;
custom,field2,default,1,0.6,1,1,1,0.7,0,1,1,-451,0,-55,0,1,0,-1;
custom,field1,default,1,0.6,1,1,1,0.8,0,1,1,-429,0,-77,0,1,0,3;
custom,field1,default,1,0.6,1,1,1,0.8,0,1,1,-451,0,-99,0,1,0,1;
custom,field1,default,1,0.6,1,1,1,0.8,0,1,1,-429,0,11,0,1,0,2;
custom,field1,default,1,0.6,1,1,1,0.8,0,1,1,-451,0,33,0,1,0,2;
custom,field2,default,1,0.6,1,1,1,0.7,0,1,1,-429,0,55,0,1,0,1;
custom,field1,default,1,0.6,1,1,1,0.8,0,1,1,-451,0,77,0,1,0,-3;
custom,field1,default,1,0.6,1,1,1,0.8,0,1,1,-429,0,99,0,1,0,-1;
custom,field2,default,1,0.6,1,1,1,0.7,0,1,1,-506,0,-11,0,1,0,1;
custom,field1,default,1,0.6,1,1,1,0.8,0,1,1,-484,0,-33,0,1,0,-1;
custom,field1,default,1,0.6,1,1,1,0.8,0,1,1,-506,0,-55,0,1,0,2;
custom,field2,default,1,0.6,1,1,1,0.7,0,1,1,-484,0,-77,0,1,0,-3;
custom,field2,default,1,0.6,1,1,1,0.7,0,1,1,-506,0,-99,0,1,0,2;
custom,field1,default,1,0.6,1,1,1,0.8,0,1,1,-484,0,11,0,1,0,0;
custom,field1,default,1,0.6,1,1,1,0.8,0,1,1,-506,0,33,0,1,0,1;
custom,field1,default,1,0.6,1,1,1,0.8,0,1,1,-484,0,55,0,1,0,-1;
custom,field2,default,1,0.6,1,1,1,0.7,0,1,1,-506,0,77,0,1,0,3;
custom,field1,default,1,0.6,1,1,1,0.8,0,1,1,-484,0,99,0,1,0,1;
custom,field1,default,1,0.6,1,1,1,0.8,0,1,1,121,0,11,0,1,0,0;
custom,field2,default,1,0.6,1,1,1,0.7,0,1,1,99,0,33,0,1,0,2;
custom,field1,default,1,0.6,1,1,1,0.8,0,1,1,121,0,55,0,1,0,1;
custom,field2,default,1,0.6,1,1,1,0.7,0,1,1,99,0,77,0,1,0,-3;
custom,field1,default,1,0.6,1,1,1,0.8,0,1,1,121,0,99,0,1,0,-1;
custom,field1,default,1,0.6,1,1,1,0.8,0,1,1,99,0,-11,0,1,0,0;
custom,field1,default,1,0.6,1,1,1,0.8,0,1,1,121,0,-33,0,1,0,-2;
custom,field2,default,1,0.6,1,1,1,0.7,0,1,1,99,0,-55,0,1,0,-1;
custom,field2,default,1,0.6,1,1,1,0.7,0,1,1,121,0,-77,0,1,0,3;
custom,field1,default,1,0.6,1,1,1,0.8,0,1,1,99,0,-99,0,1,0,-1;
custom,field2,default,1,0.6,1,1,1,0.7,0,1,1,176,0,11,0,1,0,0;
custom,field1,default,1,0.6,1,1,1,0.8,0,1,1,154,0,33,0,1,0,2;
custom,field2,default,1,0.6,1,1,1,0.7,0,1,1,176,0,55,0,1,0,1;
custom,field2,default,1,0.6,1,1,1,0.7,0,1,1,154,0,77,0,1,0,-3;
custom,field2,default,1,0.6,1,1,1,0.7,0,1,1,176,0,99,0,1,0,-1;
custom,field1,default,1,0.6,1,1,1,0.8,0,1,1,154,0,-11,0,1,0,0;
custom,field2,default,1,0.6,1,1,1,0.7,0,1,1,176,0,-33,0,1,0,-2;
custom,field1,default,1,0.6,1,1,1,0.8,0,1,1,154,0,-55,0,1,0,-1;
custom,field2,default,1,0.6,1,1,1,0.7,0,1,1,176,0,-77,0,1,0,3;
custom,field2,default,1,0.6,1,1,1,0.7,0,1,1,154,0,-99,0,1,0,-1;
custom,field1,default,1,0.6,1,1,1,0.8,0,1,1,231,0,11,0,1,0,0;
custom,field2,default,1,0.6,1,1,1,0.7,0,1,1,209,0,33,0,1,0,-2;
custom,field2,default,1,0.6,1,1,1,0.7,0,1,1,231,0,55,0,1,0,-1;
custom,field1,default,1,0.6,1,1,1,0.8,0,1,1,209,0,77,0,1,0,3;
custom,field1,default,1,0.6,1,1,1,0.8,0,1,1,231,0,99,0,1,0,1;
custom,field1,default,1,0.6,1,1,1,0.8,0,1,1,209,0,-11,0,1,0,2;
custom,field1,default,1,0.6,1,1,1,0.8,0,1,1,231,0,-33,0,1,0,2;
custom,field2,default,1,0.6,1,1,1,0.7,0,1,1,209,0,-55,0,1,0,1;
custom,field1,default,1,0.6,1,1,1,0.8,0,1,1,231,0,-77,0,1,0,-3;
custom,field1,default,1,0.6,1,1,1,0.8,0,1,1,209,0,-99,0,1,0,-1;
custom,field2,default,1,0.6,1,1,1,0.7,0,1,1,286,0,11,0,1,0,1;
custom,field1,default,1,0.6,1,1,1,0.8,0,1,1,264,0,33,0,1,0,-1;
custom,field1,default,1,0.6,1,1,1,0.8,0,1,1,286,0,55,0,1,0,2;
custom,field2,default,1,0.6,1,1,1,0.7,0,1,1,264,0,77,0,1,0,-3;
custom,field2,default,1,0.6,1,1,1,0.7,0,1,1,286,0,99,0,1,0,2;
custom,field1,default,1,0.6,1,1,1,0.8,0,1,1,264,0,-11,0,1,0,0;
custom,field1,default,1,0.6,1,1,1,0.8,0,1,1,286,0,-33,0,1,0,1;
custom,field1,default,1,0.6,1,1,1,0.8,0,1,1,264,0,-55,0,1,0,-1;
custom,field2,default,1,0.6,1,1,1,0.7,0,1,1,286,0,-77,0,1,0,3;
custom,field1,default,1,0.6,1,1,1,0.8,0,1,1,264,0,-99,0,1,0,1;
custom,field1,default,1,0.6,1,1,1,0.8,0,1,1,121,0,121,0,1,0,0;
custom,field2,default,1,0.6,1,1,1,0.7,0,1,1,99,0,143,0,1,0,2;
custom,field1,default,1,0.6,1,1,1,0.8,0,1,1,121,0,165,0,1,0,1;
custom,field2,default,1,0.6,1,1,1,0.7,0,1,1,99,0,187,0,1,0,-3;
custom,field1,default,1,0.6,1,1,1,0.8,0,1,1,121,0,209,0,1,0,-1;
custom,field1,default,1,0.6,1,1,1,0.8,0,1,1,99,0,-121,0,1,0,0;
custom,field1,default,1,0.6,1,1,1,0.8,0,1,1,121,0,-143,0,1,0,-2;
custom,field2,default,1,0.6,1,1,1,0.7,0,1,1,99,0,-165,0,1,0,-1;
custom,field2,default,1,0.6,1,1,1,0.7,0,1,1,121,0,-187,0,1,0,3;
custom,field1,default,1,0.6,1,1,1,0.8,0,1,1,99,0,-209,0,1,0,-1;
custom,field2,default,1,0.6,1,1,1,0.7,0,1,1,176,0,121,0,1,0,0;
custom,field1,default,1,0.6,1,1,1,0.8,0,1,1,154,0,143,0,1,0,2;
custom,field2,default,1,0.6,1,1,1,0.7,0,1,1,176,0,165,0,1,0,1;
custom,field2,default,1,0.6,1,1,1,0.7,0,1,1,154,0,187,0,1,0,-3;
custom,field2,default,1,0.6,1,1,1,0.7,0,1,1,176,0,209,0,1,0,-1;
custom,field1,default,1,0.6,1,1,1,0.8,0,1,1,154,0,-121,0,1,0,0;
custom,field2,default,1,0.6,1,1,1,0.7,0,1,1,176,0,-143,0,1,0,-2;
custom,field1,default,1,0.6,1,1,1,0.8,0,1,1,154,0,-165,0,1,0,-1;
custom,field2,default,1,0.6,1,1,1,0.7,0,1,1,176,0,-187,0,1,0,3;
custom,field2,default,1,0.6,1,1,1,0.7,0,1,1,154,0,-209,0,1,0,-1;
custom,field1,default,1,0.6,1,1,1,0.8,0,1,1,231,0,121,0,1,0,0;
custom,field2,default,1,0.6,1,1,1,0.7,0,1,1,209,0,143,0,1,0,-2;
custom,field2,default,1,0.6,1,1,1,0.7,0,1,1,231,0,165,0,1,0,-1;
custom,field1,default,1,0.6,1,1,1,0.8,0,1,1,209,0,187,0,1,0,3;
custom,field1,default,1,0.6,1,1,1,0.8,0,1,1,231,0,209,0,1,0,1;
custom,field1,default,1,0.6,1,1,1,0.8,0,1,1,209,0,-121,0,1,0,2;
custom,field1,default,1,0.6,1,1,1,0.8,0,1,1,231,0,-143,0,1,0,2;
custom,field2,default,1,0.6,1,1,1,0.7,0,1,1,209,0,-165,0,1,0,1;
custom,field1,default,1,0.6,1,1,1,0.8,0,1,1,231,0,-187,0,1,0,-3;
custom,field1,default,1,0.6,1,1,1,0.8,0,1,1,209,0,-209,0,1,0,-1;
custom,field2,default,1,0.6,1,1,1,0.7,0,1,1,286,0,121,0,1,0,1;
custom,field1,default,1,0.6,1,1,1,0.8,0,1,1,264,0,143,0,1,0,-1;
custom,field1,default,1,0.6,1,1,1,0.8,0,1,1,286,0,165,0,1,0,2;
custom,field2,default,1,0.6,1,1,1,0.7,0,1,1,264,0,187,0,1,0,-3;
custom,field2,default,1,0.6,1,1,1,0.7,0,1,1,286,0,209,0,1,0,2;
custom,field1,default,1,0.6,1,1,1,0.8,0,1,1,264,0,-121,0,1,0,0;
custom,field1,default,1,0.6,1,1,1,0.8,0,1,1,286,0,-143,0,1,0,1;
custom,field1,default,1,0.6,1,1,1,0.8,0,1,1,264,0,-165,0,1,0,-1;
custom,field2,default,1,0.6,1,1,1,0.7,0,1,1,286,0,-187,0,1,0,3;
custom,field1,default,1,0.6,1,1,1,0.8,0,1,1,264,0,-209,0,1,0,1;
custom,field1,default,1,0.6,1,1,1,0.8,0,1,1,121,0,231,0,1,0,0;
custom,field2,default,1,0.6,1,1,1,0.7,0,1,1,99,0,253,0,1,0,2;
custom,field1,default,1,0.6,1,1,1,0.8,0,1,1,121,0,275,0,1,0,1;
custom,field2,default,1,0.6,1,1,1,0.7,0,1,1,99,0,297,0,1,0,-3;
custom,field1,default,1,0.6,1,1,1,0.8,0,1,1,121,0,319,0,1,0,-1;
custom,field1,default,1,0.6,1,1,1,0.8,0,1,1,99,0,-231,0,1,0,0;
custom,field1,default,1,0.6,1,1,1,0.8,0,1,1,121,0,-253,0,1,0,-2;
custom,field2,default,1,0.6,1,1,1,0.7,0,1,1,99,0,-275,0,1,0,-1;
custom,field2,default,1,0.6,1,1,1,0.7,0,1,1,121,0,-297,0,1,0,3;
custom,field1,default,1,0.6,1,1,1,0.8,0,1,1,99,0,-319,0,1,0,-1;
custom,field2,default,1,0.6,1,1,1,0.7,0,1,1,176,0,231,0,1,0,0;
custom,field1,default,1,0.6,1,1,1,0.8,0,1,1,154,0,253,0,1,0,2;
custom,field2,default,1,0.6,1,1,1,0.7,0,1,1,176,0,275,0,1,0,1;
custom,field2,default,1,0.6,1,1,1,0.7,0,1,1,154,0,297,0,1,0,-3;
custom,field2,default,1,0.6,1,1,1,0.7,0,1,1,176,0,319,0,1,0,-1;
custom,field1,default,1,0.6,1,1,1,0.8,0,1,1,154,0,-231,0,1,0,0;
custom,field2,default,1,0.6,1,1,1,0.7,0,1,1,176,0,-253,0,1,0,-2;
custom,field1,default,1,0.6,1,1,1,0.8,0,1,1,154,0,-275,0,1,0,-1;
custom,field2,default,1,0.6,1,1,1,0.7,0,1,1,176,0,-297,0,1,0,3;
custom,field2,default,1,0.6,1,1,1,0.7,0,1,1,154,0,-319,0,1,0,-1;
custom,field1,default,1,0.6,1,1,1,0.8,0,1,1,231,0,231,0,1,0,0;
custom,field2,default,1,0.6,1,1,1,0.7,0,1,1,209,0,253,0,1,0,-2;
custom,field2,default,1,0.6,1,1,1,0.7,0,1,1,231,0,275,0,1,0,-1;
custom,field1,default,1,0.6,1,1,1,0.8,0,1,1,209,0,297,0,1,0,3;
custom,field1,default,1,0.6,1,1,1,0.8,0,1,1,231,0,319,0,1,0,1;
custom,field1,default,1,0.6,1,1,1,0.8,0,1,1,209,0,-231,0,1,0,2;
custom,field1,default,1,0.6,1,1,1,0.8,0,1,1,231,0,-253,0,1,0,2;
custom,field2,default,1,0.6,1,1,1,0.7,0,1,1,209,0,-275,0,1,0,1;
custom,field1,default,1,0.6,1,1,1,0.8,0,1,1,231,0,-297,0,1,0,-3;
custom,field1,default,1,0.6,1,1,1,0.8,0,1,1,209,0,-319,0,1,0,-1;
custom,field2,default,1,0.6,1,1,1,0.7,0,1,1,286,0,231,0,1,0,1;
custom,field1,default,1,0.6,1,1,1,0.8,0,1,1,264,0,253,0,1,0,-1;
custom,field1,default,1,0.6,1,1,1,0.8,0,1,1,286,0,275,0,1,0,2;
custom,field2,default,1,0.6,1,1,1,0.7,0,1,1,264,0,297,0,1,0,-3;
custom,field2,default,1,0.6,1,1,1,0.7,0,1,1,286,0,319,0,1,0,2;
custom,field1,default,1,0.6,1,1,1,0.8,0,1,1,264,0,-231,0,1,0,0;
custom,field1,default,1,0.6,1,1,1,0.8,0,1,1,286,0,-253,0,1,0,1;
custom,field1,default,1,0.6,1,1,1,0.8,0,1,1,264,0,-275,0,1,0,-1;
custom,field2,default,1,0.6,1,1,1,0.7,0,1,1,286,0,-297,0,1,0,3;
custom,field1,default,1,0.6,1,1,1,0.8,0,1,1,264,0,-319,0,1,0,1;
custom,field1,default,1,0.6,1,1,1,0.8,0,1,1,121,0,341,0,1,0,0;
custom,field2,default,1,0.6,1,1,1,0.7,0,1,1,99,0,363,0,1,0,2;
custom,field1,default,1,0.6,1,1,1,0.8,0,1,1,121,0,385,0,1,0,1;
custom,field2,default,1,0.6,1,1,1,0.7,0,1,1,99,0,407,0,1,0,-3;
custom,field1,default,1,0.6,1,1,1,0.8,0,1,1,121,0,429,0,1,0,-1;
custom,field1,default,1,0.6,1,1,1,0.8,0,1,1,99,0,-341,0,1,0,0;
custom,field1,default,1,0.6,1,1,1,0.8,0,1,1,121,0,-363,0,1,0,-2;
custom,field2,default,1,0.6,1,1,1,0.7,0,1,1,99,0,-385,0,1,0,-1;
custom,field2,default,1,0.6,1,1,1,0.7,0,1,1,121,0,-407,0,1,0,3;
custom,field1,default,1,0.6,1,1,1,0.8,0,1,1,99,0,-429,0,1,0,-1;
custom,field2,default,1,0.6,1,1,1,0.7,0,1,1,176,0,341,0,1,0,0;
custom,field1,default,1,0.6,1,1,1,0.8,0,1,1,154,0,363,0,1,0,2;
custom,field2,default,1,0.6,1,1,1,0.7,0,1,1,176,0,385,0,1,0,1;
custom,field2,default,1,0.6,1,1,1,0.7,0,1,1,154,0,407,0,1,0,-3;
custom,field2,default,1,0.6,1,1,1,0.7,0,1,1,176,0,429,0,1,0,-1;
custom,field1,default,1,0.6,1,1,1,0.8,0,1,1,154,0,-341,0,1,0,0;
custom,field2,default,1,0.6,1,1,1,0.7,0,1,1,176,0,-363,0,1,0,-2;
custom,field1,default,1,0.6,1,1,1,0.8,0,1,1,154,0,-385,0,1,0,-1;
custom,field2,default,1,0.6,1,1,1,0.7,0,1,1,176,0,-407,0,1,0,3;
custom,field2,default,1,0.6,1,1,1,0.7,0,1,1,154,0,-429,0,1,0,-1;
custom,field1,default,1,0.6,1,1,1,0.8,0,1,1,231,0,341,0,1,0,0;
custom,field2,default,1,0.6,1,1,1,0.7,0,1,1,209,0,363,0,1,0,-2;
custom,field2,default,1,0.6,1,1,1,0.7,0,1,1,231,0,385,0,1,0,-1;
custom,field1,default,1,0.6,1,1,1,0.8,0,1,1,209,0,407,0,1,0,3;
custom,field1,default,1,0.6,1,1,1,0.8,0,1,1,231,0,429,0,1,0,1;
custom,field1,default,1,0.6,1,1,1,0.8,0,1,1,209,0,-341,0,1,0,2;
custom,field1,default,1,0.6,1,1,1,0.8,0,1,1,231,0,-363,0,1,0,2;
custom,field2,default,1,0.6,1,1,1,0.7,0,1,1,209,0,-385,0,1,0,1;
custom,field1,default,1,0.6,1,1,1,0.8,0,1,1,231,0,-407,0,1,0,-3;
custom,field1,default,1,0.6,1,1,1,0.8,0,1,1,209,0,-429,0,1,0,-1;
custom,field2,default,1,0.6,1,1,1,0.7,0,1,1,286,0,341,0,1,0,1;
custom,field1,default,1,0.6,1,1,1,0.8,0,1,1,264,0,363,0,1,0,-1;
custom,field1,default,1,0.6,1,1,1,0.8,0,1,1,286,0,385,0,1,0,2;
custom,field2,default,1,0.6,1,1,1,0.7,0,1,1,264,0,407,0,1,0,-3;
custom,field2,default,1,0.6,1,1,1,0.7,0,1,1,286,0,429,0,1,0,2;
custom,field1,default,1,0.6,1,1,1,0.8,0,1,1,264,0,-341,0,1,0,0;
custom,field1,default,1,0.6,1,1,1,0.8,0,1,1,286,0,-363,0,1,0,1;
custom,field1,default,1,0.6,1,1,1,0.8,0,1,1,264,0,-385,0,1,0,-1;
custom,field2,default,1,0.6,1,1,1,0.7,0,1,1,286,0,-407,0,1,0,3;
custom,field1,default,1,0.6,1,1,1,0.8,0,1,1,264,0,-429,0,1,0,1;
custom,field1,default,1,0.6,1,1,1,0.8,0,1,1,121,0,11,0,1,0,0;
custom,field2,default,1,0.6,1,1,1,0.7,0,1,1,99,0,33,0,1,0,2;
custom,field1,default,1,0.6,1,1,1,0.8,0,1,1,121,0,55,0,1,0,1;
custom,field2,default,1,0.6,1,1,1,0.7,0,1,1,99,0,77,0,1,0,-3;
custom,field1,default,1,0.6,1,1,1,0.8,0,1,1,121,0,99,0,1,0,-1;
custom,field1,default,1,0.6,1,1,1,0.8,0,1,1,99,0,-11,0,1,0,0;
custom,field1,default,1,0.6,1,1,1,0.8,0,1,1,121,0,-33,0,1,0,-2;
custom,field2,default,1,0.6,1,1,1,0.7,0,1,1,99,0,-55,0,1,0,-1;
custom,field2,default,1,0.6,1,1,1,0.7,0,1,1,121,0,-77,0,1,0,3;
custom,field1,default,1,0.6,1,1,1,0.8,0,1,1,99,0,-99,0,1,0,-1;
custom,field2,default,1,0.6,1,1,1,0.7,0,1,1,176,0,11,0,1,0,0;
custom,field1,default,1,0.6,1,1,1,0.8,0,1,1,154,0,33,0,1,0,2;
custom,field2,default,1,0.6,1,1,1,0.7,0,1,1,176,0,55,0,1,0,1;
custom,field2,default,1,0.6,1,1,1,0.7,0,1,1,154,0,77,0,1,0,-3;
custom,field2,default,1,0.6,1,1,1,0.7,0,1,1,176,0,99,0,1,0,-1;
custom,field1,default,1,0.6,1,1,1,0.8,0,1,1,154,0,-11,0,1,0,0;
custom,field2,default,1,0.6,1,1,1,0.7,0,1,1,176,0,-33,0,1,0,-2;
custom,field1,default,1,0.6,1,1,1,0.8,0,1,1,154,0,-55,0,1,0,-1;
custom,field2,default,1,0.6,1,1,1,0.7,0,1,1,176,0,-77,0,1,0,3;
custom,field2,default,1,0.6,1,1,1,0.7,0,1,1,154,0,-99,0,1,0,-1;
custom,field1,default,1,0.6,1,1,1,0.8,0,1,1,231,0,11,0,1,0,0;
custom,field2,default,1,0.6,1,1,1,0.7,0,1,1,209,0,33,0,1,0,-2;
custom,field2,default,1,0.6,1,1,1,0.7,0,1,1,231,0,55,0,1,0,-1;
custom,field1,default,1,0.6,1,1,1,0.8,0,1,1,209,0,77,0,1,0,3;
custom,field1,default,1,0.6,1,1,1,0.8,0,1,1,231,0,99,0,1,0,1;
custom,field1,default,1,0.6,1,1,1,0.8,0,1,1,209,0,-11,0,1,0,2;
custom,field1,default,1,0.6,1,1,1,0.8,0,1,1,231,0,-33,0,1,0,2;
custom,field2,default,1,0.6,1,1,1,0.7,0,1,1,209,0,-55,0,1,0,1;
custom,field1,default,1,0.6,1,1,1,0.8,0,1,1,231,0,-77,0,1,0,-3;
custom,field1,default,1,0.6,1,1,1,0.8,0,1,1,209,0,-99,0,1,0,-1;
custom,field2,default,1,0.6,1,1,1,0.7,0,1,1,286,0,11,0,1,0,1;
custom,field1,default,1,0.6,1,1,1,0.8,0,1,1,264,0,33,0,1,0,-1;
custom,field1,default,1,0.6,1,1,1,0.8,0,1,1,286,0,55,0,1,0,2;
custom,field2,default,1,0.6,1,1,1,0.7,0,1,1,264,0,77,0,1,0,-3;
custom,field2,default,1,0.6,1,1,1,0.7,0,1,1,286,0,99,0,1,0,2;
custom,field1,default,1,0.6,1,1,1,0.8,0,1,1,264,0,-11,0,1,0,0;
custom,field1,default,1,0.6,1,1,1,0.8,0,1,1,286,0,-33,0,1,0,1;
custom,field1,default,1,0.6,1,1,1,0.8,0,1,1,264,0,-55,0,1,0,-1;
custom,field2,default,1,0.6,1,1,1,0.7,0,1,1,286,0,-77,0,1,0,3;
custom,field1,default,1,0.6,1,1,1,0.8,0,1,1,264,0,-99,0,1,0,1;
custom,field1,default,1,0.6,1,1,1,0.8,0,1,1,341,0,121,0,1,0,0;
custom,field2,default,1,0.6,1,1,1,0.7,0,1,1,319,0,143,0,1,0,2;
custom,field1,default,1,0.6,1,1,1,0.8,0,1,1,341,0,165,0,1,0,1;
custom,field2,default,1,0.6,1,1,1,0.7,0,1,1,319,0,187,0,1,0,-3;
custom,field1,default,1,0.6,1,1,1,0.8,0,1,1,341,0,209,0,1,0,-1;
custom,field1,default,1,0.6,1,1,1,0.8,0,1,1,319,0,-121,0,1,0,0;
custom,field1,default,1,0.6,1,1,1,0.8,0,1,1,341,0,-143,0,1,0,-2;
custom,field2,default,1,0.6,1,1,1,0.7,0,1,1,319,0,-165,0,1,0,-1;
custom,field2,default,1,0.6,1,1,1,0.7,0,1,1,341,0,-187,0,1,0,3;
custom,field1,default,1,0.6,1,1,1,0.8,0,1,1,319,0,-209,0,1,0,-1;
custom,field2,default,1,0.6,1,1,1,0.7,0,1,1,396,0,121,0,1,0,0;
custom,field1,default,1,0.6,1,1,1,0.8,0,1,1,374,0,143,0,1,0,2;
custom,field2,default,1,0.6,1,1,1,0.7,0,1,1,396,0,165,0,1,0,1;
custom,field2,default,1,0.6,1,1,1,0.7,0,1,1,374,0,187,0,1,0,-3;
custom,field2,default,1,0.6,1,1,1,0.7,0,1,1,396,0,209,0,1,0,-1;
custom,field1,default,1,0.6,1,1,1,0.8,0,1,1,374,0,-121,0,1,0,0;
custom,field2,default,1,0.6,1,1,1,0.7,0,1,1,396,0,-143,0,1,0,-2;
custom,field1,default,1,0.6,1,1,1,0.8,0,1,1,374,0,-165,0,1,0,-1;
custom,field2,default,1,0.6,1,1,1,0.7,0,1,1,396,0,-187,0,1,0,3;
custom,field2,default,1,0.6,1,1,1,0.7,0,1,1,374,0,-209,0,1,0,-1;
custom,field1,default,1,0.6,1,1,1,0.8,0,1,1,451,0,121,0,1,0,0;
custom,field2,default,1,0.6,1,1,1,0.7,0,1,1,429,0,143,0,1,0,-2;
custom,field2,default,1,0.6,1,1,1,0.7,0,1,1,451,0,165,0,1,0,-1;
custom,field1,default,1,0.6,1,1,1,0.8,0,1,1,429,0,187,0,1,0,3;
custom,field1,default,1,0.6,1,1,1,0.8,0,1,1,451,0,209,0,1,0,1;
custom,field1,default,1,0.6,1,1,1,0.8,0,1,1,429,0,-121,0,1,0,2;
custom,field1,default,1,0.6,1,1,1,0.8,0,1,1,451,0,-143,0,1,0,2;
custom,field2,default,1,0.6,1,1,1,0.7,0,1,1,429,0,-165,0,1,0,1;
custom,field1,default,1,0.6,1,1,1,0.8,0,1,1,451,0,-187,0,1,0,-3;
custom,field1,default,1,0.6,1,1,1,0.8,0,1,1,429,0,-209,0,1,0,-1;
custom,field2,default,1,0.6,1,1,1,0.7,0,1,1,506,0,121,0,1,0,1;
custom,field1,default,1,0.6,1,1,1,0.8,0,1,1,484,0,143,0,1,0,-1;
custom,field1,default,1,0.6,1,1,1,0.8,0,1,1,506,0,165,0,1,0,2;
custom,field2,default,1,0.6,1,1,1,0.7,0,1,1,484,0,187,0,1,0,-3;
custom,field2,default,1,0.6,1,1,1,0.7,0,1,1,506,0,209,0,1,0,2;
custom,field1,default,1,0.6,1,1,1,0.8,0,1,1,484,0,-121,0,1,0,0;
custom,field1,default,1,0.6,1,1,1,0.8,0,1,1,506,0,-143,0,1,0,1;
custom,field1,default,1,0.6,1,1,1,0.8,0,1,1,484,0,-165,0,1,0,-1;
custom,field2,default,1,0.6,1,1,1,0.7,0,1,1,506,0,-187,0,1,0,3;
custom,field1,default,1,0.6,1,1,1,0.8,0,1,1,484,0,-209,0,1,0,1;
custom,field1,default,1,0.6,1,1,1,0.8,0,1,1,341,0,11,0,1,0,0;
custom,field2,default,1,0.6,1,1,1,0.7,0,1,1,319,0,33,0,1,0,2;
custom,field1,default,1,0.6,1,1,1,0.8,0,1,1,341,0,55,0,1,0,1;
custom,field2,default,1,0.6,1,1,1,0.7,0,1,1,319,0,77,0,1,0,-3;
custom,field1,default,1,0.6,1,1,1,0.8,0,1,1,341,0,99,0,1,0,-1;
custom,field1,default,1,0.6,1,1,1,0.8,0,1,1,319,0,-11,0,1,0,0;
custom,field1,default,1,0.6,1,1,1,0.8,0,1,1,341,0,-33,0,1,0,-2;
custom,field2,default,1,0.6,1,1,1,0.7,0,1,1,319,0,-55,0,1,0,-1;
custom,field2,default,1,0.6,1,1,1,0.7,0,1,1,341,0,-77,0,1,0,3;
custom,field1,default,1,0.6,1,1,1,0.8,0,1,1,319,0,-99,0,1,0,-1;
custom,field2,default,1,0.6,1,1,1,0.7,0,1,1,396,0,11,0,1,0,0;
custom,field1,default,1,0.6,1,1,1,0.8,0,1,1,374,0,33,0,1,0,2;
custom,field2,default,1,0.6,1,1,1,0.7,0,1,1,396,0,55,0,1,0,1;
custom,field2,default,1,0.6,1,1,1,0.7,0,1,1,374,0,77,0,1,0,-3;
custom,field2,default,1,0.6,1,1,1,0.7,0,1,1,396,0,99,0,1,0,-1;
custom,field1,default,1,0.6,1,1,1,0.8,0,1,1,374,0,-11,0,1,0,0;
custom,field2,default,1,0.6,1,1,1,0.7,0,1,1,396,0,-33,0,1,0,-2;
custom,field1,default,1,0.6,1,1,1,0.8,0,1,1,374,0,-55,0,1,0,-1;
custom,field2,default,1,0.6,1,1,1,0.7,0,1,1,396,0,-77,0,1,0,3;
custom,field2,default,1,0.6,1,1,1,0.7,0,1,1,374,0,-99,0,1,0,-1;
custom,field1,default,1,0.6,1,1,1,0.8,0,1,1,451,0,11,0,1,0,0;
custom,field2,default,1,0.6,1,1,1,0.7,0,1,1,429,0,33,0,1,0,-2;
custom,field2,default,1,0.6,1,1,1,0.7,0,1,1,451,0,55,0,1,0,-1;
custom,field1,default,1,0.6,1,1,1,0.8,0,1,1,429,0,77,0,1,0,3;
custom,field1,default,1,0.6,1,1,1,0.8,0,1,1,451,0,99,0,1,0,1;
custom,field1,default,1,0.6,1,1,1,0.8,0,1,1,429,0,-11,0,1,0,2;
custom,field1,default,1,0.6,1,1,1,0.8,0,1,1,451,0,-33,0,1,0,2;
custom,field2,default,1,0.6,1,1,1,0.7,0,1,1,429,0,-55,0,1,0,1;
custom,field1,default,1,0.6,1,1,1,0.8,0,1,1,451,0,-77,0,1,0,-3;
custom,field1,default,1,0.6,1,1,1,0.8,0,1,1,429,0,-99,0,1,0,-1;
custom,field2,default,1,0.6,1,1,1,0.7,0,1,1,506,0,11,0,1,0,1;
custom,field1,default,1,0.6,1,1,1,0.8,0,1,1,484,0,33,0,1,0,-1;
custom,field1,default,1,0.6,1,1,1,0.8,0,1,1,506,0,55,0,1,0,2;
custom,field2,default,1,0.6,1,1,1,0.7,0,1,1,484,0,77,0,1,0,-3;
custom,field2,default,1,0.6,1,1,1,0.7,0,1,1,506,0,99,0,1,0,2;
custom,field1,default,1,0.6,1,1,1,0.8,0,1,1,484,0,-11,0,1,0,0;
custom,field1,default,1,0.6,1,1,1,0.8,0,1,1,506,0,-33,0,1,0,1;
custom,field1,default,1,0.6,1,1,1,0.8,0,1,1,484,0,-55,0,1,0,-1;
custom,field2,default,1,0.6,1,1,1,0.7,0,1,1,506,0,-77,0,1,0,3;
custom,field1,default,1,0.6,1,1,1,0.8,0,1,1,484,0,-99,0,1,0,1;
custom,field1,default,1,0.6,1,1,1,0.8,0,1,1,-110,0,-451,0,1,0,0;
custom,field2,default,1,0.6,1,1,1,0.7,0,1,1,-143,0,-473,0,1,0,2;
custom,field1,default,1,0.6,1,1,1,0.8,0,1,1,-132,0,-418,0,1,0,1;
custom,field1,default,1,0.6,1,1,1,0.8,0,1,1,-165,0,-462,0,1,0,-3;
custom,field2,default,1,0.6,1,1,1,0.7,0,1,1,-220,0,-473,0,1,0,0;
custom,field2,default,1,0.6,1,1,1,0.7,0,1,1,-253,0,-396,0,1,0,1;
custom,field1,default,1,0.6,1,1,1,0.8,0,1,1,-264,0,-440,0,1,0,-2;
custom,field1,default,1,0.6,1,1,1,0.8,0,1,1,-286,0,-473,0,1,0,0;
custom,field2,default,1,0.6,1,1,1,0.7,0,1,1,-319,0,-330,0,1,0,1;
custom,field2,default,1,0.6,1,1,1,0.7,0,1,1,-286,0,-374,0,1,0,0;
custom,field1,default,1,0.6,1,1,1,0.8,0,1,1,-264,0,-352,0,1,0,-3;
custom,field2,default,1,0.6,1,1,1,0.7,0,1,1,-330,0,-385,0,1,0,0;
custom,field2,default,1,0.6,1,1,1,0.7,0,1,1,-352,0,-440,0,1,0,0;
custom,field1,default,1,0.6,1,1,1,0.8,0,1,1,-374,0,-363,0,1,0,2;
custom,field1,default,1,0.6,1,1,1,0.8,0,1,1,-440,0,-319,0,1,0,0;
custom,field2,default,1,0.6,1,1,1,0.7,0,1,1,-462,0,-374,0,1,0,1;
custom,field2,default,1,0.6,1,1,1,0.7,0,1,1,-418,0,-407,0,1,0,-2;
custom,field1,default,1,0.6,1,1,1,0.8,0,1,1,-308,0,-220,0,1,0,0;
custom,field1,default,1,0.6,1,1,1,0.8,0,1,1,-374,0,-264,0,1,0,1;
custom,field2,default,1,0.6,1,1,1,0.7,0,1,1,-308,0,-242,0,1,0,3;
custom,field2,default,1,0.6,1,1,1,0.7,0,1,1,-352,0,-264,0,1,0,1;
custom,field1,default,1,0.6,1,1,1,0.8,0,1,1,-308,0,-330,0,1,0,0;
custom,field1,default,1,0.6,1,1,1,0.8,0,1,1,-352,0,-286,0,1,0,3;
custom,field2,default,1,0.6,1,1,1,0.7,0,1,1,-308,0,-330,0,1,0,0;
custom,field2,default,1,0.6,1,1,1,0.7,0,1,1,-110,0,-550,0,1,0,0;
custom,field1,default,1,0.6,1,1,1,0.8,0,1,1,-132,0,-506,0,1,0,3;
custom,field1,default,1,0.6,1,1,1,0.8,0,1,1,-77,0,-440,0,1,0,-4;
custom,field2,default,1,0.6,1,1,1,0.7,0,1,1,-99,0,-528,0,1,0,0;
custom,field1,default,1,0.6,1,1,1,0.8,0,1,1,-154,0,-517,0,1,0,0;
custom,field2,default,1,0.6,1,1,1,0.7,0,1,1,-176,0,-495,0,1,0,-3;
custom,field1,default,1,0.6,1,1,1,0.8,0,1,1,-198,0,-462,0,1,0,0;
custom,field1,default,1,0.6,1,1,1,0.8,0,1,1,110,0,451,0,1,0,0;
custom,field2,default,1,0.6,1,1,1,0.7,0,1,1,143,0,473,0,1,0,2;
custom,field1,default,1,0.6,1,1,1,0.8,0,1,1,132,0,418,0,1,0,1;
custom,field1,default,1,0.6,1,1,1,0.8,0,1,1,165,0,462,0,1,0,-3;
custom,field2,default,1,0.6,1,1,1,0.7,0,1,1,220,0,473,0,1,0,0;
custom,field2,default,1,0.6,1,1,1,0.7,0,1,1,253,0,396,0,1,0,1;
custom,field1,default,1,0.6,1,1,1,0.8,0,1,1,264,0,440,0,1,0,-2;
custom,field1,default,1,0.6,1,1,1,0.8,0,1,1,286,0,473,0,1,0,0;
custom,field2,default,1,0.6,1,1,1,0.7,0,1,1,319,0,330,0,1,0,1;
custom,field2,default,1,0.6,1,1,1,0.7,0,1,1,286,0,374,0,1,0,0;
custom,field1,default,1,0.6,1,1,1,0.8,0,1,1,264,0,352,0,1,0,-3;
custom,field2,default,1,0.6,1,1,1,0.7,0,1,1,330,0,385,0,1,0,0;
custom,field2,default,1,0.6,1,1,1,0.7,0,1,1,352,0,440,0,1,0,0;
custom,field1,default,1,0.6,1,1,1,0.8,0,1,1,374,0,363,0,1,0,2;
custom,field1,default,1,0.6,1,1,1,0.8,0,1,1,440,0,319,0,1,0,0;
custom,field2,default,1,0.6,1,1,1,0.7,0,1,1,462,0,374,0,1,0,1;
custom,field2,default,1,0.6,1,1,1,0.7,0,1,1,418,0,407,0,1,0,-2;
custom,field1,default,1,0.6,1,1,1,0.8,0,1,1,308,0,220,0,1,0,0;
custom,field1,default,1,0.6,1,1,1,0.8,0,1,1,374,0,264,0,1,0,1;
custom,field2,default,1,0.6,1,1,1,0.7,0,1,1,308,0,242,0,1,0,3;
custom,field2,default,1,0.6,1,1,1,0.7,0,1,1,352,0,264,0,1,0,1;
custom,field1,default,1,0.6,1,1,1,0.8,0,1,1,308,0,330,0,1,0,0;
custom,field1,default,1,0.6,1,1,1,0.8,0,1,1,352,0,286,0,1,0,3;
custom,field2,default,1,0.6,1,1,1,0.7,0,1,1,308,0,330,0,1,0,0;
custom,field2,default,1,0.6,1,1,1,0.7,0,1,1,110,0,550,0,1,0,0;
custom,field1,default,1,0.6,1,1,1,0.8,0,1,1,132,0,506,0,1,0,3;
custom,field1,default,1,0.6,1,1,1,0.8,0,1,1,77,0,440,0,1,0,-4;
custom,field2,default,1,0.6,1,1,1,0.7,0,1,1,99,0,528,0,1,0,0;
custom,field1,default,1,0.6,1,1,1,0.8,0,1,1,154,0,517,0,1,0,0;
custom,field2,default,1,0.6,1,1,1,0.7,0,1,1,176,0,495,0,1,0,-3;
custom,field1,default,1,0.6,1,1,1,0.8,0,1,1,198,0,462,0,1,0,0;
custom,field1,default,1,0.6,1,1,1,0.8,0,1,1,110,0,-451,0,1,0,0;
custom,field2,default,1,0.6,1,1,1,0.7,0,1,1,143,0,-473,0,1,0,2;
custom,field1,default,1,0.6,1,1,1,0.8,0,1,1,132,0,-418,0,1,0,1;
custom,field1,default,1,0.6,1,1,1,0.8,0,1,1,165,0,-462,0,1,0,-3;
custom,field2,default,1,0.6,1,1,1,0.7,0,1,1,220,0,-473,0,1,0,0;
custom,field2,default,1,0.6,1,1,1,0.7,0,1,1,253,0,-396,0,1,0,1;
custom,field1,default,1,0.6,1,1,1,0.8,0,1,1,264,0,-440,0,1,0,-2;
custom,field1,default,1,0.6,1,1,1,0.8,0,1,1,286,0,-473,0,1,0,0;
custom,field2,default,1,0.6,1,1,1,0.7,0,1,1,319,0,-330,0,1,0,1;
custom,field2,default,1,0.6,1,1,1,0.7,0,1,1,286,0,-374,0,1,0,0;
custom,field1,default,1,0.6,1,1,1,0.8,0,1,1,264,0,-352,0,1,0,-3;
custom,field2,default,1,0.6,1,1,1,0.7,0,1,1,330,0,-385,0,1,0,0;
custom,field1,default,1,0.6,1,1,1,0.8,0,1,1,374,0,-363,0,1,0,2;
custom,field1,default,1,0.6,1,1,1,0.8,0,1,1,308,0,-220,0,1,0,0;
custom,field1,default,1,0.6,1,1,1,0.8,0,1,1,374,0,-264,0,1,0,1;
custom,field2,default,1,0.6,1,1,1,0.7,0,1,1,308,0,-242,0,1,0,3;
custom,field2,default,1,0.6,1,1,1,0.7,0,1,1,352,0,-264,0,1,0,1;
custom,field1,default,1,0.6,1,1,1,0.8,0,1,1,308,0,-330,0,1,0,0;
custom,field1,default,1,0.6,1,1,1,0.8,0,1,1,352,0,-286,0,1,0,3;
custom,field2,default,1,0.6,1,1,1,0.7,0,1,1,308,0,-330,0,1,0,0;
custom,field1,default,1,0.6,1,1,1,0.8,0,1,1,77,0,-440,0,1,0,-4;
custom,field2,default,1,0.6,1,1,1,0.7,0,1,1,99,0,-528,0,1,0,0;
custom,field1,default,1,0.6,1,1,1,0.8,0,1,1,154,0,-517,0,1,0,0;
custom,field2,default,1,0.6,1,1,1,0.7,0,1,1,176,0,-495,0,1,0,-3;
custom,field1,default,1,0.6,1,1,1,0.8,0,1,1,198,0,-462,0,1,0,0;
custom,field1,default,1,0.6,1,1,1,0.8,0,1,1,-110,0,451,0,1,0,0;
custom,field2,default,1,0.6,1,1,1,0.7,0,1,1,-143,0,473,0,1,0,2;
custom,field1,default,1,0.6,1,1,1,0.8,0,1,1,-132,0,418,0,1,0,1;
custom,field1,default,1,0.6,1,1,1,0.8,0,1,1,-165,0,462,0,1,0,-3;
custom,field2,default,1,0.6,1,1,1,0.7,0,1,1,-220,0,473,0,1,0,0;
custom,field2,default,1,0.6,1,1,1,0.7,0,1,1,-253,0,396,0,1,0,1;
custom,field1,default,1,0.6,1,1,1,0.8,0,1,1,-264,0,440,0,1,0,-2;
custom,field1,default,1,0.6,1,1,1,0.8,0,1,1,-286,0,473,0,1,0,0;
custom,field2,default,1,0.6,1,1,1,0.7,0,1,1,-319,0,330,0,1,0,1;
custom,field2,default,1,0.6,1,1,1,0.7,0,1,1,-286,0,374,0,1,0,0;
custom,field1,default,1,0.6,1,1,1,0.8,0,1,1,-264,0,352,0,1,0,-3;
custom,field2,default,1,0.6,1,1,1,0.7,0,1,1,-330,0,385,0,1,0,0;
custom,field1,default,1,0.6,1,1,1,0.8,0,1,1,-374,0,363,0,1,0,2;
custom,field1,default,1,0.6,1,1,1,0.8,0,1,1,-440,0,319,0,1,0,0;
custom,field1,default,1,0.6,1,1,1,0.8,0,1,1,-308,0,220,0,1,0,0;
custom,field1,default,1,0.6,1,1,1,0.8,0,1,1,-374,0,264,0,1,0,1;
custom,field2,default,1,0.6,1,1,1,0.7,0,1,1,-308,0,242,0,1,0,3;
custom,field2,default,1,0.6,1,1,1,0.7,0,1,1,-352,0,264,0,1,0,1;
custom,field1,default,1,0.6,1,1,1,0.8,0,1,1,-308,0,330,0,1,0,0;
custom,field1,default,1,0.6,1,1,1,0.8,0,1,1,-352,0,286,0,1,0,3;
custom,field2,default,1,0.6,1,1,1,0.7,0,1,1,-308,0,330,0,1,0,0;
custom,field2,default,1,0.6,1,1,1,0.7,0,1,1,-110,0,550,0,1,0,0;
custom,field1,default,1,0.6,1,1,1,0.8,0,1,1,-132,0,506,0,1,0,3;
custom,field1,default,1,0.6,1,1,1,0.8,0,1,1,-77,0,440,0,1,0,-4;
custom,field2,default,1,0.6,1,1,1,0.7,0,1,1,-99,0,528,0,1,0,0;
custom,field1,default,1,0.6,1,1,1,0.8,0,1,1,-154,0,517,0,1,0,0;
custom,field2,default,1,0.6,1,1,1,0.7,0,1,1,-176,0,495,0,1,0,-3;
custom,field1,default,1,0.6,1,1,1,0.8,0,1,1,-198,0,462,0,1,0,0;
custom,field2,default,1,0.6,1,1,1,0.7,0,1,1,-88,0,-550,0,1,0,0;
custom,field1,default,1,0.6,1,1,1,0.8,0,1,1,-77,0,-495,0,1,0,-3;
custom,field2,default,1,0.6,1,1,1,0.7,0,1,1,-55,0,-517,0,1,0,1;
custom,field1,default,1,0.6,1,1,1,0.8,0,1,1,-66,0,-462,0,1,0,-2;
custom,field2,default,1,0.6,1,1,1,0.7,0,1,1,-77,0,-429,0,1,0,-1;
custom,field1,default,1,0.6,1,1,1,0.8,0,1,1,-55,0,-407,0,1,0,0;
custom,field2,default,1,0.6,1,1,1,0.7,0,1,1,-88,0,-396,0,1,0,1;
custom,field1,default,1,0.6,1,1,1,0.8,0,1,1,-77,0,-363,0,1,0,3;
custom,field2,default,1,0.6,1,1,1,0.7,0,1,1,-66,0,-385,0,1,0,0;
custom,field1,default,1,0.6,1,1,1,0.8,0,1,1,-66,0,-341,0,1,0,3;
custom,field2,default,1,0.6,1,1,1,0.7,0,1,1,-55,0,-352,0,1,0,0;
custom,field1,default,1,0.6,1,1,1,0.8,0,1,1,-77,0,-308,0,1,0,1;
custom,field2,default,1,0.6,1,1,1,0.7,0,1,1,-88,0,-286,0,1,0,0;
custom,field1,default,1,0.6,1,1,1,0.8,0,1,1,-99,0,-242,0,1,0,0;
custom,field2,default,1,0.6,1,1,1,0.7,0,1,1,-55,0,-264,0,1,0,3;
custom,field1,default,1,0.6,1,1,1,0.8,0,1,1,-66,0,-242,0,1,0,0;
custom,field2,default,1,0.6,1,1,1,0.7,0,1,1,-77,0,-269.5,0,1,0,-3;
custom,field1,default,1,0.6,1,1,1,0.8,0,1,1,-88,0,-361.9,0,1,0,0;
custom,field2,default,1,0.6,1,1,1,0.7,0,1,1,-88,0,-407,0,1,0,0;
custom,field1,default,1,0.6,1,1,1,0.8,0,1,1,-99,0,-517,0,1,0,1;
custom,field2,default,1,0.6,1,1,1,0.7,0,1,1,-88,0,-231,0,1,0,0;
custom,field1,default,1,0.6,1,1,1,0.8,0,1,1,-66,0,-220,0,1,0,3;
custom,field2,default,1,0.6,1,1,1,0.7,0,1,1,-88,0,-220,0,1,0,0;
custom,field1,default,1,0.6,1,1,1,0.8,0,1,1,-77,0,-165,0,1,0,-3;
custom,field2,default,1,0.6,1,1,1,0.7,0,1,1,-55,0,-187,0,1,0,1;
custom,field1,default,1,0.6,1,1,1,0.8,0,1,1,-66,0,-132,0,1,0,-2;
custom,field2,default,1,0.6,1,1,1,0.7,0,1,1,-77,0,-99,0,1,0,-1;
custom,field1,default,1,0.6,1,1,1,0.8,0,1,1,-55,0,-77,0,1,0,0;
custom,field2,default,1,0.6,1,1,1,0.7,0,1,1,-88,0,-66,0,1,0,1;
custom,field1,default,1,0.6,1,1,1,0.8,0,1,1,-77,0,-33,0,1,0,3;
custom,field2,default,1,0.6,1,1,1,0.7,0,1,1,-66,0,-55,0,1,0,0;
custom,field1,default,1,0.6,1,1,1,0.8,0,1,1,-66,0,-11,0,1,0,3;
custom,field2,default,1,0.6,1,1,1,0.7,0,1,1,-55,0,22,0,1,0,0;
custom,field1,default,1,0.6,1,1,1,0.8,0,1,1,-77,0,88,0,1,0,1;
custom,field2,default,1,0.6,1,1,1,0.7,0,1,1,-88,0,66,0,1,0,0;
custom,field1,default,1,0.6,1,1,1,0.8,0,1,1,-99,0,22,0,1,0,0;
custom,field2,default,1,0.6,1,1,1,0.7,0,1,1,-55,0,44,0,1,0,3;
custom,field1,default,1,0.6,1,1,1,0.8,0,1,1,-66,0,22,0,1,0,0;
custom,field2,default,1,0.6,1,1,1,0.7,0,1,1,-77,0,49.5,0,1,0,-3;
custom,field1,default,1,0.6,1,1,1,0.8,0,1,1,-88,0,141.9,0,1,0,0;
custom,field2,default,1,0.6,1,1,1,0.7,0,1,1,-88,0,187,0,1,0,0;
custom,field1,default,1,0.6,1,1,1,0.8,0,1,1,-99,0,297,0,1,0,1;
custom,field2,default,1,0.6,1,1,1,0.7,0,1,1,-88,0,11,0,1,0,0;
custom,field1,default,1,0.6,1,1,1,0.8,0,1,1,-66,0,0,0,1,0,3;
custom,field1,default,1,0.6,1,1,1,0.8,0,1,1,-66,0,132,0,1,0,0;
custom,field2,default,1,0.6,1,1,1,0.7,0,1,1,-77,0,159.5,0,1,0,-3;
custom,field1,default,1,0.6,1,1,1,0.8,0,1,1,-88,0,251.9,0,1,0,0;
custom,field2,default,1,0.6,1,1,1,0.7,0,1,1,-88,0,297,0,1,0,0;
custom,field1,default,1,0.6,1,1,1,0.8,0,1,1,-99,0,187,0,1,0,1;
custom,field2,default,1,0.6,1,1,1,0.7,0,1,1,-88,0,550,0,1,0,0;
custom,field1,default,1,0.6,1,1,1,0.8,0,1,1,-77,0,495,0,1,0,-3;
custom,field2,default,1,0.6,1,1,1,0.7,0,1,1,-55,0,517,0,1,0,1;
custom,field1,default,1,0.6,1,1,1,0.8,0,1,1,-66,0,462,0,1,0,-2;
custom,field2,default,1,0.6,1,1,1,0.7,0,1,1,-77,0,429,0,1,0,-1;
custom,field1,default,1,0.6,1,1,1,0.8,0,1,1,-55,0,407,0,1,0,0;
custom,field2,default,1,0.6,1,1,1,0.7,0,1,1,-88,0,396,0,1,0,1;
custom,field1,default,1,0.6,1,1,1,0.8,0,1,1,-77,0,363,0,1,0,3;
custom,field2,default,1,0.6,1,1,1,0.7,0,1,1,-66,0,385,0,1,0,0;
custom,field1,default,1,0.6,1,1,1,0.8,0,1,1,-66,0,341,0,1,0,3;
custom,field2,default,1,0.6,1,1,1,0.7,0,1,1,-55,0,352,0,1,0,0;
custom,field1,default,1,0.6,1,1,1,0.8,0,1,1,-77,0,308,0,1,0,1;
custom,field2,default,1,0.6,1,1,1,0.7,0,1,1,-88,0,286,0,1,0,0;
custom,field1,default,1,0.6,1,1,1,0.8,0,1,1,-99,0,242,0,1,0,0;
custom,field2,default,1,0.6,1,1,1,0.7,0,1,1,-55,0,264,0,1,0,3;
custom,field1,default,1,0.6,1,1,1,0.8,0,1,1,-66,0,242,0,1,0,0;
custom,field2,default,1,0.6,1,1,1,0.7,0,1,1,-77,0,269.5,0,1,0,-3;
custom,field1,default,1,0.6,1,1,1,0.8,0,1,1,-88,0,361.9,0,1,0,0;
custom,field2,default,1,0.6,1,1,1,0.7,0,1,1,-88,0,407,0,1,0,0;
custom,field1,default,1,0.6,1,1,1,0.8,0,1,1,-99,0,517,0,1,0,1;
custom,field2,default,1,0.6,1,1,1,0.7,0,1,1,-88,0,231,0,1,0,0;
custom,field2,default,1,0.6,1,1,1,0.7,0,1,1,-66,0,220,0,1,0,3;
custom,field1,default,1,0.6,1,1,1,0.8,0,1,1,-45.1,0,-528,0,1,0,-1;
custom,field1,default,1,0.6,1,1,1,0.8,0,1,1,-47.3,0,-418,0,1,0,-1;
custom,field2,default,1,0.6,1,1,1,0.7,0,1,1,-34.1,0,-396,0,1,0,-1;
custom,field1,default,1,0.6,1,1,1,0.8,0,1,1,-42.9,0,-220,0,1,0,1;
custom,field2,default,1,0.6,1,1,1,0.7,0,1,1,-38.5,0,-341,0,1,0,-1;
custom,field1,default,1,0.6,1,1,1,0.8,0,1,1,-41.8,0,-297,0,1,0,1;
custom,field2,default,1,0.6,1,1,1,0.7,0,1,1,-35.2,0,-275,0,1,0,-1;
custom,field1,default,1,0.6,1,1,1,0.8,0,1,1,-47.3,0,-187,0,1,0,1;
custom,field2,default,1,0.6,1,1,1,0.7,0,1,1,-39.6,0,-110,0,1,0,-1;
custom,field1,default,1,0.6,1,1,1,0.8,0,1,1,-45.1,0,-88,0,1,0,-1;
custom,field2,default,1,0.6,1,1,1,0.7,0,1,1,-35.2,0,-55,0,1,0,1;
custom,field1,default,1,0.6,1,1,1,0.8,0,1,1,-46.2,0,-44,0,1,0,-1;
custom,field2,default,1,0.6,1,1,1,0.7,0,1,1,-37.4,0,-11,0,1,0,1;
custom,field1,default,1,0.6,1,1,1,0.8,0,1,1,-48.4,0,528,0,1,0,-1;
custom,field1,default,1,0.6,1,1,1,0.8,0,1,1,-45.1,0,418,0,1,0,-1;
custom,field2,default,1,0.6,1,1,1,0.7,0,1,1,-57.2,0,396,0,1,0,-1;
custom,field1,default,1,0.6,1,1,1,0.8,0,1,1,-46.2,0,220,0,1,0,1;
custom,field2,default,1,0.6,1,1,1,0.7,0,1,1,-61.6,0,341,0,1,0,-1;
custom,field1,default,1,0.6,1,1,1,0.8,0,1,1,-46.2,0,297,0,1,0,1;
custom,field2,default,1,0.6,1,1,1,0.7,0,1,1,-56.1,0,275,0,1,0,-1;
custom,field1,default,1,0.6,1,1,1,0.8,0,1,1,-49.5,0,187,0,1,0,1;
custom,field2,default,1,0.6,1,1,1,0.7,0,1,1,-52.8,0,110,0,1,0,-1;
custom,field1,default,1,0.6,1,1,1,0.8,0,1,1,-46.2,0,88,0,1,0,-1;
custom,field2,default,1,0.6,1,1,1,0.7,0,1,1,-58.3,0,55,0,1,0,1;
custom,field1,default,1,0.6,1,1,1,0.8,0,1,1,-48.4,0,44,0,1,0,-1;
custom,field2,default,1,0.6,1,1,1,0.7,0,1,1,-53.9,0,11,0,1,0,1;
custom,field2,default,1,0.6,1,1,1,0.7,0,1,1,88,0,550,0,1,0,0;
custom,field1,default,1,0.6,1,1,1,0.8,0,1,1,77,0,495,0,1,0,-3;
custom,field2,default,1,0.6,1,1,1,0.7,0,1,1,55,0,517,0,1,0,1;
custom,field1,default,1,0.6,1,1,1,0.8,0,1,1,66,0,462,0,1,0,-2;
custom,field2,default,1,0.6,1,1,1,0.7,0,1,1,77,0,429,0,1,0,-1;
custom,field1,default,1,0.6,1,1,1,0.8,0,1,1,55,0,407,0,1,0,0;
custom,field2,default,1,0.6,1,1,1,0.7,0,1,1,88,0,396,0,1,0,1;
custom,field1,default,1,0.6,1,1,1,0.8,0,1,1,77,0,363,0,1,0,3;
custom,field2,default,1,0.6,1,1,1,0.7,0,1,1,66,0,385,0,1,0,0;
custom,field1,default,1,0.6,1,1,1,0.8,0,1,1,66,0,341,0,1,0,3;
custom,field2,default,1,0.6,1,1,1,0.7,0,1,1,55,0,352,0,1,0,0;
custom,field1,default,1,0.6,1,1,1,0.8,0,1,1,77,0,308,0,1,0,1;
custom,field2,default,1,0.6,1,1,1,0.7,0,1,1,88,0,286,0,1,0,0;
custom,field1,default,1,0.6,1,1,1,0.8,0,1,1,99,0,242,0,1,0,0;
custom,field2,default,1,0.6,1,1,1,0.7,0,1,1,55,0,264,0,1,0,3;
custom,field1,default,1,0.6,1,1,1,0.8,0,1,1,66,0,242,0,1,0,0;
custom,field2,default,1,0.6,1,1,1,0.7,0,1,1,77,0,269.5,0,1,0,-3;
custom,field1,default,1,0.6,1,1,1,0.8,0,1,1,88,0,361.9,0,1,0,0;
custom,field2,default,1,0.6,1,1,1,0.7,0,1,1,88,0,407,0,1,0,0;
custom,field1,default,1,0.6,1,1,1,0.8,0,1,1,99,0,517,0,1,0,1;
custom,field2,default,1,0.6,1,1,1,0.7,0,1,1,88,0,231,0,1,0,0;
custom,field1,default,1,0.6,1,1,1,0.8,0,1,1,66,0,220,0,1,0,3;
custom,field2,default,1,0.6,1,1,1,0.7,0,1,1,88,0,220,0,1,0,0;
custom,field1,default,1,0.6,1,1,1,0.8,0,1,1,77,0,165,0,1,0,-3;
custom,field2,default,1,0.6,1,1,1,0.7,0,1,1,55,0,187,0,1,0,1;
custom,field1,default,1,0.6,1,1,1,0.8,0,1,1,66,0,132,0,1,0,-2;
custom,field2,default,1,0.6,1,1,1,0.7,0,1,1,77,0,99,0,1,0,-1;
custom,field1,default,1,0.6,1,1,1,0.8,0,1,1,55,0,77,0,1,0,0;
custom,field2,default,1,0.6,1,1,1,0.7,0,1,1,88,0,66,0,1,0,1;
custom,field1,default,1,0.6,1,1,1,0.8,0,1,1,77,0,33,0,1,0,3;
custom,field2,default,1,0.6,1,1,1,0.7,0,1,1,66,0,55,0,1,0,0;
custom,field1,default,1,0.6,1,1,1,0.8,0,1,1,66,0,11,0,1,0,3;
custom,field2,default,1,0.6,1,1,1,0.7,0,1,1,55,0,-22,0,1,0,0;
custom,field1,default,1,0.6,1,1,1,0.8,0,1,1,77,0,-88,0,1,0,1;
custom,field2,default,1,0.6,1,1,1,0.7,0,1,1,88,0,-66,0,1,0,0;
custom,field1,default,1,0.6,1,1,1,0.8,0,1,1,99,0,-22,0,1,0,0;
custom,field2,default,1,0.6,1,1,1,0.7,0,1,1,55,0,-44,0,1,0,3;
custom,field1,default,1,0.6,1,1,1,0.8,0,1,1,66,0,-22,0,1,0,0;
custom,field2,default,1,0.6,1,1,1,0.7,0,1,1,77,0,-49.5,0,1,0,-3;
custom,field1,default,1,0.6,1,1,1,0.8,0,1,1,88,0,-141.9,0,1,0,0;
custom,field2,default,1,0.6,1,1,1,0.7,0,1,1,88,0,-187,0,1,0,0;
custom,field1,default,1,0.6,1,1,1,0.8,0,1,1,99,0,-297,0,1,0,1;
custom,field2,default,1,0.6,1,1,1,0.7,0,1,1,88,0,-11,0,1,0,0;
custom,field1,default,1,0.6,1,1,1,0.8,0,1,1,66,0,0,0,1,0,3;
custom,field1,default,1,0.6,1,1,1,0.8,0,1,1,66,0,-132,0,1,0,0;
custom,field2,default,1,0.6,1,1,1,0.7,0,1,1,77,0,-159.5,0,1,0,-3;
custom,field1,default,1,0.6,1,1,1,0.8,0,1,1,88,0,-251.9,0,1,0,0;
custom,field2,default,1,0.6,1,1,1,0.7,0,1,1,88,0,-297,0,1,0,0;
custom,field1,default,1,0.6,1,1,1,0.8,0,1,1,99,0,-187,0,1,0,1;
custom,field2,default,1,0.6,1,1,1,0.7,0,1,1,88,0,-550,0,1,0,0;
custom,field1,default,1,0.6,1,1,1,0.8,0,1,1,77,0,-495,0,1,0,-3;
custom,field2,default,1,0.6,1,1,1,0.7,0,1,1,55,0,-517,0,1,0,1;
custom,field1,default,1,0.6,1,1,1,0.8,0,1,1,66,0,-462,0,1,0,-2;
custom,field2,default,1,0.6,1,1,1,0.7,0,1,1,77,0,-429,0,1,0,-1;
custom,field1,default,1,0.6,1,1,1,0.8,0,1,1,55,0,-407,0,1,0,0;
custom,field2,default,1,0.6,1,1,1,0.7,0,1,1,88,0,-396,0,1,0,1;
custom,field1,default,1,0.6,1,1,1,0.8,0,1,1,77,0,-363,0,1,0,3;
custom,field2,default,1,0.6,1,1,1,0.7,0,1,1,66,0,-385,0,1,0,0;
custom,field1,default,1,0.6,1,1,1,0.8,0,1,1,66,0,-341,0,1,0,3;
custom,field2,default,1,0.6,1,1,1,0.7,0,1,1,55,0,-352,0,1,0,0;
custom,field1,default,1,0.6,1,1,1,0.8,0,1,1,77,0,-308,0,1,0,1;
custom,field2,default,1,0.6,1,1,1,0.7,0,1,1,88,0,-286,0,1,0,0;
custom,field1,default,1,0.6,1,1,1,0.8,0,1,1,99,0,-242,0,1,0,0;
custom,field2,default,1,0.6,1,1,1,0.7,0,1,1,55,0,-264,0,1,0,3;
custom,field1,default,1,0.6,1,1,1,0.8,0,1,1,66,0,-242,0,1,0,0;
custom,field2,default,1,0.6,1,1,1,0.7,0,1,1,77,0,-269.5,0,1,0,-3;
custom,field1,default,1,0.6,1,1,1,0.8,0,1,1,88,0,-361.9,0,1,0,0;
custom,field2,default,1,0.6,1,1,1,0.7,0,1,1,88,0,-407,0,1,0,0;
custom,field1,default,1,0.6,1,1,1,0.8,0,1,1,99,0,-517,0,1,0,1;
custom,field2,default,1,0.6,1,1,1,0.7,0,1,1,88,0,-231,0,1,0,0;
custom,field2,default,1,0.6,1,1,1,0.7,0,1,1,66,0,-220,0,1,0,3;
custom,field1,default,1,0.6,1,1,1,0.8,0,1,1,45.1,0,528,0,1,0,-1;
custom,field1,default,1,0.6,1,1,1,0.8,0,1,1,47.3,0,418,0,1,0,-1;
custom,field2,default,1,0.6,1,1,1,0.7,0,1,1,34.1,0,396,0,1,0,-1;
custom,field1,default,1,0.6,1,1,1,0.8,0,1,1,42.9,0,220,0,1,0,1;
custom,field2,default,1,0.6,1,1,1,0.7,0,1,1,38.5,0,341,0,1,0,-1;
custom,field1,default,1,0.6,1,1,1,0.8,0,1,1,41.8,0,297,0,1,0,1;
custom,field2,default,1,0.6,1,1,1,0.7,0,1,1,35.2,0,275,0,1,0,-1;
custom,field1,default,1,0.6,1,1,1,0.8,0,1,1,47.3,0,187,0,1,0,1;
custom,field2,default,1,0.6,1,1,1,0.7,0,1,1,39.6,0,110,0,1,0,-1;
custom,field1,default,1,0.6,1,1,1,0.8,0,1,1,45.1,0,88,0,1,0,-1;
custom,field2,default,1,0.6,1,1,1,0.7,0,1,1,35.2,0,55,0,1,0,1;
custom,field1,default,1,0.6,1,1,1,0.8,0,1,1,46.2,0,44,0,1,0,-1;
custom,field2,default,1,0.6,1,1,1,0.7,0,1,1,37.4,0,11,0,1,0,1;
custom,field1,default,1,0.6,1,1,1,0.8,0,1,1,48.4,0,-528,0,1,0,-1;
custom,field1,default,1,0.6,1,1,1,0.8,0,1,1,45.1,0,-418,0,1,0,-1;
custom,field2,default,1,0.6,1,1,1,0.7,0,1,1,57.2,0,-396,0,1,0,-1;
custom,field1,default,1,0.6,1,1,1,0.8,0,1,1,46.2,0,-220,0,1,0,1;
custom,field2,default,1,0.6,1,1,1,0.7,0,1,1,61.6,0,-341,0,1,0,-1;
custom,field1,default,1,0.6,1,1,1,0.8,0,1,1,46.2,0,-297,0,1,0,1;
custom,field2,default,1,0.6,1,1,1,0.7,0,1,1,56.1,0,-275,0,1,0,-1;
custom,field1,default,1,0.6,1,1,1,0.8,0,1,1,49.5,0,-187,0,1,0,1;
custom,field2,default,1,0.6,1,1,1,0.7,0,1,1,52.8,0,-110,0,1,0,-1;
custom,field1,default,1,0.6,1,1,1,0.8,0,1,1,46.2,0,-88,0,1,0,-1;
custom,field2,default,1,0.6,1,1,1,0.7,0,1,1,58.3,0,-55,0,1,0,1;
custom,field1,default,1,0.6,1,1,1,0.8,0,1,1,48.4,0,-44,0,1,0,-1;
custom,field2,default,1,0.6,1,1,1,0.7,0,1,1,53.9,0,-11,0,1,0,1;
custom,field1,default,1,0.6,1,1,1,0.8,0,1,1,-552.2,0,-22,0,1,0,2;
custom,field1,default,1,0.6,1,1,1,0.8,0,1,1,-530.2,0,-99,0,1,0,1;
custom,field2,default,1,0.6,1,1,1,0.7,0,1,1,-550,0,11,0,1,0,0;
custom,field1,default,1,0.6,1,1,1,0.8,0,1,1,-555.5,0,66,0,1,0,2;
custom,field2,default,1,0.6,1,1,1,0.7,0,1,1,-561,0,88,0,1,0,1;
custom,field1,default,1,0.6,1,1,1,0.8,0,1,1,-572,0,-55,0,1,0,0;
custom,field1,default,1,0.6,1,1,1,0.8,0,1,1,552.2,0,22,0,1,0,2;
custom,field1,default,1,0.6,1,1,1,0.8,0,1,1,530.2,0,99,0,1,0,1;
custom,field2,default,1,0.6,1,1,1,0.7,0,1,1,550,0,-11,0,1,0,0;
custom,field1,default,1,0.6,1,1,1,0.8,0,1,1,555.5,0,-66,0,1,0,2;
custom,field2,default,1,0.6,1,1,1,0.7,0,1,1,561,0,-88,0,1,0,1;
custom,field1,default,1,0.6,1,1,1,0.8,0,1,1,572,0,55,0,1,0,0;

base,aot_supply,-41.36,1.1,-462,0,1,0,-1;
spawnpoint,playerC,-37.84,110,-464.2,0,1,0,0;
custom,cuboid,grass3,140,10,140,1,1,0.5,0,1,1,0,-49.5,0,0,1,0,0;
racing,killCuboid,62.7,10,139.8,354,-49.9,0,0,1,0,0;
racing,killCuboid,62.7,10,139.8,-354,-49.9,0,0,1,0,0;
custom,cuboid,stone2,8.8,10,139.6,0,0,0,0,0.27,4,0,-49,0,0,1,0,0;