map,disablebounds;
custom,cuboid,grass,100,10,100,1,0.8295454,0.6704546,0.2045455,1.0,1.0,-6.118966,-48.72965,122.2409,0,0.03705538,0,-0.9993132;
custom,cuboid,grass,100,10,100,1,0.8295454,0.6704546,0.2045455,1.0,1.0,-662.7171,-48.31588,-252.095,0,0.04235137,0,-0.9991028;
custom,cuboid,grass,100,10,100,1,0.8295454,0.6704546,0.2045455,1.0,1.0,-894.3716,-47.59713,731.8713,0,0.04235903,0,-0.9991025;
custom,cuboid,grass,100,10,100,1,0.8295454,0.6704546,0.2045455,1.0,1.0,84.86105,-52.19112,249.8689,0,0.0004912933,0,-0.9999999;
custom,cuboid,grass,100,10,100,1,0.8295454,0.6704546,0.2045455,1.0,1.0,979.4363,-48.98746,336.316,0,-0.05722615,0,0.9983612;
custom,cuboid,grass,100,10,100,1,0.8295454,0.6704546,0.2045455,1.0,1.0,947.8933,-49.02554,-237.9244,0,0.6638194,0,0.7478929;
misc,barrier,500,100,100,1992.882,354.5421,1594.763,0,0.745425,0,0.6665894;
custom,cuboid,brick2,50,20,10,1,0.2386364,0.2727273,0.2727273,1.0,1.0,-27.09546,98.54542,682.5421,0,0.03882799,0,-0.9992459;
custom,cuboid,brick2,50,20,10,1,0.2386364,0.2727273,0.2727273,1.0,1.0,469.2806,98.55289,722.519,0,0.04170639,0,-0.99913;
custom,cuboid,brick2,50,20,10,1,0.2386364,0.2727273,0.2727273,1.0,1.0,-385.4965,98.67824,644.97,0,0.06404249,0,-0.9979472;
custom,cuboid,brick2,10,20,20,1,0.2386364,0.2727273,0.2727273,1.0,1.0,-584.3948,101.5409,612.2527,0,0.05408674,0,-0.9985362;
custom,cuboid,brick2,10,20,20,1,0.2386364,0.2727273,0.2727273,1.0,1.0,747.3427,98.53707,743.3779,0,0.02186969,0,-0.9997609;
custom,cuboid,brick2,10,20,10,1,0.2386364,0.2727273,0.2727273,1.0,1.0,507.7327,102.572,673.6574,0,0.03935289,0,-0.9992254;
custom,cuboid,brick2,10,20,10,1,0.2386364,0.2727273,0.2727273,1.0,1.0,-353.93,100.5194,581.7505,0,0.05116014,0,-0.9986905;
custom,boulder3,default,100,100,100,0,0.2386364,0.2727273,0.2727273,1.0,1.0,-1567.495,-288.1102,959.6298,0,-0.05725762,0,-0.9983594;
custom,boulder3,default,100,100,100,0,0.2386364,0.2727273,0.2727273,1.0,1.0,1838.526,-541.2304,1029.313,0,0.7021759,0,0.7120036;
custom,boulder3,default,100,100,100,0,0.2386364,0.2727273,0.2727273,1.0,1.0,-1632.887,-513.8465,255.9628,0,0.6941286,0,-0.7198511;
custom,boulder3,default,100,50,100,0,0.2386364,0.2727273,0.2727273,1.0,1.0,1796.776,-72.23077,-382.2595,0,0.7020482,0,0.7121295;
custom,boulder3,default,100,50,100,0,0.2386364,0.2727273,0.2727273,1.0,1.0,586.4734,-140.5685,-871.3846,0,0.9988768,0,-0.04738294;
custom,boulder2,default,100,50,100,0,0.2386364,0.2727273,0.2727273,1.0,1.0,-103.1465,-280.1123,-1692.777,0,0.8955934,0,-0.4448735;
custom,boulder3,default,100,50,100,0,0.2386364,0.2727273,0.2727273,1.0,1.0,-1100.946,-119.9682,-1074.573,0,0.8969616,0,-0.4421085;
custom,cuboid,brick2,10,10,30,1,0.2386364,0.2727273,0.2727273,1.0,1.0,-0.3495834,-27.92089,869.7273,0,0.9984699,0,0.05529772;
custom,cuboid,brick2,10,10,30,1,0.2386364,0.2727273,0.2727273,1.0,1.0,295.5653,-24.29161,894.6544,0,0.9974743,0,0.07102839;
custom,cuboid,brick2,10,10,30,1,0.2386364,0.2727273,0.2727273,1.0,1.0,-338.9776,-29.15118,812.7372,0,0.9982904,0,0.05845012;
custom,cuboid,brick2,10,10,30,1,0.2386364,0.2727273,0.2727273,1.0,1.0,709.8474,-24.80769,930.994,0,0.9997413,0,0.022747;
custom,cuboid,brick2,10,10,50,1,0.2386364,0.2727273,0.2727273,1.0,1.0,429.6959,-24.48722,778.3833,0,0.7423656,0,-0.669995;
custom,cuboid,brick2,10,10,50,1,0.2386364,0.2727273,0.2727273,1.0,1.0,-63.84698,-26.52657,724.5971,0,0.7461842,0,-0.6657397;
custom,cuboid,brick2,10,10,50,1,0.2386364,0.2727273,0.2727273,1.0,1.0,-537.6163,-28.18366,691.9252,0,0.7508267,0,-0.6604993;
custom,boulder3,default,10,10,10,0,0.2386364,0.2727273,0.2727273,1.0,1.0,850.3808,-18.03033,842.3788,0,0.9710587,0,0.2388413;
custom,boulder2,default,10,10,10,0,0.2386364,0.2727273,0.2727273,1.0,1.0,1218.723,-15.70713,829.3937,0,0.9520321,0,0.3059981;
custom,boulder3,default,10,10,10,0,0.2386364,0.2727273,0.2727273,1.0,1.0,1019.478,-25.65271,806.1828,0,0.876462,0,-0.4814711;
custom,boulder3,default,10,10,10,0,0.2386364,0.2727273,0.2727273,1.0,1.0,1086.198,24.74736,830.2598,0,0.931574,0,0.3635517;
custom,boulder2,default,10,10,10,0,0.2386364,0.2727273,0.2727273,1.0,1.0,849.9767,31.67626,824.545,-0.163284,0.8892964,0.1657736,0.3937123;
custom,boulder2,default,10,10,10,0,0.2386364,0.2727273,0.2727273,1.0,1.0,1142.985,44.87672,949.5722,-0.474516,0.7623611,0.1963685,0.3938015;
custom,boulder1,grass,10,10,10,1,0.5909091,0.4772727,0.1704545,1.0,1.0,991.6652,-71.51579,864.8035,-0.4737161,0.0251084,0.06591251,-0.8778486;
custom,boulder1,grass,10,10,10,1,0.5909091,0.4772727,0.1704545,1.0,1.0,973.5144,-68.05581,931.5615,-0.1795139,-0.8699103,0.3202982,-0.3293023;
custom,boulder2,grass2,10,10,10,0,0.5909091,0.4772727,0.1704545,1.0,1.0,1109.331,29.40919,956.0457,-0.1069791,0.8659157,0.4412065,0.2099581;
custom,boulder2,grass2,10,10,10,0,0.5909091,0.4772727,0.1704545,1.0,1.0,853.14,-27.15462,870.7672,0,0.9369501,0,0.3494631;
custom,boulder1,grass,10,10,10,1,0.5909091,0.4772727,0.1704545,1.0,1.0,971.1068,-45.0622,1045.599,0.4517751,0.3355185,-0.5151055,0.6465237;
custom,boulder2,default,10,10,10,0,0.5909091,0.4772727,0.1704545,1.0,1.0,1072.644,6.511096,1129.888,0,0.8962358,0,0.4435779;
custom,boulder2,default,10,10,10,0,0.5909091,0.4772727,0.1704545,1.0,1.0,1019.926,-33.43254,1132.652,0,0.8306692,0,0.5567662;
custom,boulder2,default,10,10,10,0,0.5909091,0.4772727,0.1704545,1.0,1.0,899.8597,-43.27914,1000.836,-0.02553476,0.9470073,0.07785819,0.3105853;
custom,cuboid,ice1,500,10,500,1,0.5909091,0.6590909,1,1.0,1.0,415.9837,-107.7929,-187.1933,0,0.9996744,0,0.02551775;
racing,startPlane,500,10,500,1599.686,-4.430338,1809.186,0,0.6297926,0,0.7767634;
spawnpoint,titan,696.7964,112.01,-1037.727,0,0.9310864,0,0.364799;
spawnpoint,titan,739.967,113.698,-1068.114,0,0.9629052,0,-0.2698398;
spawnpoint,titan,734.7393,102.4585,-1179.126,0,0.9310864,0,0.364799;
custom,field2,default,1,1,1,0,1,1,1,1.0,1.0,921.7935,51.00518,861.5189,0,0.1179533,0,-0.9930192;
custom,field2,default,1,1,1,0,1,1,1,1.0,1.0,898.6688,-4.360198,762.8665,0,-0.5380407,0,-0.8429189;
custom,field2,default,1,1,1,0,1,1,1,1.0,1.0,1013.819,-5.992158,737.5536,0,0.06277801,0,0.9980275;
custom,field2,default,1,1,1,0,1,1,1,1.0,1.0,1016.695,52.94435,844.7394,-0.279283,0.1743073,0.0516322,0.9428426;
custom,field2,default,1,1,1,0,1,1,1,1.0,1.0,867.3918,74.64443,1003.456,0.1122331,0.7027473,-0.2705479,-0.648347;
custom,field2,default,1,1,1,0,1,1,1,1.0,1.0,1021.409,95.21535,1058.161,0,0.2835029,0,0.9589714;
custom,field2,default,1,1,1,0,1,1,1,1.0,1.0,1010.7,82.97844,979.7069,0,0.5873533,0,0.8093307;
custom,field2,default,1,1,1,0,1,1,1,1.0,1.0,973.3385,54.87373,1032.642,0,0.5220431,0,0.8529191;
custom,field2,default,1,1,1,0,1,1,1,1.0,1.0,893.2479,76.46266,1048.6,0,0.9985423,0,-0.05397442;
custom,field2,default,1,1,1,0,1,1,1,1.0,1.0,1007.552,109.9177,1127.035,0,0.5784814,0,0.8156956;
custom,boulder1,grass,10,10,10,1,0.8636364,0.6704546,0,1.0,1.0,857.2855,-54.45483,962.8599,0,0.9096287,0,0.4154222;
custom,boulder1,grass,10,10,10,1,0.8636364,0.6704546,0,1.0,1.0,842.9755,-87.19814,1043.811,0,0.8273721,0,0.5616543;
custom,boulder1,grass,10,10,10,1,0.8636364,0.6704546,0,1.0,1.0,856.6008,-87.94064,1100.828,0.00834384,0.03489797,0.999356,-0.0002913753;
custom,boulder1,grass,10,10,10,1,0.8636364,0.6704546,0,1.0,1.0,906.2319,-87.46075,1230.593,-0.884766,0.005927728,-0.4582895,0.08440781;
custom,boulder1,grass,10,10,10,1,0.8636364,0.6704546,0,1.0,1.0,977.8024,-106.2061,1282.66,-0.9886112,0.05181112,-0.141099,0.007394685;
custom,boulder1,grass,10,10,10,1,0.8636364,0.6704546,0,1.0,1.0,999.9593,-105.4046,1271.692,-0.03370152,-0.06544049,-0.9971663,-0.0155273;
custom,boulder1,grass,10,10,10,1,0.8636364,0.6704546,0,1.0,1.0,1064.792,-99.65952,1241.93,-0.8581131,-0.06161119,0.5060424,-0.06137665;
custom,boulder3,default,10,10,10,0,0.8636364,0.6704546,0,1.0,1.0,1293.833,8.353389,941.372,0,0.9656871,0,0.2597085;
custom,boulder2,default,1,1,1,0,0.8636364,0.6704546,0,1.0,1.0,1027.6,1.803874,1251.753,0,0.9966533,0,0.08174534;
custom,boulder2,default,1,1,1,0,0.8636364,0.6704546,0,1.0,1.0,1017.671,2.188653,1251.701,0,0.8789335,0,-0.4769442;
custom,field2,default,1,1,1,0,0.8636364,0.6704546,0,1.0,1.0,994.295,-6.089855,1243.712,0,0.9990019,0,-0.04466732;
custom,field2,default,1,1,1,0,0.8636364,0.6704546,0,1.0,1.0,963.4674,0.9750419,1213.674,0,0.9792566,0,0.2026244;
custom,field2,default,1,1,1,0,0.8636364,0.6704546,0,1.0,1.0,942.8306,6.384577,1201.912,0,0.9915793,0,0.1295013;
custom,field2,default,1,1,1,0,0.8636364,0.6704546,0,1.0,1.0,1033.895,-9.395596,1257.543,0,0.9864764,0,-0.1639033;
custom,field2,default,1,1,1,0,0.8636364,0.6704546,0,1.0,1.0,1086.202,1.204392,1221.06,0,0.9868317,0,-0.1617508;
custom,field2,default,1,1,1,0,0.8636364,0.6704546,0,1.0,1.0,1066.906,-3.861694,1246.471,0,0.9885374,0,-0.1509767;
custom,field2,default,1,1,1,0,0.8636364,0.6704546,0,1.0,1.0,1121.326,5.167431,1217.084,0,0.7879225,0,-0.6157745;
custom,field2,default,1,1,1,0,0.8636364,0.6704546,0,1.0,1.0,863.6311,5.993965,1102.914,0,0.6292272,0,-0.7772214;
custom,trunk1,grass,10,10,10,1,0.909091,0.6704546,0,1.0,1.0,-84.94359,-143.4849,652.0667,-0.1210148,-0.3113315,0.06143381,-0.9405605;
custom,trunk1,grass,10,10,10,1,0.8636364,0.6704546,0,1.0,1.0,59.64104,-102.2063,615.1354,-0.1609658,-0.6314941,-0.1873461,-0.7349876;
custom,trunk1,grass,10,10,10,1,0.909091,0.6704546,0,1.0,1.0,-129.0625,-104.6854,604.299,-0.1139659,0.31972,0.1354358,-0.930832;
custom,boulder1,grass,10,10,10,1,0.909091,0.6704546,0,1.0,1.0,-246.0173,-58.82802,605.8264,-0.678214,-0.702565,-0.01866459,-0.2146624;
custom,boulder1,grass,10,10,10,1,0.909091,0.6704546,0,1.0,1.0,261.6207,-76.6573,604.0699,0.006335162,0.3637165,0.9313987,0.01290731;
custom,boulder4,grass,10,10,10,1,0.909091,0.6704546,0,1.0,1.0,582.2098,-51.95592,615.4717,-0.3368515,0.1627501,-0.05923621,-0.9254916;
custom,boulder4,grass,10,10,10,1,0.909091,0.6704546,0,1.0,1.0,389.5484,-72.02144,593.04,0.2868656,-0.0366859,0.05497358,0.9556884;
custom,boulder4,grass,10,10,10,1,0.909091,0.6704546,0,1.0,1.0,505.3273,-69.5567,572.5836,0.3187898,-0.1220039,0.05564909,0.9382917;
custom,boulder4,grass,10,10,10,1,0.909091,0.6704546,0,1.0,1.0,680.4164,-88.06211,635.6122,-0.3059787,0.3230319,-0.1112287,-0.8886257;
custom,boulder4,grass,10,10,10,1,0.909091,0.6704546,0,1.0,1.0,745.9863,-81.86603,638.8552,-0.07161486,0.2953355,-0.02220638,-0.9524469;
custom,tree6,default,1,1,1,0,0.909091,0.6704546,0,1.0,1.0,844.2413,15.09309,-106.5945,0,0.7717956,0,0.6358707;
custom,tree4,default,1,1,1,0,0.909091,0.6704546,0,1.0,1.0,456.4525,1.648689,-178.7522,0,0.8114209,0,-0.5844623;
custom,tree6,default,1,1,1,0,0.909091,0.6704546,0,1.0,1.0,-318.1617,-8.86921,126.4901,0,0.2590485,0,0.9658644;
custom,wagon1,default,1,1,1,0,0.909091,0.6704546,0,1.0,1.0,-27.21769,3.273017,-38.76023,0,0.522308,0,-0.852757;
base,aot_supply,default,1,1,1,0,0.909091,0.6704546,0,1.0,1.0,-25.90361,4.104483,-40.28494,0,0.8846835,0,0.466192;
custom,trunk1,grass,10,10,10,1,0.909091,0.6704546,0,1.0,1.0,-412.0548,-163.8181,937.9465,0,0.9925772,0,-0.1216164;
custom,trunk1,grass,10,10,10,1,0.909091,0.6704546,0,1.0,1.0,-427.5678,-164.459,1037.3,0,0.939631,0,-0.3421893;
custom,trunk1,grass,10,10,10,1,0.909091,0.6704546,0,1.0,1.0,-430.7117,-163.8113,1169.845,0,0.9821716,0,-0.1879866;
custom,trunk1,grass,10,10,10,1,0.909091,0.6704546,0,1.0,1.0,-553.6655,-165.4968,1197.886,0,0.6086193,0,-0.7934623;
racing,startCuboid,500,10,500,-3529.221,-102.2102,1675.852,0,0.772961,0,-0.6344535;
racing,startCuboid,250,10,250,-13.11883,-104.983,2339.3,0,0.08498744,0,-0.9963821;
racing,startCuboid,250,10,250,-83.33343,-56.60099,2186.835,0,0.06767875,0,-0.9977072;
racing,startCuboid,250,10,250,1601.779,-103.1367,3123.498,0,0.2307222,0,-0.9730197;
racing,startCuboid,250,10,250,-58.53653,-86.85232,2590.604,0,0.09619801,0,-0.9953622;
racing,startCuboid,250,10,250,-1661.252,-104.2373,2285.994,0,0.5154781,0,-0.8569027;
misc,barrier,500,100,100,179.5565,219.1289,-1040.68,0,0.9998599,0,0.01674236;
misc,barrier,500,100,100,-1790.615,277.8018,-75.0199,0,0.634231,0,-0.7731436;
misc,barrier,500,100,100,-1491.89,-2.375879,2940.97,0,0.7629325,0,-0.6464782;
misc,barrier,500,100,100,-210.7955,-34.38356,3357.513,0,0.1214535,0,-0.9925972;
custom,boulder1,default,5,5,5,0,0.909091,0.6704546,0,1.0,1.0,683.7161,-41.18579,944.1949,0,0.9180648,0,0.3964304;
custom,boulder1,default,5,5,5,0,0.909091,0.6704546,0,1.0,1.0,216.217,-41.51782,789.5262,0,0.9611827,0,-0.2759129;
custom,boulder1,default,5,5,5,0,0.909091,0.6704546,0,1.0,1.0,116.7872,-52.71772,771.2552,0,0.9611827,0,-0.2759128;
custom,boulder1,default,5,5,5,0,0.909091,0.6704546,0,1.0,1.0,658.9685,-45.84143,866.3234,0,0.9761793,0,0.2169655;
custom,boulder1,default,5,5,5,0,0.909091,0.6704546,0,1.0,1.0,581.3614,-53.23008,817.6513,0,0.8492571,0,-0.5279796;
custom,boulder1,default,5,5,5,0,0.909091,0.6704546,0,1.0,1.0,486.6463,-38.79357,814.2914,0,0.6567979,0,-0.7540667;
custom,boulder1,default,5,5,5,0,0.909091,0.6704546,0,1.0,1.0,391.4317,-51.21706,808.4564,-0.448923,0.8848751,0.05626282,-0.1109;
custom,boulder1,default,5,5,5,0,0.909091,0.6704546,0,1.0,1.0,329.8102,-59.04495,842.848,0,0.9815654,0,-0.1911267;
custom,boulder1,default,5,5,5,0,0.909091,0.6704546,0,1.0,1.0,28.98338,-56.10158,828.069,0,0.5289356,0,-0.848662;
custom,boulder1,default,5,5,5,0,0.909091,0.6704546,0,1.0,1.0,-72.81258,-67.88661,764.9372,0,0.9880656,0,0.1540335;
custom,boulder1,default,5,5,5,0,0.909091,0.6704546,0,1.0,1.0,-247.7329,-66.20162,770.5639,0,0.9193824,0,-0.393365;
custom,elevator1,default,5,5,10,0,0.9090909,0.7272727,0,1.0,1.0,22.10558,-7.180934,4013.785,0,-0.388566,0,-0.9214209;
custom,boulder1,grass,10,10,10,1,0.9090909,0.7272727,0,1.0,1.0,-365.1877,-53.60812,565.0311,0,-0.4213851,0,-0.9068818;
custom,boulder2,grass,10,10,10,1,0.9090909,0.7272727,0,1.0,1.0,-522.8608,-65.8495,515.6573,-0.4115399,-0.2921461,0.2324612,-0.8314129;
custom,boulder1,grass,10,10,10,1,0.9090909,0.7272727,0,1.0,1.0,-604.8585,-59.32863,538.7286,0.1999717,0.1406094,0.2744375,-0.9300131;
custom,boulder1,default,10,10,10,0,0.9090909,0.7272727,0,1.0,1.0,-190.2102,-122.4398,749.5096,0,0.9735127,0,-0.2286331;
custom,boulder2,default,10,10,10,0,0.9090909,0.7272727,0,1.0,1.0,-562.8245,-80.98814,985.8646,0,0.5509753,0,-0.8345216;
custom,boulder2,default,10,10,10,0,0.9090909,0.7272727,0,1.0,1.0,-563.1515,-5.820565,1121.315,0,0.2870947,0,-0.9579023;
custom,boulder2,default,10,10,10,0,0.9090909,0.7272727,0,1.0,1.0,-625.4229,-43.01748,1219.211,0.245994,0.7275274,0.3239162,-0.5525116;
custom,boulder3,default,10,10,10,0,0.9090909,0.7272727,0,1.0,1.0,-483.5379,-59.66498,1275.933,0,0.7508166,0,-0.6605108;
custom,boulder2,default,10,10,10,0,0.9090909,0.7272727,0,1.0,1.0,-583.4491,-36.59372,842.8907,0,0.884471,0,-0.4665952;
custom,boulder3,default,10,10,10,0,0.9090909,0.7272727,0,1.0,1.0,-599.7121,18.31752,740.6592,0,0.3183554,0,-0.9479715;
custom,tree3,default,1,1,1,0,0.9090909,0.7272727,0,1.0,1.0,-468.7789,26.95599,886.1861,0,0.5330821,0,-0.8460636;
custom,tree3,default,1,1,1,0,0.9090909,0.7272727,0,1.0,1.0,-466.6982,64.78535,1066.275,0,0.3732161,0,-0.9277444;
custom,tree3,default,1,1,1,0,0.9090909,0.7272727,0,1.0,1.0,-419.8949,22.19374,1118.613,0,0.704532,0,-0.7096723;
custom,tree3,default,1,1,1,0,0.9090909,0.7272727,0,1.0,1.0,1105.963,26.91494,1242.233,0,0.7655654,0,0.6433581;
custom,tree3,default,1,1,1,0,0.9090909,0.7272727,0,1.0,1.0,969.6729,18.07475,1212.814,0,0.9719318,0,-0.2352631;
custom,tree3,default,1,1,1,0,0.9090909,0.7272727,0,1.0,1.0,1427.114,234.346,1401.011,0,0.832247,0,0.5544051;
custom,tree3,default,1,1,1,0,0.9090909,0.7272727,0,1.0,1.0,1355.011,120.9613,1467.891,0,0.7994716,0,0.600704;
custom,tree3,default,1,1,1,0,0.9090909,0.7272727,0,1.0,1.0,1369.664,322.5081,1277.302,0,-0.467225,0,-0.8841385;
base,aot_supply,default,5,1,1,0,0.9090909,0.7272727,0,1.0,1.0,47.17318,196.6213,692.1226,-0.5269336,0.4628533,-0.5917397,-0.3974318;
custom,boulder1,grass,1,1,1,1,0.9090909,0.7272727,0,1.0,1.0,823.674,37.71609,1036.419,0,0.7569624,0,0.6534585;
custom,boulder2,default,1,1,1,0,0.9090909,0.7272727,0,1.0,1.0,931.9608,71.25816,1136.31,0,0.8981626,0,0.4396634;
custom,boulder3,default,1,1,1,0,0.9090909,0.7272727,0,1.0,1.0,915.3176,74.62476,1132.516,0,0.8933128,0,0.4494355;
custom,boulder2,default,1,1,1,0,0.9090909,0.7272727,0,1.0,1.0,903.354,74.86749,1126.458,0,0.9640607,0,0.2656821;
custom,tree3,default,1,1,1,0,0.9090909,0.7272727,0,1.0,1.0,1205.678,127.4934,853.3617,0,0.126882,0,0.9919178;
custom,tree3,default,1,1,1,0,0.9090909,0.7272727,0,1.0,1.0,1100.655,19.34375,651.5636,0,0.3650885,0,0.9309728;
spawnpoint,titan,-2092.592,344.2522,1937.438,0,0.9985397,0,0.05402278;
spawnpoint,titan,-2093.287,332.0525,1943.908,0,0.9985397,0,0.05402278;
spawnpoint,titan,-2094.7,363.8937,1956.942,0,0.9985397,0,0.05402278;
custom,wagon1,default,5,5,10,0,0.9090909,0.7272727,0,1.0,1.0,40.51105,11.97798,4005.926,0,-0.3614168,0,-0.9324044;
custom,cuboid,brick2,5,20,10,1,0.1477273,0.1590909,0.1590909,1.0,1.0,163.2762,18.96386,727.8811,0.2389393,0.6845573,0.2714412,-0.632937;
custom,cuboid,brick2,5,20,10,1,0.1477273,0.1590909,0.1590909,1.0,1.0,229.7153,90.27509,736.301,-0.2577331,-0.6161858,0.2311678,-0.7074251;
custom,cuboid,brick2,5,20,10,1,0.1477273,0.1590909,0.1590909,1.0,1.0,354.334,147.5969,747.75,0.4895859,0.5252907,0.5108218,-0.4726905;
spawnpoint,playerC,-88.42753,19.20966,-273.013,0,0.9998333,0,-0.01826015;
spawnpoint,playerM,103.6309,13.08877,-247.2182,0,0.9999478,0,-0.01022344;
