custom,tree1,grass,200,20,200,0,0.1136364,0.8636364,0,1.0,1.0,8413.601,124.4279,-527.4394,0,0.7570319,0,0.6533781;
custom,tree3,earth1,0.5,0.5,0.5,1,0.3295455,0.3977273,0.2840909,1.0,1.0,3276.094,40.21716,153.6226,0,0.5924025,0,-0.8056422;
custom,wall4,default,2,2,2,0,1,1,1,1.0,1.0,4053.053,73.66299,1207.743,0,0.7294621,0,-0.6840212;
map,disablebounds;
custom,wall4,default,2,2,2,0,1,1,1,1.0,1.0,4104.141,73.9574,-106.4752,0,-0.7200078,0,0.6939661;
custom,wall4,default,2,2,2,0,1,1,1,1.0,1.0,4015.999,71.4565,1799.893,0,-0.7287555,0,0.684774;
custom,wall4,default,2,2,2,0,1,1,1,1.0,1.0,4163.039,72.84438,-1410.73,0,-0.7325643,0,0.6806979;
custom,tree5,earth1,0.5,0.5,0.5,1,0.3295455,0.3977273,0.2840909,1.0,1.0,3847.342,23.51028,-79.8756,0,0.984683,0,-0.1743545;
custom,wall4,default,2,2,2,0,1,1,1,1.0,1.0,4177.103,69.69465,-1541.229,0,0.7282717,0,-0.6852885;
custom,tree3,earth1,1,1,1,1,0.3295455,0.3977273,0.2840909,1.0,1.0,3378.572,82.84755,159.332,0,0.7954342,0,-0.60604;
misc,barrier,20,200,300,-3550.453,220.4258,574.4587,0,-0.07675737,0,-0.9970498;
custom,tree6,earth1,0.5,0.5,0.5,1,0.3295455,0.3977273,0.2840909,1.0,1.0,3884.646,34.41361,-33.1779,0,0.9839128,0,-0.1786493;
custom,tree4,earth1,1,1,1,1,0.3295455,0.3977273,0.2840909,1.0,1.0,3451.003,59.7399,97.83956,0,0.8096166,0,-0.5869592;
customb,house1,default,1,2,1,1,0.2954545,0.3409091,0.4090909,1.0,1.0,562.275,-13.74419,747.0146,0,0.9902971,0,-0.1389667;
customb,house1,default,1,1,1,0,0.5113636,0.5227273,0.3636364,1.0,1.0,3487.618,12.52238,1074.572,0,0.6988682,0,0.7152506;
custom,leaf0,default,0.5,0.5,0.5,0,1,1,1,1,1,303.0994,31.52044,39.60429,0.1285974,0.8115259,0.4643811,-0.3305129;
custom,leaf0,default,0.5,0.5,0.5,0,1,1,1,1,1,105.0208,28.21075,-309.7134,-0.1851819,0.8145963,0.3990667,0.3780031;
custom,leaf0,default,0.5,0.5,0.5,0,1,1,1,1,1,107.3762,27.18557,-314.9761,-0.4199067,0.2679014,0.1312435,0.8571361;
custom,leaf0,default,0.5,0.5,0.5,0,1,1,1,1,1,207.6718,28.32698,-89.98635,0.4880142,0.17677,0.1016473,-0.8486828;
custom,tree1,default,0.2,0.2,0.2,0,1,1,1,1,1,206.126,-1.214879,-88.09851,0,0.4978861,0,0.8672425;
custom,leaf0,default,0.5,0.5,0.5,0,1,1,1,1,1,202.4147,28.09455,-90.22407,-0.3714311,0.537516,0.2846002,0.7015114;
custom,leaf0,default,0.5,0.5,0.5,0,1,1,1,1,1,207.2782,29.62193,-86.75374,0.06512585,0.8249571,0.5614209,0.003308423;
custom,leaf0,default,0.5,0.5,0.5,0,1,1,1,1,1,303.3968,33.36048,34.83196,0.3079504,0.3637655,0.1288161,-0.869625;
custom,leaf0,default,0.5,0.5,0.5,0,1,1,1,1,1,298.014,31.07186,30.94345,-0.436041,0.6501286,0.2941922,0.5483175;
custom,leaf0,default,0.5,0.5,0.5,0,1,1,1,1,1,-163.2062,29.1057,101.9442,-0.2017132,0.7968441,0.3749664,0.4286624;
custom,leaf0,default,0.5,0.5,0.5,0,1,1,1,1,1,3.189815,29.58224,51.70205,-0.1627388,0.8515149,0.4475086,0.2194871;
custom,leaf0,default,0.5,0.5,0.5,0,1,1,1,1,1,8.80552,29.57495,52.23677,0.2454164,0.7429019,0.3575347,-0.5099378;
custom,leaf0,default,0.5,0.5,0.5,0,1,1,1,1,1,9.506089,30.61854,43.75025,-0.3990187,0.1517352,0.008099184,0.9042649;
custom,windmill1,default,1,1,1,0,0.5113636,0.5227273,0.3636364,1.0,1.0,3669.97,-3.171564,784.9664,0,-0.5287949,0,-0.8487496;
custom,boulder4,rock3,5,5,5,0,0.3295455,0.3977273,0.2840909,1.0,1.0,3370.146,-47.52797,-290.3193,0,0.8250591,0,-0.5650464;
customb,house1,default,1,2,1,1,0.2954545,0.3409091,0.4090909,1.0,1.0,1141.748,37.16931,949.0753,0,0.7689733,0,-0.6392809;
custom,tree3,earth1,0.1,0.1,0.1,1,0.3295455,0.3977273,0.2840909,1.0,1.0,3912.77,8.981071,-30.56315,0,0.9999989,0,0.001466707;
custom,tree2,earth1,0.3,0.3,0.3,1,0.3295455,0.3977273,0.2840909,1.0,1.0,3416.947,14.8671,143.9393,0,0.5530446,0,-0.8331516;
custom,tree4,earth1,0.5,0.5,0.5,1,0.3295455,0.3977273,0.2840909,1.0,1.0,3885.025,28.25979,-91.41732,0,0.9788992,0,-0.204344;
customb,house1,default,1,1,1,1,0.4204545,0.7840909,0.5568182,1.0,1.0,1890.384,14.43175,-871.8206,0,0.6278529,0,-0.7783321;
customb,house1,default,1,1,1,1,0.4204545,0.7840909,0.5568182,1.0,1.0,1751.117,7.188962,-870.175,0,0.5403268,0,-0.8414553;
customb,house1,default,1,1,1,1,0.4204545,0.7840909,0.5568182,1.0,1.0,1591.776,5.341915,-945.8624,0,0.971884,0,-0.2354604;
custom,house12,default,1,1,1,1,0.4659091,0.6590909,0.3977273,1.0,1.0,1172.75,4.624324,1057.99,0,0.734086,0,-0.6790565;
custom,tree5,default,1,1,1,0,1,1,1,1.0,1.0,-1656.599,15.72079,-457.3882,0,0.9188467,0,-0.3946149;
misc,barrier,15,100,200,3233.214,489.0157,-1929.401,0,0.7188918,0,-0.695122;
misc,barrier,15,100,200,1247.367,473.096,-1995.831,0,0.7171087,0,-0.6969615;
misc,barrier,15,100,200,4258.355,324.7222,-841.9335,0,-0.02886496,0,0.9995833;
misc,barrier,15,100,200,4177.396,255.5056,937.8682,0,0.9999026,0,0.01396174;
custom,tree3,default,1,1,1,0,0.3295455,0.3977273,0.2840909,1.0,1.0,3400.212,47.38026,-314.4376,0,0.9669114,0,-0.2551125;
custom,boulder1,default,1,1,1,0,0.5113636,0.5227273,0.3636364,1.0,1.0,3767.062,3.405437,787.9813,0,0.7137972,0,-0.7003525;
customb,house1,default,1,1,1,0,0.5113636,0.5227273,0.3636364,1.0,1.0,3450.656,11.04476,1073.418,0,0.6977436,0,0.7163477;
custom,tree3,default,1,1,1,0,0.5113636,0.5227273,0.3636364,1.0,1.0,3766.531,6.915407,1046.006,0,0.7735349,0,-0.6337537;
customb,house1,default,1,1,1,0,0.3295455,0.3977273,0.2840909,1.0,1.0,3892.241,11.0083,868.824,0,0.0571047,0,-0.9983682;
customb,house1,default,1,1,1,0,0.3295455,0.3977273,0.2840909,1.0,1.0,3883.283,11.1573,942.8184,0,0.04827782,0,-0.998834;
custom,house7,default,1,1,1,0,0.5113636,0.5227273,0.3636364,1.0,1.0,3740.148,19.0139,844.1547,0,0.03855619,0,-0.9992565;
custom,log2,earth2,1,1,1,0,0.3295455,0.3977273,0.2840909,1.0,1.0,3417.574,9.439981,-302.4464,0,0.6558573,0,-0.754885;
custom,tree7,default,1,1,1,0,0.5113636,0.5227273,0.3636364,1.0,1.0,3758.769,16.97958,785.8471,0,0.7706069,0,-0.6373108;
custom,boulder1,default,1,1,1,0,0.5113636,0.5227273,0.3636364,1.0,1.0,3467.918,2.612743,102.683,0,0.8175884,0,-0.5758031;
custom,field2,default,1,1,1,0,0.5113636,0.5227273,0.3636364,1.0,1.0,3878.264,1.79974,-94.25809,0,0.9494528,0,-0.31391;
custom,field1,default,1,1,1,0,0.5113636,0.5227273,0.3636364,1.0,1.0,3408.725,2.444847,808.0936,0,0.8644869,0,-0.5026555;
custom,field1,default,1,1,1,0,0.5113636,0.5227273,0.3636364,1.0,1.0,3846.151,3.772982,-95.12396,0,0.9277081,0,-0.3733064;
custom,field2,default,1,1,1,0,0.5113636,0.5227273,0.3636364,1.0,1.0,3594.244,3.322942,1008.533,0,0.4823566,0,-0.875975;
custom,tree7,default,0.6,0.6,0.6,0,0.5113636,0.5227273,0.3636364,1.0,1.0,3403.831,23.39082,840.5446,0,0.948658,0,-0.3163038;
custom,leaf2,default,1,1,1,0,0.5113636,0.5227273,0.3636364,1.0,1.0,3767.472,27.78079,1050.02,0,0.1663739,0,-0.9860628;
custom,leaf1,default,1,1,1,0,0.5113636,0.5227273,0.3636364,1.0,1.0,3844.878,47.6596,-80.97492,0,0.8429716,0,-0.537958;
custom,log1,default,0.6,0.6,0.6,0,0.5113636,0.5227273,0.3636364,1.0,1.0,3573.163,5.65512,945.3122,0.5219339,0.4379552,-0.5607216,-0.4705015;
custom,leaf1,default,1,1,1,0,0.5113636,0.5227273,0.3636364,1.0,1.0,3891.213,58.93381,-29.38881,0,0.9987016,0,-0.05094353;
custom,wall4,default,5,3,3,0,0.3295455,0.3977273,0.2840909,1.0,1.0,3841.589,9.314793,3759.313,0,0.6668721,0,0.7451723;
custom,wall4,default,5,3,3,0,0.3295455,0.3977273,0.2840909,1.0,1.0,4003.207,8.5879,2300.026,0,0.6676829,0,0.7444458;
custom,cuboid,grass3,200,20,200,0,0.5113636,0.5227273,0.3636364,1.0,1.0,3275.537,-97.5702,-2915.89,0,0.6886045,0,0.7251372;
custom,cuboid,grass3,200,20,200,0,0.5113636,0.5227273,0.3636364,1.0,1.0,1627.983,-95.78904,2966.558,0,0.7546928,0,-0.6560784;
custom,house2,default,1,1,1,0,1,1,1,1.0,1.0,3335.098,11.69406,173.3315,0,-0.3682172,0,-0.9297399;
custom,cuboid,grass3,200,20,200,0,0.5113636,0.5227273,0.3636364,1.0,1.0,1393.149,-98.28684,-3003.245,0,0.738313,0,-0.6744583;
customb,tree0,earth1,0.1,0.1,0.1,1,0.3295455,0.3977273,0.2840909,1.0,1.0,3919.93,11.09215,-60.94055,0,0.996506,0,-0.08352116;
custom,house12,default,1,1,1,0,0.5113636,0.5227273,0.3636364,1.0,1.0,3682.904,-0.9190401,1032.324,0,0.08225082,0,-0.9966117;
custom,field2,default,1,1,1,0,0.5113636,0.5227273,0.3636364,1.0,1.0,3771.312,3.125282,1027.739,0,0.1363723,0,-0.9906577;
custom,boulder1,default,1,1,1,0,0.5113636,0.5227273,0.3636364,1.0,1.0,3894.712,5.159626,-43.35482,0,0.9977631,0,0.06684949;
custom,boulder5,default,0.6,0.6,0.6,0,0.5113636,0.5227273,0.3636364,1.0,1.0,3386.285,-4.974958,812.9534,0,0.8622853,0,-0.5064229;
custom,tree3,default,0.6,0.6,0.6,0,0.5113636,0.5227273,0.3636364,1.0,1.0,3381.327,21.06211,786.7334,0,0.6650227,0,-0.7468232;
custom,boulder4,default,1,1,1,0,0.5113636,0.5227273,0.3636364,1.0,1.0,3391.447,-2.877242,153.6154,0,0.8074154,0,-0.5899835;
custom,tree7,default,0.6,0.6,0.6,0,0.5113636,0.5227273,0.3636364,1.0,1.0,3435.768,-0.4790252,778.6523,0,0.4236395,0,-0.9058309;
custom,tree2,default,0.6,0.6,0.6,0,0.5113636,0.5227273,0.3636364,1.0,1.0,3436.106,37.45914,810.2857,0,0.6731333,0,-0.7395212;
customb,tree0,default,1,1,1,0,1,1,1,1,1,54.37294,7.68922,-100.1888,0,0.5682797,0,-0.8228355;
customb,tree0,default,1,1,1,0,1,1,1,1,1,63.51367,-40.66971,-54.69837,0,0.32153,0,-0.9468994;
customb,tree0,default,1,1,1,0,1,1,1,1,1,47.97754,-41.50603,-8.320833,0,0.3256605,0,-0.9454868;
customb,tree0,default,1,1,1,0,1,1,1,1,1,72.17713,-53.95072,-152.3863,0,0.310941,0,0.9504292;
customb,house1,default,1,0.5,0.5,0,1,1,1,1,1,-94.48438,9.410627,-109.3549,0,0.9249626,0,0.3800581;
customb,house1,default,1,0.5,0.5,0,1,1,1,1,1,100.7629,8.396864,-171.8676,0,0.9427854,0,-0.3334002;
custom,tower1,default,1,0.5,0.5,0,1,1,1,1,1,106.4926,15.5613,-154.8268,0,0.9724891,0,-0.2329487;
customb,tree0,default,1,0.5,0.5,0,1,1,1,1,1,100.9978,36.53301,-94.59445,0,0.8081232,0,-0.5890136;
customb,tree0,default,1,0.5,0.5,0,1,1,1,1,1,47.93274,29.77373,35.47629,0.0001571856,0.9885236,-0.005932,-0.15095;
customb,house1,default,1,0.5,0.5,0,1,1,1,1,1,209.5826,-1.13708,-403.1219,0,0.3729581,0,-0.9278483;
customb,house1,default,1,0.5,0.5,0,1,1,1,1,1,-96.96407,7.350824,-254.6536,0,0.2725275,0,0.962148;
misc,barrier,200,200,50,-2678.975,-287.2343,1852.762,0,0.01518826,0,-0.9998847;
custom,cuboid,grass3,200,15,200,0,0.4659091,0.6590909,0.3977273,1.0,1.0,-4000.856,-76.2566,3404.46,0,0.7059609,0,-0.7082508;
customb,tree0,default,1,0.5,0.5,0,1,1,1,1,1,-61.7388,34.71277,-298.3249,0,0.04945279,0,-0.9987765;
customb,tree0,default,1,0.5,0.5,0,1,1,1,1,1,194.6079,31.62059,18.35194,0,0.9078919,0,-0.4192043;
custom,village2,default,0.4,0.4,0.4,0,1,1,1,1.0,1.0,227.3384,5.735441,297.7834,0,-0.2468937,0,0.9690426;
customb,house1,default,1,0.5,0.5,0,1,1,1,1,1,65.4109,7.304726,281.067,0,0.9890524,0,0.1475651;
customb,tree0,default,1,0.5,0.5,0,1,1,1,1,1,49.10654,37.21943,176.33,0,0.9965803,0,0.08263021;
customb,tree0,default,1,0.5,0.5,0,1,1,1,1,1,175.207,-0.8983635,-603.7207,0,0.6610584,0,-0.7503345;
customb,tree0,default,1,0.5,0.5,0,1,1,1,1,1,57.53617,-12.68302,-421.6448,0,0.05222478,0,0.9986354;
customb,tree0,default,1,0.5,0.5,0,1,1,1,1,1,-215.0514,-13.18176,576.9822,0,0.6443553,0,0.7647263;
customb,tree0,default,1,0.5,0.5,0,1,1,1,1,1,561.1169,-12.87296,562.8062,0,0.8373893,0,0.546607;
customb,tree0,default,1,0.5,0.5,0,1,1,1,1,1,556.6071,-12.39763,373.5835,0,0.9665337,0,-0.2565399;
customb,tree0,default,1,0.5,0.5,0,1,1,1,1,1,429.7632,-12.5457,164.717,0,0.4887992,0,-0.8723963;
customb,tree0,default,1,0.5,0.5,0,1,1,1,1,1,479.1092,-13.77053,-3.312332,0,0.9820006,0,0.1888779;
customb,tree0,default,1,0.5,0.5,0,1,1,1,1,1,587.8234,-16.43872,-207.6286,0,0.00901249,0,-0.9999594;
customb,tree0,default,1,0.5,0.5,0,1,1,1,1,1,497.258,-13.53255,-441.271,0,0.9914039,0,0.1308371;
customb,tree0,default,1,0.5,0.5,0,1,1,1,1,1,-62.09248,-12.72264,-569.3019,0,0.002582937,0,-0.9999967;
customb,tree0,default,1,0.5,0.5,0,1,1,1,1,1,-296.0873,-11.65235,-522.9461,0,0.4387455,0,-0.8986114;
customb,tree0,default,1,0.5,0.5,0,1,1,1,1,1,-447.6945,-17.87993,-80.40706,0,0.3802378,0,0.9248887;
customb,tree0,default,1,0.5,0.5,0,1,1,1,1,1,-588.9997,-17.1777,245.2029,0,0.5864348,0,-0.8099965;
customb,tree0,default,1,0.5,0.5,0,1,1,1,1,1,-543.872,6.650917,653.9218,0,0.1072542,0,-0.9942316;
customb,tree0,default,1,0.5,0.5,0,1,1,1,1,1,-294.2634,-12.79915,444.5259,0,0.932591,0,0.360935;
customb,tree0,default,1,0.5,0.5,0,1,1,1,1,1,-472.3049,-12.76254,-432.9932,0,0.03797777,0,-0.9992786;
customb,tree0,default,1,0.5,0.5,0,1,1,1,1,1,-628.1651,-13.38932,-242.9076,0,0.6063114,0,0.7952274;
customb,tree0,default,1,0.5,0.5,0,1,1,1,1,1,-142.8833,-12.14847,395.9041,0,0.9788427,0,-0.2046144;
base,aot_supply,93.50711,0.09437288,-165.249,0,0.8993488,0,0.4372319;
customb,tree0,default,1,1,1,0,1,1,1,1,1,-313.3065,-56.35313,561.2642,0,0.9440786,0,0.3297204;
customb,tree0,default,1,1,1,0,1,1,1,1,1,265.1688,-36.63627,415.6188,0,0.9108471,0,0.412744;
customb,house1,default,1,0.5,0.5,0,1,1,1,1,1,-156.6832,7.986691,-438.9073,0,0.4009145,0,-0.9161155;
customb,house1,default,1,0.5,0.5,0,1,1,1,1,1,164.9445,7.661129,-499.3475,0,0.5485213,0,-0.8361366;
custom,tower1,default,1,0.5,0.5,0,1,1,1,1,1,182.1155,2.81057,-501.1263,0,0.5522043,0,-0.8337088;
customb,house1,default,1,0.5,0.5,0,1,1,1,1,1,443.6993,7.787254,-131.6131,0,0.09550152,0,0.9954293;
customb,house1,default,1,0.5,0.5,0,1,1,1,1,1,572.7048,7.633049,109.2143,0,0.9856338,0,-0.1688965;
custom,tower1,default,1,0.5,0.5,0,1,1,1,1,1,574.407,2.591745,127.5884,0.001447131,0.9867281,0.001213524,-0.1623708;
customb,house1,default,1,1,1,0,1,1,1,1,1,449.0859,15.50926,339.3457,0,0.995959,0,0.08980897;
custom,tree3,default,1,1,1,0,0.5113636,0.5227273,0.3636364,1.0,1.0,1917.384,66.24214,-1265.986,0,0.9859102,0,-0.1672754;
customb,tree0,default,1,0.75,0.75,0,1,1,1,1,1,303.1706,3.555824,57.09056,0,0.9498867,0,-0.3125945;
customb,house1,default,1,0.65,0.65,0,1,1,1,1,1,-67.22207,9.953083,513.539,0,0.6735221,0,0.7391671;
customb,house1,default,1,1,1,0,1,1,1,1,1,-393.3195,15.56108,329.821,0,0.9953662,0,-0.09615704;
customb,tree0,default,1,1,1,0,1,1,1,1,1,-445.9544,-28.2574,542.0083,0,0.7876052,0,0.6161804;
custom,wall4,default,15,3,3,0,0.5113636,0.5227273,0.3636364,1.0,1.0,4199.707,3.55158,-2116.287,0,0.6947861,0,0.7192165;
customb,tree0,default,1,0.5,0.5,0,1,1,1,1,1,-603.7245,-13.38845,-104.0139,0,0.103844,0,0.9945936;
customb,tree0,default,1,0.5,0.5,0,1,1,1,1,1,-631.6203,-12.90338,124.6254,0,0.3454683,0,0.9384304;
customb,tree0,default,1,0.5,0.5,0,1,1,1,1,1,-411.4021,-1.378681,-344.9344,0,0.4455712,0,0.8952466;
customb,tree0,default,1,0.5,0.5,0,1,1,1,1,1,-505.8255,-1.134198,-187.4117,0,0.318708,0,0.947853;
customb,tree0,default,1,0.5,0.5,0,1,1,1,1,1,-435.5698,-12.14396,-613.862,0,0.5830592,0,-0.8124297;
custom,tree7,default,1,1,1,0,1,1,1,1.0,1.0,537.467,18.2767,-609.9207,0,0.9234568,0,-0.3837025;
custom,boulder3,stone6,1,1,1,0,1,1,1,1,1,402.7212,0.5131223,126.3937,0,0.7468672,0,0.6649733;
custom,boulder3,stone6,0.5,0.5,0.5,0,1,1,1,1,1,205.0819,-1.304239,141.2108,0,0.6487329,0,0.7610162;
custom,boulder4,stone6,1,1,1,0,1,1,1,1,1,347.8145,-5.06483,208.0468,0,0.8259143,0,-0.5637957;
custom,cuboid,grass3,200,15,200,0,0.4659091,0.6590909,0.3977273,1.0,1.0,-2290.82,-72.99969,154.6352,0,0.7175153,0,-0.6965427;
custom,tree7,default,1,1,1,0,1,1,1,1.0,1.0,577.7067,32.46289,-942.7747,0,0.7723483,0,-0.6351992;
custom,tree7,default,0.5,0.5,0.5,0,1,1,1,1.0,1.0,-484.2684,16.9999,96.65526,0,0.8584321,0,0.5129274;
misc,barrier,200,200,20,-728.3312,-31.02497,-2111.016,0,0.9998884,0,-0.01494188;
customb,house1,default,0.7,1,0.7,0,1,1,1,1.0,1.0,3915.84,1.262791,261.1227,0,0.7152798,0,0.6988382;
custom,cuboid,grass3,200,15,200,0,0.4659091,0.6590909,0.3977273,1.0,1.0,-745.738,-77.66801,3088.11,0,0.05464678,0,-0.9985058;
custom,boulder4,stone6,0.5,0.5,0.5,0,1,1,1,1,1,112.4789,-3.110829,-353.758,0,0.9585546,0,0.284909;
custom,boulder2,stone6,0.5,0.5,0.5,0,1,1,1,1,1,-355.132,1.348013,-439.6861,0,0.9182841,0,-0.3959223;
custom,boulder1,stone6,0.5,0.5,0.5,0,1,1,1,1,1,-493.1722,2.717661,-167.0961,0,0.7763314,0,-0.630325;
custom,boulder5,stone6,0.5,0.5,0.5,0,1,1,1,1,1,348.1608,-1.280709,-356.3194,0,0.9885662,0,0.1507877;
custom,boulder5,stone6,0.5,0.5,0.5,0,1,1,1,1,1,241.2434,-4.24076,-131.1824,0,0.9976577,0,0.06840494;
custom,boulder5,stone6,0.5,0.5,0.5,0,1,1,1,1,1,-137.7028,-3.812438,-231.2525,0,0.9399712,0,-0.3412538;
custom,tree7,default,0.5,0.5,0.5,0,1,1,1,1.0,1.0,-714.1727,22.85091,213.1006,0,0.4600711,0,0.8878821;
custom,cuboid,grass3,200,15,200,0,0.4659091,0.6590909,0.3977273,1.0,1.0,-3609.477,-76.68481,1450.949,0,0.6968054,0,-0.7172604;
custom,tree7,default,1,1,1,0,1,1,1,1.0,1.0,489.2444,21.87919,-153.4067,0,0.9283992,0,-0.3715844;
custom,tree7,default,1,1,1,0,1,1,1,1.0,1.0,380.1561,23.58075,-984.06,0,0.7596995,0,-0.6502743;
custom,tree7,default,1,1,1,0,1,1,1,1.0,1.0,468.4456,27.27335,-748.7431,0,0.8895114,0,-0.4569129;
custom,capsule,stone6,2,0.5,3,0,1,1,1,1,1,239.7069,-2.161102,-54.29089,0,0.9971279,0,-0.0757367;
custom,tree7,default,1,1,1,0,1,1,1,1.0,1.0,482.9053,20.02765,82.13363,0,0.8813962,0,-0.4723777;
custom,tree7,default,1,1,1,0,1,1,1,1.0,1.0,621.6028,56.77415,-822.6321,0,0.8083736,0,-0.5886698;
custom,tower1,stone6,0.5,0.2,0.5,0,1,1,1,1,1,-24.4009,4.053792,-473.0357,0,0.8980727,0,-0.4398473;
custom,tower1,stone6,0.2,0.2,0.2,0,1,1,1,1,1,-14.2443,8.249202,-464.625,0,0.9980006,0,-0.06320509;
custom,tower4,default,1,1,1,1,0.4659091,0.4886364,0.3977273,1.0,1.0,1964.147,28.15607,-1172.459,0,0.9952629,0,-0.09722052;
custom,tree7,default,1,1,1,0,1,1,1,1.0,1.0,-240.8526,48.49463,-655.9284,0,0.6451691,0,0.7640399;
custom,tree7,default,1,1,1,0,1,1,1,1.0,1.0,-382.0914,19.11015,-756.3588,0,0.2364696,0,0.9716389;
custom,tree7,default,0.5,0.5,0.5,0,1,1,1,1.0,1.0,568.4966,4.752563,-707.9814,0,0.7098665,0,-0.7043362;
custom,pyramid,stone3,2,0.5,2,0,1,1,1,1,1,302.8939,-0.4158241,-250.7479,0,0.7925173,0,-0.6098495;
custom,tower1,stone6,0.2,0.2,0.2,0,1,1,1,1,1,-34.76408,8.649201,-462.6892,0,0.9980006,0,-0.06320509;
custom,cuboid,grass3,200,15,200,0,0.4659091,0.6590909,0.3977273,1.0,1.0,674.8627,-71.57581,3442.289,0,-0.1729871,0,0.9849241;
misc,barrier,200,200,20,-856.3745,-128.9673,1959.479,0,-0.002644278,0,0.9999965;
custom,tree7,default,1,1,1,0,1,1,1,1.0,1.0,-375.4181,14.08762,-616.0854,0,0.5761217,0,0.8173639;
custom,tree7,default,1,1,1,0,1,1,1,1.0,1.0,-544.2437,40.90242,-541.1276,0,0.476057,0,0.8794144;
customb,house1,default,1,1,1,0,0.5113636,0.5227273,0.3636364,1.0,1.0,3456.941,13.94262,985.7258,0,-0.9997962,0,-0.02018922;
customb,house1,default,1,1,1,0,0.5113636,0.5227273,0.3636364,1.0,1.0,3466.113,13.25232,899.3259,0,0.03667369,0,-0.9993273;
custom,tower4,default,1,1,1,0,0.5113636,0.5227273,0.3636364,1.0,1.0,3889.263,33.48914,817.7873,0,0.733856,0,-0.6793051;
custom,cuboid,grass3,200,15,200,0,0.4659091,0.6590909,0.3977273,1.0,1.0,-2031.872,-78.88245,3284.387,0,0.009481153,0,-0.9999551;
misc,barrier,200,200,50,-2704.69,51.11813,-2192.376,0,0.9997637,0,-0.02173686;
custom,tree7,default,1,1,1,0,1,1,1,1.0,1.0,-231.8741,53.51328,-766.126,0,0.8531293,0,0.5216995;
custom,boulder5,stone3,0.5,0.5,0.5,0,1,1,1,1,1,45.98025,-5.225291,-42.13704,0,0.9188581,0,-0.3945882;
custom,cuboid,grass3,800,50,800,0,0.4659091,0.6590909,0.3977273,1.0,1.0,-7102.486,-250.9165,-811.9125,0,0.7720413,0,-0.6355724;
custom,tree7,default,1,1,1,0,1,1,1,1.0,1.0,-21.50041,31.13932,-637.4606,0,0.6762765,0,0.7366479;
custom,cuboid,bark,6,0.1,2,0,1,1,1,1,1,-9.346198,11.78582,-72.14895,0,0.7148969,0,0.69923;
custom,cylinder,bark,0.2,1,0.2,0,1,1,1,1,1,-18.97692,2.635528,-101.317,0,0.3207313,0,0.9471703;
custom,cylinder,bark,0.2,1,0.2,0,1,1,1,1,1,-17.07413,1.406866,-42.7545,0,0.807283,0,0.5901645;
custom,boulder4,rock3,15,15,15,0,1,1,1,1.0,1.0,-3258.135,-195.3452,-122.2572,0,0.7679721,0,-0.6404833;
spawnpoint,titan,1813.79,320.7434,-425.16,0,0.71892,0,0.6950929;
spawnpoint,titan,2729.913,288.073,-341.6069,0,0.6220365,0,0.7829882;
custom,tree2,default,0.5,0.5,0.5,0,1,1,1,0.05,0.05,184.827,33.0076,88.85484,0,0.270063,0,-0.9628427;
custom,tree2,default,0.5,0.5,0.5,0,1,1,1,0.05,0.05,-94.83479,34.10112,-315.6136,0,0.9923604,0,-0.1233729;
custom,tree2,default,0.5,0.5,0.5,0,1,1,1,0.05,0.05,-26.8784,34.59819,-300.5768,0,0.4299016,0,0.9028758;
custom,tree2,default,0.5,0.5,0.5,0,1,1,1,0.05,0.05,112.9456,34.08831,-167.6624,0,0.07698438,0,-0.9970323;
custom,tree2,default,0.5,0.5,0.5,0,1,1,1,0.05,0.05,70.05962,33.49767,-118.0522,0,0.8034466,0,0.5953768;
custom,tree2,default,0.5,0.5,0.5,0,1,1,1,0.05,0.05,-295.2311,39.53298,-61.57299,0,-0.7322807,0,-0.681003;
custom,tree3,default,0.7,0.7,0.7,0,1,1,1,0.05,0.05,-233.1216,30.46485,191.5713,0,0.5535834,0,-0.8327937;
custom,tree2,default,0.5,0.5,0.5,0,1,1,1,0.05,0.05,-153.3867,33.85783,174.1746,0,0.9943858,0,-0.1058154;
custom,tree2,default,0.5,0.5,0.5,0,1,1,1,0.05,0.05,48.89898,33.25854,63.48737,0,0.1510527,0,0.9885257;
custom,tree2,default,0.5,0.5,0.5,0,1,1,1,0.05,0.05,62.39157,33.99881,116.0902,0,0.8803812,0,0.4742667;
custom,tree2,default,0.5,0.5,0.5,0,1,1,1,0.05,0.05,67.42249,26.52907,352.1463,0,0.5120112,0,-0.8589788;
custom,tree2,default,0.7,0.7,0.7,0,1,1,1,0.05,0.05,262.0478,47.30833,-82.98193,0,0.869644,0,-0.4936794;
custom,tree2,default,0.7,0.7,0.7,0,1,1,1,0.05,0.05,152.1006,46.43193,-299.8066,0,0.9378921,0,-0.346927;
custom,tree2,default,0.7,0.7,0.7,0,1,1,1,0.05,0.05,-127.4778,30.38336,-468.1328,0,0.4644364,0,0.8856065;
custom,tree3,default,0.7,0.7,0.7,0,1,1,1,0.05,0.05,-376.4092,32.75089,-482.3171,0,0.9219751,0,0.3872491;
custom,tree3,default,0.7,0.7,0.7,0,1,1,1,0.05,0.05,-288.8884,55.06507,-338.785,0,0.1558429,0,0.9877819;
custom,boulder1,rock3,15,15,15,0,1,1,1,1.0,1.0,-3402.672,-119.717,-30.70567,0,0.7538155,0,-0.6570862;
custom,tree5,default,1,1,1,0,1,1,1,1.0,1.0,-1743.997,39.9529,-397.7221,0,0.8411133,0,-0.540859;
spawnpoint,playerC,4031.832,13.59669,550.6846,0,0.6847208,0,0.7288055;
custom,boulder2,rock3,15,15,15,0,1,1,1,1.0,1.0,-3080.814,-84.48911,-472.7642,0.5180174,-0.2525655,-0.1633916,-0.8007321;
custom,boulder1,grass4,30,100,30,0,1,1,1,1.0,1.0,-1732.032,-21.27733,-861.3312,0,0.8396246,0,-0.5431672;
custom,boulder1,rock3,15,15,15,0,1,1,1,1.0,1.0,-3254.595,-144.675,-198.5527,0,0.7595199,0,-0.6504841;
custom,log2,default,1,1,1,0,1,1,1,1.0,1.0,-1585.516,2.801849,-491.7217,0,0.8576888,0,-0.5141692;
custom,boulder4,default,1,1,1,0,1,1,1,1.0,1.0,-1627.421,-2.714577,727.8275,0,0.5411438,0,-0.8409302;
custom,tree2,default,0.7,0.7,0.7,0,1,1,1,0.05,0.05,247.7383,47.51215,123.4663,0,0.6799019,0,0.7333031;
customb,tree0,default,0.7,0.7,0.7,0,1,1,1,1,1,320.5254,51.51312,138.6913,0,0.7288235,0,-0.6847016;
custom,tree2,default,0.7,0.7,0.7,0,1,1,1,0.05,0.05,358.0427,46.84702,200.4108,0,0.517278,0,-0.8558175;
custom,tree2,default,0.7,0.7,0.7,0,1,1,1,0.05,0.05,369.4595,46.92324,79.34827,0,0.5155427,0,-0.8568639;
custom,tree2,default,0.7,0.7,0.7,0,1,1,1,0.05,0.05,408.4425,46.49303,138.778,0,0.2887128,0,-0.9574158;
custom,tree2,default,0.7,0.7,0.7,0,1,1,1,0.05,0.05,367.7795,47.43399,350.9815,0,0.2308448,0,-0.9729906;
custom,tree2,default,0.7,0.7,0.7,0,1,1,1,0.05,0.05,344.8847,47.11003,450.376,0,0.8902435,0,0.455485;
custom,tree2,default,0.7,0.7,0.7,0,1,1,1,0.05,0.05,426.0246,47.3961,385.1711,0,0.5767641,0,-0.8169107;
custom,tree2,default,0.7,0.7,0.7,0,1,1,1,0.05,0.05,397.2612,47.91322,270.8813,0,0.7896026,0,-0.6136185;
custom,tree2,default,0.7,0.7,0.7,0,1,1,1,0.05,0.05,295.2577,47.31097,59.90214,0,0.6219806,0,0.7830327;
custom,tree2,default,0.7,0.7,0.7,0,1,1,1,0.05,0.05,376.3635,46.88956,-46.99606,0,0.03996681,0,-0.999201;
custom,tree2,default,0.7,0.7,0.7,0,1,1,1,0.05,0.05,410.869,47.09516,18.57605,0,0.7761666,0,-0.630528;
customb,house1,default,1,1,1,0,1,1,1,1.0,1.0,-1391.597,8.625093,-641.7923,0,0.9816222,0,-0.1908349;
custom,log1,grass4,20,60,20,0,1,1,1,1.0,1.0,-1706.71,855.402,92.2714,-0.003264088,-0.6928473,-0.7210406,0.00724409;
custom,tree2,default,0.7,0.7,0.7,0,1,1,1,0.05,0.05,351.578,47.81763,-150.9553,0,0.7608684,0,-0.6489062;
custom,tree2,default,0.7,0.7,0.7,0,1,1,1,0.05,0.05,268.5703,47.94741,-411.6821,0,0.2915721,0,0.9565489;
custom,tree2,default,0.7,0.7,0.7,0,1,1,1,0.05,0.05,232.6326,47.71758,-246.4214,0,0.6999867,0,0.714156;
custom,tree2,default,0.7,0.7,0.7,0,1,1,1,0.05,0.05,170.6416,47.12934,-503.5779,0,0.2853199,0,-0.9584324;
custom,tree2,default,0.7,0.7,0.7,0,1,1,1,0.05,0.05,196.1544,46.58823,-432.4488,0,0.4931522,0,0.8699431;
custom,tree2,default,0.7,0.7,0.7,0,1,1,1,0.05,0.05,72.32037,47.22935,-473.6182,0,0.244824,0,0.9695675;
custom,tree2,default,0.7,0.7,0.7,0,1,1,1,0.05,0.05,433.1928,46.46547,-449.0447,0,0.9627007,0,-0.2705687;
custom,tree2,default,0.7,0.7,0.7,0,1,1,1,0.05,0.05,499.4547,34.16659,-439.6447,0,0.9838764,0,0.1788497;
custom,tree3,default,0.7,0.7,0.7,0,1,1,1,0.05,0.05,468.6733,30.51438,-376.1794,0,0.9814385,0,0.1917771;
custom,tree2,default,0.7,0.7,0.7,0,1,1,1,0.05,0.05,460.0525,33.2826,-285.359,0,0.1228179,0,-0.9924293;
custom,tree2,default,0.7,0.7,0.7,0,1,1,1,0.05,0.05,400.7588,47.05548,-300.9696,0,0.3365982,0,-0.9416484;
custom,tree2,default,0.7,0.7,0.7,0,1,1,1,0.05,0.05,552.8275,47.32661,-385.2382,0,0.9012437,0,0.4333126;
custom,tree2,default,0.7,0.7,0.7,0,1,1,1,0.05,0.05,521.3809,46.99538,-310.3158,0,0.7095284,0,0.7046769;
custom,tree3,default,0.7,0.7,0.7,0,1,1,1,0.05,0.05,298.3893,40.49397,-454.7177,0,0.9400327,0,-0.3410844;
custom,tree2,default,0.7,0.7,0.7,0,1,1,1,0.05,0.05,314.2947,46.09715,-513.8467,0,0.5120264,0,-0.8589697;
custom,tree2,default,0.7,0.7,0.7,0,1,1,1,0.05,0.05,471.371,48.28548,-502.2079,0,0.9552815,0,-0.295698;
custom,tree2,default,0.7,0.7,0.7,0,1,1,1,0.05,0.05,412.1391,44.90321,-529.6146,0,0.5030335,0,0.864267;
customb,tree0,default,0.6,0.6,0.6,0,0.2386364,0.2272727,0.2272727,1,1,305.6284,32.21735,-326.1632,0,0.1902634,0,0.9817331;
custom,tree2,default,0.5,0.5,0.5,0,1,1,1,0.05,0.05,189.4142,32.62881,-71.06247,0,0.9834495,0,0.1811826;
custom,tree2,default,0.7,0.7,0.7,0,1,1,1,0.05,0.05,-33.36,47.78117,-366.6001,0,0.2727794,0,-0.9620766;
custom,tree2,default,0.7,0.7,0.7,0,1,1,1,0.05,0.05,-114.1751,44.27546,-398.1709,0,0.02475736,0,0.9996935;
custom,tree3,default,0.7,0.7,0.7,0,1,1,1,0.05,0.05,257.3629,38.33635,471.4598,0,0.339852,0,-0.940479;
custom,tree2,default,0.7,0.7,0.7,0,1,1,1,0.05,0.05,-149.8635,46.68486,330.0116,0,-0.465328,0,-0.8851383;
custom,tree2,default,0.7,0.7,0.7,0,1,1,1,0.05,0.05,-61.32535,46.9504,365.3681,0,0.2617747,0,0.965129;
custom,tree2,default,0.7,0.7,0.7,0,1,1,1,0.05,0.05,-5.044102,46.79794,408.0244,0,0.7425395,0,-0.6698022;
custom,tree2,default,0.7,0.7,0.7,0,1,1,1,0.05,0.05,81.01346,47.57901,437.9497,0,0.9539591,0,0.2999367;
custom,tree2,default,0.7,0.7,0.7,0,1,1,1,0.875,0.25,141.9066,46.80585,506.1122,0,0.8941178,0,-0.4478318;
custom,tree2,default,0.7,0.7,0.7,0,1,1,1,0.05,0.05,1.530838,47.48938,491.6717,0,0.7455262,0,-0.6664763;
custom,tree2,default,0.7,0.7,0.7,0,1,1,1,0.05,0.05,103.1166,46.27395,560.3734,0,0.5087698,0,-0.8609026;
custom,tree2,default,0.7,0.7,0.7,0,1,1,1,0.05,0.05,431.2657,48.14789,502.9525,0,0.8966777,0,-0.442684;
custom,tree2,default,0.7,0.7,0.7,0,1,1,1,0.05,0.05,569.0998,47.43653,535.7975,0,0.8436148,0,0.5369489;
custom,tree2,default,0.7,0.7,0.7,0,1,1,1,0.05,0.05,299.9561,46.68449,546.4953,0,0.8764631,0,-0.481469;
custom,tree2,default,0.7,0.7,0.7,0,1,1,1,0.05,0.05,511.2994,47.20219,444.4223,0,0.9198206,0,0.3923392;
custom,tree2,default,0.7,0.7,0.7,0,1,1,1,0.05,0.05,500.2157,46.96999,382.6211,0,0.5523468,0,-0.8336144;
custom,tree2,default,0.7,0.7,0.7,0,1,1,1,0.05,0.05,-100.031,47.39592,480.0122,0,0.9924341,0,-0.1227785;
custom,tree2,default,0.7,0.7,0.7,0,1,1,1,0.05,0.05,-153.9373,43.71869,263.5355,0,0.9662405,0,-0.2576418;
custom,tree2,default,0.7,0.7,0.7,0,1,1,1,0.05,0.05,-141.909,48.79867,416.6663,0,0.4724369,0,-0.8813645;
custom,tree2,default,0.7,0.7,0.7,0,1,1,1,0.05,0.05,-11.76929,47.57838,558.9182,0,0.5688432,0,0.822446;
custom,tree2,default,0.5,0.5,0.5,0,1,1,1,0.05,0.05,-169.8623,31.08763,526.184,0,0.04456923,0,0.9990063;
custom,tree2,default,0.7,0.7,0.7,0,1,1,1,0.05,0.05,-231.5644,47.47918,477.588,0,0.8474718,0,0.5308405;
custom,tree2,default,0.7,0.7,0.7,0,1,1,1,0.05,0.05,-233.0476,47.2864,412.2087,0,-0.35406,0,-0.9352227;
custom,tree2,default,0.7,0.7,0.7,0,1,1,1,0.05,0.05,-243.7313,47.73926,343.1941,0,0.6960176,0,-0.7180248;
custom,tree2,default,0.7,0.7,0.7,0,1,1,1,0.05,0.05,-302.548,47.38869,272.2152,0,0.9484073,0,0.3170546;
custom,tree2,default,0.7,0.7,0.7,0,1,1,1,0.05,0.05,-300.8472,48.14149,390.8181,0,0.650286,0,0.7596895;
custom,tree2,default,0.7,0.7,0.7,0,1,1,1,0.05,0.05,-322.261,47.81931,194.2164,0,0.2548547,0,0.9669794;
custom,tree2,default,0.5,0.5,0.5,0,1,1,1,0.05,0.05,-311.6538,35.06443,69.7268,0,0.6381548,0,-0.7699081;
custom,tree2,default,0.5,0.5,0.5,0,1,1,1,0.05,0.05,-373.6734,34.24488,447.6731,0,0.7805816,0,0.6250539;
custom,tree2,default,0.5,0.5,0.5,0,1,1,1,0.05,0.05,-398.093,33.56138,160.9342,0,0.7215507,0,-0.6923616;
custom,tree2,default,0.7,0.7,0.7,0,1,1,1,0.05,0.05,-398.9525,43.82206,14.83215,0,0.2392655,0,0.9709542;
custom,tree2,default,0.5,0.5,0.5,0,1,1,1,0.05,0.05,-373.4335,33.23204,-119.762,0,0.9841366,0,-0.1774126;
custom,tree3,default,0.5,0.5,0.5,0,1,1,1,0.05,0.05,-220.9979,44.91669,-403.0979,0,0.9957191,0,-0.09243131;
custom,tree3,default,0.5,0.5,0.5,0,1,1,1,0.05,0.05,-278.9995,44.00628,-367.5719,0,0.9668095,0,-0.2554984;
custom,tree3,default,0.5,0.5,0.5,0,1,1,1,0.05,0.05,-264.2495,45.7176,-430.1128,0,0.9996325,0,-0.02711028;
custom,tree2,default,0.5,0.5,0.5,0,1,1,1,0.05,0.05,-366.0784,33.45232,-305.141,0,0.8546252,0,0.5192454;
custom,tree3,default,1,1,1,0,1,1,1,1.0,1.0,-760.7119,17.86484,358.0644,0,0.8216418,0,0.5700042;
custom,plane,stone3,12,1,6,0,1,1,1,4,1,-44.66458,0.1402949,33.58691,0,0.008532483,0,0.9999636;
custom,log1,default,0.5,0.5,0.5,0,1,1,1,1.0,1.0,-627.34,5.139314,266.6878,0,0.4212558,0,0.9069419;
custom,tree7,default,0.5,0.5,0.5,0,1,1,1,1.0,1.0,566.552,17.85358,268.5537,0,0.8500346,0,-0.5267268;
custom,sphere,bark,0.1,0.1,0.1,0,1,1,1,1,1,-50.95623,3.564765,41.38808,0,0.7562826,0,-0.6542451;
custom,tree3,default,1,1,1,0,1,1,1,1.0,1.0,-711.2845,27.43325,-523.6295,0,0.5902978,0,0.8071856;
custom,boulder4,default,1,1,1,0,1,1,1,1.0,1.0,-425.1625,-3.963639,-529.0562,0,0.5581484,0,0.8297412;
custom,tree7,default,0.5,0.5,0.5,0,1,1,1,1.0,1.0,-136.3734,11.48569,-823.9966,0,0.14706,0,-0.9891276;
custom,tree7,default,0.5,0.5,0.5,0,1,1,1,1.0,1.0,-441.2886,7.600542,-162.9147,0,0.1492776,0,-0.9887953;
custom,tree7,default,0.5,0.5,0.5,0,1,1,1,1.0,1.0,-608.7032,2.326925,26.54525,0,0.1290366,0,0.9916399;
custom,tree7,default,0.5,0.5,0.5,0,1,1,1,1.0,1.0,-534.6954,-17.76734,0.2844263,0,0.1600596,0,-0.9871074;
custom,cuboid,bark,1.9,0.2,0.1,0,1,1,1,1,0.1,-5.680021,15.0316,-42.87678,-0.149341,0.9885958,0.007750322,-0.01776178;
custom,cuboid,bark,1.5,0.2,0.1,0,1,1,1,0.5,0.1,-4.434357,14.08776,-42.85685,-0.1020749,0.994733,0.002298705,-0.009044427;
custom,cuboid,bark,1.5,0.2,0.1,0,1,1,1,0.5,0.1,-3.034479,12.49369,-42.88076,0,0.9999031,0,-0.01392443;
custom,cuboid,bark,1.5,0.2,0.1,0,1,1,1,0.5,0.1,-9.79305,12.2284,-101.7573,0,0.006900678,0,0.9999762;
custom,cuboid,bark,1.5,0.2,0.1,0,1,1,1,0.5,0.1,-6.620301,13.38973,-101.7874,0,0.006813395,0,0.9999768;
custom,cuboid,bark,1.5,0.2,0.1,0,1,1,1,0.5,0.1,-3.377578,15.34608,-101.8007,0.0003364496,0.004181676,0.08019826,0.9967701;
custom,cylinder,bark,0.2,0.75,0.2,0,1,1,1,0.5,0.75,-17.88698,4.372625,-56.7566,0,0.7422031,0,0.6701751;
custom,cylinder,bark,0.2,0.75,0.2,0,1,1,1,0.5,0.75,-18.27845,4.226063,-72.31971,0,0.7289016,0,0.6846186;
custom,cylinder,bark,0.2,0.75,0.2,0,1,1,1,0.5,0.75,-9.408739,3.549356,-100.9826,0,0.3468423,0,0.9379235;
custom,cylinder,bark,0.2,0.75,0.2,0,1,1,1,0.5,0.75,-18.58182,4.632243,-87.5836,0,0.348886,0,0.9371651;
custom,cylinder,bark,0.2,0.75,0.2,0,1,1,1,0.5,0.75,-8.795485,4.033705,-43.17182,0,0.9936575,0,0.1124492;
custom,cylinder,bark,0.2,0.75,0.2,0,1,1,1,0.5,0.75,-0.716413,3.813812,-43.37318,0,0.9946004,0,0.103779;
custom,cylinder,bark,0.2,0.75,0.2,0,1,1,1,0.5,0.75,-2.175074,4.065968,-101.5691,0,0.4292104,0,0.9032046;
custom,tree7,default,0.5,0.5,0.5,0,1,1,1,1.0,1.0,489.4813,25.85518,545.7259,0,0.9922019,0,-0.1246415;
custom,tree7,default,0.5,0.5,0.5,0,1,1,1,1.0,1.0,588.484,10.73642,-798.8716,0,0.7098665,0,-0.7043362;
custom,tree5,default,0.5,0.5,0.5,0,1,1,1,1.0,1.0,316.5985,-1.290251,-912.6984,0,0.7685623,0,-0.639775;
custom,tree7,default,0.5,0.5,0.5,0,1,1,1,1.0,1.0,37.64719,11.90247,542.8535,0,0.9990764,0,0.04296835;
custom,tree7,default,0.5,0.5,0.5,0,1,1,1,1.0,1.0,-188.683,21.66978,762.4837,0,0.9960615,0,0.08866545;
custom,cylinder,wood3,0.30,0.20,0.30,0,1,1,1,0.25,0.10,-19.12789,1.452836,44.22752,0.2714874,-0.2734141,0.6547785,-0.6502342;
custom,cylinder,wood3,0.30,0.20,0.30,0,1,1,1,0.25,0.10,-20.78901,2.242773,47.94205,0,0.675131,0,0.7376978;
custom,tree7,default,0.5,0.5,0.5,0,1,1,1,1.0,1.0,-250.7803,-2.905729,707.3862,0,0.7565802,0,0.6539009;
custom,tree7,default,0.5,0.5,0.5,0,1,1,1,1.0,1.0,-591.9277,9.927085,440.9728,0,0.5212156,0,0.853425;
custom,tree7,default,1,1,1,0,1,1,1,1.0,1.0,507.0067,-50.22826,-65.60804,0,0.7811218,0,-0.6243787;
custom,boulder1,grass3,20,20,20,0,1,1,1,1.0,1.0,796.3997,-181.1466,732.0128,0,0.9475682,0,0.3195535;
custom,tree7,default,0.5,0.5,0.5,0,1,1,1,1.0,1.0,-489.7652,4.737998,462.1001,0,0.7731844,0,0.6341813;
custom,boulder1,default,1,1,1,0,1,1,1,1.0,1.0,479.5971,-0.7933482,-241.2186,0,0.8479431,0,-0.5300874;
custom,tree3,default,1,1,1,0,1,1,1,1.0,1.0,-374.5554,40.39989,-265.5626,0,0.8606366,0,0.5092197;
custom,tree3,default,1,1,1,0,1,1,1,1.0,1.0,-523.0269,7.226886,284.5304,0,0.933575,0,0.358382;
custom,tree3,default,1,1,1,0,1,1,1,1.0,1.0,-646.7647,19.72084,407.9644,0,0.8503467,0,0.5262229;
custom,cuboid,bark,6,0.1,2,0,1,1,1,1,1,-9.282202,14.83618,-72.37872,-0.09959767,0.7093372,0.1068568,0.689567;
custom,cylinder,bark,0.2,1,0.2,0,1,1,1,1,1,-18.97692,2.635528,-101.317,0,0.3207313,0,0.9471703;
custom,cylinder,bark,0.2,1,0.2,0,1,1,1,1,1,-17.07413,1.406866,-42.7545,0,0.807283,0,0.5901645;
custom,tree7,default,0.5,0.5,0.5,0,1,1,1,1.0,1.0,-742.066,23.51953,-43.16383,0,0.1351402,0,0.9908265;
custom,tree7,default,0.5,0.5,0.5,0,1,1,1,1.0,1.0,-681.5347,-3.298428,-236.3225,0,0.640854,0,-0.7676628;
custom,tree7,default,0.5,0.5,0.5,0,1,1,1,1.0,1.0,-703.6173,18.99673,-148.1548,0,0.1069882,0,0.9942603;
custom,tree7,default,0.5,0.5,0.5,0,1,1,1,1.0,1.0,-703.6044,18.08511,118.7591,0,0.1113255,0,0.993784;
custom,tree7,default,0.5,0.5,0.5,0,1,1,1,1.0,1.0,115.3824,22.95554,-658.022,0,0.5962557,0,-0.8027946;
customb,tree0,default,1,1,1,0,1,1,1,1.0,1.0,-884.4781,9.985026,-94.16071,0,0.9820399,0,-0.1886733;
customb,tree0,default,1,1,1,0,1,1,1,1.0,1.0,-946.6287,20.50404,118.7664,0,0.6156592,0,0.7880126;
customb,tree0,default,1,1,1,0,1,1,1,1.0,1.0,-451.3527,26.64053,43.37192,0,0.9994644,0,-0.03272573;
customb,tree0,default,1,1,1,0,1,1,1,1.0,1.0,-560.5114,5.58621,113.1262,0,0.9523937,0,-0.3048708;
custom,tree3,default,1,1,1,0,1,1,1,1.0,1.0,-974.7932,43.64176,-25.19962,0,0.4500967,0,0.8929799;
customb,house1,default,1,1,1,0,1,1,1,1.0,1.0,-578.8428,-1.479301,-683.3253,0,0.2142013,0,-0.9767895;
customb,house1,default,1,1,1,0,1,1,1,1.0,1.0,-571.2878,6.313867,196.1961,0,0.7660349,0,-0.642799;
custom,tree7,default,1,1,1,0,1,1,1,1.0,1.0,-378.2752,25.73019,-971.6382,0,0.06960782,0,-0.9975744;
custom,trunk1,default,1,1,1,0,1,1,1,1.0,1.0,-496.6169,-6.513577,-768.6224,0,0.2013749,0,-0.9795142;
custom,tree7,default,1,1,1,0,1,1,1,1.0,1.0,-590.6959,-33.33453,-1113.463,0,0.987318,0,-0.1587553;
custom,tree7,default,0.5,0.5,0.5,0,1,1,1,1.0,1.0,-206.0866,5.453643,862.5598,0,0.9419968,0,0.3356219;
custom,tree7,default,0.5,0.5,0.5,0,1,1,1,1.0,1.0,257.4497,9.734928,832.4506,0,0.8768456,0,0.4807721;
custom,tree7,default,1,1,1,0,1,1,1,1.0,1.0,-579.412,-39.17748,-868.4203,0,0.9187241,0,-0.3949001;
spawnpoint,titan,2367.271,383.86,-400.6168,0,0.01358006,0,-0.9999078;
custom,boulder1,stone3,0.2,0.1,0.1,0,1,1,1,0.4,0.5,-63.65496,-0.6831962,-66.28005,0,0.9055526,0,-0.424234;
spawnpoint,titan,-2136.152,206.0598,46.20449,0,0.735414,0,0.6776181;
spawnpoint,titan,855.5283,318.7318,-261.749,0,0.7558894,0,0.6546994;
custom,tree2,default,0.5,0.5,0.5,0,1,1,1,0.05,0.05,184.827,33.0076,88.85484,0,0.270063,0,-0.9628427;
custom,tree2,default,0.5,0.5,0.5,0,1,1,1,0.05,0.05,-94.83479,34.10112,-315.6136,0,0.9923604,0,-0.1233729;
custom,tree2,default,0.5,0.5,0.5,0,1,1,1,0.05,0.05,-26.8784,34.59819,-300.5768,0,0.4299016,0,0.9028758;
custom,tree2,default,0.5,0.5,0.5,0,1,1,1,0.05,0.05,112.9456,34.08831,-167.6624,0,0.07698438,0,-0.9970323;
custom,tree2,default,0.5,0.5,0.5,0,1,1,1,0.05,0.05,70.05962,33.49767,-118.0522,0,0.8034466,0,0.5953768;
custom,tree3,default,0.5,0.5,0.5,0,1,1,1,0.05,0.05,-304.2185,31.46188,-177.2928,0,0.6346975,0,-0.7727607;
custom,tree3,default,0.7,0.7,0.7,0,1,1,1,0.05,0.05,-233.1216,30.46485,191.5713,0,0.5535834,0,-0.8327937;
custom,tree2,default,0.5,0.5,0.5,0,1,1,1,0.05,0.05,-153.3867,33.85783,174.1746,0,0.9943858,0,-0.1058154;
custom,tree2,default,0.5,0.5,0.5,0,1,1,1,0.05,0.05,48.89898,33.25854,63.48737,0,0.1510527,0,0.9885257;
custom,tree2,default,0.5,0.5,0.5,0,1,1,1,0.05,0.05,62.39157,33.99881,116.0902,0,0.8803812,0,0.4742667;
custom,tree2,default,0.5,0.5,0.5,0,1,1,1,0.05,0.05,-61.70428,29.12908,315.9761,0,0.5120112,0,-0.8589788;
custom,tree2,default,0.7,0.7,0.7,0,1,1,1,0.05,0.05,262.0478,47.30833,-82.98193,0,0.869644,0,-0.4936794;
custom,tree2,default,0.7,0.7,0.7,0,1,1,1,0.05,0.05,152.1006,46.43193,-299.8066,0,0.9378921,0,-0.346927;
custom,tree2,default,0.7,0.7,0.7,0,1,1,1,0.05,0.05,113.0405,42.18332,-917.6781,0,0.4644364,0,0.8856065;
custom,tree3,default,0.7,0.7,0.7,0,1,1,1,0.05,0.05,-288.8851,47.75089,-246.9565,0,0.9219751,0,0.3872491;
custom,boulder1,rock3,15,15,15,0,1,1,1,1.0,1.0,-3281.987,-124.4291,-339.3677,0,0.7595019,0,-0.6505051;
custom,boulder1,rock3,15,15,15,0,0.1704545,0.3863636,1,1.0,1.0,-3409.059,-105.1049,-518.5792,0,0.9397264,0,-0.3419273;
custom,house5,default,1,1,1,0,1,1,1,1.0,1.0,-1617.176,11.91094,659.4723,0,0.9022377,0,-0.4312392;
custom,cuboid,grass3,200,20,200,0,1,1,1,1.0,1.0,-2266.535,-100.3832,-1581.183,0,0.9963228,0,0.08567934;
misc,barrier,10,200,200,1168.69,113.1291,1986.05,0,0.7007445,0,0.7134124;
custom,trunk1,grass4,30,100,30,0,1,1,1,1.0,1.0,-1791.441,-250.1773,1037.492,0,0.9410676,0,-0.3382184;
custom,boulder4,rock3,15,15,15,0,1,1,1,1.0,1.0,-3214.822,-189.1973,-440.351,0,0.7925166,0,-0.6098504;
custom,boulder2,default,1,1,1,0,1,1,1,1.0,1.0,-1638.352,0.5153443,-456.5429,0,0.9708552,0,-0.2396671;
custom,boulder1,rock3,15,15,15,0,1,1,1,1.0,1.0,-3347.132,-135.667,-176.7573,0,0.7623495,0,-0.6471655;
custom,tree2,default,0.7,0.7,0.7,0,1,1,1,0.05,0.05,247.7383,47.51215,123.4663,0,0.6799019,0,0.7333031;
customb,tree0,default,0.7,0.7,0.7,0,1,1,1,1,1,320.5254,51.51312,138.6913,0,0.7288235,0,-0.6847016;
custom,tree2,default,0.7,0.7,0.7,0,1,1,1,0.05,0.05,358.0427,46.84702,200.4108,0,0.517278,0,-0.8558175;
custom,tree2,default,0.7,0.7,0.7,0,1,1,1,0.05,0.05,369.4595,46.92324,79.34827,0,0.5155427,0,-0.8568639;
custom,tree2,default,0.7,0.7,0.7,0,1,1,1,0.05,0.05,408.4425,46.49303,138.778,0,0.2887128,0,-0.9574158;
custom,tree2,default,0.7,0.7,0.7,0,1,1,1,0.05,0.05,367.7795,47.43399,350.9815,0,0.2308448,0,-0.9729906;
custom,tree2,default,0.7,0.7,0.7,0,1,1,1,0.05,0.05,344.8847,47.11003,450.376,0,0.8902435,0,0.455485;
custom,tree2,default,0.7,0.7,0.7,0,1,1,1,0.05,0.05,426.0246,47.3961,385.1711,0,0.5767641,0,-0.8169107;
custom,tree2,default,0.7,0.7,0.7,0,1,1,1,0.05,0.05,397.2612,47.91322,270.8813,0,0.7896026,0,-0.6136185;
custom,tree2,default,0.7,0.7,0.7,0,1,1,1,0.05,0.05,295.2577,47.31097,59.90214,0,0.6219806,0,0.7830327;
custom,tree2,default,0.7,0.7,0.7,0,1,1,1,0.05,0.05,376.3635,46.88956,-46.99606,0,0.03996681,0,-0.999201;
custom,tree2,default,0.7,0.7,0.7,0,1,1,1,0.05,0.05,410.869,47.09516,18.57605,0,0.7761666,0,-0.630528;
customb,house1,default,1,1,1,0,1,1,1,1.0,1.0,-1409.89,-3.603897,-603.1297,0,-0.1905827,0,-0.9816712;
customb,house1,default,1,1,1,0,1,1,1,1.0,1.0,-1453.38,-1.553587,-571.793,0,0.9796546,0,-0.2006912;
custom,tree2,default,0.7,0.7,0.7,0,1,1,1,0.05,0.05,351.578,47.81763,-150.9553,0,0.7608684,0,-0.6489062;
custom,tree2,default,0.7,0.7,0.7,0,1,1,1,0.05,0.05,268.5703,47.94741,-411.6821,0,0.2915721,0,0.9565489;
custom,tree2,default,0.7,0.7,0.7,0,1,1,1,0.05,0.05,232.6326,47.71758,-246.4214,0,0.6999867,0,0.714156;
custom,tree2,default,0.7,0.7,0.7,0,1,1,1,0.05,0.05,170.6416,47.12934,-503.5779,0,0.2853199,0,-0.9584324;
custom,tree2,default,0.7,0.7,0.7,0,1,1,1,0.05,0.05,196.1544,46.58823,-432.4488,0,0.4931522,0,0.8699431;
custom,tree2,default,0.7,0.7,0.7,0,1,1,1,0.05,0.05,72.32037,47.22935,-473.6182,0,0.244824,0,0.9695675;
custom,tree2,default,0.7,0.7,0.7,0,1,1,1,0.05,0.05,433.1928,46.46547,-449.0447,0,0.9627007,0,-0.2705687;
custom,tree2,default,0.7,0.7,0.7,0,1,1,1,0.05,0.05,499.4547,34.16659,-439.6447,0,0.9838764,0,0.1788497;
custom,tree3,default,0.7,0.7,0.7,0,1,1,1,0.05,0.05,468.6733,30.51438,-376.1794,0,0.9814385,0,0.1917771;
custom,tree2,default,0.7,0.7,0.7,0,1,1,1,0.05,0.05,460.0525,33.2826,-285.359,0,0.1228179,0,-0.9924293;
custom,tree2,default,0.7,0.7,0.7,0,1,1,1,0.05,0.05,400.7588,47.05548,-300.9696,0,0.3365982,0,-0.9416484;
custom,tree2,default,0.7,0.7,0.7,0,1,1,1,0.05,0.05,552.8275,47.32661,-385.2382,0,0.9012437,0,0.4333126;
custom,tree2,default,0.7,0.7,0.7,0,1,1,1,0.05,0.05,521.3809,46.99538,-310.3158,0,0.7095284,0,0.7046769;
custom,tree3,default,0.7,0.7,0.7,0,1,1,1,0.05,0.05,298.3893,40.49397,-454.7177,0,0.9400327,0,-0.3410844;
custom,tree2,default,0.7,0.7,0.7,0,1,1,1,0.05,0.05,314.2947,46.09715,-513.8467,0,0.5120264,0,-0.8589697;
custom,tree2,default,0.7,0.7,0.7,0,1,1,1,0.05,0.05,471.371,48.28548,-502.2079,0,0.9552815,0,-0.295698;
custom,tree2,default,0.7,0.7,0.7,0,1,1,1,0.05,0.05,412.1391,44.90321,-529.6146,0,0.5030335,0,0.864267;
customb,tree0,default,0.6,0.6,0.6,0,0.2386364,0.2272727,0.2272727,1,1,204.9712,35.81736,-289.4823,0,0.1902634,0,0.9817331;
custom,tree2,default,0.5,0.5,0.5,0,1,1,1,0.05,0.05,189.4142,32.62881,-71.06247,0,0.9834495,0,0.1811826;
custom,tree2,default,0.7,0.7,0.7,0,1,1,1,0.05,0.05,-33.36,47.78117,-366.6001,0,0.2727794,0,-0.9620766;
custom,tree2,default,0.7,0.7,0.7,0,1,1,1,0.05,0.05,-181.2863,46.03549,-326.0366,0,0.02475736,0,0.9996935;
custom,tree2,default,0.7,0.7,0.7,0,1,1,1,0.05,0.05,308.0727,43.59811,291.9719,0,0.3783106,0,-0.9256787;
custom,tree3,default,0.7,0.7,0.7,0,1,1,1,0.05,0.05,257.3629,38.33635,471.4598,0,0.339852,0,-0.940479;
custom,tree2,default,0.7,0.7,0.7,0,1,1,1,0.05,0.05,-149.8635,46.68486,330.0116,0,-0.465328,0,-0.8851383;
custom,tree2,default,0.7,0.7,0.7,0,1,1,1,0.05,0.05,-61.32535,46.9504,365.3681,0,0.2617747,0,0.965129;
custom,tree2,default,0.7,0.7,0.7,0,1,1,1,0.05,0.05,-5.044102,46.79794,408.0244,0,0.7425395,0,-0.6698022;
custom,tree2,default,0.7,0.7,0.7,0,1,1,1,0.05,0.05,81.01346,47.57901,437.9497,0,0.9539591,0,0.2999367;
custom,tree2,default,0.7,0.7,0.7,0,1,1,1,0.875,0.25,141.9066,46.80585,506.1122,0,0.8941178,0,-0.4478318;
custom,tree2,default,0.7,0.7,0.7,0,1,1,1,0.05,0.05,1.530838,47.48938,491.6717,0,0.7455262,0,-0.6664763;
custom,tree2,default,0.7,0.7,0.7,0,1,1,1,0.05,0.05,103.1166,46.27395,560.3734,0,0.5087698,0,-0.8609026;
custom,tree2,default,0.7,0.7,0.7,0,1,1,1,0.05,0.05,395.8995,42.7479,478.2455,0,0.8966777,0,-0.442684;
custom,tree2,default,0.7,0.7,0.7,0,1,1,1,0.05,0.05,569.0998,47.43653,535.7975,0,0.8436148,0,0.5369489;
custom,tree2,default,0.7,0.7,0.7,0,1,1,1,0.05,0.05,299.9561,46.68449,546.4953,0,0.8764631,0,-0.481469;
custom,tree2,default,0.7,0.7,0.7,0,1,1,1,0.05,0.05,511.2994,47.20219,444.4223,0,0.9198206,0,0.3923392;
custom,tree2,default,0.7,0.7,0.7,0,1,1,1,0.05,0.05,500.2157,46.96999,382.6211,0,0.5523468,0,-0.8336144;
custom,tree2,default,0.7,0.7,0.7,0,1,1,1,0.05,0.05,-100.031,47.39592,480.0122,0,0.9924341,0,-0.1227785;
custom,tree2,default,0.7,0.7,0.7,0,1,1,1,0.05,0.05,-214.1603,47.3187,256.7867,0,0.9662405,0,-0.2576418;
custom,tree2,default,0.7,0.7,0.7,0,1,1,1,0.05,0.05,-141.909,48.79867,416.6663,0,0.4724369,0,-0.8813645;
custom,tree2,default,0.7,0.7,0.7,0,1,1,1,0.05,0.05,-11.76929,47.57838,558.9182,0,0.5688432,0,0.822446;
custom,tree2,default,0.5,0.5,0.5,0,1,1,1,0.05,0.05,-169.8623,31.08763,526.184,0,0.04456923,0,0.9990063;
custom,tree2,default,0.7,0.7,0.7,0,1,1,1,0.05,0.05,-231.5644,47.47918,477.588,0,0.8474718,0,0.5308405;
custom,tree2,default,0.7,0.7,0.7,0,1,1,1,0.05,0.05,-233.0476,47.2864,412.2087,0,-0.35406,0,-0.9352227;
custom,tree2,default,0.7,0.7,0.7,0,1,1,1,0.05,0.05,-243.7313,47.73926,343.1941,0,0.6960176,0,-0.7180248;
custom,tree2,default,0.7,0.7,0.7,0,1,1,1,0.05,0.05,-302.548,47.38869,272.2152,0,0.9484073,0,0.3170546;
custom,tree2,default,0.7,0.7,0.7,0,1,1,1,0.05,0.05,-300.8472,48.14149,390.8181,0,0.650286,0,0.7596895;
custom,tree2,default,0.7,0.7,0.7,0,1,1,1,0.05,0.05,-322.261,47.81931,194.2164,0,0.2548547,0,0.9669794;
custom,tree2,default,0.5,0.5,0.5,0,1,1,1,0.05,0.05,-311.6538,35.06443,69.7268,0,0.6381548,0,-0.7699081;
custom,tree2,default,0.5,0.5,0.5,0,1,1,1,0.05,0.05,-373.6734,34.24488,447.6731,0,0.7805816,0,0.6250539;
custom,tree2,default,0.5,0.5,0.5,0,1,1,1,0.05,0.05,-398.093,33.56138,160.9342,0,0.7215507,0,-0.6923616;
custom,tree2,default,0.7,0.7,0.7,0,1,1,1,0.05,0.05,-398.9525,43.82206,14.83215,0,0.2392655,0,0.9709542;
custom,tree2,default,0.5,0.5,0.5,0,1,1,1,0.05,0.05,-373.4335,33.23204,-119.762,0,0.9841366,0,-0.1774126;
custom,tree3,default,0.5,0.5,0.5,0,1,1,1,0.05,0.05,-220.9979,44.91669,-403.0979,0,0.9957191,0,-0.09243131;
custom,tree3,default,0.5,0.5,0.5,0,1,1,1,0.05,0.05,-278.9995,44.00628,-367.5719,0,0.9668095,0,-0.2554984;
custom,tree3,default,0.5,0.5,0.5,0,1,1,1,0.05,0.05,-264.2495,45.7176,-430.1128,0,0.9996325,0,-0.02711028;
custom,tree2,default,0.5,0.5,0.5,0,1,1,1,0.05,0.05,-366.0784,33.45232,-305.141,0,0.8546252,0,0.5192454;
custom,tree3,default,1,1,1,0,1,1,1,1.0,1.0,-872.2379,21.86094,253.3456,0,0.6626173,0,0.7489582;
custom,plane,stone3,12,1,6,0,1,1,1,4,1,-44.66458,0.1402949,33.58691,0,0.008532483,0,0.9999636;
custom,tree7,default,0.5,0.5,0.5,0,1,1,1,1.0,1.0,-672.5813,10.01108,292.1822,0,0.4604146,0,0.887704;
custom,tree7,default,0.5,0.5,0.5,0,1,1,1,1.0,1.0,382.6481,21.20688,687.8288,0,0.996435,0,0.08436375;
custom,sphere,bark,0.1,0.1,0.1,0,1,1,1,1,1,-50.95623,3.564765,41.38808,0,0.7562826,0,-0.6542451;
custom,tree7,default,1,1,1,0,1,1,1,1.0,1.0,-732.2429,-3.990405,-690.4396,0,0.6746619,0,0.7381269;
custom,boulder1,default,1,1,1,0,1,1,1,1.0,1.0,-539.9488,-1.066845,-646.2444,0,0.6334198,0,0.7738084;
custom,tree7,default,0.5,1,0.5,0,1,1,1,1.0,1.0,104.1591,18.71129,-865.4052,0,0.3268503,0,-0.9450762;
custom,boulder1,default,0.5,0.5,0.5,0,1,1,1,1.0,1.0,-649.6376,2.53909,222.3848,0,0.4252091,0,0.9050952;
custom,tree7,default,0.5,0.5,0.5,0,1,1,1,1.0,1.0,-430.8008,-8.39511,-388.237,0,0.2707334,0,-0.9626544;
custom,cuboid,bark,1.9,0.2,0.1,0,1,1,1,1,0.1,-5.680021,15.0316,-42.87678,-0.149341,0.9885958,0.007750322,-0.01776178;
custom,cuboid,bark,1.5,0.2,0.1,0,1,1,1,0.5,0.1,-4.434357,14.08776,-42.85685,-0.1020749,0.994733,0.002298705,-0.009044427;
custom,cuboid,bark,1.5,0.2,0.1,0,1,1,1,0.5,0.1,-3.034479,12.49369,-42.88076,0,0.9999031,0,-0.01392443;
custom,cuboid,bark,1.5,0.2,0.1,0,1,1,1,0.5,0.1,-6.620301,13.38973,-101.7874,0,0.006813395,0,0.9999768;
custom,cuboid,bark,1.5,0.2,0.1,0,1,1,1,0.5,0.1,-3.377578,15.34608,-101.8007,0.0003364496,0.004181676,0.08019826,0.9967701;
custom,cylinder,bark,0.2,0.75,0.2,0,1,1,1,0.5,0.75,-17.88698,4.372625,-56.7566,0,0.7422031,0,0.6701751;
custom,cylinder,bark,0.2,0.75,0.2,0,1,1,1,0.5,0.75,-18.27845,4.226063,-72.31971,0,0.7289016,0,0.6846186;
custom,cylinder,bark,0.2,0.75,0.2,0,1,1,1,0.5,0.75,-9.408739,3.549356,-100.9826,0,0.3468423,0,0.9379235;
custom,cylinder,bark,0.2,0.75,0.2,0,1,1,1,0.5,0.75,-18.58182,4.632243,-87.5836,0,0.348886,0,0.9371651;
custom,cylinder,bark,0.2,0.75,0.2,0,1,1,1,0.5,0.75,-8.795485,4.033705,-43.17182,0,0.9936575,0,0.1124492;
custom,cylinder,bark,0.2,0.75,0.2,0,1,1,1,0.5,0.75,-0.716413,3.813812,-43.37318,0,0.9946004,0,0.103779;
custom,cylinder,bark,0.2,0.75,0.2,0,1,1,1,0.5,0.75,-2.175074,4.065968,-101.5691,0,0.4292104,0,0.9032046;
custom,tree3,default,0.5,0.5,0.5,0,1,1,1,1,1,-235.5274,34.61354,-14.27039,0,0.09394828,0,-0.9955771;
custom,tree7,default,0.5,0.5,0.5,0,1,1,1,1.0,1.0,169.8997,33.17829,-1067.779,0,0.7472229,0,-0.6645735;
custom,tree7,default,1,1,1,0,1,1,1,1.0,1.0,259.1214,3.241901,-839.8322,0,0.6796492,0,-0.7335373;
custom,tree6,default,1,1,1,0,1,1,1,1.0,1.0,516.7789,27.6557,-862.5673,0,0.6634809,0,-0.7481933;
custom,tree7,default,1,1,1,0,1,1,1,1.0,1.0,-222.4383,52.60219,-879.2,0,0.5617817,0,0.8272855;
custom,tree7,default,1,1,1,0,1,1,1,1.0,1.0,-180.4157,34.13438,-929.8364,0,0.4703054,0,0.8825037;
custom,tree7,default,1,1,1,0,1,1,1,1.0,1.0,-20.81353,50.856,-904.9332,0,0.4431367,0,0.896454;
custom,tree7,default,1,1,1,0,1,1,1,1.0,1.0,-17.57421,-3.059914,-810.2721,0,0.3878277,0,-0.9217319;
custom,tree7,default,1,1,1,0,1,1,1,1.0,1.0,-26.63607,-25.13741,-1062.73,0,0.6667631,0,-0.7452698;
custom,tree7,default,0.5,0.5,0.5,0,1,1,1,1.0,1.0,185.6264,12.80049,567.2607,0,0.9821597,0,0.1880486;
custom,tree7,default,0.5,0.5,0.5,0,1,1,1,1.0,1.0,627.9714,17.15425,224.1031,0,0.91241,0,-0.4092775;
custom,tree3,default,0.5,0.5,0.5,0,1,1,1,1.0,1.0,396.8257,12.4618,-840.0083,0,0.7727314,0,-0.6347333;
custom,tree7,default,0.5,0.5,0.5,0,1,1,1,1.0,1.0,-49.59428,13.20401,876.0916,0,0.8220306,0,0.5694434;
custom,tree7,default,0.5,0.5,0.5,0,1,1,1,1.0,1.0,-70.11048,18.31602,619.1616,0,0.998708,0,-0.05081781;
custom,cylinder,wood3,0.30,0.20,0.30,0,1,1,1,0.25,0.10,-19.12789,1.452836,44.22752,0.2714874,-0.2734141,0.6547785,-0.6502342;
custom,cylinder,wood3,0.30,0.20,0.30,0,1,1,1,0.25,0.10,-20.78901,2.242773,47.94205,0,0.675131,0,0.7376978;
custom,tree7,default,0.5,0.5,0.5,0,1,1,1,1.0,1.0,-392.6619,5.38939,656.7869,0,0.7243364,0,0.6894467;
custom,tree7,default,0.5,0.5,0.5,0,1,1,1,1.0,1.0,-518.5355,3.981241,566.2261,0,0.7950901,0,0.6064914;
custom,tree7,default,1,1,1,0,1,1,1,1.0,1.0,-452.3221,-10.68408,-280.1247,0,0.8606366,0,0.5092197;
custom,tree7,default,0.5,0.5,0.5,0,1,1,1,1.0,1.0,90.8745,20.69837,915.2408,0,0.8840861,0,0.4673242;
custom,tree7,default,0.5,0.5,0.5,0,1,1,1,1.0,1.0,-168.0019,26.18677,615.804,0,0.914539,0,0.4044979;
custom,tree7,default,0.5,0.5,0.5,0,1,1,1,1.0,1.0,-350.4143,10.96699,554.3691,0,0.82428,0,0.5661824;
custom,boulder1,grass3,20,20,20,0,1,1,1,1.0,1.0,-889.5563,-168.7701,-426.9195,0,0.9937898,0,-0.1112739;
custom,tree3,default,1,1,1,0,1,1,1,1.0,1.0,-368.8525,13.43646,784.4293,0,0.5699801,0,0.8216585;
custom,tree7,default,1,1,1,0,1,1,1,1.0,1.0,-102.1053,18.93732,-720.0422,0,0.7624308,0,0.6470699;
custom,wall2,default,1,2,3,0,1,1,1,1.0,1.0,4095.479,-9.967921,556.8181,0,0.6930439,0,0.7208955;
custom,wall4,default,1,2,3,0,1,1,1,1.0,1.0,4119.838,73.93197,243.4361,0,0.6994911,0,0.7146413;
custom,wall4,default,1,2,3,0,1,1,1,1.0,1.0,4102.54,74.0068,769.1608,0,0.6936668,0,0.7202961;
customb,house1,default,0.7,1,0.7,0,1,1,1,1.0,1.0,3919.584,0.2305378,223.6937,0,0.7189273,0,0.6950852;
customb,house1,default,0.7,1,0.7,0,1,1,1,1.0,1.0,2738.278,65.26409,-137.3958,0,0.9423999,0,0.3344882;
customb,house1,default,0.7,1,0.7,0,1,1,1,1.0,1.0,1838.979,44.81582,364.542,0,0.9912541,0,-0.1319672;
customb,house1,default,0.7,1,0.7,0,1,1,1,1.0,1.0,2262.732,1.421227,-396.5812,0,0.9274604,0,-0.3739216;
customb,house1,default,0.7,1,0.7,0,1,1,1,1.0,1.0,2015.206,59.15721,-374.3088,0,0.7122476,0,-0.7019284;
custom,boulder1,grass3,20,8,20,0,1,1,1,1.0,1.0,1814.546,-47.72132,382.8763,0,-0.42152,0,-0.9068191;
custom,boulder2,grass3,20,8,20,0,1,1,1,1.0,1.0,1433.219,-68.49146,-854.1584,-0.3040929,0.687964,-0.398799,-0.5245879;
custom,trunk1,grass3,20,8,20,0,1,1,1,1.0,1.0,2277.112,-48.69204,-1749.416,0,0.9924358,0,0.122765;
custom,trunk1,grass3,20,8,20,0,1,1,1,1.0,1.0,3369.571,-120.2762,174.762,0,0.04674296,0,-0.998907;
custom,boulder1,grass3,20,8,20,0,1,1,1,1.0,1.0,2999.531,-46.13669,-223.7361,-0.3845437,0.07399072,-0.9196164,-0.03093974;
custom,boulder2,grass3,20,8,20,0,1,1,1,1.0,1.0,3046.314,-62.85293,-243.5351,0.3533522,-0.1187947,-0.664282,-0.6478885;
custom,boulder1,grass3,80,50,80,0,1,1,1,1.0,1.0,2117.507,-788.0401,1938.709,-0.4374629,0.2174003,-0.4580368,-0.7426746;
custom,boulder4,grass3,80,50,80,0,1,1,1,1.0,1.0,1944.256,-723.9393,1277.545,0,0.6536694,0,-0.7567803;
custom,boulder1,grass3,80,50,80,0,1,1,1,1.0,1.0,2019.671,-793.4578,-809.8829,-0.08982282,0.894924,-0.3835655,-0.2095721;
custom,boulder2,grass3,80,50,80,0,1,1,1,1.0,1.0,1988.918,-605.2023,1157.66,0,0.6570673,0,-0.7538319;
customb,house1,default,1,1,1,0,1,1,1,1.0,1.0,2330.15,8.431045,-612.6394,0,0.993162,0,0.1167442;
customb,house1,default,1,1,1,0,1,1,1,1.0,1.0,2324.248,4.435305,541.4366,0,0.4179859,0,-0.9084535;
customb,house1,default,1,1,1,0,1,1,1,1.0,1.0,2344.202,9.877307,561.3006,0,0.4270921,0,-0.9042081;
customb,house1,default,1,1,1,0,1,1,1,1.0,1.0,2361.451,16.71731,582.029,0,0.4032764,0,-0.9150782;
custom,tree3,default,1,1,1,0,1,1,1,1.0,1.0,337.5766,18.44543,-566.7405,0,0.7035207,0,-0.7106748;
custom,tree2,default,1,1,1,0,1,1,1,1.0,1.0,479.8314,47.96696,-558.8238,0,0.7173536,0,-0.6967092;
custom,tree2,default,1,1,1,0,1,1,1,1.0,1.0,318.415,41.07253,-610.5301,0,0.7397717,0,-0.672858;
custom,tree5,default,1,1,1,0,1,1,1,1.0,1.0,187.1338,33.23977,-639.9171,0,0.6831133,0,-0.7303124;
custom,tree2,default,1,1,1,0,1,1,1,1.0,1.0,6.311377,38.42476,-521.537,0,0.6082484,0,-0.7937468;
custom,tree2,default,1,1,1,0,1,1,1,1.0,1.0,-262.3135,36.48186,-486.7154,0,0.6134317,0,-0.7897478;
custom,tree2,default,1,1,1,0,1,1,1,1.0,1.0,-530.7874,43.35711,-399.8678,0,0.5960708,0,-0.8029319;
custom,tree2,default,1,1,1,0,1,1,1,1.0,1.0,-580.9791,27.334,-215.428,0,0.3780809,0,-0.9257726;
custom,tree2,default,1,1,1,0,1,1,1,1.0,1.0,-148.6852,49.12384,676.9961,0,0.06600913,0,0.997819;
custom,tree2,default,1,1,1,0,1,1,1,1.0,1.0,-7.505483,50.592,776.3594,0,0.7849678,0,-0.6195367;
custom,tree2,default,1,1,1,0,1,1,1,1.0,1.0,52.70009,61.25192,670.9378,0,0.906992,0,-0.421148;
custom,tree2,default,1,1,1,0,1,1,1,1.0,1.0,223.5021,54.86015,673.3871,0,0.970687,0,-0.2403471;
custom,tree2,default,1,1,1,0,1,1,1,1.0,1.0,303.6406,39.41843,617.2817,0,0.6356538,0,-0.7719743;
custom,tree2,default,1,1,1,0,1,1,1,1.0,1.0,358.6077,45.92497,624.3046,0,0.5996359,0,-0.8002729;
custom,tree2,default,1,1,1,0,1,1,1,1.0,1.0,457.4756,27.01683,638.3903,0,0.5961451,0,-0.8028767;
custom,boulder5,rock3,15,15,15,0,1,1,1,1.0,1.0,-3263.824,-357.5187,-36.65182,0,0.7609421,0,-0.6488198;
custom,boulder1,rock3,15,15,15,0,1,1,1,1.0,1.0,-3339.671,-115.2937,115.401,0,0.770763,0,-0.6371219;
custom,trunk1,rock3,15,15,15,0,1,1,1,1.0,1.0,-3432.411,-199.5457,301.3362,0,0.7495098,0,-0.6619933;
custom,boulder1,rock3,15,15,15,0,1,1,1,1.0,1.0,-3334.656,-126.8654,225.8907,0,0.8258358,0,-0.5639107;
custom,boulder1,rock3,15,15,15,0,1,1,1,1.0,1.0,-3398.508,-107.4102,393.0489,0,0.7925465,0,-0.6098115;
custom,boulder1,rock3,15,15,15,0,1,1,1,1.0,1.0,-3390.351,-85.00456,556.5386,0,0.7153874,0,-0.698728;
custom,boulder3,rock3,15,15,15,0,1,1,1,1.0,1.0,-3283.086,-67.27937,388.2073,0,0.7153907,0,-0.6987246;
custom,boulder4,rock3,15,15,15,0,1,1,1,1.0,1.0,-3310.387,-160.7045,693.6362,0,0.7609764,0,-0.6487795;
custom,boulder1,rock3,15,15,15,0,1,1,1,1.0,1.0,-3509.152,-36.74884,-66.23521,0,0.7763526,0,-0.6302989;
custom,boulder1,rock3,15,15,15,0,1,1,1,1.0,1.0,-3449.319,-71.05535,-271.8435,0,0.8221754,0,-0.5692344;
custom,boulder4,rock3,15,15,15,0,1,1,1,1.0,1.0,-3350.216,-159.0029,-439.5125,0,0.8295606,0,-0.5584168;
custom,boulder5,rock3,15,15,15,0,1,1,1,1.0,1.0,-3506.586,-315.7855,133.4264,0,0.7495926,0,-0.6618995;
custom,boulder1,rock3,15,15,15,0,1,1,1,1.0,1.0,-3375.262,-63.66789,892.6976,0,0.7047633,0,-0.7094426;
custom,boulder1,rock3,15,15,15,0,1,1,1,1.0,1.0,-3343.181,-91.92738,1135.83,0,0.5546383,0,-0.8320916;
custom,boulder1,rock3,15,15,15,0,1,1,1,1.0,1.0,-3305.189,-115.3436,1053.841,0,0.5956835,0,-0.8032193;
custom,boulder3,rock3,15,15,15,0,1,1,1,1.0,1.0,-3213.353,-77.48161,1257.483,0,0.5215564,0,-0.8532169;
custom,boulder4,rock3,15,15,15,0,1,1,1,1.0,1.0,-3198.062,-163.8864,1396.542,0,0.5215564,0,-0.8532169;
custom,boulder5,rock3,15,15,15,0,1,1,1,1.0,1.0,-3313.926,-251.298,1295.654,0,0.6233705,0,-0.7819266;
custom,boulder4,rock3,15,15,15,0,1,1,1,1.0,1.0,-3176.35,-145.8816,1526.131,0,0.7482614,0,-0.663404;
custom,boulder5,rock3,15,15,15,0,1,1,1,1.0,1.0,-3188.331,-308.275,1481.771,0,0.7482614,0,-0.663404;
custom,boulder1,rock3,15,15,15,0,1,1,1,1.0,1.0,-3156.589,-138.8754,1465.256,0,0.7482614,0,-0.663404;
custom,boulder1,rock3,15,15,15,0,1,1,1,1.0,1.0,-3187.693,-105.9924,1593.174,0,0.8345197,0,-0.5509781;
custom,boulder4,grass4,30,30,30,0,1,1,1,1.0,1.0,-3016.892,-134.9039,1884.361,0,0.8058361,0,-0.5921388;
custom,boulder1,grass4,30,30,30,0,1,1,1,1.0,1.0,-2648.529,5.31633,2192.059,0,0.09708149,0,-0.9952765;
custom,boulder5,grass4,30,30,30,0,1,1,1,1.0,1.0,-2254.22,-143.3601,1939.733,0,0.1595078,0,0.9871967;
custom,boulder4,grass4,30,30,30,0,1,1,1,1.0,1.0,-2078.323,-92.12299,1713.038,0,0.1831506,0,0.9830849;
custom,boulder1,grass4,30,30,30,0,1,1,1,1.0,1.0,-1768.924,59.81783,1470.941,0,0.4664372,0,0.8845543;
custom,boulder1,grass4,30,30,30,0,1,1,1,1.0,1.0,-2339.42,-26.92968,-982.5953,0,0.964016,0,-0.2658445;
custom,boulder3,grass4,30,30,30,0,1,1,1,1.0,1.0,-2769.276,-19.75443,-719.882,0,0.9835179,0,-0.1808106;
custom,boulder5,grass4,30,30,30,0,1,1,1,1.0,1.0,-3179.135,-61.1372,-701.5898,0,0.9751809,0,-0.2214099;
misc,barrier,10,150,150,-2869.968,641.2767,-855.6118,0,0.7622659,0,0.647264;
custom,cuboid,default,800,15,800,1,0.1704545,0.3863636,1,1.0,1.0,-7193.326,-47.52646,2027.276,0,0.6924618,0,-0.7214546;
custom,boulder1,rock3,15,15,15,0,0.1704545,0.3863636,1,1.0,1.0,-3295.749,-132.4101,647.9922,0,0.7037889,0,-0.7104093;
custom,boulder1,rock3,15,15,15,0,0.1704545,0.3863636,1,1.0,1.0,-3330.332,-125.2806,55.72469,0,0.7686489,0,-0.6396709;
custom,boulder1,rock3,5,5,5,0,0.1704545,0.3863636,1,1.0,1.0,-3273.785,-1.232455,187.5797,0,0.7160949,0,-0.6980029;
custom,boulder1,rock3,5,5,5,0,0.1704545,0.3863636,1,1.0,1.0,-3295.564,-4.977918,-228.2312,0,0.8227313,0,-0.5684306;
custom,boulder1,rock3,5,5,5,0,0.1704545,0.3863636,1,1.0,1.0,-3293.876,-1.024422,-494.8601,0,0.9270823,0,-0.3748578;
custom,boulder1,rock3,5,5,5,0,0.1704545,0.3863636,1,1.0,1.0,-3333.026,35.15164,-103.5213,0,0.6392441,0,-0.7690039;
custom,boulder1,rock3,5,5,5,0,0.1704545,0.3863636,1,1.0,1.0,-3260.067,-4.107439,777.5775,0,0.4204624,0,-0.90731;
custom,boulder1,rock3,5,5,5,0,0.1704545,0.3863636,1,1.0,1.0,-3244.5,36.12033,1326.308,0,0.5930012,0,-0.8052016;
custom,boulder1,rock3,5,5,5,0,0.1704545,0.3863636,1,1.0,1.0,-3298.17,25.549,1241.838,0,0.6543659,0,-0.7561781;
custom,boulder1,rock3,15,15,15,0,0.1704545,0.3863636,1,1.0,1.0,-3474.966,-82.16483,-441.8017,0,0.9653848,0,-0.2608296;
custom,boulder1,rock3,15,15,15,0,0.1704545,0.3863636,1,1.0,1.0,-3493.207,-6.424651,-673.958,0,0.9582265,0,-0.2860105;
custom,boulder1,rock3,15,15,15,0,0.1704545,0.3863636,1,1.0,1.0,-3429.699,-65.1366,214.7029,0,0.3215934,0,-0.9468779;
custom,boulder1,rock3,15,15,15,0,0.1704545,0.3863636,1,1.0,1.0,-3425.97,-91.34061,748.9055,0,0.2145474,0,-0.9767136;
custom,boulder1,rock3,15,15,15,0,0.1704545,0.3863636,1,1.0,1.0,-3297.322,-96.11019,1466.273,0,0.9696825,0,0.2443684;
custom,boulder1,default,15,60,60,0,0.1704545,0.3863636,1,1.0,1.0,-4406.668,-661.3869,-251.718,0,0.8895155,0,-0.4569049;
custom,boulder1,default,20,20,20,0,0.1704545,0.3863636,1,1.0,1.0,2051.477,-93.69817,957.2725,0,0.1230284,0,0.9924031;
custom,boulder1,default,20,20,20,0,0.1704545,0.3863636,1,1.0,1.0,3218.311,-184.1893,-351.6176,0,0.9853672,0,-0.1704452;
custom,boulder1,default,20,20,20,0,0.1704545,0.3863636,1,1.0,1.0,3075.711,-142.6378,-346.4673,0,0.883458,0,-0.4685103;
custom,boulder2,default,20,20,20,0,0.1704545,0.3863636,1,1.0,1.0,3114.902,-227.1805,-905.3528,0,0.9039891,0,-0.4275555;
customb,house1,default,1,1,1,0,0.1704545,0.3863636,1,1.0,1.0,1941.004,19.5068,406.9002,0,0.6248924,0,0.7807109;
base,aot_supply,default,1,1,1,0,0.1704545,0.3863636,1,1.0,1.0,1844.816,47.10933,342.9275,0,0.5236677,0,-0.8519226;
base,aot_supply,default,1,1,1,0,0.1704545,0.3863636,1,1.0,1.0,592.5245,2.182312,111.5984,0,0.5694635,0,-0.8220166;
custom,boulder3,grass3,30,30,30,0,0.1704545,0.3863636,1,1.0,1.0,2765.469,-259.5214,574.9346,0,0.7726048,0,-0.6348872;
custom,boulder1,grass3,30,30,30,0,0.1704545,0.3863636,1,1.0,1.0,2714.723,-309.6284,-154.9489,0,0.8857088,0,-0.4642412;
custom,boulder2,grass3,30,30,30,0,0.1704545,0.3863636,1,1.0,1.0,2881.274,-351.3872,38.42448,-0.2454718,0.6452535,-0.2310341,-0.6855762;
custom,boulder1,grass3,100,30,100,0,0.1704545,0.3863636,1,1.0,1.0,1887.958,-346.7559,-1.386493,0,0.9886049,0,-0.1505338;
custom,cuboid,rock3,30,15,30,0,1,1,1,1.0,1.0,4109.074,-72.30672,509.1594,0,0.6983634,0,0.7157434;
custom,cuboid,grass3,150,15,150,0,1,1,1,1.0,1.0,-51.82141,-74.88637,92.14315,0,0.7203878,0,-0.6935716;
custom,cuboid,grass3,20,20,20,0,0.1704545,0.3863636,1,1.0,1.0,-1381.29,-98.85846,-918.8636,0,0.9989566,0,0.04567115;
custom,cuboid,grass3,20,20,20,0,0.1704545,0.3863636,1,1.0,1.0,-1334.312,-98.64867,-1102.003,0,0.9987477,0,0.05003039;
custom,cuboid,grass3,20,20,20,0,0.1704545,0.3863636,1,1.0,1.0,-1325.756,-96.14232,-1267.062,0,0.9987477,0,0.05003039;
base,aot_supply,default,1,1,1,0,1,1,1,1.0,1.0,3339.492,13.30806,178.6414,0,0.9382742,0,-0.3458924;
base,aot_supply,default,1,1,1,0,1,1,1,1.0,1.0,3390.703,0.9470184,782.7562,0,0.3504957,0,-0.9365643;
base,aot_supply,default,1,1,1,0,1,1,1,1.0,1.0,2372.827,0.5617211,534.1392,0,0.3770099,0,-0.9262093;
custom,tower2,default,1,1,1,0,1,1,1,1.0,1.0,959.6938,-17.89698,-236.1128,0,0.6091274,0,-0.7930724;
base,aot_supply,default,1,1,1,0,1,1,1,1.0,1.0,939.5542,0.5573055,-219.1848,0,0.9917889,0,-0.1278856;
custom,cuboid,grass3,2500,15,2500,0,1,1,1,1.0,1.0,-8188.399,-74.47303,2307.865,0,0.7102757,0,-0.7039237;
misc,barrier,1000,15,1000,-835.5038,1604.8,-2166.504,0,0.764214,0,-0.6449628;
misc,barrier,500,15,500,-4349.913,971.3727,234.82,0,0.6879712,0,-0.725738;
spawnpoint,titan,-946.8602,368.0202,-1.999578,0,0.6996127,0,0.7145223;
spawnpoint,titan,301.5555,229.5245,-33.70635,0,0.7241217,0,0.6896723;
