custom,cuboid,bark,20,4,2,0,1,1,1,1,1,227.9118,13.2873,142.2956,0,0.9999919,0,0.004036848;
custom,cuboid,bark,20,4,2,0,1,1,1,1,1,335.0084,13.26078,44.76323,0,0.6912016,0,0.722662;
custom,cuboid,bark,20,4,2,0,1,1,1,1,1,-63.79254,12.20248,30.18167,0,0.7087594,0,-0.7054504;
custom,cuboid,bark,40,4,2,0,1,1,1,1,1,137.4835,12.73412,-67.09435,0,0.01341842,0,-0.99991;
custom,tower2,bark,1.5,1,1.5,0,1,1,1,1,1,-64.94203,-73.22517,105.6061,0,-0.004411516,0,-0.9999903;
custom,tower2,bark,1.5,1,1.5,0,1,1,1,1,1,-63.64436,-73.41405,-106.7782,0,0.003662387,0,-0.9999933;
custom,tower2,bark,1.5,1,1.5,0,1,1,1,1,1,365.1759,-73.17038,145.5221,0,0.7203605,0,-0.6935999;
custom,tower2,bark,1.5,1,1.5,0,1,1,1,1,1,342.3766,-73.37769,-95.2479,0,0.03653634,0,-0.9993324;
custom,tower2,bark,1.5,1,1.5,0,1,1,1,1,1,125.3006,-73.27491,174.3712,0,0.9998562,0,0.01696084;
custom,cuboid,bark,12,4,2,0,1,1,1,1,1,0.3819122,12.84887,140.1744,0,0.9999997,0,-0.000798432;
custom,tower2,bark,1.5,1,1.5,0,1,1,1,1,1,64.79594,-73.44715,173.391,0,0.9997694,0,0.02147565;
custom,cuboid,bark,5,.3,2,0,1,1,1,1,1,98.34937,31.48166,140.1492,0,0.9998515,0,0.01723736;
custom,cuboid,bark,5,.1,2,0,1,1,1,1,1,97.96412,46.30985,138.3337,0,0.9999641,0,0.008482312;
custom,plane,bark,5,.3,6,0,1,1,1,1,1,98.32939,1.692641,143.8664,0.01535726,-0.7068149,-0.7069396,-0.02032726;
custom,cylinder,bark,.3,3,.3,0,1,1,1,1,1,108.8907,2.060491,143.9773,0,0.9960153,0,0.0891823;
custom,cylinder,bark,.3,3,.3,0,1,1,1,1,1,101.4166,0.860491,143.6789,0,0.9960153,0,0.0891823;
custom,cylinder,bark,.3,3,.3,0,1,1,1,1,1,92.09821,0.6173501,143.2294,0,0.9993958,0,0.03475522;
custom,cylinder,bark,.3,3,.3,0,1,1,1,1,1,84.28961,1.21735,143.0816,0,0.9993958,0,0.03475522;
custom,house2,bark,1,1,2,0,1,1,1,1,1,-11.26075,-2.531291,-9.456318,0,0.7101209,0,0.7040798;
custom,house2,bark,.5,.5,1,0,1,1,1,1,1,315.3293,-2.473137,-39.1661,0,0.01853177,0,-0.9998283;
custom,house2,bark,.5,.5,1,0,1,1,1,1,1,288.7651,-2.673137,-39.95417,0,0.01155126,0,-0.9999333;
custom,house2,bark,.5,.5,1,0,1,1,1,1,1,263.623,-2.873137,-40.42393,0,0.01155126,0,-0.9999333;
custom,house2,bark,.5,.5,1,0,1,1,1,1,1,235.5555,-3.044729,-41.41063,0,0.00676618,0,-0.9999771;
custom,house2,bark,.5,.5,1,0,1,1,1,1,1,312.9027,-2.590895,10.15998,0,0.9997933,0,0.02033113;
custom,house2,bark,.5,.5,1,0,1,1,1,1,1,288.06,-2.190894,8.874935,0,0.9997933,0,0.02033112;
custom,house2,bark,.5,.5,1,0,1,1,1,1,1,261.1339,-2.390894,7.689299,0,0.9998582,0,0.01684107;
custom,house2,bark,.5,.5,1,0,1,1,1,1,1,235.2645,-3.104911,6.848633,0,0.9999797,0,0.006369851;
custom,cuboid,grass,5,.1,5,1,0,0.2613637,0,1,1,294.8106,0.2510571,106.4517,0,0.6970261,0,0.7170458;
custom,cylinder,default,.01,.3,.01,1,0,0.2613637,0,1,1,305.0437,0.914383,125.9527,0,0.698898,0,0.7152213;
custom,cylinder,default,.01,.3,.01,1,0,0.2613637,0,1,1,296.7807,3.26464,125.2654,0,0.6751201,0,0.7377079;
custom,cylinder,default,.01,.3,.01,1,0,0.2613637,0,1,1,292.4053,3.114494,126.7983,0,0.6718951,0,0.7406464;
custom,cylinder,default,.01,.3,.01,1,0,0.2613637,0,1,1,300.8752,4.453967,116.7157,0,0.6686531,0,0.7435745;
custom,cylinder,default,.01,.3,.01,1,0,0.2613637,0,1,1,300.2173,1.079437,109.6069,0,0.6686496,0,0.7435777;
custom,cylinder,default,.01,.3,.01,1,0,0.2613637,0,1,1,279.7277,2.610334,118.3997,0,0.6637682,0,0.7479385;
custom,cylinder,default,.01,.3,.01,1,0,0.2613637,0,1,1,289.1172,-0.03329936,111.3198,0,0.7143196,0,0.6998197;
custom,cylinder,default,.01,.3,.01,1,0,0.2613637,0,1,1,276.9652,2.966701,96.47726,0,0.6588528,0,0.7522719;
custom,cylinder,default,.01,.3,.01,1,0,0.2613637,0,1,1,287.9613,2.366701,98.74686,0,0.6588528,0,0.7522719;
custom,cylinder,default,.01,.3,.01,1,0,0.2613637,0,1,1,303.2931,1.559329,94.85049,0,0.6815187,0,0.7318007;
custom,cylinder,default,.01,.3,.01,1,0,0.2613637,0,1,1,275.902,3.63581,85.68079,0,0.6082408,0,0.7937526;
custom,cylinder,default,.01,.3,.01,1,0,0.2613637,0,1,1,313.2576,1.277224,86.94173,0,0.1764485,0,-0.9843099;
custom,cylinder,default,.01,.3,.01,1,0,0.2613637,0,1,1,311.2377,0.8180302,110.4834,0,0.4113428,0,-0.9114807;
custom,cylinder,default,.01,.3,.01,1,0,0.2613637,0,1,1,277.2199,5.191656,102.576,0,0.5311779,0,0.8472603;
custom,cylinder,bark,.1,4,.1,1,1,0.9318182,1,1,1,160.4756,26.32055,-25.27061,0,0.9995769,0,0.0290859;
custom,sphere,bark,.2,.2,.2,1,1,0.9318182,1,1,1,160.5697,66.24626,-25.33631,0,0.9985535,0,-0.05376766;
custom,pyramid,bark,.0000001,.7,.5,1,0,0,0.6818182,1,1,154.0422,60.88693,-24.49695,-0.4720168,0.5314626,0.5197839,0.4738909;
custom,cuboid,grass,.5,.1,.5,0,0,0,0.6818182,1,1,160.5436,0.1156114,-24.9976,0,0.8823165,0,0.4706565;
custom,house2,default,.2,.2,.2,0,1,0,0,1,1,6.563322,-1.536308,16.50996,0,-0.01691025,0,-0.999857;
custom,house2,default,.2,.2,.2,0,1,0,0,1,1,-1.733922,-1.725036,16.21552,0,0.004473318,0,-0.99999;
custom,house2,default,.2,.2,.2,0,1,0,0,1,1,-10.24769,-1.725036,16.23414,0,-0.0042533,0,-0.9999909;
base,aot_supply,-2.142697,-2.320225,16.48817,-0.00917883,0.7614616,-0.6480553,-0.01078507;
custom,cylinder,bark,.001,.001,.001,0,1,0,0,1,1,-3.659912,-8.558013,37.12147,0,0.9881844,0,-0.1532697;
base,aot_supply,-10.22071,-2.320225,16.71669,-0.0579518,0.7342021,-0.6743912,-0.0527762;
base,aot_supply,6.527111,-2.520225,16.07021,-0.0092539,0.7569188,-0.6533555,-0.01072073;
base,aot_supply,13.20616,-0.2378155,5.015755,0,0.7380431,0,-0.6747536;
custom,house2,bark,.5,.5,.5,0,1,1,1,1,1,235.0482,-4.999167,52.5587,0,0.9998065,0,0.01967001;
custom,house2,bark,.5,.5,.5,0,1,1,1,1,1,259.8044,-5.199167,54.13503,0,0.9998065,0,0.01967001;
custom,house2,bark,.5,.5,.5,0,1,1,1,1,1,287.1433,-4.920811,54.75784,0,0.9997612,0,0.02185575;
custom,house2,bark,.5,.5,.5,0,1,1,1,1,1,312.486,-5.120811,55.32609,0,0.9999536,0,0.009640034;
custom,house2,bark,.5,.5,.5,0,1,1,1,1,1,312.4385,-3.227618,30.41304,0,0.03320971,0,-0.9994484;
custom,house2,bark,.5,.5,.5,0,1,1,1,1,1,287.1729,-3.827618,28.65702,0,0.02972078,0,-0.9995583;
custom,house2,bark,.5,.5,.5,0,1,1,1,1,1,260.3977,-4.00972,26.89795,0,0.0266743,0,-0.9996442;
custom,house2,bark,.5,.5,.5,0,1,1,1,1,1,235.4052,-4.000639,25.7816,0,-0.03062122,0,0.9995311;
custom,cuboid,bark,4,1,.5,0,1,1,1,1,1,-17.96033,2.823687,32.83653,0,0.6995125,0,-0.7146204;
custom,cuboid,bark,3,1,.5,0,1,1,1,1,1,-5.045339,2.649723,50.60444,0,0.9999872,0,0.005067917;
custom,house2,default,.2,.2,.2,0,1,1,1,1,1,-10.13486,-1.522089,45.62185,0,0.9999831,0,-0.005809021;
custom,house2,default,.2,.2,.2,0,1,1,1,1,1,-0.7864417,-1.617123,45.61944,0,0.9999934,0,-0.00362446;
custom,house2,default,.2,.2,.2,0,1,1,1,1,1,8.307372,-1.617123,45.45086,-5.625258E-06,0.9999926,0.003490647,0.001611511;
custom,cannon1,default,.1,.1,.1,0,1,1,1,1,1,48.57362,32.64334,148.237,0,-0.05464238,0,0.998506;
custom,cannon1,default,.1,.1,.1,0,1,1,1,1,1,46.12436,32.64334,147.9916,0,-0.0459268,0,0.9989448;
custom,tower1,default,1,1,1,0,1,1,1,1,1,128.5978,-22.27594,58.19543,0,0.6572363,0,0.7536846;
custom,tower1,default,1,1,1,0,1,1,1,1,1,61.05551,-22.87594,57.69836,0,0.705741,0,0.70847;
custom,tower1,default,1,1,1,0,1,1,1,1,1,64.05084,-23.65249,4.660016,0,1,0,-0.0002200332;
custom,tower1,default,1,1,1,0,1,1,1,1,1,132.5256,-23.72009,4.13133,0,0.9989205,0,0.0464534;
custom,cuboid,stone1,50,2,4,0,1,1,1,1,1,89.18616,-9.667547,392.6863,0,0.7153893,0,-0.6987262;
custom,cuboid,stone1,20,5,4,0,1,1,1,1,1,81.09528,-25.16134,724.5817,-0.001250467,0.7164645,0.00121758,-0.6976214;
custom,cuboid,stone2,30,15,4,0,1,1,1,1,1,500.0598,87.70291,676.241,0,0.003829202,0,0.9999927;
custom,leaf0,default,20,1,20,0,1,1,1,1,1,-18.12296,-67.2316,666.3617,0.7236794,-0.009837633,0.02929491,-0.6894441;
custom,leaf0,default,20,1,20,0,1,1,1,1,1,-523.0193,62.27576,667.2629,-0.6395749,-0.347984,-0.3662618,-0.5793992;
custom,tree1,default,1,1,1,0,1,1,1,1,1,-573.5629,-5.231669,582.5316,0,0.450179,0,-0.8929383;
custom,leaf0,default,20,1,20,0,1,1,1,1,1,-670.0381,30.04396,477.0326,0.5251557,0.4788048,0.512202,-0.482293;
custom,tree1,default,1,1,1,0,1,1,1,1,1,-605.2493,-4.019585,491.811,0,0.2987896,0,-0.9543191;
custom,tree1,default,1,1,1,0,1,1,1,1,1,-566.1871,-4.547396,398.7672,0,0.3828481,0,-0.9238114;
custom,tree1,default,1,1,1,0,1,1,1,1,1,-473.1918,-3.682663,402.6085,0,0.5152075,0,-0.8570656;
custom,tree1,default,1,1,1,0,1,1,1,1,1,-415.4299,-1.033605,473.1923,0,0.6512581,0,-0.7588564;
custom,tree1,default,1,1,1,0,1,1,1,1,1,-430.1515,-4.709355,577.9743,0,0.8715289,0,-0.4903443;
custom,tree1,default,1,1,1,0,1,1,1,1,1,-517.6947,-4.196993,610.8083,0,0.9654132,0,-0.2607248;
custom,tree1,default,1,1,1,0,1,1,1,1,1,-315.9976,-5.344046,575.3674,0,0.6413004,0,-0.7672899;
custom,tree1,default,1,1,1,0,1,1,1,1,1,-310.3868,-4.491533,424.8312,0,0.4812379,0,-0.8765901;
custom,sphere,stone2,5,5,5,0,1,1,1,1,1,157.5298,17.18157,556.0416,0.003922999,0.2497253,0.01520953,0.9681893;
custom,tree1,default,1,1,1,0,1,1,1,1,1,-406.6266,-3.949418,319.317,0,0.2717243,0,-0.9623752;
custom,sphere,stone2,5,5,5,0,1,1,1,1,1,158.4184,16.18156,605.0259,0,0.2497561,0,0.9683088;
custom,tree1,default,1,1,1,0,1,1,1,1,1,-488.6417,-3.760814,303.7976,0,0.4983717,0,-0.8669634;
custom,tree1,default,1,1,1,0,1,1,1,1,1,-544.874,-5.177461,230.5012,0,0.7088634,0,-0.7053457;
custom,tree1,default,1,1,1,0,1,1,1,1,1,-571.1852,-3.759863,153.3261,0,0.8979722,0,-0.4400523;
custom,tree1,default,1,1,1,0,1,1,1,1,1,-449.2563,-4.460003,139.5799,0,0.5375689,0,-0.8432199;
custom,tree1,default,1,1,1,0,1,1,1,1,1,-512.7971,-4.751577,51.21401,0,0.6838274,0,-0.7296438;
custom,cuboid,stone2,30,8,40,0,1,1,1,1,1,306.6969,9.181539,676.8541,0,0.02728164,0,0.9996278;
custom,tree1,default,1,1,1,0,1,1,1,1,1,-144.6093,-3.855125,541.3663,0,0.02214862,0,-0.9997547;
custom,tree1,default,1,1,1,0,1,1,1,1,1,-17.87669,0.2764935,579.4243,0,0.5822051,0,0.8130419;
custom,cuboid,stone2,30,15,4,0,1,1,1,1,1,288.6573,88.48676,677.4971,-0.0006625191,0.001996451,0.006012873,0.9999797;
custom,tree1,default,1,1,1,0,1,1,1,1,1,-72.72894,-1.012026,375.0158,0,0.5880674,0,-0.808812;
custom,cuboid,stone2,30,5,40,0,1,1,1,1,1,501.9658,5.728744,666.8711,0,0.02554367,0,0.9996737;
custom,tree1,default,1,1,1,0,1,1,1,1,1,-247.1858,-4.218698,297.4296,0,0.5613018,0,-0.8276112;
custom,sphere,stone2,5,5,5,0,1,1,1,1,1,158.399,17.18157,651.1109,-0.002179506,0.2497466,-0.008449981,0.9682719;
custom,tree1,default,1,1,1,0,1,1,1,1,1,-168.0858,-4.417173,189.4786,0,0.3749518,0,-0.9270443;
custom,tree1,default,1,1,1,0,1,1,1,1,1,-78.74442,-4.218578,209.643,0,0.2018767,0,-0.9794109;
custom,tree1,default,1,1,1,0,1,1,1,1,1,-7.700714,-4.144792,269.3705,0,0.2274505,0,-0.9737897;
custom,tree1,default,1,1,1,0,1,1,1,1,1,34.81589,-4.095406,387.4788,0,0.1157628,0,-0.9932769;
custom,tree1,default,1,1,1,0,1,1,1,1,1,33.63895,-4.354764,207.4229,0,0.8673126,0,-0.4977639;
custom,tree1,default,1,1,1,0,1,1,1,1,1,-120.8875,-6.858384,125.2241,0,0.9154736,0,-0.4023779;
custom,tree1,default,1,1,1,0,1,1,1,1,1,-243.9473,-6.027199,128.6666,0,0.823118,0,-0.5678704;
custom,tree1,default,1,1,1,0,1,1,1,1,1,-347.0747,-4.991907,139.7512,0,0.8607299,0,-0.5090619;
custom,sphere,stone2,5,5,5,0,1,1,1,1,1,157.6389,17.71887,512.0812,0,0.2412945,0,0.970452;
custom,sphere,stone2,5,5,5,0,1,1,1,1,1,171.4872,17.67925,493.5678,0,0.09085556,0,0.9958641;
custom,sphere,stone2,5,5,5,0,1,1,1,1,1,217.2574,17.34121,491.2885,0,0.01022931,0,0.9999477;
custom,cylinder,stone2,1,5,1,0,1,1,1,1,1,632.181,-23.21071,462.7944,0,0.06251844,0,0.9980438;
custom,cylinder,stone2,1,5,1,0,1,1,1,1,1,638.7476,-20.48075,461.8407,0,0.1772459,0,0.9841666;
custom,cylinder,stone2,1,5,1,0,1,1,1,1,1,625.1257,-26.82098,462.7977,0,0.01598019,0,-0.9998723;
custom,cylinder,stone2,1,5,1,0,1,1,1,1,1,618.5058,-29.62099,462.9824,0,0.01598091,0,-0.9998723;
custom,cylinder,stone2,1,5,1,0,1,1,1,1,1,610.8629,-32.48079,462.8052,5.089117E-05,0.00583155,0.008726386,0.9999449;
custom,cylinder,stone2,1,5,1,0,1,1,1,1,1,602.7531,-35.0808,463.2482,0,0.005831775,0,0.999983;
custom,cylinder,stone2,1,5,1,0,1,1,1,1,1,593.3479,-38.08081,462.9604,0,0.005831775,0,0.999983;
custom,cylinder,stone2,1,5,1,0,1,1,1,1,1,583.784,-41.68082,463.8657,0,0.005831775,0,0.999983;
custom,cylinder,stone2,1,5,1,0,1,1,1,1,1,574.4368,-45.28084,464.1738,0,0.005831775,0,0.999983;
custom,cylinder,stone2,1,5,1,0,1,1,1,1,1,565.7869,-47.94096,465.3164,0,0.04944476,0,0.9987769;
custom,cuboid,stone2,5,15,30,0,1,1,1,1,1,668.5228,61.29663,518.2769,0,-0.02192353,0,-0.9997597;
custom,sphere,stone2,5,5,5,0,1,1,1,1,1,645.4952,-5.445521,472.4199,0,0.04067234,0,0.9991726;
custom,sphere,stone2,5,5,5,0,1,1,1,1,1,654.5461,-13.61865,456.4613,0,0.2156897,0,0.9764619;
custom,sphere,stone2,5,5,5,0,1,1,1,1,1,624.6295,-12.26187,471.7975,0,0.118941,0,0.9929013;
custom,sphere,stone2,5,5,5,0,1,1,1,1,1,623.0406,-24.48886,458.7005,0,0.07116649,0,0.9974645;
custom,sphere,stone2,5,5,5,0,1,1,1,1,1,638.4226,-14.08883,468.7289,0,0.07116629,0,0.9974645;
custom,sphere,stone2,5,5,5,0,1,1,1,1,1,628.5419,-24.72065,436.3635,0,0.1771874,0,0.9841772;
custom,sphere,stone2,5,5,5,0,1,1,1,1,1,268.3358,16.20302,490.3137,0,0.02261652,0,-0.9997442;
custom,sphere,stone2,5,5,5,0,1,1,1,1,1,316.7105,16.20302,487.5103,0,0.02261652,0,-0.9997442;
custom,sphere,stone2,5,5,5,0,1,1,1,1,1,366.022,17.3398,485.0792,0,0.01882042,0,0.9998229;
custom,sphere,stone2,5,5,5,0,1,1,1,1,1,414.7022,18.0305,480.5463,0,0.003548771,0,0.9999937;
custom,sphere,stone2,5,5,5,0,1,1,1,1,1,465.2886,14.51968,479.1779,0,0.05098245,0,-0.9986995;
custom,sphere,stone2,5,5,5,0,1,1,1,1,1,511.1393,15.51968,479.069,0,0.05098269,0,-0.9986995;
custom,sphere,stone2,5,5,5,0,1,1,1,1,1,642.6805,34.25957,648.1057,0,0.1166937,0,0.9931679;
custom,sphere,stone2,5,5,5,0,1,1,1,1,1,606.6865,32.91338,668.5482,0,0.05584459,0,0.9984395;
custom,sphere,stone2,5,5,5,0,1,1,1,1,1,626.3558,67.07227,668.216,0,0.04494994,0,0.9989893;
custom,capsule,stone2,3,10,3,0,1,1,1,1,1,444.4876,35.7824,523.6058,-0.4908715,0.5012621,0.4985713,-0.5091249;
custom,sphere,stone2,3,5,3,0,1,1,1,1,1,443.6604,11.85563,425.0434,0,0.3694552,0,-0.9292486;
custom,sphere,stone2,3,5,3,0,1,1,1,1,1,443.5122,15.20902,442.9514,0,0.5215147,0,-0.8532423;
custom,sphere,stone2,3,5,3,0,1,1,1,1,1,443.6736,9.209024,460.7029,0,0.5215147,0,-0.8532423;
custom,cuboid,stone2,5,5,7,0,1,1,1,1,1,465.7454,16.55661,625.8638,-0.009752755,0.02878907,-0.2078919,0.9776794;
custom,cylinder,stone2,5,.1,5,0,1,1,1,1,1,254.5124,49.42154,650.8675,0,0.001217277,0,-0.9999993;
custom,cylinder,stone2,5,.1,5,0,1,1,1,1,1,254.9163,67.22154,649.2684,0,0.001217277,0,-0.9999993;
custom,cylinder,stone2,5,.1,5,0,1,1,1,1,1,254.5124,85.82126,650.8675,0,0.001217277,0,-0.9999993;
custom,cylinder,stone2,5,.1,5,0,1,1,1,1,1,254.5584,106.6135,650.9802,0,0.0009619656,0,0.9999995;
custom,cylinder,stone2,.1,3,.1,0,1,1,1,1,1,276.5702,77.41399,653.3354,0,0.0009619656,0,0.9999995;
custom,cylinder,stone2,.1,3,.1,0,1,1,1,1,1,274.7116,77.31241,641.8666,0,0.009947764,0,-0.9999505;
custom,cylinder,stone2,.1,3,.1,0,1,1,1,1,1,270.0963,76.71242,636.0074,0,0.009947764,0,-0.9999505;
custom,cylinder,stone2,.1,3,.1,0,1,1,1,1,1,265.0498,76.51242,630.9059,0,0.009947764,0,-0.9999505;
custom,cylinder,stone2,.1,3,.1,0,1,1,1,1,1,258.4955,76.51242,628.9127,0,0.009947764,0,-0.9999505;
custom,cylinder,stone2,.1,3,.1,0,1,1,1,1,1,250.0861,77.11241,629.2804,0,0.009947764,0,-0.9999505;
custom,cylinder,stone2,.1,3,.1,0,1,1,1,1,1,243.4861,76.31242,631.4756,0,0.009947764,0,-0.9999505;
custom,cylinder,stone2,.1,3,.1,0,1,1,1,1,1,237.314,77.19865,636.0829,0,0.009954678,0,-0.9999505;
custom,cylinder,stone2,.1,3,.1,0,1,1,1,1,1,274.7409,77.47226,648.3372,0,0.7247247,0,-0.6890385;
custom,cylinder,stone2,.1,3,.1,0,1,1,1,1,1,235.1999,76.45747,654.6154,0,0.6451577,0,0.7640495;
custom,cylinder,stone2,.1,3,.1,0,1,1,1,1,1,234.8296,76.65747,648.4674,0,0.6451577,0,0.7640495;
custom,cylinder,stone2,.1,3,.1,0,1,1,1,1,1,234.4594,77.05746,642.3194,0,0.6451577,0,0.7640495;
custom,capsule,stone2,2,4,2,0,1,1,1,1,1,470.1685,32.46001,593.3148,-0.3840671,0.5556661,-0.4185077,-0.6071071;
custom,capsule,stone2,2,4,2,0,1,1,1,1,1,477.565,28.19539,492.3204,-0.4855997,0.5116445,-0.4963388,-0.5060243;
custom,capsule,stone2,2,4,2,0,1,1,1,1,1,482.3716,33.23644,485.4119,-0.4839993,0.4965576,-0.5032496,-0.5156695;
custom,capsule,stone2,2,4,2,0,1,1,1,1,1,479.5203,36.03645,474.5393,-0.4950577,0.5039999,-0.4782772,-0.5216829;
custom,pyramid,stone2,2,4,2,0,1,1,1,1,1,323.8538,50.20514,514.1722,-0.1442451,0.6938609,-0.1449551,-0.6904625;
custom,cone,stone2,2,2,4,0,1,1,1,1,1,368.2328,34.99353,658.1428,0.006990891,0.03405698,-0.2009565,-0.978983;
custom,cone,stone2,1.5,1,1.5,0,1,1,1,1,1,259.0782,117.8818,649.301,0,0.1968796,0,0.9804277;
custom,house2,default,.2,.2,.2,0,1,1,1,1,1,-537.4604,-0.3913345,485.2951,0,0.2797664,0,0.9600682;
custom,house2,default,.2,.2,.2,0,1,1,1,1,1,-521.0293,-0.3399783,505.2398,0,0.9736943,0,-0.2278583;
custom,house2,default,.2,.2,.2,0,1,1,1,1,1,-531.2296,-0.3032295,507.1389,0,0.9994622,0,0.03279106;
custom,house2,default,.2,.2,.2,0,1,1,1,1,1,-540.6058,-0.3737823,502.6147,0,0.9126258,0,0.4087959;
custom,house2,default,.2,.2,.2,0,1,1,1,1,1,-542.9832,-0.209529,492.5655,0,0.6173209,0,0.7867115;
custom,cylinder,empty,.5,.02,.5,0,1,1,1,1,1,-529.8981,-0.1076116,494.0842,0,0.4811747,0,-0.8766247;
custom,cylinder,empty,.2,.02,.2,1,1,0,0,1,1,-529.8972,0.07257996,494.1173,0,0.4735164,0,-0.880785;
custom,cylinder,empty,.02,.06,.02,1,1,0,0,1,1,-530.2429,0.4634919,494.0345,-0.0418861,0.1269591,0.4079365,-0.9031693;
custom,cylinder,empty,.02,.06,.02,1,1,0,0,1,1,-529.9644,0.4634919,493.7943,-0.4270155,0.08651724,0.02351797,-0.8997886;
custom,cylinder,empty,.02,.06,.02,1,1,0,0,1,1,-529.6237,0.4634919,494.0547,-0.09916174,0.1150766,-0.4072416,-0.9005991;
custom,cylinder,empty,.02,.06,.02,1,1,0,0,1,1,-529.6997,0.4942277,494.3583,-0.1458064,0.8540685,-0.3450663,-0.3608833;
custom,cylinder,empty,.02,.06,.02,1,1,0,0,1,1,-530.0811,0.5184422,494.4315,0.1101931,0.8779472,-0.398133,0.2419843;
base,aot_supply,-529.3825,-1.937079,494.0801,-0.440387,0.5489683,-0.5516428,-0.4476419;
base,aot_supply,-522.5317,-0.1335701,487.7587,0,0.8898124,0,0.4563267;
custom,house2,default,.2,.2,.2,0,1,0,0,1,1,476.1397,30.43458,514.6654,0,0.4100979,0,0.9120415;
custom,house2,default,.2,.2,.2,0,1,0,0,1,1,485.8622,30.57211,511.1052,0,0.1030398,0,-0.9946772;
custom,house2,default,.2,.2,.2,0,1,0,0,1,1,472.0165,30.56089,524.3589,0,0.6750764,0,0.7377478;
custom,cylinder,bark,.1,.3,.1,0,1,0,0,1,1,490.1503,37.52612,537.8281,0,0.956534,0,-0.2916209;
custom,sphere,stone1,5,5,5,0,1,1,1,1,1,640.1522,18.14015,-470.0373,0,0.558765,0,0.829326;
custom,sphere,stone1,5,5,5,0,1,1,1,1,1,597.3476,21.84208,-671.1661,0,0.9934059,0,-0.1146509;
custom,sphere,stone1,5,5,5,0,1,1,1,1,1,574.8626,-9.677159,-564.2057,0,0.8707206,0,-0.4917782;
custom,sphere,stone1,5,5,5,0,1,1,1,1,1,590.2735,-1.677164,-587.6126,0,0.8707206,0,-0.4917782;
custom,sphere,stone1,5,5,5,0,1,1,1,1,1,561.3799,-17.27716,-575.608,0,0.8707206,0,-0.4917782;
custom,sphere,stone1,5,5,5,0,1,1,1,1,1,530.5086,-18.67716,-561.7592,0,0.8707206,0,-0.4917782;
custom,sphere,stone1,5,5,5,0,1,1,1,1,1,663.1091,23.23016,-642.1714,0,0.9480922,0,0.3179958;
custom,sphere,stone1,5,5,5,0,1,1,1,1,1,545.7737,-14.61155,-436.035,0,0.9662961,0,0.2574332;
custom,sphere,stone1,5,5,5,0,1,1,1,1,1,581.2166,-8.956223,-425.3575,0,0.99781,0,0.06614557;
custom,sphere,stone1,5,5,5,0,1,1,1,1,1,631.4769,28.2421,-663.1232,0,0.9934059,0,-0.1146509;
custom,capsule,stone1,5,5,5,0,1,1,1,1,1,556.5236,44.79665,-659.8607,0,0.9266368,0,-0.3759579;
custom,sphere,stone1,5,5,5,0,1,1,1,1,1,494.8347,6.922834,-558.9842,-0.0212736,0.8704606,0.01201521,-0.4916314;
custom,sphere,stone1,5,5,5,0,1,1,1,1,1,673.1849,34.64513,-569.3731,0,0.879509,0,0.4758824;
custom,sphere,stone1,5,5,5,0,1,1,1,1,1,679.4277,23.64509,-607.217,0,0.879509,0,0.4758822;
custom,sphere,stone1,5,5,5,0,1,1,1,1,1,470.5263,25.33179,-546.2311,0,0.7203594,0,0.6936011;
custom,sphere,stone1,5,5,5,0,1,1,1,1,1,514.5715,30.37319,-650.8674,0,0.8696362,0,-0.4936931;
custom,sphere,stone1,5,5,5,0,1,1,1,1,1,657.9614,-7.719241,-623.2788,0,0.711356,0,0.7028319;
custom,sphere,stone1,5,5,5,0,1,1,1,1,1,667.4633,-8.762381,-586.6844,0,0.5908933,0,0.8067498;
custom,sphere,stone1,5,5,5,0,1,1,1,1,1,655.4408,8.140154,-502.4776,0,0.558765,0,0.829326;
custom,sphere,stone1,5,5,5,0,1,1,1,1,1,664.0446,7.740154,-544.3185,0,0.558765,0,0.829326;
custom,sphere,stone1,5,5,5,0,1,1,1,1,1,495.2003,-16.93024,-638.9935,0,0.8299465,0,0.557843;
custom,sphere,stone1,5,5,5,0,1,1,1,1,1,526.2756,-3.130245,-647.1262,0,0.8299465,0,0.557843;
custom,sphere,stone1,5,5,5,0,1,1,1,1,1,553.9937,-8.190572,-635.8157,0,0.8275188,0,0.561438;
custom,sphere,stone1,5,5,5,0,1,1,1,1,1,593.3201,-10.12474,-645.8051,-0.01777851,0.8487372,-0.0110684,0.5284;
custom,sphere,stone1,5,5,5,0,1,1,1,1,1,630.0139,-4.60003,-648.8171,0,0.7836416,0,0.6212131;
custom,sphere,stone1,5,5,5,0,1,1,1,1,1,462.1671,-3.177841,-553.1163,0,0.7711712,0,0.6366278;
custom,sphere,stone1,5,5,5,0,1,1,1,1,1,618.7025,3.514644,-439.4749,0,0.7144192,0,0.699718;
custom,sphere,stone1,5,5,5,0,1,1,1,1,1,476.6498,61.17466,-555.6276,0,0.7599434,0,0.6499893;
custom,sphere,stone1,5,5,5,0,1,1,1,1,1,460.3409,71.94449,-593.2281,0,0.9998353,0,0.01815215;
custom,sphere,stone1,5,5,5,0,1,1,1,1,1,459.3425,70.04211,-631.8734,-0.02092382,0.9988928,-0.0008823963,0.04212517;
custom,sphere,stone1,5,5,5,0,1,1,1,1,1,460.4908,40.44212,-645.6315,0,0.999112,0,0.0421344;
custom,sphere,stone1,5,5,5,0,1,1,1,1,1,492.8529,21.24204,-653.3324,0,0.999112,0,0.0421344;
custom,sphere,stone1,5,5,5,0,1,1,1,1,1,460.4634,-7.287801,-635.6857,0,0.7004259,0,0.7137251;
custom,sphere,stone1,5,5,5,0,1,1,1,1,1,535.1932,-8.611555,-477.6888,0,0.9662961,0,0.2574332;
custom,sphere,stone1,5,5,5,0,1,1,1,1,1,546.1506,-3.611559,-510.06,0,0.9662961,0,0.2574332;
custom,sphere,stone1,5,5,5,0,1,1,1,1,1,557.4263,18.18844,-538.5604,0,0.9662961,0,0.2574332;
custom,sphere,stone1,5,5,5,0,1,1,1,1,1,558.4297,33.54883,-512.6434,0,0.8794951,0,0.475908;
custom,sphere,stone1,5,5,5,0,1,1,1,1,1,552.082,27.54881,-487.233,0,0.8794951,0,0.475908;
custom,capsule,stone1,5,5,5,0,1,1,1,1,1,581.2469,8.630502,-438.2083,0.5462752,0.4418157,-0.369446,0.6081876;
custom,sphere,stone1,5,5,5,0,1,1,1,1,1,563.5104,43.02605,-448.9612,0,0.1620679,0,0.9867796;
custom,sphere,stone1,5,5,5,0,1,1,1,1,1,589.8369,30.38304,-426.0583,0,0.07327196,0,0.997312;
custom,sphere,stone1,5,5,5,0,1,1,1,1,1,617.6962,27.0731,-432.5107,0,0.2748314,0,0.9614925;
custom,sphere,stone1,5,5,5,0,1,1,1,1,1,564.8483,51.98228,-475.4582,0,0.4273538,0,-0.9040845;
custom,sphere,stone1,5,5,5,0,1,1,1,1,1,591.6232,50.05151,-442.183,0,0.4625172,0,-0.8866103;
custom,sphere,stone1,5,5,5,0,1,1,1,1,1,616.7318,43.85148,-453.6078,0,0.4625172,0,-0.8866103;
custom,sphere,stone1,5,5,5,0,1,1,1,1,1,632.8675,34.58221,-472.3178,0,0.4273538,0,-0.9040845;
custom,sphere,stone1,5,5,5,0,1,1,1,1,1,643.2979,31.89297,-506.4867,0,0.5176605,0,-0.8555861;
custom,sphere,stone1,5,5,5,0,1,1,1,1,1,648.5307,35.14039,-539.7539,0,0.5064223,0,-0.8622856;
custom,sphere,stone1,5,5,5,0,1,1,1,1,1,581.4545,13.11946,-579.0663,0,0.5528341,0,-0.8332914;
custom,sphere,stone1,5,5,5,0,1,1,1,1,1,543.7637,36.69554,-549.8256,0,0.2132401,0,-0.9769998;
custom,sphere,stone1,5,5,5,0,1,1,1,1,1,546.9207,41.49556,-506.7998,0,0.2132401,0,-0.9769998;
custom,sphere,stone1,5,5,5,0,1,1,1,1,1,500.7464,40.02811,-550.2081,0,0.3977419,0,-0.9174973;
custom,sphere,stone1,5,5,5,0,1,1,1,1,1,556.8211,10.74077,-559.5637,0,0.5510139,0,-0.8344961;
custom,sphere,stone1,5,5,5,0,1,1,1,1,1,529.968,18.23857,-557.7264,0,0.5345224,0,-0.8451543;
custom,sphere,stone1,5,5,5,0,1,1,1,1,1,573.9895,33.02721,-572.471,0,0.5066087,0,-0.8621761;
custom,cuboid,stone1,10,3,10,0,1,1,1,1,1,516.906,62.7504,-602.3878,0.06265833,0.666818,0.09635605,-0.7363038;
custom,cuboid,stone1,10,3,10,0,1,1,1,1,1,629.3277,60.499,-611.9266,0,0.8588668,0,-0.5121991;
custom,cuboid,stone1,10,3,10,0,1,1,1,1,1,614.2275,51.53534,-522.4438,0,0.9217907,0,-0.387688;
custom,cuboid,stone1,20,15,1,0,1,1,1,1,1,584.9824,42.24766,-271.3424,0,0.9740767,0,0.2262182;
custom,sphere,stone1,5,5,5,0,1,1,1,1,1,580.5117,39.06469,-560.8055,0,0.7791492,0,0.6268386;
custom,sphere,stone1,5,5,5,0,1,1,1,1,1,589.6996,45.86671,-646.7823,0,0.1315375,0,0.9913112;
custom,cuboid,stone1,8,15,1,0,1,1,1,1,1,440.0772,42.29561,-527.4671,0,0.5026091,0,0.8645138;
custom,cuboid,stone1,12,15,1,0,1,1,1,1,1,470.3462,42.45699,-366.1953,0,0.8541564,0,0.5200161;
custom,cuboid,stone1,10,5,1,0,1,1,1,1,1,462.5112,92.31818,-608.827,0,0.6857787,0,0.7278101;
custom,cuboid,stone1,5,15,1,0,1,1,1,1,1,426.8386,42.62926,-473.1427,0,0.7892761,0,0.6140385;
custom,cuboid,stone1,5,15,1,0,1,1,1,1,1,430.968,42.62926,-457.1463,0,0.7882029,0,0.6154155;
custom,cuboid,stone1,20,.5,20,0,1,1,1,1,1,632.2982,115.6352,-356.0247,-0.001519947,0.5275544,0.000857861,0.8495195;
custom,cuboid,stone1,15,.5,20,0,1,1,1,1,1,552.4537,115.2913,-424.4207,0,0.8550382,0,0.5185651;
custom,cuboid,stone1,15,.5,20,0,1,1,1,1,1,538.2459,114.9421,-557.7878,0,0.2136957,0,-0.9769003;
custom,cuboid,stone1,15,.5,20,0,1,1,1,1,1,532.9029,114.9925,-438.0511,0,0.1376526,0,0.9904806;
custom,cuboid,stone1,15,.5,20,0,1,1,1,1,1,538.6522,115.1367,-589.8898,0,-0.01337911,0,0.9999105;
custom,cuboid,stone1,15,.5,20,0,1,1,1,1,1,688.0166,114.5749,-594.7997,0,-0.004924035,0,-0.9999879;
custom,cuboid,stone1,15,.5,20,0,1,1,1,1,1,689.6475,114.7614,-451.3039,0,0.06050861,0,-0.9981677;
custom,cuboid,stone1,8,.5,8,0,1,1,1,1,1,470.7043,114.9564,-474.4969,0,0.8317456,0,0.555157;
custom,cylinder,default,20,2,20,1,0.2272727,0.4772727,1,1,1,625.9818,98.84479,-533.1712,0,0.7607053,0,0.6490974;