custom,tower2,default,1,1,1,1,1,0,1,1,1,317.2189,-11.359,-290.6328,0,0.8949379,0,0.4461906;
spawnpoint,titan,-509.3354,62.50144,241.7531,0,0.7897316,0,0.6134526;
custom,house2,stone4,1,1,1,1,1,0,1,1,1,-9.985729,-1.688446,-49.47125,0,0.009339694,0,-0.9999564;
custom,cuboid,stone4,0.05,0.25,0.05,1,0,0,1,1,1,-5.36424,10.65762,-58.6671,0.2910508,0.9543643,0.01952087,0.06400979;
custom,tower2,default,1,1,1,1,1,0,1,1,1,187.9731,-11.41542,163.476,0,0.7162697,0,0.6978235;
custom,tower2,default,1,1,1,1,1,0,1,1,1,-78.842,-10.72434,-469.9266,0,0.971862,0,-0.2355511;
spawnpoint,titan,-405.2285,53.42268,-173.2436,0,0.5542632,0,0.8323414;
custom,tower2,default,1,1,1,1,1,0,1,1,1,-110.0922,-12.87715,527.8322,0,0.6329035,0,-0.7742307;
custom,tower2,default,1,1,1,1,1,0,1,1,1,486.0919,-12.29923,245.3208,0,0.7132133,0,0.7009471;
custom,tower2,default,1,1,1,1,1,0,1,1,1,362.5051,-15.64785,411.7697,0,0.6643136,0,-0.747454;
custom,cuboid,stone4,0.05,0.25,0.05,1,0,0,1,1,1,-6.73767,10.57762,-58.81789,-0.05727636,0.006657566,0.9474888,-0.3145474;
custom,tower2,default,1,1,1,1,1,0,1,1,1,46.66347,-11.33062,370.3824,0,0.6963838,0,-0.7176695;
custom,tower2,default,1,1,1,1,1,0,1,1,1,-10.88382,-10.24965,65.52566,0,0.713039,0,0.7011244;
custom,tower2,default,1,1,1,1,1,0,1,1,1,152.5723,-21.24354,-439.714,0,0.9675967,0,0.2525011;
custom,cuboid,stone4,0.05,0.5,0.05,1,0,0,1,1,1,-4.656873,9.451777,-58.46048,0,0.9979023,0,0.06473728;
custom,tower2,default,1,1,1,1,1,0,1,1,1,-1350.313,-8.847569,-1207.978,0,0.7833315,0,-0.6216042;
custom,tower2,default,1,1,1,1,1,0,1,1,1,-411.7306,-14.17007,-404.0189,0,0.8455146,0,0.5339523;
custom,tower2,default,1,1,1,1,1,0,1,1,1,-205.9016,-12.53644,-27.71334,0,0.1633792,0,-0.9865634;
custom,tower2,default,1,1,1,1,1,0,1,1,1,-452.2958,-12.77614,-117.1661,0,0.9724553,0,-0.2330898;
custom,tower2,default,1,1,1,1,1,0,1,1,1,-438.0536,-13.29748,205.3201,0,0.9937776,0,0.1113832;
custom,tower2,default,1,1,1,1,1,0,1,1,1,-163.2811,-13.80376,264.0622,0,0.7285647,0,-0.6849769;
custom,tower2,default,1,1,1,1,1,0,1,1,1,-122.9893,-15.24754,-258.8872,0,0.7086719,0,0.7055382;
base,aot_supply,-10.17216,-1.793615,-46.77855,0.001115853,0.7436112,-0.6686103,0.001241019;
spawnpoint,playerC,-1717.502,182.1783,1446.739,0,0.9280635,0,0.372422;
spawnpoint,playerM,-1717.694,181.6987,1446.819,0,0.9280635,0,0.372422;
misc,barrier,300,200,1,1286.425,994.8068,116.0308,0,0.6945002,0,0.7194926;
misc,barrier,300,200,1,-161.119,994.0621,-1436.375,0,0.9998639,0,0.01649927;
spawnpoint,titan,270.6059,59.85038,-438.5004,0,0.08309373,0,-0.9965417;
spawnpoint,titan,372.7765,49.49698,236.5694,0,0.6758397,0,-0.7370487;
spawnpoint,titan,95.47858,53.94345,450.5365,0,0.9998414,0,0.01781091;
spawnpoint,titan,-270.4001,59.3844,432.0442,0,0.9794137,0,0.2018632;
spawnpoint,titan,-458.8746,59.95666,56.03286,0,0.7340677,0,0.6790763;
misc,barrier,300,200,1,-266.475,995.8163,1564.565,0,0.01814984,0,-0.9998353;
misc,barrier,300,200,1,-1718.018,971.5618,4.177139,0,0.7193404,0,-0.6946578;
custom,pillar1,crystal2,3,3,3,0,1,0,0,1,1,-1717.685,-3.228909,1446.724,0,0.01967319,0,-0.9998065;
custom,pillar1,crystal2,3,3,3,1,1,1,1,1,1,1179.462,-1.647237,1546.122,0,0.7003599,0,0.7137899;
custom,tower2,default,1,1,1,1,1,0,1,1,1,-411.2108,-11.33082,407.7712,0,0.889169,0,-0.4575789;
custom,tower2,default,1,1,1,1,1,0,1,1,1,440.988,-10.91857,-31.9599,0,0.9989434,0,0.04595766;
custom,cuboid,stone4,0.05,0.5,0.05,1,0,0,1,1,1,-7.344327,9.208005,-58.81269,0,0.9990749,0,0.04300289;
spawnpoint,titan,-143.6898,73.116,-418.833,0,0.1785409,0,0.9839325;
spawnpoint,titan,40.97568,49.09286,-243.3936,0,0.7097915,0,-0.7044119;
spawnpoint,titan,192.197,72.83414,-66.27618,0,0.345761,0,-0.9383226;
custom,house2,crystal2,3,3,3,1,1,0,0,1,1,1165.745,-4.966467,1442.585,0,0.9998681,0,0.01624257;
custom,house2,crystal2,3,3,3,1,1,0,0,1,1,1052.144,-5.001077,1539.236,0,0.7187665,0,-0.6952516;
base,aot_supply,1162.705,-0.2073126,1477.504,0,0.9999845,0,0.005571412;
base,aot_supply,1087.144,-0.1044847,1536.888,0,0.7200701,0,-0.6939014;
custom,house2,crystal2,3,3,3,1,1,0,0,1,1,-1595.93,-4.765067,1442.084,0,-0.6834967,0,-0.7299537;
custom,house2,crystal2,3,3,3,1,1,0,0,1,1,-1691.871,-4.161892,1326.774,0,-0.9995983,0,-0.02834408;
custom,sphere,stone6,30,30,30,0,0.8409091,0.6704546,0.4772727,30,30,395.3286,626.7702,463.1197,0,0.4066263,0,0.9135945;
custom,sphere,default,4,4,4,1,1,0,1,1,1,281.3044,535.3188,413.3102,0,0.4165471,0,0.9091141;
custom,sphere,default,8,8,8,1,1,1,1,1,1,333.3299,564.4554,364.4636,0,0.4441165,0,0.895969;
custom,sphere,default,4,4,4,1,1,0,1,1,1,326.8274,542.1185,349.2468,0,0.4165471,0,0.9091141;
custom,sphere,default,8,8,8,1,1,1,1,1,1,289.1598,558.8554,417.5592,0,0.4441166,0,0.895969;
custom,sphere,default,2,2,2,1,0,0,0,1,1,327.1702,529.6099,346.8461,0,0.4303807,0,0.9026475;
custom,sphere,default,2,2,2,1,0,0,0,1,1,281.246,521.6082,411.9101,0,0.4303807,0,0.9026475;
custom,cuboid,default,1,8,1,1,0,0,0,1,1,244.7942,588.6812,386.7579,-0.5031983,0.7005756,0.004064983,-0.5059337;
custom,cuboid,default,1,8,1,1,0,0,0,1,1,296.1911,589.6697,333.7247,-0.0429222,0.6791232,-0.4890236,0.5457154;
custom,cuboid,stone4,0.05,0.5,0.05,1,0,0,1,1,1,-9.042249,9.074132,-58.91028,0,0.9987706,0,0.04957129;
custom,cuboid,stone4,0.05,0.30,0.05,1,0,0,1,1,1,-10.73775,11.23413,-58.8379,0.02020965,-0.01362819,0.7169602,0.6966878;
custom,cuboid,stone4,0.05,0.30,0.05,1,0,0,1,1,1,-10.56643,6.911894,-58.5378,0.00227566,0.002338817,0.7073473,0.7068588;
custom,cuboid,stone4,0.05,0.20,0.05,1,0,0,1,1,1,-10.22317,9.134333,-58.76165,-0.7143255,0.6965939,-0.04800551,0.04681393;
custom,cuboid,stone4,0.05,0.5,0.05,1,0,0,1,1,1,-13.59418,9.134333,-58.90421,0,0.9978921,0,0.06489513;
custom,cuboid,stone4,0.05,0.25,0.05,1,0,0,1,1,1,-14.31008,7.72566,-59.10957,-0.2858071,0.9574997,-0.01110928,0.03721789;
custom,cuboid,stone4,0.05,0.25,0.05,1,0,0,1,1,1,-15.46258,7.918494,-58.90747,0.2245989,0.9743958,0.002336935,0.01013853;
custom,cuboid,stone4,0.05,0.5,0.05,1,0,0,1,1,1,-16.06329,9.198493,-58.87999,0,0.9999459,0,0.01040436;
custom,tower2,default,1,1,1,1,1,0,1,1,1,-974.2046,-13.67856,-1096.13,0,0.8623787,0,-0.5062637;
map,disablebounds;
custom,cuboid,grass3,300,1,300,1,1,0,1,300,300,-218.5933,-3.927965,67.48238,0,0.7195941,0,-0.694395;
base,aot_supply,-1703.033,-0.06212921,1360.279,0,0.9994696,0,0.03256694;
base,aot_supply,-1631.291,-0.05626593,1441.441,0,0.6789091,0,0.7342223;
spawnpoint,playerC,1176.952,183.894,1543.845,0,0.9366889,0,-0.3501627;
spawnpoint,playerM,1176.838,184.2186,1543.811,0,0.9366889,0,-0.3501627;
custom,pillar1,crystal2,3,3,3,0,1,0,0,1,1,1293.162,-0.1048538,-1340.716,0,0.9999722,0,0.007460876;
custom,house2,crystal2,3,3,3,1,1,0,0,1,1,1154.319,-5.691792,-1321.225,0,0.7101883,0,-0.7040118;
custom,house2,crystal2,3,3,3,1,1,0,0,1,1,1257.686,-5.309574,-1213.699,0,0.0105165,0,-0.9999447;
spawnpoint,playerC,1291.253,185.1497,-1340.204,0,0.4131508,0,-0.9106627;
spawnpoint,playerM,1290.989,185.4686,-1340.142,0,0.4099694,0,-0.9120994;
base,aot_supply,1188.363,-0.2163711,-1317.764,0,0.7041044,0,-0.7100965;
base,aot_supply,1260.604,-0.2738116,-1248.09,0,0.004858864,0,-0.9999882;
custom,pillar1,crystal2,3,3,3,0,1,0,0,1,1,-1604.416,-1.262999,-1433.227,0,0.7188154,0,-0.6952011;
custom,house2,crystal2,3,3,3,1,1,0,0,1,1,-1597.844,-4.291989,-1306.692,0,0.00205381,0,0.9999979;
custom,house2,crystal2,3,3,3,1,1,0,0,1,1,-1476.428,-5.003363,-1407.578,0,-0.6784642,0,-0.7346335;
base,aot_supply,-1511.344,-0.1996182,-1414.427,0,0.6754349,0,0.7374197;
base,aot_supply,-1603.019,-0.4980422,-1342.024,0,0.01206907,0,0.9999272;
spawnpoint,playerC,-1604.163,183.8452,-1431.137,0,0.334873,0,0.9422633;
spawnpoint,playerM,-1604.338,184.8056,-1430.841,0,0.334873,0,0.9422633;
custom,tower2,default,1,1,1,1,1,0,1,1,1,-1244.966,-11.43902,-862.9813,0,0.999707,0,0.02420495;
custom,tower2,default,1,1,1,1,1,0,1,1,1,-985.0482,-15.45861,-729.4995,0,0.9212658,0,0.3889336;
custom,tower2,default,1,1,1,1,1,0,1,1,1,-1331.626,-14.98548,-551.6794,0,0.9887266,0,-0.1497321;
custom,tower2,default,1,1,1,1,1,0,1,1,1,-1088.87,-17.16244,-470.3836,0,0.9762439,0,0.2166745;
custom,tower2,default,1,1,1,1,1,0,1,1,1,-744.3452,-13.54761,-426.8914,0,0.9807376,0,0.1953297;
custom,tower2,default,1,1,1,1,1,0,1,1,1,-550.0482,-12.64531,-708.6255,0,0.9965863,0,-0.08255795;
custom,tower2,default,1,1,1,1,1,0,1,1,1,-646.493,-13.31326,-952.5294,0,0.8851085,0,-0.4653848;
custom,tower2,default,1,1,1,1,1,0,1,1,1,-329.1871,-16.13465,-1116.163,0,0.8911297,0,-0.4537486;
custom,tower2,default,1,1,1,1,1,0,1,1,1,-852.4698,-12.49498,-243.5201,0,0.7195545,0,-0.694436;
custom,tower2,default,1,1,1,1,1,0,1,1,1,-1215.82,-13.87057,-140.4518,0,0.9942529,0,0.1070574;
custom,tower2,default,1,1,1,1,1,0,1,1,1,-1479.994,-13.44589,-267.3136,0,0.9988309,0,0.04834134;
custom,tower2,default,1,1,1,1,1,0,1,1,1,-1028.638,-13.83451,74.00509,0,0.9789684,0,0.2040117;
custom,tower2,default,1,1,1,1,1,0,1,1,1,-730.5083,-14.29025,53.27564,0,0.9902138,0,0.1395588;
custom,tower2,default,1,1,1,1,1,0,1,1,1,-870.1036,-13.0762,301.2269,0,0.9372822,0,0.3485714;
custom,tower2,default,1,1,1,1,1,0,1,1,1,-721.6937,-14.32324,510.2278,0,0.8658049,0,0.5003818;
custom,tower2,default,1,1,1,1,1,0,1,1,1,-1339.831,-14.3337,78.25645,0,0.9993292,0,-0.03662201;
custom,tower2,default,1,1,1,1,1,0,1,1,1,-1254.136,-11.58365,364.1759,0,0.9635051,0,0.26769;
custom,tower2,default,1,1,1,1,1,0,1,1,1,-1041.645,-11.97297,495.9691,0,0.9640853,0,0.265593;
custom,tower2,default,1,1,1,1,1,0,1,1,1,-1556.479,-10.76075,262.5111,0,0.2709633,0,0.9625897;
custom,tower2,default,1,1,1,1,1,0,1,1,1,-1460.094,-13.84575,508.9032,0,0.8500735,0,0.5266641;
custom,tower2,default,1,1,1,1,1,0,1,1,1,-1211.095,-14.57421,731.6995,0,0.9999464,0,-0.01035247;
custom,tower2,default,1,1,1,1,1,0,1,1,1,-1431.252,-14.32315,861.3715,0,0.9923484,0,-0.1234697;
custom,tower2,default,1,1,1,1,1,0,1,1,1,-1387.781,-11.71843,1244.189,0,0.8194811,0,-0.5731063;
custom,tower2,default,1,1,1,1,1,0,1,1,1,-1193.409,-15.56531,1066.963,0,0.8342282,0,-0.5514193;
custom,tower2,default,1,1,1,1,1,0,1,1,1,-1117.302,-14.56876,1361.888,0,0.6728389,0,-0.739789;
custom,tower2,default,1,1,1,1,1,0,1,1,1,-855.9236,-16.48973,1123.545,0,0.6696216,0,-0.7427024;
custom,tower2,default,1,1,1,1,1,0,1,1,1,-838.9874,-15.76155,801.769,0,0.8791421,0,-0.4765598;
custom,tower2,default,1,1,1,1,1,0,1,1,1,-570.2808,-13.84508,1324.55,0,0.7060773,0,-0.7081348;
custom,tower2,default,1,1,1,1,1,0,1,1,1,-548.3331,-13.63404,1008.854,0,0.8220626,0,-0.5693972;
custom,tower2,default,1,1,1,1,1,0,1,1,1,-405.265,-13.60465,758.7769,0,0.7748614,0,-0.6321313;
custom,tower2,default,1,1,1,1,1,0,1,1,1,-305.6588,-15.0898,1180.403,0,0.7693561,0,-0.6388202;
custom,tower2,default,1,1,1,1,1,0,1,1,1,-132.8022,-13.34829,803.4954,0,0.4625768,0,-0.8865792;
custom,tower2,default,1,1,1,1,1,0,1,1,1,107.6892,-12.85093,739.4345,0,0.9493172,0,-0.3143196;
custom,tower2,default,1,1,1,1,1,0,1,1,1,-18.35672,-15.26879,1252.142,0,0.8576853,0,-0.5141749;
custom,tower2,default,1,1,1,1,1,0,1,1,1,57.672,-14.56096,1008.815,0,0.7610813,0,-0.6486565;
custom,tower2,default,1,1,1,1,1,0,1,1,1,424.2218,-15.89412,722.6749,0,0.9131043,0,-0.407726;
custom,tower2,default,1,1,1,1,1,0,1,1,1,346.9835,-13.62546,971.2078,0,0.7953549,0,-0.6061441;
custom,tower2,default,1,1,1,1,1,0,1,1,1,364.8363,-12.9305,1245.459,0,0.8223261,0,-0.5690166;
custom,tower2,default,1,1,1,1,1,0,1,1,1,620.3214,-12.7597,1090.8,0,0.9585389,0,-0.2849618;
custom,tower2,default,1,1,1,1,1,0,1,1,1,907.0903,-12.23636,1357.776,0,0.8992068,0,0.4375239;
custom,tower2,default,1,1,1,1,1,0,1,1,1,1079.795,-13.43806,1211.52,0,0.9020133,0,0.4317082;
custom,tower2,default,1,1,1,1,1,0,1,1,1,874.1545,-13.97583,1115.56,0,0.9501216,0,-0.3118798;
custom,tower2,default,1,1,1,1,1,0,1,1,1,677.5461,-13.82275,1348.879,0,0.7697127,0,-0.6383905;
custom,tower2,default,1,1,1,1,1,0,1,1,1,1074.768,-12.73598,775.769,0,0.9252357,0,-0.3793929;
custom,tower2,default,1,1,1,1,1,0,1,1,1,810.7834,-18.94774,796.1096,0,0.848778,0,-0.5287493;
custom,tower2,default,1,1,1,1,1,0,1,1,1,639.8669,-19.52144,544.4172,0,0.5871586,0,-0.809472;
custom,tower2,default,1,1,1,1,1,0,1,1,1,932.4539,-13.36565,381.4878,0,0.1472841,0,-0.9890943;
custom,tower2,default,1,1,1,1,1,0,1,1,1,788.6266,-14.80243,54.36126,0,0.4977064,0,-0.8673456;
custom,tower2,default,1,1,1,1,1,0,1,1,1,1055.18,-17.73185,108.1727,0,0.09190995,0,0.9957674;
custom,tower2,default,1,1,1,1,1,0,1,1,1,654.2491,-14.3428,-390.1932,0,0.2626743,0,-0.9648846;
custom,tower2,default,1,1,1,1,1,0,1,1,1,489.9303,-16.27238,-692.2719,0,0.5034665,0,-0.8640147;
custom,tower2,default,1,1,1,1,1,0,1,1,1,932.2781,-16.35046,-395.1288,0,0.1085507,0,-0.9940909;
custom,tower2,default,1,1,1,1,1,0,1,1,1,1117.422,-16.97431,-229.0207,0,0.09181602,0,0.995776;
custom,tower2,default,1,1,1,1,1,0,1,1,1,1168.623,-17.89454,-977.062,0,0.9607407,0,0.2774478;
custom,tower2,default,1,1,1,1,1,0,1,1,1,951.2215,-12.73367,-1131.157,0,0.8104661,0,0.5857856;
custom,tower2,default,1,1,1,1,1,0,1,1,1,968.4877,-15.63568,-905.8674,0,0.6328951,0,0.7742376;
custom,tower2,default,1,1,1,1,1,0,1,1,1,748.7603,-20.81341,-1201.062,0,0.8291745,0,0.5589899;
custom,tower2,default,1,1,1,1,1,0,1,1,1,676.0427,-21.60203,-936.4122,0,0.7786705,0,0.6274331;
custom,tower2,default,1,1,1,1,1,0,1,1,1,737.2222,-18.47527,-685.8102,0,0.4287608,0,0.9034181;
custom,tower2,default,1,1,1,1,1,0,1,1,1,1060.889,-20.33372,-644.1332,0,0.6869466,0,0.7267079;
custom,tower2,default,1,1,1,1,1,0,1,1,1,-232.9319,-15.79549,-821.4965,0,0.888965,0,-0.4579753;
custom,tower2,default,1,1,1,1,1,0,1,1,1,-17.90685,-12.57245,-673.2088,0,0.8735778,0,0.4866845;
custom,tower2,default,1,1,1,1,1,0,1,1,1,-630.375,-20.76765,-1298.408,0,0.6930988,0,-0.7208425;
custom,tower2,default,1,1,1,1,1,0,1,1,1,252.4941,-16.70505,-886.7649,0,0.2036155,0,0.9790509;
custom,tower2,default,1,1,1,1,1,0,1,1,1,432.1741,-15.68217,-1097.468,0,0.5500723,0,0.8351171;
custom,tower2,default,1,1,1,1,1,0,1,1,1,-39.96597,-15.57608,-1068.763,0,0.1563642,0,0.9876995;
custom,tower2,default,1,1,1,1,1,0,1,1,1,86.23235,-12.33527,-1291.575,0,0.5536956,0,0.8327192;
base,aot_supply,-708.9798,-0.04041032,503.3929,0,0.8691642,0,0.4945237;
base,aot_supply,-141.0606,-0.0157721,534.0894,0,0.7866238,0,0.6174327;
base,aot_supply,400.1017,-0.1264033,701.1843,0,0.4057064,0,0.9140035;
base,aot_supply,602.553,0.1392809,1063.683,0,0.2795597,0,0.9601283;
base,aot_supply,-34.51895,-0.009340107,1233.285,0,0.246462,0,-0.9691525;
base,aot_supply,-879.2195,0.2421381,1116.418,0,-0.07677596,0,-0.9970484;
base,aot_supply,-1024.147,0.01305476,61.61903,0,0.9800974,0,0.1985174;
base,aot_supply,-743.4687,0.2209438,-451.3881,0,0.5424234,0,0.8401052;
base,aot_supply,-669.5582,0.1477968,-956.4437,0,0.961731,0,0.2739955;
base,aot_supply,343.4968,0.6653457,-310.726,0,0.4341223,0,-0.900854;
base,aot_supply,744.1427,0.3156711,-679.7777,0,0.4201236,0,0.9074669;
base,aot_supply,765.1127,0.9397293,57.68873,0,0.27996,0,0.9600117;
spawnpoint,titan,818.5705,66.29154,-230.1668,0,0.999439,0,0.03349162;
spawnpoint,titan,643.2751,50.12678,-531.5239,0,0.9821872,0,-0.1879053;
spawnpoint,titan,423.4486,59.24466,-881.0074,0,0.9577976,0,-0.2874434;
spawnpoint,titan,-34.10748,65.09964,-846.5357,0,0.4074909,0,-0.9132093;
spawnpoint,titan,-576.6576,66.30043,-571.1775,0,0.4135095,0,-0.9104998;
spawnpoint,titan,-938.9681,61.31162,-528.3593,0,0.148708,0,-0.9888812;
base,aot_supply,-1331.918,-0.001587629,54.12424,0,0.679539,0,-0.7336394;
spawnpoint,titan,-1054.028,69.38886,-108.4466,0,0.9751125,0,0.2217109;
spawnpoint,titan,-1039.342,60.38686,279.9544,0,0.1962039,0,0.9805632;
spawnpoint,titan,-804.7454,71.30296,620.4933,0,0.3957846,0,0.9183434;
spawnpoint,titan,-542.8389,74.22632,817.3162,0,0.454999,0,0.890492;
spawnpoint,titan,-270.5254,73.46035,984.861,0,0.5619361,0,0.8271806;
spawnpoint,titan,109.9329,72.78324,1095.407,0,0.7805842,0,0.6250507;
spawnpoint,titan,33.28133,73.11041,837.2119,0,0.9864621,0,-0.1639899;
spawnpoint,titan,374.8563,73.21658,566.2029,0,0.933974,0,0.357341;
spawnpoint,titan,808.0615,83.41458,309.2998,0,0.8740916,0,-0.4857612;
spawnpoint,titan,929.126,76.61738,621.6024,0,0.0142149,0,-0.999899;
misc,barrier,500,500,500,-265.5393,236.0347,4072.496,0,-0.01684787,0,0.9998581;
misc,barrier,500,500,500,-4234.714,412.5779,301.3191,0,0.7198222,0,-0.6941585;
misc,barrier,500,500,500,111.5322,-94.64173,-3932.121,0,0.9998267,0,0.01861782;
misc,barrier,500,500,500,3781.889,108.0462,328.7272,0,0.6943977,0,0.7195914;
misc,barrier,500,10,500,114.62,-59.72998,1047.17,0,-0.003810716,0,0.9999927;