custom,bridge1,default,1,1,1,0,1,1,1,1.0,1.0,4.347837,39.96503,-176.801,0,0.2011877,0,-0.9795527;
spawnpoint,playerC,-12.37395,-0.1074184,97.69859,0,0.9999893,0,0.004620015;
spawnpoint,playerM,-23.89528,0.01138714,96.56472,0,0.9999933,0,-0.00367038;
custom,boulder1,default,20,10,20,0,1,1,1,1.0,1.0,0.1285838,-140.7435,-263.9344,0.09545387,0.8875419,-0.3970173,0.2133896;
custom,cuboid,default,2,2,2,1,0.7159091,0.7159091,0.6022727,1.0,1.0,41.6978,49.51627,-163.4777,0,0.8370171,0,-0.5471767;
custom,boulder1,default,1,20,20,1,0.7159091,0.7159091,0.6022727,1.0,1.0,-112.6025,-105.3273,-54.75304,0,0.261453,0,-0.9652162;
custom,boulder1,default,1,20,20,1,0.7159091,0.7159091,0.6022727,1.0,1.0,69.05429,-24.82965,65.44657,0,0.9991782,0,-0.04053256;
custom,boulder1,default,1,20,5,1,0.7159091,0.7159091,0.6022727,1.0,1.0,8.655571,255.4184,-186.2942,0,-0.4869775,0,-0.8734146;
custom,boulder1,default,1,20,20,1,0.7159091,0.7159091,0.6022727,1.0,1.0,-20.64589,-80.81727,169.5419,-0.005952943,0.869349,-0.006380839,-0.4941217;
misc,barrier,1,50,50,-141.3106,168.2107,-0.203552,0,0.2391945,0,-0.9709717;
misc,barrier,1,50,50,-8.169728,309.4063,182.6922,0,0.8681067,0,-0.4963776;
misc,barrier,1,50,50,75.85846,246.8469,96.42091,0,0.04506046,0,0.9989843;
misc,barrier,50,1,50,8.434999,146.8152,84.04639,0,0.3040052,0,0.9526704;
custom,boulder1,default,1,1,1,1,0.7159091,0.7159091,0.6022727,1.0,1.0,39.67352,62.10144,-164.6872,0,0.9980742,0,0.06203203;
custom,boulder1,default,1,1,1,1,0.7159091,0.7159091,0.6022727,1.0,1.0,-70.20133,4.362254,28.43992,0,0.07945038,0,-0.9968388;
custom,boulder1,default,1,1,1,1,0.7159091,0.7159091,0.6022727,1.0,1.0,-70.52055,18.74364,30.61122,0,0.06640019,0,-0.9977931;
custom,boulder1,default,1,1,1,1,0.7159091,0.7159091,0.6022727,1.0,1.0,-70.10833,32.00563,34.36416,0,0.05551455,0,-0.9984579;
custom,boulder1,default,1,1,1,1,0.7159091,0.7159091,0.6022727,1.0,1.0,25.20319,5.701406,36.09393,0,0.9974926,0,0.07077193;
custom,boulder1,default,1,1,1,1,0.7159091,0.7159091,0.6022727,1.0,1.0,24.38672,20.66055,34.22915,0,0.999502,0,0.03155681;
custom,boulder1,default,1,1,1,1,0.7159091,0.7159091,0.6022727,1.0,1.0,24.88934,32.63716,32.71284,0,0.9934559,0,0.1142168;
custom,log2,default,2,1,1,0,1,1,1,1.0,1.0,-23.85568,55.4208,24.92972,0,0.7703546,0,-0.6376158;
custom,boulder1,default,1,15,15,1,0.7159091,0.7159091,0.6022727,1.0,1.0,-9.142778,29.63738,-355.2249,0,0.09256364,0,-0.9957068;
custom,boulder1,default,1,15,15,1,0.7159091,0.7159091,0.6022727,1.0,1.0,1.96577,44.15165,-374.9029,0,0.1225394,0,-0.9924636;
custom,boulder1,default,1,15,15,1,0.7159091,0.7159091,0.6022727,1.0,1.0,187.1206,36.18843,-521.5184,0,0.7321236,0,-0.681172;
custom,boulder1,default,1,15,15,1,0.7159091,0.7159091,0.6022727,1.0,1.0,187.6257,25.91708,-257.5011,0,0.4511178,0,-0.8924644;
custom,boulder1,default,1,15,15,1,0.7159091,0.7159091,0.6022727,1.0,1.0,320.5683,26.47274,-356.2245,0,0.1075357,0,-0.9942012;
custom,boulder1,default,15,1,15,1,0.7159091,0.7159091,0.6022727,1.0,1.0,175.0078,146.7931,-386.8676,0,0.2474235,0,-0.9689074;
custom,boulder1,default,5,1,15,1,0.7159091,0.7159091,0.6022727,1.0,1.0,42.08266,132.8265,-229.1969,0,0.4359547,0,0.8999686;
custom,pillar1,default,2,2,1,1,0.7159091,0.7159091,0.6022727,1.0,1.0,-154.1433,-95.35521,65.45911,0,0.2200947,0,-0.9754785;
spawnpoint,titan,292.7254,-0.3935958,-463.9892,0,0.9224249,0,0.3861765;
custom,plane,stone3,40,1,40,1,0.7159091,0.7159091,0.6022727,1.0,1.0,183.4436,0.5852067,-397.6096,0,0.9329813,0,0.359925;
custom,canal1,stone3,3.5,3,1,1,0.7159091,0.7159091,0.6022727,1.0,1.0,125.7233,-11.48241,-387.5302,0,0.916365,0,0.4003438;
custom,canal1,stone3,3.5,3,1,1,0.7159091,0.7159091,0.6022727,1.0,1.0,109.8731,-39.38943,-349.3819,0,0.9368209,0,0.3498095;
custom,canal1,stone3,3.2,3,1,1,0.7159091,0.7159091,0.6022727,1.0,1.0,194.8457,-21.38851,-414.3011,0,0.8810773,0,0.4729723;
custom,house2,default,1,1,1,0,1,1,1,1.0,1.0,46.76895,-1.092054,63.83474,0,0.6953572,0,-0.7186643;
custom,house2,default,1,1,1,0,1,1,1,1.0,1.0,-107.705,-1.321218,97.08534,0,-0.9687707,0,-0.2479581;
custom,house2,default,1,1,1,0,1,1,1,1.0,1.0,-113.0046,-1.303725,-16.19497,0,-0.4873616,0,-0.8732002;
custom,house2,default,1,1,1,0,1,1,1,1.0,1.0,-27.51611,54.63559,28.58661,0,0.06165044,0,-0.9980978;
custom,log2,default,1,1,1,0,1,1,1,1.0,1.0,-39.18425,37.41873,62.66285,-0.8742311,0.227778,-0.1093111,0.4145942;
custom,boulder1,default,1,1,1,0,1,1,1,1.0,1.0,-59.03704,-5.121572,84.01523,-0.1805519,0.8448218,-0.5008541,0.05312631;
custom,boulder1,default,1,1,1,0,1,1,1,1.0,1.0,-22.96371,47.6795,35.25591,0.1182055,0.9436824,-0.2582484,0.1697021;
custom,boulder1,default,1,1,1,0,1,1,1,1.0,1.0,-21.40765,75.86572,30.55757,0,0.9956353,0,-0.09332923;
custom,boulder1,default,1,1,1,0,1,1,1,1.0,1.0,-41.654,64.40217,35.42381,0,0.9862281,0,0.1653909;
custom,boulder1,default,1,1,1,0,1,1,1,1.0,1.0,25.71311,52.23894,33.16428,0,0.9698513,0,-0.2436978;
custom,boulder1,default,1,1,1,0,1,1,1,1.0,1.0,-68.80147,41.82029,19.81863,0,0.8614495,0,0.5078432;
custom,boulder1,default,1,1,1,0,1,1,1,1.0,1.0,-17.95696,39.52313,11.66669,0,0.4652978,0,0.8851542;
custom,boulder1,default,1,1,1,0,1,1,1,1.0,1.0,-18.68494,20.62832,5.1544,0,0.4400091,0,0.8979933;
custom,boulder1,default,1,1,1,0,1,1,1,1.0,1.0,-15.83502,2.581647,-0.7611663,0,0.4497781,0,0.8931403;
base,aot_supply,default,1,1,1,0,1,1,1,1.0,1.0,-110.6959,0.4792411,104.0283,0,0.2317016,0,-0.9727869;
base,aot_supply,default,1,1,1,0,1,1,1,1.0,1.0,-119.7926,0.3810582,-20.32411,0,0.8790114,0,-0.4768008;
base,aot_supply,default,1,1,1,0,1,1,1,1.0,1.0,55.70451,0.7210468,66.20218,0,0.7083581,0,0.7058532;
custom,boulder1,default,1,1,1,0,1,1,1,1.0,1.0,-59.68182,50.5452,14.59208,0,0.5014981,0,0.8651587;
custom,boulder1,default,1,1,1,0,1,1,1,1.0,1.0,-64.00788,51.55196,15.78042,0,0.7340153,0,0.6791329;