map,3,1,1;
custom,tower1,default,2,1,2,0,1,1,1,1,1,172.0483,49.37453,324.7464,0,0.9999342,0,0.01147062;
custom,cuboid,stone3,40,1,40,0,1,1,1,1,1,85.46381,-5.109699,123.8578,0,0.9999169,0,0.01289;
custom,cuboid,stone3,30,1,30,0,1,1,1,5,5,-56.29588,-4.701612,-29.38031,0,0.007911213,0,-0.9999687;
custom,cuboid,stone3,30,1,30,0,1,1,1,5,5,161.787,-4.949052,-29.18568,0,0.01687772,0,-0.9998576;
custom,castle1,default,1,1,1,0,1,1,1,1,1,-10.33492,19.40404,-53.23899,0,-0.7036899,0,0.7105073;
custom,house4,default,1,1,1,0,1,1,1,1,1,21.42998,0.736245,-4.599716,0,0.7078518,0,-0.7063611;
custom,house4,default,1,1,1,0,1,1,1,1,1,-41.76688,0.3810568,-2.614638,0,0.7125629,0,0.7016084;
base,aot_supply,-9.978258,5.412771,-27.0417,0,0.9999058,0,0.01372707;
custom,church1,default,1,1,1,0,1,1,1,1,1,-3.969204,19.83445,131.9363,0,0.9999043,0,-0.01383494;
customb,house1,default,1,1,1,0,1,1,1,1,1,52.61332,16.83447,-57.95719,0,0.7023706,0,-0.7118115;
customb,house1,default,1,1,1,0,1,1,1,1,1,-73.36018,16.77713,-62.69297,0,0.7056143,0,0.7085962;
custom,tower2,default,1,1,1,0,1,1,1,1,1,114.905,-9.565497,-61.85567,0,0.698451,0,-0.7156579;
custom,tower2,default,1,1,1,0,1,1,1,1,1,-135.6749,-15.00075,-58.32172,0,0.7125571,0,0.7016141;
custom,house3,default,1,1,1,0,1,1,1,1,1,-53.04302,0.2711135,-94.77522,0,0.02173047,0,-0.9997638;
custom,house2,default,1,1,1,0,1,1,1,1,1,69.38947,0.3443594,-84.30716,0,0.9999772,0,-0.00674453;
base,aot_supply,51.7268,2.472761,-84.56229,0,0.698248,0,-0.715856;
custom,village1,default,1,1,1,0,1,1,1,1,1,-63.02148,-0.6957141,9.637256,0,0.7042646,0,0.7099377;
custom,village1,default,1,1,1,0,1,1,1,1,1,186.728,-1.362263,7.455997,0,-0.7035024,0,-0.710693;
customb,house1,default,1,1,1,0,1,1,1,1,1,88.80908,15.98237,180.6725,0,0.9999769,0,0.006803686;
customb,house1,default,1,1,1,0,1,1,1,1,1,-121.8589,16.7972,187.6244,0,0.9999903,0,0.004419246;
custom,cannon1,default,0.45,0.45,0.45,0,1,1,1,1,50,-112.2085,105.4078,-58.12067,0,0.9999676,0,-0.008049029;
custom,cannon1,default,0.45,0.45,0.45,0,1,1,1,1,50,92.62114,110.6779,-61.0078,0,0.9999193,0,-0.01270416;
custom,cannon1,default,0.45,0.45,0.45,0,1,1,1,1,50,-111.3564,91.89172,-59.12416,0,0.7010296,0,-0.7131322;
custom,cannon1,default,0.45,0.45,0.45,0,1,1,1,1,50,91.79205,96.90326,-60.83835,0,0.7246928,0,0.6890721;
customb,house1,default,1,1,1,0,1,1,1,1,1,121.4105,15.56656,180.1767,0,0.9999999,0,0.0004718171;
customb,house1,default,1,1,1,0,1,1,1,1,1,-158.6458,16.50927,188.3672,0,1,0,0.0002058307;
custom,cylinder,stone2,1,4,1,0,1,1,1,1,4,-101.926,40.25827,233.8037,-0.002966497,0.9998077,5.752278E-05,-0.01938706;
custom,cannon1,default,0.45,0.45,0.45,0,1,1,1,1,4,-102.3414,80.31242,233.0262,0,0.3649901,0,-0.9310115;
custom,cuboid,stone4,2,5,1,0,1,1,1,2,5,-188.7061,24.08165,260.3137,0,0.7008536,0,0.7133052;
custom,cuboid,stone4,2,5,1,0,1,1,1,2,5,249.7695,23.66183,248.2678,0,0.7181095,0,-0.6959301;
custom,cuboid,stone4,2,5,1,0,1,1,1,2,5,253.0454,26.56488,-174.6948,0,0.0113863,0,-0.9999352;
custom,cuboid,stone4,2,5,1,0,1,1,1,2,5,-171.2431,23.66726,-184.4753,0,0.01578972,0,-0.9998754;
custom,cuboid,stone4,1,5,10,0,1,1,1,10,5,-187.235,22.59146,201.2028,0,0.9999167,0,0.01290764;
custom,cuboid,stone4,1,5,10,0,1,1,1,10,5,-184.0844,22.27602,90.68836,0,0.01512157,0,-0.9998857;
custom,cuboid,stone4,1,5,10,0,1,1,1,10,5,-181.0462,21.85122,-20.38187,0,0.01405432,0,-0.9999013;
custom,cuboid,stone4,1,5,10,0,1,1,1,10,5,-177.4355,22.13731,-130.6155,0,0.0183819,0,-0.9998311;
custom,tower1,default,2,1,2,0,1,1,1,1,1,-189.9838,56.35417,145.3934,0,0.7078384,0,0.7063744;
custom,tower1,default,2,1,2,0,1,1,1,1,1,-187.0271,56.65951,34.72663,0,0.6906636,0,0.7231762;
custom,tower1,default,2,1,2,0,1,1,1,1,1,-183.6479,56.40178,-75.88845,0,0.6953552,0,0.7186662;
custom,tower2,default,2,1,2,0,1,1,1,1,1,-190.3,-13.52336,314.7587,0,0.9997816,0,0.0208988;
custom,cuboid,stone4,1,5,10,0,1,1,1,5,10,-138.1309,24.55616,294.8507,0,0.8975068,0,-0.4410007;
custom,cuboid,stone4,1,5,10,0,1,1,1,5,10,-44.25379,23.65015,325.1584,0,0.7011659,0,-0.7129983;
custom,cuboid,stone4,1,5,10,0,1,1,1,5,10,211.4408,21.57031,289.6232,0,0.4430111,0,-0.8965162;
custom,cuboid,stone4,1,5,10,0,1,1,1,5,10,118.8021,21.87192,322.3073,0,0.6990208,0,-0.7151014;
custom,tower1,default,2,1,2,0,1,1,1,1,1,-98.23106,56.4974,328.4081,0,0.9877079,0,0.1563112;
customb,arch1,default,1,1,1,0,1,1,1,1,1,38.01762,47.97182,322.0259,0,0.7120058,0,0.7021737;
custom,tower2,default,1,1,1,0,1,1,1,1,1,74.68581,-10.45526,345.5572,0,0.9999622,0,0.008703078;
custom,tower2,default,1,1,1,0,1,1,1,1,1,-0.6673943,-10.97082,346.5045,0,0.9999976,0,0.002204134;
custom,tower2,default,2,1,2,0,1,1,1,1,1,300.1013,-10.72556,269.2045,0,0.6965615,0,-0.7174972;
custom,cuboid,stone4,1,5,10,0,1,1,1,10,5,253.1035,21.93658,91.02098,0,0.01057715,0,-0.999944;
custom,cuboid,stone4,1,5,10,0,1,1,1,10,5,250.4814,22.3804,202.6216,0,0.01181793,0,-0.9999301;
custom,cuboid,stone4,1,5,10,0,1,1,1,10,5,255.7198,22.51925,-21.12903,0,0.007983155,0,-0.9999682;
custom,cuboid,stone4,1,5,10,0,1,1,1,10,5,256.8429,22.99431,-128.3972,0,0.008110703,0,-0.9999671;
custom,cuboid,stone4,1,5,40,0,1,1,1,40,5,40.10905,24.39571,-177.9378,0,0.700157,0,0.713989;
custom,tower1,default,2,1,2,0,1,1,1,10,5,261.3416,55.90844,-73.7704,0,0.7054101,0,-0.7087994;
custom,tower1,default,2,1,2,0,1,1,1,10,5,258.697,55.04657,35.57082,0,0.7115589,0,-0.7026265;
custom,tower1,default,2,1,2,0,1,1,1,10,5,257.5234,55.9519,146.909,0,0.7161378,0,-0.6979589;
custom,tower2,default,2,1,2,0,1,1,1,1,1,244.629,-13.70433,-212.6777,0,-0.0179473,0,0.999839;
custom,tower2,default,2,1,2,0,1,1,1,1,1,-159.0312,-15.66258,-220.0962,0,0.02805941,0,-0.9996063;
custom,cuboid,stone5,1,1,10,0,1,1,1,1,1,30.94329,-4.269486,322.8177,0,0.7058527,0,-0.7083586;
custom,cylinder,stone6,0.25,5,0.25,0,1,1,1,1,1,58.23235,-3.780636,324.1256,0,0.9952192,0,-0.09766677;
custom,cylinder,stone6,0.25,5,0.25,0,1,1,1,1,1,47.28254,-2.568458,323.4158,0,0.9996085,0,-0.02797898;
custom,cylinder,stone6,0.25,5,0.25,0,1,1,1,1,1,37.29297,-0.1572406,323.1613,0,0.9999921,0,-0.003973279;
custom,cylinder,stone6,0.25,5,0.25,0,1,1,1,1,1,28.05567,-4.067241,323.4281,0,0.9999921,0,-0.003973279;
custom,cylinder,stone6,0.25,5,0.25,0,1,1,1,1,1,16.89272,-4.640889,323.3887,0,0.999936,0,0.01131244;
custom,cuboid,stone3,30,1,30,0,1,1,1,5,5,-38.66647,-4.471859,172.0474,0,-0.01509675,0,0.999886;
custom,cuboid,grass,20,1,20,0,1,1,1,1,1,-200.8762,-4.420733,372.9254,0,0.9464088,0,0.3229713;
custom,cuboid,grass,50,1,50,0,1,1,1,1,1,-432.8221,-4.299615,60.97357,0,0.698619,0,0.7154939;
custom,cuboid,grass,50,1,50,0,1,1,1,40,40,503.897,-4.547312,72.86614,0,0.9999954,0,0.00303874;
custom,cuboid,grass,50,1,50,0,1,1,1,40,40,241.4788,-4.943925,-419.5114,0,0.7121879,0,-0.701989;
custom,cuboid,stone3,50,1,50,0,1,1,1,1,1,190.4383,-5.319428,98.26188,0,0.9884828,0,0.1513333;
custom,cuboid,stone3,30,1,30,0,1,1,1,5,5,163.146,-4.708868,177.0001,0,0.9999024,0,0.01397089;
custom,cuboid,grass,30,1,30,0,1,1,1,5,5,315.8808,-4.483406,403.2237,0,0.8727308,0,0.4882018;
customb,tree0,default,1,1,1,0,1,1,1,1,1,-184.8824,72.88876,-263.2225,0,0.006940158,0,0.9999759;
custom,tree1,default,1,1,1,0,1,1,1,1,1,-430.9832,-0.7267513,-193.2357,0,0.6563535,0,0.7544535;
customb,tree0,default,1,1,1,0,1,1,1,1,1,-582.8431,73.77706,158.3171,0,0.8921683,0,0.451703;
custom,leaf0,default,2,1,3,0,1,1,1,1,1,-552.0629,67.2021,200.0219,0,0.9107172,0,-0.4130304;
custom,leaf0,default,1,1,1,0,1,1,1,1,1,-574.1461,108.4067,187.8343,0,0.9159412,0,0.4013123;
custom,leaf0,default,1,1,1,0,1,1,1,1,1,-570.389,121.0933,118.6361,0,0.04172061,0,0.9991294;
custom,leaf0,default,1,1,1,0,1,1,1,1,1,-552.1804,117.4693,133.3569,0,0.8075798,0,-0.5897584;
custom,leaf0,default,1,1,1,0,1,1,1,1,1,-593.0345,131.7153,124.6366,0,0.3294626,0,-0.9441687;
custom,leaf0,default,1,1,1,0,1,1,1,1,1,-609.4946,117.9955,142.5046,0,0.6805747,0,0.7326787;
custom,leaf0,default,1,1,1,0,1,1,1,1,1,-612.3522,64.13136,173.4636,0,0.8726104,0,0.488417;
custom,leaf0,default,1,1,1,0,1,1,1,1,1,-586.7095,63.98602,115.7236,0,0.08738685,0,0.9961745;
custom,leaf0,default,1,1,1,0,1,1,1,1,1,-613.865,95.91602,172.8433,0,0.925623,0,0.3784469;
custom,leaf0,default,1,1,1,0,1,1,1,1,1,-560.6703,92.55804,183.9874,0,0.9996628,0,0.02596607;
custom,leaf0,default,1,1,1,0,1,1,1,1,1,-613.1201,117.5097,179.0583,0,0.8672173,0,0.4979299;
custom,leaf0,default,1,1,1,0,1,1,1,1,1,-609.2991,94.17418,138.1954,0,0.4483327,0,0.8938668;
custom,leaf0,default,1,1,1,0,1,1,1,1,1,-559.8675,106.9608,129.757,0,0.4692973,0,-0.8830402;
custom,leaf0,default,1,1,1,0,1,1,1,1,1,-583.6669,142.1955,161.4312,0,0.8192616,0,0.5734199;
custom,leaf0,default,1,1,1,0,1,1,1,1,1,-571.1829,132.6522,180.8308,0,0.9987321,0,-0.05034111;
custom,leaf0,default,1,1,1,0,1,1,1,1,1,-588.4318,148.2564,161.2898,0,0.6960967,0,-0.7179481;
custom,leaf0,default,1,1,1,0,1,1,1,1,1,-577.7446,121.6046,163.8624,0,0.4960911,0,-0.8682705;
custom,leaf0,default,1,1,1,0,1,1,1,1,1,-412.199,153.6906,-183.8705,0,0.664167,0,-0.7475842;
custom,leaf0,default,1,1,1,0,1,1,1,1,1,-429.1701,146.9267,-199.1819,0,0.03479938,0,-0.9993944;
custom,leaf0,default,1,1,1,0,1,1,1,1,1,-415.2665,131.3954,-212.7457,0,0.4539139,0,-0.8910456;
custom,leaf0,default,1,1,1,0,1,1,1,1,1,-434.8257,141.7321,-203.9318,0,0.4225509,0,-0.9063392;
custom,leaf0,default,1,1,1,0,1,1,1,1,1,-445.3235,137.6992,-174.542,0,0.94972,0,0.3131006;
custom,leaf0,default,1,1,1,0,1,1,1,1,1,-409.8147,134.5319,-179.9119,0,0.9911491,0,-0.1327537;
custom,leaf0,default,1,1,1,0,1,1,1,1,1,-437.4215,171.4329,-197.4307,0,0.1778906,0,-0.9840503;
custom,leaf0,default,1,1,1,0,1,1,1,1,1,-194.42,71.95723,-314.4242,0,0.03928862,0,0.9992279;
custom,leaf0,default,1,1,1,0,1,1,1,1,1,-178.7588,66.37244,-289.8972,0,0.3522281,0,-0.9359142;
custom,leaf0,default,1,1,1,0,1,1,1,1,1,-121.8028,81.35191,-260.2301,0,0.7460475,0,-0.6658928;
custom,leaf0,default,1,1,1,0,1,1,1,1,1,-166.1099,109.9203,-274.9775,0,0.7618126,0,-0.6477975;
custom,leaf0,default,1,1,1,0,1,1,1,1,1,-180.8181,99.35503,-296.0173,0,0.1218761,0,0.9925453;
custom,leaf0,default,1,1,1,0,1,1,1,1,1,-221.7521,90.28573,-275.4766,0,0.5446448,0,0.8386669;
custom,leaf0,default,1,1,1,0,1,1,1,1,1,-199.7667,75.99415,-280.3944,0,0.2524982,0,0.9675974;
custom,leaf0,default,1,1,1,0,1,1,1,1,1,-242.1909,59.10794,-263.946,0,0.6544159,0,0.7561348;
custom,leaf0,default,1,1,1,0,1,1,1,1,1,-210.0188,61.29568,-289.0801,0,0.3420261,0,0.9396905;
custom,leaf0,default,1,1,1,0,1,1,1,1,1,-214.397,93.65722,-227.208,0,0.9448072,0,0.327627;
custom,leaf0,default,1,1,1,0,1,1,1,1,1,-218.1681,64.02623,-247.2665,0,0.9517288,0,0.3069402;
custom,leaf0,default,1,1,1,0,1,1,1,1,1,-175.7237,104.0587,-238.0677,0,0.8660278,0,-0.4999959;
custom,leaf0,default,1,1,1,0,1,1,1,1,1,-151.8096,61.45538,-250.1522,0,0.8777779,0,-0.4790679;
custom,leaf0,default,1,1,1,0,1,1,1,1,1,-136.6331,63.90374,-230.6433,0,0.9263676,0,-0.3766206;
custom,leaf0,default,1,1,1,0,1,1,1,1,1,-163.9808,67.28163,-224.9722,0,0.9196438,0,0.3927534;
custom,leaf0,default,1,1,1,0,1,1,1,1,1,-154.3883,117.0797,-261.1117,0,0.9896539,0,-0.143475;
custom,leaf0,default,1,1,1,0,1,1,1,1,1,-241.0419,126.0627,-256.0939,0,0.7328262,0,0.680416;
custom,leaf0,default,1,1,1,0,1,1,1,1,1,-212.059,133.4305,-285.3207,0,0.01306957,0,0.9999146;
custom,leaf0,default,1,1,1,0,1,1,1,1,1,-178.3935,139.1877,-303.2171,0,0.2079359,0,-0.9781425;
custom,leaf0,default,1,1,1,0,1,1,1,1,1,-184.6005,134.0582,-279.682,0,0.8077171,0,0.5895702;
custom,leaf0,default,1,1,1,0,1,1,1,1,1,-181.6706,150.1303,-268.3566,0,0.8064289,0,0.5913311;
customb,tree0,default,1,1,1,0,1,1,1,1,1,432.6625,50.88479,-582.5986,0,0.4345213,0,-0.9006616;
customb,tree0,default,1,1,1,0,1,1,1,1,1,200.5191,73.0359,-308.4462,0,0.246281,0,-0.9691985;
custom,tree1,default,1,1,1,0,1,1,1,1,1,378.9685,1.01187,-128.9171,0,0.9995936,0,0.02850798;
custom,tree1,default,1,1,1,0,1,1,1,1,1,300.7084,-2.883726,-399.9889,0,0.9753759,0,-0.220549;
custom,tree1,default,1,1,1,0,1,1,1,1,1,-203.0787,-3.26589,-557.6614,0,0.8065417,0,-0.5911773;
customb,tree0,default,1,1,1,0,1,1,1,1,1,-585.7119,72.81683,-527.1368,0,0.6932107,0,-0.720735;
customb,tree0,default,1,1,1,0,1,1,1,1,1,-391.3863,75.32581,169.5887,0,0.3703722,0,0.9288834;
customb,tree0,default,1,1,1,0,1,1,1,1,1,-523.4047,72.5157,649.5116,0,0.9311382,0,0.3646666;
custom,tree1,default,1,1,1,0,1,1,1,1,1,-348.0282,-1.169703,495.6564,0,0.9768116,0,-0.2141005;
customb,tree0,default,1,1,1,0,1,1,1,1,1,-46.88397,73.10608,569.9533,0,0.8000816,0,-0.5998912;
customb,tree0,default,1,1,1,0,1,1,1,1,1,552.5537,73.30285,321.9135,0,0.9808316,0,-0.1948575;
customb,tree0,default,1,1,1,0,1,1,1,1,1,340.0614,73.87338,290.517,0,0.9949445,0,0.1004272;
customb,tree0,default,1,1,1,0,1,1,1,1,1,541.8605,74.0338,50.9478,0,0.6020201,0,-0.7984809;
customb,tree0,default,1,1,1,0,1,1,1,1,1,529.6545,72.8996,636.2447,0,0.9999893,0,0.004634677;
customb,tree0,default,1,1,1,0,1,1,1,1,1,275.5149,74.10065,580.657,0,0.9061866,0,0.4228781;
customb,tree0,default,1,1,1,0,1,1,1,1,1,-544.0964,71.82076,359.7634,0,0.775578,0,0.6312519;
custom,leaf0,default,1,1,1,0,1,1,1,1,1,-532.1622,55.15056,313.0988,0,0.6742182,0,-0.7385323;
custom,leaf0,default,1,1,1,0,1,1,1,1,1,-516.1935,59.9393,313.3282,0,0.4484425,0,-0.8938117;
custom,leaf0,default,1,1,1,0,1,1,1,1,1,-528.95,62.4938,307.3244,0,0.3600945,0,0.9329159;
custom,leaf0,default,1,1,1,0,1,1,1,1,1,-550.7347,50.38651,329.0274,0,0.7837567,0,0.621068;
custom,leaf0,default,1,1,1,0,1,1,1,1,1,-572.3887,58.75845,345.4028,0,0.6222511,0,0.7828177;
custom,leaf0,default,1,1,1,0,1,1,1,1,1,-583.157,64.66859,379.7719,0,0.9286836,0,0.3708729;
custom,leaf0,default,1,1,1,0,1,1,1,1,1,-534.2528,61.94303,410.6728,0,0.9943279,0,-0.1063581;
custom,leaf0,default,1,1,1,0,1,1,1,1,1,-522.5247,57.49348,389.4073,0,0.7256162,0,-0.6880997;
custom,leaf0,default,1,1,1,0,1,1,1,1,1,-514.8481,86.48843,383.4205,0,0.6380349,0,-0.7700074;
custom,leaf0,default,1,1,1,0,1,1,1,1,1,-519.0886,105.0295,343.5201,0,0.2549643,0,-0.9669505;
custom,leaf0,default,1,1,1,0,1,1,1,1,1,-577.2822,95.30396,351.3277,0,0.7355437,0,0.6774773;
custom,leaf0,default,1,1,1,0,1,1,1,1,1,-549.118,108.8323,398.0425,0,0.9895959,0,0.1438744;
custom,leaf0,default,1,1,1,0,1,1,1,1,1,-551.3189,123.4307,371.8006,0,0.8087881,0,0.5881002;
custom,leaf0,default,1,1,1,0,1,1,1,1,1,-525.7501,131.4812,388.0927,0,0.9947875,0,-0.1019696;
custom,leaf0,default,1,1,1,0,1,1,1,1,1,-546.9362,123.9776,336.7168,0,0.09842424,0,-0.9951445;
custom,leaf0,default,1,1,1,0,1,1,1,1,1,-536.6968,140.6424,352.7148,0,0.4736846,0,-0.8806946;
custom,leaf0,default,1,1,1,0,1,1,1,1,1,-548.3149,151.9035,377.1088,0,0.9922258,0,0.1244511;
custom,leaf0,default,1,1,1,0,1,1,1,1,1,-334.9975,134.24,489.4873,0,0.9991584,0,-0.04101703;
custom,leaf0,default,1,1,1,0,1,1,1,1,1,-332.6556,150.9737,498.0133,0,0.7755025,0,0.6313445;
custom,leaf0,default,1,1,1,0,1,1,1,1,1,-372.8716,145.043,488.5096,0,0.2224092,0,0.9749534;
custom,leaf0,default,1,1,1,0,1,1,1,1,1,-366.0715,155.9161,513.0279,0,0.960539,0,0.2781453;
custom,leaf0,default,1,1,1,0,1,1,1,1,1,-356.5457,124.3289,499.5931,0,0.9887553,0,-0.1495428;
custom,leaf0,default,1,1,1,0,1,1,1,1,1,-346.8104,173.0187,492.5077,0,0.7196413,0,-0.6943461;
custom,leaf0,default,1,1,1,0,1,1,1,1,1,-538.5883,58.61729,674.5156,0,0.9599198,0,0.2802751;
custom,leaf0,default,1,1,1,0,1,1,1,1,1,-545.4338,68.10659,679.5913,0,0.8287771,0,0.5595788;
custom,leaf0,default,1,1,1,0,1,1,1,1,1,-495.6924,63.79875,673.8041,0,0.9739833,0,-0.2266198;
custom,leaf0,default,1,1,1,0,1,1,1,1,1,-516.4351,75.98891,662.6384,0,0.9966043,0,-0.08234065;
custom,leaf0,default,1,1,1,0,1,1,1,1,1,-484.5536,84.55929,644.7803,0,0.6981311,0,-0.7159699;
custom,leaf0,default,1,1,1,0,1,1,1,1,1,-489.704,89.94323,650.4906,0,0.462184,0,-0.886784;
custom,leaf0,default,1,1,1,0,1,1,1,1,1,-510.5935,105.1093,619.0241,0,0.06273014,0,0.9980305;
custom,leaf0,default,1,1,1,0,1,1,1,1,1,-502.6846,112.9179,628.8936,0,0.6465079,0,-0.7629073;
custom,leaf0,default,1,1,1,0,1,1,1,1,1,-539.0666,116.3306,635.5419,0,0.3209569,0,0.9470938;
custom,leaf0,default,1,1,1,0,1,1,1,1,1,-516.5246,129.5544,652.45,0,0.4241328,0,0.9056001;
custom,leaf0,default,1,1,1,0,1,1,1,1,1,-534.0685,122.5098,646.2711,0,0.3353818,0,0.9420823;
custom,leaf0,default,1,1,1,0,1,1,1,1,1,-542.6107,63.202,618.2074,0,0.6169762,0,0.7869818;
custom,leaf0,default,1,1,1,0,1,1,1,1,1,-538.4768,61.2822,607.8336,0,0.03438733,0,0.9994086;
custom,leaf0,default,1,1,1,0,1,1,1,1,1,-526.8344,76.22142,620.0306,0,0.2991197,0,-0.9542156;
custom,leaf0,default,1,1,1,0,1,1,1,1,1,-548.3343,98.51868,655.7887,0,0.8764753,0,0.4814468;
custom,leaf0,default,1,1,1,0,1,1,1,1,1,-566.4868,88.58886,655.0424,0,0.6186829,0,0.7856408;
custom,leaf0,default,1,1,1,0,1,1,1,1,1,-559.8024,97.24861,678.8812,0,0.9236787,0,0.383168;
custom,leaf0,default,1,1,1,0,1,1,1,1,1,-510.3347,116.2031,693.1407,0,0.9943476,0,-0.1061738;
custom,leaf0,default,1,1,1,0,1,1,1,1,1,-525.7747,147.6564,651.5519,0,0.8287413,0,0.5596319;
custom,leaf0,default,1,1,1,0,1,1,1,1,1,-530.4452,134.8619,645.4718,0,0.7020862,0,0.712092;
custom,leaf0,default,1,1,1,0,1,1,1,1,1,-527.0425,153.4281,647.8835,0,0.4181777,0,0.9083652;
custom,leaf0,default,1,1,1,0,1,1,1,1,1,-347.228,68.25343,153.9468,0,0.4250993,0,-0.9051467;
custom,leaf0,default,1,1,1,0,1,1,1,1,1,-346.6149,63.347,161.7339,0,0.898083,0,-0.439826;
custom,leaf0,default,1,1,1,0,1,1,1,1,1,-341.7658,75.10589,169.2531,0,0.6465564,0,-0.7628662;
custom,leaf0,default,1,1,1,0,1,1,1,1,1,-371.5939,72.21648,134.8522,0,0.2656873,0,-0.9640593;
custom,leaf0,default,1,1,1,0,1,1,1,1,1,-401.0842,70.76114,159.8035,0,0.3619008,0,0.9322166;
custom,leaf0,default,1,1,1,0,1,1,1,1,1,-410.6803,66.76907,133.5578,0,0.1104622,0,0.9938803;
custom,leaf0,default,1,1,1,0,1,1,1,1,1,-420.2165,60.84042,168.8972,0,0.7412959,0,0.6711784;
custom,leaf0,default,1,1,1,0,1,1,1,1,1,-442.7687,96.54586,211.9978,0,0.8442519,0,0.5359465;
custom,leaf0,default,1,1,1,0,1,1,1,1,1,-431.0847,70.79344,204.6628,0,0.8200699,0,0.5722634;
custom,leaf0,default,1,1,1,0,1,1,1,1,1,-392.1678,90.62424,213.5881,0,0.9928791,0,-0.1191264;
custom,leaf0,default,1,1,1,0,1,1,1,1,1,-421.9365,90.07159,188.4221,0,0.2094687,0,0.9778154;
custom,leaf0,default,1,1,1,0,1,1,1,1,1,-406.4474,93.052,199.5862,0,0.4437155,0,0.8961677;
custom,leaf0,default,1,1,1,0,1,1,1,1,1,-378.1466,100.9589,180.5994,0,0.8852651,0,-0.4650868;
custom,leaf0,default,1,1,1,0,1,1,1,1,1,-391.1777,113.8134,186.0823,0,0.9938825,0,-0.1104428;
custom,leaf0,default,1,1,1,0,1,1,1,1,1,-375.7563,120.044,152.8719,0,0.6728093,0,-0.739816;
custom,leaf0,default,1,1,1,0,1,1,1,1,1,-399.8002,93.06028,159.666,0,0.1104353,0,0.9938833;
custom,leaf0,default,1,1,1,0,1,1,1,1,1,-392.2951,121.8232,181.0163,0,0.5925665,0,0.8055215;
custom,leaf0,default,1,1,1,0,1,1,1,1,1,-396.6384,131.372,181.3301,0,0.8500242,0,0.5267437;
custom,leaf0,default,1,1,1,0,1,1,1,1,1,-394.0605,142.0752,162.8661,0,0.6331914,0,-0.7739953;
custom,leaf0,default,1,1,1,0,1,1,1,1,1,-387.7666,149.7746,172.7411,0,0.9969665,0,-0.07783131;
custom,leaf0,default,1,1,1,0,1,1,1,1,1,-607.0549,56.72076,-487.4525,0,0.8856878,0,0.4642814;
custom,leaf0,default,1,1,1,0,1,1,1,1,1,-614.2548,61.99071,-486.714,0,0.9994422,0,0.03339834;
custom,leaf0,default,1,1,1,0,1,1,1,1,1,-593.5564,58.55513,-513.0707,0,0.8175054,0,0.575921;
custom,leaf0,default,1,1,1,0,1,1,1,1,1,-566.6622,57.52735,-521.3436,0,0.9558664,0,-0.2938017;
custom,leaf0,default,1,1,1,0,1,1,1,1,1,-558.8862,58.62868,-518.6964,0,0.4429108,0,-0.8965657;
custom,leaf0,default,1,1,1,0,1,1,1,1,1,-547.7751,64.12035,-534.7009,0,0.4968198,0,-0.8678537;
custom,leaf0,default,1,1,1,0,1,1,1,1,1,-546.7761,69.95465,-555.8673,0,0.150666,0,-0.9885848;
custom,leaf0,default,1,1,1,0,1,1,1,1,1,-587.823,64.58102,-584.462,0,0.3187017,0,0.9478551;
custom,leaf0,default,1,1,1,0,1,1,1,1,1,-594.6805,53.32616,-555.9089,0,0.5977569,0,0.8016774;
custom,leaf0,default,1,1,1,0,1,1,1,1,1,-598.2634,73.71122,-574.1849,0,0.3310814,0,0.9436023;
custom,leaf0,default,1,1,1,0,1,1,1,1,1,-606.5517,98.69424,-539.8661,0,0.2581291,0,0.9661104;
custom,leaf0,default,1,1,1,0,1,1,1,1,1,-607.67,87.16684,-552.722,0,0.08861768,0,0.9960657;
custom,leaf0,default,1,1,1,0,1,1,1,1,1,-613.5483,90.80718,-547.4798,0,0.7035074,0,0.7106881;
custom,leaf0,default,1,1,1,0,1,1,1,1,1,-616.4359,104.3141,-514.0721,0,0.9371837,0,0.3488361;
custom,leaf0,default,1,1,1,0,1,1,1,1,1,-602.2413,116.8931,-516.0765,0,0.5237452,0,0.851875;
custom,leaf0,default,1,1,1,0,1,1,1,1,1,-580.8158,118.6571,-519.0301,0,0.9971409,0,-0.07556458;
custom,leaf0,default,1,1,1,0,1,1,1,1,1,-577.4078,106.1152,-552.3603,0,0.6951798,0,-0.7188359;
custom,leaf0,default,1,1,1,0,1,1,1,1,1,-589.4312,156.6379,-549.3768,0,0.1059617,0,0.9943702;
custom,leaf0,default,1,1,1,0,1,1,1,1,1,-584.1645,149.9323,-527.0844,0,0.7594728,0,-0.6505392;
custom,leaf0,default,1,1,1,0,1,1,1,1,1,-601.5392,136.05,-544.6141,0,0.8739232,0,-0.486064;
custom,leaf0,default,1,1,1,0,1,1,1,1,1,-597.932,128.0352,-508.1614,0,0.4390552,0,-0.8984601;
custom,leaf0,default,1,1,1,0,1,1,1,1,1,-574.1671,135.529,-541.2031,0,0.9961275,0,0.08791997;
custom,leaf0,default,1,1,1,0,1,1,1,1,1,-572.9633,97.3197,-521.9332,0,0.823328,0,-0.567566;
custom,leaf0,default,1,1,1,0,1,1,1,1,1,-186.2971,144.0916,-576.525,0,0.5760259,0,-0.8174314;
custom,leaf0,default,1,1,1,0,1,1,1,1,1,-198.6652,130.017,-566.8168,0,0.5379872,0,-0.842953;
custom,leaf0,default,1,1,1,0,1,1,1,1,1,-207.3596,149.2984,-573.5446,0,0.1469989,0,0.9891367;
custom,leaf0,default,1,1,1,0,1,1,1,1,1,-218.0928,139.7621,-570.4742,0,0.8123683,0,0.5831448;
custom,leaf0,default,1,1,1,0,1,1,1,1,1,-221.5504,121.4572,-572.0947,0,0.6987639,0,0.7153524;
custom,leaf0,default,1,1,1,0,1,1,1,1,1,-205.4634,149.1861,-532.1428,0,0.9992611,0,-0.03843498;
custom,leaf0,default,1,1,1,0,1,1,1,1,1,-207.3581,142.7748,-525.9971,0,0.9981849,0,-0.06022364;
custom,leaf0,default,1,1,1,0,1,1,1,1,1,-202.6812,167.8615,-561.9622,0,0.6956308,0,0.7183995;
custom,leaf0,default,1,1,1,0,1,1,1,1,1,153.0263,71.17323,-313.8169,0,0.866685,0,0.4988559;
custom,leaf0,default,1,1,1,0,1,1,1,1,1,165.3301,59.10091,-316.968,0,0.8567233,0,0.5157764;
custom,leaf0,default,1,1,1,0,1,1,1,1,1,157.7907,61.06686,-330.8671,0,0.7928277,0,0.609446;
custom,leaf0,default,1,1,1,0,1,1,1,1,1,164.8043,68.83228,-341.982,0,0.1183984,0,-0.9929662;
custom,leaf0,default,1,1,1,0,1,1,1,1,1,217.2604,73.29344,-351.0056,0,0.3632567,0,-0.9316891;
custom,leaf0,default,1,1,1,0,1,1,1,1,1,238.9388,73.63344,-325.4367,0,0.6616487,0,-0.749814;
custom,leaf0,default,1,1,1,0,1,1,1,1,1,217.3201,77.76061,-325.6206,0,0.8069706,0,-0.5905916;
custom,leaf0,default,1,1,1,0,1,1,1,1,1,219.4602,108.0159,-333.6081,0,0.3222864,0,-0.9466422;
custom,leaf0,default,1,1,1,0,1,1,1,1,1,223.3792,99.22218,-331.8096,0,0.4095476,0,-0.9122888;
custom,leaf0,default,1,1,1,0,1,1,1,1,1,229.0705,78.09802,-297.9963,0,0.9638711,0,-0.2663693;
custom,leaf0,default,1,1,1,0,1,1,1,1,1,223.3126,56.54882,-314.8691,0,0.9694525,0,-0.2452791;
custom,leaf0,default,1,1,1,0,1,1,1,1,1,222.6384,56.04424,-272.4735,0,0.9973168,0,-0.07320684;
custom,leaf0,default,1,1,1,0,1,1,1,1,1,218.5086,75.80026,-275.7334,0,0.9926559,0,-0.120972;
custom,leaf0,default,1,1,1,0,1,1,1,1,1,207.1315,61.53876,-282.5995,0,0.8709821,0,0.4913148;
custom,leaf0,default,1,1,1,0,1,1,1,1,1,175.2188,94.96336,-300.7374,0,0.9651203,0,0.2618069;
custom,leaf0,default,1,1,1,0,1,1,1,1,1,170.5595,80.50739,-310.9369,0,0.9875448,0,0.1573385;
custom,leaf0,default,1,1,1,0,1,1,1,1,1,166.5877,95.71607,-320.2435,0,0.9086716,0,0.4175116;
custom,leaf0,default,1,1,1,0,1,1,1,1,1,186.3045,106.8193,-319.1238,0,0.005625707,0,0.9999842;
custom,leaf0,default,1,1,1,0,1,1,1,1,1,204.9722,114.284,-283.4605,0,0.7202135,0,0.6937525;
custom,leaf0,default,1,1,1,0,1,1,1,1,1,183.7766,112.502,-289.7587,0,0.2890828,0,-0.9573041;
custom,leaf0,default,1,1,1,0,1,1,1,1,1,208.6101,117.5142,-298.9147,0,0.2325439,0,0.9725859;
custom,leaf0,default,1,1,1,0,1,1,1,1,1,187.974,135.7265,-303.3214,0,0.234349,0,-0.9721525;
custom,leaf0,default,1,1,1,0,1,1,1,1,1,183.588,126.6459,-316.9008,0,0.7624285,0,-0.6470724;
custom,leaf0,default,1,1,1,0,1,1,1,1,1,199.0295,148.2746,-311.4724,0,0.7481345,0,-0.6635471;
custom,leaf0,default,1,1,1,0,1,1,1,1,1,327.1505,131.2833,-398.9349,0,0.7481401,0,-0.6635409;
custom,leaf0,default,1,1,1,0,1,1,1,1,1,316.5338,130.139,-406.9588,0,0.1874637,0,-0.9822716;
custom,leaf0,default,1,1,1,0,1,1,1,1,1,295.8849,130.3064,-426.0356,0,0.5344239,0,-0.8452166;
custom,leaf0,default,1,1,1,0,1,1,1,1,1,298.4233,144.1049,-415.1523,0,0.4076126,0,-0.913155;
custom,leaf0,default,1,1,1,0,1,1,1,1,1,304.5731,131.9437,-413.2283,0,0.3429258,0,-0.9393625;
custom,leaf0,default,1,1,1,0,1,1,1,1,1,310.5688,140.9119,-393.1857,0,0.1616974,0,-0.9868404;
custom,leaf0,default,1,1,1,0,1,1,1,1,1,298.3249,152.9082,-405.6426,0,0.166008,0,-0.9861244;
custom,leaf0,default,1,1,1,0,1,1,1,1,1,439.533,30.38165,-540.0839,0,0.9770212,0,0.2131424;
custom,leaf0,default,1,1,1,0,1,1,1,1,1,447.4481,41.50961,-524.6032,0,0.7351306,0,0.6779256;
custom,leaf0,default,1,1,1,0,1,1,1,1,1,437.6693,31.98406,-535.6947,0,0.4492137,0,0.8934243;
custom,leaf0,default,1,1,1,0,1,1,1,1,1,439.6714,43.51912,-532.6286,0,0.2830654,0,0.9591006;
custom,leaf0,default,1,1,1,0,1,1,1,1,1,467.8576,49.17967,-567.0012,0,0.6714892,0,-0.7410143;
custom,leaf0,default,1,1,1,0,1,1,1,1,1,451.7663,38.32055,-593.0676,0,0.2745087,0,-0.9615846;
custom,leaf0,default,1,1,1,0,1,1,1,1,1,448.1326,40.17102,-606.596,0,0.2891656,0,-0.9572791;
custom,leaf0,default,1,1,1,0,1,1,1,1,1,409.1812,44.70286,-613.4628,0,0.1316839,0,0.9912918;
custom,leaf0,default,1,1,1,0,1,1,1,1,1,403.6864,37.47839,-617.325,0,0.06656827,0,0.9977819;
custom,leaf0,default,1,1,1,0,1,1,1,1,1,411.3091,37.18952,-608.9262,0,0.1381689,0,0.9904087;
custom,leaf0,default,1,1,1,0,1,1,1,1,1,419.9508,43.80507,-614.6886,0,0.4038149,0,0.9148408;
custom,leaf0,default,1,1,1,0,1,1,1,1,1,413.0077,43.10335,-609.8665,0,0.2997381,0,0.9540216;
custom,leaf0,default,1,1,1,0,1,1,1,1,1,395.0668,67.1378,-584.41,0,0.8084195,0,0.5886069;
custom,leaf0,default,1,1,1,0,1,1,1,1,1,389.2534,56.81284,-591.3683,0,0.8666072,0,0.498991;
custom,leaf0,default,1,1,1,0,1,1,1,1,1,396.5959,63.69994,-587.3649,0,0.9415671,0,0.3368256;
custom,leaf0,default,1,1,1,0,1,1,1,1,1,417.5217,87.07832,-568.092,0,0.9609429,0,-0.2767469;
custom,leaf0,default,1,1,1,0,1,1,1,1,1,419.3166,74.17735,-565.2343,0,0.9609429,0,-0.2767469;
custom,leaf0,default,1,1,1,0,1,1,1,1,1,424.816,88.56055,-565.897,0,0.9997391,0,0.02284217;
custom,leaf0,default,1,1,1,0,1,1,1,1,1,423.771,77.38521,-559.3431,0,0.98143,0,0.1918207;
custom,leaf0,default,1,1,1,0,1,1,1,1,1,458.9862,68.78604,-594.7921,0,0.4857216,0,-0.8741136;
custom,leaf0,default,1,1,1,0,1,1,1,1,1,464.5624,81.53894,-600.9895,0,0.807063,0,-0.5904654;
custom,leaf0,default,1,1,1,0,1,1,1,1,1,440.9913,113.4919,-602.9634,0,0.2068042,0,-0.9783823;
custom,leaf0,default,1,1,1,0,1,1,1,1,1,438.9783,93.56413,-597.8027,0,0.2068079,0,-0.9783816;
custom,leaf0,default,1,1,1,0,1,1,1,1,1,435.5717,139.505,-581.6283,0,0.9986844,0,-0.05127891;
custom,leaf0,default,1,1,1,0,1,1,1,1,1,434.0815,130.7227,-579.0676,0,0.9952879,0,-0.09696405;
custom,leaf0,default,1,1,1,0,1,1,1,1,1,424.994,112.5697,-587.1267,0,0.8235245,0,0.5672808;
custom,leaf0,default,1,1,1,0,1,1,1,1,1,455.1414,99.86394,-576.0381,0,0.9520712,0,0.3058764;
custom,leaf0,default,1,1,1,0,1,1,1,1,1,380.0775,150.364,-138.604,0,0.007626372,0,-0.9999709;
custom,leaf0,default,1,1,1,0,1,1,1,1,1,380.722,142.6865,-140.7303,0,0.3593915,0,0.9331869;
custom,leaf0,default,1,1,1,0,1,1,1,1,1,388.5993,129.6875,-137.3761,0,0.5455517,0,-0.8380772;
custom,leaf0,default,1,1,1,0,1,1,1,1,1,395.5718,146.4459,-109.922,0,0.9667682,0,-0.2556545;
custom,leaf0,default,1,1,1,0,1,1,1,1,1,561.6098,72.22021,67.51536,0,0.9633359,0,0.2682985;
custom,leaf0,default,1,1,1,0,1,1,1,1,1,554.6029,62.37759,78.09287,0,0.9650711,0,0.2619881;
custom,leaf0,default,1,1,1,0,1,1,1,1,1,545.7568,61.60316,50.01988,0,0.6634282,0,0.7482401;
custom,leaf0,default,1,1,1,0,1,1,1,1,1,533.5725,62.6377,15.81383,0,0.9331842,0,0.3593986;
custom,leaf0,default,1,1,1,0,1,1,1,1,1,543.0222,65.29005,29.52237,0,0.8368739,0,0.5473956;
custom,leaf0,default,1,1,1,0,1,1,1,1,1,541.3976,73.0623,23.92388,0,0.8740814,0,0.4857796;
custom,leaf0,default,1,1,1,0,1,1,1,1,1,534.1279,61.31013,21.5924,0,0.9085914,0,0.4176862;
custom,leaf0,default,1,1,1,0,1,1,1,1,1,525.3313,58.86635,73.59526,0,0.3491673,0,0.9370604;
custom,leaf0,default,1,1,1,0,1,1,1,1,1,534.2275,60.3637,98.74198,0,0.8320631,0,0.554681;
custom,leaf0,default,1,1,1,0,1,1,1,1,1,509.945,107.6868,74.3493,0,0.9339627,0,0.3573706;
custom,leaf0,default,1,1,1,0,1,1,1,1,1,551.0063,121.9698,72.7594,0,0.9857445,0,-0.1682494;
custom,leaf0,default,1,1,1,0,1,1,1,1,1,546.4946,112.2581,76.63736,0,0.999971,0,-0.00761041;
custom,leaf0,default,1,1,1,0,1,1,1,1,1,551.5819,93.34343,52.95364,0,0.3957727,0,-0.9183485;
custom,leaf0,default,1,1,1,0,1,1,1,1,1,594.7507,99.92972,63.72619,0,0.8197959,0,-0.5726559;
custom,leaf0,default,1,1,1,0,1,1,1,1,1,587.45,120.2439,43.63514,0,0.669969,0,-0.7423891;
custom,leaf0,default,1,1,1,0,1,1,1,1,1,501.9044,87.99631,30.18715,0,0.4857259,0,0.8741112;
custom,leaf0,default,1,1,1,0,1,1,1,1,1,530.5759,126.0111,37.83866,0,0.4412715,0,0.8973736;
custom,leaf0,default,1,1,1,0,1,1,1,1,1,533.1446,149.4243,57.9565,0,0.7695111,0,0.6386334;
custom,leaf0,default,1,1,1,0,1,1,1,1,1,-44.71064,125.4259,547.1269,0,0.07946016,0,0.996838;
custom,leaf0,default,1,1,1,0,1,1,1,1,1,-30.68394,111.7891,544.9548,0,0.2851476,0,-0.9584836;
custom,leaf0,default,1,1,1,0,1,1,1,1,1,-26.1099,94.28033,588.3475,0,0.7246884,0,-0.6890767;
custom,leaf0,default,1,1,1,0,1,1,1,1,1,-74.11565,63.19319,607.9579,0,0.9875325,0,-0.1574153;
custom,leaf0,default,1,1,1,0,1,1,1,1,1,-36.00959,61.73034,583.7172,0,0.7696031,0,-0.6385226;
custom,leaf0,default,1,1,1,0,1,1,1,1,1,-16.67325,50.44399,568.5885,0,0.4098195,0,-0.9121667;
custom,leaf0,default,1,1,1,0,1,1,1,1,1,-22.37755,58.10986,579.4645,0,0.588755,0,-0.8083116;
custom,leaf0,default,1,1,1,0,1,1,1,1,1,-35.69566,62.67048,518.2209,0,0.2154862,0,-0.9765069;
custom,leaf0,default,1,1,1,0,1,1,1,1,1,-67.26951,61.70644,570.2015,0,0.2576527,0,0.9662376;
custom,leaf0,default,1,1,1,0,1,1,1,1,1,-49.085,77.41487,558.3059,0,0.04241316,0,0.9991001;
custom,leaf0,default,1,1,1,0,1,1,1,1,1,-41.44131,71.095,529.5082,0,0.05790465,0,-0.9983221;
custom,leaf0,default,1,1,1,0,1,1,1,1,1,-64.59772,86.2144,542.6785,0,0.2428587,0,0.9700617;
custom,leaf0,default,1,1,1,0,1,1,1,1,1,-70.10242,104.9097,570.7454,0,0.5599931,0,0.8284974;
custom,leaf0,default,1,1,1,0,1,1,1,1,1,-48.4042,117.5207,589.8109,0,0.8031321,0,0.595801;
custom,leaf0,default,1,1,1,0,1,1,1,1,1,-44.02473,140.1446,574.11,0,0.9621235,0,0.2726142;
custom,leaf0,default,1,1,1,0,1,1,1,1,1,-51.18318,153.9516,571.1808,0,0.9834295,0,0.1812912;
custom,leaf0,default,1,1,1,0,1,1,1,1,1,-62.9761,150.0911,569.1245,0,0.5325804,0,0.8463795;
custom,leaf0,default,1,1,1,0,1,1,1,1,1,269.3539,59.41404,532.485,0,0.1014109,0,-0.9948446;
custom,leaf0,default,1,1,1,0,1,1,1,1,1,269.8864,67.79148,553.0701,0,0.03831465,0,-0.9992657;
custom,leaf0,default,1,1,1,0,1,1,1,1,1,273.7545,58.33022,602.8385,0,0.4875419,0,0.8730996;
custom,leaf0,default,1,1,1,0,1,1,1,1,1,250.6451,70.28327,591.134,0,0.4645196,0,0.8855628;
custom,leaf0,default,1,1,1,0,1,1,1,1,1,242.4024,74.24847,585.6664,0,0.1252639,0,-0.9921235;
custom,leaf0,default,1,1,1,0,1,1,1,1,1,242.9852,61.84198,583.3953,0,0.1252639,0,-0.9921235;
custom,leaf0,default,1,1,1,0,1,1,1,1,1,318.5496,92.90128,573.6325,0,0.543852,0,-0.8391812;
custom,leaf0,default,1,1,1,0,1,1,1,1,1,309.4603,80.23388,596.5026,0,0.4296689,0,-0.9029865;
custom,leaf0,default,1,1,1,0,1,1,1,1,1,307.1588,89.36002,588.3614,0,0.5235649,0,-0.8519858;
custom,leaf0,default,1,1,1,0,1,1,1,1,1,287.0448,103.8623,562.4645,0,0.2261764,0,-0.9740864;
custom,leaf0,default,1,1,1,0,1,1,1,1,1,299.8392,113.7207,565.7097,0,0.6586552,0,-0.7524449;
custom,leaf0,default,1,1,1,0,1,1,1,1,1,302.0242,108.4285,562.1831,0,0.6908496,0,-0.7229985;
custom,leaf0,default,1,1,1,0,1,1,1,1,1,259.2225,131.1498,559.7062,0,0.02490989,0,0.9996897;
custom,leaf0,default,1,1,1,0,1,1,1,1,1,258.8709,116.0378,559.5464,0,0.0205477,0,0.9997889;
custom,leaf0,default,1,1,1,0,1,1,1,1,1,271.206,120.8321,573.5516,0,0.6060202,0,0.7954493;
custom,leaf0,default,1,1,1,0,1,1,1,1,1,276.194,134.9876,565.7368,0,0.2789554,0,-0.9603041;
custom,leaf0,default,1,1,1,0,1,1,1,1,1,287.3022,119.2707,569.5494,0,0.2915024,0,-0.9565701;
custom,leaf0,default,1,1,1,0,1,1,1,1,1,298.3982,132.406,579.4602,0,0.6252166,0,-0.7804514;
custom,leaf0,default,1,1,1,0,1,1,1,1,1,308.4587,114.0761,600.1666,0,0.7724366,0,-0.6350918;
custom,leaf0,default,1,1,1,0,1,1,1,1,1,257.1102,101.7426,585.999,0,0.8874243,0,0.4609536;
custom,leaf0,default,1,1,1,0,1,1,1,1,1,480.3158,70.59312,614.2284,0,0.7437429,0,0.6684658;
custom,leaf0,default,1,1,1,0,1,1,1,1,1,488.5172,55.26451,612.4097,0,0.75099,0,0.6603135;
custom,leaf0,default,1,1,1,0,1,1,1,1,1,487.785,55.18152,624.446,0,0.3955648,0,0.9184381;
custom,leaf0,default,1,1,1,0,1,1,1,1,1,501.8324,63.14746,611.7721,0,0.3077918,0,0.9514537;
custom,leaf0,default,1,1,1,0,1,1,1,1,1,550.5479,55.673,626.5251,0,0.3653024,0,0.930889;
custom,leaf0,default,1,1,1,0,1,1,1,1,1,564.0107,55.4602,650.3823,0,0.07104216,0,-0.9974733;
custom,leaf0,default,1,1,1,0,1,1,1,1,1,578.6378,84.43082,624.7497,0,0.6252307,0,-0.78044;
custom,leaf0,default,1,1,1,0,1,1,1,1,1,568.6676,63.89274,637.7065,0,0.5402282,0,-0.8415186;
custom,leaf0,default,1,1,1,0,1,1,1,1,1,533.5278,64.30791,664.1888,0,0.9999692,0,0.007843967;
custom,leaf0,default,1,1,1,0,1,1,1,1,1,527.9777,67.70303,656.8408,0,0.9533247,0,0.3019472;
custom,leaf0,default,1,1,1,0,1,1,1,1,1,530.3163,93.32385,649.6882,0,0.8933737,0,0.4493144;
custom,leaf0,default,1,1,1,0,1,1,1,1,1,535.5774,112.2763,643.1699,0,0.9048292,0,0.4257748;
custom,leaf0,default,1,1,1,0,1,1,1,1,1,531.3478,126.9126,631.7275,0,0.8707873,0,0.49166;
custom,leaf0,default,1,1,1,0,1,1,1,1,1,517.3439,106.699,631.6061,0,0.5269592,0,0.8498906;
custom,leaf0,default,1,1,1,0,1,1,1,1,1,533.2065,151.0741,627.6517,0,0.003058239,0,0.9999954;
custom,leaf0,default,1,1,1,0,1,1,1,1,1,570.5334,63.48014,343.971,0,0.9775074,0,-0.2109011;
custom,leaf0,default,1,1,1,0,1,1,1,1,1,549.3976,49.89872,338.8224,0,0.9955205,0,-0.09454548;
custom,leaf0,default,1,1,1,0,1,1,1,1,1,540.8564,65.22718,329.7594,0,0.9191357,0,0.3939411;
custom,leaf0,default,1,1,1,0,1,1,1,1,1,517.3533,58.51263,315.2648,0,0.7567099,0,0.6537508;
custom,leaf0,default,1,1,1,0,1,1,1,1,1,566.629,75.14581,295.7772,0,0.3612174,0,0.9324816;
custom,leaf0,default,1,1,1,0,1,1,1,1,1,555.4045,96.68651,310.5852,0,0.005235585,0,0.9999863;
custom,leaf0,default,1,1,1,0,1,1,1,1,1,558.0744,82.84422,302.1476,0,0.01003669,0,-0.9999496;
custom,leaf0,default,1,1,1,0,1,1,1,1,1,545.0687,114.7929,327.7509,0,0.3555192,0,-0.934669;
custom,leaf0,default,1,1,1,0,1,1,1,1,1,578.6995,85.29594,322.0088,0,0.8085076,0,-0.5884857;
custom,leaf0,default,1,1,1,0,1,1,1,1,1,593.8967,64.39865,310.618,0,0.9201665,0,-0.3915274;
custom,leaf0,default,1,1,1,0,1,1,1,1,1,580.3812,92.62106,313.2093,0,0.8521879,0,-0.5232358;
custom,leaf0,default,1,1,1,0,1,1,1,1,1,552.3156,93.79482,356.3002,0,0.9982144,0,-0.05973398;
custom,leaf0,default,1,1,1,0,1,1,1,1,1,554.2104,108.5569,353.0342,0,0.9995729,0,-0.02922231;
custom,leaf0,default,1,1,1,0,1,1,1,1,1,559.4114,128.1278,319.3904,0,0.9990855,0,0.04275611;
custom,leaf0,default,1,1,1,0,1,1,1,1,1,563.3262,113.1431,298.4619,0,0.5457477,0,-0.8379496;
custom,leaf0,default,1,1,1,0,1,1,1,1,1,559.9931,145.3864,313.4784,0,0.4840623,0,-0.8750336;
custom,leaf0,default,1,1,1,0,1,1,1,1,1,375.8367,66.45433,294.9558,0,0.468723,0,-0.8833452;
custom,leaf0,default,1,1,1,0,1,1,1,1,1,390.1216,60.29766,300.0768,0,0.7820812,0,-0.6231766;
custom,leaf0,default,1,1,1,0,1,1,1,1,1,352.5216,61.72289,261.0576,0,0.5161831,0,-0.8564783;
custom,leaf0,default,1,1,1,0,1,1,1,1,1,310.9539,65.76067,249.0578,0,0.06238689,0,-0.9980521;
custom,leaf0,default,1,1,1,0,1,1,1,1,1,310.0994,44.73045,243.519,0,0.08197199,0,-0.9966347;
custom,leaf0,default,1,1,1,0,1,1,1,1,1,306.3952,56.59653,253.3675,0,0.3407569,0,0.9401515;
custom,leaf0,default,1,1,1,0,1,1,1,1,1,301.5305,77.40788,271.061,0,0.5724751,0,0.8199221;
custom,leaf0,default,1,1,1,0,1,1,1,1,1,311.606,70.72929,302.4439,0,0.7762993,0,0.6303646;
custom,leaf0,default,1,1,1,0,1,1,1,1,1,323.0476,92.09804,302.0469,0,0.7609494,0,0.6488113;
custom,leaf0,default,1,1,1,0,1,1,1,1,1,324.6776,108.6498,320.3784,0,0.8120624,0,0.5835707;
custom,leaf0,default,1,1,1,0,1,1,1,1,1,315.7163,99.22369,320.8568,0,0.8069388,0,0.590635;
custom,leaf0,default,1,1,1,0,1,1,1,1,1,351.2547,114.6112,265.6042,0,0.2853107,0,-0.9584351;
custom,leaf0,default,1,1,1,0,1,1,1,1,1,370.4221,105.3745,282.1087,0,0.6619996,0,-0.7495042;
custom,leaf0,default,1,1,1,0,1,1,1,1,1,373.2119,93.86566,288.1026,0,0.6781937,0,-0.7348832;
custom,leaf0,default,1,1,1,0,1,1,1,1,1,377.6174,74.15779,273.9261,0,0.5818073,0,-0.8133268;
custom,leaf0,default,1,1,1,0,1,1,1,1,1,346.3429,73.39049,309.5961,0,0.4059876,0,-0.9138786;
custom,leaf0,default,1,1,1,0,1,1,1,1,1,325.8676,101.8528,288.3128,0,0.7172524,0,-0.6968136;
custom,leaf0,default,1,1,1,0,1,1,1,1,1,327.2168,113.7556,269.0546,0,0.8731619,0,-0.4874304;
custom,leaf0,default,1,1,1,0,1,1,1,1,1,335.1147,109.9507,271.4299,0,0.9929721,0,-0.1183488;
custom,leaf0,default,1,1,1,0,1,1,1,1,1,337.0077,139.9077,286.9138,0,0.9818866,0,-0.1894694;
custom,cannon1,default,0.55,0.55,0.55,0,1,1,1,1,1,253.1206,109.8258,272.2325,0,0.7168663,0,0.6972107;
custom,cannon1,default,0.55,0.55,0.55,0,1,1,1,1,1,253.2005,95.7448,269.1221,0,0.01011274,0,-0.9999489;
custom,cannon1,default,0.55,0.55,0.55,0,1,1,1,1,1,-189.0734,106.7145,268.3669,0,0.01450884,0,-0.9998947;
custom,cannon1,default,0.55,0.55,0.55,0,1,1,1,1,1,-187.2978,93.09834,268.1484,0,0.717298,0,-0.6967665;
custom,cannon1,default,0.55,0.55,0.55,0,1,1,1,1,1,243.6966,106.5227,-166.7237,0,0.9999482,0,0.0101768;
custom,cannon1,default,0.55,0.55,0.55,0,1,1,1,1,1,242.4249,92.67755,-166.1218,0,0.7076225,0,0.7065907;
custom,cannon1,default,0.55,0.55,0.55,0,1,1,1,1,1,-158.5877,104.5277,-176.0823,0,0.7251777,0,-0.6885619;
custom,cannon1,default,0.55,0.55,0.55,0,1,1,1,1,1,-160.3723,90.77089,-173.8685,0,0.9994879,0,0.03199825;
custom,cannon1,default,0.45,0.45,0.45,0,1,1,1,1,1,-1.095905,109.3157,324.0924,0,0.001472147,0,-0.9999989;
custom,cannon1,default,0.45,0.45,0.45,0,1,1,1,1,1,-1.384255,95.45976,323.9971,0,0.01274569,0,-0.9999188;
custom,cannon1,default,0.45,0.45,0.45,0,1,1,1,1,1,74.2073,109.9888,321.9861,0,0.02551079,0,-0.9996746;
custom,cannon1,default,0.45,0.45,0.45,0,1,1,1,1,1,74.22182,95.97516,323.0082,0,0.01365348,0,-0.9999068;
photon,spawnTitan,30,1,-496.9111,0.4326143,-401.592,0,0.999998,0,0.002011353;
photon,spawnTitan,30,1,-464.33,-0.2169053,390.0363,0,0.08567253,0,0.9963234;
photon,spawnTitan,30,1,363.1729,0.4501057,500.7528,0,0.6787966,0,0.7343264;
photon,spawnTitan,30,1,477.911,-0.2390248,-219.7778,0,0.9998074,0,-0.01962552;
photon,spawnAbnormal,30,1,508.6665,5.76749,-488.6069,0,0.9930696,0,-0.1175278;
photon,spawnCrawler,30,1,114.9307,0.6837643,-546.6687,0,0.01961878,0,0.9998075;
photon,spawnJumper,30,1,-190.6967,3.382631,-315.3835,0,0.4481699,0,-0.8939484;
photon,spawnJumper,30,1,-271.8472,1.336802,-49.16901,0,0.1305573,0,-0.9914408;
photon,spawnJumper,30,1,185.7758,1.13151,239.4074,0,0.06337105,0,-0.9979901;
custom,capsule,stone6,0.25,2,0.25,0,1,1,1,1,1,196.268,13.15534,204.3875,0,0.4323904,0,0.9016865;
custom,capsule,stone6,0.25,2,0.25,0,1,1,1,1,1,175.6478,13.21075,212.501,0,0.4323904,0,0.9016865;
custom,capsule,stone6,0.25,2,0.25,0,1,1,1,1,1,151.9422,13.21075,234.0256,0,0.4323904,0,0.9016865;
custom,capsule,stone6,0.25,2,0.25,0,1,1,1,1,1,145.6603,13.16711,249.492,0,0.4264797,0,0.9044972;
custom,capsule,stone6,0.25,2,0.25,0,1,1,1,1,1,141.4632,13.22988,278.3027,0,0.4422003,0,0.8969163;
custom,capsule,stone6,0.25,2,0.25,0,1,1,1,1,1,168.9633,13.27352,298.6491,0,0.4461097,0,0.8949783;
custom,capsule,stone6,0.25,2,0.25,0,1,1,1,1,1,218.0352,13.0786,208.0828,0,0.4323904,0,0.9016865;
custom,capsule,stone6,0.25,2,0.25,0,1,1,1,1,1,235.477,12.98656,213.8255,0,0.4323904,0,0.9016865;
custom,capsule,stone6,0.25,2,0.25,0,1,1,1,1,1,147.7738,13.0695,292.6265,0,0.8165795,0,0.577233;
custom,capsule,stone6,0.25,2,0.25,0,1,1,1,1,1,137.7634,13.0695,264.5952,0,0.7798169,0,0.6260076;
custom,capsule,stone6,0.25,2,0.25,0,1,1,1,1,1,160.7724,11.75234,221.9097,0,0.4847149,0,0.8746722;
custom,capsule,stone6,0.25,2,0.25,0,1,1,1,1,1,184.4491,10.99481,204.5388,0,0.08052587,0,0.9967526;
custom,capsule,stone6,0.25,2,0.25,0,1,1,1,1,1,208.0686,10.78442,203.3188,0,0.04155194,0,-0.9991364;
custom,capsule,stone6,0.25,2,0.25,0,1,1,1,1,1,227.9694,10.0967,207.6982,0,0.1436083,0,-0.9896346;