custom,arena4,default,4,4,4,1,1,0,0,1.0,1.0,-75.56733,225.4476,-110.1552,0,0.999885,0,-0.01517016;
map,disablebounds;
base,aot_supply,default,1,1,1,0,1,1,1,1.0,1.0,834.9979,398.3793,130.0491,-0.2802177,0.5221907,-0.7387987,-0.3208916;
custom,statue1,default,1,1,1,1,1,0,0,1.0,1.0,-54.27377,-1.135384,-7.472528,0,0.7016762,0,0.712496;
custom,tower1,crystal1,1,1,1,1,1,0,0,1.0,1.0,4.304934,53.98603,168.6675,0,0.6913497,0,0.7225203;
custom,pillar1,crystal1,2,2,2,1,1,0,0,1.0,1.0,123.7075,4.135378,60.86815,0,0.6946133,0,-0.7193833;
custom,tower1,crystal1,2,2,2,1,1,0,0,1.0,1.0,-380.7131,111.8751,209.3755,0,0.9999111,0,0.01333109;
custom,tower1,crystal1,2,2,2,1,1,0,0,1.0,1.0,-286.1579,115.9121,422.6534,0,0.9342715,0,0.3565626;
custom,tower1,crystal1,2,2,2,1,1,0,0,1.0,1.0,189.0063,111.9986,341.0722,0,0.9531364,0,-0.3025409;
custom,tower1,crystal1,2,2,2,1,1,0,0,1.0,1.0,145.2682,117.1038,441.6396,0,0.8352318,0,-0.5498981;
custom,tower1,crystal1,2,2,2,1,1,0,0,1.0,1.0,-216.352,116.4485,184.0376,0,0.956223,0,0.292639;
custom,tower1,crystal1,3,3,3,1,1,0,0,1.0,1.0,95.95199,155.3714,-390.2519,0,0.05268271,0,-0.9986113;
custom,pillar1,crystal1,2,2,2,1,1,0,0,1.0,1.0,118.9427,1.698832,-60.80217,0,0.6923909,0,-0.7215227;
custom,tower1,crystal1,1,1,1,1,1,0,0,1.0,1.0,-178.219,38.20815,427.8628,0,0.929464,0,0.3689129;
custom,tower1,crystal1,1,1,1,1,1,0,0,1.0,1.0,-46.37131,36.40815,428.803,0,0.929464,0,0.3689129;
custom,tower1,crystal1,1,1,1,1,1,0,0,1.0,1.0,-231.959,52.38021,-34.15881,0,0.2613582,0,-0.9652419;
custom,tower1,crystal1,1,1,1,1,1,0,0,1.0,1.0,-29.21262,64.99307,-628.8732,0,0.9806925,0,0.1955563;
custom,tower1,crystal1,1,1,1,1,1,0,0,1.0,1.0,-94.8307,48.37589,-119.3557,0,0.9992942,0,0.03756421;
custom,tower1,crystal1,2,2,2,1,1,0,0,1.0,1.0,-546.3503,89.40675,88.06499,0,0.8201039,0,0.5722147;
custom,tower1,crystal1,2,2,2,1,1,0,0,1.0,1.0,-772.8426,115.4007,-118.5039,0,0.9839475,0,0.178458;
custom,tower5,crystal1,1,1,1,1,1,0,0,1.0,1.0,-53.53323,1.513386,-35.17514,0,0.709037,0,-0.7051713;
custom,tower5,crystal1,1,1,1,1,1,0,0,1.0,1.0,-54.25822,-0.006615549,28.54184,0,0.709037,0,-0.7051713;
custom,tower1,crystal1,1,1,1,1,1,0,0,1.0,1.0,-894.4957,101.3501,5.377728,0,0.995611,0,-0.09358892;
custom,tower1,crystal1,1,1,1,1,1,0,0,1.0,1.0,-750.3086,90.22192,159.0609,0,0.9549908,0,0.2966356;
custom,tower1,crystal1,1,1,1,1,1,0,0,1.0,1.0,-723.886,40.96771,-233.1019,0,0.7146919,0,0.6994395;
custom,tower1,crystal1,3,3,3,1,1,0,0,1.0,1.0,-550.8136,183.1256,-431.6062,0,0.7770677,0,0.629417;
custom,tower1,crystal1,3,3,3,1,1,0,0,1.0,1.0,684.8122,188.8967,-628.5809,0,0.6526021,0,0.7577008;
custom,tower1,crystal1,1,1,1,1,1,0,0,1.0,1.0,1042.8,99.93922,-609.6544,0,0.4731313,0,0.8809919;
custom,tower1,crystal1,1,1,1,1,1,0,0,1.0,1.0,877.069,95.8801,-683.657,0,0.7731637,0,-0.6342065;
custom,tower1,crystal1,1,1,1,1,1,0,0,1.0,1.0,694.826,115.7104,-326.3218,0,0.3929848,0,-0.919545;
custom,tower1,crystal1,2,2,2,1,1,0,0,1.0,1.0,1157.72,119.3641,-21.5134,0,0.6142204,0,-0.7891346;
custom,tower1,crystal1,2,2,2,1,1,0,0,1.0,1.0,1557.153,280.7115,297.4042,0,0.2415448,0,0.9703897;
custom,spike1,crystal1,2,2,2,1,1,0,0,1.0,1.0,-45.81807,2.394254,-113.6279,0,0.8805481,0,-0.4739569;
custom,spike1,crystal1,2,2,2,1,1,0,0,1.0,1.0,-41.83187,-0.7310882,107.1773,0,0.4823413,0,-0.8759834;
custom,spike1,crystal1,2,2,2,1,1,0,0,1.0,1.0,78.69686,-1.534852,-149.4779,0,0.9629762,0,0.2695866;
base,aot_supply,crystal1,2,2,2,1,1,0,0,1.0,1.0,-50.53942,-0.0346891,-35.20712,-0.6826497,0.2089487,-0.6667563,-0.2139297;
base,aot_supply,crystal1,2,2,2,1,1,0,0,1.0,1.0,-50.95348,-0.8585402,28.38423,-0.6752713,0.227074,-0.6624743,-0.2314605;
base,aot_supply,crystal1,2,2,2,1,1,0,0,1.0,1.0,-36.29897,-0.099371,-8.095132,-0.7022838,0.158151,-0.67428,-0.164719;
custom,spike1,crystal1,2,2,2,1,1,0,0,1.0,1.0,89.79897,-1.680412,145.8648,0,-0.1483279,0,-0.9889383;
custom,tower2,crystal1,2,2,2,1,1,0,0,1.0,1.0,169.6322,-20.56522,-1.174696,0,0.6993541,0,-0.7147754;
custom,cave1,crystal1,5.5,5.5,5.5,1,1,0,0,1.0,1.0,-112.3977,-17.39536,229.0311,0,0.942752,0,-0.3334947;
custom,cave2,crystal1,5.5,5.5,5.5,1,1,0,0,1.0,1.0,-934.6072,754.906,328.3763,0,0.06421142,0,-0.9979363;
custom,cave2,crystal1,5.5,7,5.5,1,1,0,0,1.0,1.0,280,-0.9353019,-269.1219,0.6220019,0.05182112,-0.7802061,0.04131328;
custom,tower1,crystal1,1,1,1,1,1,0,0,1.0,1.0,245.6963,73.49661,255.1266,0,0.3419195,0,0.9397293;
custom,tower1,crystal1,1,1,1,1,1,0,0,1.0,1.0,15.98372,52.53542,279.0784,0,0.1930745,0,-0.9811841;
custom,tower1,crystal1,1,1,1,1,1,0,0,1.0,1.0,-89.73576,54.86227,386.282,0,0.1738065,0,-0.9847798;
custom,tower1,crystal1,1,1,1,1,1,0,0,1.0,1.0,-318.8456,55.33473,311.4995,0,0.9454522,0,0.325761;
custom,tower1,crystal1,1,1,1,1,1,0,0,1.0,1.0,-484.303,116.0513,481.868,0,0.987312,0,0.1587929;
custom,tower1,crystal1,1,1,1,1,1,0,0,1.0,1.0,-480.4855,87.45828,352.6787,0,0.9976993,0,0.0677941;
custom,tower1,crystal1,1,1,1,1,1,0,0,1.0,1.0,-595.9512,108.5693,290.1208,0,0.9816703,0,-0.190587;
custom,tower1,crystal1,1,1,1,1,1,0,0,1.0,1.0,-640.7516,56.36942,60.41054,0,0.9816703,0,-0.190587;
custom,tower1,crystal1,1,1,1,1,1,0,0,1.0,1.0,-1201.275,324.4868,-325.0138,0,0.5370877,0,0.8435264;
custom,tower1,crystal1,1,1,1,1,1,0,0,1.0,1.0,-1177.021,282.5988,-114.4759,0,0.0133481,0,-0.999911;
custom,tower1,crystal1,1,1,1,1,1,0,0,1.0,1.0,-1161.83,270.7979,36.18158,0,0.0133481,0,-0.999911;
custom,tower1,crystal1,1,1,1,1,1,0,0,1.0,1.0,-1176.719,286.0157,-273.2958,0,0.4730907,0,0.8810137;
custom,tower1,crystal1,1,1,1,1,1,0,0,1.0,1.0,-889.9451,161.9308,247.3658,0,0.2627795,0,0.9648559;
custom,tower1,crystal1,1,1,1,1,1,0,0,1.0,1.0,-795.6522,239.9315,446.6878,0,0.2627795,0,0.9648559;
custom,tower1,crystal1,1,1,1,1,1,0,0,1.0,1.0,-913.745,86.38519,-179.1805,0,0.3072313,0,-0.9516349;
custom,tower1,crystal1,1,1,1,1,1,0,0,1.0,1.0,-1042.325,162.9856,-94.85185,0,0.3072313,0,-0.9516349;
custom,tower1,crystal1,1,1,1,1,1,0,0,1.0,1.0,-1070.408,215.8143,122.8288,0,0.3030959,0,-0.9529601;
custom,tower1,crystal1,1,1,1,1,1,0,0,1.0,1.0,-371.3764,32.93855,-512.1312,0,0.8177041,0,0.5756389;
custom,tower1,crystal1,1,1,1,1,1,0,0,1.0,1.0,-216.2212,81.17629,-699.483,0,0.8189577,0,0.5738539;
custom,tower1,crystal1,1,1,1,1,1,0,0,1.0,1.0,-161.9605,46.17648,-466.6194,0,0.8189577,0,0.5738539;
custom,tower1,crystal1,1,1,1,1,1,0,0,1.0,1.0,-19.08252,34.5732,-507.2357,0,0.9825187,0,-0.1861638;
custom,tower1,crystal1,1,1,1,1,1,0,0,1.0,1.0,64.81528,54.57311,-229.82,0,0.9825187,0,-0.1861638;
custom,tower1,crystal1,1,1,1,1,1,0,0,1.0,1.0,-61.36285,43.82304,-367.1342,0,0.9825187,0,-0.1861638;
custom,tower1,crystal1,1,1,1,1,1,0,0,1.0,1.0,381.2691,62.53851,517.3187,0,0.7037163,0,0.710481;
custom,tower1,crystal1,1,1,1,1,1,0,0,1.0,1.0,237.4513,59.96653,496.66,0,0.7486771,0,0.6629348;
custom,tower1,crystal1,1,1,1,1,1,0,0,1.0,1.0,356.0135,49.76625,395.1693,0,0.7486771,0,0.6629348;
custom,tower1,crystal1,1,1,1,1,1,0,0,1.0,1.0,702.6609,56.19663,525.6365,0,0.6800926,0,0.7331263;
custom,tower1,crystal1,1,1,1,1,1,0,0,1.0,1.0,490.8756,71.64715,554.0955,0,0.8647193,0,0.5022556;
custom,tower1,crystal1,1,1,1,1,1,0,0,1.0,1.0,949.3515,74.15025,313.3373,0,0.9629253,0,0.2697685;
custom,tower1,crystal1,1,1,1,1,1,0,0,1.0,1.0,872.3981,70.55073,487.2671,0,0.9629253,0,0.2697685;
custom,tower1,crystal1,1,1,1,1,1,0,0,1.0,1.0,1040.378,54.3503,379.2189,0,0.9629253,0,0.2697685;
custom,tower1,crystal1,1,1,1,1,1,0,0,1.0,1.0,1031.118,38.75034,40.64921,0,0.9629253,0,0.2697685;
custom,tower1,crystal1,1,1,1,1,1,0,0,1.0,1.0,827.9448,70.41879,422.8405,0,0.9674854,0,0.2529272;
custom,tower1,crystal1,1,1,1,1,1,0,0,1.0,1.0,929.6465,80.41864,216.1138,0,0.9674854,0,0.2529272;
custom,tower1,crystal1,1,1,1,1,1,0,0,1.0,1.0,652.3568,66.88962,441.7306,0,0.7105295,0,-0.7036674;
custom,tower1,crystal1,1,1,1,1,1,0,0,1.0,1.0,464.2426,42.28968,442.9029,0,0.7105295,0,-0.7036674;
custom,tower1,crystal1,1,1,1,1,1,0,0,1.0,1.0,434.9802,139.1342,659.8497,0,0.5321921,0,-0.8466237;
custom,tower1,crystal1,1,1,1,1,1,0,0,1.0,1.0,176.0545,123.7346,669.466,0,0.5321921,0,-0.8466237;
custom,tower1,crystal1,1,1,1,1,1,0,0,1.0,1.0,756.524,67.28114,475.1462,0,0.1213441,0,0.9926105;
custom,tower1,crystal1,1,1,1,1,1,0,0,1.0,1.0,789.73,102.6496,609.0484,0,0.121344,0,0.9926105;
custom,tower1,crystal1,1,1,1,1,1,0,0,1.0,1.0,914.8097,201.619,688.4382,0,0.1191782,0,0.9928729;
custom,tower1,crystal1,1,1,1,1,1,0,0,1.0,1.0,704.4808,263.0207,744.3818,0,0.1191782,0,0.9928729;
custom,tower1,crystal1,1,1,1,1,1,0,0,1.0,1.0,1174.238,103.5614,487.726,0,0.884693,0,0.4661742;
custom,tower1,crystal1,1,1,1,1,1,0,0,1.0,1.0,1420.284,231.7614,487.5979,0,0.884693,0,0.4661742;
custom,tower1,crystal1,1,1,1,1,1,0,0,1.0,1.0,1330.59,93.89231,100.3899,0,0.2107244,0,-0.9775455;
custom,tower1,crystal1,1,1,1,1,1,0,0,1.0,1.0,1263.51,93.29219,282.1837,0,0.2107244,0,-0.9775455;
custom,tower1,crystal1,1,1,1,1,1,0,0,1.0,1.0,911.5305,45.34114,-73.30113,0,0.841454,0,-0.5403289;
custom,tower1,crystal1,1,1,1,1,1,0,0,1.0,1.0,779.5825,68.14108,-133.6723,0,0.841454,0,-0.5403289;
custom,tower1,crystal1,1,1,1,1,1,0,0,1.0,1.0,308.0594,21.75395,-1.956615,0,0.8331665,0,-0.5530222;
custom,tower1,crystal1,1,1,1,1,1,0,0,1.0,1.0,506.2501,19.19773,-28.80924,0,0.9994353,0,0.03360195;
custom,tower1,crystal1,1,1,1,1,1,0,0,1.0,1.0,646.5762,23.12655,-89.94521,0,0.9826909,0,0.1852525;
custom,sphere,crystal1,3,3,3,1,0,1,0,1.0,1.0,38.49948,13.82171,-1.465071,0,0.5563326,0,-0.8309598;
custom,sphere,crystal1,3,3,3,1,0,1,1,1.0,1.0,126.1111,140.8813,61.31613,0,0.7410174,0,0.6714858;
custom,sphere,crystal1,3,3,3,1,0,1,1,1.0,1.0,121.2118,138.3042,-60.08632,0,0.7306431,0,0.6827596;
custom,tower1,crystal1,3,3,3,1,1,0,1,1.0,1.0,568.6703,187.7047,-272.8783,0,0.8320375,0,0.5547194;
custom,tower1,crystal1,3,3,3,1,1,0,1,1.0,1.0,-278.8233,152.3589,337.1491,0,0.6892319,0,-0.7245408;
custom,tower1,crystal1,3,3,3,1,0,1,1,1.0,1.0,-33.7026,137.6566,-301.8196,0,0.2261847,0,-0.9740844;
custom,tower1,crystal1,3,3,3,1,1,1,0,1.0,1.0,-244.3978,151.4958,55.30708,0,0.8720605,0,-0.4893981;
custom,tower1,crystal1,3,3,3,1,0.1590909,0,0,1.0,1.0,1202.223,206.0553,346.82,0,0.8208898,0,0.5710867;
custom,statue1,crystal1,1,1,1,1,0.1590909,0,0,1.0,1.0,43.18289,-0.04622129,38.24006,0,0.9999412,0,-0.01084718;
custom,statue1,crystal1,1,1,1,1,0.1590909,0,0,1.0,1.0,44.59563,0.7943283,-40.56081,0,0.005613343,0,0.9999843;
custom,tower1,crystal1,1,1,1,1,1,0,0,1.0,1.0,1222.504,89.32008,-541.7299,0,0.9939786,0,-0.1095742;
custom,tower1,crystal1,1,1,1,1,1,0,0,1.0,1.0,1247.139,170.9716,-695.1822,0,0.9987054,0,-0.05086758;
custom,tube,crystal1,2,20,2,1,1,0,0,1.0,1.0,-12.18623,104.4043,-8.724122,0,0.6933869,0,-0.7205656;
custom,tube,crystal1,2,1,2,1,1,0,0,1.0,1.0,-11.08087,178.6537,-8.658178,0.00410985,0.07127779,0.05741714,0.9957941;
custom,tube,crystal1,2,1,2,1,1,0,0,1.0,1.0,-11.46286,182.3249,-9.588059,-0.1068932,0.7609298,0.1297948,0.6266682;
custom,tube,crystal1,2,1,2,1,1,0,0,1.0,1.0,-11.97576,185.2974,-9.238361,-0.1889717,0.6239944,0.1590542,0.7413653;
custom,tube,crystal1,2,1,2,1,1,0,0,1.0,1.0,-12.08534,185.9013,-9.291069,-0.2980915,0.7029508,0.2097403,0.610746;
custom,tube,crystal1,2,10,2,1,1,0,0,1.0,1.0,-34.42418,215.3609,-9.358384,-0.2839512,0.9302411,0.08582374,0.2160035;
custom,tube,crystal1,2,10,2,1,1,0,0,1.0,1.0,-88.44145,265.5698,-9.199072,-0.368365,0.5953589,0.3534977,0.6203985;
custom,tube,crystal1,2,2,2,1,1,0,0,1.0,1.0,-57.51407,247.7563,-7.384074,-0.366329,0.7428719,-0.3168093,-0.4621432;
custom,tube,crystal1,2,20,2,1,1,0,0,1.0,1.0,-189.7444,281.1979,-0.878118,-0.7062789,0.6785713,-0.09089918,-0.1801346;
custom,tube,crystal1,2,2,2,1,1,0,0,1.0,1.0,-121.2231,281.2642,-8.763009,-0.03550451,0.03017398,-0.7611626,0.6468852;
custom,tube,crystal1,2,2,2,1,1,0,0,1.0,1.0,-12.60536,28.77572,-8.841821,0,0.6740265,0,-0.7387071;
custom,cuboid,crystal1,0.1,4,10,1,1,0,0,1.0,1.0,-265.8696,300.9467,-27.96026,-0.0005241285,0.9994783,-0.002731394,-0.03218082;
custom,cuboid,crystal1,0.1,10,10,1,1,0,0,1.0,1.0,-316.7951,271.3077,-24.3155,0.5177889,0.5218291,0.4771973,0.4815305;
custom,cuboid,crystal1,0.1,5,10,1,1,0,0,1.0,1.0,-312.1315,296.432,25.56187,0,0.7329659,0,0.6802654;
custom,cuboid,crystal1,0.1,5,10,1,1,0,0,1.0,1.0,-318.4416,295.3372,-72.96284,0,0.7388106,0,0.6739132;
custom,cuboid,crystal1,1,1,1,1,1,0,0,1.0,1.0,-266.0358,276.476,16.50853,0,0.7029502,0,0.711239;
custom,cuboid,crystal1,0.1,10,10,1,1,0,0,1.0,1.0,-315.0706,320.5997,-24.20816,0.5115113,0.5189051,0.4810178,0.487561;
custom,cuboid,crystal1,0.1,5,5,1,1,0,0,1.0,1.0,-267.077,296.1967,-22.08845,-0.7103167,-0.02417393,0.02636599,-0.7029728;
custom,cuboid,crystal1,0.1,5,5,1,1,0,0,1.0,1.0,-269.6517,294.8617,-52.00714,-0.7133566,-0.0240629,0.01593976,-0.7002068;
custom,cuboid,crystal1,0.2,5,5,1,1,0,0,1.0,1.0,-362.5776,296.4471,3.937705,-0.01687562,0.7085762,-0.7042799,-0.04031067;
custom,cuboid,crystal1,0.2,2.5,5,1,1,0,0,1.0,1.0,-365.4541,307.3856,-44.23708,0.01395442,0.999382,-0.0004650572,-0.03225848;
custom,tube,crystal1,1,1,1,1,1,0,0,1.0,1.0,-372.3535,274.6749,-64.10394,0.4726678,0.4921238,0.4824778,-0.5491945;
custom,cuboid,crystal1,0.2,2,2,1,1,0,0,1.0,1.0,-367.3073,285.9456,-58.39991,0,-0.0353854,0,-0.9993738;
custom,cuboid,crystal1,0.2,4,4,1,1,0,0,1.0,1.0,-365.621,290.8629,-39.41682,0.00536346,-0.02979274,0.01589278,-0.9994154;
custom,tube,crystal1,2,2,2,1,1,0,0,1.0,1.0,-12.44623,15.99871,-9.860606,0,0.9920128,0,-0.1261375;
custom,cuboid,crystal1,1,1,1,1,1,0,0,1.0,1.0,-362.1758,275.3573,-54.62324,-0.009985416,0.6832601,-0.01167101,-0.7300136;
custom,tube,crystal1,1,10,1,1,1,0,0,1.0,1.0,-408.687,273.3226,-66.48733,-0.5191393,0.4701403,0.4944145,0.5147979;
custom,tube,crystal1,1,10,1,1,1,0,0,1.0,1.0,-479.171,273.8682,-72.641,-0.5097978,0.4895782,0.462618,0.5351674;
custom,tube,crystal1,1,10,1,1,1,0,0,1.0,1.0,-541.0313,276.8961,-51.23488,-0.2597783,0.6660135,0.6437431,0.273013;
custom,tube,crystal1,1,10,1,1,1,0,0,1.0,1.0,-525.6317,274.1859,-108.4652,-0.7179078,0.07566882,0.07901711,0.6874874;
custom,tube,crystal1,1,10,1,1,1,0,0,1.0,1.0,-568.8354,273.8398,9.873,0.03502746,0.6589437,0.7468027,0.08277683;
custom,tube,crystal1,1,10,1,1,1,0,0,1.0,1.0,-601.3489,283.5071,-19.67002,-0.4890423,0.6407779,0.4226801,0.4142257;
custom,pyramid,crystal2,2.5,2.5,2.5,1,0,0.5681818,0,1.0,1.0,-319.2564,294.1124,-17.27074,0,0.7051198,0,0.7090883;
racing,killSphere,0.1,0.1,0.1,-319.3239,317.2677,-17.30057,0,0.6779979,0,-0.7350638;
custom,tube,crystal1,1,10,1,1,1,0,0,1.0,1.0,-574.1649,264.1199,79.76367,-0.0628353,0.65132,0.7561701,-0.006385308;
custom,tube,crystal1,1,10,1,1,1,0,0,1.0,1.0,-640.2746,247.6896,-13.77372,0,0.6661414,0,0.7458255;
custom,tube,crystal1,1,10,1,1,1,0,0,1.0,1.0,-638.9999,323.0657,-13.58997,0,0.7592126,0,0.6508428;
custom,arc90,crystal1,1,1,1,1,1,0,0,1.0,1.0,-640.9274,286.0916,-10.46294,0,0.9201199,0,0.3916368;
custom,arc90,crystal1,1,1,1,1,1,0,0,1.0,1.0,-641.8246,286.1779,-16.05082,0,0.0921101,0,0.9957488;
custom,tube,crystal1,1,10,1,1,1,0,0,1.0,1.0,-612.2416,211.548,10.58836,0.2975429,0.6388015,0.6455263,-0.2944432;
custom,tube,crystal1,1,10,1,1,1,0,0,1.0,1.0,-671.2677,212.1936,-41.06141,0.6489097,0.2927802,-0.2989774,0.6354594;
custom,tube,crystal1,1,10,1,1,1,0,0,1.0,1.0,-615.252,210.7165,-43.37308,0.6755555,0.231715,0.2377793,-0.6583267;
custom,tube,crystal1,1,10,1,1,1,0,0,1.0,1.0,-667.2413,209.8021,14.61215,-0.2551737,0.649483,0.6725595,0.2464184;
custom,cuboid,crystal1,1,1,1,1,1,0,0,1.0,1.0,-640.5355,202.1189,-13.47551,0,0.9356774,0,0.3528566;
custom,cuboid,crystal1,0.2,10,10,1,1,0,0,1.0,1.0,-693.5311,358.4491,-6.972823,0.4582655,0.4696018,-0.5270456,-0.5400832;
custom,cuboid,crystal1,0.2,10,10,1,1,0,0,1.0,1.0,-585.2753,359.409,-20.86102,-0.4652619,0.4626709,0.5350921,-0.5321123;
custom,cuboid,crystal1,0.2,10,10,1,1,0,0,1.0,1.0,-686.6486,408.5238,41.844,0,0.7585461,0,0.6516194;
custom,cuboid,crystal1,0.2,10,10,1,1,0,0,1.0,1.0,-700.4655,408.4452,-55.88931,0,0.7522625,0,0.6588636;
custom,cuboid,crystal1,0.2,10,10,1,1,0,0,1.0,1.0,-694.8201,457.5975,-6.85793,0.7058937,0.704906,-0.04911914,-0.04908084;
custom,cuboid,crystal1,0.2,10,10,1,1,0,0,1.0,1.0,-591.9306,410.1426,-69.28188,0,0.753512,0,0.6574343;
custom,cuboid,crystal1,0.2,10,10,1,1,0,0,1.0,1.0,-578.3995,409.6422,27.82082,0,0.6527203,0,-0.757599;
custom,cuboid,crystal1,0.2,10,10,1,1,0,0,1.0,1.0,-584.9326,457.3535,-21.29609,0.4626347,0.460597,-0.532138,-0.5391185;
custom,statue1,lava1,1,1,1,1,0.06818181,0,0,1.0,1.0,-688.8155,359.0783,-6.784227,-0.007125716,-0.7560396,-0.006168304,-0.6544582;
custom,statue2,crystal1,1,1,1,1,1,0,0,1.0,1.0,-599.1526,360.3251,-16.56434,0.00152361,0.6561252,0.001437042,-0.7546492;
custom,sphere,crystal1,0.1,0.1,0.1,1,0,1,0,1.0,1.0,-607.1321,376.322,-12.7051,0,0.7508752,0,0.6604441;
custom,sphere,crystal1,0.1,0.1,0.1,1,0,1,1,1.0,1.0,-607.8104,376.2797,-18.05443,0,0.7636945,0,0.6455778;
racing,killSphere,0.5,0.5,0.5,-599.9926,366.9646,-16.56282,0,0.7551505,0,0.6555516;
racing,checkpointSphere,0.5,0.5,0.5,-673.2378,362.4998,-10.16533,0,0.6719153,0,-0.7406281;
custom,tube,crystal1,1,6,1,1,1,0,0,1.0,1.0,-641.9297,363.0802,-36.87901,-0.5317503,0.5298968,-0.4679608,0.4663302;
custom,tube,crystal1,1,6,1,1,1,0,0,1.0,1.0,-635.6612,361.8616,10.73891,-0.5286646,0.5308838,-0.467353,0.4693158;
custom,tube,crystal1,1,13,1,1,1,0,0,1.0,1.0,-632.9977,410.0924,34.44161,0,0.9992186,0,-0.03952312;
custom,tube,crystal1,1,13,1,1,1,0,0,1.0,1.0,-646.1413,410.6613,-64.10085,0,0.9991344,0,-0.04159947;
custom,tube,crystal1,1,6,1,1,1,0,0,1.0,1.0,-644.2451,460.6362,-41.44384,-0.452951,0.4609264,0.5348916,-0.5443099;
custom,tube,crystal1,1,6,1,1,1,0,0,1.0,1.0,-636.2952,460.7227,12.22379,-0.05393833,0.712533,-0.6976306,-0.05195136;
custom,tube,crystal1,1,10,1,1,1,0,0,1.0,1.0,-599.005,463.1291,-21.35865,-0.4589312,0.5384341,0.5346882,0.4621466;
custom,tube,crystal1,1,10,1,1,1,0,0,1.0,1.0,-677.0585,463.8641,-9.060799,-0.7042546,0.7053614,0.06098096,-0.05265165;
custom,tube,crystal1,1,10,1,1,1,0,0,1.0,1.0,-639.2343,500.3099,-14.08501,0,0.008264631,0,0.9999658;
custom,cuboid,crystal1,1,1,1,1,1,0,0,1.0,1.0,-639.2576,453.3069,-14.24948,0,-0.05681713,0,-0.9983846;
custom,tube,crystal1,1,10,1,1,1,0,0,1.0,1.0,-630.6989,479.1662,62.37138,-0.366156,0.4832515,0.2895745,-0.7406378;
custom,cuboid,crystal1,0.3,0.3,0.3,1,1,0,0,1.0,1.0,-627.4225,460.8668,32.71423,0,0.6216375,0,-0.7833052;
custom,cuboid,crystal1,0.3,0.3,0.3,1,1,0,0,1.0,1.0,-638.6771,460.3894,33.88456,0,0.6651061,0,-0.746749;
custom,tube,crystal1,1,10,1,1,1,0,0,1.0,1.0,-647.5588,489.6946,-81.57874,-0.269428,0.05577388,0.00376893,0.9613968;
custom,cuboid,crystal1,0.3,0.3,0.3,1,1,0,0,1.0,1.0,-651.8758,460.4346,-62.6272,0,0.6605421,0,-0.750789;
custom,cuboid,crystal1,0.1,10,10,1,1,0,0,1.0,1.0,-740.7397,409.0848,0.04567755,0.00750747,0.997844,0.007822995,-0.06472819;
custom,cuboid,crystal1,0.1,10,10,1,1,0,0,1.0,1.0,-536.5444,410.1433,-26.27317,0,-0.07036287,0,-0.9975215;
custom,tube,crystal1,1,15,1,1,1,0,0,1.0,1.0,-628.9352,326.0288,76.97623,-0.004281726,0.8993228,-0.4315121,-0.07069339;
custom,cylinder,crystal1,0.3,0.3,0.3,1,1,0,0,1.0,1.0,-637.9128,362.3635,32.64597,0,0.6540934,0,0.7564139;
custom,cylinder,crystal1,0.3,0.3,0.3,1,1,0,0,1.0,1.0,-628.6252,363.6041,31.98284,0,0.667077,0,0.7449888;
custom,sphere,crystal1,0.1,0.1,0.1,1,1,0,0,1.0,1.0,-629.5015,365.1391,35.30981,0,0.7051488,0,0.7090594;
custom,sphere,crystal1,0.1,0.1,0.1,1,1,0,0,1.0,1.0,-628.8796,364.437,34.54133,0,0.6799707,0,0.7332393;
custom,sphere,crystal1,0.1,0.1,0.1,1,1,0,0,1.0,1.0,-628.264,363.4768,33.78555,0,0.6799707,0,0.7332393;
custom,sphere,crystal1,0.1,0.1,0.1,1,1,0,0,1.0,1.0,-628.2671,365.3572,33.86556,0,0.6799707,0,0.7332393;
custom,sphere,crystal1,0.1,0.1,0.1,1,1,0,0,1.0,1.0,-637.2261,364.8365,35.65769,0,0.4623792,0,-0.8866823;
custom,tube,crystal1,1,15,1,1,1,0,0,1.0,1.0,-649.0223,326.5493,-97.82599,-0.9283282,0.01655172,0.04163502,0.3690521;
custom,cuboid,crystal1,0.5,0.5,0.5,1,1,0,0,1.0,1.0,-651.5215,363.4967,-58.95624,0,0.604468,0,-0.7966294;
custom,cuboid,crystal1,0.5,0.5,0.5,1,1,0,0,1.0,1.0,-639.1013,363.2942,-59.46741,0,0.6654915,0,-0.7464055;
custom,tube,crystal1,1,10,1,1,1,0,0,1.0,1.0,-534.2837,462.4035,-30.03777,0.6247197,0.5720217,0.3408854,-0.4078156;
custom,tube,crystal1,1,10,1,1,1,0,0,1.0,1.0,-743.9457,461.7081,0.5198935,-0.5230276,0.5589105,0.5055133,0.3981427;
custom,tube,crystal1,1,10,1,1,1,0,0,1.0,1.0,-648.2166,530.365,-130.3968,0.5706322,0.01385521,0.009629623,-0.8210323;
custom,arc90,crystal1,1,1,1,1,1,0,0,1.0,1.0,-573.5988,259.1271,116.4667,-0.5212103,0.5493801,0.4906718,-0.431002;
custom,tube,crystal1,1,10,1,1,1,0,0,1.0,1.0,-601.088,252.7399,134.2823,-0.3277621,0.5672532,0.6856095,0.3173885;
racing,checkpointSphere,1,1,1,-286.1,275.5573,-16.19972,0,0.08066367,0,0.9967414;
custom,tube,crystal1,1,10,1,1,1,0,0,1.0,1.0,-631.5865,250.0015,119.8803,-0.6529003,0.0529282,-0.1351866,0.7434005;
custom,tube,crystal1,1,10,1,1,1,0,0,1.0,1.0,-616.5036,243.8992,191.5469,0.1152871,0.6324996,0.7284201,-0.236764;
custom,tube,crystal1,1,10,1,1,1,0,0,1.0,1.0,-658.9258,245.8992,189.212,-0.2303188,0.6685456,0.6685458,0.2303187;
custom,tube,crystal1,1,10,1,1,1,0,0,1.0,1.0,-671.169,244.6551,144.6212,-0.5949455,0.391861,0.4086289,0.5705324;
custom,cuboid,crystal1,1,1,1,1,1,0,0,1.0,1.0,-633.9491,254.1019,158.6524,0,0.6817371,0,0.7315973;
custom,cuboid,crystal1,1,1,1,1,1,0,0,1.0,1.0,-634.5223,236.6198,158.917,0,0.464029,0,-0.88582;
custom,tube,crystal1,1,10,1,1,1,0,0,1.0,1.0,-603.7338,231.2043,59.06477,-0.4499165,0.3769434,-0.1621299,-0.793223;
custom,tube,crystal1,1,10,1,1,1,0,0,1.0,1.0,-550.3616,211.3413,40.51433,0.487851,0.5451815,0.5087574,-0.4538111;
custom,cuboid,crystal1,0.2,0.2,0.2,1,1,0,0,1.0,1.0,-585.7214,207.8395,39.98653,0,0.8942395,0,-0.4475889;
custom,cuboid,crystal1,0.2,0.2,0.2,1,1,0,0,1.0,1.0,-584.9186,206.8389,38.60953,0,0.6851953,0,-0.7283595;
custom,arc90,crystal1,1,1,1,1,1,0,0,1.0,1.0,-626.4445,257.0942,80.82473,0.04821863,0.5254242,-0.8132511,0.2454123;
custom,arc90,crystal1,1,1,1,1,1,0,0,1.0,1.0,-626.738,252.4796,78.98158,-0.6464201,0.1109776,-0.09888578,-0.7483628;
custom,arc90,crystal1,1,1,1,1,1,0,0,1.0,1.0,-629.0222,255.2713,82.19323,-0.4256454,0.3914048,-0.5834508,0.5702749;
custom,sphere,crystal1,0.1,0.1,0.1,1,1,0,0,1.0,1.0,-636.4088,241.3067,153.4593,0,0.9981194,0,-0.06129954;
custom,sphere,crystal1,0.1,0.1,0.1,1,1,0,0,1.0,1.0,-637.3608,240.8668,153.9051,0,0.9981194,0,-0.06129954;
custom,sphere,crystal1,0.1,0.1,0.1,1,1,0,0,1.0,1.0,-637.5516,241.2841,153.0282,0,0.9262705,0,-0.3768594;
custom,cuboid,crystal1,0.3,0.3,0.3,1,1,0,0,1.0,1.0,-627.4791,242.4989,159.783,0,0.5745494,0,0.8184699;
custom,tube,crystal1,1,10,1,1,1,0,0,1.0,1.0,-485.5364,211.1034,15.48114,-0.6730029,0.2947041,-0.242419,-0.6336006;
custom,tube,crystal1,1,10,1,1,1,0,0,1.0,1.0,-508.8137,211.5611,76.77091,0.03125785,0.708486,0.702082,-0.06443088;
custom,tube,crystal1,1,10,1,1,1,0,0,1.0,1.0,-563.3926,272.6429,-159.2141,-0.5858604,0.3889384,0.3848017,0.5978481;
custom,tube,crystal1,1,10,1,1,1,0,0,1.0,1.0,-505.5495,269.1371,-170.6675,-0.6261596,0.2922391,-0.2734725,-0.6691287;
custom,tube,crystal1,1,10,1,1,1,0,0,1.0,1.0,-630.5986,275.3096,-160.3533,0.5091102,-0.3416381,0.446623,0.6516274;
custom,tube,crystal1,1,1,1,1,1,0,0,1.0,1.0,-655.3223,281.8888,-138.6283,0.2806053,0.5387335,-0.2671501,0.7481028;
custom,tube,crystal1,1,1,1,1,1,0,0,1.0,1.0,-660.5273,280.3932,-143.728,-0.4209118,0.5751698,0.5382346,0.4497961;
custom,tube,crystal1,1,10,1,1,1,0,0,1.0,1.0,-598.4102,233.1151,-177.4972,0,0.4162292,0,0.9092597;
custom,tube,crystal1,1,10,1,1,1,0,0,1.0,1.0,-598.5585,309.7596,-177.2426,0,0.07360549,0,0.9972875;
custom,tube,crystal1,1,10,1,1,1,0,0,1.0,1.0,-631.9182,275.3531,-196.8603,-0.5768484,0.3958915,0.3445593,0.6259351;
custom,tube,crystal1,1,10,1,1,1,0,0,1.0,1.0,-579.7177,276.5451,-215.0694,-0.1309059,0.661302,0.7139469,0.1892704;
custom,tube,crystal1,1,10,1,1,1,0,0,1.0,1.0,-588.2189,248.435,-214.1463,0.4740675,-0.008065512,0.1900764,0.8596894;
custom,cuboid,crystal1,0.3,0.3,0.3,1,1,0,0,1.0,1.0,-592.6497,271.7494,-178.8553,0,0.5111715,0,0.8594787;
custom,cuboid,crystal1,0.3,0.3,0.3,1,1,0,0,1.0,1.0,-591.3191,273.9496,-178.9533,0,0.4264408,0,0.9045155;
custom,tube,crystal1,1,1,1,1,1,0,0,1.0,1.0,-664.0516,279.5835,-143.3772,-0.4302321,0.5862274,0.5317486,0.4341444;
custom,arc90,crystal1,1,1,1,1,1,0,0,1.0,1.0,-656.7034,278.4587,-136.6558,-0.7961701,0.2654543,0.1274862,0.5285779;
custom,arc90,crystal1,1,1,1,1,1,0,0,1.0,1.0,-656.4299,276.5514,-142.2516,0.3910435,0.6729198,0.6125558,0.1379835;
custom,tube,crystal1,1,1,1,1,1,0,0,1.0,1.0,-665.2283,278.7317,-144.3068,-0.4330082,0.5256292,0.5061321,0.5291958;
custom,tube,crystal1,1,1,1,1,1,0,0,1.0,1.0,-669.3185,278.0732,-146.6151,-0.5259531,0.4719688,0.4670519,0.5314898;
custom,cuboid,crystal1,0.1,0.1,0.1,1,1,0,0,1.0,1.0,-657.7891,283.4663,-144.9458,0,0.6444153,0,-0.7646757;
custom,tube,crystal1,1,10,1,1,1,0,0,1.0,1.0,-617.0513,265.3575,-134.0323,0.04804833,0.0206016,-0.4966667,-0.8663655;
custom,tube,crystal1,1,10,1,1,1,0,0,1.0,1.0,-639.708,309.3728,-162.642,-0.2206908,0.5051418,-0.3340284,0.7645603;
custom,cuboid,crystal1,0.1,0.1,0.1,1,1,0,0,1.0,1.0,-661.2571,277.262,-137.6614,0,0.7322953,0,0.6809872;
custom,arc90,crystal1,1,1,1,1,1,0,0,1.0,1.0,-667.9696,278.6633,-141.0558,-0.6366299,0.5623714,-0.3067372,0.4293637;
custom,arc90,crystal1,1,1,1,1,1,0,0,1.0,1.0,-672.1872,274.6563,-144.408,0.6254799,0.6670212,0.382585,0.1322363;
custom,tube,crystal1,1,10,1,1,1,0,0,1.0,1.0,-704.8251,277.5251,-152.8225,-0.5446621,0.4532328,0.4585443,0.5363397;
custom,tube,crystal1,1,10,1,1,1,0,0,1.0,1.0,-567.0823,229.4569,-103.9365,-0.06806028,0.7386226,-0.5033184,-0.4432552;
custom,tube,crystal1,1,10,1,1,1,0,0,1.0,1.0,-565.2559,250.0597,-157.1904,0.6429935,0.2363952,0.2187512,-0.6948559;
custom,tube,crystal1,1,10,1,1,1,0,0,1.0,1.0,-684.7329,278.3851,-242.758,-0.675592,0.206062,0.2164538,0.6739894;
custom,tube,crystal1,1,10,1,1,1,0,0,1.0,1.0,-687.7203,287.7973,-193.0351,-0.2324194,0.743084,0.5398822,0.3198978;
custom,cuboid,crystal1,0.3,0.3,0.3,1,1,0,0,1.0,1.0,-674.7461,276.9538,-140.1767,0,0.9880177,0,0.1543405;
custom,cuboid,crystal1,0.3,0.3,0.3,1,1,0,0,1.0,1.0,-652.6647,274.807,-142.1429,0,0.9481506,0,-0.3178213;
custom,cuboid,crystal1,0.3,0.3,0.3,1,1,0,0,1.0,1.0,-652.0297,275.6071,-142.668,0,0.9748733,0,-0.2227601;
custom,cuboid,crystal1,0.3,0.3,0.3,1,1,0,0,1.0,1.0,-650.8897,277.0072,-141.6857,0,0.9748733,0,-0.2227601;
custom,sphere,crystal1,0.3,0.3,0.3,1,1,0,0,1.0,1.0,-655.5259,276.2455,-143.725,0,0.5664837,0,-0.824073;
custom,tube,crystal1,1,10,1,1,1,0,0,1.0,1.0,-622.2962,500.7985,127.3912,0.08471145,0.7167117,0.6918068,-0.02349021;
custom,tube,crystal1,1,10,1,1,1,0,0,1.0,1.0,-625.7807,535.3658,87.0299,-0.04327771,0.6348204,-0.05247018,0.7696604;
custom,tube,crystal1,1,10,1,1,1,0,0,1.0,1.0,-581.9111,503.2178,179.0059,-0.3936226,0.5781908,-0.6092858,-0.3735338;
custom,tube,crystal1,1,10,1,1,1,0,0,1.0,1.0,-639.2429,495.2221,193.287,0.2105579,0.7214383,-0.6142067,0.2407119;
custom,tube,crystal1,1,10,1,1,1,0,0,1.0,1.0,-549.1343,543.4196,193.5874,0,0.8435337,0,-0.5370762;
custom,tube,crystal1,1,10,1,1,1,0,0,1.0,1.0,-548.991,463.0718,193.6493,0,0.7759601,0,-0.630782;
custom,tube,crystal1,1,10,1,1,1,0,0,1.0,1.0,-551.5304,502.6957,154.5612,-0.7278975,0.0371024,0.03951004,0.6835406;
custom,tube,crystal1,1,10,1,1,1,0,0,1.0,1.0,-557.168,502.4763,234.0915,0.06409901,0.7178629,-0.6873334,0.09020521;
custom,tube,crystal1,1,10,1,1,1,0,0,1.0,1.0,-508.4677,502.5492,190.0057,-0.5047311,0.4935925,-0.4710281,-0.5289097;
custom,tube,crystal1,1,10,1,1,1,0,0,1.0,1.0,-749.2466,298.2715,-184.3729,0.6798914,0.7055144,0.1514207,0.1306482;
custom,tube,crystal1,1,10,1,1,1,0,0,1.0,1.0,-724.6663,307.3651,-132.3899,0.1646186,0.6070509,-0.7742209,0.07051189;
custom,plane,crystal1,1.1,0.1,1.1,1,1,0,0,1.0,1.0,-646.2494,359.7523,-66.02579,0,0.9934667,0,-0.1141228;
custom,tube,crystal1,1,10,1,1,1,0,0,1.0,1.0,-711.2156,336.9653,-168.6988,0,0.5018626,0,0.8649473;
custom,cuboid,crystal1,0.3,0.3,0.3,1,1,0,0,1.0,1.0,-707.0716,301.1985,-167.1096,0,0.9149948,0,-0.4034657;
custom,cuboid,crystal1,0.3,0.3,0.3,1,1,0,0,1.0,1.0,-707.7186,302.6734,-165.9481,0,0.9451909,0,0.3265183;
custom,tube,crystal1,1,10,1,1,1,0,0,1.0,1.0,-608.6645,225.346,-264.2939,0.5721342,0.3598251,-0.3073196,0.6698829;
custom,tube,crystal1,1,10,1,1,1,0,0,1.0,1.0,-546.0421,221.8478,-261.4091,-0.5326295,0.3684784,-0.2943355,-0.7027776;
custom,cuboid,crystal1,0.3,0.3,0.3,1,1,0,0,1.0,1.0,-577.7982,226.9435,-240.4225,0,0.3273687,0,0.9448967;
custom,cuboid,crystal1,0.1,10,10,1,1,0,0,1.0,1.0,-576.2894,279.1227,-341.5818,0,-0.2611941,0,0.9652864;
custom,cuboid,crystal1,0.1,10,10,1,1,0,0,1.0,1.0,-644.7596,279.0165,-323.107,0,0.5046562,0,0.8633205;
custom,cuboid,crystal1,0.1,10,10,1,1,0,0,1.0,1.0,-594.8278,279.3038,-409.1631,0,0.5015234,0,0.8651441;
custom,cuboid,crystal1,0.1,10,10,1,1,0,0,1.0,1.0,-619.9741,229.797,-366.4516,-0.3533953,0.3558709,-0.6096076,0.6138781;
custom,cuboid,crystal1,0.1,10,10,1,1,0,0,1.0,1.0,-619.918,329.0344,-365.9564,0.6820995,0.6854345,0.1797141,0.1806176;
custom,tube,crystal1,1,10,1,1,1,0,0,1.0,1.0,-663.6036,213.0936,-305.2159,0.5748423,0.3276631,-0.2691455,0.6998243;
custom,tube,crystal1,1,10,1,1,1,0,0,1.0,1.0,-675.4886,216.7201,-361.4292,0.4243578,0.3783326,0.6728282,0.4733785;
custom,tube,crystal1,1,10,1,1,1,0,0,1.0,1.0,-720.3342,184.9601,-321.3101,0.2671827,0.6321544,-0.3766831,0.6221768;
custom,pyramid,crystal1,0.1,0.1,0.1,1,1,0,0,1.0,1.0,-692.4964,211.183,-325.5647,-0.9302953,-0.05044843,0.3633056,0.003821433;
custom,tube,crystal1,1,1,1,1,1,0,0,1.0,1.0,-662.6932,230.1721,-395.3831,0.2651384,0.488501,-0.1587236,0.8160119;
custom,tube,crystal1,1,10,1,1,1,0,0,1.0,1.0,-678.3704,206.0278,-423.5133,0.4875162,0.1923131,-0.111032,0.8444025;
custom,cuboid,crystal1,0.1,0.1,0.1,1,1,0,0,1.0,1.0,-668.4821,228.4929,-393.6823,0,0.7679573,0,-0.6405011;
custom,cuboid,crystal1,0.1,10,5,1,1,0,0,1.0,1.0,-675.6891,279.2393,-369.9026,0,0.9708368,0,0.2397413;
custom,cuboid,crystal1,0.1,10,5,1,1,0,0,1.0,1.0,-651.0311,287.6282,-411.9738,0,0.9588327,0,0.2839715;
custom,cuboid,crystal1,1,1,1,1,1,0,0,1.0,1.0,-634.6686,235.0939,-428.2213,0,0.8677702,0,-0.4969658;
custom,cuboid,crystal1,1,1,1,1,1,0,0,1.0,1.0,-639.0853,234.946,-420.8306,0,0.9554034,0,0.295304;
custom,cuboid,crystal1,1,1,1,1,1,0,0,1.0,1.0,-644.7563,234.7458,-412.7108,0,0.9506471,0,0.3102744;
custom,cuboid,crystal1,1,1,1,1,1,0,0,1.0,1.0,-650.5173,234.6283,-404.8348,0,0.8916164,0,-0.4527916;
custom,cuboid,crystal1,1,1,1,1,1,0,0,1.0,1.0,-655.3329,234.6578,-398.2206,0,0.8860286,0,-0.4636306;
custom,tower5,crystal1,1,1,1,1,1,0,0,1.0,1.0,-609.6306,230.1247,-362.2229,0,0.519042,0,0.8547488;
custom,pillar1,crystal1,1,1,1,1,1,0,0,1.0,1.0,-589.5841,229.8434,-385.7483,0,0.5290627,0,0.8485827;
custom,pillar1,crystal1,1,1,1,1,1,0,0,1.0,1.0,-624.2476,229.6435,-336.8325,0,0.5290627,0,0.8485827;
racing,killSphere,1,1,1,-624.7621,295.987,-336.2057,0,0.3655488,0,0.9307922;
racing,killSphere,1,1,1,-589.4747,296.1422,-384.7442,0,0.4666191,0,0.8844584;
custom,statue1,crystal1,1,1,1,1,1,0,1,1.0,1.0,-628.3502,229.7531,-373.138,0,0.8646842,0,-0.5023161;
racing,checkpointSphere,1,1,1,-646.1125,236.1814,-381.8437,0,0.5122395,0,0.8588427;
custom,tube,crystal1,1,10,1,1,1,0,0,1.0,1.0,-729.626,181.5251,-456.8683,0.4828978,0.5029491,-0.4160757,0.5837234;
custom,tube,crystal1,1,10,1,1,1,0,0,1.0,1.0,-670.4786,190.9488,-477.8801,0.6376058,0.2565611,0.2384113,-0.6861453;
custom,cuboid,crystal1,0.3,0.3,0.3,1,1,0,0,1.0,1.0,-691.7993,184.092,-449.4008,0,0.612399,0,-0.7905489;
custom,tube,crystal1,1,10,1,1,1,0,0,1.0,1.0,-799.1003,261.1686,-209.0255,0.2277619,0.4534528,-0.1291443,0.8519548;
custom,tube,crystal1,1,10,1,1,1,0,0,1.0,1.0,-790.639,331.1122,-204.6828,-0.1426922,0.9082756,-0.05540538,0.3893645;
custom,tube,crystal1,1,10,1,1,1,0,0,1.0,1.0,-803.0727,297.0139,-160.8044,0.1642312,0.6907421,-0.6840289,0.1673561;
custom,tube,crystal1,1,10,1,1,1,0,0,1.0,1.0,-767.1741,284.3974,-234.1952,-0.6025153,0.1739299,-0.1217641,-0.7693486;
custom,sphere,crystal1,1,1,1,1,1,0,0,1.0,1.0,-792.0966,295.052,-200.4991,0,0.8168086,0,-0.5769088;
racing,killCuboid,0.1,12,12,-646.2763,286.4271,-315.6995,0,0.8534557,0,-0.5211655;
custom,tube,crystal1,1,10,1,1,1,0,0,1.0,1.0,-545.2066,278.889,-277.5719,-0.6873061,0.1732386,-0.2022201,-0.6758001;
racing,killCuboid,1,1,1,-765.2491,176.3492,-461.8021,0,0.6540309,0,0.7564678;
racing,killCuboid,1,1,1,-746.984,164.8008,-316.4324,0,0.7500666,0,0.6613623;
racing,killCuboid,1,1,1,-645.8617,193.5999,-506.9443,0,0.3515153,0,-0.9361822;
custom,cuboid,crystal1,1,1,1,1,1,0,0,1.0,1.0,-661.5369,240.6262,-394.2729,0,0.5404809,0,0.8413563;
racing,killCuboid,1,1,1,-520.2906,213.5095,-278.4485,0,0.43895,0,-0.8985115;
racing,killCuboid,0.1,12,12,-572.744,285.6439,-338.4738,0,0.9658477,0,0.2591104;
racing,killCuboid,0.1,12,12,-592.0657,281.7364,-410.1543,0,0.5042313,0,0.8635687;
racing,killCuboid,0.1,12,12,-617.1044,334.6986,-360.5551,0.3659521,0.3613819,0.6102151,0.6025942;
racing,killCuboid,0.1,12,12,-612.042,228.8916,-349.1582,0.61989,0.6220573,-0.3376259,-0.3388066;
racing,killCuboid,0.1,12,12,-665.5966,299.2118,-389.9409,0,-0.2651783,0,0.9641994;
custom,cuboid,crystal1,1,1,1,1,1,0,0,1.0,1.0,-654.4984,219.6269,-392.1234,-0.1696401,0.3664575,0.06653384,0.9124168;
custom,tube,crystal1,1,15,1,1,1,0,0,1.0,1.0,-579.2163,281.2233,138.0807,0.4288162,0.5147974,0.6636728,-0.3326238;
custom,tube,crystal1,1,15,1,1,1,0,0,1.0,1.0,-670.8552,281.9836,151.9407,0.2784275,0.6915302,-0.5769792,0.3337052;
custom,cuboid,crystal1,0.3,0.3,0.3,1,1,0,0,1.0,1.0,-625.6619,287.8875,115.0449,-0.1703286,0.2342923,-0.04173387,-0.9562184;
custom,tube,crystal1,1,10,1,1,1,0,0,1.0,1.0,-506.758,171.9623,123.2011,0.08334061,0.7671632,-0.06868919,-0.6322949;
custom,tube,crystal1,1,10.3,1,1,1,0,0,1.0,1.0,-516.6236,236.8264,135.2701,-0.2887371,0.8304008,0.2142445,-0.4256345;
custom,tube,crystal1,1,10,1,1,1,0,0,1.0,1.0,-468.3298,214.9356,131.8419,-0.3864346,0.5516126,-0.6541901,-0.3441326;
custom,cuboid,crystal1,0.3,0.3,0.3,1,1,0,0,1.0,1.0,-499.0957,207.242,111.643,0,0.9700792,0,-0.2427885;
custom,tube,crystal1,1,10,1,1,1,0,0,1.0,1.0,-509.9817,274.5754,187.9538,0.1756163,0.7517186,0.5958051,-0.2215726;
custom,cuboid,crystal1,0.3,0.3,0.3,1,1,0,0,1.0,1.0,-525.9964,269.6619,156.6977,0,0.5423618,0,-0.8401451;
custom,cuboid,crystal1,0.3,0.3,0.3,1,1,0,0,1.0,1.0,-530.4365,261.666,162.3094,-0.4526242,0.8284143,-0.07269359,0.3218334;
custom,tube,crystal1,1,10,1,1,1,0,0,1.0,1.0,-592.1262,196.6005,-219.5506,-0.7128691,0.06703376,-0.06878804,-0.6946887;
custom,tube,crystal1,1,10,1,1,1,0,0,1.0,1.0,-604.8226,194.0916,-136.7735,0.06143171,0.7191718,-0.6910081,0.03906183;
custom,cuboid,crystal1,0.3,0.3,0.3,1,1,0,1,1.0,1.0,-364.7248,272.9546,-60.48306,0,0.6953058,0,-0.7187141;
custom,cuboid,crystal1,0.3,0.3,0.3,1,1,0,1,1.0,1.0,-361.2024,273.2721,-60.62826,0,0.6905239,0,-0.7233097;
custom,tube,crystal1,1,10,1,1,1,0,0,1.0,1.0,-558.6498,190.6465,-171.3675,-0.4356238,0.5752124,-0.5017427,-0.4770921;
custom,tube,crystal1,1,10,1,1,1,0,0,1.0,1.0,-640.4675,197.348,-187.0311,0.5565522,0.4402269,-0.4565055,0.5367056;
custom,cuboid,crystal1,1,1,1,1,1,0,0,1.0,1.0,-600.3927,187.1727,-179.9626,0.03064304,0.998489,0.006902502,-0.04509123;
racing,killCuboid,0.1,5,1,-677.0399,234.4048,-368.9161,-0.6961012,0.171809,-0.1697677,-0.6760945;
racing,killCuboid,0.1,5,1,-646.6966,234.2655,-422.6012,0.2098719,0.6827414,-0.6760548,0.1810194;
racing,killPlane,1,1,1,-667.3599,241.8099,-397.352,-0.5774201,0.4059126,0.4016839,0.583499;
custom,tube,crystal1,1,10,1,1,1,0,0,1.0,1.0,-760.834,250.8349,-293.3137,0.4172415,0.1214973,-0.05639714,0.8988701;
custom,tube,crystal1,1,10,1,1,1,0,0,1.0,1.0,-719.3179,289.9526,-274.0497,-0.6560835,0.3268734,-0.4964851,-0.4649847;
custom,tube,crystal1,1,10,1,1,1,0,0,1.0,1.0,-738.4619,394.0657,-158.0273,0.1267605,0.09734219,0.4741385,0.8658228;
custom,arc90,crystal1,1,1,1,1,1,0,0,1.0,1.0,-709.1495,376.0341,-171.1687,0,-0.5964558,0,0.8026459;
custom,arc90,crystal1,1,1,1,1,1,0,0,1.0,1.0,-709.5734,376.2998,-166.402,0,0.9987389,0,-0.05020631;
custom,arc90,crystal1,1,1,1,1,1,0,0,1.0,1.0,-709.1478,377.6713,-169.3388,-0.3982442,0.743372,-0.1053127,-0.5269811;
custom,cannon1,crystal1,1,1,1,1,1,0,1,1.0,1.0,-651.4466,228.7133,-349.3212,0,0.9716634,0,-0.2363691;
custom,cannon1,crystal1,1,1,1,1,1,0,1,1.0,1.0,-621.1982,230.8431,-403.9619,0,0.6607569,0,-0.7506;
custom,tube,crystal1,1,10,1,1,1,0,0,1.0,1.0,-451.8743,504.17,156.5102,-0.6743116,0.1252819,-0.2958615,-0.6648867;
custom,tube,crystal1,1,10,1,1,1,0,0,1.0,1.0,-452.3532,508.9066,218.155,-0.2437203,0.5978115,-0.7377093,-0.1975017;
custom,tube,crystal1,1,10,1,1,1,0,0,1.0,1.0,-473.8528,460.0584,186.613,-0.01009119,0.963603,0.002797507,-0.2671323;
custom,tube,crystal1,1,10,1,1,1,0,0,1.0,1.0,-762.3536,277.1356,-129.7435,-0.1550103,0.6636345,0.6885023,0.2480434;
custom,tube,crystal1,1,10,1,1,1,0,0,1.0,1.0,-759.7636,265.1225,-189.4561,0.5778642,0.2223253,-0.1489926,0.771003;
custom,cuboid,crystal1,0.3,0.3,0.3,1,1,0,0,1.0,1.0,-742.7403,282.391,-158.2786,0,0.1403646,0,0.9900999;
custom,tube,crystal1,1,10,1,1,1,0,0,1.0,1.0,-791.3196,415.7879,-119.8174,-0.2253889,0.6792241,0.6461323,0.2652691;
custom,tube,crystal1,1,10,1,1,1,0,0,1.0,1.0,-777.2229,436.9875,-173.1184,-0.4410266,0.2550921,0.02852148,0.8600059;
custom,cuboid,crystal1,0.3,0.3,0.3,1,1,0,0,1.0,1.0,-771.7144,410.8888,-149.0101,0,0.8954994,0,-0.4450627;
custom,cuboid,crystal1,0.3,0.3,0.3,1,1,0,0,1.0,1.0,-765.9189,418.8102,-144.784,0.07156025,0.8059089,0.2627087,-0.525713;
custom,tube,crystal1,1,10,1,1,1,0,0,1.0,1.0,-735.288,213.7982,-54.99049,0.4575698,0.536355,-0.5534756,0.4434162;
custom,tube,crystal1,1,10,1,1,1,0,0,1.0,1.0,-692.5084,211.1953,-100.9939,-0.6939743,0.02629855,-0.08576579,-0.7143895;
custom,cuboid,crystal1,0.3,0.3,0.3,1,1,0,0,1.0,1.0,-698.4731,207.0005,-62.40291,0,0.7397504,0,-0.6728813;
custom,cuboid,crystal1,0.3,0.3,0.3,1,1,0,0,1.0,1.0,-697.7851,218.8419,-63.75784,0,0.7835413,0,-0.6213397;
custom,tube,crystal1,1,10,1,1,1,0,0,1.0,1.0,-668.2047,545.7672,-196.9125,0.6991075,0.2198506,-0.2004019,0.650195;
custom,tube,crystal1,1,10,1,1,1,0,0,1.0,1.0,-610.6387,550.6381,-171.4405,-0.6410946,0.4568209,-0.4380363,-0.4340929;
custom,cuboid,crystal1,0.1,10,10,1,1,0,0,1.0,1.0,-513.7242,607.3669,-149.2375,0,0.9986364,0,-0.05220657;
custom,cuboid,crystal1,0.1,10,20,1,1,0,0,1.0,1.0,-607.7589,608.2561,-90.98592,0,0.7404171,0,0.6721478;
custom,cuboid,crystal1,0.1,10,20,1,1,0,0,1.0,1.0,-616.7034,607.9268,-189.0403,0,0.7315407,0,0.6817978;
custom,cuboid,crystal1,0.1,10,20,1,1,0,0,1.0,1.0,-609.9143,653.449,-141.7671,0.5199883,0.5229006,0.4762557,0.4789235;
custom,cuboid,crystal1,0.1,11,11,1,1,0,0,1.0,1.0,-701.8973,602.1431,-132.5714,0,0.9998688,0,-0.01620137;
custom,cuboid,crystal1,0.1,11,11,1,1,0,0,1.0,1.0,-519.4622,559.672,-152.0569,0.5149198,0.5258189,0.4736945,0.4837207;
custom,cuboid,crystal1,0.1,5,10,1,1,0,0,1.0,1.0,-620.1917,561.0317,-113.3635,0.5311133,0.5350246,0.4552756,0.4736997;
custom,cuboid,crystal1,0.1,5,10,1,1,0,0,1.0,1.0,-623.2032,560.3572,-136.89,0.5438156,0.5453364,0.4504091,0.4516686;
custom,cuboid,crystal1,0.1,5,11,1,1,0,0,1.0,1.0,-676.2302,562.0671,-138.7233,-0.6948981,0.7185923,0.01882637,-0.01968119;
custom,cuboid,crystal1,0.1,3,3,1,1,0,0,1.0,1.0,-638.5577,561.3012,-173.6773,0.530903,0.5340626,0.4680302,0.4624576;
custom,cuboid,crystal1,0.1,3,3,1,1,0,0,1.0,1.0,-619.433,560.5628,-176.3916,-0.7112882,0.698981,0.05287114,-0.05195633;
custom,cuboid,crystal1,1,1,1,1,1,0,0,1.0,1.0,-582.4998,560.1537,-187.1075,0,0.7601842,0,0.6497077;
custom,cuboid,crystal1,1,1,1,1,1,0,0,1.0,1.0,-592.3018,560.3954,-185.9788,0,0.7581394,0,0.6520925;
custom,cuboid,crystal1,1,1,1,1,1,0,0,1.0,1.0,-601.7715,560.5525,-184.2261,0,0.7579118,0,0.652357;
custom,cuboid,crystal1,0.3,0.3,0.3,1,1,0,0,1.0,1.0,-601.7353,560.2429,-166.7618,0,0.7674469,0,0.6411125;
custom,cuboid,crystal1,0.3,0.3,0.3,1,1,0,0,1.0,1.0,-598.1216,560.8024,-167.5105,0,0.7652044,0,0.6437874;
custom,cuboid,crystal1,0.3,0.3,0.3,1,1,0,0,1.0,1.0,-595.1926,560.4241,-168.0086,0,0.6481472,0,-0.7615151;
custom,cuboid,crystal1,0.3,0.3,0.3,1,1,0,0,1.0,1.0,-592.2297,560.1449,-168.2857,0,0.6481472,0,-0.7615151;
custom,cuboid,crystal1,0.3,0.3,0.3,1,1,0,0,1.0,1.0,-604.9745,559.444,-179.0529,0,0.6295038,0,-0.7769974;
custom,cuboid,crystal1,0.3,0.3,0.3,1,1,0,0,1.0,1.0,-602.2083,559.0469,-178.8406,0,0.6273316,0,-0.7787523;
custom,cuboid,crystal1,0.3,0.3,0.3,1,1,0,0,1.0,1.0,-599.3276,558.7629,-179.067,0,0.6370679,0,-0.7708077;
custom,cuboid,crystal1,0.3,0.3,0.3,1,1,0,0,1.0,1.0,-596.9537,558.7305,-179.6625,0,0.6373369,0,-0.7705853;
custom,cuboid,crystal1,0.3,0.3,0.3,1,1,0,0,1.0,1.0,-595.2047,556.9714,-180.9502,0,0.6397547,0,-0.7685792;
custom,cuboid,crystal1,0.3,0.3,0.3,1,1,0,0,1.0,1.0,-604.9769,559.1891,-176.6508,0,0.9916962,0,-0.1286025;
custom,cuboid,crystal1,0.3,0.3,0.3,1,1,0,0,1.0,1.0,-602.7433,558.2855,-178.69,0,0.9926229,0,-0.1212425;
custom,cuboid,crystal1,0.3,0.3,0.3,1,1,0,0,1.0,1.0,-592.066,556.8928,-181.9364,0,0.6325685,0,-0.7745044;
custom,cuboid,crystal1,0.3,0.3,0.3,1,1,0,0,1.0,1.0,-589.1411,556.6129,-182.4288,0,0.6325685,0,-0.7745045;
custom,cuboid,crystal1,0.3,0.3,0.3,1,1,0,0,1.0,1.0,-589.2268,558.9036,-168.6322,0,-0.08855586,0,-0.9960712;
custom,cuboid,crystal1,0.3,0.3,0.3,1,1,0,0,1.0,1.0,-603.1525,558.9071,-167.8615,0,0.6543606,0,-0.7561827;
custom,cuboid,crystal1,0.3,0.3,0.3,1,1,0,0,1.0,1.0,-600.7709,559.7086,-168.4893,0,0.6424022,0,-0.7663677;
custom,cuboid,crystal1,0.3,0.3,0.3,1,1,0,0,1.0,1.0,-597.9818,560.4401,-169.2393,0,0.6609354,0,-0.7504429;
custom,cuboid,crystal1,0.3,0.3,0.3,1,1,0,0,1.0,1.0,-594.91,560.9731,-170.1344,0,0.6649725,0,-0.7468679;
custom,cuboid,crystal1,0.3,0.3,0.3,1,1,0,0,1.0,1.0,-586.1251,558.965,-168.5902,0,0.1209718,0,0.992656;
custom,cuboid,crystal1,0.3,0.3,0.3,1,1,0,0,1.0,1.0,-583.0499,557.5842,-168.8437,0,0.124355,0,0.9922378;
custom,cuboid,crystal1,0.3,0.3,0.3,1,1,0,0,1.0,1.0,-580.1024,559.1843,-169.4775,0,0.1554605,0,0.9878421;
custom,elevator1,crystal1,1,1,1,1,1,0,0,1.0,1.0,-534.2337,633.6849,-180.7511,0,0.6536539,0,-0.7567937;
custom,dummy1,crystal1,1,1,1,1,1,0,0,1.0,1.0,-554.5494,560.4856,-121.3177,0,0.8932082,0,-0.4496434;
custom,spike1,crystal1,1,1,1,1,1,0,0,1.0,1.0,-687.7902,560.7434,-164.7961,0,0.9212323,0,-0.3890129;
custom,statue1,crystal1,1,1,1,1,0,1,1,1.0,1.0,-675.7064,561.5354,-116.3716,0,-0.7490544,0,-0.6625085;
racing,checkpointSphere,1,1,1,-659.4131,565.4929,-119.6398,0,0.670316,0,-0.7420758;
custom,statue2,crystal1,1,1,1,1,1,1,0,1.0,1.0,-638.0007,561.711,-174.6491,0,-0.08459892,0,-0.9964151;
racing,killSphere,0.5,0.5,0.5,-637.6005,569.6932,-172.5246,0,0.995353,0,-0.09629391;
customb,tree0,crystal1,0.5,0.5,0.5,1,1,0,1,1.0,1.0,-615.5288,597.3329,-134.2527,0,0.5224407,0,-0.8526756;
custom,tube,crystal1,1,10,1,1,1,0,0,1.0,1.0,-566.3071,244.1086,244.3,-0.3542764,0.5902705,-0.6500652,-0.3216895;
custom,tube,crystal1,1,10,1,1,1,0,0,1.0,1.0,-623.3781,239.0253,250.9302,0.2454429,0.6715928,-0.6517287,0.2529241;
custom,tube,crystal1,1,10,1,1,1,0,0,1.0,1.0,-677.1115,187.7596,-164.1891,0.4287322,0.04217938,0.1598743,0.8881721;
custom,tube,crystal1,1,10,1,1,1,0,0,1.0,1.0,-685.9967,243.3869,-147.1535,-0.1281207,0.5259268,-0.1024074,0.8345651;
custom,tube,crystal1,1,10,1,1,1,0,0,1.0,1.0,-511.9991,585.068,188.2901,-0.03364886,0.06669881,-0.6988537,0.7113526;
custom,tube,crystal1,1,10,1,1,1,0,0,1.0,1.0,-555.0934,577.4059,152.104,0.6800711,0.07116522,-0.06384984,0.7268852;
custom,tube,crystal1,1,10,1,1,1,0,0,1.0,1.0,-587.0389,583.5022,200.6875,0.4539268,0.5403693,-0.5579485,0.4366292;
custom,tube,crystal1,1,10,1,1,1,0,0,1.0,1.0,-541.0665,581.673,234.9837,-0.05447114,0.6939077,-0.7160577,-0.0527862;
custom,tube,crystal1,1,10,1,1,1,0,0,1.0,1.0,-547.5698,620.1337,192.508,0,0.9950191,0,-0.09968486;
custom,tube,crystal1,1,10,1,1,1,0,0,1.0,1.0,-512.0823,559.5003,183.9527,-0.3529323,0.4768056,-0.3828607,-0.7081758;
custom,tube,crystal1,1,10,1,1,1,0,0,1.0,1.0,-505.802,571.2361,187.0473,-0.5355672,0.4676546,-0.402923,-0.5762986;
custom,cuboid,crystal1,0.4,0.4,0.4,1,1,0,0,1.0,1.0,-544.6001,574.1678,200.3152,0,0.5515751,0,-0.8341252;
custom,cuboid,crystal1,0.4,0.4,0.4,1,1,0,0,1.0,1.0,-544.9765,570.7159,199.9935,-0.01457777,0.5964847,0.01960663,-0.8022525;
custom,cuboid,crystal1,0.1,0.1,0.1,1,1,0,0,1.0,1.0,-547.0731,573.6996,187.6203,0,0.6994825,0,-0.7146497;
custom,tube,crystal1,1,10,1,1,1,0,0,1.0,1.0,-448.6598,563.1351,150.0653,-0.6362191,0.2863868,-0.1897765,-0.6907915;
custom,tube,crystal1,1,10,1,1,1,0,0,1.0,1.0,-453.9208,569.6866,210.7796,-0.1144117,0.6399795,-0.7269937,-0.2209444;
custom,cuboid,crystal1,0.5,0.5,0.5,1,1,0,0,1.0,1.0,-432.9285,560.9573,133.1839,0,0.9424425,0,0.3343684;
custom,cuboid,crystal1,0.5,0.5,0.5,1,1,0,0,1.0,1.0,-433.6481,558.7216,132.5455,0,0.9379801,0,0.3466892;
custom,cuboid,crystal1,0.5,0.5,0.5,1,1,0,0,1.0,1.0,-433.9914,562.5322,131.8293,0,0.9438717,0,0.3303123;
custom,cuboid,crystal1,0.5,0.5,0.5,1,1,0,0,1.0,1.0,-433.5463,561.8245,132.5894,0,0.9356698,0,0.3528768;
custom,cuboid,crystal1,0.5,0.5,0.5,1,1,0,0,1.0,1.0,-434.444,561.8411,131.7728,0,0.9348868,0,0.3549461;
custom,cuboid,crystal1,0.5,0.5,0.5,1,1,0,0,1.0,1.0,-437.4983,561.8411,133.0472,0,0.9348868,0,0.3549461;
custom,cuboid,crystal1,0.5,0.5,0.5,1,1,0,0,1.0,1.0,-438.9544,559.1626,136.5779,0,0.9348868,0,0.3549461;
custom,cuboid,crystal1,0.5,0.5,0.5,1,1,0,0,1.0,1.0,-437.6839,561.8303,134.8572,0,0.940096,0,0.34091;
custom,cuboid,crystal1,0.5,0.5,0.5,1,1,0,0,1.0,1.0,-435.48,562.5865,137.0988,0,0.927606,0,0.3735601;
custom,cuboid,crystal1,0.5,0.5,0.5,1,1,0,0,1.0,1.0,-438.69,562.8013,137.0918,0,0.9422864,0,0.3348081;
custom,cuboid,crystal1,0.5,0.5,0.5,1,1,0,0,1.0,1.0,-440.046,559.6238,142.5349,0,0.9339168,0,0.3574905;
custom,cuboid,crystal1,0.5,0.5,0.5,1,1,0,0,1.0,1.0,-440.4202,564.5693,138.9302,0,0.9407421,0,0.3391228;
custom,cuboid,crystal1,0.5,0.5,0.5,1,1,0,0,1.0,1.0,-442.0438,564.7495,141.3795,0,0.9392117,0,0.3433387;
custom,tube,crystal1,1,10,1,1,1,0,0,1.0,1.0,-406.1266,556.511,93.1245,-0.6505278,0.2157499,-0.2004868,-0.7000505;
custom,tube,crystal1,5,1,5,1,1,0,0,1.0,1.0,-391.5684,522.5311,74.46941,0,0.2842032,0,-0.9587641;
custom,tube,crystal1,5,1,5,1,1,0,0,1.0,1.0,-372.5026,547.0242,88.60302,0.1901022,0.1881215,-0.6849073,-0.677771;
custom,tube,crystal1,5,1,5,1,1,0,0,1.0,1.0,-415.9681,546.7381,66.08912,0.2012154,0.2007943,-0.6786454,-0.6772256;
custom,tube,crystal1,5,1,5,1,1,0,0,1.0,1.0,-382.3247,545.6151,54.18648,-0.6975553,0.1396696,-0.143592,-0.687961;
custom,tube,crystal1,5,10,5,1,1,0,0,1.0,1.0,-394.5647,607.3282,76.41077,0,0.5604865,0,0.8281636;
custom,tube,crystal1,5,10,5,1,1,0,0,1.0,1.0,-366.1324,546.5199,23.75582,-0.6847159,0.1696636,-0.1684597,-0.6884763;
custom,tube,crystal1,5,10,5,1,1,0,0,1.0,1.0,-343.3039,544.1818,104.9937,-0.3443798,0.6300051,-0.5916142,-0.3667273;
custom,tube,crystal1,5,10,5,1,1,0,0,1.0,1.0,-444.1542,544.9532,46.26442,0.6204196,0.3398258,-0.3333182,0.6232952;
custom,tube,crystal1,5,10,5,1,1,0,0,1.0,1.0,-395.6092,487.7943,74.58753,0,0.2577011,0,-0.9662247;
custom,cuboid,crystal1,4,4,4,1,1,0,0,1.0,1.0,-359.942,547.7198,13.76295,0,0.2155188,0,-0.9764997;
custom,cuboid,crystal1,4,4,4,1,1,0,0,1.0,1.0,-454.4546,545.168,41.39146,0,0.491287,0,0.8709977;
custom,cuboid,crystal1,4,4,4,1,1,0,0,1.0,1.0,-331.2726,543.6839,111.0415,0,0.8589636,0,-0.5120367;
custom,cuboid,crystal1,4,4,4,1,1,0,0,1.0,1.0,-395.5179,624.1752,75.6036,0,0.9715402,0,0.2368748;
custom,cuboid,crystal1,4,4,4,1,1,0,0,1.0,1.0,-394.7884,474.5952,74.7721,0,0.3345653,0,0.9423726;
custom,capsule,crystal1,3,3,3,1,1,0,0,1.0,1.0,-421.7554,551.2635,81.18253,0,0.9391985,0,0.3433748;
custom,capsule,crystal1,3,3,3,1,1,0,0,1.0,1.0,-389.9246,555.3495,102.9209,0,0.973547,0,0.2284867;
custom,cuboid,crystal1,2,2,2,1,1,0,0,1.0,1.0,-407.0226,535.4754,99.53601,0,0.2732411,0,-0.9619456;
custom,cuboid,crystal1,2,2,2,1,1,0,0,1.0,1.0,-412.1987,570.9089,100.4315,0,0.263165,0,-0.9647509;
custom,cuboid,crystal1,2,2,2,1,1,0,0,1.0,1.0,-408.6637,540.5745,98.62139,0,0.2963081,0,-0.9550924;
custom,cuboid,crystal1,0.3,0.3,0.3,1,1,0,0,1.0,1.0,-398.591,551.0567,92.04352,0,0.329501,0,-0.9441552;
custom,cuboid,crystal1,0.3,0.3,0.3,1,1,0,0,1.0,1.0,-408.4325,550.4996,88.36436,0,0.2354194,0,-0.9718939;
custom,cuboid,crystal1,1,1,1,1,1,0,0,1.0,1.0,-368.9595,568.7112,70.04617,0,0.6707144,0,-0.7417158;
custom,cuboid,crystal1,1,1,1,1,1,0,0,1.0,1.0,-403.8493,570.5759,52.62019,-0.01735277,0.1004617,-0.1693234,0.9802734;
custom,plane,lava1,4.4,4.4,4.4,0,1,1,1,1.0,1.0,-394.8991,524.2805,75.07839,0,0.2784654,0,-0.9604463;
racing,killPlane,4.4,4.4,4.4,-391.9046,524.4083,76.64973,0,0.8368803,0,-0.5473861;
custom,tube,crystal1,1,10,1,1,1,0,0,1.0,1.0,-399.3071,575.6523,241.1044,-0.5184007,0.4809567,-0.5175711,-0.4817277;
custom,tube,crystal1,1,10,1,1,1,0,0,1.0,1.0,-455.4632,570.8868,273.5053,0.169307,0.6965495,-0.6750038,0.1747112;
custom,tube,crystal1,1,10,1,1,1,0,0,1.0,1.0,-478.4832,537.1606,322.1789,-0.03926269,0.8353238,-0.2568947,0.4844562;
custom,tube,crystal1,1,10,1,1,1,0,0,1.0,1.0,-478.0824,601.8749,316.1309,-0.05305409,0.9467024,0.2133487,0.2354194;
custom,tube,crystal1,1,10,1,1,1,0,0,1.0,1.0,-332.8903,582.4345,221.4115,-0.6547779,0.3335051,-0.3568621,-0.5767927;
custom,tube,crystal1,1,10,1,1,1,0,0,1.0,1.0,-353.2271,575.3853,277.6547,-0.1088641,0.7196915,-0.6758354,-0.1159285;
custom,cuboid,crystal1,1,1,1,1,1,0,0,1.0,1.0,-365.4338,569.376,243.9813,0.02941485,0.495107,-0.05149779,-0.8668056;
custom,cuboid,crystal1,1,1,1,1,1,0,0,1.0,1.0,-365.4602,587.6983,240.9798,0,0.5894832,0,-0.8077806;
custom,tube,crystal1,1,10,1,1,1,0,0,1.0,1.0,-278.57,561.8641,188.1781,-0.3811987,0.4537401,-0.2054739,-0.7788376;
custom,tube,crystal1,1,10,1,1,1,0,0,1.0,1.0,-297.9704,621.0906,200.1385,0.08911352,0.9149416,-0.002500644,-0.3936172;
racing,killCuboid,1,1,1,-292.9155,653.9533,197.4765,0.06032654,0.6492673,0.05178263,-0.7563936;
racing,killCuboid,1,1,1,-257.4873,541.5303,175.318,0,0.4504411,0,-0.8928062;
racing,killCuboid,1,1,1,-485.7895,633.5906,330.1191,0,0.9751874,0,0.2213813;
racing,killCuboid,1,1,1,-483.7762,510.0892,336.516,0.08048766,0.9190862,-0.2869678,0.2577825;
racing,checkpointSphere,1,1,1,-375.1125,533.1821,40.2312,0,0.9770284,0,0.213109;
custom,cuboid,crystal1,0.3,0.3,0.3,1,1,0,0,1.0,1.0,-403.79,551.6894,99.30832,0,0.9768654,0,0.2138551;
custom,cuboid,crystal1,0.3,0.3,0.3,1,1,0,0,1.0,1.0,-403.1597,550.1402,96.03618,0,0.9693413,0,0.2457185;
custom,cuboid,crystal1,0.3,0.3,0.3,1,1,0,0,1.0,1.0,-411.9493,551.1745,92.8043,0,0.930571,0,0.3661114;
custom,tube,crystal1,1,10,1,1,1,0,0,1.0,1.0,-481.2019,529.7004,142.502,0.5397057,0.2375911,0.1728224,0.7889238;
custom,tube,crystal1,1,10,1,1,1,0,0,1.0,1.0,-453.0575,545.0421,201.2584,-0.307923,0.6210356,-0.6599497,-0.2897665;
custom,cuboid,crystal1,0.3,0.3,0.3,1,1,0,0,1.0,1.0,-483.889,537.4732,179.3925,0.06658226,0.9222663,-0.1842871,0.3332117;
racing,killCuboid,0.1,5,5,-349.5312,544.3828,-7.542892,0,-0.4890754,0,-0.8722416;
racing,killCuboid,0.1,5,5,-471.2753,542.3242,24.0984,0,0.9579681,0,0.2868747;
racing,killCuboid,0.1,5,5,-311.5204,545.8848,123.6561,0,0.2726541,0,-0.9621121;
racing,killCuboid,0.1,5,5,-395.6468,644.9642,77.07337,0.7061379,0.7061379,0.0370042,0.0370042;
racing,killCuboid,0.1,5,5,-395.0707,453.3582,72.31139,0.006214015,0.006144992,-0.7110176,-0.70312;
racing,killCuboid,0.1,5,5,-446.4378,554.1255,86.22651,0,0.880911,0,-0.473282;
racing,killCuboid,0.1,5,5,-385.6699,553.7493,126.5541,0,0.4801811,0,0.8771694;
racing,killCuboid,1,1,1,-480.5682,515.718,113.437,0,-0.01556449,0,0.9998789;
racing,killCuboid,1,1,1,-427.7727,546.7517,220.8874,0.6408614,0.6640823,-0.248146,-0.2944739;
custom,tube,crystal1,1,10,1,1,1,0,0,1.0,1.0,-510.982,205.9108,-76.85686,-0.4399364,0.558897,-0.4723046,-0.5205945;
custom,tube,crystal1,1,10,1,1,1,0,0,1.0,1.0,-567.2424,199.3194,-48.45806,0.1759325,0.7903966,-0.5540951,0.1931311;
custom,cuboid,crystal1,0.3,0.3,0.3,1,1,0,0,1.0,1.0,-549.2262,208.4035,-81.84549,0,0.2771794,0,0.9608182;
custom,cuboid,crystal1,0.3,0.3,0.3,1,1,0,0,1.0,1.0,-548.4222,217.2229,-77.01637,0,0.2094799,0,0.9778129;
custom,tube,crystal1,1,10,1,1,1,0,0,1.0,1.0,-501.4532,188.8668,-136.7431,-0.2361434,0.6498731,-0.6857853,-0.2271561;
custom,cuboid,crystal1,1,1,1,1,1,0,0,1.0,1.0,-521.564,181.2091,-172.6618,0,0.9730186,0,-0.2307267;
custom,cuboid,crystal1,1,1,1,1,1,0,0,1.0,1.0,-520.7393,192.8589,-173.0675,0,0.7728855,0,0.6345456;
custom,tube,crystal1,1,10,1,1,1,0,0,1.0,1.0,-465.5353,217.3944,-91.63698,0.1175703,0.8812448,0.3471316,-0.2984701;
custom,tube,crystal1,1,10,1,1,1,0,0,1.0,1.0,-471.0506,156.8795,-98.77386,-0.07012013,0.9208397,-0.1957306,-0.3298894;
custom,tube,crystal1,1,10,1,1,1,0,0,1.0,1.0,-439.5715,197.66,-84.88898,-0.5460099,0.4357588,-0.416005,-0.5821747;
custom,tube,crystal1,1,10,1,1,1,0,0,1.0,1.0,-469.3842,192.8558,-38.36509,-0.06060771,0.7670224,-0.6345362,-0.07326214;
custom,cuboid,crystal1,1,1,1,1,1,0,0,1.0,1.0,-475.6684,209.6427,-73.48064,0,0.08635584,0,0.9962644;
custom,cuboid,crystal1,1,1,1,1,1,0,0,1.0,1.0,-479.2936,191.0307,-74.99104,0,0.5902826,0,-0.8071967;
custom,tube,crystal1,1,10,1,1,1,0,0,1.0,1.0,-450.6859,124.3677,-49.02285,-0.09834628,0.6954224,-0.7052022,-0.09698257;
custom,tube,crystal1,1,10,1,1,1,0,0,1.0,1.0,-499.7166,119.2058,-103.1453,0.5522385,0.4278616,-0.37006,0.612391;
custom,tube,crystal1,1,10,1,1,1,0,0,1.0,1.0,-426.5267,121.6612,-102.6678,-0.5670515,0.4083652,-0.3834804,-0.6038488;
custom,cuboid,crystal1,0.3,0.3,0.3,1,1,0,0,1.0,1.0,-463.2157,120.1122,-86.62627,0,0.4435537,0,-0.8962478;
custom,cuboid,crystal1,0.3,0.3,0.3,1,1,0,0,1.0,1.0,-465.935,122.7938,-84.68542,0,0.4415976,0,-0.8972132;
custom,cuboid,crystal1,0.3,0.3,0.3,1,1,0,0,1.0,1.0,-466.66,125.3537,-84.12785,0,0.4415976,0,-0.8972132;
custom,tube,crystal1,1,10,1,1,1,0,0,1.0,1.0,-311.7748,199.5872,-130.6677,-0.6414441,0.2847674,-0.2735958,-0.6577252;
custom,tube,crystal1,1,10,1,1,1,0,0,1.0,1.0,-370.1628,197.6488,-97.56545,-0.5694666,0.4985594,-0.4502647,-0.4737172;
custom,tube,crystal1,1,10,1,1,1,0,0,1.0,1.0,-302.3334,204.801,-83.92408,-0.449443,0.5498652,-0.5991347,-0.3697118;
custom,tube,crystal1,1,10,1,1,1,0,0,1.0,1.0,-458.7525,115.0049,15.28602,0.2002877,0.7812079,-0.5820633,0.1039298;
custom,tube,crystal1,1,10,1,1,1,0,0,1.0,1.0,-405.2925,133.3581,-6.689755,-0.4899006,0.4946789,-0.6164017,-0.3678848;
custom,tube,crystal1,1,10,1,1,1,0,0,1.0,1.0,-469.2175,108.528,83.88669,-0.04865271,0.6838702,-0.7268807,-0.03998748;
custom,tube,crystal1,1,10,1,1,1,0,0,1.0,1.0,-509.8318,96.6571,39.28695,0.4650761,0.5137566,-0.397076,0.6017384;
custom,cuboid,crystal1,0.3,0.3,0.3,1,1,0,0,1.0,1.0,-470.7303,101.9869,45.73951,-0.2099532,0.6073453,0.1707171,0.7469318;
custom,cuboid,crystal1,0.3,0.3,0.3,1,1,0,0,1.0,1.0,-474.496,112.1402,46.18336,0,0.7459428,0,0.66601;
custom,tube,crystal1,1,10,1,1,1,0,0,1.0,1.0,-339.3983,140.1538,8.872611,-0.4385874,0.5607211,-0.5406949,-0.4481987;
custom,tube,crystal1,1,10,1,1,1,0,0,1.0,1.0,-271.1077,138.9711,-0.3718591,-0.597023,0.378898,-0.3788979,-0.597023;
custom,tube,crystal1,1,10,1,1,1,0,0,1.0,1.0,-302.2372,140.4848,55.0178,-0.03773269,0.6874226,-0.7243924,-0.03580697;
custom,cuboid,crystal1,0.3,0.3,0.3,1,1,0,0,1.0,1.0,-304.8036,144.848,16.20745,0,0.5733093,0,0.819339;
custom,tube,crystal1,1,10,1,1,1,0,0,1.0,1.0,-306.038,170.8371,-104.8929,-0.2925672,0.6346364,-0.2825585,-0.6571163;
custom,tube,crystal1,1,10,1,1,1,0,0,1.0,1.0,-360.0751,194.6926,-62.36915,0.1859141,0.6960936,-0.6502838,0.2408748;
custom,tube,crystal1,1,10,1,1,1,0,0,1.0,1.0,-371.7404,204.6579,-126.0613,0.6600673,0.3276133,-0.3645436,0.5692878;
custom,cuboid,crystal1,0.3,1,0.3,1,1,0,0,1.0,1.0,-339.1671,191.5721,-95.14337,0,0.8437073,0,-0.5368035;
custom,cuboid,crystal1,0.3,0.3,0.3,1,1,0,0,1.0,1.0,-335.8118,204.323,-101.218,0,0.7456059,0,0.6663872;
custom,cuboid,crystal1,0.3,0.3,0.3,1,1,0,0,1.0,1.0,-336.429,194.565,-92.60815,0,0.9549066,0,0.2969064;
custom,cuboid,crystal1,0.3,0.3,0.3,1,1,0,0,1.0,1.0,-338.8257,205.5089,-104.3696,0,0.635501,0,0.7721;
custom,cuboid,crystal1,0.3,0.3,0.3,1,1,0,0,1.0,1.0,-337.7187,193.1902,-104.3561,0.2741887,0.626997,-0.2921575,-0.6680863;
custom,cuboid,crystal1,0.3,0.3,0.3,1,1,0,0,1.0,1.0,-338.2236,192.819,-106.5528,0,0.7215592,0,-0.6923528;
custom,cuboid,crystal1,0.3,0.3,0.3,1,1,0,0,1.0,1.0,-337.5746,192.771,-103.0266,-0.1108498,0.5598325,0.1594971,-0.8055188;
custom,tube,crystal1,1,10,1,1,1,0,0,1.0,1.0,-280.2602,199.4466,-191.3975,-0.7100519,0.06018348,-0.06902196,-0.6981693;
custom,tube,crystal1,1,10,1,1,1,0,0,1.0,1.0,-254.6494,205.2258,-132.522,-0.3189823,0.5425875,-0.7013849,-0.3345271;
custom,cuboid,crystal1,0.3,0.3,0.3,1,1,0,0,1.0,1.0,-286.0259,193.2775,-153.6797,0,0.4254661,0,0.9049743;
custom,tube,crystal1,1,10,1,1,1,0,0,1.0,1.0,-232.4999,211.214,-84.1779,-0.5748404,0.4060062,-0.4450891,-0.5537267;
custom,tube,crystal1,1,10,1,1,1,0,0,1.0,1.0,-264.1986,211.8153,-35.39658,-0.06050474,0.6772219,-0.7314725,-0.05155334;
custom,cuboid,crystal1,0.3,0.3,0.3,1,1,0,0,1.0,1.0,-269.9188,214.9004,-74.45183,0,0.9964891,0,-0.08372263;
custom,cuboid,crystal1,0.3,0.3,0.3,1,1,0,0,1.0,1.0,-268.4672,204.8606,-72.83833,0,0.5007558,0,0.8655886;
custom,tube,crystal1,1,10,1,1,1,0,0,1.0,1.0,-248.0376,144.4614,-124.8954,-0.5778912,0.3790908,-0.3449461,-0.6350939;
custom,tube,crystal1,1,10,1,1,1,0,0,1.0,1.0,-287.1546,113.9112,-90.99975,0.111495,0.9513419,-0.1881952,-0.2170255;
custom,tube,crystal1,1,10,1,1,1,0,0,1.0,1.0,-652.1911,241.6115,314.2653,0.06801806,0.6737949,-0.7346437,0.04089839;
custom,tube,crystal1,1,10,1,1,1,0,0,1.0,1.0,-681.5912,239.6784,261.4517,0.6075546,0.3779375,-0.3962246,0.5753668;
custom,cuboid,crystal1,0.3,0.3,0.3,1,1,0,0,1.0,1.0,-646.118,232.1146,277.3379,0,0.5172687,0,0.8558231;
custom,tube,crystal1,1,10,1,1,1,0,0,1.0,1.0,-718.0314,237.9637,229.54,0.3915812,0.6337407,-0.501757,0.4396326;
custom,tube,crystal1,1,10,1,1,1,0,0,1.0,1.0,-660.2861,257.8232,250.3578,-0.2470706,0.5520297,-0.7767816,-0.1755841;
custom,cuboid,crystal1,0.3,0.3,0.3,1,1,0,0,1.0,1.0,-680.7123,240.0618,220.9838,0,0.08481995,0,-0.9963963;
custom,tube,crystal1,1,10,1,1,1,0,0,1.0,1.0,-688.7335,284.8304,218.5964,-0.08118235,0.9790704,0.01542202,-0.1859917;
custom,cuboid,crystal1,0.3,0.3,0.3,1,1,0,0,1.0,1.0,-686.9823,249.8355,213.3387,0,0.984244,0,-0.1768157;
custom,cuboid,crystal1,0.3,0.3,0.3,1,1,0,0,1.0,1.0,-685.1546,250.5753,213.0258,-0.07403065,0.9201141,0.03084373,-0.3833514;
custom,cuboid,crystal1,0.3,0.3,0.3,1,1,0,0,1.0,1.0,-684.1072,250.2793,211.2783,0,0.8709373,0,-0.4913941;
custom,tube,crystal1,1,10,1,1,1,0,0,1.0,1.0,-717.3542,331.8044,247.7562,-0.217621,0.7340212,0.581778,0.2745695;
custom,tube,crystal1,1,10,1,1,1,0,0,1.0,1.0,-674.3271,338.7682,199.931,-0.2191595,0.3142519,-0.4600134,0.801001;
custom,cuboid,crystal1,0.3,0.3,0.3,1,1,0,0,1.0,1.0,-690.4403,322.1682,227.0049,0,0.932128,0,-0.362129;
custom,cuboid,crystal1,0.3,0.3,0.3,1,1,0,0,1.0,1.0,-700.1094,322.5384,218.4892,0,0.5498236,0,0.8352808;
racing,killCuboid,1,1,1,-653.6155,356.6773,177.7395,0,0.3567154,0,-0.9342132;
custom,cuboid,crystal1,0.1,11,11,1,1,0,0,1.0,1.0,-735.9498,395.299,278.6928,0,0.9140805,0,-0.4055327;
custom,cuboid,crystal1,0.1,11,11,1,1,0,0,1.0,1.0,-730.8583,395.2747,350.6171,0,0.9349518,0,0.3547746;
custom,cuboid,crystal1,0.1,11,11,1,1,0,0,1.0,1.0,-807.6605,395.3306,282.2022,0,0.9301901,0,0.367078;
custom,cuboid,crystal1,0.1,11,11,1,1,0,0,1.0,1.0,-803.7676,395.7694,355.2037,0,0.4167622,0,0.9090155;
custom,cuboid,crystal1,0.1,11,11,1,1,0,0,1.0,1.0,-770.019,446.6359,317.5793,0.253237,0.2518266,-0.6623169,-0.658628;
custom,cuboid,crystal1,0.1,11,11,1,1,0,0,1.0,1.0,-778.2522,343.3958,330.4662,-0.6594444,0.6710555,-0.2375014,0.2416833;
custom,cuboid,crystal1,1.5,1.5,1.5,1,1,0,0,1.0,1.0,-707.9572,349.8517,313.5241,0,0.414522,0,0.9100393;
custom,cuboid,crystal1,1.5,1.5,1.5,1,1,0,0,1.0,1.0,-718.059,349.9821,304.3775,0,0.4145212,0,0.9100397;
custom,cuboid,crystal1,1.5,1.5,1.5,1,1,0,0,1.0,1.0,-728.5306,350.0214,294.9134,0,0.4077583,0,0.9130899;
custom,cuboid,crystal1,1.5,1.5,1.5,1,1,0,0,1.0,1.0,-737.2579,350.0063,286.5724,0,0.4097468,0,0.9121993;
custom,cuboid,crystal1,1.5,1.5,1.5,1,1,0,0,1.0,1.0,-772.7103,348.2983,256.0323,0,0.9059947,0,-0.4232893;
custom,cuboid,crystal1,1.5,1.5,1.5,1,1,0,0,1.0,1.0,-761.3369,348.2984,265.6591,0,0.9122459,0,-0.4096433;
custom,cuboid,crystal1,1.5,1.5,1.5,1,1,0,0,1.0,1.0,-754.2223,337.8651,271.5693,0,0.9309726,0,0.3650892;
custom,cuboid,crystal1,1.5,1.5,1.5,1,1,0,0,1.0,1.0,-751.1628,337.7372,283.2917,0,0.9389852,0,0.3439575;
custom,cuboid,crystal1,1.5,1.5,1.5,1,1,0,0,1.0,1.0,-745.8577,328.4916,281.5728,0,0.4055036,0,0.9140934;
custom,cuboid,crystal1,1.5,1.5,1.5,1,1,0,0,1.0,1.0,-738.0534,338.4128,287.5564,0,0.4055037,0,0.9140934;
custom,cuboid,crystal1,1.5,1.5,1.5,1,1,0,0,1.0,1.0,-752.9294,331.8973,270.0329,0,0.9243975,0,-0.3814306;
racing,killCuboid,0.1,12,12,-728.7026,395.4013,353.0459,0,0.364618,0,-0.9311572;
racing,killCuboid,0.1,12,12,-806.7437,393.4758,361.9571,0,0.4290818,0,0.9032657;
racing,killCuboid,0.1,12,12,-812.111,390.9565,283.124,0,-0.3708847,0,0.9286789;
racing,killCuboid,0.1,12,12,-762.624,449.4861,322.2252,-0.2776431,0.2784193,-0.6492443,0.6510598;
racing,killCuboid,0.1,12,12,-730.3969,413.9678,275.8348,0,-0.4036432,0,-0.9149165;
racing,killCuboid,0.1,12,12,-785.4557,334.8468,323.8254,0.6388708,0.638871,-0.3030578,-0.3030577;
racing,killCuboid,0.1,5,5,-761.9719,342.1092,253.3531,0,-0.4051944,0,-0.9142306;
racing,killCuboid,0.1,5,5,-715.9097,341.5539,294.3332,0,-0.4087008,0,-0.9126684;
racing,killCuboid,0.1,5,1,-752.0186,326.9498,292.7423,0.6404536,-0.2843119,-0.3071729,-0.6439184;
custom,statue1,brick1,1,1,1,1,1,0,0,1.0,1.0,-778.8766,342.4212,321.0954,0,-0.9415078,0,-0.3369913;
custom,spike1,lava1,1,1,1,0,1,0,0,1.0,1.0,-751.0963,343.2077,365.9621,0,-0.2453376,0,-0.9694377;
custom,tower2,lava1,0.5,0.5,0.5,0,1,0,0,1.0,1.0,-784.5921,336.9484,326.1506,0,0.3153802,0,-0.9489654;
custom,house2,crystal1,0.5,0.5,0.5,1,1,0,0,1.0,1.0,-831.2662,343.9054,320.9758,0,-0.3455612,0,0.9383962;
racing,killSphere,0.5,0.5,0.5,-791.4884,417.6189,335.4249,0,0.3727289,0,-0.9279402;
racing,checkpointSphere,0.5,0.5,0.5,-834.0308,349.2658,317.4301,0,0.9027421,0,-0.4301823;
custom,cuboid,crystal1,0.5,0.5,0.5,1,1,0,0,1.0,1.0,-824.9963,346.5763,323.6204,0,0.4298544,0,0.9028983;
custom,cuboid,crystal1,0.5,0.5,0.5,1,1,0,0,1.0,1.0,-828.0909,346.5777,327.329,0,0.4240736,0,0.9056278;
custom,tube,crystal1,1,10,1,1,1,0,0,1.0,1.0,-814.9435,415.0415,-53.18959,0.04017468,0.7278751,-0.6822121,-0.05630881;
custom,tube,crystal1,1,10,1,1,1,0,0,1.0,1.0,-850.0571,416.3279,-102.2358,0.5642925,0.4224012,-0.413646,0.5762362;
custom,tube,crystal1,1,10,1,1,1,0,0,1.0,1.0,-918.1268,413.3242,-123.4602,0.5492309,0.4320727,-0.4087301,0.587025;
custom,tube,crystal1,10,10,10,1,1,0,0,1.0,1.0,-983.2374,449.121,-144.9838,-0.5845848,0.411365,0.4216661,0.5578864;
custom,tube,crystal1,10,10,10,1,1,0,0,1.0,1.0,-1050.845,445.9746,-166.9256,-0.6527615,0.5139567,0.2982096,0.4699172;
custom,tube,crystal1,10,10,10,1,1,0,0,1.0,1.0,-1121.015,441.6969,-185.053,-0.1162928,0.1045955,0.6908395,-0.7058872;
custom,cuboid,crystal1,1,10,10,1,1,0,0,1.0,1.0,-1148.007,449.9666,-196.8967,-0.01042417,0.9875263,-0.003387146,0.1570726;
custom,cuboid,crystal1,0.1,6,6,1,1,0,0,1.0,1.0,-1006.209,413.2528,-152.4491,0.5670074,0.5729765,-0.4162531,-0.4206351;
custom,cuboid,crystal1,0.1,6,6,1,1,0,0,1.0,1.0,-1063.55,413.1605,-168.3256,0.4164464,0.4179029,0.5699358,0.571929;
custom,cuboid,crystal1,0.1,6,6,1,1,0,0,1.0,1.0,-1107.242,412.9699,-184.7303,0.5662419,0.5646623,-0.4251665,-0.4239813;
custom,tube,crystal1,1,10,1,1,1,0,0,1.0,1.0,-942.1905,370.3656,-145.4424,0.003533805,0.7926114,0.02658046,-0.6091373;
custom,cuboid,crystal1,0.1,2,2,1,1,0,0,1.0,1.0,-969.3362,409.9843,-139.1614,0.6283619,0.5000198,-0.3084782,-0.5098851;
custom,cuboid,crystal1,0.1,2,2,1,1,0,0,1.0,1.0,-971.488,415.005,-129.7229,0,0.5972511,0,0.8020543;
custom,cuboid,crystal1,0.1,2,2,1,1,0,0,1.0,1.0,-966.8328,413.9734,-145.0825,0,0.5981085,0,0.8014151;
custom,cuboid,crystal1,0.1,2,2,1,1,0,0,1.0,1.0,-957.65,414.9518,-125.6548,0,-0.6045815,0,-0.7965433;
custom,cuboid,crystal1,0.1,2,2,1,1,0,0,1.0,1.0,-948.0248,414.1097,-139.568,0,0.799748,0,-0.600336;
custom,cuboid,crystal1,0.1,4,4,1,1,0,0,1.0,1.0,-952.2885,414.8047,-159.4513,-0.4272235,0.6784192,0.3184921,-0.5057572;
custom,cuboid,crystal1,0.1,4,4,1,1,0,0,1.0,1.0,-966.3614,412.045,-111.7835,-0.2611402,0.5408875,-0.3437926,0.7218401;
custom,cuboid,crystal1,0.1,5,5,1,1,0,0,1.0,1.0,-959.1879,420.5849,-104.4186,0,0.9900723,0,0.1405596;
custom,cuboid,crystal1,0.1,5,5,1,1,0,0,1.0,1.0,-956.0963,465.4711,-115.9165,0,0.9898772,0,0.1419265;
custom,cuboid,crystal1,0.1,5,5,1,1,0,0,1.0,1.0,-945.4456,465.4582,-151.9094,0,-0.1427969,0,0.989752;
custom,cuboid,crystal1,0.1,5,5,1,1,0,0,1.0,1.0,-945.0602,441.7881,-151.3164,0,0.9898325,0,0.1422378;
custom,cuboid,crystal1,2,2,2,1,1,0,0,1.0,1.0,-993.4978,422.2716,-126.6019,0,0.5812064,0,0.8137562;
custom,cuboid,crystal1,2,2,2,1,1,0,0,1.0,1.0,-983.0748,422.9231,-159.7721,0,0.6006296,0,0.7995275;
custom,cuboid,crystal1,1,1,1,1,1,0,0,1.0,1.0,-945.9578,410.0641,-158.7764,0,0.7997367,0,-0.600351;
custom,tube,crystal1,1,1,1,1,1,0,0,1.0,1.0,-946.9183,411.0526,-146.5404,-0.4360877,0.6390229,-0.5342314,-0.3406965;
custom,tube,crystal1,1,1,1,1,1,0,0,1.0,1.0,-942.5363,410.6072,-144.6943,-0.3520924,0.6479076,-0.4776786,-0.4775667;
custom,tube,crystal1,1,1,1,1,1,0,0,1.0,1.0,-940.9772,407.8069,-144.5855,-0.1697053,0.7713314,-0.2302371,-0.568541;
custom,tube,crystal1,1,10,1,1,1,0,0,1.0,1.0,-998.8372,255.5603,-118.0452,0.1113477,0.8583798,-0.4544888,0.2102992;
custom,tube,crystal1,1,10,1,1,1,0,0,1.0,1.0,-910.7202,313.9211,-146.3148,0.004020741,0.007498651,0.4725337,0.8812715;
racing,killCuboid,1,1,1,-814.6127,413.3154,-21.67419,0,0.9977379,0,-0.06722472;
racing,killCuboid,1,1,1,-787.1405,457.7371,-199.8489,0,0.1305866,0,0.9914369;
custom,cuboid,crystal1,0.3,0.3,0.3,1,1,0,0,1.0,1.0,-944.9189,414.2303,-152.8628,-0.1481147,0.7947345,0.08569533,-0.5823362;
custom,cuboid,crystal1,0.3,0.3,0.3,1,1,0,0,1.0,1.0,-946.8503,416.9709,-141.401,0.378749,0.7281896,-0.2635816,-0.5067682;
custom,cuboid,crystal1,0.3,0.3,0.3,1,1,0,0,1.0,1.0,-944.8615,417.4057,-136.7977,0.2452255,0.7556236,-0.1874857,-0.5777079;
custom,cuboid,crystal1,0.3,0.3,0.3,1,1,0,0,1.0,1.0,-949.0852,416.9759,-126.9715,0.2509521,0.7705202,-0.1814533,-0.5571324;
custom,cuboid,crystal1,1,1,1,1,1,0,0,1.0,1.0,-1147.673,417.8986,-165.2604,0,0.1392084,0,-0.9902631;
custom,cuboid,crystal1,1,1,1,1,1,0,0,1.0,1.0,-1144.654,417.982,-174.7171,0,0.1194792,0,-0.9928367;
custom,cuboid,crystal1,1,1,1,1,1,0,0,1.0,1.0,-1136.46,417.993,-180.5584,0,0.7855548,0,-0.6187922;
custom,cuboid,crystal1,1,1,1,1,1,0,0,1.0,1.0,-1133.604,418.1306,-192.3712,0,0.7936312,0,-0.6083992;
custom,cuboid,crystal1,1,1,1,1,1,0,0,1.0,1.0,-1138.868,418.0081,-193.831,0,0.798948,0,-0.6014002;
custom,cuboid,crystal1,1,1,1,1,1,0,0,1.0,1.0,-1134.963,418.227,-203.0254,0,0.8041712,0,-0.5943977;
custom,cuboid,crystal1,1,1,1,1,1,0,0,1.0,1.0,-1132.023,418.2672,-212.5003,0,0.8041712,0,-0.5943977;
custom,cuboid,crystal1,1,1,1,1,1,0,0,1.0,1.0,-1127.025,413.4343,-183.8205,0,0.8041975,0,-0.5943621;
custom,cuboid,crystal1,1,1,1,1,1,0,0,1.0,1.0,-1124.269,414.7241,-182.8909,0,0.7950464,0,-0.6065487;
custom,cuboid,crystal1,1,1,1,1,1,0,0,1.0,1.0,-1127.245,417.9661,-178.3107,0,0.7870809,0,-0.6168498;
custom,cuboid,crystal1,1,1,1,1,1,0,0,1.0,1.0,-1124.604,418.1317,-189.9151,0,0.8016616,0,-0.5977782;
custom,cuboid,crystal1,1,1,1,1,1,0,0,1.0,1.0,-1121.19,418.0114,-183.6412,0,0.8016616,0,-0.5977782;
custom,cuboid,crystal1,1,1,1,1,1,0,0,1.0,1.0,-1131.023,420.0036,-178.2192,0,0.7923159,0,-0.6101111;
custom,cuboid,crystal1,1,1,1,1,1,0,0,1.0,1.0,-1131.403,421.4433,-176.5395,0,0.7901814,0,-0.612873;
custom,cuboid,crystal1,1,1,1,1,1,0,0,1.0,1.0,-1131.815,422.7711,-175.32,0,0.7909877,0,-0.6118321;
custom,cuboid,crystal1,1,1,1,1,1,0,0,1.0,1.0,-1132.137,424.3303,-173.8753,0,0.7884179,0,-0.61514;
custom,cuboid,crystal1,1,1,1,1,1,0,0,1.0,1.0,-1132.307,425.2025,-172.4999,0,0.7791002,0,-0.6268995;
custom,cuboid,crystal1,1,1,1,1,1,0,0,1.0,1.0,-1135.439,426.263,-179.6991,0,0.1377955,0,-0.9904607;
custom,cuboid,crystal1,1,1,1,1,1,0,0,1.0,1.0,-1122.636,426.1241,-177.9272,0,0.1499869,0,-0.9886881;
custom,cuboid,crystal1,1,1,1,1,1,0,0,1.0,1.0,-1119.909,426.2725,-187.557,0,0.123888,0,-0.9922962;
custom,cuboid,crystal1,1,1,1,1,1,0,0,1.0,1.0,-1142.271,426.2271,-181.682,0,0.1543436,0,-0.9880173;
custom,cuboid,crystal1,1,1,1,1,1,0,0,1.0,1.0,-1139.357,426.4398,-191.0552,0,0.1543436,0,-0.9880173;
custom,cuboid,crystal1,1,1,1,1,1,0,0,1.0,1.0,-1129.829,434.4983,-188.4492,0,0.8086208,0,-0.5883301;
custom,cuboid,crystal1,1,1,1,1,1,0,0,1.0,1.0,-1127.18,426.5313,-197.7166,0,0.8001275,0,-0.59983;
custom,cuboid,crystal1,3,6,6,1,1,0,0,1.0,1.0,-1077.506,420.5205,-183.9249,0.574065,0.5756702,-0.4111608,-0.4123106;
custom,cuboid,crystal1,3,5,5,1,1,0,0,1.0,1.0,-1067.638,433.981,-197.3533,0,0.8138675,0,-0.5810505;
custom,cuboid,crystal1,3,5,5,1,1,0,0,1.0,1.0,-1084.882,435.4348,-145.9429,0,0.8097257,0,-0.5868086;
custom,cuboid,crystal1,3,6,6,1,1,0,0,1.0,1.0,-1091.311,452.4153,-179.3525,-0.008639899,0.9900343,-0.001226612,0.1405558;
custom,cuboid,crystal1,3,3,3,1,1,0,0,1.0,1.0,-1086.347,470.8644,-212.9033,0,0.8078335,0,-0.5894108;
custom,cuboid,crystal1,3,3,3,1,1,0,0,1.0,1.0,-1107.622,473.2245,-145.9577,0,0.7786273,0,-0.6274866;
custom,cuboid,crystal1,5,5,5,1,1,0,0,1.0,1.0,-1124.786,455.5996,-208.2971,0,0.986919,0,0.1612166;
racing,killCuboid,1,25,35,-1117.116,438.0607,-124.1541,0,0.8147125,0,-0.5798652;
racing,killCuboid,1,25,35,-1083.635,474.3121,-253.059,0,0.8104288,0,-0.5858371;
racing,killCuboid,1,25,35,-1088.145,516.9994,-193.469,-0.4059544,-0.4244782,-0.5615239,-0.5828467;
racing,killCuboid,1,25,35,-941.369,550.0596,-116.2112,0,0.9822586,0,0.1875313;
custom,tube,crystal1,1,10,1,1,1,0,0,1.0,1.0,-1011.385,215.4558,-209.7048,0,0.877588,0,0.4794157;
custom,tube,crystal1,1,10,1,1,1,0,0,1.0,1.0,-886.5994,258.5116,-173.551,-0.3659131,0.2098242,0.005275288,-0.9066718;
custom,cuboid,crystal1,0.1,5,5,1,1,0,0,1.0,1.0,-876.812,228.6201,-215.9123,0.4278952,0.4369524,0.5535652,0.5652821;
custom,cuboid,crystal1,0.1,5,5,1,1,0,0,1.0,1.0,-899.1713,253.3204,-224.6139,0,0.1313512,0,-0.9913359;
custom,cuboid,crystal1,0.1,5,5,1,1,0,0,1.0,1.0,-870.863,253.759,-238.3717,0,0.7874836,0,-0.6163356;
custom,cuboid,crystal1,0.1,5,5,1,1,0,0,1.0,1.0,-875.8161,276.8763,-217.4016,0.7068352,0.6994716,0.07496708,0.0741861;
custom,cuboid,crystal1,0.1,2,2,1,1,0,0,1.0,1.0,-869.0709,234.7879,-190.5462,0,0.7950369,0,-0.6065611;
custom,cuboid,crystal1,0.1,2,2,1,1,0,0,1.0,1.0,-894.4692,237.5729,-200.1223,0,0.7908062,0,-0.6120667;
racing,killCuboid,0.1,6,6,-901.4608,252.1117,-223.8013,0,0.9939269,0,0.1100424;
racing,killCuboid,0.1,6,6,-848.2703,248.2262,-207.3502,0,0.1360362,0,-0.9907039;
racing,killCuboid,0.1,6,6,-870.1953,248.6259,-241.9991,-0.0002736306,0.7903532,0.000216733,-0.6126514;
racing,killCuboid,0.1,6,6,-875.5334,279.3513,-214.9695,0.6992115,0.6992115,0.1053724,0.1053723;
racing,killCuboid,0.1,6,6,-879.9366,227.381,-215.6498,0.07705688,0.07868792,-0.6954071,-0.7101263;
racing,killCuboid,0.1,6,6,-887.2975,281.8184,-189.5449,0,0.7779711,0,-0.6283001;
racing,killCuboid,0.1,3,3,-903.2018,238.9121,-197.9197,0,0.5631479,0,0.8263562;
racing,killCuboid,0.1,3,3,-861.1683,239.6861,-186.4222,0,0.8253721,0,-0.5645891;
racing,killCuboid,0.1,5,5,-1034.639,359.3318,-131.2009,0,0.08851437,0,-0.996075;
racing,killCuboid,0.1,5,5,-950.5804,405.7857,-92.57105,0,0.9870564,0,0.1603739;
racing,killCuboid,0.1,5,5,-922.5948,403.472,-173.5247,0,0.9894522,0,0.1448598;
racing,killCuboid,0.1,5,5,-945.2706,377.3127,-111.2141,0,0.9964852,0,0.08376995;
custom,statue1,crystal1,1,1,1,1,1,0,1,1.0,1.0,-1018.3,411.6313,-175.6121,0,0.1513802,0,-0.9884756;
custom,statue1,crystal1,1,1,1,1,1,0,1,1.0,1.0,-1029.242,412.3007,-138.2638,0,0.9895059,0,0.1444928;
racing,checkpointSphere,1,1,1,-1025.217,410.8134,-157.13,0,0.5651904,0,0.8249605;
racing,killSphere,1,1,1,-1070.007,446.1191,-169.2421,0,0.8086095,0,-0.5883458;
custom,tube,crystal1,1,10,1,1,1,0,0,1.0,1.0,-997.8798,264.868,-177.3655,0.584441,0.1859476,-0.09154635,0.78452;
custom,tube,crystal1,1,10,1,1,1,0,0,1.0,1.0,-964.5096,305.4185,-145.7537,0.1281344,0.3709284,0.2704517,-0.8791187;
custom,cuboid,wood2,0.1,6,6,1,1,1,0,1.0,1.0,-871.5394,229.1713,-210.034,0.7033941,0.7000991,0.07520145,0.0971748;
custom,cuboid,default,0.1,0.625,6,1,1,0,0,1.0,1.0,-871.8977,274.0551,-238.5537,0,0.7874925,0,-0.6163243;
custom,cuboid,crystal1,0.3,0.3,0.3,1,1,0,0,1.0,1.0,-944.6625,415.5304,-151.6429,0.2996845,0.5780313,0.2010899,0.7318688;
custom,cuboid,crystal1,0.1,0.1,0.1,1,1,0,0,1.0,1.0,-943.4854,415.7038,-157.1423,0,0.6015865,0,0.7988077;
custom,cuboid,crystal1,0.1,0.1,0.1,1,1,0,0,1.0,1.0,-943.4203,416.1831,-156.0832,0,0.6015865,0,0.7988077;
custom,cuboid,crystal1,0.1,0.1,0.1,1,1,0,0,1.0,1.0,-942.7713,416.3832,-157.7694,0,0.6015865,0,0.7988077;
custom,cuboid,crystal1,0.1,0.1,0.1,1,1,0,0,1.0,1.0,-943.459,416.4632,-157.093,0,0.6015865,0,0.7988077;
custom,cuboid,default,0.1,0.625,6,1,1,0.3409091,0,1.0,1.0,-866.2496,267.7823,-237.0927,0,0.7870312,0,-0.6169133;
custom,cuboid,default,0.1,0.625,6,1,1,1,0,1.0,1.0,-867.7475,261.6254,-237.3957,0.00151112,0.7858344,0.001920159,-0.6184322;
custom,cuboid,default,0.1,0.625,6,1,0,1,0,1.0,1.0,-869.6035,255.7138,-237.7229,0,0.616248,0,0.7875522;
custom,cuboid,default,0.1,0.625,6,1,0,1,1,1.0,1.0,-867.8775,249.5092,-237.2941,0,0.7875677,0,-0.6162282;
custom,cuboid,default,0.1,0.625,6,1,0,0,1,1.0,1.0,-870.9528,243.4121,-237.9764,0,0.6176947,0,0.786418;
custom,cuboid,default,0.1,0.625,6,1,0.5454546,0,1,1.0,1.0,-873.2388,237.3255,-238.5156,0,0.6176818,0,0.7864282;
custom,cuboid,default,0.1,0.625,6,1,1,0,1,1.0,1.0,-869.6623,231.1302,-237.8125,0,0.6156759,0,0.7879995;
custom,cuboid,crystal1,0.1,6,6,1,1,0,0,1.0,1.0,-853.6919,247.5917,-205.5008,0,0.99068,0,0.1362102;
custom,house2,wood2,0.75,0.75,0.75,1,0,1,0,1.0,1.0,-892.9515,228.66,-216.2188,0.005024364,-0.6030638,0.005818109,-0.7976559;
custom,cuboid,empty,0.1,0.65,0.30,1,0.4318182,0.7159091,1,1.0,1.0,-900.2772,230.4247,-203.8132,0.09086769,0.0934241,-0.7007121,-0.7014397;
custom,capsule,empty,0.2,0.1,0.1,1,1,0,1,1.0,1.0,-902.579,230.7852,-204.2547,-0.7046379,0.08565811,-0.06813517,-0.7010747;
custom,cuboid,wood2,0.1,6,6,1,1,1,0,1.0,1.0,-854.7217,254.6615,-202.8629,0,-0.1352577,0,0.9908105;
custom,cuboid,wood2,0.1,6,6,1,1,1,0,1.0,1.0,-898.4169,252.4437,-224.3485,-0.0001381527,0.991259,0.001038045,0.131926;
custom,cuboid,wood2,0.1,6,6,1,1,1,0,1.0,1.0,-877.5861,276.6623,-218.9153,0.7044736,0.6985689,0.0888878,0.08841655;
custom,cuboid,crystal1,0.1,6,6,1,1,0,0,1.0,1.0,-881.4344,271.4167,-196.9502,0,0.7864416,0,-0.6176647;
custom,cuboid,wood2,0.1,6,6,1,1,1,0,1.0,1.0,-883.4214,270.5668,-197.8832,0,0.7913504,0,-0.6113629;
custom,cuboid,wood2,0.1,6,6,1,1,1,0,1.0,1.0,-848.6609,210.7185,-188.7566,-0.0002748384,0.7912139,0.0002152011,-0.6115394;
custom,cuboid,wood2,0.1,6,6,1,1,1,0,1.0,1.0,-915.3306,231.2593,-206.5992,0,0.7962822,0,-0.6049254;
custom,elevator1,wood2,1,1,1,1,1,1,0,1.0,1.0,-863.8216,259.092,-202.5702,0,0.9912339,0,0.1321187;
racing,startPlane,2,1,2,-862.1638,262.8592,-200.2671,0,0.5987672,0,0.8009231;
custom,cuboid,crystal1,0.3,0.3,0.3,1,1,0,0,1.0,1.0,-885.7398,230.5,-196.2145,0,0.1228992,0,-0.9924191;
custom,cuboid,crystal1,0.3,0.3,0.3,1,1,0,0,1.0,1.0,-886.9633,232.2398,-196.9942,0,0.6158785,0,-0.7878413;
custom,cuboid,crystal1,0.3,0.3,0.3,1,1,0,0,1.0,1.0,-876.5901,243.5537,-193.7318,0,0.7760459,0,-0.6306764;
custom,cuboid,crystal1,0.3,0.3,0.3,1,1,0,0,1.0,1.0,-874.0682,243.5537,-193.4504,0,0.7760459,0,-0.6306764;
custom,cuboid,crystal1,0.3,0.3,0.3,1,1,0,0,1.0,1.0,-871.3633,243.6337,-192.5995,0,0.7760459,0,-0.6306764;
custom,cuboid,crystal1,0.3,0.3,0.3,1,1,0,0,1.0,1.0,-868.0651,243.9937,-191.8291,0,0.7760459,0,-0.6306764;
custom,cuboid,crystal1,0.3,0.3,0.3,1,1,0,0,1.0,1.0,-865.1906,243.9937,-191.2547,0,0.7774203,0,-0.6289816;
custom,cuboid,crystal1,0.3,0.3,0.3,1,1,0,0,1.0,1.0,-862.2951,243.8958,-190.2922,0,0.6289744,0,0.7774261;
custom,cuboid,crystal1,0.3,0.3,0.3,1,1,0,0,1.0,1.0,-860.1824,243.7758,-189.759,0,0.6289744,0,0.7774261;
custom,cuboid,crystal1,0.3,0.3,0.3,1,1,0,0,1.0,1.0,-878.732,243.9021,-194.7313,0,0.7747447,0,-0.6322742;
custom,cuboid,wood2,0.1,6,6,1,1,1,0,1.0,1.0,-867.3193,253.1135,-215.7896,-0.09340011,-0.09437657,0.7009202,0.7007713;
custom,cuboid,wood2,0.1,6,6,1,1,1,0,1.0,1.0,-898.7651,253.1082,-235.304,-0.7015982,0.6996427,-0.09569301,0.09540965;
custom,tube,crystal1,1,10,1,1,1,0,0,1.0,1.0,-1011.614,292.0087,-209.7341,0,0.7727615,0,0.6346965;
custom,tube,crystal1,1,10,1,1,1,0,0,1.0,1.0,-1021.979,254.4902,-245.8209,0.722401,0.1299651,-0.1413361,0.6642817;
custom,tube,crystal1,1,10,1,1,1,0,0,1.0,1.0,-970.2656,260.3296,-215.945,-0.5819482,0.4086697,-0.4816285,-0.5122104;
custom,tube,crystal1,1,10,1,1,1,0,0,1.0,1.0,-1051.916,254.954,-199.678,0.4434598,0.5488895,-0.5589445,0.4354825;
custom,cuboid,crystal1,0.3,0.3,0.3,1,1,0,0,1.0,1.0,-949.5126,407.4727,-137.9351,0,0.7880567,0,-0.6156027;
custom,cuboid,crystal1,0.3,0.3,0.3,1,1,0,0,1.0,1.0,-953.1368,406.5063,-127.9147,0,0.8819697,0,-0.471306;
custom,tube,crystal1,1,10,1,1,1,0,0,1.0,1.0,-972.2224,230.5576,-214.5807,-0.3859099,0.5748157,-0.3522475,-0.6297477;
custom,cuboid,crystal1,0.3,0.3,0.3,1,1,0,0,1.0,1.0,-1006.405,244.9732,-215.145,0,0.7052148,0,0.7089937;
custom,tube,crystal1,1,10,1,1,1,0,0,1.0,1.0,-922.9889,203.4655,-245.8978,-0.5599834,0.2230796,-0.1808351,-0.777144;
custom,tube,crystal1,1,10,1,1,1,0,0,1.0,1.0,-1013.716,222.7423,-56.56439,0.03637151,0.8192295,-0.5715428,-0.02964826;
custom,tube,crystal1,1,10,1,1,1,0,0,1.0,1.0,-1037.908,212.5315,-107.9802,0.4227124,0.6251296,-0.1084871,0.647115;
custom,tube,crystal1,1,10,1,1,1,0,0,1.0,1.0,-1038.223,264.1591,-82.15471,-0.1937834,0.7029541,0.3034101,0.613389;
custom,cuboid,crystal1,0.3,0.3,0.3,1,1,0,0,1.0,1.0,-1007.522,232.9262,-91.86639,-0.206821,0.6397897,0.2991616,0.67705;
custom,tube,crystal1,1,10,1,1,1,0,0,1.0,1.0,-1023.778,303.2067,-94.68302,0.7427742,-0.39805,0.303616,0.4445899;
custom,tube,crystal1,1,10,1,1,1,0,0,1.0,1.0,-1083.265,316.2422,-69.21276,-0.2550211,0.7271835,0.3468488,0.5346629;
custom,tube,crystal1,1,10,1,1,1,0,0,1.0,1.0,-1090.055,266.5311,-82.40252,0.3959227,0.9135376,0.07797606,0.05112775;
custom,tube,crystal1,1,10,1,1,1,0,0,1.0,1.0,-1059.128,157.9689,-120.5569,0,0.4006226,0,0.9162432;
racing,killCylinder,1,1,1,-1059.3,128.0234,-121.0121,0,0.9850978,0,0.1719954;
racing,killCylinder,1,1,1,-1011.441,197.7765,-209.2561,0,0.9818947,0,0.1894277;
custom,tube,crystal1,1,10,1,1,1,0,0,1.0,1.0,-1037.832,177.4307,-181.1585,0.2724465,0.6375556,-0.6727841,0.2581809;
custom,tube,crystal1,1,10,1,1,1,0,0,1.0,1.0,-979.9672,177.0921,-236.7906,-0.6406873,0.2731204,-0.2873183,-0.657551;
custom,tube,crystal1,1,10,1,1,1,0,0,1.0,1.0,-978.9053,175.2575,-181.9705,-0.2799126,0.6546774,-0.6412331,-0.2861234;
custom,tube,crystal1,1,10,1,1,1,0,0,1.0,1.0,-1036.853,177.026,-235.1372,0.6407705,0.2847168,-0.2778435,0.6566221;
custom,tube,crystal1,1,5,1,1,1,0,0,1.0,1.0,-1008.599,155.3594,-207.6883,0,0.2218349,0,-0.9750842;
custom,tube,crystal1,1,10,1,1,1,0,0,1.0,1.0,-972.3488,154.9883,-198.369,0.1149372,0.0729413,-0.8364683,-0.5308388;
custom,tube,crystal1,1,10,1,1,1,0,0,1.0,1.0,-1032.35,133.6003,-173.8369,0.194763,0.6833548,-0.6759725,0.1953328;
custom,tube,crystal1,1,10,1,1,1,0,0,1.0,1.0,-1010.82,156.8742,-169.9038,-0.06218101,0.5074782,-0.8565916,0.06964412;
custom,cuboid,crystal1,2,2,2,1,1,0,0,1.0,1.0,-1011.435,115.0909,-205.6732,0,0.3420704,0,-0.9396743;
custom,cuboid,crystal1,2,2,2,1,1,0,0,1.0,1.0,-1022.791,128.5119,-215.0345,0,-0.4347748,0,-0.9005392;
custom,cuboid,crystal1,2,2,2,1,1,0,0,1.0,1.0,-1000.624,123.6862,-220.9057,0,0.3297741,0,-0.9440599;
custom,cuboid,crystal1,2,2,2,1,1,0,0,1.0,1.0,-999.5665,123.7242,-194.3426,0,0.9054418,0,-0.4244705;
custom,cuboid,crystal1,2,2,2,1,1,0,0,1.0,1.0,-1019.514,117.883,-197.757,0,0.3401298,0,-0.9403785;
custom,cuboid,lava1,2,2,2,0,1,0,0,1.0,1.0,-1011.954,117.3281,-207.3008,0,0.3381793,0,-0.9410817;
custom,cuboid,lava1,2,2,2,0,1,0,0,1.0,1.0,-997.08,123.8417,-197.4079,0,0.4163044,0,0.9092253;
custom,cuboid,lava1,2,2,2,0,1,0,0,1.0,1.0,-1020.646,128.4007,-217.382,0,0.9137354,0,-0.4063099;
custom,cuboid,lava1,2,2,2,0,1,0,0,1.0,1.0,-998.4088,123.7919,-219.0897,0,0.9410017,0,0.3384021;
custom,cuboid,lava1,2,2,2,0,1,0,0,1.0,1.0,-1005.862,128.5354,-224.998,0,0.9357167,0,0.3527522;
custom,cuboid,lava1,2,2,2,0,1,0,0,1.0,1.0,-995.3987,123.3235,-199.826,0,0.3982106,0,0.9172941;
custom,cuboid,lava1,2,2,2,0,1,0,0,1.0,1.0,-998.0507,126.2992,-221.3818,0,0.8917009,0,0.4526252;
custom,cuboid,lava1,1,1,1,0,1,0,0,1.0,1.0,-1003.759,130.518,-197.736,0,0.3861054,0,0.9224547;
custom,cuboid,lava1,1,1,1,0,1,0,0,1.0,1.0,-1017.199,134.4706,-214.21,0,0.8842966,0,-0.4669256;
racing,killCuboid,2,2,2,-1009.216,117.5914,-212.606,0,0.4039938,0,0.9147617;
racing,killCuboid,2,2,2,-1021.069,128.8425,-216.5665,0,0.9154828,0,-0.4023573;
racing,killCuboid,2,2,2,-997.7144,123.1919,-198.7252,0,0.4198044,0,0.9076146;
racing,killCuboid,2,2,2,-998.2135,123.6221,-197.4234,0,0.3898826,0,0.9208646;
racing,killCuboid,2,2,2,-1011.797,127.1865,-226.6691,0,0.9452018,0,0.3264868;
racing,killCuboid,2,2,2,-1006.347,135.9241,-224.4945,0,0.9451981,0,0.3264977;
racing,killCuboid,2,2,2,-1001.297,123.7751,-222.9111,0,0.9068055,0,0.4215494;
racing,killCuboid,2,2,2,-1002.967,125.5214,-224.6572,0,0.9243287,0,0.3815973;
custom,tube,crystal1,1,10,1,1,1,0,0,1.0,1.0,-1115.347,231.2985,-125.0832,0.6061491,0.040338,-0.002552029,0.7943234;
custom,tube,crystal1,1,10,1,1,1,0,0,1.0,1.0,-1089.082,202.2442,-158.4849,0.7397106,0.3919666,0.4956242,-0.2314028;
custom,cuboid,crystal1,0.4,0.4,0.4,1,1,0,0,1.0,1.0,-1058.055,178.0368,-150.6655,0,0.6135035,0,-0.789692;
custom,cuboid,crystal1,0.4,0.4,0.4,1,1,0,0,1.0,1.0,-1057.742,180.4764,-153.0207,0,0.6135035,0,-0.789692;
custom,cuboid,crystal1,0.4,0.4,0.4,1,1,0,0,1.0,1.0,-1060.743,177.1727,-151.6259,0,0.5183097,0,-0.8551931;
custom,tube,crystal1,1,10,1,1,1,0,0,1.0,1.0,-1151.704,226.1886,-178.5989,0.632296,0.3537833,-0.3970776,0.5633549;
custom,cuboid,crystal1,1,1,1,1,1,0,0,1.0,1.0,-1113.159,229.6906,-163.9473,0.2833798,0.2550344,0.07845871,-0.9211393;
custom,cuboid,crystal1,1,1,1,1,1,0,0,1.0,1.0,-1121.252,212.075,-158.8899,0,0.9986091,0,-0.05272475;
custom,cuboid,crystal1,0.3,0.3,0.3,1,1,0,0,1.0,1.0,-1122.37,217.8978,-156.5422,0,0.461497,0,-0.8871418;
custom,tube,crystal1,1,10,1,1,1,0,0,1.0,1.0,-1133.449,217.8121,-70.18803,0.106197,0.7855133,-0.3942626,0.4650248;
custom,cuboid,crystal1,0.3,0.3,0.3,1,1,0,0,1.0,1.0,-1058.374,173.7489,-151.4768,0,0.8571835,0,-0.5150111;
custom,cuboid,crystal1,0.3,0.3,0.3,1,1,0,0,1.0,1.0,-1060.253,175.1187,-154.6082,0,0.7674736,0,-0.6410806;
custom,cuboid,crystal1,0.3,0.3,0.3,1,1,0,0,1.0,1.0,-1054.902,181.8419,-156.9019,0,0.8154091,0,-0.5788851;
custom,cuboid,crystal1,0.3,0.3,0.3,1,1,0,0,1.0,1.0,-1064.046,176.1202,-158.5906,0,0.5573253,0,0.8302943;
custom,cuboid,crystal1,0.3,0.3,0.3,1,1,0,0,1.0,1.0,-1117.895,216.0929,-167.4021,0,0.8327562,0,-0.5536398;
custom,cuboid,crystal1,0.3,0.3,0.3,1,1,0,0,1.0,1.0,-1116.5,218.413,-167.6864,0,0.8327562,0,-0.5536398;
custom,cuboid,crystal1,0.3,0.3,0.3,1,1,0,0,1.0,1.0,-1115.554,221.0522,-168.5026,0,0.8327562,0,-0.5536398;
custom,cuboid,crystal1,0.3,0.3,0.3,1,1,0,0,1.0,1.0,-1116.478,218.4125,-169.5845,0,0.8327562,0,-0.5536398;
custom,cuboid,crystal1,0.3,0.3,0.3,1,1,0,0,1.0,1.0,-1118.451,215.3813,-165.2482,0,0.782705,0,-0.622393;
custom,cuboid,crystal1,0.3,0.3,0.3,1,1,0,0,1.0,1.0,-1115.277,225.8948,-160.758,0,0.578779,0,0.8154845;
custom,cuboid,crystal1,0.3,0.3,0.3,1,1,0,0,1.0,1.0,-1113.696,221.0552,-156.7328,0,0.578779,0,0.8154845;
custom,cuboid,crystal1,0.3,0.3,0.3,1,1,0,0,1.0,1.0,-1114.426,216.7754,-156.1842,0,0.578779,0,0.8154845;
custom,cuboid,crystal1,0.3,0.3,0.3,1,1,0,0,1.0,1.0,-1116.025,215.0131,-158.605,0,0.4731604,0,0.8809763;
custom,tube,crystal1,1,10,1,1,1,0,0,1.0,1.0,-948.22,282.0227,-109.4235,0.3999453,0.7822476,-0.472035,0.07290753;
custom,tube,crystal1,1,10,1,1,1,0,0,1.0,1.0,-992.9183,184.9173,-113.9634,-0.2459135,0.5406023,-0.7865817,-0.1690117;
custom,tube,crystal1,1,10,1,1,1,0,0,1.0,1.0,-971.8447,233.2227,-87.78192,0,0.9303195,0,0.36675;
custom,tube,crystal1,1,5,1,1,1,0,0,1.0,1.0,-908.9825,287.8494,-141.8399,0.7331687,0.6298697,-0.1473812,-0.2097778;
custom,cuboid,crystal1,0.3,0.3,0.3,1,1,0,0,1.0,1.0,-925.7808,285.7058,-136.0291,0,0.3527223,0,0.9357281;
custom,cuboid,crystal1,0.3,0.3,0.3,1,1,0,0,1.0,1.0,-927.0306,288.706,-136.9689,0,0.3883828,0,0.9214981;
custom,cuboid,crystal1,0.3,0.3,0.3,1,1,0,0,1.0,1.0,-926.6768,290.9464,-136.3444,0,0.3883828,0,0.9214981;
custom,cuboid,crystal1,0.3,0.3,0.3,1,1,0,0,1.0,1.0,-926.249,293.2657,-135.6477,0,0.3883828,0,0.9214981;
custom,cuboid,crystal1,0.3,0.3,0.3,1,1,0,0,1.0,1.0,-924.2423,295.672,-133.1483,0,0.9305543,0,-0.3661539;
custom,cuboid,crystal1,0.3,0.3,0.3,1,1,0,0,1.0,1.0,-922.5438,295.3921,-130.5614,0,0.9305543,0,-0.3661539;
custom,cuboid,crystal1,0.3,0.3,0.3,1,1,0,0,1.0,1.0,-919.9907,293.2713,-128.4064,0,0.9305543,0,-0.3661539;
custom,arc90,crystal1,1,1,1,1,1,0,0,1.0,1.0,-890.0679,283.6725,-146.9212,-0.3819078,0.8152069,0.380739,0.2112392;
custom,cuboid,crystal1,0.3,0.3,0.3,1,1,0,0,1.0,1.0,-886.7,285.8604,-147.4473,0,0.2139099,0,0.9768534;
custom,cuboid,crystal1,0.3,0.3,0.3,1,1,0,0,1.0,1.0,-890.16,290.0608,-148.5554,0,0.2053769,0,0.978683;
custom,cuboid,crystal1,0.3,0.3,0.3,1,1,0,0,1.0,1.0,-887.0627,287.0944,-149.1786,0,0.8028358,0,-0.5962002;
custom,cuboid,crystal1,0.3,0.3,0.3,1,1,0,0,1.0,1.0,-890.2003,291.427,-150.4994,0,0.1753214,0,0.9845113;
custom,cuboid,crystal1,0.3,0.3,0.3,1,1,0,0,1.0,1.0,-891.3324,291.1481,-152.1074,0,0.1774688,0,0.9841264;
custom,tube,crystal1,1,10,1,1,1,0,0,1.0,1.0,-998.9648,286.7631,-60.25177,0.7846981,0.5065294,-0.2385126,-0.2660612;
custom,tube,crystal1,1,10,1,1,1,0,0,1.0,1.0,-959.2371,166.9672,-73.50716,0.09835873,0.3620203,-0.2430407,-0.8945379;
custom,cuboid,crystal1,0.3,0.3,0.3,1,1,0,0,1.0,1.0,-977.8588,198.6191,-84.96985,0,0.8591024,0,0.5118038;
custom,cuboid,crystal1,0.3,0.3,0.3,1,1,0,0,1.0,1.0,-1057.422,291.5578,-81.86411,0,0.5977363,0,0.8016928;
custom,cuboid,crystal1,0.3,0.3,0.3,1,1,0,0,1.0,1.0,-1058.075,293.3579,-82.47575,0,0.5977363,0,0.8016928;
custom,tube,crystal1,1,10,1,1,1,0,0,1.0,1.0,-997.6265,210.2097,10.00528,-0.1575541,0.6967537,-0.6819549,-0.156999;
racing,killCuboid,1,1,1,-947.8624,139.3226,-65.95232,0,0.9989876,0,-0.04498613;
racing,killCuboid,1,1,1,-1046.338,132.476,-148.7582,0,0.8731541,0,0.4874443;
custom,tube,crystal1,1,10,1,1,1,0,0,1.0,1.0,-943.8708,178.2901,-296.9605,-0.716419,0.09620194,-0.1218808,-0.680172;
racing,killCuboid,1,1,1,-1058.974,176.0553,-255.3085,0,0.389878,0,0.9208665;
racing,killCuboid,1,1,1,-1107.094,338.0466,-61.65603,0,0.7914444,0,0.6112412;
racing,killCuboid,1,1,1,-1018.823,298.0495,-40.85479,0,0.9268188,0,0.375509;
racing,killCuboid,1,1,1,-956.3005,174.4499,-161.2341,0,0.929174,0,-0.3696426;
racing,killCuboid,1,1,1,-944.9264,169.442,-191.2889,0,0.7912949,0,-0.6114346;
racing,killCuboid,1,1,1,-906.5844,193.9773,-269.8639,0,0.3265253,0,-0.9451885;
racing,killCuboid,1,1,1,-941.9758,264.3244,-223.3938,0,0.6699184,0,-0.7424348;
custom,tube,crystal1,1,10,1,1,1,0,0,1.0,1.0,-1028.686,258.8582,-315.1298,0.7178249,-0.06594872,0.04325734,0.6917421;
custom,tube,crystal1,1,10,1,1,1,0,0,1.0,1.0,-1086.158,217.1627,-191.9839,0,0.6806195,0,0.732637;
racing,killCuboid,1,1,1,-886.8365,297.5776,-146.4526,0,0.8284328,0,-0.5600885;
racing,killCuboid,1,1,1,-999.2588,312.5118,-108.6185,0,0.6683866,0,-0.7438142;
racing,killCuboid,1,1,1,-1011.986,325.2683,-209.7248,0,0.9292662,0,-0.3694109;
custom,cuboid,crystal1,0.3,0.3,0.3,1,1,0,0,1.0,1.0,-968.845,270.7619,-81.47206,0,0.929657,0,-0.3684262;
custom,cuboid,crystal1,0.3,0.3,0.3,1,1,0,0,1.0,1.0,-967.9332,273.1942,-80.78922,0,0.933625,0,-0.3582519;
custom,cuboid,crystal1,0.3,0.3,0.3,1,1,0,0,1.0,1.0,-968.5469,275.3851,-81.41066,0,0.9336256,0,-0.3582502;
custom,cuboid,crystal1,0.3,0.3,0.3,1,1,0,0,1.0,1.0,-977.7063,271.0383,-88.09835,0,0.3885992,0,0.9214069;
custom,cuboid,crystal1,0.3,0.3,0.3,1,1,0,0,1.0,1.0,-975.4545,270.918,-89.64536,0,0.3885992,0,0.9214069;
custom,cuboid,crystal1,0.3,0.3,0.3,1,1,0,0,1.0,1.0,-977.3449,272.7179,-88.36034,0,0.3885992,0,0.9214069;
custom,cuboid,crystal1,0.3,0.3,0.3,1,1,0,0,1.0,1.0,-975.846,273.0381,-89.18916,0,0.3885992,0,0.9214069;
custom,cuboid,crystal1,0.3,0.3,0.3,1,1,0,0,1.0,1.0,-975.2446,275.2782,-88.76997,0,0.3885992,0,0.9214069;
custom,cuboid,crystal1,0.3,0.3,0.3,1,1,0,0,1.0,1.0,-1015.29,252.6193,-213.3311,0,0.356086,0,0.9344532;
custom,cuboid,crystal1,0.3,0.3,0.3,1,1,0,0,1.0,1.0,-1014.973,256.9793,-213.7894,0,0.3540465,0,0.9352278;
custom,cuboid,crystal1,0.3,0.3,0.3,1,1,0,0,1.0,1.0,-1016.556,254.2615,-214.6232,0,0.3703145,0,0.9289064;
custom,cuboid,crystal1,0.3,0.3,0.3,1,1,0,0,1.0,1.0,-1014.887,127.7499,-194.5831,0,0.9959691,0,0.08969785;
custom,cuboid,crystal1,0.3,0.3,0.3,1,1,0,0,1.0,1.0,-1013.461,128.7896,-194.0745,0,0.9965345,0,0.08318119;
custom,cuboid,crystal1,0.3,0.3,0.3,1,1,0,0,1.0,1.0,-1020.362,127.8889,-202.2396,0,0.9365352,0,0.3505737;
custom,cuboid,crystal1,0.3,0.3,0.3,1,1,0,0,1.0,1.0,-1054.1,290.2262,-72.9894,0,0.9804954,0,-0.196542;
custom,cuboid,crystal1,0.3,0.3,0.3,1,1,0,0,1.0,1.0,-1054.083,292.8302,-72.98255,0,0.9804954,0,-0.196542;
custom,cuboid,crystal1,0.3,0.3,0.3,1,1,0,0,1.0,1.0,-1054.168,294.4699,-73.166,0,0.9804954,0,-0.196542;
custom,cuboid,crystal1,0.3,0.3,0.3,1,1,0,0,1.0,1.0,-1056.537,294.2372,-71.93043,0,0.9903653,0,-0.13848;
custom,cuboid,crystal1,0.3,0.3,0.3,1,1,0,0,1.0,1.0,-1063.141,290.7105,-70.87705,0,0.999419,0,-0.0340836;
custom,cuboid,crystal1,0.3,0.3,0.3,1,1,0,0,1.0,1.0,-1062.183,292.9513,-70.94286,0,0.999419,0,-0.0340836;
custom,cuboid,crystal1,0.3,0.3,0.3,1,1,0,0,1.0,1.0,-1064.727,293.4311,-70.61024,0,0.999419,0,-0.0340836;
custom,cuboid,crystal1,0.3,0.3,0.3,1,1,0,0,1.0,1.0,-1061.375,174.4108,-156.3594,0,0.9104381,0,0.4136454;
base,aot_supply,bark3,1,1,1,1,1,0.2159091,1,1.0,1.0,-890.3078,230.1967,-204.622,0,-0.6006329,0,-0.799525;
custom,tube,stone5,0.75,0.75,0.75,1,1,1,0.3636364,1.0,1.0,-860.0576,255.8963,-221.495,0,0.1418557,0,-0.9898874;
custom,cylinder,grass,0.75,0.1,0.75,1,1,1,0.3636364,1.0,1.0,-860.5758,256.5734,-221.5963,0,0.1246179,0,-0.9922048;
custom,tree2,default,0.1,0.1,0.1,1,0.3181818,0,1,1.0,1.0,-859.9865,264.3467,-221.7103,0,0.6099004,0,0.7924781;
base,aot_supply,lava1,0.5,0.5,0.5,1,0,1,0,1.0,1.0,-901.7095,253.4893,-209.7127,0,0.7912661,0,-0.611472;
custom,statue1,bark3,0.5,0.5,0.5,1,1,1,1,1.0,1.0,-885.4056,253.4732,-219.7922,0,0.1319595,0,-0.9912552;
custom,statue1,bark3,0.5,0.5,0.5,1,1,0.5909091,1,1.0,1.0,-857.1077,229.1162,-214.6809,0,0.1015243,0,-0.9948331;
custom,windmill1,wood2,0.1,0.1,0.1,0,1,0.5909091,0.3977273,1.0,1.0,-875.0146,229.2215,-219.2272,0,0.8812318,0,-0.4726844;
custom,tube,crystal1,1,10,1,1,1,0,0,1.0,1.0,-920.7933,170.7306,-250.7069,-0.3944871,0.6040526,-0.5159097,-0.4618849;
custom,tube,crystal1,1,10,1,1,1,0,0,1.0,1.0,-1071.089,257.4187,-269.0513,0.4386742,0.5567144,-0.5546903,0.4358357;
custom,tube,crystal1,1,10,1,1,1,0,0,1.0,1.0,-1110.279,281.2039,-192.2367,-0.2680718,0.6299509,0.2711056,0.6766102;
custom,cuboid,crystal1,0.3,0.3,0.3,1,1,0,0,1.0,1.0,-1086.269,255.8531,-197.1808,0,0.9998868,0,0.01504479;
custom,tube,crystal1,1,10,1,1,1,0,0,1.0,1.0,-1084.074,256.7296,-155.0473,0.698172,0.01888896,-0.01843296,0.7154435;
custom,tube,crystal1,1,10,1,1,1,0,0,1.0,1.0,-1168.163,309.9332,-214.5127,0.6384016,0.3042982,-0.35227,0.6129861;
custom,tube,crystal1,1,10,1,1,1,0,0,1.0,1.0,-1131.218,335.5613,-174.9138,0.08571211,0.9542645,0.2846206,-0.03199735;
racing,killCylinder,1,1,1,-1086.949,202.2211,-192.1969,0,0.7328424,0,0.6803984;
custom,tube,crystal1,1,10,1,1,1,0,0,1.0,1.0,-1095.931,182.4706,-231.4785,0.7105491,0.08358257,-0.08565027,0.693396;
custom,tube,crystal1,1,10,1,1,1,0,0,1.0,1.0,-1086.472,140.3075,-192.0414,0,0.6089531,0,-0.7932063;
custom,tube,crystal1,1,10,1,1,1,0,0,1.0,1.0,-1078.317,176.1817,-152.0023,-0.06504963,0.7291903,-0.6776059,-0.07000178;
custom,tube,crystal1,1,10,1,1,1,0,0,1.0,1.0,-1127.173,180.5776,-181.0021,0.3676049,0.5135311,-0.6105014,0.4779546;
racing,killCylinder,1,1,1,-1086.287,151.6953,-191.9043,0,0.9637246,0,-0.2668988;
custom,tube,crystal1,1,10,1,1,1,0,0,1.0,1.0,-1023.57,219.7066,-349.8269,0,0.1223662,0,-0.992485;
custom,tube,crystal1,1,10,1,1,1,0,0,1.0,1.0,-1018.458,260.9053,-390.2703,-0.719925,0.04855327,-0.05373479,-0.6902632;
racing,killCylinder,1,1,1,-1023.688,197.5107,-349.8163,0,0.4112789,0,-0.9115096;
custom,tube,crystal1,1,10,1,1,1,0,0,1.0,1.0,-982.9655,264.9612,-349.0847,-0.5286988,0.4705827,-0.5510876,-0.4419638;
custom,tube,crystal1,1,10,1,1,1,0,0,1.0,1.0,-1064.075,261.9384,-354.4233,0.5254847,0.4397372,-0.5185217,0.5115002;
custom,tube,crystal1,1,10,1,1,1,0,0,1.0,1.0,-1024.673,294.5834,-349.0635,0,0.08141999,0,-0.9966799;
custom,tube,crystal1,1,10,1,1,1,0,0,1.0,1.0,-933.9495,139.1279,-329.732,0,0.3936167,0,-0.9192746;
custom,tube,crystal1,1,10,1,1,1,0,0,1.0,1.0,-934.1723,70.676,-329.7769,0,0.3916639,0,-0.9201084;
custom,arc90,crystal1,1,1,1,1,1,0,0,1.0,1.0,-934.1459,178.5913,-331.7333,-0.5710803,0.09547391,-0.8011349,0.151443;
custom,arc90,crystal1,1,1,1,1,1,0,0,1.0,1.0,-930.8841,175.8803,-331.529,-0.1406089,0.8036957,0.1634007,-0.5546193;
custom,arc90,crystal1,1,1,1,1,1,0,0,1.0,1.0,-932.1031,182.2411,-329.7747,0.1372348,0.7015291,-0.6991745,0.01336195;
custom,arc90,crystal1,1,1,1,1,1,0,0,1.0,1.0,-933.5164,181.6053,-332.247,0.7031917,-0.1218658,0.08571568,0.6952145;
custom,arc90,crystal1,1,1,1,1,1,0,0,1.0,1.0,-930.4248,181.5947,-333.6065,0.4077162,-0.3964816,-0.100345,0.8163949;
racing,killCylinder,1,1,1,-933.8327,82.21143,-329.5203,0,0.9841896,0,0.1771185;
racing,killCuboid,1,1,1,-891.1337,165.908,-242.0725,0,0.755712,0,-0.6549041;
custom,tube,crystal1,1,10,1,1,1,0,0,1.0,1.0,-1029.922,263.3172,-459.4971,0.6986726,0.1514091,-0.1551548,0.6818057;
custom,tube,crystal1,1,10,1,1,1,0,0,1.0,1.0,-978.6103,257.5459,-429.3818,-0.4926799,0.4816333,-0.437253,-0.5780188;
racing,killCuboid,1,1,1,-949.1815,253.4229,-433.5229,0,0.6475945,0,-0.7619851;
racing,killCuboid,1,1,1,-1041.831,264.1809,-486.0113,0,0.2484917,0,0.968634;
racing,killCylinder,1,1,1,-1025.419,296.2068,-349.0975,0,0.6892413,0,0.7245319;
racing,killCuboid,1,1,1,-1096.482,264.8969,-357.3211,0,0.6914577,0,0.722417;
racing,killCuboid,1,1,1,-953.8094,270.1829,-347.4117,0,0.7118049,0,-0.7023773;
racing,killCuboid,1,1,1,-1099.624,257.5023,-262.631,0,0.8114801,0,0.58438;
racing,killCuboid,1,1,1,-1106.003,183.3947,-269.604,0,0.9859511,0,-0.1670343;
racing,killCuboid,1,1,1,-1125.331,363.6591,-155.3601,0,0.986676,0,-0.1626974;
racing,killCuboid,1,1,1,-1192.361,312.16,-231.1763,0,0.4538061,0,0.8911005;
custom,tube,crystal1,1,10,1,1,1,0,0,1.0,1.0,-1051.613,200.2906,-17.6227,0.3875515,0.6116785,-0.4676636,0.5068964;
custom,cuboid,crystal1,0.3,0.3,0.3,1,1,0,0,1.0,1.0,-1013.097,205.8947,-25.29655,-0.1813183,0.9280302,0.1736482,0.2751907;
custom,tube,crystal1,1,10,1,1,1,0,0,1.0,1.0,-948.9569,206.3979,60.60368,-0.1094041,0.4649732,-0.6702666,-0.5679556;
custom,tube,crystal1,1,10,1,1,1,0,0,1.0,1.0,-1006.92,207.4719,69.59009,0.2385304,0.6804312,-0.6457053,0.251359;
custom,cuboid,crystal1,0.3,0.3,0.3,1,1,0,0,1.0,1.0,-981.4858,204.0158,40.88842,0,0.3002872,0,0.9538488;
custom,cuboid,crystal1,0.3,0.3,0.3,1,1,0,0,1.0,1.0,-980.9076,215.0371,40.80582,0,0.3883176,0,0.9215256;
custom,tube,crystal1,1,10,1,1,1,0,0,1.0,1.0,-881.2978,203.0112,68.14128,-0.5531207,0.4391102,-0.434536,-0.5589437;
custom,tube,crystal1,1,10,1,1,1,0,0,1.0,1.0,-923.4639,206.0859,112.9813,0.04999956,0.6752214,-0.7344249,0.0468625;
custom,tube,crystal1,1,10,1,1,1,0,0,1.0,1.0,-1028.665,203.7061,133.9436,0.05544598,0.7211595,-0.6882794,-0.05591306;
custom,tube,crystal1,1,10,1,1,1,0,0,1.0,1.0,-1066.427,208.3714,89.22654,0.558324,0.4406811,-0.4742293,0.5188267;
custom,cuboid,crystal1,0.3,0.3,0.3,1,1,0,0,1.0,1.0,-1029.101,200.1314,96.05006,0,0.6556485,0,0.7550663;
custom,cuboid,crystal1,0.3,0.3,0.3,1,1,0,0,1.0,1.0,-1028.623,211.4246,96.87735,0,0.5891084,0,0.808054;
custom,tube,crystal1,1,10,1,1,1,0,0,1.0,1.0,-1109.295,214.6045,7.461172,0.4715509,0.4096039,-0.7643528,0.1600911;
custom,tube,crystal1,1,10,1,1,1,0,0,1.0,1.0,-1090.82,154.9851,-8.53895,-0.01462249,0.1638418,-0.08768342,0.9824733;
racing,killCylinder,1,1,1,-1087.958,171.2705,-8.984911,0.08293192,0.9907804,-0.03717376,0.1004722;
custom,tube,crystal1,1,10,1,1,1,0,0,1.0,1.0,-1129.041,248.4575,60.07195,0.1140732,0.5587741,-0.8173823,-0.08151761;
custom,tube,crystal1,1,10,1,1,1,0,0,1.0,1.0,-1159.523,243.5454,1.752236,0.6665196,0.2322817,-0.4147536,0.5742615;
racing,killCuboid,1,1,1,-1183.757,251.1461,-16.28521,0,0.4879664,0,0.8728624;
racing,killCuboid,1,1,1,-1098.532,210.1405,81.94604,0.1026097,0.7793979,0.08067428,0.6127821;
racing,killCuboid,1,1,1,-1128.635,260.0942,88.93073,0,0.9996105,0,-0.02790989;
racing,killCuboid,1,1,1,-1028.854,201.6622,164.4532,0,0.99918,0,-0.04048902;
custom,tube,crystal1,1,10,1,1,1,0,0,1.0,1.0,-814.7906,198.0956,78.06407,-0.3232611,0.6110927,-0.5806834,-0.4299708;
custom,tube,crystal1,1,10,1,1,1,0,0,1.0,1.0,-844.1091,200.4497,24.42441,-0.6830354,0.04841894,-0.04546842,-0.7273589;
custom,tube,crystal1,1,10,1,1,1,0,0,1.0,1.0,-910.396,209.1737,181.1037,0.1949024,0.5124353,-0.6793175,-0.4878021;
custom,tube,crystal1,1,10,1,1,1,0,0,1.0,1.0,-964.9924,216.4333,157.7867,0.4541063,0.5107055,-0.6306693,0.3677277;
custom,cuboid,crystal1,0.3,0.3,0.3,1,1,0,0,1.0,1.0,-929.4021,203.4943,147.9444,0,0.1263725,0,-0.9919829;
custom,cuboid,crystal1,0.3,0.3,0.3,1,1,0,0,1.0,1.0,-927.7001,215.9035,147.6146,0,0.1199125,0,-0.9927845;
custom,tube,crystal1,1,10,1,1,1,0,0,1.0,1.0,-745.9543,190.1004,89.31464,-0.4761284,0.475913,-0.4688177,-0.5718554;
custom,tube,crystal1,1,10,1,1,1,0,0,1.0,1.0,-789.3267,191.7877,131.1914,0.05120607,0.7233645,-0.6864474,0.05395994;
custom,cuboid,crystal1,0.3,0.3,0.3,1,1,0,0,1.0,1.0,-784.9178,188.9262,92.94412,0,0.6661282,0,-0.7458373;
custom,cuboid,crystal1,0.3,0.3,0.3,1,1,0,0,1.0,1.0,-783.5104,199.6289,94.53028,0,0.5613077,0,-0.8276072;
custom,tube,crystal1,1,10,1,1,1,0,0,1.0,1.0,-852.6841,194.0981,-45.57333,-0.6581793,-0.1074735,0.1309228,-0.7335589;
custom,tube,crystal1,1,10,1,1,1,0,0,1.0,1.0,-804.7875,191.8865,-12.66824,-0.4773873,0.5124058,-0.4284378,-0.570949;
custom,tube,crystal1,1,10,1,1,1,0,0,1.0,1.0,-817.901,191.7703,195.3752,0.2769185,0.66301,-0.6743743,0.1701566;
custom,tube,crystal1,1,10,1,1,1,0,0,1.0,1.0,-760.6425,194.8759,180.8628,-0.402082,0.5536264,-0.6413828,-0.3470677;
custom,tube,crystal1,1,10,1,1,1,0,0,1.0,1.0,-680.8138,180.21,107.0865,-0.3012529,0.6679998,-0.5716536,-0.3691006;
custom,tube,crystal1,1,10,1,1,1,0,0,1.0,1.0,-700.5789,181.4041,50.36424,-0.6489671,0.1201391,-0.1048041,-0.7439251;
racing,killCuboid,1,1,1,-992.2998,223.6017,167.7153,0,0.7805498,0,0.6250936;
racing,killCuboid,1,1,1,-895.4951,209.4357,209.5808,0,0.9684288,0,-0.2492905;
racing,killCuboid,1,1,1,-836.3295,193.7801,221.0548,0,0.9415303,0,0.3369283;
racing,killCuboid,1,1,1,-734.0308,199.407,193.9957,0,0.8451818,0,-0.5344789;
racing,killCuboid,1,1,1,-655.1025,174.7898,123.9002,0,0.8804156,0,-0.474203;
racing,killCuboid,1,1,1,-689.7243,177.3949,18.72194,0,0.1619373,0,-0.986801;
racing,killCuboid,1,1,1,-774.3928,185.6059,-15.86197,0,0.631347,0,-0.7755005;
racing,killCuboid,1,1,1,-863.2751,191.0029,-74.47573,0,0.1572734,0,0.9875551;