map,disablebounds;
racing,killCuboid,1.7,9,8,77.59066,31.84364,334.7545,0,0.1861603,0,-0.9825194;
racing,killCuboid,500,10,50,5.604542,-51.50928,1083.527,0,0.9999998,0,-0.0006980291;
custom,startCuboid,default,500,10,50,0,1,1,1,1.0,1.0,5.604542,-51.50928,1083.527,0,0.9999998,0,-0.0006980291;
custom,checkpointCuboid,default,500,10,50,0,1,1,1,1.0,1.0,5.604542,-51.50928,1083.527,0,0.9999998,0,-0.0006980291;
custom,cuboid,lava1,500,10,300,0,1,1,1,8.0,4.8,10.39263,-44.1226,2829.98,0,-0.0009837897,0,-0.9999995;
racing,killCuboid,500.5,10.5,300.5,10.67253,-44.48261,2829.973,0,-0.0009837897,0,-0.9999995;
racing,startCuboid,6,10,3.5,33.7795,45.16008,50.80183,0,1,0,0;
racing,startCuboid,4,3.5,8,33.77758,42.51354,-2.307192,0,1,0,0;
custom,cuboid,default,1.5,9,18.6,0,1,1,1,1.0,1.0,-108.3134,29.8031,472.1523,0,0.6223316,0,-0.7827537;
custom,cuboid,default,2,8,2,1,0,0.6136364,0,1.0,1.0,374.4269,36.52354,1852.815,0,-0.00475761,0,0.9999887;
custom,cuboid,default,1.5,10,30,0,1,1,1,1.0,1.0,65.34602,24.09725,179.4082,0,-0.04927672,0,-0.9987852;
custom,cuboid,default,1.5,9,26,0,1,1,1,1.0,1.0,257.538,28.58971,643.5357,0,0.9838449,0,-0.1790227;
custom,cuboid,default,1.5,9,14,0,1,1,1,1.0,1.0,360.9987,28.92235,745.6475,0,0.5935555,0,-0.8047931;
custom,cuboid,default,2,9,2,0,1,1,1,1.0,1.0,212.4736,31.17255,524.2738,0,0.9834347,0,-0.1812628;
racing,killCuboid,1.7,9,48.5,0.8405242,31.28846,271.2953,0,0.03422811,0,-0.999414;
custom,cuboid,default,1.5,9,6,0,1,1,1,1.0,1.0,-103.855,28.53445,556.3568,0,0.9972769,0,-0.07374835;
racing,killCuboid,2.2,8,2.2,212.2711,38.00805,523.9174,0,0.9826766,0,-0.1853287;
custom,cuboid,default,1.5,8,22,0,1,1,1,1.0,1.0,-171.1317,34.39176,590.9651,0,0.1686545,0,0.9856752;
custom,cuboid,default,1.5,8,57.5,0,0,1,1,1.0,1.0,81.11219,34.53214,1850.475,0,0.7042477,0,0.7099544;
custom,cuboid,default,1.5,7,6.5,0,0,0.5,0,1.0,1.0,-11.54321,39.61139,1959.626,0,0.999002,0,-0.04466623;
racing,killCuboid,2.1,8,1.9,343.7681,35.27515,1343.782,0,0.05011429,0,0.9987435;
custom,cuboid,default,1.55,7,1.5,1,0,0.5,0,1.0,1.0,-135.5276,39.80621,1933.588,0,0.9999951,0,0.003156052;
custom,cuboid,default,2,8,2,1,1,0,0,1.0,1.0,-348.688,37.11643,2390.678,0,0.03644967,0,0.9993355;
racing,killCuboid,2.2,8,2.2,-826.795,36.95159,2345.022,0,0.7325712,0,0.6806905;
racing,checkpointCuboid,8,1.5,5,-585.566,73.65883,2273.391,0,0.7481788,0,0.6634971;
racing,killCuboid,1.7,8,57,-535.2872,35.09311,2325.952,0,0.7300543,0,0.6833892;
custom,cuboid,default,1.55,8,1.5,1,1,0,0,1.0,1.0,113.8335,35.09249,2730.556,0,0.9985513,0,-0.05380772;
custom,cuboid,default,2,8,2,1,1,1,0,1.0,1.0,-138.4254,35.6351,3046.405,0,-0.3366877,0,-0.9416164;
racing,killCuboid,2.2,8.2,2.2,-138.4254,35.7951,3046.405,0,-0.3366877,0,-0.9416164;
custom,cuboid,default,1.55,8,1.5,1,1,1,0,1.0,1.0,59.67319,34.362,2598.46,0,0.05336792,0,0.9985749;
racing,killCuboid,1.7,8,30,-778.3777,36.2795,2251.915,0,0.6474435,0,-0.7621135;
racing,killCuboid,1.7,8,19,225.5508,35.4771,1334.513,0,0.7067199,0,-0.7074935;
custom,cuboid,default,1.55,8,1.5,1,1,1,0,1.0,1.0,-19.74722,34.90452,2606.219,0,0.05376236,0,0.9985538;
racing,killCuboid,1.7,8,70,163.2236,316.3701,2037.848,0,0.6150447,0,-0.7884923;
racing,killCuboid,1.7,8,17,78.30562,35.03343,2801.526,0,0.7427869,0,0.6695279;
racing,killCuboid,1.7,8,21,-9.287332,35.927,2702.363,0,0.05294842,0,0.9985973;
racing,killCuboid,1.7,8,27,-67.69718,34.87,2673.626,0,0.0510361,0,0.9986968;
racing,killCuboid,1.7,8,44.2,-40.61414,35.20872,2400.521,0,0.7349707,0,0.6780989;
racing,killCuboid,1.7,8,12.2,-263.8303,35.17631,2364.168,0,0.08621493,0,0.9962766;
custom,cuboid,default,1.5,10,49,0,1,1,1,1.0,1.0,0.4550318,24.56978,275.0134,0,-0.03415834,0,0.9994165;
custom,cuboid,default,2,9,2,0,1,1,1,1.0,1.0,338.9539,31.61285,677.2689,0,0.1592494,0,0.9872384;
racing,killCuboid,1.7,9,30,65.07458,31.47208,178.2103,0,0.04888066,0,0.9988046;
custom,cuboid,default,1.5,9,32,0,1,1,1,1.0,1.0,59.23715,28.50171,561.9142,0,0.6279989,0,-0.7782143;
racing,killCuboid,1.7,8,15,365.1901,35.86567,743.8136,0,0.8055037,0,0.5925908;
racing,killCuboid,1.7,8,20,-113.222,36.86058,473.3593,0,0.7822133,0,0.6230108;
racing,killCuboid,1.9,2.1,11,376.1038,64.20616,1340.467,0,0.6712347,0,-0.741245;
racing,killCuboid,17,1.7,15,-323.0644,52.56084,1865.178,0,0.2552646,0,-0.9668713;
custom,cuboid,default,1.5,8,10,0,1,0,0,1.0,1.0,-344.8152,34.27337,2449.379,0,0.03475555,0,0.9993958;
racing,killCuboid,1.7,8,19,-885.0691,35.97322,2349.418,0,0.1290414,0,0.9916392;
custom,cuboid,default,1.5,8,31.5,0,1,1,0,1.0,1.0,-37.86108,34.04168,2963.273,0,0.9910875,0,0.1332127;
racing,killCuboid,2.2,8,2.2,492.2137,37.48571,1957.636,0,0.9978074,0,-0.06618384;
custom,cuboid,default,1.5,8,26,0,1,1,1,1.0,1.0,101.1506,34.37867,2608.257,0,-0.05164005,0,-0.9986658;
custom,cuboid,default,1.5,8,21.5,0,1,0,0,1.0,1.0,70.29459,33.95111,2698.258,0,0.05309783,0,0.9985893;
custom,cuboid,lava1,5,0.95,0.95,0,0,1,1,1.0,1.0,196.6743,33.41967,688.5745,0,0.7761078,0,0.6306003;
custom,cuboid,default,1.5,8,25.5,0,1,1,0,1.0,1.0,-94.50349,34.19149,2920.401,0,0.1629523,0,-0.986634;
custom,cuboid,default,1.55,8,1.5,1,1,1,0,1.0,1.0,34.11579,34.70031,2737.104,0,0.9986091,0,-0.05272505;
racing,killCuboid,1.7,8,90,154.2519,316.0934,2164.576,0,0.6008561,0,-0.7993572;
custom,cuboid,default,1.5,7.5,18,0,1,1,0,1.0,1.0,-171.3117,36.62871,2951.666,0,0.9800897,0,-0.1985557;
racing,killCuboid,1.7,7.7,18.2,-171.3117,36.62871,2951.666,0,0.9800897,0,-0.1985557;
custom,cuboid,default,2,7.5,2,1,1,1,0,1.0,1.0,-545.8505,38.88231,3077.233,0,0.03857139,0,0.9992558;
racing,killCuboid,2.2,7.7,2.2,-545.8505,38.88231,3077.233,0,0.03857139,0,0.9992558;
racing,killCuboid,1.7,8,32,-37.70723,35.02346,2962.28,0,0.1328515,0,-0.991136;
racing,killCuboid,1.7,8,21,23.8143,35.55514,2640.509,0,0.9985383,0,-0.05404973;
racing,killCuboid,1.7,8,17,3.540127,35.00043,2536.269,0,0.6728171,0,-0.7398089;
racing,killCuboid,1.7,8,11.7,-344.089,36.01107,2456.436,0,0.03515165,0,0.999382;
racing,killCuboid,2.2,8,2.2,-348.6775,37.42913,2390.663,0,0.7319659,0,0.6813414;
custom,cuboid,default,1.5,9,25,0,1,1,1,1.0,1.0,300.2328,29.65955,558.478,0,0.1565242,0,0.9876741;
custom,cuboid,default,2,9,2,0,1,1,1,1.0,1.0,-108.9928,31.1366,524.6328,0,0.7697065,0,0.638398;
custom,cuboid,default,2,9,2,0,1,1,1,1.0,1.0,-97.25356,31.1775,595.2772,0,0.9946061,0,-0.1037243;
racing,killCuboid,1.57,8.0,17,396.2025,35.42181,1613.839,0,0.5982565,0,-0.8013047;
racing,killCuboid,1.57,8.0,23,293.4352,36.26308,1525.288,0,0.986614,0,-0.1630733;
racing,killCuboid,2.2,8.0,2.2,259.8679,37.71363,1424.46,0,0.9867237,0,-0.162408;
racing,killCuboid,1.7,8.2,31,441.9149,35.05098,1441.98,2.326589E-06,0.07886554,2.915027E-05,0.9968853;
racing,killCuboid,2.2,8,2.2,207.7461,37.16848,1514.792,0,0.5584871,0,-0.8295133;
custom,cuboid,lava1,6,4,1,0,0,1,1,1.0,1.0,111.1859,20.62293,657.2393,0,0.7921046,0,0.6103854;
racing,killCuboid,6.2,4.2,1.2,111.1859,20.62293,657.2393,0,0.7921046,0,0.6103854;
custom,cuboid,default,2,8,2,1,1,0,0,1.0,1.0,86.58713,36.63465,2469.338,0,0.7369602,0,0.6759362;
custom,cuboid,default,2,7.5,2,1,0,1,1,1.0,1.0,-826.7927,38.51672,2345.027,0,0.7315078,0,0.6818332;
custom,cylinder,default,1.5,4,1.5,1,1,0,0,1.0,1.0,-705.9279,36.31674,2469.341,0,0.9998127,0,-0.01935199;
racing,killCuboid,1.7,8,26,-95.15187,35.4188,2922.562,0,0.1632794,0,-0.9865799;
racing,killCuboid,1.7,8,22,70.28994,35.33372,2699.013,0,0.0520206,0,0.9986461;
racing,killCuboid,1.7,8,54,-625.0397,36.1488,2408.614,0,0.6839964,0,-0.7294854;
custom,cuboid,default,2.5,0.1,0.1,0,1,1,1,1.0,1.0,35.65506,17.11896,26.95447,0,0.001549503,0,0.9999988;
custom,cuboid,default,1,3,5,0,1,1,1,1.0,1.0,18.71922,10.51946,5.891274,0,0.002518676,0,-0.9999969;
custom,cuboid,default,2.5,0.1,0.1,0,1,1,1,1.0,1.0,35.18589,24.75478,26.78913,0,0.0005522804,0,-0.9999999;
racing,killCuboid,2.2,8,2.2,-108.8827,37.47159,524.1155,0,0.6396648,0,-0.768654;
racing,killCuboid,1.7,8,6,-103.5282,33.76227,558.129,0,0.0722594,0,0.9973859;
racing,killCuboid,2.2,8,2.2,-97.83749,38.0449,595.5425,0,0.6265632,0,-0.7793706;
racing,killCuboid,1.7,8,31,55.82845,35.8642,562.5178,0,0.7780492,0,0.6282035;
custom,cuboid,default,1.5,8,11,0,1,0,0,1.0,1.0,-262.8489,34.04664,2369.939,0,0.08583187,0,0.9963096;
racing,killCuboid,7,4,2,-742.4637,24.1461,2378.361,0,0.7246542,0,0.6891127;
custom,cuboid,default,1.5,7.5,35,0,1,1,1,1.0,1.0,-442.9724,36.34644,2319.95,0,0.7298118,0,0.6836482;
racing,killCuboid,1.7,8,43,-125.5439,35.73514,2487.804,0,0.7370083,0,0.6758838;
racing,killCuboid,2.2,8,2.2,86.92686,37.44847,2469.275,0,0.04289232,0,0.9990798;
racing,killCuboid,1.7,8,27,100.7374,35.46328,2604.535,0,0.05219255,0,0.9986371;
racing,killCuboid,1.7,8,42,162.5115,35.28448,2592.544,0,0.9999758,0,0.006960294;
custom,cuboid,default,5,3,1,0,1,1,1,1.0,1.0,48.90461,10.55522,5.842723,0,0.7064703,0,-0.7077428;
custom,cuboid,default,4,3,1,0,1,1,1,1.0,1.0,33.87949,10.51031,-24.02494,0,-0.0005930043,0,0.9999999;
custom,cuboid,default,30,9,1.5,0,1,1,1,1.0,1.0,404.0054,28.9527,577.3905,0,0.7524395,0,0.6586614;
custom,cuboid,default,1.5,9.5,8,0,1,1,1,1.0,1.0,76.89214,26.67908,336.5324,0,0.1816529,0,-0.9833628;
custom,cuboid,default,29,9.5,1.5,0,1,1,1,1.0,1.0,204.9033,26.70063,353.5949,0,-0.06934874,0,-0.9975925;
custom,cuboid,default,1.5,10,1.5,0,1,1,1,1.0,1.0,58.42523,25.79091,376.9103,0,0.6991916,0,0.7149344;
custom,cuboid,default,2,9,2,0,1,1,1,1.0,1.0,-42.48458,31.33236,525.5387,0,0.9886959,0,-0.149935;
custom,cuboid,default,32,9.5,1.5,0,1,1,1,1.0,1.0,105.479,26.95762,479.7867,0,-0.1488873,0,-0.9888542;
racing,killCuboid,2.2,9,2.2,-42.24566,31.94955,525.5966,0,0.8063858,0,0.5913899;
custom,cuboid,default,1.5,9,13,0,1,1,1,1.0,1.0,365.7064,29.5591,368.3762,0,-0.1790556,0,-0.983839;
custom,cuboid,default,2,9,2,0,1,1,1,1.0,1.0,259.5049,31.47856,432.7334,0.001034829,-0.1497898,-0.0001604728,-0.9887174;
racing,killCuboid,1.7,9,1.7,58.45102,31.69392,376.7466,0,0.7147945,0,-0.6993347;
racing,killCuboid,1.7,9,30,106.9314,31.42757,479.1585,0,0.594642,0,-0.8039907;
racing,killCuboid,1.7,8.2,22.2,-170.8149,35.60332,591.4333,0,0.1687499,0,0.9856589;
racing,killCuboid,1.2,5,5.2,49.82525,1.121076,5.996116,0,-4.53449E-05,0,-1;
racing,killCuboid,1.2,5,5.2,17.94658,0.9871902,5.184137,0,0.001992672,0,-0.999998;
racing,killCuboid,1.7,8,26,301.4472,35.98737,562.2693,0,0.1557051,0,0.9878036;
racing,killCuboid,1.7,8,28.5,205.6489,36.88251,353.9842,0,0.7533407,0,0.6576305;
racing,killCuboid,2.2,8,2.2,259.5884,37.0706,432.1915,0,0.1532658,0,0.988185;
racing,killCuboid,1.7,8,13.2,365.7915,35.08326,368.1574,0,0.9839597,0,-0.1783909;
racing,killCuboid,2.2,8,2.2,339.1378,37.28524,677.1226,0,0.5826551,0,-0.8127196;
racing,killCuboid,1.7,8,30.2,404.0619,34.50897,577.9669,0,0.06513463,0,0.9978765;
racing,killCuboid,1.7,8,26,255.3051,35.91904,637.8795,0,0.9837726,0,-0.1794198;
racing,killCuboid,1.7,8,61.5,-76.36935,35.67328,1636.809,0,0.8345387,0,0.5509493;
custom,cuboid,lava1,500,10,150,0,1,1,1,8.0,2.4,6.930102,-44.72214,83.66296,0,-0.0002137699,0,-1;
racing,killCuboid,500.5,10.5,150.5,6.930102,-45.80217,83.66296,0,-0.0002137699,0,-1;
custom,cuboid,default,1.5,8,28,0,0,0.3409091,1,1.0,1.0,443.4211,34.38917,1449.775,0,0.07908621,0,0.9968678;
racing,killCuboid,1.5,8,55,264.4587,35.30982,1090.156,0,0.1261464,0,0.9920116;
racing,killCuboid,2.1,8,1.9,407.5511,35.04109,1337.411,0,0.05159886,0,0.9986679;
racing,killCuboid,1.7,7,23.7,351.1685,41.01449,1438.18,0,0.9926929,0,-0.1206682;
custom,cuboid,default,9,2,1.5,1,0.1818182,0.4204546,1,1.0,1.0,374.9293,13.24242,1340.637,0,0.05063939,0,0.998717;
custom,cuboid,default,9,2,1.5,1,0.1818182,0.4204546,1,1.0,1.0,376.4353,64.05676,1340.432,0,0.05027615,0,0.9987354;
custom,cuboid,default,1.5,8,23,0,1,1,1,1.0,1.0,293.4836,34.48762,1525.027,0,0.1630226,0,0.9866223;
custom,cuboid,default,2,5,1.5,1,0.1818182,0.4204546,1,1.0,1.0,407.5052,35.29488,1337.287,0,0.05122972,0,0.9986869;
custom,cuboid,default,2,8,2,1,0.1818182,0.4204546,1,1.0,1.0,259.9708,36.57936,1424.594,0,0.9870363,0,-0.1604972;
custom,cuboid,default,2,5,1.5,1,0.1818182,0.4204546,1,1.0,1.0,343.4987,32.23872,1343.857,0,0.05043078,0,0.9987276;
custom,cuboid,default,2,8,1,1,0.1818182,0.4204546,1,1.0,1.0,408.7849,33.91473,1339.619,0,0.9986608,0,-0.05173603;
racing,killCuboid,1.7,8,21,168.8311,35.85062,1420.029,0,0.1925362,0,0.9812899;
custom,cuboid,default,2,8,2,1,0.1818182,0.4204546,1,1.0,1.0,207.9118,36.2537,1514.513,0,0.1902188,0,0.9817417;
custom,cylinder,lava1,1,7,1,0,1,1,1,1.0,1.0,197.434,5.089239,828.3847,0,0.00403044,0,0.9999919;
custom,cuboid,default,1.5,8,1.5,1,0.1818182,0.4204546,1,1.0,1.0,-170.0154,34.59701,1742.001,0,0.9796541,0,-0.2006937;
custom,cuboid,default,1.5,8,58,0,1,1,1,1.0,1.0,47.08046,34.52947,1705.576,0,0.5162775,0,-0.8564214;
custom,cuboid,default,1.5,7,70.5,0,1,1,1,1.0,1.0,132.7988,39.58005,1982.55,0,0.677409,0,-0.7356066;
custom,cuboid,default,1.5,8,15,0,1,1,1,1.0,1.0,399.3487,34.49911,1612.797,0,0.5974478,0,-0.8019079;
custom,cuboid,default,1.5,8,4.5,0,1,1,1,1.0,1.0,-181.9787,34.40912,1714.505,0,0.979195,0,-0.2029219;
custom,cuboid,default,1.5,8,61,0,1,1,1,1.0,1.0,-81.33424,34.56224,1638.884,0,0.5503116,0,-0.8349594;
racing,killCuboid,5,4.5,1,196.8151,50.9443,688.9495,0,0.7764965,0,0.6301215;
custom,cuboid,default,2,8,2,1,0.1704545,0.375,1,1.0,1.0,-216.6592,37.01999,1844.259,0,0.7151859,0,-0.6989343;
racing,killCuboid,17,1.7,15,-297.314,52.53852,1927.709,0,0.003251655,0,-0.9999948;
racing,killCuboid,1.7,7.2,17,-284.2592,39.78105,1991.437,0,0.6032562,0,0.7975476;
racing,killCuboid,1.5,7,5.5,80.90555,39.64354,1885.361,0,0.004977118,0,-0.9999876;
racing,killCuboid,1.5,7,15,-219.8725,26.0183,1928.502,0,0.9999914,0,0.004140918;
custom,cuboid,lava1,1,7,30,0,1,1,1,1.0,1.0,60.144,38.272,564.6656,0.0002156566,0.7780625,-0.0002744797,0.6281869;
racing,killCuboid,1.2,7.2,30.2,60.144,38.272,564.6656,0.0002156566,0.7780625,-0.0002744797,0.6281869;
custom,cuboid,lava1,1,7,25,0,1,1,1,1.0,1.0,257.0876,38.3368,651.8555,0,0.1793862,0,0.9837787;
racing,killCuboid,1.2,7.2,25.2,257.0876,38.3368,651.8555,0,0.1793862,0,0.9837787;
custom,cuboid,lava1,1,7,10,0,1,1,1,1.0,1.0,-93.30719,39.18795,727.7233,0,0.1135371,0,0.9935338;
racing,killCuboid,1.2,7.2,10.2,-93.30719,39.18795,727.7233,0,0.1135371,0,0.9935338;
custom,cuboid,lava1,1,7,31,0,1,1,1,1.0,1.0,64.0791,39.24712,743.3984,0,0.7813116,0,0.6241412;
racing,killCuboid,1.2,7.2,31.2,64.0791,39.24712,743.3984,0,0.7813116,0,0.6241412;
custom,cuboid,lava1,1,7,30,0,1,1,1,1.0,1.0,13.59633,39.17289,646.7825,0,0.7817479,0,0.6235946;
racing,killCylinder,1,7,1,160.2481,5.338038,613.3882,0,0.6185021,0,-0.7857832;
custom,cuboid,lava1,6,7,1,0,1,1,1,1.0,1.0,92.23634,-9.007849,593.2906,0,0.6115337,0,-0.7912184;
racing,killCuboid,6.2,7.2,1.2,92.23634,-9.007849,593.2906,0,0.6115337,0,-0.7912184;
racing,killCylinder,1,7,1,-38.90699,4.371819,718.2773,0,0.7841172,0,0.6206128;
custom,cuboid,lava1,1,7,30,0,1,1,1,1.0,1.0,107.3273,38.39121,684.782,0,0.623629,0,-0.7817205;
racing,killCuboid,1.2,7.2,30.2,107.3273,38.39121,684.782,0,0.623629,0,-0.7817205;
racing,killCylinder,1,7,1,215.3315,5.327752,709.0785,0,0.7758953,0,0.6308618;
custom,cuboid,lava1,1,7,5,0,1,1,1,1.0,1.0,-75.42247,39.18953,805.1185,0,0.9933465,0,-0.115164;
racing,killCuboid,1.2,7.2,5.2,-75.42247,39.18953,805.1185,0,0.9933465,0,-0.115164;
custom,cuboid,lava1,1,7,27,0,1,1,1,1.0,1.0,62.05648,39.19393,828.5598,0,0.7075238,0,0.7066895;
racing,killCuboid,1.2,7.2,27.2,62.05648,39.19393,828.5598,0,0.7075238,0,0.7066895;
custom,cuboid,lava1,1,7,32,0,0,1,1,1.0,1.0,136.4217,38.42752,775.6069,0,0.7529804,0,0.6580431;
racing,killCuboid,1.2,7.2,32.2,136.4217,38.42752,775.6069,0,0.7529804,0,0.6580431;
racing,killCuboid,1.9,2.1,11,376.9165,13.36678,1340.178,0,0.6704147,0,-0.7419867;
custom,cuboid,empty,1.5,7,20,0,1,1,1,1.0,1.0,230.1292,39.40708,1334.571,0,0.7076856,0,0.7065276;
custom,cuboid,empty,1.5,7,20,0,1,1,1,1.0,1.0,167.3472,39.38502,1416.836,0,0.1932186,0,0.9811558;
custom,cuboid,default,1.55,7,1.5,1,0,0.3409091,1,1.0,1.0,377.6366,39.66494,1545.284,0,0.9923696,0,-0.1232992;
custom,cuboid,default,1.55,7,1.5,1,0,0.5,0,1.0,1.0,80.53203,39.82855,1915.218,0,0.9999877,0,0.004966188;
racing,killCuboid,1.75,7.2,1.75,177.7343,38.48441,1914.163,0,0.0629845,0,0.9980145;
custom,cuboid,default,1.5,7,15.5,0,0,0.5,0,1.0,1.0,457.9867,39.05419,1690.122,0,0.65696,0,-0.7539255;
custom,cuboid,default,1.5,7,15,0,0,0.5,0,1.0,1.0,379.9387,39.19827,1777.8,0,-0.0442556,0,0.9990203;
racing,killCuboid,1.5,7,17,-295.0543,25.98232,1803.525,0,0.5034038,0,0.8640513;
racing,killCuboid,1.7,7.2,22.5,-359.218,39.64949,1862.983,0,-0.01119695,0,0.9999373;
custom,cuboid,default,1.5,7,21,0,0,0.5,0,1.0,1.0,477.9432,39.52864,1860.423,0,0.9975218,0,-0.07035849;
custom,cuboid,default,1.55,7,1.5,1,0,0.5,0,1.0,1.0,462.9215,39.70846,1754.706,0,0.07043916,0,0.9975161;
custom,cuboid,default,1.5,7,23,0,1,1,1,1.0,1.0,350.9205,39.51061,1436.906,0,0.1210666,0,0.9926444;
racing,killCuboid,1.5,8,60,359.2437,35.57436,1036.219,0,0.1068878,0,0.9942711;
racing,killCuboid,1.7,8,58,46.19387,36.0118,1706.241,0,0.5160795,0,-0.8565408;
racing,killCuboid,2.2,8,2.2,-216.4883,38.0652,1843.67,0,0.00972975,0,-0.9999527;
racing,killCuboid,1.7,8,6.2,-178.9592,35.71953,1721.359,0,0.2024801,0,0.9792864;
racing,killCuboid,1.7,8,70.5,133.3623,35.78732,1982.745,0,0.7355999,0,0.6774164;
racing,killCuboid,1.7,8,60,81.00267,36.09665,1850.385,0,0.7102304,0,-0.7039694;
racing,killCuboid,1.7,8,8.7,-135.4664,35.56773,1898.263,0,0.001490505,0,-0.9999989;
racing,killCuboid,1.75,7.2,1.75,-15.09818,39.75441,1919.673,0,0.04504156,0,0.9989852;
racing,killCuboid,1.7,8,1.7,80.53515,35.39847,1915.175,0,0.7080889,0,-0.7061234;
racing,killCuboid,1.7,7.2,5.5,182.1595,38.3588,1948.097,0,0.997986,0,-0.06343543;
racing,killCuboid,2.2,8,2.2,374.4377,37.14429,1853.37,0,0.7034462,0,0.7107486;
racing,killCuboid,1.7,8,22.25,477.1611,35.64947,1856.529,0,0.9975122,0,-0.07049447;
racing,killCuboid,1.7,8,15,381.141,35.32825,1768.755,0,0.9989715,0,0.04534455;
racing,killCuboid,1.7,8,16,456.0029,34.97098,1690.303,0,0.7537876,0,0.6571183;
custom,cuboid,default,2,8,2,1,1,0,0,1.0,1.0,492.0816,36.9402,1957.717,0,0.6596771,0,-0.7515492;
racing,killCuboid,1.7,7.2,29.2,553.8879,38.45633,1817.352,0,0.04490403,0,0.9989913;
racing,killCylinder,1,7,1,-22.22142,3.633132,797.0148,0,0.7546225,0,0.6561592;
racing,killCylinder,1,3,1,92.28104,25.71441,593.5112,-0.538714,0.5792285,-0.4565497,0.4072394;
racing,killCylinder,1,3,1,111.213,40.13264,657.3306,-0.695164,0.05301227,0.1288269,0.7052237;
custom,cuboid,default,1.5,7.5,17,0,1,1,0,1.0,1.0,-289.4307,36.56881,2878.362,0,0.714885,0,-0.6992421;
racing,killCuboid,1.7,7.7,17.2,-289.4307,36.56881,2878.362,0,0.714885,0,-0.6992421;
custom,cuboid,default,1.5,7.5,18.5,0,1,1,0,1.0,1.0,-371.977,36.54258,2963.874,0,0.03420413,0,0.9994149;
racing,killCuboid,1.7,7.7,18.7,-371.977,36.54258,2963.874,0,0.03420413,0,0.9994149;
custom,cuboid,default,2,7.5,2,1,1,1,0,1.0,1.0,-365.2486,38.73984,3063.675,0,0.03318282,0,0.9994493;
racing,killCuboid,2.2,7.7,2.2,-365.2486,38.73984,3063.675,0,0.03318282,0,0.9994493;
custom,cuboid,default,1.5,7.5,20,0,1,1,1,1.0,1.0,-244.1349,36.45132,3036.229,0,0.9995555,0,-0.02981322;
racing,killCuboid,1.7,7.7,20.2,-244.1349,36.45132,3036.229,0,0.9995555,0,-0.02981322;
custom,cuboid,default,1.55,7.5,1.55,1,1,1,0,1.0,1.0,-250.3793,36.91467,2933.095,0,0.9996033,0,-0.02816489;
racing,killCuboid,1.75,7.7,1.75,-250.3793,36.91467,2933.095,0,0.9996033,0,-0.02816489;
racing,checkpointCuboid,9,7,1.5,379.0666,39.39504,1355.275,0,0.05020598,0,0.9987389;
racing,killCuboid,1.7,7.2,7,-11.16094,39.71802,1961.928,0,0.04531044,0,0.998973;
racing,killArc180,5,20,5,362,304,2021.8,0,-0.7878679,0,-0.6158443;
racing,killArc180,5,20,5,362,304,2021.8,0,-0.7878679,0,-0.6158443;
racing,killArc180,5,20,5,300.5,304,2087.7,0,0.6011257,0,-0.7991545;
racing,killArc180,5,20,5,300.5,304,2087.7,0,0.6011257,0,-0.7991545;
custom,cylinder,default,1.5,4,1.5,1,0,0.80,0,1.0,1.0,356,316,1998,0,0.6184343,0,-0.7858366;
racing,killArc180,6,20,6,135.75,304,2130,0,0.6016228,0,-0.7987804;
racing,killArc180,6,20,6,135.75,304,2130,0,0.6016228,0,-0.7987804;
custom,cylinder,default,1.5,4,1.5,1,0,0.80,0,1.0,1.0,309,316,2113.527,0,0.580058,0,-0.8145752;
racing,killArc180,7,20,7,25.35,304,2116,0,-0.7893541,0,-0.6139382;
racing,killArc180,7,20,7,25.35,304,2116,0,-0.7893541,0,-0.6139382;
racing,killArc180,7,20,7,-94.7,304,2191.5,0,0.6011434,0,-0.7991412;
racing,killArc180,7,20,7,-94.7,304,2191.5,0,0.6011434,0,-0.7991412;
custom,cylinder,default,1.5,4,1.5,1,0,0.80,0,1.0,1.0,204,316,2036.692,0,0.6168466,0,-0.7870834;
custom,cylinder,default,1.5,4,1.5,1,0,0.80,0,1.0,1.0,145,316,2159.121,0,0.9872417,0,-0.1592291;
custom,cylinder,default,2,4,2,1,0,0.80,0,1.0,1.0,-83.5,316,2222.889,0,0.9882628,0,-0.1527635;
custom,cylinder,default,2,4,2,1,0,0.80,0,1.0,1.0,15.25,316,2084,0,0.122504,0,0.9924681;
racing,checkpointCuboid,1.5,8,12.5,487.6154,316.035,2015.123,0,0.1204834,0,0.9927154;
racing,killArc180,6,20,6,212.5,304,2063,0,0.7881998,0,0.6154195;
racing,killArc180,6,20,6,212.5,304,2063,0,0.7881998,0,0.6154195;
racing,killCuboid,6,35,1.5,545.5979,101.5385,2049.137,0,0.1362658,0,0.9906723;
racing,killCuboid,1.7,35,12,571.397,181.0537,2001.569,0,0.04570069,0,0.9989552;
custom,cuboid,default,1.5,7,27,0,0,0.7954546,0,1.0,1.0,553.0787,39.0506,1807.544,0,0.04563214,0,0.9989583;
racing,killCuboid,14,2,90,30.13091,266.88,2135.287,0,0.6144456,0,-0.7889592;
racing,killCuboid,1.5,30,13.5,504.1334,126.4536,2011.983,0,0.1238124,0,0.9923056;
racing,killCuboid,10,28,1.5,526.7199,216.296,1952.452,0,0.09306365,0,0.9956602;
custom,cuboid,lava1,5,1.5,14,0,0,0.7954546,0,1.0,1.0,488.8583,273.6991,2018.169,0,0.1239078,0,0.9922938;
custom,cuboid,lava1,3,20,1.7,0,0,0.7954546,0,1.0,1.0,528.3544,176.1231,1951.979,0,0.09376561,0,0.9955943;
racing,killArc90,7,20,7,-188.5,294.35,2167.75,0,0.9916887,0,-0.1286607;
racing,killArc90,7,20,7,-188.5,294.35,2167.75,0,0.9916887,0,-0.1286607;
custom,cylinder,default,2,4,2,1,0,0.65,0,1.0,1.0,-246.7834,316,2149.592,0,0,0,1;
racing,killCuboid,70,1.7,12,-737.5092,276.7498,2291.072,-0.02289644,0.0604987,-0.3894179,0.9187869;
custom,cylinder,default,2.5,6.9,2.5,1,0,0.65,0,1.0,1.0,-986.6353,535.3161,2325.32,0.7057424,0.04784774,-0.0439069,0.7054861;
racing,killCylinder,2.7,7.1,2.7,-986.6353,535.3161,2325.32,0.7057424,0.04784774,-0.0439069,0.7054861;
custom,cylinder,default,2.5,6.9,2.5,1,0,0.65,0,1.0,1.0,-637.7323,354.7499,2279.319,0.705617,0.04587753,-0.04587753,0.705617;
racing,killCylinder,2.7,7.1,2.7,-637.7323,354.7499,2279.319,0.705617,0.04587753,-0.04587753,0.705617;
racing,killCuboid,20,4,15,302.0336,292.0151,2063.294,0,0.1316448,0,0.9912969;
racing,killCylinder,2.7,7.1,2.7,-641.0507,276.2253,2281.755,0.705617,0.04587753,-0.04587753,0.705617;
custom,cylinder,default,2,5.75,2,1,0,0.65,0,1.0,1.0,-616.6605,73.1042,2277.155,0.705617,0.04587753,-0.04587753,0.705617;
racing,killCylinder,2.2,5.95,2.2,-616.6605,73.1042,2277.155,0.705617,0.04587753,-0.04587753,0.705617;
racing,killCuboid,1.5,8,45,-434.6031,316.4511,2209.857,0,0.6975019,0,-0.716583;
racing,killCuboid,1.7,8,40,-443.1832,316.2662,2312.957,0,0.6543114,0,-0.7562253;
custom,cylinder,default,1.5,6.5,1.5,1,0,0.65,0,1.0,1.0,-561.0684,362.2599,2271.089,0.705617,0.04587753,-0.04587753,0.705617;
custom,cylinder,default,1.5,6,1.5,1,0,0.65,0,1.0,1.0,-486.9692,362.46,2264.914,0.705617,0.04587753,-0.04587753,0.705617;
custom,cylinder,default,1.5,5.5,1.5,1,0,0.65,0,1.0,1.0,-415.6903,362.54,2259.014,0.705617,0.04587753,-0.04587753,0.705617;
racing,killCuboid,50,1.7,12,-830.354,501.4363,2304.583,-0.01772712,0.06221112,-0.3171445,0.9461686;
racing,killCuboid,42.5,1.7,12,-819.0185,407.5251,2301.973,-0.01772712,0.06221112,-0.3171445,0.9461686;
racing,killCuboid,14,2,25,-524.6344,267.3188,2263.113,0,0.6472706,0,-0.7622604;
racing,killCuboid,9,9,1.7,-587.2457,49.25344,2222.44,0,0.07666749,0,0.9970567;
racing,killCuboid,1.7,10,12,-545.5698,55.30529,2267.546,0,0.06116051,0,0.9981279;
racing,killCuboid,70,1.7,12,-879.7538,305.516,2314.469,-0.01993523,0.06153794,-0.3443975,0.9365928;
racing,killCuboid,1.7,25,12,-1033.26,537.2112,2332.765,0,0.0708214,0,0.997489;
racing,killCuboid,125,1.7,17,-30.09296,357.0904,2146.309,0,0.1156977,0,0.9932845;
racing,killCuboid,75,20,1.7,-806.6105,351.5916,2353.344,-0.02539243,0.0669207,-0.3212646,0.9442806;
racing,killCuboid,75,20,1.7,-800.9321,345.1499,2252.771,-0.02539243,0.0669207,-0.3212646,0.9442806;
custom,cuboid,lava1,10,1,10,0,1,1,1,0.212,0.212,-583.1003,5.918548,2271.465,0,0.06995067,0,0.9975504;
racing,killCuboid,2.5,12,3,-689.0269,34.8427,2286.551,0.4296898,0.02917003,-0.01264996,0.9024167;
racing,killCuboid,2.5,12,3,-688.6035,37.00282,2286.031,-0.4250785,0.03498251,0.01505612,0.904355;
racing,killCuboid,1,3,8,-787.2719,20.78439,2297.17,0,0.02948179,0,0.9995653;
racing,killCuboid,1,3,8,-786.8043,60.16309,2297.986,0,0.02948179,0,0.9995653;
racing,killCuboid,1,8,3,-788.4593,35.16005,2272.969,0,0.0285449,0,0.9995925;
racing,killCuboid,1,8,3,-785.5516,35.14912,2322.985,0,0.9995855,0,-0.02878808;
racing,killCuboid,10,3.5,3.5,-869.0059,58.70568,2310.19,0,0.3743941,0,-0.9272697;
racing,killCuboid,10,2,2,-852.3778,36.78861,2384.151,0.1550248,0.4538239,0.2836592,0.8303907;
racing,killCuboid,10,2,2,-855.5847,20.8401,2385.499,-0.05878791,0.4069535,-0.1303292,0.9021903;
racing,killCuboid,7,4,2,-676.8934,55.9225,2374.53,0,0.7238712,0,0.6899352;
racing,killCuboid,7,2,2,-742.0875,66.70447,2378.448,0,0.7258732,0,0.6878285;
racing,killCuboid,7,2,2,-676.8209,14.17871,2374.566,0,0.7195388,0,0.6944523;
racing,killCuboid,10,2,2,-866.0179,42.3749,2316.04,-0.02318028,0.2538258,-0.4642544,-0.8482352;
racing,killCuboid,8,1.5,2,-604.3217,13.28505,2369.955,0,0.716014,0,0.698086;
racing,killCuboid,8,1.5,2,-604.2094,42.74437,2369.466,0,0.7144855,0,0.6996503;
racing,killCuboid,8,1.5,2,-604.218,68.82438,2369.177,0,0.7144855,0,0.6996503;
racing,killCuboid,10,1,8,-465.5958,63.54487,2359.841,-0.003251837,0.03427316,-0.09439985,0.9949389;
racing,killCuboid,8,3,2,-302.1407,18.40271,2398.205,0,0.05382545,0,0.9985504;
racing,killCuboid,10,1,8,-468.5598,18.38513,2360.299,0.003694213,0.0342284,0.1072417,0.9936368;
racing,killCuboid,1,7,10,-468.5688,42.70457,2339.501,-0.00438631,0.6744092,-0.003869297,0.7383347;
racing,killCuboid,1,7,10,-465.6708,42.60767,2380.184,-0.002467167,0.7662475,0.002942193,0.6425342;
racing,killCuboid,8,3,2,-301.6605,61.18095,2398.1,0,0.05164689,0,0.9986655;
custom,cylinder,default,1,4,1,1,1,0,0,1.0,1.0,-183.2309,35.93952,2483.36,0,0.7402008,0,0.6723859;
racing,killArc180,5,20,5,-186.7564,22.97936,2461.515,0,0.675624,0,-0.7372464;
racing,killCuboid,8,5.5,2,84.21169,48.37348,2430.891,0,0.7247673,0,0.6889937;
racing,killArc180,5,20,5,-86.8656,23.24946,2434.759,0,0.7248416,0,0.6889157;
racing,killCuboid,5.5,7,2,84.9028,40.58181,2445.531,0,0.7245049,0,0.6892697;
custom,cuboid,default,1.5,7,32.5,0,1,0,0,1.0,1.0,162.1977,38.93499,2622.614,0,0.00634528,0,-0.9999799;
custom,cuboid,lava1,9,1,3,0,1,0,0,0.6,0.2,380.1036,5.851462,1362.019,0,0.999433,0,-0.03367007;
racing,killCuboid,1.7,7,4.5,266.9392,39.42154,1882.022,0,-0.03026392,0,-0.999542;
racing,killCuboid,1.8,7,1.8,268.8817,39.79963,1911.306,0,0.03407129,0,0.9994194;
racing,killCuboid,1.7,7,3.75,351.1169,39.60211,1938.227,0,0.9991498,0,-0.04122826;
racing,killCuboid,1.8,7,1.8,349.0294,39.59866,1913.999,0,0.9989165,0,-0.04653815;
custom,cylinder,default,1,4,1,1,1,0,0,1.0,1.0,-89.28319,34.86545,2413.192,0,0.0457509,0,0.9989529;
custom,cuboid,default,2,7.5,2,1,1,1,0,1.0,1.0,-538.9459,38.65089,3151.16,0,0.7389771,0,-0.6737306;
racing,killCuboid,2.2,7.7,2.2,-538.9459,38.65089,3151.16,0,0.7389771,0,-0.6737306;
racing,killCuboid,1.7,7.5,105.2,-40.33851,457,3295.5,0,0.5994256,0,0.8004305;
custom,sphere,default,2,2,2,1,1,0,1,1.0,1.0,-396.6598,457.08,3159.004,0,0.8142818,0,-0.5804698;
custom,cuboid,default,2,7.5,2,1,1,0,1,1.0,1.0,303.447,457.1767,3492.302,0,0.6637323,0,0.7479703;
racing,killCuboid,2.2,7.7,2.2,303.447,457.3734,3492.302,0,0.6637323,0,0.7479703;
racing,killCuboid,1.7,7.5,17.2,433.4413,455.7015,3528.219,0,0.1253805,0,-0.9921087;
racing,killCuboid,8,1,12.5,-598.5135,160.5895,3114.07,0,0.6790527,0,-0.7340897;
racing,killCuboid,1.7,7.5,146,-314.6187,457,3526.233,0,0.7445341,0,-0.6675845;
custom,cuboid,default,1.5,7.5,45,0,1,1,1,0.2,1.0,-1241.549,36.68741,3186.942,0,-0.02606614,0,0.9996602;
racing,killCuboid,1.7,7.7,45.2,-1241.549,36.68741,3186.942,0,-0.02606614,0,0.9996602;
racing,killCuboid,1.7,7.5,133.2,-367.75,457,3422.75,0,0.7423486,0,-0.670014;
custom,cuboid,default,1.5,7.5,52,0,1,0,1,1.0,1.0,-1071.015,36.86989,3089.28,0,0.998807,0,-0.04883274;
racing,killCuboid,1.7,7.7,52.2,-1070.906,36.82989,3090.507,0,0.9988408,0,-0.04813544;
custom,cuboid,default,2,7.5,2,1,1,0,1,1.0,1.0,-1323.022,39.05474,2865.338,0,0.6831009,0,-0.730324;
racing,killCuboid,2.2,7.7,2.2,-1323.022,39.05474,2865.338,0,0.6831009,0,-0.730324;
custom,cuboid,default,2,7.5,2,1,1,0,1,1.0,1.0,-1686.719,38.93467,2909.933,0,0.9987887,0,-0.04920633;
racing,killCuboid,2.2,7.7,2.2,-1686.719,38.93467,2909.933,0,0.9987887,0,-0.04920633;
custom,cuboid,default,1.5,7.5,10,0,1,0,1,1.0,1.0,-1634.507,36.65144,2905.534,0,0.6714036,0,-0.7410919;
racing,killCuboid,1.7,7.7,10.2,-1634.507,36.65144,2905.534,0,0.6714036,0,-0.7410919;
custom,cuboid,default,1.5,7.5,25,0,1,0,1,1.0,1.0,-1822.683,36.68958,2919.989,0,0.9537134,0,-0.3007171;
racing,killCuboid,1.7,7.7,25.2,-1822.683,36.68958,2919.989,0,0.9537134,0,-0.3007171;
custom,cuboid,default,2,7.5,2,1,1,0,1,1.0,1.0,-1231.22,38.81673,2954.195,0,0.9991898,0,-0.04024591;
racing,killCuboid,2.2,7.7,2.2,-1231.22,38.81673,2954.195,0,0.9991898,0,-0.04024591;
custom,cuboid,default,1.5,7.5,51.5,0,1,0,1,1.0,1.0,-1494.899,36.79981,2986.567,0,0.6638568,0,-0.7478598;
racing,killCuboid,1.7,7.7,51.7,-1494.899,36.79981,2986.567,0,0.6638568,0,-0.7478598;
custom,cuboid,default,1.5,7.5,24,0,1,0,1,1.0,1.0,-1450.455,36.81545,2876.282,0,0.9443985,0,-0.3288032;
racing,killCuboid,1.7,7.7,24.2,-1450.455,36.81545,2876.282,0,0.9443985,0,-0.3288032;
custom,cuboid,default,1.5,7.5,80,0,1,0,1,1.0,1.0,-1789.336,36.80167,2701.203,0,0.7478852,0,0.6638281;
racing,killCuboid,1.7,7.7,80.2,-1789.336,36.80167,2701.203,0,0.7478852,0,0.6638281;
custom,cuboid,default,1.5,7.5,25,0,1,0,1,1.0,1.0,-1204.37,36.81743,2851.261,0,0.6646312,0,-0.7471717;
racing,killCuboid,1.7,7.7,25.2,-1204.37,36.81743,2851.261,0,0.6646312,0,-0.7471717;
custom,cuboid,default,1.5,7.5,27,0,1,0,1,1.0,1.0,-1402.746,36.80074,2762.46,0,0.9442993,0,-0.3290877;
custom,cuboid,default,2,7.5,2,1,1,0,1,1.0,1.0,-1577.001,38.2288,2897.062,0,0.9717448,0,-0.236034;
racing,killCuboid,2.2,7.7,2.2,-1577.001,38.2288,2897.062,0,0.9717448,0,-0.236034;
custom,cuboid,default,2,7.5,2,1,1,0,1,1.0,1.0,-1523.741,39.0732,2783.828,0,0.3312487,0,0.9435436;
racing,killCuboid,2.2,7.7,2.2,-1523.741,39.0732,2783.828,0,0.3312487,0,0.9435436;
custom,cuboid,default,1.5,7.5,47.5,0,1,1,1,1.0,1.0,-303.9611,36.4469,3133.74,0,0.6852623,0,-0.7282965;
racing,killCuboid,1.7,7.7,47.7,-303.9611,36.2869,3133.74,0,0.6852623,0,-0.7282965;
racing,killCuboid,1.7,7.5,92.5,-146.4548,457,3360.056,0,0.5994256,0,0.8004305;
custom,arc180,lava1,11,20,11,0,1,1,1,1.0,1.0,-1152.948,21.49462,3446.358,0,0.707638,0,0.7065752;
custom,arc180,lava1,11,20,11,0,1,1,1,1.0,1.0,-1099.585,21.25461,3387.323,0,-0.9999624,0,0.008673728;
custom,cuboid,default,1.5,7.5,25,0,1,0,1,1.0,1.0,-1740.794,36.70306,2800.411,0,0.2361667,0,0.9717126;
racing,killCuboid,1.7,7.7,25.2,-1740.794,36.70306,2800.411,0,0.2361667,0,0.9717126;
custom,cuboid,default,2,7.5,2,1,1,0,1,1.0,1.0,-1898.971,39.91634,2807.326,0,0.9987641,0,-0.04970225;
racing,killCuboid,2.2,7.7,2.2,-1898.971,39.91634,2807.326,0,0.9987641,0,-0.04970225;
custom,cuboid,default,1.5,7.5,27.5,0,1,0,1,1.0,1.0,-2043.088,36.80024,2800.256,0,0.6902977,0,0.7235256;
racing,killCuboid,1.7,7.7,27.7,-2043.088,36.80024,2800.256,0,0.6902977,0,0.7235256;
custom,cuboid,default,1.5,7.5,25,0,1,0,1,1.0,1.0,-1636.328,36.81617,2780.894,0,0.9720137,0,-0.2349242;
racing,killCuboid,1.7,7.7,25.2,-1636.328,36.81617,2780.894,0,0.9720137,0,-0.2349242;
racing,killCuboid,1.7,7.7,27.7,-1401.825,36.83585,2764.123,0,0.3286367,0,0.9444565;
racing,killCuboid,1.5,10,1.5,-855.754,16.51279,2319.589,0.199002,0.2419962,-0.4765774,-0.8214074;
custom,checkpointCuboid,default,4,7.5,1.5,0,1,1,1,1.0,1.0,-353.7825,36.28799,2343.041,0,0.7337531,0,0.6794162;
racing,killCuboid,4.1,7.6,1.6,-353.8827,36.58754,2342.899,0,0.7336891,0,0.6794853;
racing,killCuboid,20,4,15,84.78104,336.0009,2122.474,0,0.1270425,0,0.9918973;
racing,killCuboid,12.5,4,1.5,-295.2116,45.07961,2460.512,0.1473198,0.3519766,0.2578721,0.8876438;
racing,killCuboid,2,3,1,-181.4093,19.98457,2428.446,0,0.7374938,0,0.6753539;
racing,killCuboid,2,2.75,1,-181.1801,61.44349,2428.41,0,0.736011,0,0.6769696;
racing,killCuboid,2,3.75,1,-81.36805,23.85253,2466.289,0,0.7297304,0,0.683735;
custom,cuboid,lava1,2,1,5,0,0,1,1,0.2,0.5,34.15635,2.315892,4.748817,0,4.920167E-05,0,1;
racing,killCuboid,100,1,205,15.16917,78.5652,991.1714,0,0.06913155,0,0.9976076;
racing,killCuboid,1,7,8,50.0214,38.8345,15.32713,0,0.01253013,0,0.9999215;
racing,killCuboid,1,7,8,18.25678,38.87445,12.17746,0,-0.01155483,0,0.9999332;
racing,killCuboid,4,7,1,33.94096,38.74585,-23.20173,0,0.006333317,0,0.99998;
racing,endCuboid,4,7.5,2,-2191.746,37.48174,2771.096,0,0.6993886,0,-0.7147416;
custom,cuboid,lava1,2,1,8,0,1,1,1,1.0,1.0,133.0575,7.135747,2471.392,0,0.7009614,0,-0.7131993;
racing,checkpointCuboid,7,7.5,1.5,125.7144,36.2739,2471.426,0,0.01516668,0,0.999885;
racing,killCuboid,8,5.25,1.5,-105.4628,45.81357,3084.099,0,0.4263987,0,-0.9045354;
racing,killCuboid,2,2,1,-81.76225,66.0199,2466.222,0,0.7430539,0,0.6692316;
racing,killCuboid,12,5.25,1.5,-189.7287,45.82022,3048.455,0,0.02106664,0,0.9997781;
racing,killCuboid,11,1.5,8,-188.0687,27.08044,3080.968,0,0.02089281,0,0.9997817;
racing,killCuboid,5,1.5,8,-121.4941,27.13597,3092.225,0,0.3378632,0,0.9411952;
racing,killCuboid,9,7.7,1.5,-279.1345,36.67611,3052.852,0,0.02502163,0,0.9996869;
racing,killCuboid,1.75,7.7,1.75,-321.3027,37.28241,3054.957,0,0.02502185,0,0.9996869;
custom,cuboid,default,1.55,7.7,1.55,1,0,1,1,1.0,1.0,-321.3122,37.14694,3054.923,0,0.02603681,0,0.999661;
racing,killCuboid,9,7.7,1.5,-333.2766,36.62435,2989.886,0,0.03150504,0,0.9995036;
racing,killCuboid,1.75,7.7,1.75,-289.2306,37.54174,2986.999,0,0.03070769,0,0.9995285;
custom,cuboid,default,1.55,7.7,1.55,1,0,1,1,1.0,1.0,-289.2442,37.07207,2986.993,0,0.0292251,0,0.9995729;
racing,checkpointCuboid,.75,7.5,.75,-460,36,3107.5,0,0.6757844,0,-0.7370993;
racing,killCuboid,.8,7.55,.8,-460,36,3107.5,0,0.6757844,0,-0.7370993;
racing,checkpointCuboid,6,.75,.75,-460,40,3108,0,0.6748202,0,-0.7379823;
racing,killCuboid,6.05,.8,.8,-460,40,3108,0,0.6748202,0,-0.7379823;
custom,cylinder,default,1.5,3,1.5,1,0,1,1,1.0,1.0,-543.1393,67,3113.719,0.7065665,0.02763756,-0.02763756,0.7065665;
racing,killCylinder,1.7,3.2,1.7,-543.1393,67,3113.719,0.7065665,0.02763756,-0.02763756,0.7065665;
racing,killCuboid,1.5,47.5,8,-537.0703,175,3188.691,0,0.04082937,0,0.9991662;
custom,cuboid,default,1.5,7.5,17,0,0,1,1,1.0,1.0,-459.1364,36.52413,3070.379,0,0.6787587,0,-0.7343615;
racing,killCuboid,1.7,7.7,17.2,-459.1364,36.52413,3070.379,0,0.6787587,0,-0.7343615;
racing,killCuboid,1.7,57.7,17,-623.1455,235.661,3084.513,0,0.6795273,0,-0.7336503;
racing,killCuboid,1.5,57.7,16,-694.768,235.6084,3161.868,0,0.04042044,0,0.9991828;
racing,killCuboid,8,1,15.5,-599.8433,114.3717,3114.092,0.2383366,0.6420755,0.2203325,-0.6945418;
racing,killCuboid,8,1,18,-623.9713,55.41315,3115.845,0.2384248,0.6424837,0.2207233,-0.6940099;
custom,cylinder,default,1.5,3.8,1.5,1,0,1,1,1.0,1.0,-659.4841,160.6388,3118.83,0.7065665,0.02763756,-0.02763756,0.7065665;
racing,killCylinder,1.7,4,1.7,-659.4841,160.6388,3118.83,0.7065665,0.02763756,-0.02763756,0.7065665;
racing,killCuboid,2,16,17,-617.7461,85.57823,3156.729,0,0.6780752,0,-0.7349926;
racing,killCuboid,2,5,11,-647.4012,190.4283,3159.501,0,0.6767057,0,-0.7362537;
custom,cylinder,default,2,2.5,2,1,0,1,1,1.0,1.0,-593.424,190.4851,3154.925,0,0.676231,0,-0.7366896;
racing,killCylinder,2.2,2.7,2.2,-593.424,190.4851,3154.925,0,0.676231,0,-0.7366896;
racing,killCuboid,1.5,45,8,-543.5599,299.1247,3109.869,0,0.03943424,0,0.9992222;
racing,killCuboid,1.5,47.5,17,-611.7909,175,3227.689,0,0.6767371,0,-0.7362248;
racing,killCuboid,1.5,13,12,-636.6909,459.121,3229.819,0,0.6775078,0,-0.7355157;
racing,killCuboid,9,1,17,-620.3867,218.8177,3122.382,0,0.6781422,0,-0.7349308;
racing,killCuboid,8,1,17,-614.5596,160.3009,3195.331,0,0.6768584,0,-0.7361133;
racing,killCuboid,8,1,12.5,-592.2156,218.8577,3193.658,0,0.6790527,0,-0.7340896;
racing,killCuboid,17,1.5,16,-617.5296,516.9033,3155.694,0,0.03965018,0,0.9992136;
custom,cylinder,default,1,4,1,1,0,1,1,1.0,1.0,-655.1829,219.4346,3198.934,0.7065665,0.02763756,-0.02763756,0.7065665;
racing,killCylinder,1.2,4.1,1.2,-655.1829,219.4346,3198.934,0.7065665,0.02763756,-0.02763756,0.7065665;
racing,killCuboid,11,4,1,-647.4906,243.1837,3158.864,0,0.9993365,0,-0.03642103;
racing,killCuboid,17,1,8,-614.3871,263.254,3195.539,0,0.03996673,0,0.999201;
racing,killCuboid,13,1,8,-600.8128,263.252,3114.693,0,0.03982381,0,0.9992067;
racing,killCuboid,40,1.5,25,-810.5204,79.34743,2332.038,0,0.08277376,0,0.9965684;
racing,killCuboid,85,1.5,80,-186.7006,79.35871,2711.03,0,0.7403582,0,0.6722126;
custom,cuboid,default,0.8,0.8,7.8,1,0,1,1,1.0,1.0,-660.7594,263.3389,3120.432,0,0.0408682,0,0.9991646;
racing,killCuboid,1,11,1,-560.9147,237.9874,3190.507,0.5306644,0.7461641,0.2463433,0.3177256;
racing,killCuboid,6.5,7,1,-556.0874,188.5628,3097.408,0,0.4944884,0,0.8691843;
racing,killCuboid,3,4.5,2.5,-629.5567,177.7076,3172.334,0,0.6773949,0,-0.7356197;
racing,killCuboid,5.5,3.5,2.5,-628.422,172.7079,3184.81,0,0.6773949,0,-0.7356197;
racing,killCuboid,8,2.5,2.5,-627.7406,167.668,3196.194,0,0.6773949,0,-0.7356197;
racing,killCuboid,1.2,7.5,16,-86.99972,37.13207,756.1576,0,0.1134986,0,0.9935382;
racing,killCuboid,1.2,7.5,30,13.84786,37.77602,647.0294,0,0.7816483,0,0.6237195;
racing,killCuboid,6,5,1,-156.8722,30.63054,1772.581,0,0.548887,0,-0.8358966;
racing,killCuboid,12,4,1,-59.26266,25.39045,1697.796,0,0.548887,0,-0.8358966;
racing,killCuboid,10,3,1,-0.3891228,19.87024,1666.696,0,0.548887,0,-0.8358966;
racing,killCuboid,4,5,1,-646.8203,243.3245,3218.163,0,0.7342364,0,0.678894;
custom,endCuboid,default,2,0.5,1,0,1,1,1,1.0,1.0,-646.8203,243.3245,3218.163,0,0.7342364,0,0.678894;
custom,endCuboid,default,2,0.5,1,0,1,1,1,1.0,1.0,-646.8203,243.3245,3218.163,0,0.7342364,0,0.678894;
custom,endPrism,default,1,1,1,0,1,1,1,1.0,1.0,-647.7,243.4045,3204.215,0.02691316,-0.02843154,0.706101,-0.7070282;
custom,endPrism,default,1,1,1,0,1,1,1,1.0,1.0,-647.7,243.4045,3204.215,0.02691316,-0.02843154,0.706101,-0.7070282;
racing,killCuboid,4,5,1,-616.7066,243.3245,3174.652,0,0.7342364,0,0.678894;
custom,endCuboid,default,2,0.5,1,0,1,1,1,1.0,1.0,-616.7066,243.3245,3174.652,0,0.7342364,0,0.678894;
custom,endCuboid,default,2,0.5,1,0,1,1,1,1.0,1.0,-616.7066,243.3245,3174.652,0,0.7342364,0,0.678894;
custom,endPrism,default,1,1,1,0,1,1,1,1.0,1.0,-615.4254,243.4448,3188.406,0.707863,0.7053084,-0.02669646,-0.02752053;
custom,endPrism,default,1,1,1,0,1,1,1,1.0,1.0,-615.4254,243.4448,3188.406,0.707863,0.7053084,-0.02669646,-0.02752053;
racing,killCuboid,8,2.5,1,-621.2548,255.7925,3116.325,0,0.733691,0,0.6794834;
racing,killCuboid,11,6,1,-647.6103,288.7415,3159.124,0,0.03942171,0,0.9992227;
custom,cylinder,default,1,8,1,1,0,1,1,1.0,1.0,-593.424,288.081,3154.925,0,0.676231,0,-0.7366896;
racing,killCylinder,1.2,8.2,1.2,-593.424,288.081,3154.925,0,0.676231,0,-0.7366896;
racing,killCuboid,17,1,8,-620.8251,313.8425,3116.012,0,0.03899872,0,0.9992393;
racing,killCuboid,13,1,8,-594.4236,313.7671,3193.692,0,0.04156803,0,0.9991357;
custom,cylinder,default,1,4,1,1,0,1,1,1.0,1.0,-655.2569,313.7622,3197.483,0.7065665,0.02763756,-0.02763756,0.7065665;
racing,killCylinder,1.2,4.2,1.2,-655.2569,313.7622,3197.483,0.7065665,0.02763756,-0.02763756,0.7065665;
racing,killCuboid,8,11,1,-623.5005,313.929,3172.909,0,0.2663633,0,0.9638728;
racing,killCuboid,13,11,1,-587.864,314.1291,3200.645,0,0.2663633,0,0.9638728;
racing,killCuboid,1,3,8,-621.2558,303.5774,3115.313,0,0.0389163,0,0.9992425;
racing,killCuboid,17,1,8,-614.4292,363.9665,3195.346,0,0.04232882,0,0.9991037;
racing,killCuboid,4.5,11,1,-677.3206,313.8073,3194.573,0,0.04147746,0,0.9991394;
racing,killCuboid,12.5,1,8,-598.4893,363.8632,3114.296,0,0.0396807,0,0.9992124;
custom,cylinder,default,1,4,1,1,0,1,1,1.0,1.0,-661.1968,363.882,3119.233,0.7065665,0.02763756,-0.02763756,0.7065665;
racing,killCylinder,1.2,4.2,1.2,-661.1968,363.882,3119.233,0.7065665,0.02763756,-0.02763756,0.7065665;
racing,killCuboid,0.75,6,5,-618.4405,338.814,3132.358,0,0.03942358,0,0.9992226;
racing,killCuboid,0.75,6,5,-584.4395,338.614,3098.274,0,0.03942358,0,0.9992226;
custom,cuboid,default,0.55,5.8,0.55,1,0,1,1,1.0,1.0,-582.7769,338.849,3119.652,0,0.6767849,0,-0.7361808;
custom,cuboid,default,0.55,5.8,0.55,1,0,1,1,1.0,1.0,-619.9714,339.2344,3111.188,0,0.67667,0,-0.7362865;
racing,killArc180,3,12,3,-597.9327,387.6742,3154.071,0,0.9992396,0,-0.03899094;
racing,killCuboid,9,11,.5,-659.7221,364,3132.251,0,0.04270609,0,0.9990877;
racing,killCuboid,9,6,.5,-655.2158,389.0022,3187.082,0,0.0451472,0,0.9989803;
custom,cylinder,default,1,2.5,1,1,0,1,1,1.0,1.0,-612.5354,393.7038,3155.198,0,0.749976,0,0.6614651;
custom,endCuboid,default,1.5,0.5,2,0,1,1,1,1.0,1.0,-540.4618,191.4784,3149,1.672862E-12,0.0394535,3.339621E-11,0.9992214;
custom,endPrism,default,1,1.5,1,0,1,1,1,1.0,1.0,-538.7381,191.5632,3162.712,0.708078,0.7050812,-0.02681997,-0.02769217;
custom,endCuboid,default,1.5,0.5,2,0,1,1,1,1.0,1.0,-540.4618,191.4784,3149,1.672862E-12,0.0394535,3.339621E-11,0.9992214;
custom,endPrism,default,1,1.5,1,0,1,1,1,1.0,1.0,-538.7381,191.5632,3162.712,0.708078,0.7050812,-0.02681997,-0.02769217;
custom,endCuboid,default,1.5,0.5,2,0,1,1,1,1.0,1.0,-539.8014,241.34,3156.248,1.672862E-12,0.0394535,3.339621E-11,0.9992214;
custom,endPrism,default,1,1.5,1,0,1,1,1,1.0,1.0,-541.1722,241.1401,3142.744,0.02447877,0.02362022,0.7051954,0.7081966;
custom,endCuboid,default,1.5,0.5,2,0,1,1,1,1.0,1.0,-539.8014,241.34,3156.248,1.672862E-12,0.0394535,3.339621E-11,0.9992214;
custom,endPrism,default,1,1.5,1,0,1,1,1,1.0,1.0,-541.1722,241.1401,3142.744,0.02447877,0.02362022,0.7051954,0.7081966;
custom,endCuboid,default,1.5,0.5,2,0,1,1,1,1.0,1.0,-540.4618,291.5,3149,1.672862E-12,0.0394535,3.339621E-11,0.9992214;
custom,endPrism,default,1,1.5,1,0,1,1,1,1.0,1.0,-539.0582,291.34,3162.71,0.708078,0.7050812,-0.02681997,-0.02769217;
custom,endCuboid,default,1.5,0.5,2,0,1,1,1,1.0,1.0,-540.4618,291.5,3149,1.672862E-12,0.0394535,3.339621E-11,0.9992214;
custom,endPrism,default,1,1.5,1,0,1,1,1,1.0,1.0,-539.0546,291.34,3162.75,0.708078,0.7050812,-0.02681997,-0.02769217;
custom,endCuboid,default,1.5,0.5,2,0,1,1,1,1.0,1.0,-539.8014,341.5,3156.248,1.672862E-12,0.0394535,3.339621E-11,0.9992214;
custom,endPrism,default,1,1.5,1,0,1,1,1,1.0,1.0,-541.1722,341.5,3142.744,0.02447877,0.02362022,0.7051954,0.7081966;
custom,endCuboid,default,1.5,0.5,2,0,1,1,1,1.0,1.0,-539.8014,341.5,3156.248,1.672862E-12,0.0394535,3.339621E-11,0.9992214;
custom,endPrism,default,1,1.5,1,0,1,1,1,1.0,1.0,-541.1722,341.5,3142.744,0.02447877,0.02362022,0.7051954,0.7081966;
custom,endCuboid,default,1.5,0.5,2,0,1,1,1,1.0,1.0,-540.4618,391.5,3149,1.672862E-12,0.0394535,3.339621E-11,0.9992214;
custom,endPrism,default,1,1.5,1,0,1,1,1,1.0,1.0,-539.0171,391.5799,3162.729,0.708078,0.7050812,-0.02681997,-0.02769217;
custom,endCuboid,default,1.5,0.5,2,0,1,1,1,1.0,1.0,-540.4618,391.5,3149,1.672862E-12,0.0394535,3.339621E-11,0.9992214;
custom,endPrism,default,1,1.5,1,0,1,1,1,1.0,1.0,-539.0569,391.54,3162.732,0.708078,0.7050812,-0.02681997,-0.02769217;
racing,killCuboid,17,11.5,8,-620.8144,466.4882,3116.059,0,0.04093377,0,0.9991619;
racing,killCuboid,12.5,1,8,-591.8708,414.1011,3193.736,0,0.999082,0,-0.04283773;
custom,cuboid,lava1,8,3.5,1.5,0,1,1,1,1.0,1.0,-537.3643,506.7665,3188.825,0.001532669,0.6774246,0.001427378,-0.7355893;
custom,cuboid,lava1,5,3.5,1.5,0,1,1,1,1.0,1.0,-552.2798,506.7867,3222.752,0.001743969,0.9992198,-6.886254E-05,-0.03945528;
custom,cuboid,lava1,1.5,7.5,1.5,1,1,1,1,0.2,1.0,-569.8121,452.7123,3223.892,0,0.9992404,0,-0.03897074;
custom,cuboid,lava1,1.5,7.5,1.5,1,1,1,1,0.2,1.0,-540.1244,452.5716,3156.564,0,0.679224,0,-0.7339311;
custom,cuboid,lava1,8,1,5,0,1,1,1,1.0,1.0,-554.8258,419.8998,3190.228,0,0.6784523,0,-0.7346445;
racing,checkpointCuboid,6.5,7.5,1,-537.1802,454.5281,3193.796,0,0.6782323,0,-0.7348476;
custom,startCuboid,default,4,7.5,1,0,1,1,1,1.0,1.0,-549.9127,454.4391,3222.571,0,0.999139,0,-0.04148956;
custom,checkpointCuboid,default,4,7.5,1,0,1,1,1,1.0,1.0,-549.9127,454.4391,3222.571,0,0.999139,0,-0.04148956;
custom,cylinder,default,1,3,1,1,0,1,1,1.0,1.0,-653.5136,414.0789,3208.583,0.7065665,0.02763756,-0.02763756,0.7065665;
racing,killCylinder,1.2,3.2,1.2,-653.5136,414.0789,3208.583,0.7065665,0.02763756,-0.02763756,0.7065665;
custom,sphere,default,2,2,2,1,1,0,1,1.0,1.0,-271.6167,456.4399,3377.686,0,0.5874945,0,0.8092282;
racing,killCuboid,10,2.75,1,101.189,480.5,3527.119,0,0.7322135,0,-0.6810753;
custom,startCuboid,default,3,2.75,1,0,1,1,1,1.0,1.0,101.2,480.5,3527,0,0.7322135,0,-0.6810753;
racing,killCuboid,10,2.75,1,101.1895,432.8188,3526.959,0,0.7322135,0,-0.6810753;
racing,killCuboid,3.5,7.5,1,103.5812,456.6606,3494.321,0,0.7322135,0,-0.6810753;
racing,killCuboid,3.5,7.5,1,98.70967,456.7006,3559.482,0,0.7322135,0,-0.6810753;
racing,killCuboid,105,1.5,11,-43.45734,412,3343.067,0,0.1421828,0,-0.9898404;
racing,killCuboid,104,1.5,11,-43.1866,501,3335.269,0,0.1421828,0,-0.9898404;
racing,killCuboid,147.5,1.5,11,-302.5,412,3480,0,0.05377595,0,-0.998553;
racing,killCuboid,147.5,1.5,11,-302.5,501,3480,0,0.05377595,0,-0.998553;
custom,sphere,default,2,2,2,1,1,0,1,1.0,1.0,-61.21191,456.5199,3261.113,0,0.1362662,0,-0.9906723;
custom,endCuboid,default,1.5,2,0.5,0,1,1,1,1.0,1.0,-698.045,141.6296,3126.151,0,0.02858117,0,0.9995915;
custom,endPrism,default,1,1.5,1.5,0,1,1,1,1.0,1.0,-698.4571,156.6903,3126.229,-0.5174363,0.4849469,-0.4841007,-0.5125747;
custom,endCuboid,default,1.5,2,0.5,0,1,1,1,1.0,1.0,-698.045,141.6296,3126.151,0,0.02858117,0,0.9995915;
custom,endPrism,default,1,1.5,1.5,0,1,1,1,1.0,1.0,-698.4571,156.6903,3126.229,-0.5174363,0.4849469,-0.4841007,-0.5125747;
custom,endCuboid,default,1,1,0.25,0,1,1,1,1.0,1.0,-620.9828,253.697,3119.652,0,0.03846033,0,0.9992602;
custom,endPrism,default,0.5,1,0.50,0,1,1,1,1.0,1.0,-620.7649,246.8422,3119.564,0.5166893,0.4828497,0.4845377,-0.5148898;
custom,endCuboid,default,1,1,0.25,0,1,1,1,1.0,1.0,-620.9828,253.697,3119.652,0,0.03846033,0,0.9992602;
custom,endPrism,default,0.5,1,0.50,0,1,1,1,1.0,1.0,-620.7649,246.8422,3119.564,0.5166893,0.4828497,0.4845377,-0.5148898;
custom,endCuboid,default,1,1,0.25,0,1,1,1,1.0,1.0,-620.9828,303.697,3119.652,0,0.03846033,0,0.9992602;
custom,endPrism,default,0.5,1,0.50,0,1,1,1,1.0,1.0,-620.7649,296.8422,3119.564,0.5166893,0.4828497,0.4845377,-0.5148898;
custom,sphere,default,2,2,2,1,1,0,1,1.0,1.0,91.85146,459.4001,3449.099,0,0.6204378,0,0.7842557;
racing,killCuboid,5.5,4,0.5,-484.5,475,3440,0,0.7447217,0,-0.6673753;
custom,endCuboid,default,2,0.5,1.5,0,1,1,1,1.0,1.0,-600.1351,342.1087,3081.86,0,0.03782536,0,0.9992844;
custom,endPrism,default,1,1.5,1,0,1,1,1,1.0,1.0,-613.9594,342.0461,3083.214,0.5193712,0.5197226,0.4798309,0.4794835;
custom,endCuboid,default,2,0.5,1.5,0,1,1,1,1.0,1.0,-600.1351,342.1087,3081.86,0,0.03782536,0,0.9992844;
custom,endPrism,default,1,1.5,1,0,1,1,1,1.0,1.0,-613.9594,342.0461,3083.214,0.5193712,0.5197226,0.4798309,0.4794835;
racing,killCuboid,3,1,4.5,-678.3771,414.0754,3176.191,0,0.674336,0,-0.7384247;
custom,cuboid,lava1,1.5,7.5,1.5,0,1,1,1,0.2,1.0,-535.0276,460.5947,3221.203,0,0.6787422,0,-0.7343767;
spawnpoint,playerM,33.79039,7.893072,10.52693,0,0.002482801,0,-0.999997;
spawnpoint,playerC,33.90046,7.69082,10.52234,0,0.0002931675,0,-1;
custom,cylinder,default,1,5,1,1,1,0,1,0.2,1.0,-488.7754,457,3462.558,0.7061117,-0.03750007,0.03750007,0.7061117;
custom,cylinder,lava1,1,2.25,1,0,1,0,1,0.2,1.0,-375,456.92,3501.331,0.7061117,-0.03750007,0.03750007,0.7061117;
racing,killCuboid,5.5,7.5,1,-286.6988,456.6405,3517.062,0.0005197899,0.744544,-0.000466054,-0.6675731;
custom,cuboid,default,1.5,7.7,1.5,1,1,0,1,1.0,1.0,-285.0993,456.6805,3492.42,0.0005197899,0.744544,-0.000466054,-0.6675731;
racing,killCuboid,1,7.5,20,-388.5,456.5,3477.25,0,0.7562376,0,-0.6542971;
racing,killCuboid,4.5,0.75,12,-434.4136,457,3494.698,0,0.7460995,0,-0.6658345;
racing,killCuboid,5.5,7.5,1,-661.301,457.1556,3411.73,0,0.7440877,0,-0.668082;
racing,killCuboid,10,7.5,1,-621.2938,456.9806,3444.983,0,0.06095982,0,-0.9981403;
racing,checkpointCuboid,3,5,7,-1055,455,3402,0,0.05377595,0,-0.998553;
custom,cuboid,default,5,3.5,12.5,1,1,0,1,0.2,1.0,-1055,495,3402,0,0.05377595,0,-0.998553;
custom,cuboid,default,5,3.5,12.5,1,1,0,1,0.2,1.0,-1055,415,3402,0,0.05377595,0,-0.998553;
custom,cuboid,default,5,7.5,3.5,1,1,0,1,0.2,1.0,-1059.775,457.5,3446.65,0,0.05377595,0,-0.998553;
custom,cuboid,default,5,7.5,3.5,1,1,0,1,0.2,1.0,-1050.25,457.5,3357.25,0,0.05377595,0,-0.998553;
racing,killTube,20,50,20,-1150,242.0797,3392.5,0,0,0,1;
custom,cylinder,lava1,3.5,50,3.5,0,1,1,1,0.2,3.0,-1150,387.5,3392.5,0,0.725,0,0.725;
custom,arc180,lava1,11,20,11,0,1,0,1,1.0,1.0,-1187.815,452.5,3428.225,0,-0.3880397,0,-0.9216427;
custom,arc180,lava1,11,20,11,0,1,0,1,1.0,1.0,-1174.473,452.25,3338.018,0,-0.558507,0,0.8294998;
racing,killTube,20,65,20,-1150,700.3198,3392.5,0,0,0,1;
racing,killCuboid,20,2,4,-1150,452.5,3392.5,0,0.48,0,0.52;
racing,killCuboid,20,2,4,-1150,472.5,3392.5,0,0.58,0,0.42;
racing,killCuboid,20,2,4,-1150,492.5,3392.5,0,0.68,0,0.32;
racing,killCuboid,20,2,4,-1150,512.5,3392.5,0,0.78,0,0.22;
racing,killCuboid,20,2,4,-1150,532.5,3392.5,0,0.88,0,0.12;
racing,killCuboid,20,2,4,-1150,552.5,3392.5,0,0.98,0,0.02;
racing,killCuboid,20,2,4,-1150,572.5,3392.5,0,0.08,0,0.92;
racing,killCuboid,20,2,4,-1150,592.5,3392.5,0,0.18,0,0.82;
racing,killCuboid,20,2,4,-1150,612.5,3392.5,0,0.28,0,0.72;
racing,killCuboid,20,2,4,-1150,632.5,3392.5,0,0.38,0,0.62;
racing,killCuboid,20,2,4,-1150,652.5,3392.5,0,0.48,0,0.52;
racing,killCuboid,20,2,4,-1150,672.5,3392.5,0,0.58,0,0.42;
racing,killCuboid,20,2,4,-1150,692.5,3392.5,0,0.68,0,0.32;
racing,killCuboid,20,2,4,-1150,712.5,3392.5,0,0.78,0,0.22;
racing,killCuboid,20,2,4,-1150,732.5,3392.5,0,0.88,0,0.12;
racing,killCuboid,20,2,4,-1150,752.5,3392.5,0,0.98,0,0.02;
racing,killCuboid,20,2,4,-1150,772.5,3392.5,0,0.08,0,0.92;
racing,killCuboid,20,2,4,-1150,792.5,3392.5,0,0.18,0,0.82;
racing,killCuboid,20,2,4,-1150,812.5,3392.5,0,0.28,0,0.72;
racing,killCuboid,20,2,4,-1150,832.5,3392.5,0,0.38,0,0.62;
racing,killCuboid,20,2,4,-1150,852.5,3392.5,0,0.48,0,0.52;
racing,killCuboid,20,2,4,-1150,872.5,3392.5,0,0.58,0,0.42;
custom,cuboid,lava1,10,10,1.5,0,1,1,1,1.0,0.5,-1165.667,909.9,3344.559,0,0.8099421,0,0.5865098;
custom,cuboid,lava1,10,0.5,1.5,0,1,1,1,1.0,0.2,-1136.59,885.1,3432.548,0,0.8099421,0,0.5865098;
racing,checkpointCuboid,8.5,7.5,1,-1136.59,922.6,3432.548,0,0.8099421,0,0.5865098;
custom,cuboid,lava1,10,0.5,1.5,0,1,1,1,1.0,0.2,-1101.276,885.1,3376.906,0,0.1477845,0,0.9890196;
custom,cylinder,lava1,1.5,4,1.5,0,1,1,1,0.2,1.0,-1150,920,3392,0,0.725,0,0.725;
racing,killCuboid,20,2,4,-1150,432.5,3392.5,0,0.38,0,0.62;
racing,killCuboid,20,2,4,-1150,412.5,3392.5,0,0.28,0,0.72;
racing,killCuboid,20,2,4,-1150,392.5,3392.5,0,0.18,0,0.82;
racing,killCuboid,20,2,4,-1150,372.5,3392.5,0,0.08,0,0.92;
racing,killCuboid,20,2,4,-1150,352.5,3392.5,0,0.98,0,0.02;
racing,killCuboid,20,2,4,-1150,332.5,3392.5,0,0.88,0,0.12;
racing,killCuboid,20,2,4,-1150,312.5,3392.5,0,0.78,0,0.22;
racing,killCuboid,20,2,4,-1150,292.5,3392.5,0,0.68,0,0.32;
racing,killCuboid,20,2,4,-1150,272.5,3392.5,0,0.58,0,0.42;
racing,killCuboid,20,2,4,-1150,252.5,3392.5,0,0.48,0,0.52;
racing,killCuboid,20,2,4,-1150,232.5,3392.5,0,0.38,0,0.62;
racing,killCuboid,20,2,4,-1150,212.5,3392.5,0,0.28,0,0.72;
racing,killCuboid,20,2,4,-1150,192.5,3392.5,0,0.18,0,0.82;
racing,killCuboid,20,2,4,-1150,172.5,3392.5,0,0.08,0,0.92;
racing,killCuboid,20,2,4,-1150,152.5,3392.5,0,0.98,0,0.02;
racing,killCuboid,20,2,4,-1150,132.5,3392.5,0,0.88,0,0.12;
racing,killCuboid,20,2,4,-1150,112.5,3392.5,0,0.78,0,0.22;
racing,killCuboid,20,2,4,-1150,92.5,3392.5,0,0.68,0,0.32;
racing,killCuboid,20,2,4,-1150,72.5,3392.5,0,0.58,0,0.42;
racing,killCuboid,20,2,4,-1150,52.5,3392.5,0,0.48,0,0.52;
racing,killCuboid,20,2,4,-1150,32.5,3392.5,0,0.38,0,0.62;
racing,killCuboid,20,2,4,-1150,12.5,3392.5,0,0.28,0,0.72;
custom,cuboid,lava1,6,1.5,12,0,1,1,1,0.2,1.0,-1100.347,423.9153,3371.464,0,0.08395331,0,-0.9964697;
custom,cuboid,lava1,6,12,1.5,0,1,1,1,0.2,1.0,-1112.524,452.1321,3421.349,0,0.2168555,0,-0.9762037;
custom,cylinder,lava1,24.5,1,24.5,0,1,1,1,1.0,1.0,-1151.427,954.4803,3388.5,0,0.6929685,0,-0.7209678;
custom,cuboid,lava1,2.5,7.5,2.5,0,1,0,1,0.2,1.0,-1159.167,36.82962,3291.506,0,-0.02837885,0,0.9995973;
racing,killCuboid,12,7.5,1.5,-1182.41,37.63244,3211.972,0,0.05708509,0,0.9983693;
custom,endCuboid,default,4,1,1.5,0,1,1,1,1.0,1.0,-1189.856,37.55244,3212.561,0,0.05708509,0,0.9983693;
custom,endPrism,default,2,1.5,2,0,1,0,1,0.2,1.0,-1163.242,38.24076,3209.208,0.4689099,0.4720367,-0.529451,-0.5262951;
custom,endCuboid,default,4,1,1.5,0,1,1,1,1.0,1.0,-1189.856,37.55244,3212.561,0,0.05708509,0,0.9983693;
custom,endPrism,default,2,1.5,2,0,1,0,1,0.2,1.0,-1163.242,38.24076,3209.208,0.4689099,0.4720367,-0.529451,-0.5262951;
racing,killCuboid,17,2.5,1.5,-1152.673,62.75,3145.924,0,0.05708509,0,0.9983693;
racing,killCuboid,17,2.5,1.5,-1152.673,12.75,3145.924,0,0.05708509,0,0.9983693;
racing,killCuboid,12.5,3,1.5,-1128.718,37.42999,3143.165,0,0.05708509,0,0.9983693;
custom,startCuboid,default,2.9,2.9,1.5,0,1,0,1,0.2,1.0,-1175.509,37.41261,3148.58,0,0.9983829,0,-0.05684672;
custom,cuboid,default,1.4,7.5,1.4,1,1,0,1,0.2,1.0,-1130.936,36.81161,3206.338,0,0.9982857,0,-0.05853052;
racing,killCuboid,11,7.5,1.5,-1177.353,36.91242,3082.001,0,0.05708509,0,0.9983693;
racing,killCuboid,11,7.5,1.5,-1128.889,36.3924,3021.144,0,0.05603958,0,0.9984286;
racing,killCuboid,11,1,7,-1180.439,37,3054.745,0,0.05708509,0,0.9983693;
custom,cylinder,default,1,6,1,1,1,0,1,0.2,1.0,-1122.804,36.88,3074.843,0.7061117,0.03750008,-0.03750008,0.7061117;
racing,killCylinder,1.2,6.2,1.2,-1122.804,36.88,3074.843,0.7061117,0.03750008,-0.03750008,0.7061117;
racing,killCuboid,8,4,1,-1124.222,54.29239,3108.679,0,0.7439734,0,0.6682093;
racing,killCuboid,7,4,1,-1130.729,18.1141,3047.992,0,0.7446008,0,0.6675101;
custom,endCuboid,default,2,0.5,1,1,1,0,1,0.2,1.0,-1073.991,19.305,3093.38,0.2441206,0.6994458,0.2213424,0.6341832;
custom,endPrism,default,1,1,1,1,1,0,1,0.2,1.0,-1074.78,27.88305,3082.854,0.1984122,0.2559683,-0.6784381,0.6594199;
custom,endCuboid,default,2,0.5,1,1,1,0,1,0.2,1.0,-1073.991,19.305,3093.38,0.2441206,0.6994458,0.2213424,0.6341832;
custom,endPrism,default,1,1,1,1,1,0,1,0.2,1.0,-1074.78,27.88305,3082.854,0.1984122,0.2559683,-0.6784381,0.6594199;
racing,killCuboid,5,4,1,-1204.66,21.99518,3027.448,0,0.05624856,0,0.9984168;
custom,cylinder,default,1.5,2,1.5,1,1,0,1,0.2,1.0,-1174.678,51.59716,3026.51,0,0.05505104,0,0.9984835;
racing,killCuboid,12,2.5,1.5,-1394.882,63.18969,2860.725,0,0.9755851,0,-0.2196219;
racing,killCuboid,12,2.5,1.5,-1394.882,17.04002,2860.725,0,0.9755851,0,-0.2196219;
racing,killCuboid,3,7.5,1.5,-1424.959,38.52021,2876.054,0,0.9755851,0,-0.2196219;
racing,killCuboid,3,7.5,1.5,-1362.42,38.20013,2845.692,0,0.9755851,0,-0.2196219;
custom,cuboid,lava1,15,1,1.9,0,1,0,1,1.0,0.1,-1155.903,6.934021,2945.819,0,0.9982588,0,-0.05898545;
racing,checkpointCuboid,14,7.5,1.5,-1162.207,38.07341,2946.565,0,0.9983163,0,-0.05800503;
racing,killCuboid,12,4.5,1.5,-1567.163,52.9679,2729.042,0,0.435424,0,-0.9002255;
racing,killCuboid,6,7.5,1.5,-1585.787,37.95797,2705.619,0,0.4352285,0,-0.9003201;
racing,killCuboid,7,7.5,1.5,-1483.681,38.10602,2884.575,0,0.03673675,0,0.999325;
racing,killCuboid,3.5,7.5,1.5,-1627.159,37.58291,2920.811,0,0.668169,0,-0.7440096;
racing,killCuboid,3.5,7.5,1.5,-1619.003,37.66291,2985.615,0,0.6658283,0,-0.7461051;
racing,killCuboid,10,2,1.5,-1623.204,65.08849,2953.307,0,0.6639251,0,-0.7477992;
racing,killCylinder,2,5,2,-1786.286,23.5,2929.889,0,0.9520044,0,-0.3060845;
racing,killCylinder,2,5,2,-1753.286,23.5,2851.412,0,0.9661609,0,-0.2579402;
racing,killCylinder,2,5,2,-1815.518,23.5,2754.565,0,0.9650266,0,-0.2621519;
racing,killCylinder,2,5,2,-1853.174,23.5,2837.948,0,0.9526762,0,-0.3039868;
racing,killCuboid,8,5,1.5,-1901.666,50.53178,2759.325,0,0.7031873,0,-0.7110047;
racing,killCuboid,8,2.5,1.5,-2035,62.76448,2764.512,0,0.6970064,0,-0.7170649;
racing,killCuboid,8,2.5,1.5,-2035,16.20448,2764.512,0,0.6970064,0,-0.7170649;
racing,killCuboid,75,1.5,120,-1579.678,79.97466,2970.774,0,0.7088592,0,-0.7053501;
