playerC,-455.0057,643.5508,-203.0845;
playerM,-455.0057,643.5508,-203.0845;
a55791;
map,disablebounds;
misc,barrier,7,1,45,-457.3,675,0,0,0,0,1;
custom,cuboid,stone5,1,1,45,0,1,1,1,4,1,-427.3,615,0,0,0,0,1;
custom,cuboid,stone5,1,6,1,0,1,1,1,4,1,-427.3,640,220,0,0,0,1;
custom,cuboid,stone5,1,6,39,0,1,1,1,4,1,-427.3,640,-30,0,0,0,1;
custom,cuboid,stone5,1,6,45,0,1,1,1,4,1,-487.3,640,0,0,0,0,1;
custom,cuboid,stone5,5,5,1,0,1,1,1,1,1,-457.3,645,-220,0,0,0,1;
custom,cuboid,stone5,5,5,1,0,1,1,1,1,1,-457.3,645,220,0,0,0,1;
custom,cuboid,stone3,6,1,45,0,1,1,1,1,4,-457.3,615,0,0,0,0,1;
custom,cuboid,stone5,2,2,2,0,1,1,1,0.5,0.5,-472.3,630,-95,0,0,0,1;
custom,cuboid,stone5,2,2,2,0,1,1,1,0.5,0.5,-442.3,630,5,0,0,0,1;
custom,cuboid,stone5,2,3,2,0,1,1,1,0.5,0.5,-472.3,635,105,0,0,0,1;
misc,barrier,12,1,57,-147.3,677.5,190,0,0.7071068,0,0.7071068;
custom,cuboid,stone3,12,1,57,0,1,1,1,1,4,-147.3,557.5,190,0,0.7071068,0,0.7071068;
custom,cuboid,stone5,1,5,11,0,1,1,1,1,1,-207.3,647.5,190,0,0,0,1;
custom,cuboid,stone5,1,5,11,0,1,1,1,1,1,-107.3,587.5,190,0,0,0,1;
custom,cuboid,stone5,1,5,11,0,1,1,1,1,1,-7.299942,647.5,190,0,0,0,1;
custom,cylinder,stone5,1,5.5,1,0,1,1,1,0.5,2,-207.3,622.5,190,-0.5000001,0.5000001,-0.5000001,0.5000001;
custom,cylinder,stone5,1,5.5,1,0,1,1,1,0.5,2,-107.3,612.5,190,-0.5000001,0.5000001,-0.5000001,0.5000001;
custom,cylinder,stone5,1,5.5,1,0,1,1,1,0.5,2,-7.299942,622.5,190,-0.5000001,0.5000001,-0.5000001,0.5000001;
custom,cuboid,stone5,1,11,2,0,1,1,1,1,1,-257.3,617.5,235,0,0,0,1;
custom,cuboid,stone5,1,11,6,0,1,1,1,1,1,-257.3,617.5,165,0,0,0,1;
custom,cuboid,stone5,1,11,4,0,1,1,1,1,1,-157.3,617.5,225,0,0,0,1;
custom,cuboid,stone5,1,11,4,0,1,1,1,1,1,-157.3,617.5,155,0,0,0,1;
custom,cuboid,stone5,1,11,6,0,1,1,1,1,1,-57.29994,617.5,215,0,0,0,1;
custom,cuboid,stone5,1,11,2,0,1,1,1,1,1,-57.29995,617.5,145,0,0,0,1;
custom,cuboid,stone5,1,5,11,0,1,1,1,1,1,-307.3,587.5,190,0,0,0,1;
custom,cylinder,stone5,1,5.5,1,0,1,1,1,0.5,2,-307.3,612.5,190,0,0.7071068,0.7071068,0;
custom,cuboid,stone5,1,11,55,0,1,1,1,4,2,-147.3,617.5,245,0,0.7071068,0,0.7071068;
custom,cuboid,stone5,1,5.5,55,0,1,1,1,4,2,-147.3,590,135,0,0.7071068,0,0.7071068;
custom,cuboid,stone5,1,11,45,0,1,1,1,4,2,-197.3,617.5,135,0,0.7071068,0,0.7071068;
custom,cuboid,stone5,1,0.25,12,0,1,1,1,1,2,-427.3,671.25,190,0,1,0,0;
custom,cuboid,stone5,1,5.75,12,0,1,1,1,1,2,-427.3,591.25,190,0,1,0,0;
custom,cuboid,stone5,1,11,3.499995,0,1,1,1,1,2,-427.3,617.5,147.5,0,1,0,0;
custom,cuboid,stone5,1,11,3.499995,0,1,1,1,1,2,-427.3,617.5,232.5,0,1,0,0;
custom,cuboid,stone5,1,11,12,0,1,1,1,1,2,132.7001,617.5,189.9999,0,1,0,0;
custom,cuboid,stone3,11.5,11,0.5,0,1,1,1,1,1,-364.8,615,190,-0.7071068,0,0,0.7071068;
misc,barrier,9.999988,1,107,542.7001,675,69.99993,0,-0.7071068,0,-0.7071068;
misc,barrier,12,0.75,107,542.7001,676.25,79.99999,0,-0.7071068,0,-0.7071068;
misc,barrier,12,1,95.00001,602.7001,675,79.99998,0,-0.7071068,0,-0.7071068;
misc,barrier,12,1,1.999976,17.69995,675,80.00005,0,-0.7071068,0,-0.7071068;
custom,cuboid,stone3,8.999988,1,105,0,1,1,1,1,8,542.7001,615,74.99993,0,-0.7071068,0,-0.7071068;
custom,cuboid,stone3,10,0.75,105,0,1,1,1,1,8,542.7001,613.75,79.99999,0,-0.7071068,0,-0.7071068;
custom,cuboid,stone3,10,1,94.00002,0,1,1,1,1,8,597.7001,615,79.99998,0,-0.7071068,0,-0.7071068;
custom,cuboid,stone3,10,1,0.9999756,0,1,1,1,1,8,22.69995,615,80.00005,0,-0.7071068,0,-0.7071068;
custom,cuboid,stone5,1,1,105,0,1,1,1,12,1,542.7001,615,24.99998,0,-0.7071068,0,-0.7071068;
custom,cuboid,stone5,1,6,0.9999756,0,1,1,1,12,1,1062.7,640,24.99992,0,-0.7071068,0,-0.7071068;
custom,cuboid,stone5,1,6,94.00002,0,1,1,1,12,1,487.7003,640,24.99999,0,-0.7071068,0,-0.7071068;
custom,cuboid,stone5,1,0.75,105,0,1,1,1,12,1,542.7001,613.75,135,0,-0.7071068,0,-0.7071068;
custom,cuboid,stone5,1,6,94.00002,0,1,1,1,12,1,597.7001,640,135,0,-0.7071068,0,-0.7071068;
custom,cuboid,stone5,1,6,0.9999756,0,1,1,1,12,1,22.69995,640,135.0001,0,-0.7071068,0,-0.7071068;
custom,cuboid,stone5,12,6,1,0,1,1,1,2,1,12.70007,640,79.99993,0,-0.7071068,0,-0.7071068;
custom,cuboid,stone5,12,6,1,0,1,1,1,2,1,1072.7,640,80.00005,0,-0.7071068,0,-0.7071068;
custom,cuboid,stone5,1,6,1,0,1,1,1,0.5,1,932.7002,640,125,0,-0.7071068,0,-0.7071068;
custom,cuboid,stone5,1,6,1,0,1,1,1,0.5,1,732.7001,640,125,0,-0.7071068,0,-0.7071068;
custom,cuboid,stone5,1,6,1,0,1,1,1,0.5,1,532.7001,640,125,0,-0.7071068,0,-0.7071068;
custom,cuboid,stone5,1,6,1,0,1,1,1,0.5,1,332.7001,640,125,0,-0.7071068,0,-0.7071068;
custom,cuboid,stone5,1,6,1,0,1,1,1,0.5,1,132.7001,640,125,0,-0.7071068,0,-0.7071068;
custom,cuboid,stone5,1,6,1,0,1,1,1,0.5,1,232.7001,640,34.99995,0,-0.7071068,0,-0.7071068;
custom,cuboid,stone5,1,6,1,0,1,1,1,0.5,1,432.7001,640,34.99997,0,-0.7071068,0,-0.7071068;
custom,cuboid,stone5,1,6,1,0,1,1,1,0.5,1,632.7001,640,35,0,-0.7071068,0,-0.7071068;
custom,cuboid,stone5,1,6,1,0,1,1,1,0.5,1,832.7002,640,35.00002,0,-0.7071068,0,-0.7071068;
custom,cuboid,stone5,1,8,0.9,0,1,1,1,0.25,1,332.7001,637.5,94.99997,-0.270479,-0.6533309,-0.270479,-0.6533309;
custom,cuboid,stone5,1,8,0.9,0,1,1,1,0.25,1,732.7001,637.5,95.00002,-0.270479,-0.6533309,-0.270479,-0.6533309;
custom,cuboid,stone5,1,8,0.9,0,1,1,1,0.25,1,232.7001,637.5,64.99995,-0.270479,-0.6533309,0.270479,0.6533309;
custom,cuboid,stone5,1,8,0.9,0,1,1,1,0.25,1,632.7001,637.5,65,-0.270479,-0.6533309,0.270479,0.6533309;
custom,cuboid,stone5,1,1,9,0,1,1,1,2,0.5,132.7001,665,74.99994,0,0,0,-1;
custom,cuboid,stone5,1,1,9,0,1,1,1,2,0.5,432.7001,655,84.99998,0,0,0,-1;
custom,cuboid,stone5,1,1,9,0,1,1,1,2,0.5,532.7001,635,74.99999,0,0,0,-1;
custom,cuboid,stone5,1,1,9,0,1,1,1,2,0.5,832.7002,625,85.00003,0,0,0,-1;
custom,cuboid,stone5,1,6,1,0,1,1,1,0.5,1,967.7002,640,80.00005,0,0,0,-1;
custom,cuboid,stone5,1,6,1,0,1,1,1,0.5,1,867.7002,640,70.00003,0,0,0,-1;
custom,cuboid,stone5,1,6,1,0,1,1,1,0.5,1,867.7002,640,90.00003,0,0,0,-1;
custom,cuboid,stone5,1,6,1,0,1,1,1,0.5,1,767.7002,640,80.00002,0,0,0,-1;
custom,cuboid,stone5,1,6,1,0,1,1,1,0.5,1,667.7001,640,60.00001,0,0,0,-1;
custom,cuboid,stone5,1,6,1,0,1,1,1,0.5,1,667.7001,640,100,0,0,0,-1;
custom,cuboid,stone5,1,6,1,0,1,1,1,0.5,1,567.7001,640,79.99999,0,0,0,-1;
custom,cuboid,stone5,1,6,1,0,1,1,1,0.5,1,467.7001,640,49.99998,0,0,0,-1;
custom,cuboid,stone5,1,6,1,0,1,1,1,0.5,1,467.7001,640,110,0,0,0,-1;
custom,cuboid,stone5,1,6,1,0,1,1,1,0.5,1,367.7001,640,79.99997,0,0,0,-1;
misc,barrier,12,1,57,1007.7,677.5,-255,0,-1,0,0;
custom,cuboid,stone3,12,1,57,0,1,1,1,1,4,1007.7,557.5,-255,0,-1,0,0;
custom,cuboid,stone5,1,5,11,0,1,1,1,1,1,1007.7,647.5,-195,0,-0.7071068,0,-0.7071068;
custom,cuboid,stone5,1,5,11,0,1,1,1,1,1,1007.7,587.5,-295,0,-0.7071068,0,-0.7071068;
custom,cuboid,stone5,1,5,11,0,1,1,1,1,1,1007.7,647.5,-395,0,-0.7071068,0,-0.7071068;
custom,cylinder,stone5,1,5.5,1,0,1,1,1,0.5,2,1007.7,622.5,-195,0.7071068,-0.7071068,0,0;
custom,cylinder,stone5,1,5.5,1,0,1,1,1,0.5,2,1007.7,612.5,-295,0.7071068,-0.7071068,0,0;
custom,cylinder,stone5,1,5.5,1,0,1,1,1,0.5,2,1007.7,622.5,-395,0.7071068,-0.7071068,0,0;
custom,cuboid,stone5,1,11,2,0,1,1,1,1,1,1052.7,617.5,-145,0,-0.7071068,0,-0.7071068;
custom,cuboid,stone5,1,11,6,0,1,1,1,1,1,982.7003,617.5,-145,0,-0.7071068,0,-0.7071068;
custom,cuboid,stone5,1,11,4,0,1,1,1,1,1,1042.7,617.5,-245,0,-0.7071068,0,-0.7071068;
custom,cuboid,stone5,1,11,4,0,1,1,1,1,1,972.7003,617.5,-245,0,-0.7071068,0,-0.7071068;
custom,cuboid,stone5,1,11,6,0,1,1,1,1,1,1032.7,617.5,-345,0,-0.7071068,0,-0.7071068;
custom,cuboid,stone5,1,11,2,0,1,1,1,1,1,962.7003,617.5,-345,0,-0.7071068,0,-0.7071068;
custom,cuboid,stone5,1,5,11,0,1,1,1,1,1,1007.7,587.5,-94.99997,0,-0.7071068,0,-0.7071068;
custom,cylinder,stone5,1,5.5,1,0,1,1,1,0.5,2,1007.7,612.5,-94.99997,-0.5,-0.5,-0.5,0.5;
custom,cuboid,stone5,1,11,55,0,1,1,1,4,2,1062.7,617.5,-255,0,-1,0,0;
custom,cuboid,stone5,1,5.5,55,0,1,1,1,4,2,952.7003,590,-255,0,-1,0,0;
custom,cuboid,stone5,1,11,45,0,1,1,1,4,2,952.7003,617.5,-205,0,-1,0,0;
custom,cuboid,stone5,1,0.25,12,0,1,1,1,1,2,1007.7,671.25,25.00003,0,-0.7071068,0,0.7071068;
54223;
custom,cuboid,stone5,1,5.75,12,0,1,1,1,1,2,1007.7,591.25,25.00003,0,-0.7071068,0,0.7071068;
custom,cuboid,stone5,1,11,0.999987,0,1,1,1,1,2,952.7003,617.5,25.00002,0,-0.7071068,0,0.7071068;
custom,cuboid,stone5,1,11,1.000011,0,1,1,1,1,2,1062.7,617.5,25.00004,0,-0.7071068,0,0.7071068;
custom,cuboid,stone5,1,11,12,0,1,1,1,1,2,1007.7,617.5,-535,0,-0.7071068,0,0.7071068;
custom,cuboid,stone3,11.5,11,0.5,0,1,1,1,1,1,1007.7,615,-37.49997,0.5,-0.5,-0.5,-0.5;
misc,barrier,12,1,57,897.7003,677.5,-254.9999,0,0,0,1;
custom,cuboid,stone3,12,1,57,0,1,1,1,1,4,897.7003,557.5,-254.9999,0,0,0,1;
custom,cuboid,stone5,1,5,11,0,1,1,1,1,1,897.7003,647.5,-314.9999,0,-0.7071069,0,0.7071069;
custom,cuboid,stone5,1,5,11,0,1,1,1,1,1,897.7003,587.5,-214.9999,0,-0.7071069,0,0.7071069;
custom,cuboid,stone5,1,5,11,0,1,1,1,1,1,897.7003,647.5,-114.9999,0,-0.7071069,0,0.7071069;
custom,cylinder,stone5,1,5.5,1,0,1,1,1,0.5,2,897.7003,622.5,-314.9999,0,0,-0.7071069,0.7071069;
custom,cylinder,stone5,1,5.5,1,0,1,1,1,0.5,2,897.7003,612.5,-214.9999,0,0,-0.7071069,0.7071069;
custom,cylinder,stone5,1,5.5,1,0,1,1,1,0.5,2,897.7003,622.5,-114.9999,0,0,-0.7071069,0.7071069;
custom,cuboid,stone5,1,11,2,0,1,1,1,1,1,852.7003,617.5,-364.9999,0,-0.7071069,0,0.7071069;
custom,cuboid,stone5,1,11,6,0,1,1,1,1,1,922.7003,617.5,-364.9999,0,-0.7071069,0,0.7071069;
custom,cuboid,stone5,1,11,4,0,1,1,1,1,1,862.7003,617.5,-264.9999,0,-0.7071069,0,0.7071069;
custom,cuboid,stone5,1,11,4,0,1,1,1,1,1,932.7003,617.5,-264.9999,0,-0.7071069,0,0.7071069;
custom,cuboid,stone5,1,11,6,0,1,1,1,1,1,872.7003,617.5,-164.9999,0,-0.7071069,0,0.7071069;
custom,cuboid,stone5,1,11,2,0,1,1,1,1,1,942.7003,617.5,-164.9999,0,-0.7071069,0,0.7071069;
custom,cuboid,stone5,1,5,11,0,1,1,1,1,1,897.7003,587.5,-414.9999,0,-0.7071069,0,0.7071069;
custom,cylinder,stone5,1,5.5,1,0,1,1,1,0.5,2,897.7003,612.5,-414.9999,-0.5000001,0.5000001,0.5000001,0.5000001;
custom,cuboid,stone5,1,5.5,55,0,1,1,1,4,2,842.7003,590,-254.9999,0,0,0,1;
custom,cuboid,stone5,1,11,45,0,1,1,1,4,2,842.7003,617.5,-304.9999,0,0,0,1;
custom,cuboid,stone5,1,5.5,55,0,1,1,1,4,2,952.7003,590,-254.9999,0,0,0,1;
custom,cuboid,stone5,1,11,45,0,1,1,1,4,2,952.7003,617.5,-204.9999,0,0,0,1;
custom,cuboid,stone5,1,11,12,0,1,1,1,1,2,897.7003,617.5,-535,0,0.7071069,0,0.7071069;
custom,cuboid,stone5,1,11,12,0,1,1,1,1,2,897.7003,617.5,25.00015,0,0.7071069,0,0.7071069;
custom,cuboid,stone3,11.5,11,0.5,0,1,1,1,1,1,897.7003,615,-472.5,-0.5000001,-0.5000001,-0.5000001,0.5000001;
misc,barrier,12,1,57,562.7003,677.5,-29.99989,0,0.7071068,0,-0.7071068;
custom,cuboid,stone3,12,1,57,0,1,1,1,1,4,562.7003,557.5,-29.99989,0,0.7071068,0,-0.7071068;
custom,cuboid,stone5,1,5,11,0,1,1,1,1,1,622.7003,647.5,-29.99988,0,1,0,0;
custom,cuboid,stone5,1,5,11,0,1,1,1,1,1,522.7003,587.5,-29.99989,0,1,0,0;
custom,cuboid,stone5,1,5,11,0,1,1,1,1,1,422.7003,647.5,-29.9999,0,1,0,0;
custom,cylinder,stone5,1,5.5,1,0,1,1,1,0.5,2,622.7003,622.5,-29.99988,-0.5000001,0.5000001,0.5000001,-0.5000001;
custom,cylinder,stone5,1,5.5,1,0,1,1,1,0.5,2,522.7003,612.5,-29.99989,-0.5000001,0.5000001,0.5000001,-0.5000001;
custom,cylinder,stone5,1,5.5,1,0,1,1,1,0.5,2,422.7003,622.5,-29.9999,-0.5000001,0.5000001,0.5000001,-0.5000001;
custom,cuboid,stone5,1,11,2,0,1,1,1,1,1,672.7003,617.5,-74.99988,0,1,0,0;
custom,cuboid,stone5,1,11,6,0,1,1,1,1,1,672.7003,617.5,-4.99987,0,1,0,0;
custom,cuboid,stone5,1,11,4,0,1,1,1,1,1,572.7003,617.5,-64.99989,0,1,0,0;
custom,cuboid,stone5,1,11,4,0,1,1,1,1,1,572.7003,617.5,5.000118,0,1,0,0;
custom,cuboid,stone5,1,11,6,0,1,1,1,1,1,472.7003,617.5,-54.9999,0,1,0,0;
custom,cuboid,stone5,1,11,2,0,1,1,1,1,1,472.7003,617.5,15.00011,0,1,0,0;
custom,cuboid,stone5,1,5,11,0,1,1,1,1,1,722.7003,587.5,-29.99987,0,1,0,0;
custom,cylinder,stone5,1,5.5,1,0,1,1,1,0.5,2,722.7003,612.5,-29.99987,0.7071068,0,0,-0.7071068;
custom,cuboid,stone5,1,5.5,55,0,1,1,1,4,2,562.7003,590,-84.99989,0,0.7071068,0,-0.7071068;
custom,cuboid,stone5,1,11,45,0,1,1,1,4,2,612.7003,617.5,-84.99989,0,0.7071068,0,-0.7071068;
custom,cuboid,stone5,1,11,55,0,1,1,1,4,2,562.7003,617.5,25.00012,0,0.7071068,0,-0.7071068;
custom,cuboid,stone5,1,5.5,12,0,1,1,1,1,2,842.7003,590,-29.99985,0,0,0,-1;
custom,cuboid,stone5,1,11,0.9999985,0,1,1,1,1,2,842.7003,617.5,25.00016,0,0,0,-1;
custom,cuboid,stone5,1,11,0.9999958,0,1,1,1,1,2,842.7003,617.5,-84.99988,0,0,0,-1;
custom,cuboid,stone5,1,11,12,0,1,1,1,1,2,282.7003,617.5,-29.99992,0,0,0,-1;
custom,cuboid,stone3,11.5,11,0.5,0,1,1,1,1,1,780.2003,615,-29.99986,0,0.7071068,0.7071068,0;
misc,barrier,0.749997,1,95,391.4503,675,-554.9999,0,0,0,1;
misc,barrier,0.749997,1,95,283.9503,675,-554.9999,0,0,0,1;
misc,barrier,11.5,0.75,95,337.7003,676.25,-554.9999,0,0,0,1;
misc,barrier,11.5,1,93,337.7003,675,-564.9999,0,0,0,1;
custom,cuboid,stone5,0.749997,6,95,0,1,1,1,15.8333,1,391.4503,640,-554.9999,0,0,0,1;
custom,cuboid,stone5,1,0.75,95,0,1,1,1,15.8333,1,390.2003,613.75,-554.9999,0,0,0,1;
custom,cuboid,stone5,1,6,93,0,1,1,1,15.8333,1,390.2003,640,-564.9999,0,0,0,1;
custom,cuboid,stone5,0.749997,1,95,0,1,1,1,15.8333,1,283.9503,615,-554.9999,0,0,0,1;
custom,cuboid,stone5,0.749997,6,84.5,0,1,1,1,15.8333,1,283.9503,640,-502.4999,0,0,0,1;
custom,cuboid,stone5,0.749997,6,1,0,1,1,1,15.8333,1,283.9503,640,-1025,0,0,0,1;
custom,cuboid,stone5,1,0.75,95,0,1,1,1,15.8333,1,285.2003,613.75,-554.9999,0,0,0,1;
custom,cuboid,stone5,1,1,93,0,1,1,1,15.8333,1,285.2003,615,-564.9999,0,0,0,1;
custom,cuboid,stone5,1,6,82.5,0,1,1,1,15.8333,1,285.2003,640,-512.4999,0,0,0,1;
custom,cuboid,stone5,1,6,1,0,1,1,1,15.8333,1,285.2003,640,-1025,0,0,0,1;
custom,cuboid,stone5,9.5,0.75,1,0,1,1,1,1.58333,1,337.7003,613.75,-84.99994,0,0,0,1;
custom,cuboid,stone5,9.5,6,1,0,1,1,1,1.58333,1,337.7003,640,-1025,0,0,0,1;
custom,cuboid,stone3,9.5,0.75,93,0,1,1,1,1,9.7895,337.7003,613.75,-554.9999,0,0,0,1;
custom,cuboid,stone3,9.5,1,92,0,1,1,1,1,9.7895,337.7003,615,-559.9999,0,0,0,1;
custom,cylinder,stone5,8,3,8,0,1,1,1,2,1,385.2003,640,-234.9999,0,0,0,1;
custom,cylinder,stone5,8,3,8,0,1,1,1,2,1,290.2003,640,-314.9999,0,0,0,1;
custom,cylinder,stone5,4,3,4,0,1,1,1,2,1,337.7003,640,-394.9999,0,0,0,1;
custom,cylinder,stone5,6,3,6,0,1,1,1,2,1,385.2003,640,-444.9999,0,0,0,1;
custom,cylinder,stone5,6,3,6,0,1,1,1,2,1,290.2003,640,-504.9999,0,0,0,1;
custom,cylinder,stone5,3,3,3,0,1,1,1,2,1,337.7003,640,-564.9999,0,0,0,1;
custom,cylinder,stone5,4,3,4,0,1,1,1,1,1,385.2003,640,-599.9999,0,0,0,1;
custom,cylinder,stone5,4,3,4,0,1,1,1,1,1,290.2003,640,-639.9999,0,0,0,1;
custom,cylinder,stone5,2,3,2,0,1,1,1,1,1,337.7003,640,-679.9999,0,0,0,1;
custom,cylinder,stone5,10,0.95,14,0,1,1,1,2,0.25,337.7003,660.5,-814.9999,0,0,0,1;
custom,cylinder,stone5,10,1.45,14,0,1,1,1,2,0.25,337.7003,624.5,-814.9999,0,0,0,1;
custom,cylinder,stone5,10,0.05,14,0,1,1,1,2,2,337.7003,639.5,-814.9999,0,0,0,1;
custom,cylinder,stone5,10,0.05,14,0,1,1,1,2,2,337.7003,650.5,-814.9999,0,0,0,1;
custom,cylinder,stone5,10,0.05,14,0,1,1,1,2,2,337.7003,670.5,-814.9999,0,0,0,1;
custom,cuboid,stone5,2.5,2.5,2.5,0,1,1,1,0.5,0.5,325.2003,630,-954.9999,0,0,0,1;
custom,cuboid,stone5,2,6,5,0,1,1,1,1,1,370.2003,640,-904.9999,0,0.382515,0,0.9239493;
misc,barrier,11.5,1,95,-184.7997,675,-972.5,0,0.7071068,0,0.7071068;
custom,cuboid,stone5,1,1,95,0,1,1,1,15.8333,1,-184.7997,615,-1025,0,0.7071068,0,0.7071068;
custom,cuboid,stone5,1,6,84.5,0,1,1,1,15.8333,1,-132.2997,640,-1025,0,0.7071068,0,0.7071068;
custom,cuboid,stone5,1,6,0.9999878,0,1,1,1,15.8333,1,-654.7999,640,-1025,0,0.7071068,0,0.7071068;
custom,cuboid,stone5,1,6,95,0,1,1,1,15.8333,1,-184.7997,640,-920,0,0.7071068,0,0.7071068;
custom,cuboid,stone5,9.5,6,1,0,1,1,1,1.58333,1,-654.7998,640,-972.5001,0,0.7071068,0,0.7071068;
custom,cuboid,stone3,9.5,1,93,0,1,1,1,1,9.7895,-184.7997,615,-972.5,0,0.7071068,0,0.7071068;
custom,cylinder,stone5,8,3,8,0,1,1,1,2,1,135.2003,640,-1020,0,0.7071068,0,0.7071068;
custom,cylinder,stone5,8,3,8,0,1,1,1,2,1,55.2003,640,-924.9999,0,0.7071068,0,0.7071068;
custom,cylinder,stone5,4,3,4,0,1,1,1,2,1,-24.79971,640,-972.5,0,0.7071068,0,0.7071068;
custom,cylinder,stone5,6,3,6,0,1,1,1,2,1,-74.79971,640,-1020,0,0.7071068,0,0.7071068;
custom,cylinder,stone5,6,3,6,0,1,1,1,2,1,-134.7997,640,-925,0,0.7071068,0,0.7071068;
custom,cylinder,stone5,3,3,3,0,1,1,1,2,1,-194.7997,640,-972.5,0,0.7071068,0,0.7071068;
custom,cylinder,stone5,4,3,4,0,1,1,1,1,1,-229.7997,640,-1020,0,0.7071068,0,0.7071068;
69354;
custom,cylinder,stone5,4,3,4,0,1,1,1,1,1,-269.7997,640,-925,0,0.7071068,0,0.7071068;
custom,cylinder,stone5,2,3,2,0,1,1,1,1,1,-309.7997,640,-972.5,0,0.7071068,0,0.7071068;
custom,cylinder,stone5,10,0.95,14,0,1,1,1,2,0.25,-444.7997,660.5,-972.5001,0,0.7071068,0,0.7071068;
custom,cylinder,stone5,10,1.45,14,0,1,1,1,2,0.25,-444.7997,624.5,-972.5001,0,0.7071068,0,0.7071068;
custom,cylinder,stone5,10,0.05,14,0,1,1,1,2,2,-444.7997,639.5,-972.5001,0,0.7071068,0,0.7071068;
custom,cylinder,stone5,10,0.05,14,0,1,1,1,2,2,-444.7997,650.5,-972.5001,0,0.7071068,0,0.7071068;
custom,cylinder,stone5,10,0.05,14,0,1,1,1,2,2,-444.7997,670.5,-972.5001,0,0.7071068,0,0.7071068;
custom,cuboid,stone5,2.5,2.5,2.5,0,1,1,1,0.5,0.5,-584.7998,630,-960.0001,0,0.7071068,0,0.7071068;
custom,cuboid,stone5,2,6,5,0,1,1,1,1,1,-534.7997,640,-1005,0,0.9238098,0,0.3828519;
misc,barrier,12,1,107,-1067.3,675,-1080,0,0.7071068,0,-0.7071068;
custom,cuboid,stone3,10,1,105,0,1,1,1,1,8,-1067.3,615,-1080,0,0.7071068,0,-0.7071068;
custom,cuboid,stone5,1,1,105,0,1,1,1,12,1,-1067.3,615,-1025,0,0.7071068,0,-0.7071068;
custom,cuboid,stone5,1,6,94.25002,0,1,1,1,12,1,-1121.05,640,-1025,0,0.7071068,0,-0.7071068;
custom,cuboid,stone5,1,6,1.249976,0,1,1,1,12,1,-548.5496,640,-1025,0,0.7071068,0,-0.7071068;
custom,cuboid,stone5,1,1,105,0,1,1,1,12,1,-1067.3,615,-1135,0,0.7071068,0,-0.7071068;
custom,cuboid,stone5,1,6,0.9999817,0,1,1,1,12,1,-1587.3,640,-1135,0,0.7071068,0,-0.7071068;
custom,cuboid,stone5,1,6,94.00002,0,1,1,1,12,1,-1012.3,640,-1135,0,0.7071068,0,-0.7071068;
custom,cuboid,stone5,12,6,1,0,1,1,1,2,1,-537.2997,640,-1080,0,0.7071068,0,-0.7071068;
custom,cuboid,stone5,12,6,1,0,1,1,1,2,1,-1597.3,640,-1080,0,0.7071068,0,-0.7071068;
custom,cuboid,stone5,1,6,1,0,1,1,1,0.5,1,-1457.3,640,-1125,0,0.7071068,0,-0.7071068;
custom,cuboid,stone5,1,6,1,0,1,1,1,0.5,1,-1257.3,640,-1125,0,0.7071068,0,-0.7071068;
custom,cuboid,stone5,1,6,1,0,1,1,1,0.5,1,-1057.3,640,-1125,0,0.7071068,0,-0.7071068;
custom,cuboid,stone5,1,6,1,0,1,1,1,0.5,1,-857.2998,640,-1125,0,0.7071068,0,-0.7071068;
custom,cuboid,stone5,1,6,1,0,1,1,1,0.5,1,-657.2998,640,-1125,0,0.7071068,0,-0.7071068;
custom,cuboid,stone5,1,6,1,0,1,1,1,0.5,1,-757.2998,640,-1035,0,0.7071068,0,-0.7071068;
custom,cuboid,stone5,1,6,1,0,1,1,1,0.5,1,-957.2998,640,-1035,0,0.7071068,0,-0.7071068;
custom,cuboid,stone5,1,6,1,0,1,1,1,0.5,1,-1157.3,640,-1035,0,0.7071068,0,-0.7071068;
custom,cuboid,stone5,1,6,1,0,1,1,1,0.5,1,-1357.3,640,-1035,0,0.7071068,0,-0.7071068;
custom,cuboid,stone5,1,8,0.9,0,1,1,1,0.25,1,-857.2998,637.5,-1095,0.270479,0.6533309,-0.270479,-0.6533309;
custom,cuboid,stone5,1,8,0.9,0,1,1,1,0.25,1,-1257.3,637.5,-1095,0.270479,0.6533309,-0.270479,-0.6533309;
custom,cuboid,stone5,1,8,0.9,0,1,1,1,0.25,1,-757.2998,637.5,-1065,-0.270479,-0.6533309,-0.270479,-0.6533309;
custom,cuboid,stone5,1,8,0.9,0,1,1,1,0.25,1,-1157.3,637.5,-1065,-0.270479,-0.6533309,-0.270479,-0.6533309;
custom,cuboid,stone5,1,1,9,0,1,1,1,2,0.5,-657.2997,665,-1075,0,1,0,0;
custom,cuboid,stone5,1,1,9,0,1,1,1,2,0.5,-957.2998,655,-1085,0,1,0,0;
custom,cuboid,stone5,1,1,9,0,1,1,1,2,0.5,-1057.3,635,-1075,0,1,0,0;
custom,cuboid,stone5,1,1,9,0,1,1,1,2,0.5,-1357.3,625,-1085,0,1,0,0;
custom,cuboid,stone5,1,6,1,0,1,1,1,0.5,1,-1492.3,640,-1080,0,1,0,0;
custom,cuboid,stone5,1,6,1,0,1,1,1,0.5,1,-1392.3,640,-1070,0,1,0,0;
custom,cuboid,stone5,1,6,1,0,1,1,1,0.5,1,-1392.3,640,-1090,0,1,0,0;
custom,cuboid,stone5,1,6,1,0,1,1,1,0.5,1,-1292.3,640,-1080,0,1,0,0;
custom,cuboid,stone5,1,6,1,0,1,1,1,0.5,1,-1192.3,640,-1060,0,1,0,0;
custom,cuboid,stone5,1,6,1,0,1,1,1,0.5,1,-1192.3,640,-1100,0,1,0,0;
custom,cuboid,stone5,1,6,1,0,1,1,1,0.5,1,-1092.3,640,-1080,0,1,0,0;
custom,cuboid,stone5,1,6,1,0,1,1,1,0.5,1,-992.2998,640,-1050,0,1,0,0;
custom,cuboid,stone5,1,6,1,0,1,1,1,0.5,1,-992.2998,640,-1110,0,1,0,0;
custom,cuboid,stone5,1,6,1,0,1,1,1,0.5,1,-892.2998,640,-1080,0,1,0,0;
misc,barrier,11.5,1,95,-1532.3,675,-1605,0,0,0,1;
custom,cuboid,stone5,0.75,6,95,0,1,1,1,15.8333,1,-1478.55,640,-1605,0,0,0,1;
custom,cuboid,stone5,1,1,95,0,1,1,1,15.8333,1,-1479.8,615,-1605,0,0,0,1;
custom,cuboid,stone5,1,6,93,0,1,1,1,15.8333,1,-1479.8,640,-1615,0,0,0,1;
custom,cuboid,stone5,0.75,1,95,0,1,1,1,15.8333,1,-1586.05,615,-1605,0,0,0,1;
custom,cuboid,stone5,0.75,6,84.5,0,1,1,1,15.8333,1,-1586.05,640,-1552.5,0,0,0,1;
custom,cuboid,stone5,0.75,6,0.9999878,0,1,1,1,15.8333,1,-1586.05,640,-2075,0,0,0,1;
custom,cuboid,stone5,1,1,95,0,1,1,1,15.8333,1,-1584.8,615,-1605,0,0,0,1;
custom,cuboid,stone5,1,1,93,0,1,1,1,15.8333,1,-1584.8,615,-1615,0,0,0,1;
custom,cuboid,stone5,1,6,82.5,0,1,1,1,15.8333,1,-1584.8,640,-1562.5,0,0,0,1;
custom,cuboid,stone5,1,6,0.9999878,0,1,1,1,15.8333,1,-1584.8,640,-2075,0,0,0,1;
custom,cuboid,stone5,2,5,2,0,1,1,1,1.0,1.0,-1590.653,644.8906,-1981.783,0,0.7056741,0,-0.7085367;
custom,cuboid,stone5,9.5,6,1,0,1,1,1,1.58333,1,-1532.3,640,-2075,0,0,0,1;
custom,cuboid,stone3,9.5,1,93,0,1,1,1,1,9.7895,-1532.3,615,-1605,0,0,0,1;
custom,cylinder,stone5,8,3,8,0,1,1,1,2,1,-1484.8,640,-1285,0,0,0,1;
custom,cylinder,stone5,8,3,8,0,1,1,1,2,1,-1579.8,640,-1365,0,0,0,1;
custom,cylinder,stone5,4,3,4,0,1,1,1,2,1,-1532.3,640,-1445,0,0,0,1;
custom,cylinder,stone5,6,3,6,0,1,1,1,2,1,-1484.8,640,-1495,0,0,0,1;
custom,cylinder,stone5,6,3,6,0,1,1,1,2,1,-1579.8,640,-1555,0,0,0,1;
custom,cylinder,stone5,3,3,3,0,1,1,1,2,1,-1532.3,640,-1615,0,0,0,1;
custom,cylinder,stone5,4,3,4,0,1,1,1,1,1,-1484.8,640,-1650,0,0,0,1;
custom,cylinder,stone5,4,3,4,0,1,1,1,1,1,-1579.8,640,-1690,0,0,0,1;
custom,cylinder,stone5,2,3,2,0,1,1,1,1,1,-1532.3,640,-1730,0,0,0,1;
custom,cylinder,stone5,10,0.95,14,0,1,1,1,2,0.25,-1532.3,660.5,-1865,0,0,0,1;
custom,cylinder,stone5,10,1.45,14,0,1,1,1,2,0.25,-1532.3,624.5,-1865,0,0,0,1;
custom,cylinder,stone5,10,0.05,14,0,1,1,1,2,2,-1532.3,639.5,-1865,0,0,0,1;
custom,cylinder,stone5,10,0.05,14,0,1,1,1,2,2,-1532.3,650.5,-1865,0,0,0,1;
custom,cylinder,stone5,10,0.05,14,0,1,1,1,2,2,-1532.3,670.5,-1865,0,0,0,1;
custom,cuboid,stone5,2.5,2.5,2.5,0,1,1,1,0.5,0.5,-1544.8,630,-2005,0,0,0,1;
custom,cuboid,stone5,2,6,5,0,1,1,1,1,1,-1499.8,640,-1955,0,0.382515,0,0.9239493;
misc,barrier,66,1,8,-1909.8,675,-2022.5,0,0,0,1;
custom,cuboid,stone5,5,0.99,8,0,1,1,1,1,32,-1909.8,615,-2022.5,0,0,0,1;
custom,cuboid,stone3,6,1,15,0,1,1,1,1,2,-1664.8,615,-2022.5,0,0.7071068,0,0.7071068;
custom,cuboid,stone3,6,1,15,0,1,1,1,1,2,-1807.3,586.5,-2022.5,-0.138675,0.6933753,0.138675,0.6933753;
custom,cuboid,stone3,6,1,15,0,1,1,1,1,2,-2154.8,615,-2022.5,0,0.7071068,0,0.7071068;
custom,cuboid,stone3,6,1,15,0,1,1,1,1,2,-2012.3,586.5,-2022.5,0.138675,0.6933753,-0.138675,0.6933753;
custom,cuboid,stone3,6,1,8,0,1,1,1,1,1,-1909.8,558,-2022.5,0,0.7071068,0,-0.7071068;
custom,cuboid,stone5,1,6,64,0,1,1,1,5.81818,1,-1909.8,590,-2057.5,0,0.7071068,0,-0.7071068;
custom,cuboid,stone5,1,11,63,0,1,1,1,5.81818,1,-1914.8,615,-2057.5,0,0.7071068,0,-0.7071068;
custom,cuboid,stone5,1,6,64,0,1,1,1,5.81818,1,-1909.8,590,-1987.5,0,0.7071068,0,-0.7071068;
custom,cuboid,stone5,1,6,63.00001,0,1,1,1,5.81818,1,-1914.8,590,-1987.5,0,0.7071068,0,-0.7071068;
custom,cuboid,stone5,1,11,57.00001,0,1,1,1,5.81818,1,-1884.8,615,-1987.5,0,0.7071068,0,-0.7071068;
custom,cuboid,stone5,1,5,6,0,1,1,1,2,1,-1929.8,645,-2022.5,0,0,0,1;
custom,cuboid,stone5,1,5,6,0,1,1,1,2,1,-1889.8,645,-2022.5,0,0,0,1;
custom,cuboid,stone5,2,5,2,0,1,1,1,1.0,1.0,-1590.22,644.659,-2062.476,0,0.7136215,0,-0.7005315;
custom,cuboid,stone5,1,11,8,0,1,1,1,1.58333,1,-2234.8,615,-2022.5,0,0,0,1;
custom,prism,metal3,1,0.1,1,1,1,1,0,1,1,-1884.8,625,-2022.5,0.5000001,0.5000001,0.5000001,-0.5000001;
custom,prism,metal3,1,0.1,1,1,1,1,0,1,1,-1884.8,635,-2022.5,0.5000001,0.5000001,0.5000001,-0.5000001;
custom,prism,metal3,1,0.1,1,1,1,1,0,1,1,-1884.8,645,-2022.5,0.5000001,0.5000001,0.5000001,-0.5000001;
custom,prism,metal3,1,0.1,1,1,1,1,0,1,1,-1884.8,655,-2022.5,0.5000001,0.5000001,0.5000001,-0.5000001;
custom,cuboid,stone5,2,3,2,0,1,1,1,0.5,0.5,-2159.8,635,-2002.5,0,0,0,1;
custom,cuboid,stone5,2,3,2,0,1,1,1,0.5,0.5,-1729.8,635,-2002.5,0,0,0,1;
misc,barrier,42,1,8,-2199.8,675,-1782.5,0,0.7071068,0,0.7071068;
custom,cuboid,stone5,5,0.99,8,0,1,1,1,1,32,-2199.8,615,-1597.5,0,0.7071068,0,0.7071068;
71288;
custom,cuboid,stone3,6,1,21.5,0,1,1,1,1,3.5833,-2199.8,615,-1875,0,1,0,0;
custom,cuboid,stone3,6,1,15,0,1,1,1,1,2,-2199.8,586.5,-1700,0,0.9805807,0.1961161,0;
custom,cuboid,stone3,6,1,6.5,0,1,1,1,1,1,-2199.8,558,-1605,0,0,0,-1;
custom,cuboid,stone5,1,11,36,0,1,1,1,3.2727,1,-2164.8,615,-1802.5,0,0,0,-1;
custom,cuboid,stone5,1,11,36,0,1,1,1,3.2727,1,-2234.8,615,-1802.5,0,0,0,-1;
custom,cuboid,stone5,1,11,1,0,1,1,1,1,0.72727,-2164.8,615,-1987.5,0,0,0,-1;
custom,cuboid,stone5,1,11,1,0,1,1,1,1,0.72727,-2234.8,615,-1987.5,0,0,0,-1;
custom,cuboid,stone5,8,6,1,0,1,1,1,1,0.72727,-2199.8,590,-1987.5,0,0,0,-1;
custom,cuboid,stone5,1,5,8,0,1,1,1,2,1,-2199.8,645,-1617.5,0,0.7071068,0,0.7071068;
custom,cuboid,stone5,5,5,1,0,1,1,1,1,1,-2234.8,585,-1597.5,0,0.7071068,0,0.7071068;
custom,cuboid,stone5,5,5,1,0,1,1,1,1,1,-2164.8,585,-1597.5,0,0.7071068,0,0.7071068;
racing,endCuboid,2,2,2,-2106.738,-478.5956,-3088.854,0,0.01736235,0,-0.9998493;
custom,prism,metal3,1,0.1,1,1,1,1,0,1,1,-2199.8,625,-1622.5,0.7071068,0,0,-0.7071068;
custom,prism,metal3,1,0.1,1,1,1,1,0,1,1,-2199.8,635,-1622.5,0.7071068,0,0,-0.7071068;
custom,prism,metal3,1,0.1,1,1,1,1,0,1,1,-2199.8,645,-1622.5,0.7071068,0,0,-0.7071068;
custom,prism,metal3,1,0.1,1,1,1,1,0,1,1,-2199.8,655,-1622.5,0.7071068,0,0,-0.7071068;
custom,cuboid,stone5,2,3,2,0,1,1,1,0.5,0.5,-2179.8,635,-1777.5,0,0.7071068,0,0.7071068;
misc,barrier,7,1,45,-2389.8,616.5,-1547.5,0,0.7071068,0,-0.7071068;
misc,barrier,41,1,8,-2574.8,616.5,-1717.5,0,0.7071068,0,-0.7071068;
custom,cuboid,stone5,5.05,0.99,8,0,1,1,1,32,0.25,-2574.8,556.4,-1897.5,0,0.7071068,0,-0.7071068;
custom,cuboid,stone3,6,1,44,0,1,1,1,1,4,-2384.8,556.5,-1547.5,0,0.7071068,0,-0.7071068;
custom,cuboid,stone3,7,1,15,0,1,1,1,1,2,-2574.8,556.5,-1652.5,0,0,0,-1;
custom,cuboid,stone3,7,1,15,0,1,1,1,1,2,-2574.8,528,-1795,0.1961161,0,0,-0.9805808;
custom,cuboid,stone3,7,1,6.5,0,1,1,1,1,1,-2574.8,499.5,-1890,0,-1,0,0;
custom,cuboid,stone5,1,6,44,0,1,1,1,4,1,-2384.8,581.5,-1517.5,0,0.7071068,0,-0.7071068;
custom,cuboid,stone5,1,0.15,36,0,1,1,1,4,1,-2344.8,610.75,-1577.5,0,0.7071068,0,-0.7071068;
custom,cuboid,stone5,1,1.15,36,0,1,1,1,4,1,-2344.8,557.25,-1577.5,0,0.7071068,0,-0.7071068;
custom,cuboid,stone5,1,6,29.5,0,1,1,1,4,1,-2377.3,581.5,-1577.5,0,0.7071068,0,-0.7071068;
custom,cuboid,stone5,1,6,0.5,0,1,1,1,4,1,-2167.3,581.5,-1577.5,0,0.7071068,0,-0.7071068;
custom,cuboid,stone5,1,11,36,0,1,1,1,4,2,-2609.8,556.5,-1692.5,0,-1,0,0;
custom,cuboid,stone5,1,11,28,0,1,1,1,4,2,-2539.8,556.5,-1732.5,0,-1,0,0;
custom,cuboid,stone5,1,5,8,0,1,1,1,2,1,-2574.8,586.5,-1877.5,0,0.7071068,0,-0.7071068;
custom,cuboid,stone5,5,5,1,0,1,1,1,1,1,-2539.8,526.5,-1897.5,0,0.7071068,0,-0.7071068;
custom,cuboid,stone5,5,5,1,0,1,1,1,1,1,-2609.8,526.5,-1897.5,0,0.7071068,0,-0.7071068;
custom,cuboid,stone5,4,5,1,0,1,1,1,1,1,-2169.8,586.5,-1542.5,0,0.7071068,0,-0.7071068;
custom,cuboid,stone5,5,0.15,1,0,1,1,1,1,1,-2169.8,610.75,-1547.5,0,0.7071068,0,-0.7071068;
custom,cuboid,stone5,5,0.15,1,0,1,1,1,1,1,-2169.8,562.25,-1547.5,0,0.7071068,0,-0.7071068;
custom,cuboid,stone5,5,5,0.5,0,1,1,1,1,1,-2167.3,586.5,-1547.5,0,0.7071068,0,-0.7071068;
custom,cylinder,stone5,4,3,4,0,1,1,1,1,1,-2524.8,581.5,-1592.5,0,0.7071068,0,-0.7071068;
custom,prism,metal3,1,0.1,1,1,1,1,0,1,1,-2574.8,566.5,-1872.5,0,-0.7071068,-0.7071068,0;
custom,prism,metal3,1,0.1,1,1,1,1,0,1,1,-2574.8,576.5,-1872.5,0,-0.7071068,-0.7071068,0;
custom,prism,metal3,1,0.1,1,1,1,1,0,1,1,-2574.8,586.5,-1872.5,0,-0.7071068,-0.7071068,0;
custom,prism,metal3,1,0.1,1,1,1,1,0,1,1,-2574.8,596.5,-1872.5,0,-0.7071068,-0.7071068,0;
custom,cuboid,stone5,2,2,2,0,1,1,1,0.5,0.5,-2294.8,571.5,-1562.5,0,0.7071068,0,-0.7071068;
custom,cuboid,stone5,2,2,2,0,1,1,1,0.5,0.5,-2394.8,571.5,-1532.5,0,0.7071068,0,-0.7071068;
custom,cuboid,stone5,2,3,2,0,1,1,1,0.5,0.5,-2494.8,576.5,-1562.5,0,0.7071068,0,-0.7071068;
custom,cuboid,stone5,2,3,2,0,1,1,1,0.5,0.5,-2594.8,576.5,-1717.5,0,0.7071068,0,-0.7071068;
misc,barrier,42,1,8,-2744.8,558,-1952.5,0,0,0,-1;
custom,cuboid,stone5,5,0.99,8,0,1,1,1,1,32,-2929.8,498,-1952.5,0,0,0,-1;
custom,cuboid,stone3,6,1,21.5,0,1,1,1,1,3.5833,-2652.3,498,-1952.5,0,-0.7071068,0,-0.7071068;
custom,cuboid,stone3,6,1,15,0,1,1,1,1,2,-2827.3,469.5,-1952.5,0.138675,-0.6933753,-0.138675,-0.6933753;
custom,cuboid,stone3,6,1,6.5,0,1,1,1,1,1,-2922.3,441,-1952.5,0,-0.7071068,0,0.7071068;
custom,cuboid,stone5,30,15,1,0,1,1,1,1.0,1.0,-2763.778,478.1677,-1919.283,0,0.999987,0,0.005095774;
custom,cuboid,stone5,1,11,36,0,1,1,1,3.2727,1,-2724.8,498,-1987.5,0,-0.7071068,0,0.7071068;
custom,cuboid,stone5,8,11,1,0,1,1,1,1,0.72727,-2539.8,498,-1952.5,0,-0.7071068,0,0.7071068;
custom,cuboid,stone5,1,5,8,0,1,1,1,2,1,-2909.8,528,-1952.5,0,0,0,-1;
custom,cuboid,stone5,5,5,1,0,1,1,1,1,1,-2929.8,468,-1987.5,0,0,0,-1;
custom,cuboid,stone5,5,5,1,0,1,1,1,1,1,-2929.8,468,-1917.5,0,0,0,-1;
custom,prism,metal3,1,0.1,1,1,1,1,0,1,1,-2904.8,508,-1952.5,-0.5000001,-0.5000001,-0.5000001,0.5000001;
custom,prism,metal3,1,0.1,1,1,1,1,0,1,1,-2904.8,518,-1952.5,-0.5000001,-0.5000001,-0.5000001,0.5000001;
custom,prism,metal3,1,0.1,1,1,1,1,0,1,1,-2904.8,528,-1952.5,-0.5000001,-0.5000001,-0.5000001,0.5000001;
custom,prism,metal3,1,0.1,1,1,1,1,0,1,1,-2904.8,538,-1952.5,-0.5000001,-0.5000001,-0.5000001,0.5000001;
custom,cuboid,stone5,2,3,2,0,1,1,1,0.5,0.5,-2749.8,518,-1932.5,0,0,0,-1;
misc,barrier,7,1,45,-2979.8,499.5001,-1762.5,0,0,0,-1;
misc,barrier,41,1,8,-3149.8,499.5001,-1577.5,0,0,0,-1;
custom,cuboid,stone5,5.05,0.99,8,0,1,1,1,32,0.25,-3329.8,439.4001,-1577.5,0,0,0,-1;
custom,cuboid,stone3,6,1,44,0,1,1,1,1,4,-2979.8,439.5001,-1767.5,0,0,0,-1;
custom,cuboid,stone3,7,1,15,0,1,1,1,1,2,-3084.8,439.5001,-1577.5,0,-0.7071069,0,-0.7071069;
custom,cuboid,stone3,7,1,15,0,1,1,1,1,2,-3227.3,411.0001,-1577.5,0.138675,-0.6933754,-0.138675,-0.6933754;
custom,cuboid,stone3,7,1,6.5,0,1,1,1,1,1,-3322.3,382.5001,-1577.5,0,-0.7071069,0,0.7071069;
custom,cuboid,stone5,1,0.150003,44,0,1,1,1,4,1,-2949.8,493.7501,-1767.5,0,0,0,-1;
custom,cuboid,stone5,1,1.149997,44,0,1,1,1,4,1,-2949.8,440.2501,-1767.5,0,0,0,-1;
custom,cuboid,stone5,1,6,37.5,0,1,1,1,4,1,-2949.8,464.5001,-1735,0,0,0,-1;
custom,cuboid,stone5,1,6,0.5,0,1,1,1,4,1,-2949.8,464.5001,-1985,0,0,0,-1;
custom,cuboid,stone5,1,6,36,0,1,1,1,4,1,-3009.8,464.5001,-1807.5,0,0,0,-1;
custom,cuboid,stone5,1,11,36,0,1,1,1,4,2,-3124.8,439.5001,-1542.5,0,-0.7071069,0,0.7071069;
custom,cuboid,stone5,1,11,28,0,1,1,1,4,2,-3164.8,439.5001,-1612.5,0,-0.7071069,0,0.7071069;
custom,cuboid,stone5,1,5,8,0,1,1,1,2,1,-3309.8,469.5001,-1577.5,0,0,0,-1;
custom,cuboid,stone5,5,5,1,0,1,1,1,1,1,-3329.8,409.5001,-1612.5,0,0,0,-1;
custom,cuboid,stone5,5,5,1,0,1,1,1,1,1,-3329.8,409.5001,-1542.5,0,0,0,-1;
custom,cuboid,stone5,4,5,1,0,1,1,1,1,1,-2984.8,469.5001,-1982.5,0,0,0,-1;
custom,cuboid,stone5,5,0.150003,1,0,1,1,1,1,1,-2979.8,493.7501,-1982.5,0,0,0,-1;
custom,cuboid,stone5,5,0.149997,1,0,1,1,1,1,1,-2979.8,445.2501,-1982.5,0,0,0,-1;
custom,cuboid,stone5,5,5,0.5000122,0,1,1,1,1,1,-2979.8,469.5001,-1985,0,0,0,-1;
custom,cylinder,stone5,4,3,4,0,1,1,1,1,1,-3024.8,464.5001,-1627.5,0,0,0,-1;
custom,prism,metal3,1,0.1,1,1,1,1,0,1,1,-3304.8,449.5001,-1577.5,-0.5000001,-0.5000001,-0.5000001,0.5000001;
custom,prism,metal3,1,0.1,1,1,1,1,0,1,1,-3304.8,459.5001,-1577.5,-0.5000001,-0.5000001,-0.5000001,0.5000001;
custom,prism,metal3,1,0.1,1,1,1,1,0,1,1,-3304.8,469.5001,-1577.5,-0.5000001,-0.5000001,-0.5000001,0.5000001;
custom,prism,metal3,1,0.1,1,1,1,1,0,1,1,-3304.8,479.5001,-1577.5,-0.5000001,-0.5000001,-0.5000001,0.5000001;
custom,cuboid,stone5,2,2,2,0,1,1,1,0.5,0.5,-2994.8,454.5001,-1857.5,0,0,0,-1;
custom,cuboid,stone5,2,2,2,0,1,1,1,0.5,0.5,-2964.8,454.5001,-1757.5,0,0,0,-1;
custom,cuboid,stone5,2,3,2,0,1,1,1,0.5,0.5,-2994.8,459.5001,-1657.5,0,0,0,-1;
custom,cuboid,stone5,2,3,2,0,1,1,1,0.5,0.5,-3149.8,459.5001,-1557.5,0,0,0,-1;
misc,barrier,42,1,8,-3384.8,441.0001,-1407.5,0,-0.7071069,0,-0.7071069;
custom,cuboid,stone5,5,0.99,8,0,1,1,1,1,32,-3384.8,381.0001,-1222.5,0,-0.7071069,0,-0.7071069;
custom,cuboid,stone3,6,1,21.5,0,1,1,1,1,3.5833,-3384.8,381.0001,-1500,0,-1,0,0;
custom,cuboid,stone3,6,1,15,0,1,1,1,1,2,-3384.8,352.5001,-1325,0,-0.9805808,-0.1961161,0;
custom,cuboid,stone3,6,1,6.5,0,1,1,1,1,1,-3384.8,324.0001,-1230,0,0,0,1;
custom,cuboid,stone5,1,0.15,36,0,1,1,1,3.2727,1,-3349.8,435.2501,-1427.5,0,0,0,1;
custom,cuboid,stone5,1,6.15,36,0,1,1,1,3.2727,1,-3349.8,356.7501,-1427.5,0,0,0,1;
72517;
custom,cuboid,stone5,1,11,30,0,1,1,1,3.2727,1,-3349.8,381.0001,-1397.5,0,0,0,1;
custom,cuboid,stone5,1,11,36,0,1,1,1,3.2727,1,-3419.8,381.0001,-1427.5,0,0,0,1;
custom,cuboid,stone5,8,11,1,0,1,1,1,1,0.72727,-3384.8,381.0001,-1612.5,0,0,0,1;
custom,cuboid,stone5,1,5,8,0,1,1,1,2,1,-3384.8,411.0001,-1242.5,0,-0.7071069,0,-0.7071069;
custom,cuboid,stone5,5,5,1,0,1,1,1,1,1,-3419.8,351.0001,-1222.5,0,-0.7071069,0,-0.7071069;
custom,cuboid,stone5,5,5,1,0,1,1,1,1,1,-3349.8,351.0001,-1222.5,0,-0.7071069,0,-0.7071069;
custom,prism,metal3,1,0.1,1,1,1,1,0,1,1,-3384.8,391.0001,-1247.5,-0.7071069,0,0,0.7071069;
custom,prism,metal3,1,0.1,1,1,1,1,0,1,1,-3384.8,401.0001,-1247.5,-0.7071069,0,0,0.7071069;
custom,prism,metal3,1,0.1,1,1,1,1,0,1,1,-3384.8,411.0001,-1247.5,-0.7071069,0,0,0.7071069;
custom,prism,metal3,1,0.1,1,1,1,1,0,1,1,-3384.8,421.0001,-1247.5,-0.7071069,0,0,0.7071069;
custom,cuboid,stone5,2,3,2,0,1,1,1,0.5,0.5,-3364.8,401.0001,-1402.5,0,-0.7071069,0,-0.7071069;
misc,barrier,42,1,8,-3214.8,382.5001,-1167.5,0,-1,0,0;
custom,cuboid,stone5,5,0.99,8,0,1,1,1,1,32,-3029.8,322.5001,-1167.5,0,-1,0,0;
custom,cuboid,stone3,6,1,21.5,0,1,1,1,1,3.5833,-3307.3,322.5001,-1167.5,0,-0.7071068,0,0.7071068;
custom,cuboid,stone3,6,1,15,0,1,1,1,1,2,-3132.3,294.0001,-1167.5,-0.138675,-0.6933753,-0.138675,0.6933753;
custom,cuboid,stone3,6,1,6.5,0,1,1,1,1,1,-3037.3,265.5001,-1167.5,0,0.7071068,0,0.7071068;
custom,cuboid,stone5,1,0.15,36,0,1,1,1,3.2727,1,-3234.8,376.7501,-1202.5,0,0.7071068,0,0.7071068;
custom,cuboid,stone5,1,6.15,36,0,1,1,1,3.2727,1,-3234.8,298.2501,-1202.5,0,0.7071068,0,0.7071068;
custom,cuboid,stone5,1,11,30,0,1,1,1,3.2727,1,-3204.8,322.5001,-1202.5,0,0.7071068,0,0.7071068;
custom,cuboid,stone5,1,11,36,0,1,1,1,3.2727,1,-3234.8,322.5001,-1132.5,0,0.7071068,0,0.7071068;
custom,cuboid,stone5,8,11,1,0,1,1,1,1,0.72727,-3419.8,322.5001,-1167.5,0,0.7071068,0,0.7071068;
custom,cuboid,stone5,1,5,8,0,1,1,1,2,1,-3049.8,352.5001,-1167.5,0,-1,0,0;
custom,cuboid,stone5,5,5,1,0,1,1,1,1,1,-3029.8,292.5001,-1132.5,0,-1,0,0;
custom,cuboid,stone5,5,5,1,0,1,1,1,1,1,-3029.8,292.5001,-1202.5,0,-1,0,0;
custom,prism,metal3,1,0.1,1,1,1,1,0,1,1,-3054.8,332.5001,-1167.5,-0.5000001,0.5000001,0.5000001,0.5000001;
custom,prism,metal3,1,0.1,1,1,1,1,0,1,1,-3054.8,342.5001,-1167.5,-0.5000001,0.5000001,0.5000001,0.5000001;
custom,prism,metal3,1,0.1,1,1,1,1,0,1,1,-3054.8,352.5001,-1167.5,-0.5000001,0.5000001,0.5000001,0.5000001;
custom,prism,metal3,1,0.1,1,1,1,1,0,1,1,-3054.8,362.5001,-1167.5,-0.5000001,0.5000001,0.5000001,0.5000001;
custom,cuboid,stone5,2,3,2,0,1,1,1,0.5,0.5,-3209.8,342.5001,-1187.5,0,-1,0,0;
misc,barrier,7,1,45,-2979.8,324.0001,-1357.5,0,-1,0,0;
misc,barrier,41,1,8,-2809.8,324.0001,-1542.5,0,-1,0,0;
custom,cuboid,stone5,5.05,0.99,8,0,1,1,1,32,0.25,-2629.8,263.9001,-1542.5,0,-1,0,0;
custom,cuboid,stone3,6,1,44,0,1,1,1,1,4,-2979.8,264.0001,-1352.5,0,-1,0,0;
custom,cuboid,stone3,7,1,15,0,1,1,1,1,2,-2874.8,264.0001,-1542.5,0,-0.7071069,0,0.7071069;
custom,cuboid,stone3,7,1,15,0,1,1,1,1,2,-2732.3,235.5001,-1542.5,-0.138675,-0.6933754,-0.138675,0.6933754;
custom,cuboid,stone3,7,1,6.5,0,1,1,1,1,1,-2637.3,207.0001,-1542.5,0,0.7071069,0,0.7071069;
custom,cuboid,stone5,1,0.150003,44,0,1,1,1,4,1,-3009.8,318.2501,-1352.5,0,-1,0,0;
custom,cuboid,stone5,1,1.149997,44,0,1,1,1,4,1,-3009.8,264.7501,-1352.5,0,-1,0,0;
custom,cuboid,stone5,1,6,37.50005,0,1,1,1,4,1,-3009.8,289.0001,-1385,0,-1,0,0;
custom,cuboid,stone5,1,6,0.4999512,0,1,1,1,4,1,-3009.8,289.0001,-1135,0,-1,0,0;
custom,cuboid,stone5,1,6,36,0,1,1,1,4,1,-2949.8,289.0001,-1312.5,0,-1,0,0;
custom,cuboid,stone5,1,11,36,0,1,1,1,4,2,-2834.8,264.0001,-1577.5,0,0.7071069,0,0.7071069;
custom,cuboid,stone5,1,11,28,0,1,1,1,4,2,-2794.8,264.0001,-1507.5,0,0.7071069,0,0.7071069;
custom,cuboid,stone5,1,5,8,0,1,1,1,2,1,-2649.8,294.0001,-1542.5,0,-1,0,0;
custom,cuboid,stone5,5,5,1,0,1,1,1,1,1,-2629.8,234.0001,-1507.5,0,-1,0,0;
custom,cuboid,stone5,5,5,1,0,1,1,1,1,1,-2629.8,234.0001,-1577.5,0,-1,0,0;
custom,cuboid,stone5,4,5,1,0,1,1,1,1,1,-2974.8,294.0001,-1137.5,0,-1,0,0;
custom,cuboid,stone5,5,0.150003,1,0,1,1,1,1,1,-2979.8,318.2501,-1137.5,0,-1,0,0;
custom,cuboid,stone5,5,0.149997,1,0,1,1,1,1,1,-2979.8,269.7501,-1137.5,0,-1,0,0;
custom,cuboid,stone5,5,5,0.5,0,1,1,1,1,1,-2979.8,294.0001,-1135,0,-1,0,0;
custom,cylinder,stone5,4,3,4,0,1,1,1,1,1,-2934.8,289.0001,-1492.5,0,-1,0,0;
custom,prism,metal3,1,0.1,1,1,1,1,0,1,1,-2654.8,274.0001,-1542.5,-0.5000001,0.5000001,0.5000001,0.5000001;
custom,prism,metal3,1,0.1,1,1,1,1,0,1,1,-2654.8,284.0001,-1542.5,-0.5000001,0.5000001,0.5000001,0.5000001;
custom,prism,metal3,1,0.1,1,1,1,1,0,1,1,-2654.8,294.0001,-1542.5,-0.5000001,0.5000001,0.5000001,0.5000001;
custom,prism,metal3,1,0.1,1,1,1,1,0,1,1,-2654.8,304.0001,-1542.5,-0.5000001,0.5000001,0.5000001,0.5000001;
custom,cuboid,stone5,2,2,2,0,1,1,1,0.5,0.5,-2964.8,279.0001,-1262.5,0,-1,0,0;
custom,cuboid,stone5,2,2,2,0,1,1,1,0.5,0.5,-2994.8,279.0001,-1362.5,0,-1,0,0;
custom,cuboid,stone5,2,3,2,0,1,1,1,0.5,0.5,-2964.8,284.0001,-1462.5,0,-1,0,0;
custom,cuboid,stone5,2,3,2,0,1,1,1,0.5,0.5,-2809.8,284.0001,-1562.5,0,-1,0,0;
misc,barrier,42,1,8,-2574.8,265.5001,-1372.5,0,0.7071069,0,0.7071069;
custom,cuboid,stone5,5,0.99,8,0,1,1,1,1,32,-2574.8,205.5001,-1187.5,0,0.7071069,0,0.7071069;
custom,cuboid,stone3,6,1,21.5,0,1,1,1,1,3.5833,-2574.8,205.5001,-1465,0,1,0,0;
custom,cuboid,stone3,6,1,15,0,1,1,1,1,2,-2574.8,177.0001,-1290,0,0.9805808,0.1961161,0;
custom,cuboid,stone3,6,1,6.5,0,1,1,1,1,1,-2574.8,148.5001,-1195,0,0,0,-1;
custom,cuboid,stone5,1,11,36,0,1,1,1,3.2727,1,-2539.8,205.5001,-1392.5,0,0,0,-1;
custom,cuboid,stone5,1,0.1500015,36,0,1,1,1,3.2727,1,-2609.8,259.7501,-1392.5,0,0,0,-1;
custom,cuboid,stone5,1,6.149999,36,0,1,1,1,3.2727,1,-2609.8,181.2501,-1392.5,0,0,0,-1;
custom,cuboid,stone5,1,11,30,0,1,1,1,3.2727,1,-2609.8,205.5001,-1362.5,0,0,0,-1;
custom,cuboid,stone5,8,11,1,0,1,1,1,1,0.72727,-2574.8,205.5001,-1577.5,0,0,0,-1;
custom,cuboid,stone5,1,5,8,0,1,1,1,2,1,-2574.8,235.5001,-1207.5,0,0.7071069,0,0.7071069;
custom,cuboid,stone5,5,5,1,0,1,1,1,1,1,-2609.8,175.5001,-1187.5,0,0.7071069,0,0.7071069;
custom,cuboid,stone5,5,5,1,0,1,1,1,1,1,-2539.8,175.5001,-1187.5,0,0.7071069,0,0.7071069;
custom,prism,metal3,1,0.1,1,1,1,1,0,1,1,-2574.8,215.5001,-1212.5,0.7071069,0,0,-0.7071069;
custom,prism,metal3,1,0.1,1,1,1,1,0,1,1,-2574.8,225.5001,-1212.5,0.7071069,0,0,-0.7071069;
custom,prism,metal3,1,0.1,1,1,1,1,0,1,1,-2574.8,235.5001,-1212.5,0.7071069,0,0,-0.7071069;
custom,prism,metal3,1,0.1,1,1,1,1,0,1,1,-2574.8,245.5001,-1212.5,0.7071069,0,0,-0.7071069;
custom,cuboid,stone5,2,3,2,0,1,1,1,0.5,0.5,-2554.8,225.5001,-1367.5,0,0.7071069,0,0.7071069;
misc,barrier,7,1,45,-2764.8,207.0001,-1137.5,0,0.7071068,0,-0.7071068;
misc,barrier,41,1,8,-2949.8,207.0001,-1307.5,0,0.7071068,0,-0.7071068;
custom,cuboid,stone5,5.05,0.99,8,0,1,1,1,32,0.25,-2949.8,146.9001,-1487.5,0,0.7071068,0,-0.7071068;
custom,cuboid,stone3,6,1,44,0,1,1,1,1,4,-2759.8,147.0001,-1137.5,0,0.7071068,0,-0.7071068;
custom,cuboid,stone3,7,1,15,0,1,1,1,1,2,-2949.8,147.0001,-1242.5,0,0,0,-1;
custom,cuboid,stone3,7,1,15,0,1,1,1,1,2,-2949.8,118.5001,-1385,0.1961161,0,0,-0.9805808;
custom,cuboid,stone3,7,1,6.5,0,1,1,1,1,1,-2949.8,90.00012,-1480,0,-1,0,0;
custom,cuboid,stone5,1,6,44,0,1,1,1,4,1,-2759.8,172.0001,-1107.5,0,0.7071068,0,-0.7071068;
custom,cuboid,stone5,1,0.1500015,36,0,1,1,1,4,1,-2719.8,201.2501,-1167.5,0,0.7071068,0,-0.7071068;
custom,cuboid,stone5,1,1.149998,36,0,1,1,1,4,1,-2719.8,147.7501,-1167.5,0,0.7071068,0,-0.7071068;
custom,cuboid,stone5,1,6,29.5,0,1,1,1,4,1,-2752.3,172.0001,-1167.5,0,0.7071068,0,-0.7071068;
custom,cuboid,stone5,1,6,0.5,0,1,1,1,4,1,-2542.3,172.0001,-1167.5,0,0.7071068,0,-0.7071068;
custom,cuboid,stone5,1,11,36,0,1,1,1,4,2,-2984.8,147.0001,-1282.5,0,-1,0,0;
custom,cuboid,stone5,1,11,28,0,1,1,1,4,2,-2914.8,147.0001,-1322.5,0,-1,0,0;
custom,cuboid,stone5,1,5,8,0,1,1,1,2,1,-2949.8,177.0001,-1467.5,0,0.7071068,0,-0.7071068;
custom,cuboid,stone5,5,5,1,0,1,1,1,1,1,-2914.8,117.0001,-1487.5,0,0.7071068,0,-0.7071068;
custom,cuboid,stone5,5,5,1,0,1,1,1,1,1,-2984.8,117.0001,-1487.5,0,0.7071068,0,-0.7071068;
custom,cuboid,stone5,4,5,1,0,1,1,1,1,1,-2544.8,177.0001,-1132.5,0,0.7071068,0,-0.7071068;
custom,cuboid,stone5,5,0.1500015,1,0,1,1,1,1,1,-2544.8,201.2501,-1137.5,0,0.7071068,0,-0.7071068;
custom,cuboid,stone5,5,0.1499985,1,0,1,1,1,1,1,-2544.8,152.7501,-1137.5,0,0.7071068,0,-0.7071068;
custom,cuboid,stone5,5,5,0.5,0,1,1,1,1,1,-2542.3,177.0001,-1137.5,0,0.7071068,0,-0.7071068;
custom,cylinder,stone5,4,3,4,0,1,1,1,1,1,-2899.8,172.0001,-1182.5,0,0.7071068,0,-0.7071068;
custom,prism,metal3,1,0.1,1,1,1,1,0,1,1,-2949.8,157.0001,-1462.5,0,-0.7071068,-0.7071068,0;
24110;
custom,prism,metal3,1,0.1,1,1,1,1,0,1,1,-2949.8,167.0001,-1462.5,0,-0.7071068,-0.7071068,0;
custom,prism,metal3,1,0.1,1,1,1,1,0,1,1,-2949.8,177.0001,-1462.5,0,-0.7071068,-0.7071068,0;
custom,prism,metal3,1,0.1,1,1,1,1,0,1,1,-2949.8,187.0001,-1462.5,0,-0.7071068,-0.7071068,0;
custom,cuboid,stone5,2,2,2,0,1,1,1,0.5,0.5,-2669.8,162.0001,-1152.5,0,0.7071068,0,-0.7071068;
custom,cuboid,stone5,2,2,2,0,1,1,1,0.5,0.5,-2769.8,162.0001,-1122.5,0,0.7071068,0,-0.7071068;
custom,cuboid,stone5,2,3,2,0,1,1,1,0.5,0.5,-2869.8,167.0001,-1152.5,0,0.7071068,0,-0.7071068;
custom,cuboid,stone5,2,3,2,0,1,1,1,0.5,0.5,-2969.8,167.0001,-1307.5,0,0.7071068,0,-0.7071068;
misc,barrier,7,1,45,-3139.8,148.5001,-1537.5,0,0.7071068,0,-0.7071068;
misc,barrier,41,1,8,-3324.8,148.5001,-1707.5,0,0.7071068,0,-0.7071068;
custom,cuboid,stone5,5.05,0.99,8,0,1,1,1,32,0.25,-3324.8,88.40014,-1887.5,0,0.7071068,0,-0.7071068;
custom,cuboid,stone3,6,1,44,0,1,1,1,1,4,-3134.8,88.50014,-1537.5,0,0.7071068,0,-0.7071068;
custom,cuboid,stone3,7,1,15,0,1,1,1,1,2,-3324.8,88.50014,-1642.5,0,0,0,-1;
custom,cuboid,stone3,7,1,15,0,1,1,1,1,2,-3324.8,60.00014,-1785,0.1961161,0,0,-0.9805808;
custom,cuboid,stone3,7,1,6.5,0,1,1,1,1,1,-3324.8,31.50014,-1880,0,-1,0,0;
custom,cuboid,stone5,1,0.1500015,44,0,1,1,1,4,1,-3134.8,142.7501,-1507.5,0,0.7071068,0,-0.7071068;
custom,cuboid,stone5,1,1.149998,44,0,1,1,1,4,1,-3134.8,89.25013,-1507.5,0,0.7071068,0,-0.7071068;
custom,cuboid,stone5,1,6,37.5,0,1,1,1,4,1,-3167.3,113.5001,-1507.5,0,0.7071068,0,-0.7071068;
custom,cuboid,stone5,1,6,0.5,0,1,1,1,4,1,-2917.3,113.5001,-1507.5,0,0.7071068,0,-0.7071068;
custom,cuboid,stone5,1,6,36,0,1,1,1,4,1,-3094.8,113.5001,-1567.5,0,0.7071068,0,-0.7071068;
custom,cuboid,stone5,1,11,36,0,1,1,1,4,2,-3359.8,88.50014,-1682.5,0,-1,0,0;
custom,cuboid,stone5,1,11,28,0,1,1,1,4,2,-3289.8,88.50014,-1722.5,0,-1,0,0;
custom,cuboid,stone5,1,5,8,0,1,1,1,2,1,-3324.8,118.5001,-1867.5,0,0.7071068,0,-0.7071068;
custom,cuboid,stone5,5,5,1,0,1,1,1,1,1,-3289.8,58.50014,-1887.5,0,0.7071068,0,-0.7071068;
custom,cuboid,stone5,5,5,1,0,1,1,1,1,1,-3359.8,58.50014,-1887.5,0,0.7071068,0,-0.7071068;
custom,cuboid,stone5,4.000024,5,1,0,1,1,1,1,1,-2919.8,118.5001,-1542.5,0,0.7071068,0,-0.7071068;
custom,cuboid,stone5,5,0.1500015,1,0,1,1,1,1,1,-2919.8,142.7501,-1537.5,0,0.7071068,0,-0.7071068;
custom,cuboid,stone5,5,0.1499985,1,0,1,1,1,1,1,-2919.8,94.25013,-1537.5,0,0.7071068,0,-0.7071068;
custom,cuboid,stone5,5,5,0.5,0,1,1,1,1,1,-2917.3,118.5001,-1537.5,0,0.7071068,0,-0.7071068;
custom,cylinder,stone5,4,3,4,0,1,1,1,1,1,-3274.8,113.5001,-1582.5,0,0.7071068,0,-0.7071068;
custom,prism,metal3,1,0.1,1,1,1,1,0,1,1,-3324.8,98.50014,-1862.5,0,-0.7071068,-0.7071068,0;
custom,prism,metal3,1,0.1,1,1,1,1,0,1,1,-3324.8,108.5001,-1862.5,0,-0.7071068,-0.7071068,0;
custom,prism,metal3,1,0.1,1,1,1,1,0,1,1,-3324.8,118.5001,-1862.5,0,-0.7071068,-0.7071068,0;
custom,prism,metal3,1,0.1,1,1,1,1,0,1,1,-3324.8,128.5001,-1862.5,0,-0.7071068,-0.7071068,0;
custom,cuboid,stone5,2,2,2,0,1,1,1,0.5,0.5,-3044.8,103.5001,-1552.5,0,0.7071068,0,-0.7071068;
custom,cuboid,stone5,2,2,2,0,1,1,1,0.5,0.5,-3144.8,103.5001,-1522.5,0,0.7071068,0,-0.7071068;
custom,cuboid,stone5,2,3,2,0,1,1,1,0.5,0.5,-3244.8,108.5001,-1552.5,0,0.7071068,0,-0.7071068;
custom,cuboid,stone5,2,3,2,0,1,1,1,0.5,0.5,-3344.8,108.5001,-1707.5,0,0.7071068,0,-0.7071068;
misc,barrier,42,1,8,-3154.8,90.00015,-1942.5,0,-1,0,0;
custom,cuboid,stone5,5,0.99,8,0,1,1,1,1,32,-2969.8,30.00015,-1942.5,0,-1,0,0;
custom,cuboid,stone3,6,1,21.5,0,1,1,1,1,3.5833,-3247.3,30.00015,-1942.5,0,-0.7071068,0,0.7071068;
custom,cuboid,stone3,6,1,15,0,1,1,1,1,2,-3072.3,1.500153,-1942.5,-0.138675,-0.6933753,-0.138675,0.6933753;
custom,cuboid,stone3,6,1,6.5,0,1,1,1,1,1,-2977.3,-26.99985,-1942.5,0,0.7071068,0,0.7071068;
custom,cuboid,stone5,1,11,36,0,1,1,1,3.2727,1,-3174.8,30.00015,-1977.5,0,0.7071068,0,0.7071068;
custom,cuboid,stone5,1,0.1500015,36,0,1,1,1,3.2727,1,-3174.8,84.25014,-1907.5,0,0.7071068,0,0.7071068;
custom,cuboid,stone5,1,6.149999,36,0,1,1,1,3.2727,1,-3174.8,5.750145,-1907.5,0,0.7071068,0,0.7071068;
custom,cuboid,stone5,1,11,30,0,1,1,1,3.2727,1,-3144.8,30.00015,-1907.5,0,0.7071068,0,0.7071068;
custom,cuboid,stone5,8,11,1,0,1,1,1,1,0.72727,-3359.8,30.00015,-1942.5,0,0.7071068,0,0.7071068;
custom,cuboid,stone5,1,5,8,0,1,1,1,2,1,-2989.8,60.00015,-1942.5,0,-1,0,0;
custom,cuboid,stone5,5,5,1,0,1,1,1,1,1,-2969.8,0.0001525879,-1907.5,0,-1,0,0;
custom,cuboid,stone5,5,5,1,0,1,1,1,1,1,-2969.8,0.0001525879,-1977.5,0,-1,0,0;
custom,prism,metal3,1,0.1,1,1,1,1,0,1,1,-2994.8,40.00015,-1942.5,-0.5000001,0.5000001,0.5000001,0.5000001;
custom,prism,metal3,1,0.1,1,1,1,1,0,1,1,-2994.8,50.00015,-1942.5,-0.5000001,0.5000001,0.5000001,0.5000001;
custom,prism,metal3,1,0.1,1,1,1,1,0,1,1,-2994.8,60.00015,-1942.5,-0.5000001,0.5000001,0.5000001,0.5000001;
custom,prism,metal3,1,0.1,1,1,1,1,0,1,1,-2994.8,70.00015,-1942.5,-0.5000001,0.5000001,0.5000001,0.5000001;
custom,cuboid,stone5,2,3,2,0,1,1,1,0.5,0.5,-3149.8,50.00015,-1962.5,0,-1,0,0;
misc,barrier,42,1,8,-2914.8,31.50017,-2112.5,0,-0.7071069,0,0.7071069;
custom,cuboid,stone5,5,0.99,8,0,1,1,1,1,32,-2914.8,-28.49983,-2297.5,0,-0.7071069,0,0.7071069;
custom,cuboid,stone3,6,1,21.5,0,1,1,1,1,3.5833,-2914.8,-28.49983,-2020,0,0,0,1;
custom,cuboid,stone3,6,1,15,0,1,1,1,1,2,-2914.8,-56.99983,-2195,-0.1961161,0,0,0.9805808;
custom,cuboid,stone3,6,1,6.5,0,1,1,1,1,1,-2914.8,-85.49983,-2290,0,1,0,0;
custom,cuboid,stone5,1,0.1500015,36,0,1,1,1,3.2727,1,-2949.8,25.75016,-2092.5,0,1,0,0;
custom,cuboid,stone5,1,6.149999,36,0,1,1,1,3.2727,1,-2949.8,-52.74984,-2092.5,0,1,0,0;
custom,cuboid,stone5,1,11,30,0,1,1,1,3.2727,1,-2949.8,-28.49983,-2122.5,0,1,0,0;
custom,cuboid,stone5,1,11,36,0,1,1,1,3.2727,1,-2879.8,-28.49983,-2092.5,0,1,0,0;
custom,cuboid,stone5,8,11,1,0,1,1,1,1,0.72727,-2914.8,-28.49983,-1907.5,0,1,0,0;
custom,cuboid,stone5,1,5,8,0,1,1,1,2,1,-2914.8,1.500168,-2277.5,0,-0.7071069,0,0.7071069;
custom,cuboid,stone5,5,5,1,0,1,1,1,1,1,-2879.8,-58.49983,-2297.5,0,-0.7071069,0,0.7071069;
custom,cuboid,stone5,5,5,1,0,1,1,1,1,1,-2949.8,-58.49983,-2297.5,0,-0.7071069,0,0.7071069;
custom,prism,metal3,1,0.1,1,1,1,1,0,1,1,-2914.8,-18.49983,-2272.5,0,0.7071069,0.7071069,0;
custom,prism,metal3,1,0.1,1,1,1,1,0,1,1,-2914.8,-8.499832,-2272.5,0,0.7071069,0.7071069,0;
custom,prism,metal3,1,0.1,1,1,1,1,0,1,1,-2914.8,1.500168,-2272.5,0,0.7071069,0.7071069,0;
custom,prism,metal3,1,0.1,1,1,1,1,0,1,1,-2914.8,11.50017,-2272.5,0,0.7071069,0.7071069,0;
custom,cuboid,stone5,2,3,2,0,1,1,1,0.5,0.5,-2934.8,-8.499832,-2117.5,0,-0.7071069,0,0.7071069;
misc,barrier,42,1,8,-2744.8,-26.99982,-2352.5,0,1,0,0;
custom,cuboid,stone5,5,0.99,8,0,1,1,1,1,32,-2559.8,-86.99982,-2352.5,0,1,0,0;
custom,cuboid,stone3,6,1,21.5,0,1,1,1,1,3.5833,-2837.3,-86.99982,-2352.5,0,0.7071068,0,-0.7071068;
custom,cuboid,stone3,6,1,15,0,1,1,1,1,2,-2662.3,-115.4998,-2352.5,0.138675,0.6933753,0.138675,-0.6933753;
custom,cuboid,stone3,6,1,6.5,0,1,1,1,1,1,-2567.3,-143.9998,-2352.5,0,-0.7071068,0,-0.7071068;
custom,cuboid,stone5,1,11,36,0,1,1,1,3.2727,1,-2764.8,-86.99982,-2387.5,0,-0.7071068,0,-0.7071068;
custom,cuboid,stone5,1,0.1500015,36,0,1,1,1,3.2727,1,-2764.8,-32.74982,-2317.5,0,-0.7071068,0,-0.7071068;
custom,cuboid,stone5,1,6.149999,36,0,1,1,1,3.2727,1,-2764.8,-111.2498,-2317.5,0,-0.7071068,0,-0.7071068;
custom,cuboid,stone5,1,11,30,0,1,1,1,3.2727,1,-2734.8,-86.99982,-2317.5,0,-0.7071068,0,-0.7071068;
custom,cuboid,stone5,8,11,1,0,1,1,1,1,0.72727,-2949.8,-86.99982,-2352.5,0,-0.7071068,0,-0.7071068;
custom,cuboid,stone5,1,5,8,0,1,1,1,2,1,-2579.8,-56.99982,-2352.5,0,1,0,0;
custom,cuboid,stone5,5,5,1,0,1,1,1,1,1,-2559.8,-116.9998,-2317.5,0,1,0,0;
custom,cuboid,stone5,5,5,1,0,1,1,1,1,1,-2559.8,-116.9998,-2387.5,0,1,0,0;
custom,prism,metal3,1,0.1,1,1,1,1,0,1,1,-2584.8,-76.99982,-2352.5,0.5000001,-0.5000001,-0.5000001,-0.5000001;
custom,prism,metal3,1,0.1,1,1,1,1,0,1,1,-2584.8,-66.99982,-2352.5,0.5000001,-0.5000001,-0.5000001,-0.5000001;
custom,prism,metal3,1,0.1,1,1,1,1,0,1,1,-2584.8,-56.99982,-2352.5,0.5000001,-0.5000001,-0.5000001,-0.5000001;
custom,prism,metal3,1,0.1,1,1,1,1,0,1,1,-2584.8,-46.99982,-2352.5,0.5000001,-0.5000001,-0.5000001,-0.5000001;
custom,cuboid,stone5,2,3,2,0,1,1,1,0.5,0.5,-2739.8,-66.99982,-2372.5,0,1,0,0;
misc,barrier,7,1,45,-2509.8,-85.4998,-2542.5,0,1,0,0;
misc,barrier,41,1,8,-2339.8,-85.4998,-2727.5,0,1,0,0;
custom,cuboid,stone5,5.05,0.99,8,0,1,1,1,32,0.25,-2159.8,-145.5998,-2727.5,0,1,0,0;
custom,cuboid,stone3,6,1,44,0,1,1,1,1,4,-2509.8,-145.4998,-2537.5,0,1,0,0;
custom,cuboid,stone3,7,1,15,0,1,1,1,1,2,-2404.8,-145.4998,-2727.5,0,0.7071069,0,-0.7071069;
custom,cuboid,stone3,7,1,15,0,1,1,1,1,2,-2262.3,-173.9998,-2727.5,0.138675,0.6933754,0.138675,-0.6933754;
custom,cuboid,stone3,7,1,6.5,0,1,1,1,1,1,-2167.3,-202.4998,-2727.5,0,-0.7071069,0,-0.7071069;
custom,cuboid,stone5,1,0.1500015,44,0,1,1,1,4,1,-2539.8,-91.24981,-2537.5,0,1,0,0;
custom,cuboid,stone5,1,1.149998,44,0,1,1,1,4,1,-2539.8,-144.7498,-2537.5,0,1,0,0;
22315;
custom,cuboid,stone5,1,6,37.5,0,1,1,1,4,1,-2539.8,-120.4998,-2570,0,1,0,0;
custom,cuboid,stone5,1,6,0.5,0,1,1,1,4,1,-2539.8,-120.4998,-2320,0,1,0,0;
custom,cuboid,stone5,1,6,36,0,1,1,1,4,1,-2479.8,-120.4998,-2497.5,0,1,0,0;
custom,cuboid,stone5,1,11,36,0,1,1,1,4,2,-2364.8,-145.4998,-2762.5,0,-0.7071069,0,-0.7071069;
custom,cuboid,stone5,1,11,28,0,1,1,1,4,2,-2324.8,-145.4998,-2692.5,0,-0.7071069,0,-0.7071069;
custom,cuboid,stone5,1,5,8,0,1,1,1,2,1,-2179.8,-115.4998,-2727.5,0,1,0,0;
custom,cuboid,stone5,5,5,1,0,1,1,1,1,1,-2159.8,-175.4998,-2692.5,0,1,0,0;
custom,cuboid,stone5,5,5,1,0,1,1,1,1,1,-2159.8,-175.4998,-2762.5,0,1,0,0;
custom,cuboid,stone5,4,5,1,0,1,1,1,1,1,-2504.8,-115.4998,-2322.5,0,1,0,0;
custom,cuboid,stone5,5,0.1500015,1,0,1,1,1,1,1,-2509.8,-91.24981,-2322.5,0,1,0,0;
custom,cuboid,stone5,5,0.1499985,1,0,1,1,1,1,1,-2509.8,-139.7498,-2322.5,0,1,0,0;
custom,cuboid,stone5,5,5,0.5,0,1,1,1,1,1,-2509.8,-115.4998,-2320,0,1,0,0;
custom,cylinder,stone5,4,3,4,0,1,1,1,1,1,-2464.8,-120.4998,-2677.5,0,1,0,0;
custom,prism,metal3,1,0.1,1,1,1,1,0,1,1,-2184.8,-135.4998,-2727.5,0.5000001,-0.5000001,-0.5000001,-0.5000001;
custom,prism,metal3,1,0.1,1,1,1,1,0,1,1,-2184.8,-125.4998,-2727.5,0.5000001,-0.5000001,-0.5000001,-0.5000001;
custom,prism,metal3,1,0.1,1,1,1,1,0,1,1,-2184.8,-115.4998,-2727.5,0.5000001,-0.5000001,-0.5000001,-0.5000001;
custom,prism,metal3,1,0.1,1,1,1,1,0,1,1,-2184.8,-105.4998,-2727.5,0.5000001,-0.5000001,-0.5000001,-0.5000001;
custom,cuboid,stone5,2,2,2,0,1,1,1,0.5,0.5,-2494.8,-130.4998,-2447.5,0,1,0,0;
custom,cuboid,stone5,2,2,2,0,1,1,1,0.5,0.5,-2524.8,-130.4998,-2547.5,0,1,0,0;
custom,cuboid,stone5,2,3,2,0,1,1,1,0.5,0.5,-2494.8,-125.4998,-2647.5,0,1,0,0;
custom,cuboid,stone5,2,3,2,0,1,1,1,0.5,0.5,-2339.8,-125.4998,-2747.5,0,1,0,0;
misc,barrier,42,1,8,-2104.8,-143.9998,-2897.5,0,0.7071069,0,-0.7071069;
custom,cuboid,stone5,5,0.99,8,0,1,1,1,1,32,-2104.8,-203.9998,-3082.5,0,0.7071069,0,-0.7071069;
custom,cuboid,stone3,6,1,21.5,0,1,1,1,1,3.5833,-2104.8,-203.9998,-2805,0,0,0,-1;
custom,cuboid,stone3,6,1,15,0,1,1,1,1,2,-2104.8,-232.4998,-2980,0.1961161,0,0,-0.9805808;
custom,cuboid,stone3,6,1,6.5,0,1,1,1,1,1,-2104.8,-260.9998,-3075,0,-1,0,0;
custom,cuboid,stone5,1,0.1500015,36,0,1,1,1,3.2727,1,-2139.8,-149.7498,-2877.5,0,-1,0,0;
custom,cuboid,stone5,1,6.149999,36,0,1,1,1,3.2727,1,-2139.8,-228.2498,-2877.5,0,-1,0,0;
custom,cuboid,stone5,1,11,30,0,1,1,1,3.2727,1,-2139.8,-203.9998,-2907.5,0,-1,0,0;
custom,cuboid,stone5,1,11,36,0,1,1,1,3.2727,1,-2069.8,-203.9998,-2877.5,0,-1,0,0;
custom,cuboid,stone5,8,11,1,0,1,1,1,1,0.72727,-2104.8,-203.9998,-2692.5,0,-1,0,0;
custom,cuboid,stone5,1,5,8,0,1,1,1,2,1,-2104.8,-173.9998,-3062.5,0,0.7071069,0,-0.7071069;
custom,cuboid,stone5,5,5,1,0,1,1,1,1,1,-2069.8,-233.9998,-3082.5,0,0.7071069,0,-0.7071069;
custom,cuboid,stone5,5,5,1,0,1,1,1,1,1,-2139.8,-233.9998,-3082.5,0,0.7071069,0,-0.7071069;
custom,prism,metal3,1,0.1,1,1,1,1,0,1,1,-2104.8,-193.9998,-3057.5,0,-0.7071069,-0.7071069,0;
custom,prism,metal3,1,0.1,1,1,1,1,0,1,1,-2104.8,-183.9998,-3057.5,0,-0.7071069,-0.7071069,0;
custom,prism,metal3,1,0.1,1,1,1,1,0,1,1,-2104.8,-173.9998,-3057.5,0,-0.7071069,-0.7071069,0;
custom,prism,metal3,1,0.1,1,1,1,1,0,1,1,-2104.8,-163.9998,-3057.5,0,-0.7071069,-0.7071069,0;
custom,cuboid,stone5,2,3,2,0,1,1,1,0.5,0.5,-2124.8,-183.9998,-2902.5,0,0.7071069,0,-0.7071069;
misc,barrier,42,1,8,-1934.8,-202.4998,-3137.5,0,-1,0,0;
custom,cuboid,stone5,5,0.99,8,0,1,1,1,1,32,-1749.8,-262.4998,-3137.5,0,-1,0,0;
custom,cuboid,stone3,6,1,21.5,0,1,1,1,1,3.5833,-2027.3,-262.4998,-3137.5,0,-0.7071068,0,0.7071068;
custom,cuboid,stone3,6,1,15,0,1,1,1,1,2,-1852.3,-290.9998,-3137.5,-0.138675,-0.6933753,-0.138675,0.6933753;
custom,cuboid,stone3,6,1,6.5,0,1,1,1,1,1,-1757.3,-319.4998,-3137.5,0,0.7071068,0,0.7071068;
custom,cuboid,stone5,1,11,36,0,1,1,1,3.2727,1,-1954.8,-262.4998,-3172.5,0,0.7071068,0,0.7071068;
custom,cuboid,stone5,1,0.150003,36,0,1,1,1,3.2727,1,-1954.8,-208.2498,-3102.5,0,0.7071068,0,0.7071068;
custom,cuboid,stone5,1,6.149997,36,0,1,1,1,3.2727,1,-1954.8,-286.7498,-3102.5,0,0.7071068,0,0.7071068;
custom,cuboid,stone5,1,11,30.00002,0,1,1,1,3.2727,1,-1924.8,-262.4998,-3102.5,0,0.7071068,0,0.7071068;
custom,cuboid,stone5,8,11,1,0,1,1,1,1,0.72727,-2139.8,-262.4998,-3137.5,0,0.7071068,0,0.7071068;
custom,cuboid,stone5,1,5,8,0,1,1,1,2,1,-1769.8,-232.4998,-3137.5,0,-1,0,0;
custom,cuboid,stone5,5,5,1,0,1,1,1,1,1,-1749.8,-292.4998,-3102.5,0,-1,0,0;
custom,cuboid,stone5,5,5,1,0,1,1,1,1,1,-1749.8,-292.4998,-3172.5,0,-1,0,0;
custom,prism,metal3,1,0.1,1,1,1,1,0,1,1,-1774.8,-252.4998,-3137.5,-0.5000001,0.5000001,0.5000001,0.5000001;
custom,prism,metal3,1,0.1,1,1,1,1,0,1,1,-1774.8,-242.4998,-3137.5,-0.5000001,0.5000001,0.5000001,0.5000001;
custom,prism,metal3,1,0.1,1,1,1,1,0,1,1,-1774.8,-232.4998,-3137.5,-0.5000001,0.5000001,0.5000001,0.5000001;
custom,prism,metal3,1,0.1,1,1,1,1,0,1,1,-1774.8,-222.4998,-3137.5,-0.5000001,0.5000001,0.5000001,0.5000001;
custom,cuboid,stone5,2,3,2,0,1,1,1,0.5,0.5,-1929.8,-242.4998,-3157.5,0,-1,0,0;
misc,barrier,42,1,8,-1694.8,-260.9998,-2967.5,0,0.7071069,0,0.7071069;
custom,cuboid,stone5,5,0.99,8,0,1,1,1,1,32,-1694.8,-320.9998,-2782.5,0,0.7071069,0,0.7071069;
custom,cuboid,stone3,6,1,21.5,0,1,1,1,1,3.5833,-1694.8,-320.9998,-3060,0,1,0,0;
custom,cuboid,stone3,6,1,15,0,1,1,1,1,2,-1694.8,-349.4998,-2885,0,0.9805808,0.1961161,0;
custom,cuboid,stone3,6,1,6.5,0,1,1,1,1,1,-1694.8,-377.9998,-2790,0,0,0,-1;
custom,cuboid,stone5,1,11,36,0,1,1,1,3.2727,1,-1659.8,-320.9998,-2987.5,0,0,0,-1;
custom,cuboid,stone5,1,0.15,36,0,1,1,1,3.2727,1,-1729.8,-266.7498,-2987.5,0,0,0,-1;
custom,cuboid,stone5,1,6.15,36,0,1,1,1,3.2727,1,-1729.8,-345.2498,-2987.5,0,0,0,-1;
custom,cuboid,stone5,1,11,30,0,1,1,1,3.2727,1,-1729.8,-320.9998,-2957.5,0,0,0,-1;
custom,cuboid,stone5,8,11,1,0,1,1,1,1,0.72727,-1694.8,-320.9998,-3172.5,0,0,0,-1;
custom,cuboid,stone5,1,5,8,0,1,1,1,2,1,-1694.8,-290.9998,-2802.5,0,0.7071069,0,0.7071069;
custom,cuboid,stone5,5,5,1,0,1,1,1,1,1,-1729.8,-350.9998,-2782.5,0,0.7071069,0,0.7071069;
custom,cuboid,stone5,5,5,1,0,1,1,1,1,1,-1659.8,-350.9998,-2782.5,0,0.7071069,0,0.7071069;
custom,prism,metal3,1,0.1,1,1,1,1,0,1,1,-1694.8,-310.9998,-2807.5,0.7071069,0,0,-0.7071069;
custom,prism,metal3,1,0.1,1,1,1,1,0,1,1,-1694.8,-300.9998,-2807.5,0.7071069,0,0,-0.7071069;
custom,prism,metal3,1,0.1,1,1,1,1,0,1,1,-1694.8,-290.9998,-2807.5,0.7071069,0,0,-0.7071069;
custom,prism,metal3,1,0.1,1,1,1,1,0,1,1,-1694.8,-280.9998,-2807.5,0.7071069,0,0,-0.7071069;
custom,cuboid,stone5,2,3,2,0,1,1,1,0.5,0.5,-1674.8,-300.9998,-2962.5,0,0.7071069,0,0.7071069;
misc,barrier,42,1,8,-1864.8,-319.4998,-2727.5,0,0,0,-1;
custom,cuboid,stone5,5,0.99,8,0,1,1,1,1,32,-2049.8,-379.4998,-2727.5,0,0,0,-1;
custom,cuboid,stone3,6,1,21.5,0,1,1,1,1,3.5833,-1772.3,-379.4998,-2727.5,0,-0.7071068,0,-0.7071068;
custom,cuboid,stone3,6,1,15,0,1,1,1,1,2,-1947.3,-407.9998,-2727.5,0.138675,-0.6933753,-0.138675,-0.6933753;
custom,cuboid,stone3,6,1,6.5,0,1,1,1,1,1,-2042.3,-436.4998,-2727.5,0,-0.7071068,0,0.7071068;
custom,cuboid,stone5,1,11,36,0,1,1,1,3.2727,1,-1844.8,-379.4998,-2692.5,0,-0.7071068,0,0.7071068;
custom,cuboid,stone5,1,0.15,36,0,1,1,1,3.2727,1,-1844.8,-325.2498,-2762.5,0,-0.7071068,0,0.7071068;
custom,cuboid,stone5,1,6.15,36,0,1,1,1,3.2727,1,-1844.8,-403.7498,-2762.5,0,-0.7071068,0,0.7071068;
custom,cuboid,stone5,1,11,30,0,1,1,1,3.2727,1,-1874.8,-379.4998,-2762.5,0,-0.7071068,0,0.7071068;
custom,cuboid,stone5,8,11,1,0,1,1,1,1,0.72727,-1659.8,-379.4998,-2727.5,0,-0.7071068,0,0.7071068;
custom,cuboid,stone5,1,5,8,0,1,1,1,2,1,-2029.8,-349.4998,-2727.5,0,0,0,-1;
custom,cuboid,stone5,5,5,1,0,1,1,1,1,1,-2049.8,-409.4998,-2762.5,0,0,0,-1;
custom,cuboid,stone5,5,5,1,0,1,1,1,1,1,-2049.8,-409.4998,-2692.5,0,0,0,-1;
custom,prism,metal3,1,0.1,1,1,1,1,0,1,1,-2024.8,-369.4998,-2727.5,-0.5000001,-0.5000001,-0.5000001,0.5000001;
custom,prism,metal3,1,0.1,1,1,1,1,0,1,1,-2024.8,-359.4998,-2727.5,-0.5000001,-0.5000001,-0.5000001,0.5000001;
custom,prism,metal3,1,0.1,1,1,1,1,0,1,1,-2024.8,-349.4998,-2727.5,-0.5000001,-0.5000001,-0.5000001,0.5000001;
custom,prism,metal3,1,0.1,1,1,1,1,0,1,1,-2024.8,-339.4998,-2727.5,-0.5000001,-0.5000001,-0.5000001,0.5000001;
custom,cuboid,stone5,2,3,2,0,1,1,1,0.5,0.5,-1869.8,-359.4998,-2707.5,0,0,0,-1;
misc,barrier,42,1,8,-2104.8,-377.9998,-2897.5,0,-0.7071069,0,0.7071069;
custom,cuboid,stone5,5,0.99,8,0,1,1,1,1,32,-2104.8,-437.9998,-3082.5,0,-0.7071069,0,0.7071069;
custom,cuboid,stone3,6,1,21.5,0,1,1,1,1,3.5833,-2104.8,-437.9998,-2805,0,0,0,1;
custom,cuboid,stone3,6,1,15,0,1,1,1,1,2,-2104.8,-466.4998,-2980,-0.1961161,0,0,0.9805808;
custom,cuboid,stone3,6,1,6.5,0,1,1,1,1,1,-2104.8,-494.9998,-3075,0,1,0,0;
custom,cuboid,stone5,1,11,36,0,1,1,1,3.2727,1,-2139.8,-437.9998,-2877.5,0,1,0,0;
custom,cuboid,stone5,1,0.15,36,0,1,1,1,3.2727,1,-2069.8,-383.7498,-2877.5,0,1,0,0;
86120;
custom,cuboid,stone5,1,6.15,36,0,1,1,1,3.2727,1,-2069.8,-462.2498,-2877.5,0,1,0,0;
custom,cuboid,stone5,1,11,30,0,1,1,1,3.2727,1,-2069.8,-437.9998,-2907.5,0,1,0,0;
custom,cuboid,stone5,8,11,1,0,1,1,1,1,0.72727,-2104.8,-437.9998,-2692.5,0,1,0,0;
custom,cuboid,stone5,1,5,8,0,1,1,1,2,1,-2104.8,-407.9998,-3062.5,0,-0.7071069,0,0.7071069;
custom,cuboid,stone5,5,5,1,0,1,1,1,1,1,-2069.8,-467.9998,-3082.5,0,-0.7071069,0,0.7071069;
custom,cuboid,stone5,5,5,1,0,1,1,1,1,1,-2139.8,-467.9998,-3082.5,0,-0.7071069,0,0.7071069;
custom,prism,metal3,1,0.1,1,1,1,1,0,1,1,-2104.8,-427.9998,-3057.5,0,0.7071069,0.7071069,0;
custom,prism,metal3,1,0.1,1,1,1,1,0,1,1,-2104.8,-417.9998,-3057.5,0,0.7071069,0.7071069,0;
custom,prism,metal3,1,0.1,1,1,1,1,0,1,1,-2104.8,-407.9998,-3057.5,0,0.7071069,0.7071069,0;
custom,prism,metal3,1,0.1,1,1,1,1,0,1,1,-2104.8,-397.9998,-3057.5,0,0.7071069,0.7071069,0;
custom,cuboid,stone5,2,3,2,0,1,1,1,0.5,0.5,-2124.8,-417.9998,-2902.5,0,-0.7071069,0,0.7071069;
spawnpoint,playerC,-455.0057,643.5508,-203.0845,0,0.03456197,0,0.9994026;
spawnpoint,playerM,-455.0057,643.5508,-203.0845,0,0.03456197,0,0.9994026;
;
86590;
z53342;
