custom,killcuboid,empty,3.2,0.406,0.04,0,0,0,0,1,1,-160,80,78,0,1,0,0;
custom,killcuboid,empty,0.08,1.2,0.4,1,0,0,0,1,1,-176,84,6,0,1,0,0;
custom,killcuboid,empty,0.08,1.2,0.4,1,0,0,0,1,1,-144,84,6,0,1,0,0;
custom,killcuboid,empty,3.2,0.2,0.04,0,0,0,0,1,1,-160,89,6,0,1,0,0;
custom,leaf0,ice1,0.64,0.4,0.004,0,0,0,0,1,1,-160,82.6,6,0,1,1,0;
custom,killcuboid,empty,3.2,0.406,0.36,0,0,0,0,1,1,-160,80,2,0,1,0,0;
custom,killcuboid,empty,3.2,0.406,0.36,0,0,0,0,1,1,-160,80,-6,0,1,0,0;
custom,killcuboid,empty,3.2,0.406,0.36,0,0,0,0,1,1,-160,80,-14,0,1,0,0;
custom,killcuboid,empty,3.2,0.406,0.36,0,0,0,0,1,1,-160,80,-22,0,1,0,0;
custom,killcuboid,empty,1.6,0.406,0.36,0,0,0,0,1,1,-168,80,-42,0,1,0,0;
custom,killcuboid,empty,1.6,0.406,0.36,0,0,0,0,1,1,-152,80,-62,0,1,0,0;
custom,killcuboid,empty,1.6,0.406,0.36,0,0,0,0,1,1,-168,80,-82,0,1,0,0;
custom,killcuboid,empty,1.6,0.406,0.36,0,0,0,0,1,1,-168,80,-122,0,1,0,0;
custom,killcuboid,empty,1.6,0.406,0.36,0,0,0,0,1,1,-152,80,-102,0,1,0,0;
custom,killcuboid,empty,1.6,0.406,0.36,0,0,0,0,1,1,-152,80,-142,0,1,0,0;
custom,killcuboid,empty,3.2,0.4,32,1,0,0,0,1,1,-160,80,0,0,1,0,0;
custom,killcuboid,empty,24,0.4,3.6,1,0,0,0,1,1,-40,80,162,0,1,0,0;
custom,killcuboid,empty,4.8,0.4,12,1,0,0,0,1,1,80,80,100,0,1,0,0;
custom,killcuboid,empty,16,0.4,3.2,1,0,0,0,1,1,0,80,40,0,1,0,0;
custom,killcuboid,empty,4.8,0.4,8,1,0,0,0,1,1,-80,80,0,0,1,0,0;
custom,killcuboid,empty,24,0.4,2.4,1,0,0,0,1,1,40,80,-40,0,1,0,0;
custom,killcuboid,empty,3.2,0.4,12,1,0,0,0,1,1,160,80,-100,0,1,0,0;
custom,killcuboid,empty,4,0.4,2.4,1,0,0,0,1,1,140,80,-160,0,1,0,0;
custom,killcuboid,empty,12,0.4,1.6,1,0,0,0,1,1,60,80,-160,0,1,0,0;
custom,killcuboid,empty,1.6,0.4,3.2,1,0,0,0,1,1,0,80,-160,0,1,0,0;
custom,killcuboid,empty,12,0.4,1.6,1,0,0,0,1,1,-60,80,-176,0,1,0,0;
custom,killcuboid,empty,12,0.4,1.6,1,0,0,0,1,1,-60,80,-144,0,1,0,0;
custom,killcuboid,empty,1.6,0.4,3.2,1,0,0,0,1,1,-120,80,-160,0,1,0,0;
custom,killcuboid,empty,4,0.4,2.4,1,0,0,0,1,1,-140,80,-160,0,1,0,0;
custom,killcuboid,empty,0.04,0.408,32,1,0,0,0,1,1,-148,80,0,0,1,0,0;
custom,killcuboid,empty,0.04,0.408,32,1,0,0,0,1,1,-152,80,0,0,1,0,0;
custom,killcuboid,empty,0.04,0.408,32,1,0,0,0,1,1,-156,80,0,0,1,0,0;
custom,killcuboid,empty,0.04,0.408,34.4,1,0,0,0,1,1,-160,80,0,0,1,0,0;
custom,killcuboid,empty,0.04,0.408,34.4,1,0,0,0,1,1,-164,80,0,0,1,0,0;
custom,killcuboid,empty,0.04,0.408,33.6,1,0,0,0,1,1,-168,80,0,0,1,0,0;
custom,killcuboid,empty,0.04,0.408,32.8,1,0,0,0,1,1,-172,80,0,0,1,0,0;
custom,killcuboid,empty,0.4,0.4,0.4,1,0,0,0,1,1,-162,80,-170,0,1,0,0;
custom,killcuboid,empty,0.8,0.4,0.4,1,0,0,0,1,1,-164,80,-166,0,1,0,0;
custom,killcuboid,empty,1.2,0.4,0.4,1,0,0,0,1,1,-166,80,-162,0,1,0,0;
custom,killcuboid,empty,0.4,0.404,0.36,1,1,0.1,0.2,1,1,-162,80,-170,0,1,0,0;
custom,killcuboid,empty,0.8,0.404,0.36,1,1,0.3,1,1,1,-164,80,-166,0,1,0,0;
custom,killcuboid,empty,1.2,0.404,0.36,1,0,0.2,1,1,1,-166,80,-162,0,1,0,0;
custom,killcuboid,empty,1.92,0.404,0.36,1,0.5,1,1,1,1,-166,80,-158,0,1,0,0;
custom,killcuboid,empty,2.32,0.404,0.36,1,0.2,1,0.2,1,1,-164,80,-154,0,1,0,0;
custom,killcuboid,empty,2.72,0.404,0.36,1,1,1,0,1,1,-162,80,-150,0,1,0,0;
custom,killcuboid,empty,3.12,0.404,0.36,1,1,0.5,0,1,1,-160,80,-146,0,1,0,0;
custom,killcuboid,empty,3.12,0.404,0.36,1,1,0.1,0.2,1,1,-160,80,-142,0,1,0,0;
custom,killcuboid,empty,3.12,0.404,0.36,1,1,0.3,1,1,1,-160,80,-138,0,1,0,0;
custom,killcuboid,empty,3.12,0.404,0.36,1,0,0.2,1,1,1,-160,80,-134,0,1,0,0;
custom,killcuboid,empty,3.12,0.404,0.36,1,0.5,1,1,1,1,-160,80,-130,0,1,0,0;
custom,killcuboid,empty,3.12,0.404,0.36,1,0.2,1,0.2,1,1,-160,80,-126,0,1,0,0;
custom,killcuboid,empty,3.12,0.404,0.36,1,1,1,0,1,1,-160,80,-122,0,1,0,0;
custom,killcuboid,empty,3.12,0.404,0.36,1,1,0.5,0,1,1,-160,80,-118,0,1,0,0;
custom,killcuboid,empty,3.12,0.404,0.36,1,1,0.1,0.2,1,1,-160,80,-114,0,1,0,0;
custom,killcuboid,empty,3.12,0.404,0.36,1,1,0.3,1,1,1,-160,80,-110,0,1,0,0;
custom,killcuboid,empty,3.12,0.404,0.36,1,0,0.2,1,1,1,-160,80,-106,0,1,0,0;
custom,killcuboid,empty,3.12,0.404,0.36,1,0.5,1,1,1,1,-160,80,-102,0,1,0,0;
custom,killcuboid,empty,3.12,0.404,0.36,1,0.2,1,0.2,1,1,-160,80,-98,0,1,0,0;
custom,killcuboid,empty,3.12,0.404,0.36,1,1,1,0,1,1,-160,80,-94,0,1,0,0;
custom,killcuboid,empty,3.12,0.404,0.36,1,1,0.5,0,1,1,-160,80,-90,0,1,0,0;
custom,killcuboid,empty,3.12,0.404,0.36,1,1,0.1,0.2,1,1,-160,80,-86,0,1,0,0;
custom,killcuboid,empty,3.12,0.404,0.36,1,1,0.3,1,1,1,-160,80,-82,0,1,0,0;
custom,killcuboid,empty,3.12,0.404,0.36,1,0,0.2,1,1,1,-160,80,-78,0,1,0,0;
custom,killcuboid,empty,3.12,0.404,0.36,1,0.5,1,1,1,1,-160,80,-74,0,1,0,0;
custom,killcuboid,empty,3.12,0.404,0.36,1,0.2,1,0.2,1,1,-160,80,-70,0,1,0,0;
custom,killcuboid,empty,3.12,0.404,0.36,1,1,1,0,1,1,-160,80,-66,0,1,0,0;
custom,killcuboid,empty,3.12,0.404,0.36,1,1,0.5,0,1,1,-160,80,-62,0,1,0,0;
custom,killcuboid,empty,3.12,0.404,0.36,1,1,0.1,0.2,1,1,-160,80,-58,0,1,0,0;
custom,killcuboid,empty,3.12,0.404,0.36,1,1,0.3,1,1,1,-160,80,-54,0,1,0,0;
custom,killcuboid,empty,3.12,0.404,0.36,1,0,0.2,1,1,1,-160,80,-50,0,1,0,0;
custom,killcuboid,empty,3.12,0.404,0.36,1,0.5,1,1,1,1,-160,80,-46,0,1,0,0;
custom,killcuboid,empty,3.12,0.404,0.36,1,0.2,1,0.2,1,1,-160,80,-42,0,1,0,0;
custom,killcuboid,empty,3.12,0.404,0.36,1,1,1,0,1,1,-160,80,-38,0,1,0,0;
custom,killcuboid,empty,3.12,0.404,0.36,1,1,0.5,0,1,1,-160,80,-34,0,1,0,0;
custom,killcuboid,empty,3.12,0.404,0.36,1,1,0.1,0.2,1,1,-160,80,-30,0,1,0,0;
custom,killcuboid,empty,3.12,0.404,0.36,1,1,0.3,1,1,1,-160,80,-26,0,1,0,0;
custom,killcuboid,empty,3.12,0.404,0.36,1,0,0.2,1,1,1,-160,80,-22,0,1,0,0;
custom,killcuboid,empty,3.12,0.404,0.36,1,0.5,1,1,1,1,-160,80,-18,0,1,0,0;
custom,killcuboid,empty,3.12,0.404,0.36,1,0.2,1,0.2,1,1,-160,80,-14,0,1,0,0;
custom,killcuboid,empty,3.12,0.404,0.36,1,1,1,0,1,1,-160,80,-10,0,1,0,0;
custom,killcuboid,empty,3.12,0.404,0.36,1,1,0.5,0,1,1,-160,80,-6,0,1,0,0;
custom,killcuboid,empty,3.12,0.404,0.36,1,1,0.1,0.2,1,1,-160,80,-2,0,1,0,0;
custom,killcuboid,empty,3.12,0.404,0.36,1,1,0.3,1,1,1,-160,80,2,0,1,0,0;
custom,killcuboid,empty,3.12,0.404,0.36,1,0,0.2,1,1,1,-160,80,6,0,1,0,0;
custom,killcuboid,empty,3.12,0.404,0.36,1,0.5,1,1,1,1,-160,80,10,0,1,0,0;
custom,killcuboid,empty,3.12,0.404,0.36,1,0.2,1,0.2,1,1,-160,80,14,0,1,0,0;
custom,killcuboid,empty,3.12,0.404,0.36,1,1,1,0,1,1,-160,80,18,0,1,0,0;
custom,killcuboid,empty,3.12,0.404,0.36,1,1,0.5,0,1,1,-160,80,22,0,1,0,0;
custom,killcuboid,empty,3.12,0.404,0.36,1,1,0.1,0.2,1,1,-160,80,26,0,1,0,0;
custom,killcuboid,empty,3.12,0.404,0.36,1,1,0.3,1,1,1,-160,80,30,0,1,0,0;
custom,killcuboid,empty,3.12,0.404,0.36,1,0,0.2,1,1,1,-160,80,34,0,1,0,0;
custom,killcuboid,empty,3.12,0.404,0.36,1,0.5,1,1,1,1,-160,80,38,0,1,0,0;
custom,killcuboid,empty,3.12,0.404,0.36,1,0.2,1,0.2,1,1,-160,80,42,0,1,0,0;
custom,killcuboid,empty,3.12,0.404,0.36,1,1,1,0,1,1,-160,80,46,0,1,0,0;
custom,killcuboid,empty,3.12,0.404,0.36,1,1,0.5,0,1,1,-160,80,50,0,1,0,0;
custom,killcuboid,empty,3.12,0.404,0.36,1,1,0.1,0.2,1,1,-160,80,54,0,1,0,0;
custom,killcuboid,empty,3.12,0.404,0.36,1,1,0.3,1,1,1,-160,80,58,0,1,0,0;
custom,killcuboid,empty,3.12,0.404,0.36,1,0,0.2,1,1,1,-160,80,62,0,1,0,0;
custom,killcuboid,empty,3.12,0.404,0.36,1,0.5,1,1,1,1,-160,80,66,0,1,0,0;
custom,killcuboid,empty,3.12,0.404,0.36,1,0.2,1,0.2,1,1,-160,80,70,0,1,0,0;
custom,killcuboid,empty,3.12,0.404,0.36,1,1,1,0,1,1,-160,80,74,0,1,0,0;
custom,killcuboid,empty,3.12,0.404,0.36,1,1,0.5,0,1,1,-160,80,78,0,1,0,0;
custom,killcuboid,empty,3.12,0.404,0.36,1,1,0.1,0.2,1,1,-160,80,82,0,1,0,0;
custom,killcuboid,empty,3.12,0.404,0.36,1,1,0.3,1,1,1,-160,80,86,0,1,0,0;
custom,killcuboid,empty,3.12,0.404,0.36,1,0,0.2,1,1,1,-160,80,90,0,1,0,0;
custom,killcuboid,empty,3.12,0.404,0.36,1,0.5,1,1,1,1,-160,80,94,0,1,0,0;
custom,killcuboid,empty,3.12,0.404,0.36,1,0.2,1,0.2,1,1,-160,80,98,0,1,0,0;
custom,killcuboid,empty,3.12,0.404,0.36,1,1,1,0,1,1,-160,80,102,0,1,0,0;
custom,killcuboid,empty,3.12,0.404,0.36,1,1,0.5,0,1,1,-160,80,106,0,1,0,0;
custom,killcuboid,empty,3.12,0.404,0.36,1,1,0.1,0.2,1,1,-160,80,110,0,1,0,0;
custom,killcuboid,empty,3.12,0.404,0.36,1,1,0.3,1,1,1,-160,80,114,0,1,0,0;
custom,killcuboid,empty,3.12,0.404,0.36,1,0,0.2,1,1,1,-160,80,118,0,1,0,0;
custom,killcuboid,empty,3.12,0.404,0.36,1,0.5,1,1,1,1,-160,80,122,0,1,0,0;
custom,killcuboid,empty,3.12,0.404,0.36,1,0.2,1,0.2,1,1,-160,80,126,0,1,0,0;
custom,killcuboid,empty,3.12,0.404,0.36,1,1,1,0,1,1,-160,80,130,0,1,0,0;
custom,killcuboid,empty,3.12,0.404,0.36,1,1,0.5,0,1,1,-160,80,134,0,1,0,0;
custom,killcuboid,empty,3.12,0.404,0.36,1,1,0.1,0.2,1,1,-160,80,138,0,1,0,0;
custom,killcuboid,empty,3.12,0.404,0.36,1,1,0.3,1,1,1,-160,80,142,0,1,0,0;
custom,killcuboid,empty,3.12,0.404,0.36,1,0,0.2,1,1,1,-160,80,146,0,1,0,0;
custom,killcuboid,empty,2.72,0.404,0.36,1,0.5,1,1,1,1,-162,80,150,0,1,0,0;
custom,killcuboid,empty,2.32,0.404,0.36,1,0.2,1,0.2,1,1,-164,80,154,0,1,0,0;
custom,killcuboid,empty,1.92,0.404,0.36,1,1,1,0,1,1,-166,80,158,0,1,0,0;
custom,killcuboid,empty,1.2,0.404,0.36,1,1,0.5,0,1,1,-166,80,162,0,1,0,0;
custom,killcuboid,empty,0.8,0.404,0.36,1,1,0.1,0.2,1,1,-164,80,166,0,1,0,0;
custom,killcuboid,empty,0.4,0.404,0.36,1,1,0.3,1,1,1,-162,80,170,0,1,0,0;
custom,killcuboid,empty,1.2,0.4,0.4,1,0,0,0,1,1,-166,80,162,0,1,0,0;
custom,killcuboid,empty,0.8,0.4,0.4,1,0,0,0,1,1,-164,80,166,0,1,0,0;
custom,killcuboid,empty,0.4,0.4,0.4,1,0,0,0,1,1,-162,80,170,0,1,0,0;
custom,killcuboid,empty,0.6,0.4,0.6,1,0,0,0,0,1,-162,80,174,0,1,0,0;
custom,killcuboid,empty,0.36,0.404,0.4,1,0,0.2,1,1,1,-162,80,174,0,1,0,0;
custom,killcuboid,empty,0.36,0.404,1.96,1,0.5,1,1,1,1,-158,80,170,0,1,0,0;
custom,killcuboid,empty,0.36,0.404,2.36,1,0.2,1,0.2,1,1,-154,80,168,0,1,0,0;
custom,killcuboid,empty,0.36,0.404,2.76,1,1,1,0,1,1,-150,80,166,0,1,0,0;
custom,killcuboid,empty,0.36,0.404,3.16,1,1,0.5,0,1,1,-146,80,164,0,1,0,0;
custom,killcuboid,empty,0.36,0.404,3.52,1,1,0.1,0.2,1,1,-142,80,162,0,1,0,0;
custom,killcuboid,empty,0.36,0.404,3.52,1,1,0.3,1,1,1,-138,80,162,0,1,0,0;
custom,killcuboid,empty,0.36,0.404,3.52,1,0,0.2,1,1,1,-134,80,162,0,1,0,0;
custom,killcuboid,empty,0.36,0.404,3.52,1,0.5,1,1,1,1,-130,80,162,0,1,0,0;
custom,killcuboid,empty,0.36,0.404,3.52,1,0.2,1,0.2,1,1,-126,80,162,0,1,0,0;
custom,killcuboid,empty,0.36,0.404,3.52,1,1,1,0,1,1,-122,80,162,0,1,0,0;
custom,killcuboid,empty,0.36,0.404,3.52,1,1,0.5,0,1,1,-118,80,162,0,1,0,0;
custom,killcuboid,empty,0.36,0.404,3.52,1,1,0.1,0.2,1,1,-114,80,162,0,1,0,0;
custom,killcuboid,empty,0.36,0.404,3.52,1,1,0.3,1,1,1,-110,80,162,0,1,0,0;
custom,killcuboid,empty,0.36,0.404,3.52,1,0,0.2,1,1,1,-106,80,162,0,1,0,0;
custom,killcuboid,empty,0.36,0.404,3.52,1,0.5,1,1,1,1,-102,80,162,0,1,0,0;
custom,killcuboid,empty,0.36,0.404,3.52,1,0.2,1,0.2,1,1,-98,80,162,0,1,0,0;
custom,killcuboid,empty,0.36,0.404,3.52,1,1,1,0,1,1,-94,80,162,0,1,0,0;
custom,killcuboid,empty,0.36,0.404,3.52,1,1,0.5,0,1,1,-90,80,162,0,1,0,0;
custom,killcuboid,empty,0.36,0.404,3.52,1,1,0.1,0.2,1,1,-86,80,162,0,1,0,0;
custom,killcuboid,empty,0.36,0.404,3.52,1,1,0.3,1,1,1,-82,80,162,0,1,0,0;
custom,killcuboid,empty,0.36,0.404,3.52,1,0,0.2,1,1,1,-78,80,162,0,1,0,0;
custom,killcuboid,empty,0.36,0.404,3.52,1,0.5,1,1,1,1,-74,80,162,0,1,0,0;
custom,killcuboid,empty,0.36,0.404,3.52,1,0.2,1,0.2,1,1,-70,80,162,0,1,0,0;
custom,killcuboid,empty,0.36,0.404,3.52,1,1,1,0,1,1,-66,80,162,0,1,0,0;
custom,killcuboid,empty,0.36,0.404,3.52,1,1,0.5,0,1,1,-62,80,162,0,1,0,0;
custom,killcuboid,empty,0.36,0.404,3.52,1,1,0.1,0.2,1,1,-58,80,162,0,1,0,0;
custom,killcuboid,empty,0.36,0.404,3.52,1,1,0.3,1,1,1,-54,80,162,0,1,0,0;
custom,killcuboid,empty,0.36,0.404,3.52,1,0,0.2,1,1,1,-50,80,162,0,1,0,0;
custom,killcuboid,empty,0.36,0.404,3.52,1,0.5,1,1,1,1,-46,80,162,0,1,0,0;
custom,killcuboid,empty,0.36,0.404,3.52,1,0.2,1,0.2,1,1,-42,80,162,0,1,0,0;
custom,killcuboid,empty,0.36,0.404,3.52,1,1,1,0,1,1,-38,80,162,0,1,0,0;
custom,killcuboid,empty,0.36,0.404,3.52,1,1,0.5,0,1,1,-34,80,162,0,1,0,0;
custom,killcuboid,empty,0.36,0.404,3.52,1,1,0.1,0.2,1,1,-30,80,162,0,1,0,0;
custom,killcuboid,empty,0.36,0.404,3.52,1,1,0.3,1,1,1,-26,80,162,0,1,0,0;
custom,killcuboid,empty,0.36,0.404,3.52,1,0,0.2,1,1,1,-22,80,162,0,1,0,0;
custom,killcuboid,empty,0.36,0.404,3.52,1,0.5,1,1,1,1,-18,80,162,0,1,0,0;
custom,killcuboid,empty,0.36,0.404,3.52,1,0.2,1,0.2,1,1,-14,80,162,0,1,0,0;
custom,killcuboid,empty,0.36,0.404,3.52,1,1,1,0,1,1,-10,80,162,0,1,0,0;
custom,killcuboid,empty,0.36,0.404,3.52,1,1,0.5,0,1,1,-6,80,162,0,1,0,0;
custom,killcuboid,empty,0.36,0.404,3.52,1,1,0.1,0.2,1,1,-2,80,162,0,1,0,0;
custom,killcuboid,empty,0.36,0.404,3.52,1,1,0.3,1,1,1,2,80,162,0,1,0,0;
custom,killcuboid,empty,0.36,0.404,3.52,1,0,0.2,1,1,1,6,80,162,0,1,0,0;
custom,killcuboid,empty,0.36,0.404,3.52,1,0.5,1,1,1,1,10,80,162,0,1,0,0;
custom,killcuboid,empty,0.36,0.404,3.52,1,0.2,1,0.2,1,1,14,80,162,0,1,0,0;
custom,killcuboid,empty,0.36,0.404,3.52,1,1,1,0,1,1,18,80,162,0,1,0,0;
custom,killcuboid,empty,0.36,0.404,3.52,1,1,0.5,0,1,1,22,80,162,0,1,0,0;
custom,killcuboid,empty,0.36,0.404,3.52,1,1,0.1,0.2,1,1,26,80,162,0,1,0,0;
custom,killcuboid,empty,0.36,0.404,3.52,1,1,0.3,1,1,1,30,80,162,0,1,0,0;
custom,killcuboid,empty,0.36,0.404,3.52,1,0,0.2,1,1,1,34,80,162,0,1,0,0;
custom,killcuboid,empty,0.36,0.404,3.52,1,0.5,1,1,1,1,38,80,162,0,1,0,0;
custom,killcuboid,empty,0.36,0.404,3.52,1,0.2,1,0.2,1,1,42,80,162,0,1,0,0;
custom,killcuboid,empty,0.36,0.404,3.52,1,1,1,0,1,1,46,80,162,0,1,0,0;
custom,killcuboid,empty,0.36,0.404,3.52,1,1,0.5,0,1,1,50,80,162,0,1,0,0;
custom,killcuboid,empty,0.36,0.404,3.52,1,1,0.1,0.2,1,1,54,80,162,0,1,0,0;
custom,killcuboid,empty,0.36,0.404,3.52,1,1,0.3,1,1,1,58,80,162,0,1,0,0;
custom,killcuboid,empty,0.36,0.404,3.52,1,0,0.2,1,1,1,62,80,162,0,1,0,0;
custom,killcuboid,empty,0.36,0.404,3.12,1,0.5,1,1,1,1,66,80,164,0,1,0,0;
custom,killcuboid,empty,0.36,0.404,2.72,1,0.2,1,0.2,1,1,70,80,166,0,1,0,0;
custom,killcuboid,empty,0.36,0.404,2.32,1,1,1,0,1,1,74,80,168,0,1,0,0;
custom,killcuboid,empty,0.36,0.404,1.92,1,1,0.5,0,1,1,78,80,170,0,1,0,0;
custom,killcuboid,empty,0.36,0.404,1.52,1,1,0.1,0.2,1,1,82,80,168,0,1,0,0;
custom,killcuboid,empty,0.36,0.404,1.2,1,1,0.3,1,1,1,86,80,166,0,1,0,0;
custom,killcuboid,empty,0.36,0.404,0.8,1,0,0.2,1,1,1,90,80,164,0,1,0,0;
custom,killcuboid,empty,0.36,0.404,0.4,1,0.5,1,1,1,1,94,80,162,0,1,0,0;
custom,killcuboid,empty,0.36,0.404,0.32,1,0.2,1,0.2,1,1,98,80,162,0,1,0,0;
custom,killcuboid,empty,2,0.4,0.6,1,0,0,0,1,1,90,80,162,0,1,0,0;
custom,killcuboid,empty,24.8,0.408,0.04,1,0,0,0,1,1,-40,80,176,0,1,0,0;
custom,killcuboid,empty,25.2,0.408,0.04,1,0,0,0,1,1,-38,80,172,0,1,0,0;
custom,killcuboid,empty,25.6,0.408,0.04,1,0,0,0,1,1,-36,80,168,0,1,0,0;
custom,killcuboid,empty,26.4,0.408,0.04,1,0,0,0,1,1,-36,80,164,0,1,0,0;
custom,killcuboid,empty,27.2,0.408,0.04,1,0,0,0,1,1,-36,80,160,0,1,0,0;
custom,killcuboid,empty,28,0.408,0.04,1,0,0,0,1,1,-36,80,156,0,1,0,0;
custom,killcuboid,empty,28,0.408,0.04,1,0,0,0,1,1,-36,80,152,0,1,0,0;
custom,killcuboid,empty,28,0.408,0.04,1,0,0,0,1,1,-36,80,148,0,1,0,0;
custom,killcuboid,empty,2.72,0.404,0.36,1,0.5,1,1,1,1,90,80,158,0,1,0,0;
custom,killcuboid,empty,3.12,0.404,0.36,1,0.2,1,0.2,1,1,88,80,154,0,1,0,0;
custom,killcuboid,empty,3.52,0.404,0.36,1,1,1,0,1,1,86,80,150,0,1,0,0;
custom,killcuboid,empty,3.92,0.404,0.36,1,1,0.5,0,1,1,84,80,146,0,1,0,0;
custom,killcuboid,empty,4.72,0.404,0.36,1,1,0.1,0.2,1,1,80,80,142,0,1,0,0;
custom,killcuboid,empty,4.72,0.404,0.36,1,1,0.3,1,1,1,80,80,138,0,1,0,0;
custom,killcuboid,empty,4.72,0.404,0.36,1,0,0.2,1,1,1,80,80,134,0,1,0,0;
custom,killcuboid,empty,4.72,0.404,0.36,1,0.5,1,1,1,1,80,80,130,0,1,0,0;
custom,killcuboid,empty,4.72,0.404,0.36,1,0.2,1,0.2,1,1,80,80,126,0,1,0,0;
custom,killcuboid,empty,4.72,0.404,0.36,1,1,1,0,1,1,80,80,122,0,1,0,0;
custom,killcuboid,empty,4.72,0.404,0.36,1,1,0.5,0,1,1,80,80,118,0,1,0,0;
custom,killcuboid,empty,4.72,0.404,0.36,1,1,0.1,0.2,1,1,80,80,114,0,1,0,0;
custom,killcuboid,empty,4.72,0.404,0.36,1,1,0.3,1,1,1,80,80,110,0,1,0,0;
custom,killcuboid,empty,4.72,0.404,0.36,1,0,0.2,1,1,1,80,80,106,0,1,0,0;
custom,killcuboid,empty,4.72,0.404,0.36,1,0.5,1,1,1,1,80,80,102,0,1,0,0;
custom,killcuboid,empty,4.72,0.404,0.36,1,0.2,1,0.2,1,1,80,80,98,0,1,0,0;
custom,killcuboid,empty,4.72,0.404,0.36,1,1,1,0,1,1,80,80,94,0,1,0,0;
custom,killcuboid,empty,4.72,0.404,0.36,1,1,0.5,0,1,1,80,80,90,0,1,0,0;
custom,killcuboid,empty,4.72,0.404,0.36,1,1,0.1,0.2,1,1,80,80,86,0,1,0,0;
custom,killcuboid,empty,4.72,0.404,0.36,1,1,0.3,1,1,1,80,80,82,0,1,0,0;
custom,killcuboid,empty,4.72,0.404,0.36,1,0,0.2,1,1,1,80,80,78,0,1,0,0;
custom,killcuboid,empty,4.72,0.404,0.36,1,0.5,1,1,1,1,80,80,74,0,1,0,0;
custom,killcuboid,empty,4.72,0.404,0.36,1,0.2,1,0.2,1,1,80,80,70,0,1,0,0;
custom,killcuboid,empty,4.72,0.404,0.36,1,1,1,0,1,1,80,80,66,0,1,0,0;
custom,killcuboid,empty,4.72,0.404,0.36,1,1,0.5,0,1,1,80,80,62,0,1,0,0;
custom,killcuboid,empty,4.72,0.404,0.36,1,1,0.1,0.2,1,1,80,80,58,0,1,0,0;
custom,killcuboid,empty,4.38,0.404,0.36,1,1,0.3,1,1,1,81.8,80,54,0,1,0,0;
custom,killcuboid,empty,3.98,0.404,0.36,1,0,0.2,1,1,1,83.8,80,50,0,1,0,0;
custom,killcuboid,empty,3.58,0.404,0.36,1,0.5,1,1,1,1,85.8,80,46,0,1,0,0;
custom,killcuboid,empty,3.18,0.404,0.36,1,0.2,1,0.2,1,1,87.8,80,42,0,1,0,0;
custom,killcuboid,empty,2.36,0.404,0.36,1,1,1,0,1,1,88,80,38,0,1,0,0;
custom,killcuboid,empty,1.56,0.404,0.36,1,1,0.5,0,1,1,84,80,34,0,1,0,0;
custom,killcuboid,empty,1.16,0.404,0.36,1,1,0.1,0.2,1,1,82,80,30,0,1,0,0;
custom,killcuboid,empty,0.76,0.404,0.36,1,1,0.3,1,1,1,80,80,26,0,1,0,0;
custom,killcuboid,empty,0.04,0.408,12,1,0,0,0,1,1,60,80,100,0,1,0,0;
custom,killcuboid,empty,0.04,0.408,12,1,0,0,0,1,1,64,80,100,0,1,0,0;
custom,killcuboid,empty,0.04,0.408,12,1,0,0,0,1,1,68,80,100,0,1,0,0;
custom,killcuboid,empty,0.04,0.408,12,1,0,0,0,1,1,72,80,100,0,1,0,0;
custom,killcuboid,empty,0.04,0.408,12,1,0,0,0,1,1,76,80,100,0,1,0,0;
custom,killcuboid,empty,0.04,0.408,15.2,1,0,0,0,1,1,80,80,100,0,1,0,0;
custom,killcuboid,empty,0.04,0.408,15.2,1,0,0,0,1,1,84,80,100,0,1,0,0;
custom,killcuboid,empty,0.04,0.408,14.4,1,0,0,0,1,1,88,80,100,0,1,0,0;
custom,killcuboid,empty,0.04,0.408,13.6,1,0,0,0,1,1,92,80,100,0,1,0,0;
custom,killcuboid,empty,0.04,0.408,12.8,1,0,0,0,1,1,96,80,100,0,1,0,0;
custom,killcuboid,empty,0.04,0.408,12.8,1,0,0,0,1,1,100,80,100,0,1,0,0;
custom,killcuboid,empty,0.36,0.404,0.4,1,0.2,1,0.2,1,1,-98,80,42,0,1,0,0;
custom,killcuboid,empty,0.36,0.404,0.4,1,1,1,0,1,1,-94,80,42,0,1,0,0;
custom,killcuboid,empty,0.36,0.404,0.8,1,1,0.5,0,1,1,-90,80,44,0,1,0,0;
custom,killcuboid,empty,0.36,0.404,1.2,1,1,0.1,0.2,1,1,-86,80,46,0,1,0,0;
custom,killcuboid,empty,0.36,0.404,1.2,1,1,0.3,1,1,1,-82,80,46,0,1,0,0;
custom,killcuboid,empty,0.36,0.404,1.52,1,0,0.2,1,1,1,-78,80,48,0,1,0,0;
custom,killcuboid,empty,0.36,0.404,1.92,1,0.5,1,1,1,1,-74,80,46,0,1,0,0;
custom,killcuboid,empty,0.36,0.404,2.32,1,0.2,1,0.2,1,1,-70,80,44,0,1,0,0;
custom,killcuboid,empty,0.36,0.404,2.72,1,1,1,0,1,1,-66,80,42,0,1,0,0;
custom,killcuboid,empty,0.36,0.404,3.12,1,1,0.5,0,1,1,-62,80,40,0,1,0,0;
custom,killcuboid,empty,0.36,0.404,3.12,1,1,0.1,0.2,1,1,-58,80,40,0,1,0,0;
custom,killcuboid,empty,0.36,0.404,3.12,1,1,0.3,1,1,1,-54,80,40,0,1,0,0;
custom,killcuboid,empty,0.36,0.404,3.12,1,0,0.2,1,1,1,-50,80,40,0,1,0,0;
custom,killcuboid,empty,0.36,0.404,3.12,1,0.5,1,1,1,1,-46,80,40,0,1,0,0;
custom,killcuboid,empty,0.36,0.404,3.12,1,0.2,1,0.2,1,1,-42,80,40,0,1,0,0;
custom,killcuboid,empty,0.36,0.404,3.12,1,1,1,0,1,1,-38,80,40,0,1,0,0;
custom,killcuboid,empty,0.36,0.404,3.12,1,1,0.5,0,1,1,-34,80,40,0,1,0,0;
custom,killcuboid,empty,0.36,0.404,3.12,1,1,0.1,0.2,1,1,-30,80,40,0,1,0,0;
custom,killcuboid,empty,0.36,0.404,3.12,1,1,0.3,1,1,1,-26,80,40,0,1,0,0;
custom,killcuboid,empty,0.36,0.404,3.12,1,0,0.2,1,1,1,-22,80,40,0,1,0,0;
custom,killcuboid,empty,0.36,0.404,3.12,1,0.5,1,1,1,1,-18,80,40,0,1,0,0;
custom,killcuboid,empty,0.36,0.404,3.12,1,0.2,1,0.2,1,1,-14,80,40,0,1,0,0;
custom,killcuboid,empty,0.36,0.404,3.12,1,1,1,0,1,1,-10,80,40,0,1,0,0;
custom,killcuboid,empty,0.36,0.404,3.12,1,1,0.5,0,1,1,-6,80,40,0,1,0,0;
custom,killcuboid,empty,0.36,0.404,3.12,1,1,0.1,0.2,1,1,-2,80,40,0,1,0,0;
custom,killcuboid,empty,0.36,0.404,3.12,1,1,0.3,1,1,1,2,80,40,0,1,0,0;
custom,killcuboid,empty,0.36,0.404,3.12,1,0,0.2,1,1,1,6,80,40,0,1,0,0;
custom,killcuboid,empty,0.36,0.404,3.12,1,0.5,1,1,1,1,10,80,40,0,1,0,0;
custom,killcuboid,empty,0.36,0.404,3.12,1,0.2,1,0.2,1,1,14,80,40,0,1,0,0;
custom,killcuboid,empty,0.36,0.404,3.12,1,1,1,0,1,1,18,80,40,0,1,0,0;
custom,killcuboid,empty,0.36,0.404,3.12,1,1,0.5,0,1,1,22,80,40,0,1,0,0;
custom,killcuboid,empty,0.36,0.404,3.12,1,1,0.1,0.2,1,1,26,80,40,0,1,0,0;
custom,killcuboid,empty,0.36,0.404,3.12,1,1,0.3,1,1,1,30,80,40,0,1,0,0;
custom,killcuboid,empty,0.36,0.404,3.12,1,0,0.2,1,1,1,34,80,40,0,1,0,0;
custom,killcuboid,empty,0.36,0.404,3.12,1,0.5,1,1,1,1,38,80,40,0,1,0,0;
custom,killcuboid,empty,0.36,0.404,3.12,1,0.2,1,0.2,1,1,42,80,40,0,1,0,0;
custom,killcuboid,empty,0.36,0.404,3.12,1,1,1,0,1,1,46,80,40,0,1,0,0;
custom,killcuboid,empty,0.36,0.404,3.12,1,1,0.5,0,1,1,50,80,40,0,1,0,0;
custom,killcuboid,empty,0.36,0.404,3.12,1,1,0.1,0.2,1,1,54,80,40,0,1,0,0;
custom,killcuboid,empty,0.36,0.404,3.12,1,1,0.3,1,1,1,58,80,40,0,1,0,0;
custom,killcuboid,empty,0.36,0.404,2.72,1,0,0.2,1,1,1,62,80,38,0,1,0,0;
custom,killcuboid,empty,0.36,0.404,2.32,1,0.5,1,1,1,1,66,80,36,0,1,0,0;
custom,killcuboid,empty,0.36,0.404,1.92,1,0.2,1,0.2,1,1,70,80,34,0,1,0,0;
custom,killcuboid,empty,0.36,0.404,1.52,1,1,1,0,1,1,74,80,32,0,1,0,0;
custom,killcuboid,empty,17.6,0.408,0.04,1,0,0,0,1,1,0,80,52,0,1,0,0;
custom,killcuboid,empty,18.4,0.408,0.04,1,0,0,0,1,1,0,80,48,0,1,0,0;
custom,killcuboid,empty,20,0.408,0.04,1,0,0,0,1,1,0,80,44,0,1,0,0;
custom,killcuboid,empty,20,0.408,0.04,1,0,0,0,1,1,0,80,40,0,1,0,0;
custom,killcuboid,empty,20,0.408,0.04,1,0,0,0,1,1,0,80,36,0,1,0,0;
custom,killcuboid,empty,18.4,0.408,0.04,1,0,0,0,1,1,0,80,32,0,1,0,0;
custom,killcuboid,empty,17.6,0.408,0.04,1,0,0,0,1,1,0,80,28,0,1,0,0;
custom,killcuboid,empty,16.8,0.408,0.04,1,0,0,0,1,1,0,80,24,0,1,0,0;
custom,killcuboid,empty,2.72,0.404,0.36,1,1,0.5,0,1,1,-90,80,38,0,1,0,0;
custom,killcuboid,empty,3.12,0.404,0.36,1,1,0.1,0.2,1,1,-88,80,34,0,1,0,0;
custom,killcuboid,empty,3.52,0.404,0.36,1,1,0.3,1,1,1,-86,80,30,0,1,0,0;
custom,killcuboid,empty,3.92,0.404,0.36,1,0,0.2,1,1,1,-84,80,26,0,1,0,0;
custom,killcuboid,empty,4.72,0.404,0.36,1,0.5,1,1,1,1,-80,80,22,0,1,0,0;
custom,killcuboid,empty,4.72,0.404,0.36,1,0.2,1,0.2,1,1,-80,80,18,0,1,0,0;
custom,killcuboid,empty,4.72,0.404,0.36,1,1,1,0,1,1,-80,80,14,0,1,0,0;
custom,killcuboid,empty,4.72,0.404,0.36,1,1,0.5,0,1,1,-80,80,10,0,1,0,0;
custom,killcuboid,empty,4.72,0.404,0.36,1,1,0.1,0.2,1,1,-80,80,6,0,1,0,0;
custom,killcuboid,empty,4.72,0.404,0.36,1,1,0.3,1,1,1,-80,80,2,0,1,0,0;
custom,killcuboid,empty,4.72,0.404,0.36,1,0,0.2,1,1,1,-80,80,-2,0,1,0,0;
custom,killcuboid,empty,4.72,0.404,0.36,1,0.5,1,1,1,1,-80,80,-6,0,1,0,0;
custom,killcuboid,empty,4.72,0.404,0.36,1,0.2,1,0.2,1,1,-80,80,-10,0,1,0,0;
custom,killcuboid,empty,4.72,0.404,0.36,1,1,1,0,1,1,-80,80,-14,0,1,0,0;
custom,killcuboid,empty,4.72,0.404,0.36,1,1,0.5,0,1,1,-80,80,-18,0,1,0,0;
custom,killcuboid,empty,4.72,0.404,0.36,1,1,0.1,0.2,1,1,-80,80,-22,0,1,0,0;
custom,killcuboid,empty,4.72,0.404,0.36,1,1,0.3,1,1,1,-80,80,-26,0,1,0,0;
custom,killcuboid,empty,4.32,0.404,0.36,1,0,0.2,1,1,1,-82,80,-30,0,1,0,0;
custom,killcuboid,empty,3.92,0.404,0.36,1,0.5,1,1,1,1,-84,80,-34,0,1,0,0;
custom,killcuboid,empty,3.52,0.404,0.36,1,0.2,1,0.2,1,1,-86,80,-38,0,1,0,0;
custom,killcuboid,empty,2.8,0.404,0.36,1,1,1,0,1,1,-86,80,-42,0,1,0,0;
custom,killcuboid,empty,2,0.404,0.36,1,1,0.5,0,1,1,-82,80,-46,0,1,0,0;
custom,killcuboid,empty,1.6,0.404,0.36,1,1,0.1,0.2,1,1,-80,80,-50,0,1,0,0;
custom,killcuboid,empty,1.6,0.4,0.4,1,0,0,0,1,1,-80,80,-50,0,1,0,0;
custom,killcuboid,empty,0.04,0.408,8,1,0,0,0,1,1,-60,80,0,0,1,0,0;
custom,killcuboid,empty,0.04,0.408,10.4,1,0,0,0,1,1,-64,80,0,0,1,0,0;
custom,killcuboid,empty,0.04,0.408,10.4,1,0,0,0,1,1,-68,80,0,0,1,0,0;
custom,killcuboid,empty,0.04,0.408,10.4,1,0,0,0,1,1,-72,80,0,0,1,0,0;
custom,killcuboid,empty,0.04,0.408,10.4,1,0,0,0,1,1,-76,80,0,0,1,0,0;
custom,killcuboid,empty,0.04,0.408,10.4,1,0,0,0,1,1,-80,80,0,0,1,0,0;
custom,killcuboid,empty,0.04,0.408,10.4,1,0,0,0,1,1,-84,80,0,0,1,0,0;
custom,killcuboid,empty,0.04,0.408,10.4,1,0,0,0,1,1,-88,80,0,0,1,0,0;
custom,killcuboid,empty,0.04,0.408,9.6,1,0,0,0,1,1,-92,80,0,0,1,0,0;
custom,killcuboid,empty,0.04,0.408,8.8,1,0,0,0,1,1,-96,80,0,0,1,0,0;
custom,killcuboid,empty,0.04,0.408,8.8,1,0,0,0,1,1,-100,80,0,0,1,0,0;
custom,killcuboid,empty,0.36,0.404,1.12,1,0.2,1,0.2,1,1,-70,80,-46,0,1,0,0;
custom,killcuboid,empty,0.36,0.404,1.52,1,1,1,0,1,1,-66,80,-44,0,1,0,0;
custom,killcuboid,empty,0.36,0.404,1.92,1,1,0.5,0,1,1,-62,80,-42,0,1,0,0;
custom,killcuboid,empty,0.36,0.404,2.32,1,1,0.1,0.2,1,1,-58,80,-40,0,1,0,0;
custom,killcuboid,empty,0.36,0.404,2.32,1,1,0.3,1,1,1,-54,80,-40,0,1,0,0;
custom,killcuboid,empty,0.36,0.404,2.32,1,0,0.2,1,1,1,-50,80,-40,0,1,0,0;
custom,killcuboid,empty,0.36,0.404,2.32,1,0.5,1,1,1,1,-46,80,-40,0,1,0,0;
custom,killcuboid,empty,0.36,0.404,2.32,1,0.2,1,0.2,1,1,-42,80,-40,0,1,0,0;
custom,killcuboid,empty,0.36,0.404,2.32,1,1,1,0,1,1,-38,80,-40,0,1,0,0;
custom,killcuboid,empty,0.36,0.404,2.32,1,1,0.5,0,1,1,-34,80,-40,0,1,0,0;
custom,killcuboid,empty,0.36,0.404,2.32,1,1,0.1,0.2,1,1,-30,80,-40,0,1,0,0;
custom,killcuboid,empty,0.36,0.404,2.32,1,1,0.3,1,1,1,-26,80,-40,0,1,0,0;
custom,killcuboid,empty,0.36,0.404,2.32,1,0,0.2,1,1,1,-22,80,-40,0,1,0,0;
custom,killcuboid,empty,0.36,0.404,2.32,1,0.5,1,1,1,1,-18,80,-40,0,1,0,0;
custom,killcuboid,empty,0.36,0.404,2.32,1,0.2,1,0.2,1,1,-14,80,-40,0,1,0,0;
custom,killcuboid,empty,0.36,0.404,2.32,1,1,1,0,1,1,-10,80,-40,0,1,0,0;
custom,killcuboid,empty,0.36,0.404,2.32,1,1,0.5,0,1,1,-6,80,-40,0,1,0,0;
custom,killcuboid,empty,0.36,0.404,2.32,1,1,0.1,0.2,1,1,-2,80,-40,0,1,0,0;
custom,killcuboid,empty,0.36,0.404,2.32,1,1,0.3,1,1,1,2,80,-40,0,1,0,0;
custom,killcuboid,empty,0.36,0.404,2.32,1,0,0.2,1,1,1,6,80,-40,0,1,0,0;
custom,killcuboid,empty,0.36,0.404,2.32,1,0.5,1,1,1,1,10,80,-40,0,1,0,0;
custom,killcuboid,empty,0.36,0.404,2.32,1,0.2,1,0.2,1,1,14,80,-40,0,1,0,0;
custom,killcuboid,empty,0.36,0.404,2.32,1,1,1,0,1,1,18,80,-40,0,1,0,0;
custom,killcuboid,empty,0.36,0.404,2.32,1,1,0.5,0,1,1,22,80,-40,0,1,0,0;
custom,killcuboid,empty,0.36,0.404,2.32,1,1,0.1,0.2,1,1,26,80,-40,0,1,0,0;
custom,killcuboid,empty,0.36,0.404,2.32,1,1,0.3,1,1,1,30,80,-40,0,1,0,0;
custom,killcuboid,empty,0.36,0.404,2.32,1,0,0.2,1,1,1,34,80,-40,0,1,0,0;
custom,killcuboid,empty,0.36,0.404,2.32,1,0.5,1,1,1,1,38,80,-40,0,1,0,0;
custom,killcuboid,empty,0.36,0.404,2.32,1,0.2,1,0.2,1,1,42,80,-40,0,1,0,0;
custom,killcuboid,empty,0.36,0.404,2.32,1,1,1,0,1,1,46,80,-40,0,1,0,0;
custom,killcuboid,empty,0.36,0.404,2.32,1,1,0.5,0,1,1,50,80,-40,0,1,0,0;
custom,killcuboid,empty,0.36,0.404,2.32,1,1,0.1,0.2,1,1,54,80,-40,0,1,0,0;
custom,killcuboid,empty,0.36,0.404,2.32,1,1,0.3,1,1,1,58,80,-40,0,1,0,0;
custom,killcuboid,empty,0.36,0.404,2.32,1,0,0.2,1,1,1,62,80,-40,0,1,0,0;
custom,killcuboid,empty,0.36,0.404,2.32,1,0.5,1,1,1,1,66,80,-40,0,1,0,0;
custom,killcuboid,empty,0.36,0.404,2.32,1,0.2,1,0.2,1,1,70,80,-40,0,1,0,0;
custom,killcuboid,empty,0.36,0.404,2.32,1,1,1,0,1,1,74,80,-40,0,1,0,0;
custom,killcuboid,empty,0.36,0.404,2.32,1,1,0.5,0,1,1,78,80,-40,0,1,0,0;
custom,killcuboid,empty,0.36,0.404,2.32,1,1,0.1,0.2,1,1,82,80,-40,0,1,0,0;
custom,killcuboid,empty,0.36,0.404,2.32,1,1,0.3,1,1,1,86,80,-40,0,1,0,0;
custom,killcuboid,empty,0.36,0.404,2.32,1,0,0.2,1,1,1,90,80,-40,0,1,0,0;
custom,killcuboid,empty,0.36,0.404,2.32,1,0.5,1,1,1,1,94,80,-40,0,1,0,0;
custom,killcuboid,empty,0.36,0.404,2.32,1,0.2,1,0.2,1,1,98,80,-40,0,1,0,0;
custom,killcuboid,empty,0.36,0.404,2.32,1,1,1,0,1,1,102,80,-40,0,1,0,0;
custom,killcuboid,empty,0.36,0.404,2.32,1,1,0.5,0,1,1,106,80,-40,0,1,0,0;
custom,killcuboid,empty,0.36,0.404,2.32,1,1,0.1,0.2,1,1,110,80,-40,0,1,0,0;
custom,killcuboid,empty,0.36,0.404,2.32,1,1,0.3,1,1,1,114,80,-40,0,1,0,0;
custom,killcuboid,empty,0.36,0.404,2.32,1,0,0.2,1,1,1,118,80,-40,0,1,0,0;
custom,killcuboid,empty,0.36,0.404,2.32,1,0.5,1,1,1,1,122,80,-40,0,1,0,0;
custom,killcuboid,empty,0.36,0.404,2.32,1,0.2,1,0.2,1,1,126,80,-40,0,1,0,0;
custom,killcuboid,empty,0.36,0.404,2.32,1,1,1,0,1,1,130,80,-40,0,1,0,0;
custom,killcuboid,empty,0.36,0.404,2.32,1,1,0.5,0,1,1,134,80,-40,0,1,0,0;
custom,killcuboid,empty,0.36,0.404,2.32,1,1,0.1,0.2,1,1,138,80,-40,0,1,0,0;
custom,killcuboid,empty,0.36,0.404,2.32,1,1,0.3,1,1,1,142,80,-40,0,1,0,0;
custom,killcuboid,empty,0.36,0.404,2.32,1,0,0.2,1,1,1,146,80,-40,0,1,0,0;
custom,killcuboid,empty,0.36,0.404,1.92,1,0.5,1,1,1,1,150,80,-38,0,1,0,0;
custom,killcuboid,empty,0.36,0.404,1.52,1,0.2,1,0.2,1,1,154,80,-36,0,1,0,0;
custom,killcuboid,empty,0.36,0.404,1.12,1,1,1,0,1,1,158,80,-34,0,1,0,0;
custom,killcuboid,empty,0.36,0.404,0.8,1,1,0.5,0,1,1,162,80,-36,0,1,0,0;
custom,killcuboid,empty,0.36,0.404,0.4,1,1,0.1,0.2,1,1,166,80,-38,0,1,0,0;
custom,killcuboid,empty,26.4,0.408,0.04,1,0,0,0,1,1,40,80,-48,0,1,0,0;
custom,killcuboid,empty,27.2,0.408,0.04,1,0,0,0,1,1,36,80,-44,0,1,0,0;
custom,killcuboid,empty,25.6,0.408,0.04,1,0,0,0,1,1,40,80,-40,0,1,0,0;
custom,killcuboid,empty,25.6,0.408,0.04,1,0,0,0,1,1,40,80,-36,0,1,0,0;
custom,killcuboid,empty,24.8,0.408,0.04,1,0,0,0,1,1,40,80,-32,0,1,0,0;
custom,killcuboid,empty,0.4,0.404,0.36,1,1,0.1,0.2,1,1,162,80,-170,0,1,0,0;
custom,killcuboid,empty,0.8,0.404,0.36,1,1,0.3,1,1,1,164,80,-166,0,1,0,0;
custom,killcuboid,empty,1.2,0.404,0.36,1,0,0.2,1,1,1,166,80,-162,0,1,0,0;
custom,killcuboid,empty,0.4,0.4,0.4,1,0,0,0,1,1,162,80,-170,0,1,0,0;
custom,killcuboid,empty,0.8,0.4,0.4,1,0,0,0,1,1,164,80,-166,0,1,0,0;
custom,killcuboid,empty,1.2,0.4,0.4,1,0,0,0,1,1,166,80,-162,0,1,0,0;
custom,killcuboid,empty,1.92,0.404,0.36,1,0.5,1,1,1,1,166,80,-158,0,1,0,0;
custom,killcuboid,empty,2.32,0.404,0.36,1,0.2,1,0.2,1,1,164,80,-154,0,1,0,0;
custom,killcuboid,empty,2.72,0.404,0.36,1,1,1,0,1,1,162,80,-150,0,1,0,0;
custom,killcuboid,empty,3.12,0.404,0.36,1,1,0.5,0,1,1,160,80,-146,0,1,0,0;
custom,killcuboid,empty,3.12,0.404,0.36,1,1,0.1,0.2,1,1,160,80,-142,0,1,0,0;
custom,killcuboid,empty,3.12,0.404,0.36,1,1,0.3,1,1,1,160,80,-138,0,1,0,0;
custom,killcuboid,empty,3.12,0.404,0.36,1,0,0.2,1,1,1,160,80,-134,0,1,0,0;
custom,killcuboid,empty,3.12,0.404,0.36,1,0.5,1,1,1,1,160,80,-130,0,1,0,0;
custom,killcuboid,empty,3.12,0.404,0.36,1,0.2,1,0.2,1,1,160,80,-126,0,1,0,0;
custom,killcuboid,empty,3.12,0.404,0.36,1,1,1,0,1,1,160,80,-122,0,1,0,0;
custom,killcuboid,empty,3.12,0.404,0.36,1,1,0.5,0,1,1,160,80,-118,0,1,0,0;
custom,killcuboid,empty,3.12,0.404,0.36,1,1,0.1,0.2,1,1,160,80,-114,0,1,0,0;
custom,killcuboid,empty,3.12,0.404,0.36,1,1,0.3,1,1,1,160,80,-110,0,1,0,0;
custom,killcuboid,empty,3.12,0.404,0.36,1,0,0.2,1,1,1,160,80,-106,0,1,0,0;
custom,killcuboid,empty,3.12,0.404,0.36,1,0.5,1,1,1,1,160,80,-102,0,1,0,0;
custom,killcuboid,empty,3.12,0.404,0.36,1,0.2,1,0.2,1,1,160,80,-98,0,1,0,0;
custom,killcuboid,empty,3.12,0.404,0.36,1,1,1,0,1,1,160,80,-94,0,1,0,0;
custom,killcuboid,empty,3.12,0.404,0.36,1,1,0.5,0,1,1,160,80,-90,0,1,0,0;
custom,killcuboid,empty,3.12,0.404,0.36,1,1,0.1,0.2,1,1,160,80,-86,0,1,0,0;
custom,killcuboid,empty,3.12,0.404,0.36,1,1,0.3,1,1,1,160,80,-82,0,1,0,0;
custom,killcuboid,empty,3.12,0.404,0.36,1,0,0.2,1,1,1,160,80,-78,0,1,0,0;
custom,killcuboid,empty,3.12,0.404,0.36,1,0.5,1,1,1,1,160,80,-74,0,1,0,0;
custom,killcuboid,empty,3.12,0.404,0.36,1,0.2,1,0.2,1,1,160,80,-70,0,1,0,0;
custom,killcuboid,empty,3.12,0.404,0.36,1,1,1,0,1,1,160,80,-66,0,1,0,0;
custom,killcuboid,empty,3.12,0.404,0.36,1,1,0.5,0,1,1,160,80,-62,0,1,0,0;
custom,killcuboid,empty,3.12,0.404,0.36,1,1,0.1,0.2,1,1,160,80,-58,0,1,0,0;
custom,killcuboid,empty,3.12,0.404,0.36,1,1,0.3,1,1,1,160,80,-54,0,1,0,0;
custom,killcuboid,empty,2.72,0.404,0.36,1,0,0.2,1,1,1,162,80,-50,0,1,0,0;
custom,killcuboid,empty,2.32,0.404,0.36,1,0.5,1,1,1,1,164,80,-46,0,1,0,0;
custom,killcuboid,empty,1.92,0.404,0.36,1,0.2,1,0.2,1,1,166,80,-42,0,1,0,0;
custom,killcuboid,empty,0.04,0.408,12.4,1,0,0,0,1,1,172,80,-102,0,1,0,0;
custom,killcuboid,empty,0.04,0.408,13.2,1,0,0,0,1,1,168,80,-102,0,1,0,0;
custom,killcuboid,empty,0.04,0.408,14,1,0,0,0,1,1,164,80,-102,0,1,0,0;
custom,killcuboid,empty,0.04,0.408,12,1,0,0,0,1,1,160,80,-100,0,1,0,0;
custom,killcuboid,empty,0.04,0.408,12,1,0,0,0,1,1,156,80,-100,0,1,0,0;
custom,killcuboid,empty,0.04,0.408,12,1,0,0,0,1,1,152,80,-100,0,1,0,0;
custom,killcuboid,empty,0.04,0.408,12,1,0,0,0,1,1,148,80,-100,0,1,0,0;
custom,killcuboid,empty,0.36,0.404,2.32,1,0.5,1,1,1,1,122,80,-160,0,1,0,0;
custom,killcuboid,empty,0.36,0.404,2.32,1,0.2,1,0.2,1,1,126,80,-160,0,1,0,0;
custom,killcuboid,empty,0.36,0.404,2.32,1,1,1,0,1,1,130,80,-160,0,1,0,0;
custom,killcuboid,empty,0.36,0.404,2.32,1,1,0.5,0,1,1,134,80,-160,0,1,0,0;
custom,killcuboid,empty,0.36,0.404,2.32,1,1,0.1,0.2,1,1,138,80,-160,0,1,0,0;
custom,killcuboid,empty,0.36,0.404,2.32,1,1,0.3,1,1,1,142,80,-160,0,1,0,0;
custom,killcuboid,empty,0.36,0.404,2.32,1,0,0.2,1,1,1,146,80,-160,0,1,0,0;
custom,killcuboid,empty,0.36,0.404,1.92,1,0.5,1,1,1,1,150,80,-162,0,1,0,0;
custom,killcuboid,empty,0.36,0.404,1.52,1,0.2,1,0.2,1,1,154,80,-164,0,1,0,0;
custom,killcuboid,empty,0.36,0.404,1.12,1,1,1,0,1,1,158,80,-166,0,1,0,0;
custom,killcuboid,empty,4,0.408,0.04,1,0,0,0,1,1,140,80,-168,0,1,0,0;
custom,killcuboid,empty,4,0.408,0.04,1,0,0,0,1,1,140,80,-164,0,1,0,0;
custom,killcuboid,empty,4,0.408,0.04,1,0,0,0,1,1,140,80,-160,0,1,0,0;
custom,killcuboid,empty,4,0.408,0.04,1,0,0,0,1,1,140,80,-156,0,1,0,0;
custom,killcuboid,empty,4,0.408,0.04,1,0,0,0,1,1,140,80,-152,0,1,0,0;
custom,killcuboid,empty,0.4,0.4,4,1,0,0,0,1,1,2,80,-160,0,1,0,0;
custom,killcuboid,empty,0.4,0.4,2.4,1,0,0,0,1,1,10,80,-160,0,1,0,0;
custom,killcuboid,empty,0.36,0.404,4.72,1,1,0.5,0,1,1,-6,80,-160,0,1,0,0;
custom,killcuboid,empty,0.36,0.404,4.72,1,1,0.1,0.2,1,1,-2,80,-160,0,1,0,0;
custom,killcuboid,empty,0.36,0.404,3.92,1,1,0.3,1,1,1,2,80,-160,0,1,0,0;
custom,killcuboid,empty,0.36,0.404,3.12,1,0,0.2,1,1,1,6,80,-160,0,1,0,0;
custom,killcuboid,empty,0.36,0.404,2.32,1,0.5,1,1,1,1,10,80,-160,0,1,0,0;
custom,killcuboid,empty,0.36,0.404,1.52,1,0.2,1,0.2,1,1,14,80,-160,0,1,0,0;
custom,killcuboid,empty,0.36,0.404,1.52,1,1,1,0,1,1,18,80,-160,0,1,0,0;
custom,killcuboid,empty,0.36,0.404,1.52,1,1,0.5,0,1,1,22,80,-160,0,1,0,0;
custom,killcuboid,empty,0.36,0.404,1.52,1,1,0.1,0.2,1,1,26,80,-160,0,1,0,0;
custom,killcuboid,empty,0.36,0.404,1.52,1,1,0.3,1,1,1,30,80,-160,0,1,0,0;
custom,killcuboid,empty,0.36,0.404,1.52,1,0,0.2,1,1,1,34,80,-160,0,1,0,0;
custom,killcuboid,empty,0.36,0.404,1.52,1,0.5,1,1,1,1,38,80,-160,0,1,0,0;
custom,killcuboid,empty,0.36,0.404,1.52,1,0.2,1,0.2,1,1,42,80,-160,0,1,0,0;
custom,killcuboid,empty,0.36,0.404,1.52,1,1,1,0,1,1,46,80,-160,0,1,0,0;
custom,killcuboid,empty,0.36,0.404,1.52,1,1,0.5,0,1,1,50,80,-160,0,1,0,0;
custom,killcuboid,empty,0.36,0.404,1.52,1,1,0.1,0.2,1,1,54,80,-160,0,1,0,0;
custom,killcuboid,empty,0.36,0.404,1.52,1,1,0.3,1,1,1,58,80,-160,0,1,0,0;
custom,killcuboid,empty,0.36,0.404,1.52,1,0,0.2,1,1,1,62,80,-160,0,1,0,0;
custom,killcuboid,empty,0.36,0.404,1.52,1,0.5,1,1,1,1,66,80,-160,0,1,0,0;
custom,killcuboid,empty,0.36,0.404,1.52,1,0.2,1,0.2,1,1,70,80,-160,0,1,0,0;
custom,killcuboid,empty,0.36,0.404,1.52,1,1,1,0,1,1,74,80,-160,0,1,0,0;
custom,killcuboid,empty,0.36,0.404,1.52,1,1,0.5,0,1,1,78,80,-160,0,1,0,0;
custom,killcuboid,empty,0.36,0.404,1.52,1,1,0.1,0.2,1,1,82,80,-160,0,1,0,0;
custom,killcuboid,empty,0.36,0.404,1.52,1,1,0.3,1,1,1,86,80,-160,0,1,0,0;
custom,killcuboid,empty,0.36,0.404,1.52,1,0,0.2,1,1,1,90,80,-160,0,1,0,0;
custom,killcuboid,empty,0.36,0.404,1.52,1,0.5,1,1,1,1,94,80,-160,0,1,0,0;
custom,killcuboid,empty,0.36,0.404,1.52,1,0.2,1,0.2,1,1,98,80,-160,0,1,0,0;
custom,killcuboid,empty,0.36,0.404,1.52,1,1,1,0,1,1,102,80,-160,0,1,0,0;
custom,killcuboid,empty,0.36,0.404,1.52,1,1,0.5,0,1,1,106,80,-160,0,1,0,0;
custom,killcuboid,empty,0.36,0.404,1.52,1,1,0.1,0.2,1,1,110,80,-160,0,1,0,0;
custom,killcuboid,empty,0.36,0.404,1.52,1,1,0.3,1,1,1,114,80,-160,0,1,0,0;
custom,killcuboid,empty,0.36,0.404,1.52,1,0,0.2,1,1,1,118,80,-160,0,1,0,0;
custom,killcuboid,empty,12,0.408,0.04,1,0,0,0,1,1,60,80,-164,0,1,0,0;
custom,killcuboid,empty,12,0.408,0.04,1,0,0,0,1,1,60,80,-160,0,1,0,0;
custom,killcuboid,empty,12,0.408,0.04,1,0,0,0,1,1,60,80,-156,0,1,0,0;
custom,killcuboid,empty,0.8,0.408,0.04,1,0,0,0,1,1,-4,80,-180,0,1,0,0;
custom,killcuboid,empty,1.2,0.408,0.04,1,0,0,0,1,1,-2,80,-176,0,1,0,0;
custom,killcuboid,empty,1.6,0.408,0.04,1,0,0,0,1,1,0,80,-172,0,1,0,0;
custom,killcuboid,empty,2,0.408,0.04,1,0,0,0,1,1,2,80,-168,0,1,0,0;
custom,killcuboid,empty,2.4,0.408,0.04,1,0,0,0,1,1,4,80,-164,0,1,0,0;
custom,killcuboid,empty,2.4,0.408,0.04,1,0,0,0,1,1,4,80,-160,0,1,0,0;
custom,killcuboid,empty,2.4,0.408,0.04,1,0,0,0,1,1,4,80,-156,0,1,0,0;
custom,killcuboid,empty,2,0.408,0.04,1,0,0,0,1,1,2,80,-152,0,1,0,0;
custom,killcuboid,empty,1.6,0.408,0.04,1,0,0,0,1,1,0,80,-148,0,1,0,0;
custom,killcuboid,empty,1.2,0.408,0.04,1,0,0,0,1,1,-2,80,-144,0,1,0,0;
custom,killcuboid,empty,0.8,0.408,0.04,1,0,0,0,1,1,-4,80,-140,0,1,0,0;
custom,killcuboid,empty,0.36,0.404,1.52,1,1,0.3,1,1,1,-110,80,-176,0,1,0,0;
custom,killcuboid,empty,0.36,0.404,1.52,1,0,0.2,1,1,1,-106,80,-176,0,1,0,0;
custom,killcuboid,empty,0.36,0.404,1.52,1,0.5,1,1,1,1,-102,80,-176,0,1,0,0;
custom,killcuboid,empty,0.36,0.404,1.52,1,0.2,1,0.2,1,1,-98,80,-176,0,1,0,0;
custom,killcuboid,empty,0.36,0.404,1.52,1,1,1,0,1,1,-94,80,-176,0,1,0,0;
custom,killcuboid,empty,0.36,0.404,1.52,1,1,0.5,0,1,1,-90,80,-176,0,1,0,0;
custom,killcuboid,empty,0.36,0.404,1.52,1,1,0.1,0.2,1,1,-86,80,-176,0,1,0,0;
custom,killcuboid,empty,0.36,0.404,1.52,1,1,0.3,1,1,1,-82,80,-176,0,1,0,0;
custom,killcuboid,empty,0.36,0.404,1.52,1,0,0.2,1,1,1,-78,80,-176,0,1,0,0;
custom,killcuboid,empty,0.36,0.404,1.52,1,0.5,1,1,1,1,-74,80,-176,0,1,0,0;
custom,killcuboid,empty,0.36,0.404,1.52,1,0.2,1,0.2,1,1,-70,80,-176,0,1,0,0;
custom,killcuboid,empty,0.36,0.404,1.52,1,1,1,0,1,1,-66,80,-176,0,1,0,0;
custom,killcuboid,empty,0.36,0.404,1.52,1,1,0.5,0,1,1,-62,80,-176,0,1,0,0;
custom,killcuboid,empty,0.36,0.404,1.52,1,1,0.1,0.2,1,1,-58,80,-176,0,1,0,0;
custom,killcuboid,empty,0.36,0.404,1.52,1,1,0.3,1,1,1,-54,80,-176,0,1,0,0;
custom,killcuboid,empty,0.36,0.404,1.52,1,0,0.2,1,1,1,-50,80,-176,0,1,0,0;
custom,killcuboid,empty,0.36,0.404,1.52,1,0.5,1,1,1,1,-46,80,-176,0,1,0,0;
custom,killcuboid,empty,0.36,0.404,1.52,1,0.2,1,0.2,1,1,-42,80,-176,0,1,0,0;
custom,killcuboid,empty,0.36,0.404,1.52,1,1,1,0,1,1,-38,80,-176,0,1,0,0;
custom,killcuboid,empty,0.36,0.404,1.52,1,1,0.5,0,1,1,-34,80,-176,0,1,0,0;
custom,killcuboid,empty,0.36,0.404,1.52,1,1,0.1,0.2,1,1,-30,80,-176,0,1,0,0;
custom,killcuboid,empty,0.36,0.404,1.52,1,1,0.3,1,1,1,-26,80,-176,0,1,0,0;
custom,killcuboid,empty,0.36,0.404,1.52,1,0,0.2,1,1,1,-22,80,-176,0,1,0,0;
custom,killcuboid,empty,0.36,0.404,1.52,1,0.5,1,1,1,1,-18,80,-176,0,1,0,0;
custom,killcuboid,empty,0.36,0.404,1.52,1,0.2,1,0.2,1,1,-14,80,-176,0,1,0,0;
custom,killcuboid,empty,0.36,0.404,1.52,1,1,1,0,1,1,-10,80,-176,0,1,0,0;
custom,killcuboid,empty,0.36,0.404,1.52,1,1,0.3,1,1,1,-110,80,-144,0,1,0,0;
custom,killcuboid,empty,0.36,0.404,1.52,1,0,0.2,1,1,1,-106,80,-144,0,1,0,0;
custom,killcuboid,empty,0.36,0.404,1.52,1,0.5,1,1,1,1,-102,80,-144,0,1,0,0;
custom,killcuboid,empty,0.36,0.404,1.52,1,0.2,1,0.2,1,1,-98,80,-144,0,1,0,0;
custom,killcuboid,empty,0.36,0.404,1.52,1,1,1,0,1,1,-94,80,-144,0,1,0,0;
custom,killcuboid,empty,0.36,0.404,1.52,1,1,0.5,0,1,1,-90,80,-144,0,1,0,0;
custom,killcuboid,empty,0.36,0.404,1.52,1,1,0.1,0.2,1,1,-86,80,-144,0,1,0,0;
custom,killcuboid,empty,0.36,0.404,1.52,1,1,0.3,1,1,1,-82,80,-144,0,1,0,0;
custom,killcuboid,empty,0.36,0.404,1.52,1,0,0.2,1,1,1,-78,80,-144,0,1,0,0;
custom,killcuboid,empty,0.36,0.404,1.52,1,0.5,1,1,1,1,-74,80,-144,0,1,0,0;
custom,killcuboid,empty,0.36,0.404,1.52,1,0.2,1,0.2,1,1,-70,80,-144,0,1,0,0;
custom,killcuboid,empty,0.36,0.404,1.52,1,1,1,0,1,1,-66,80,-144,0,1,0,0;
custom,killcuboid,empty,0.36,0.404,1.52,1,1,0.5,0,1,1,-62,80,-144,0,1,0,0;
custom,killcuboid,empty,0.36,0.404,1.52,1,1,0.1,0.2,1,1,-58,80,-144,0,1,0,0;
custom,killcuboid,empty,0.36,0.404,1.52,1,1,0.3,1,1,1,-54,80,-144,0,1,0,0;
custom,killcuboid,empty,0.36,0.404,1.52,1,0,0.2,1,1,1,-50,80,-144,0,1,0,0;
custom,killcuboid,empty,0.36,0.404,1.52,1,0.5,1,1,1,1,-46,80,-144,0,1,0,0;
custom,killcuboid,empty,0.36,0.404,1.52,1,0.2,1,0.2,1,1,-42,80,-144,0,1,0,0;
custom,killcuboid,empty,0.36,0.404,1.52,1,1,1,0,1,1,-38,80,-144,0,1,0,0;
custom,killcuboid,empty,0.36,0.404,1.52,1,1,0.5,0,1,1,-34,80,-144,0,1,0,0;
custom,killcuboid,empty,0.36,0.404,1.52,1,1,0.1,0.2,1,1,-30,80,-144,0,1,0,0;
custom,killcuboid,empty,0.36,0.404,1.52,1,1,0.3,1,1,1,-26,80,-144,0,1,0,0;
custom,killcuboid,empty,0.36,0.404,1.52,1,0,0.2,1,1,1,-22,80,-144,0,1,0,0;
custom,killcuboid,empty,0.36,0.404,1.52,1,0.5,1,1,1,1,-18,80,-144,0,1,0,0;
custom,killcuboid,empty,0.36,0.404,1.52,1,0.2,1,0.2,1,1,-14,80,-144,0,1,0,0;
custom,killcuboid,empty,0.36,0.404,1.52,1,1,1,0,1,1,-10,80,-144,0,1,0,0;
custom,killcuboid,empty,10.4,0.408,0.04,1,0,0,0,1,1,-60,80,-172,0,1,0,0;
custom,killcuboid,empty,10.4,0.408,0.04,1,0,0,0,1,1,-60,80,-176,0,1,0,0;
custom,killcuboid,empty,10.4,0.408,0.04,1,0,0,0,1,1,-60,80,-180,0,1,0,0;
custom,killcuboid,empty,10.4,0.408,0.04,1,0,0,0,1,1,-60,80,-140,0,1,0,0;
custom,killcuboid,empty,10.4,0.408,0.04,1,0,0,0,1,1,-60,80,-144,0,1,0,0;
custom,killcuboid,empty,10.4,0.408,0.04,1,0,0,0,1,1,-60,80,-148,0,1,0,0;
custom,killcuboid,empty,0.4,0.4,4,1,0,0,0,1,1,-122,80,-160,0,1,0,0;
custom,killcuboid,empty,0.36,0.404,1.12,1,0.5,1,1,1,1,-158,80,-166,0,1,0,0;
custom,killcuboid,empty,0.36,0.404,1.52,1,0.2,1,0.2,1,1,-154,80,-164,0,1,0,0;
custom,killcuboid,empty,0.36,0.404,1.92,1,1,1,0,1,1,-150,80,-162,0,1,0,0;
custom,killcuboid,empty,0.36,0.404,2.32,1,1,0.5,0,1,1,-146,80,-160,0,1,0,0;
custom,killcuboid,empty,0.36,0.404,2.32,1,1,0.1,0.2,1,1,-142,80,-160,0,1,0,0;
custom,killcuboid,empty,0.36,0.404,2.32,1,1,0.3,1,1,1,-138,80,-160,0,1,0,0;
custom,killcuboid,empty,0.36,0.404,2.32,1,0,0.2,1,1,1,-134,80,-160,0,1,0,0;
custom,killcuboid,empty,0.36,0.404,2.32,1,0.5,1,1,1,1,-130,80,-160,0,1,0,0;
custom,killcuboid,empty,0.36,0.404,3.12,1,0.2,1,0.2,1,1,-126,80,-160,0,1,0,0;
custom,killcuboid,empty,0.36,0.404,3.92,1,1,1,0,1,1,-122,80,-160,0,1,0,0;
custom,killcuboid,empty,0.36,0.404,4.72,1,1,0.5,0,1,1,-118,80,-160,0,1,0,0;
custom,killcuboid,empty,0.36,0.404,4.72,1,1,0.1,0.2,1,1,-114,80,-160,0,1,0,0;
custom,killcuboid,empty,0.8,0.408,0.04,1,0,0,0,1,1,-116,80,-180,0,1,0,0;
custom,killcuboid,empty,1.2,0.408,0.04,1,0,0,0,1,1,-118,80,-176,0,1,0,0;
custom,killcuboid,empty,1.6,0.408,0.04,1,0,0,0,1,1,-120,80,-172,0,1,0,0;
custom,killcuboid,empty,1.6,0.408,0.04,1,0,0,0,1,1,-120,80,-168,0,1,0,0;
custom,killcuboid,empty,1.6,0.408,0.04,1,0,0,0,1,1,-120,80,-164,0,1,0,0;
custom,killcuboid,empty,1.6,0.408,0.04,1,0,0,0,1,1,-120,80,-160,0,1,0,0;
custom,killcuboid,empty,1.6,0.408,0.04,1,0,0,0,1,1,-120,80,-156,0,1,0,0;
custom,killcuboid,empty,1.6,0.408,0.04,1,0,0,0,1,1,-120,80,-152,0,1,0,0;
custom,killcuboid,empty,1.6,0.408,0.04,1,0,0,0,1,1,-120,80,-148,0,1,0,0;
custom,killcuboid,empty,1.2,0.408,0.04,1,0,0,0,1,1,-118,80,-144,0,1,0,0;
custom,killcuboid,empty,0.8,0.408,0.04,1,0,0,0,1,1,-116,80,-140,0,1,0,0;
custom,killcuboid,empty,3.2,0.408,0.04,1,0,0,0,1,1,-144,80,-168,0,1,0,0;
custom,killcuboid,empty,3.2,0.408,0.04,1,0,0,0,1,1,-144,80,-164,0,1,0,0;
custom,killcuboid,empty,3.2,0.408,0.04,1,0,0,0,1,1,-144,80,-160,0,1,0,0;
custom,killcuboid,empty,3.2,0.408,0.04,1,0,0,0,1,1,-144,80,-156,0,1,0,0;
custom,killcuboid,empty,3.2,0.408,0.04,1,0,0,0,1,1,-144,80,-152,0,1,0,0;
misc,barrier,3.2,0.6,32,-160,80,0,0,1,0,0;
misc,barrier,24,0.6,3.6,-40,80,162,0,1,0,0;
misc,barrier,4.8,0.6,12,80,80,100,0,1,0,0;
misc,barrier,16,0.6,3.2,0,80,40,0,1,0,0;
misc,barrier,4.8,0.6,8,-80,80,0,0,1,0,0;
misc,barrier,24,0.6,2.4,40,80,-40,0,1,0,0;
misc,barrier,3.2,0.6,12,160,80,-100,0,1,0,0;
misc,barrier,4,0.6,2.4,140,80,-160,0,1,0,0;
misc,barrier,12,0.6,1.6,60,80,-160,0,1,0,0;
misc,barrier,1.6,0.6,3.2,0,80,-160,0,1,0,0;
misc,barrier,12,0.6,1.6,-60,80,-176,0,1,0,0;
misc,barrier,12,0.6,1.6,-60,80,-144,0,1,0,0;
misc,barrier,1.6,0.6,3.2,-120,80,-160,0,1,0,0;
misc,barrier,4,0.6,2.4,-140,80,-160,0,1,0,0;
misc,barrier,0.4,0.6,1.6,-162,80,168,0,1,0,0;
misc,barrier,0.4,0.6,0.8,-166,80,164,0,1,0,0;
misc,barrier,0.4,0.6,0.4,-170,80,162,0,1,0,0;
misc,barrier,0.4,0.6,1.6,82,80,168,0,1,0,0;
misc,barrier,0.4,0.6,1.2,86,80,166,0,1,0,0;
misc,barrier,0.4,0.6,0.8,90,80,164,0,1,0,0;
misc,barrier,0.4,0.6,0.4,94,80,162,0,1,0,0;
misc,barrier,0.4,0.6,0.4,98,80,162,0,1,0,0;
misc,barrier,0.4,0.6,1.6,82,80,32,0,1,0,0;
misc,barrier,0.4,0.6,1.2,86,80,34,0,1,0,0;
misc,barrier,0.4,0.6,0.8,90,80,36,0,1,0,0;
misc,barrier,0.4,0.6,0.4,94,80,38,0,1,0,0;
misc,barrier,0.4,0.6,0.4,98,80,38,0,1,0,0;
misc,barrier,0.4,0.6,1.2,-82,80,46,0,1,0,0;
misc,barrier,0.4,0.6,1.2,-86,80,46,0,1,0,0;
misc,barrier,0.4,0.6,0.8,-90,80,44,0,1,0,0;
misc,barrier,0.4,0.6,0.4,-94,80,42,0,1,0,0;
misc,barrier,0.4,0.6,0.4,-98,80,42,0,1,0,0;
misc,barrier,0.4,0.6,1.2,-82,80,-46,0,1,0,0;
misc,barrier,0.4,0.6,1.2,-86,80,-46,0,1,0,0;
misc,barrier,0.4,0.6,0.8,-90,80,-44,0,1,0,0;
misc,barrier,0.4,0.6,0.4,-94,80,-42,0,1,0,0;
misc,barrier,0.4,0.6,0.4,-98,80,-42,0,1,0,0;
misc,barrier,0.4,0.6,0.8,162,80,-36,0,1,0,0;
misc,barrier,0.4,0.6,0.4,166,80,-38,0,1,0,0;
misc,barrier,0.4,0.6,1.2,162,80,-166,0,1,0,0;
misc,barrier,0.4,0.6,0.8,166,80,-164,0,1,0,0;
misc,barrier,0.4,0.6,0.4,170,80,-162,0,1,0,0;
misc,barrier,0.4,0.6,0.4,2,80,-178,0,1,0,0;
misc,barrier,0.4,0.6,0.4,2,80,-142,0,1,0,0;
misc,barrier,0.4,0.6,0.4,-122,80,-178,0,1,0,0;
misc,barrier,0.4,0.6,0.4,-122,80,-142,0,1,0,0;
misc,barrier,0.4,0.6,1.2,-162,80,-166,0,1,0,0;
misc,barrier,0.4,0.6,0.8,-166,80,-164,0,1,0,0;
misc,barrier,0.4,0.6,0.4,-170,80,-162,0,1,0,0;
racing,killplane,56,0.4,56,0,80,0,0,1,999,0;
racing,killplane,56,0.4,56,0,76,0,0,1,999,0;
racing,killplane,56,0.4,56,0,72,0,0,1,999,0;
racing,killplane,56,0.4,56,0,68,0,0,1,999,0;
racing,endcuboid,3.2,0.8,0.8,-160,84,10,0,1,0,0;
racing,startcuboid,3.2,0.8,0.8,-160,84,80,0,1,0,0;
misc,barrier,0.4,1.6,1.6,-178,80,72,0,1,0,0;
misc,barrier,0.4,1.6,1.6,-142,80,72,0,1,0,0;
misc,barrier,4,0.4,1.6,-160,88,72,0,1,0,0;
racing,killplane,4,0.4,1.2,-160,84,68,0,1,1,0;
spawnpoint,playerC,-160,84,72,0,1,0,0;