map,disablebounds;
racing,startCuboid,34,0.1,1,0,40,-3185,0,0,0,0;
racing,startCuboid,34,0.1,1,0,50,-3185,0,0,0,0;
racing,startCuboid,34,0.1,1,0,60,-3185,0,0,0,0;
racing,startCuboid,34,0.1,1,0,70,-3185,0,0,0,0;
racing,startCuboid,34,0.1,1,0,45,-3190,1,0,0,1;
racing,startCuboid,34,0.1,1,0,55,-3190,1,0,0,1;
racing,startCuboid,34,0.1,1,0,65,-3190,1,0,0,1;
racing,startCuboid,34,1.95,6,0,40,-2895,1,0,0,1;
spawnpoint,playerC,0,40.5,-3185,0,0,0,0;
spawnpoint,playerC,20,40.5,-3185,0,0,0,0;
spawnpoint,playerC,40,40.5,-3185,0,0,0,0;
spawnpoint,playerC,60,40.5,-3185,0,0,0,0;
spawnpoint,playerC,80,40.5,-3185,0,0,0,0;
spawnpoint,playerC,100,40.5,-3185,0,0,0,0;
spawnpoint,playerC,120,40.5,-3185,0,0,0,0;
spawnpoint,playerC,0,50.5,-3185,0,0,0,0;
spawnpoint,playerC,20,50.5,-3185,0,0,0,0;
spawnpoint,playerC,40,50.5,-3185,0,0,0,0;
spawnpoint,playerC,60,50.5,-3185,0,0,0,0;
spawnpoint,playerC,80,50.5,-3185,0,0,0,0;
spawnpoint,playerC,100,50.5,-3185,0,0,0,0;
spawnpoint,playerC,120,50.5,-3185,0,0,0,0;
spawnpoint,playerC,0,60.5,-3185,0,0,0,0;
spawnpoint,playerC,20,60.5,-3185,0,0,0,0;
spawnpoint,playerC,40,60.5,-3185,0,0,0,0;
spawnpoint,playerC,60,60.5,-3185,0,0,0,0;
spawnpoint,playerC,80,60.5,-3185,0,0,0,0;
spawnpoint,playerC,100,60.5,-3185,0,0,0,0;
spawnpoint,playerC,120,60.5,-3185,0,0,0,0;
spawnpoint,playerM,0,40.5,-3185,0,0,0,0;
spawnpoint,playerM,-20,40.5,-3185,0,0,0,0;
spawnpoint,playerM,-40,40.5,-3185,0,0,0,0;
spawnpoint,playerM,-60,40.5,-3185,0,0,0,0;
spawnpoint,playerM,-80,40.5,-3185,0,0,0,0;
spawnpoint,playerM,-100,40.5,-3185,0,0,0,0;
spawnpoint,playerM,-120,40.5,-3185,0,0,0,0;
spawnpoint,playerM,0,50.5,-3185,0,0,0,0;
spawnpoint,playerM,-20,50.5,-3185,0,0,0,0;
spawnpoint,playerM,-40,50.5,-3185,0,0,0,0;
spawnpoint,playerM,-60,50.5,-3185,0,0,0,0;
spawnpoint,playerM,-80,50.5,-3185,0,0,0,0;
spawnpoint,playerM,-100,50.5,-3185,0,0,0,0;
spawnpoint,playerM,-120,50.5,-3185,0,0,0,0;
spawnpoint,playerM,0,60.5,-3185,0,0,0,0;
spawnpoint,playerM,-20,60.5,-3185,0,0,0,0;
spawnpoint,playerM,-40,60.5,-3185,0,0,0,0;
spawnpoint,playerM,-60,60.5,-3185,0,0,0,0;
spawnpoint,playerM,-80,60.5,-3185,0,0,0,0;
spawnpoint,playerM,-100,60.5,-3185,0,0,0,0;
spawnpoint,playerM,-120,60.5,-3185,0,0,0,0;
misc,barrier,30,1,400,0,75,0,0,0,0,0;
misc,barrier,5,1,5,-250,75,-1775,0,0,0,0;
misc,barrier,5,1,5,-250,75,-1525,0,0,0,0;
misc,barrier,5,1,5,-250,75,-1275,0,0,0,0;
misc,barrier,5,1,5,-250,75,-1025,0,0,0,0;
misc,barrier,5,1,5,-250,75,-775,0,0,0,0;
misc,barrier,5,1,5,-250,75,-525,0,0,0,0;
misc,barrier,5,1,60,-250,75,0,0,0,0,0;
misc,barrier,5,1,5,-250,75,1775,0,0,0,0;
misc,barrier,5,1,5,-250,75,1525,0,0,0,0;
misc,barrier,5,1,5,-250,75,1275,0,0,0,0;
misc,barrier,5,1,5,-250,75,1025,0,0,0,0;
misc,barrier,5,1,5,-250,75,775,0,0,0,0;
misc,barrier,5,1,5,-250,75,525,0,0,0,0;
misc,barrier,5,1,5,250,75,-1775,0,0,0,0;
misc,barrier,5,1,5,250,75,-1525,0,0,0,0;
misc,barrier,5,1,5,250,75,-1275,0,0,0,0;
misc,barrier,5,1,5,250,75,-1025,0,0,0,0;
misc,barrier,5,1,5,250,75,-775,0,0,0,0;
misc,barrier,5,1,5,250,75,-525,0,0,0,0;
misc,barrier,5,1,60,250,75,0,0,0,0,0;
misc,barrier,5,1,5,250,75,1775,0,0,0,0;
misc,barrier,5,1,5,250,75,1525,0,0,0,0;
misc,barrier,5,1,5,250,75,1275,0,0,0,0;
misc,barrier,5,1,5,250,75,1025,0,0,0,0;
misc,barrier,5,1,5,250,75,775,0,0,0,0;
misc,barrier,5,1,5,250,75,525,0,0,0,0;
misc,barrier,80,4.1,80,0,-80,4325,0,0,0,0;
custom,cuboid,grass4,30,1,400,0,1,1,1,4.0,64.0,0,5,0,0,0,0,0;
custom,cuboid,metal3,20,1,400,0,1,1,1,4.0,64.0,-250,5,0,0,0,0,0;
custom,cuboid,metal3,20,1,400,0,1,1,1,4.0,64.0,250,5,0,0,0,0,0;
custom,cuboid,metal3,1,6,400,1,0.75,0.75,0.75,64.0,1.0,-345,40,0,0,0,0,0;
custom,cuboid,metal3,1,6,400,1,0.75,0.75,0.75,64.0,1.0,345,40,0,0,0,0,0;
custom,cuboid,metal3,1,1,400,1,0.75,0.75,0.75,64.0,0.25,-155,65,0,0,0,0,0;
custom,cuboid,metal3,1,1,400,1,0.75,0.75,0.75,64.0,0.25,155,65,0,0,0,0,0;
custom,cuboid,metal3,1,5,10,1,0.75,0.75,0.75,2.0,1.0,-155,35,-1950,0,0,0,0;
custom,cuboid,metal3,1,5,50,1,0.75,0.75,0.75,8.0,1.0,-155,35,-1550,0,0,0,0;
custom,cuboid,metal3,1,5,50,1,0.75,0.75,0.75,8.0,1.0,-155,35,-950,0,0,0,0;
custom,cuboid,metal3,1,5,50,1,0.75,0.75,0.75,8.0,1.0,-155,35,-350,0,0,0,0;
custom,cuboid,metal3,1,5,10,1,0.75,0.75,0.75,2.0,1.0,-155,35,1950,0,0,0,0;
custom,cuboid,metal3,1,5,50,1,0.75,0.75,0.75,8.0,1.0,-155,35,1550,0,0,0,0;
custom,cuboid,metal3,1,5,50,1,0.75,0.75,0.75,8.0,1.0,-155,35,950,0,0,0,0;
custom,cuboid,metal3,1,5,50,1,0.75,0.75,0.75,8.0,1.0,-155,35,350,0,0,0,0;
custom,cuboid,metal3,1,5,10,1,0.75,0.75,0.75,2.0,1.0,155,35,-1950,0,0,0,0;
custom,cuboid,metal3,1,5,50,1,0.75,0.75,0.75,8.0,1.0,155,35,-1550,0,0,0,0;
custom,cuboid,metal3,1,5,50,1,0.75,0.75,0.75,8.0,1.0,155,35,-950,0,0,0,0;
custom,cuboid,metal3,1,5,50,1,0.75,0.75,0.75,8.0,1.0,155,35,-350,0,0,0,0;
custom,cuboid,metal3,1,5,10,1,0.75,0.75,0.75,2.0,1.0,155,35,1950,0,0,0,0;
custom,cuboid,metal3,1,5,50,1,0.75,0.75,0.75,8.0,1.0,155,35,1550,0,0,0,0;
custom,cuboid,metal3,1,5,50,1,0.75,0.75,0.75,8.0,1.0,155,35,950,0,0,0,0;
custom,cuboid,metal3,1,5,50,1,0.75,0.75,0.75,8.0,1.0,155,35,350,0,0,0,0;
custom,cuboid,metal1,1.5,8,3,0,1,1,1,1.0,0.01,-155,26.5,-1900,0.21,0,0,1;
custom,cuboid,metal1,1.5,8,3,0,1,1,1,1.0,0.01,-155,26.5,-1800,-0.21,0,0,1;
custom,cuboid,metal1,1.51,2.01,12,0,1,1,1,0.01,1.0,-155,60,-1850,0,0,0,0;
custom,cuboid,metal1,1.5,8,3,0,1,1,1,1.0,0.01,-155,26.5,-1300,0.21,0,0,1;
custom,cuboid,metal1,1.5,8,3,0,1,1,1,1.0,0.01,-155,26.5,-1200,-0.21,0,0,1;
custom,cuboid,metal1,1.51,2.01,12,0,1,1,1,0.01,1.0,-155,60,-1250,0,0,0,0;
custom,cuboid,metal1,1.5,8,3,0,1,1,1,1.0,0.01,-155,26.5,-700,0.21,0,0,1;
custom,cuboid,metal1,1.5,8,3,0,1,1,1,1.0,0.01,-155,26.5,-600,-0.21,0,0,1;
custom,cuboid,metal1,1.51,2.01,12,0,1,1,1,0.01,1.0,-155,60,-650,0,0,0,0;
custom,cuboid,metal1,1.5,8,3,0,1,1,1,1.0,0.01,-155,26.5,-100,-0.21,0,0,1;
custom,cuboid,metal1,1.5,8,3,0,1,1,1,1.0,0.01,-155,26.5,100,0.21,0,0,1;
custom,cuboid,metal1,1.51,2.01,26,0,1,1,1,0.01,1.0,-155,60,0,0,0,0,0;
custom,cuboid,metal1,1.5,8,3,0,1,1,1,1.0,0.01,-155,26.5,1900,-0.21,0,0,1;
custom,cuboid,metal1,1.5,8,3,0,1,1,1,1.0,0.01,-155,26.5,1800,0.21,0,0,1;
custom,cuboid,metal1,1.51,2.01,12,0,1,1,1,0.01,1.0,-155,60,1850,0,0,0,0;
custom,cuboid,metal1,1.5,8,3,0,1,1,1,1.0,0.01,-155,26.5,1300,-0.21,0,0,1;
custom,cuboid,metal1,1.5,8,3,0,1,1,1,1.0,0.01,-155,26.5,1200,0.21,0,0,1;
custom,cuboid,metal1,1.51,2.01,12,0,1,1,1,0.01,1.0,-155,60,1250,0,0,0,0;
custom,cuboid,metal1,1.5,8,3,0,1,1,1,1.0,0.01,-155,26.5,700,-0.21,0,0,1;
custom,cuboid,metal1,1.5,8,3,0,1,1,1,1.0,0.01,-155,26.5,600,0.21,0,0,1;
custom,cuboid,metal1,1.51,2.01,12,0,1,1,1,0.01,1.0,-155,60,650,0,0,0,0;
custom,cuboid,metal1,1.5,8,3,0,1,1,1,1.0,0.01,155,26.5,-1900,0.21,0,0,1;
custom,cuboid,metal1,1.5,8,3,0,1,1,1,1.0,0.01,155,26.5,-1800,-0.21,0,0,1;
custom,cuboid,metal1,1.51,2.01,12,0,1,1,1,0.01,1.0,155,60,-1850,0,0,0,0;
custom,cuboid,metal1,1.5,8,3,0,1,1,1,1.0,0.01,155,26.5,-1300,0.21,0,0,1;
custom,cuboid,metal1,1.5,8,3,0,1,1,1,1.0,0.01,155,26.5,-1200,-0.21,0,0,1;
custom,cuboid,metal1,1.51,2.01,12,0,1,1,1,0.01,1.0,155,60,-1250,0,0,0,0;
custom,cuboid,metal1,1.5,8,3,0,1,1,1,1.0,0.01,155,26.5,-700,0.21,0,0,1;
custom,cuboid,metal1,1.5,8,3,0,1,1,1,1.0,0.01,155,26.5,-600,-0.21,0,0,1;
custom,cuboid,metal1,1.51,2.01,12,0,1,1,1,0.01,1.0,155,60,-650,0,0,0,0;
custom,cuboid,metal1,1.5,8,3,0,1,1,1,1.0,0.01,155,26.5,-100,-0.21,0,0,1;
custom,cuboid,metal1,1.5,8,3,0,1,1,1,1.0,0.01,155,26.5,100,0.21,0,0,1;
custom,cuboid,metal1,1.51,2.01,26,0,1,1,1,0.01,1.0,155,60,0,0,0,0,0;
custom,cuboid,metal1,1.5,8,3,0,1,1,1,1.0,0.01,155,26.5,1900,-0.21,0,0,1;
custom,cuboid,metal1,1.5,8,3,0,1,1,1,1.0,0.01,155,26.5,1800,0.21,0,0,1;
custom,cuboid,metal1,1.51,2.01,12,0,1,1,1,0.01,1.0,155,60,1850,0,0,0,0;
custom,cuboid,metal1,1.5,8,3,0,1,1,1,1.0,0.01,155,26.5,1300,-0.21,0,0,1;
custom,cuboid,metal1,1.5,8,3,0,1,1,1,1.0,0.01,155,26.5,1200,0.21,0,0,1;
custom,cuboid,metal1,1.51,2.01,12,0,1,1,1,0.01,1.0,155,60,1250,0,0,0,0;
custom,cuboid,metal1,1.5,8,3,0,1,1,1,1.0,0.01,155,26.5,700,-0.21,0,0,1;
custom,cuboid,metal1,1.5,8,3,0,1,1,1,1.0,0.01,155,26.5,600,0.21,0,0,1;
custom,cuboid,metal1,1.51,2.01,12,0,1,1,1,0.01,1.0,155,60,650,0,0,0,0;
custom,cuboid,metal4,7.5,1,400,0,1,1,1,1.0,64.0,-312.5,75,0,0,0,0,0;
custom,cuboid,metal4,7.5,1,400,0,1,1,1,1.0,64.0,-187.5,75,0,0,0,0,0;
custom,cuboid,metal4,5,1,20,0,1,1,1,0.5,2.0,-250,75,-1900,0,0,0,0;
custom,cuboid,metal4,5,1,20,0,1,1,1,0.5,2.0,-250,75,-1650,0,0,0,0;
custom,cuboid,metal4,5,1,20,0,1,1,1,0.5,2.0,-250,75,-1400,0,0,0,0;
custom,cuboid,metal4,5,1,20,0,1,1,1,0.5,2.0,-250,75,-1150,0,0,0,0;
custom,cuboid,metal4,5,1,20,0,1,1,1,0.5,2.0,-250,75,-900,0,0,0,0;
custom,cuboid,metal4,5,1,20,0,1,1,1,0.5,2.0,-250,75,-650,0,0,0,0;
custom,cuboid,metal4,5,1,20,0,1,1,1,0.5,2.0,-250,75,-400,0,0,0,0;
custom,cuboid,metal4,5,1,20,0,1,1,1,0.5,2.0,-250,75,1900,0,0,0,0;
custom,cuboid,metal4,5,1,20,0,1,1,1,0.5,2.0,-250,75,1650,0,0,0,0;
custom,cuboid,metal4,5,1,20,0,1,1,1,0.5,2.0,-250,75,1400,0,0,0,0;
custom,cuboid,metal4,5,1,20,0,1,1,1,0.5,2.0,-250,75,1150,0,0,0,0;
custom,cuboid,metal4,5,1,20,0,1,1,1,0.5,2.0,-250,75,900,0,0,0,0;
custom,cuboid,metal4,5,1,20,0,1,1,1,0.5,2.0,-250,75,650,0,0,0,0;
custom,cuboid,metal4,5,1,20,0,1,1,1,0.5,2.0,-250,75,400,0,0,0,0;
custom,cuboid,metal4,7.5,1,400,0,1,1,1,1.0,64.0,312.5,75,0,0,0,0,0;
custom,cuboid,metal4,7.5,1,400,0,1,1,1,1.0,64.0,187.5,75,0,0,0,0,0;
custom,cuboid,metal4,5,1,20,0,1,1,1,0.5,2.0,250,75,-1900,0,0,0,0;
custom,cuboid,metal4,5,1,20,0,1,1,1,0.5,2.0,250,75,-1650,0,0,0,0;
custom,cuboid,metal4,5,1,20,0,1,1,1,0.5,2.0,250,75,-1400,0,0,0,0;
custom,cuboid,metal4,5,1,20,0,1,1,1,0.5,2.0,250,75,-1150,0,0,0,0;
custom,cuboid,metal4,5,1,20,0,1,1,1,0.5,2.0,250,75,-900,0,0,0,0;
custom,cuboid,metal4,5,1,20,0,1,1,1,0.5,2.0,250,75,-650,0,0,0,0;
custom,cuboid,metal4,5,1,20,0,1,1,1,0.5,2.0,250,75,-400,0,0,0,0;
custom,cuboid,metal4,5,1,20,0,1,1,1,0.5,2.0,250,75,1900,0,0,0,0;
custom,cuboid,metal4,5,1,20,0,1,1,1,0.5,2.0,250,75,1650,0,0,0,0;
custom,cuboid,metal4,5,1,20,0,1,1,1,0.5,2.0,250,75,1400,0,0,0,0;
custom,cuboid,metal4,5,1,20,0,1,1,1,0.5,2.0,250,75,1150,0,0,0,0;
custom,cuboid,metal4,5,1,20,0,1,1,1,0.5,2.0,250,75,900,0,0,0,0;
custom,cuboid,metal4,5,1,20,0,1,1,1,0.5,2.0,250,75,650,0,0,0,0;
custom,cuboid,metal4,5,1,20,0,1,1,1,0.5,2.0,250,75,400,0,0,0,0;
custom,cuboid,metal1,0.1,0.2,400,0,1,1,1,0.04,0.5,339.5,69,0,0,0,0,0;
custom,cuboid,metal1,0.1,0.4,400,0,1,1,1,0.04,0.5,339.5,64,0,0,0,0,0;
custom,cuboid,metal1,0.1,0.8,400,0,1,1,1,0.04,0.5,339.5,55,0,0,0,0,0;
custom,cuboid,metal1,0.1,1.5,400,0,1,1,1,0.04,0.5,339.5,17.5,0,0,0,0,0;
custom,cuboid,metal1,0.1,0.2,400,0,1,1,1,0.04,0.5,160.5,69,0,0,0,0,0;
custom,cuboid,metal1,0.1,0.4,400,0,1,1,1,0.04,0.5,160.5,64,0,0,0,0,0;
custom,cuboid,metal1,0.1,0.8,400,0,1,1,1,0.04,0.5,160.5,55,0,0,0,0,0;
custom,cuboid,metal1,0.1,0.2,400,0,1,1,1,0.04,0.5,149.5,69,0,0,0,0,0;
custom,cuboid,metal1,0.1,0.4,400,0,1,1,1,0.04,0.5,149.5,64,0,0,0,0,0;
custom,cuboid,metal1,0.1,0.8,400,0,1,1,1,0.04,0.5,149.5,55,0,0,0,0,0;
custom,cuboid,metal1,0.1,0.2,400,0,1,1,1,0.04,0.5,-339.5,69,0,0,0,0,0;
custom,cuboid,metal1,0.1,0.4,400,0,1,1,1,0.04,0.5,-339.5,64,0,0,0,0,0;
custom,cuboid,metal1,0.1,0.8,400,0,1,1,1,0.04,0.5,-339.5,55,0,0,0,0,0;
custom,cuboid,metal1,0.1,1.5,400,0,1,1,1,0.04,0.5,-339.5,17.5,0,0,0,0,0;
custom,cuboid,metal1,0.1,0.2,400,0,1,1,1,0.04,0.5,-160.5,69,0,0,0,0,0;
custom,cuboid,metal1,0.1,0.4,400,0,1,1,1,0.04,0.5,-160.5,64,0,0,0,0,0;
custom,cuboid,metal1,0.1,0.8,400,0,1,1,1,0.04,0.5,-160.5,55,0,0,0,0,0;
custom,cuboid,metal1,0.1,0.2,400,0,1,1,1,0.04,0.5,-149.5,69,0,0,0,0,0;
custom,cuboid,metal1,0.1,0.4,400,0,1,1,1,0.04,0.5,-149.5,64,0,0,0,0,0;
custom,cuboid,metal1,0.1,0.8,400,0,1,1,1,0.04,0.5,-149.5,55,0,0,0,0,0;
custom,cylinder,metal3,4,10,20,1,0.75,0.75,0.75,1.0,1.0,-340,100,0,0,0,0,0;
custom,cylinder,metal1,4.1,0.1,20.1,0,1,1,1,0.04,0.5,-340,69,0,0,0,0,0;
custom,cylinder,metal1,4.1,0.2,20.1,0,1,1,1,0.04,0.5,-340,64,0,0,0,0,0;
custom,cylinder,metal1,4.1,0.4,20.1,0,1,1,1,0.04,0.5,-340,55,0,0,0,0,0;
custom,cylinder,metal1,4.1,0.75,20.1,0,1,1,1,0.04,0.5,-340,17.5,0,0,0,0,0;
custom,cylinder,metal1,4.1,0.75,20.1,0,1,1,1,0.04,0.5,-340,200,0,0,0,0,0;
custom,cylinder,metal3,4,10,20,1,0.75,0.75,0.75,1.0,1.0,340,100,0,0,0,0,0;
custom,cylinder,metal1,4.1,0.1,20.1,0,1,1,1,0.04,0.5,340,69,0,0,0,0,0;
custom,cylinder,metal1,4.1,0.2,20.1,0,1,1,1,0.04,0.5,340,64,0,0,0,0,0;
custom,cylinder,metal1,4.1,0.4,20.1,0,1,1,1,0.04,0.5,340,55,0,0,0,0,0;
custom,cylinder,metal1,4.1,0.75,20.1,0,1,1,1,0.04,0.5,340,17.5,0,0,0,0,0;
custom,cylinder,metal1,4.1,0.75,20.1,0,1,1,1,0.04,0.5,340,200,0,0,0,0,0;
custom,cylinder,metal3,1.5,3,1.5,0,1,1,1,0.1,0.5,-200,40,-1750,0,0,0,0;
custom,pillar1,metal1,1.5,0.25,1.5,0,1,1,1,0.01,1.0,-200,9,-1750,0,0.414,0,1;
custom,pillar1,metal1,1.5,-0.25,1.5,0,1,1,1,0.01,1.0,-200,71,-1750,0,0.414,0,1;
custom,cylinder,metal3,1.5,3,1.5,0,1,1,1,0.1,0.5,-200,40,-750,0,0,0,0;
custom,pillar1,metal1,1.5,0.25,1.5,0,1,1,1,0.01,1.0,-200,9,-750,0,0.414,0,1;
custom,pillar1,metal1,1.5,-0.25,1.5,0,1,1,1,0.01,1.0,-200,71,-750,0,0.414,0,1;
custom,cylinder,metal3,1.5,3,1.5,0,1,1,1,0.1,0.5,-200,40,-250,0,0,0,0;
custom,pillar1,metal1,1.5,0.25,1.5,0,1,1,1,0.01,1.0,-200,9,-250,0,0.414,0,1;
custom,pillar1,metal1,1.5,-0.25,1.5,0,1,1,1,0.01,1.0,-200,71,-250,0,0.414,0,1;
custom,cylinder,metal3,1.5,3,1.5,0,1,1,1,0.1,0.5,-200,40,1750,0,0,0,0;
custom,pillar1,metal1,1.5,0.25,1.5,0,1,1,1,0.01,1.0,-200,9,1750,0,0.414,0,1;
custom,pillar1,metal1,1.5,-0.25,1.5,0,1,1,1,0.01,1.0,-200,71,1750,0,0.414,0,1;
custom,cylinder,metal3,1.5,3,1.5,0,1,1,1,0.1,0.5,-200,40,750,0,0,0,0;
custom,pillar1,metal1,1.5,0.25,1.5,0,1,1,1,0.01,1.0,-200,9,750,0,0.414,0,1;
custom,pillar1,metal1,1.5,-0.25,1.5,0,1,1,1,0.01,1.0,-200,71,750,0,0.414,0,1;
custom,cylinder,metal3,1.5,3,1.5,0,1,1,1,0.1,0.5,-200,40,250,0,0,0,0;
custom,pillar1,metal1,1.5,0.25,1.5,0,1,1,1,0.01,1.0,-200,9,250,0,0.414,0,1;
custom,pillar1,metal1,1.5,-0.25,1.5,0,1,1,1,0.01,1.0,-200,71,250,0,0.414,0,1;
custom,cylinder,metal3,1.5,3,5,0,1,1,1,0.1,0.5,-300,40,-1250,0,0,0,0;
custom,pillar1,metal1,1.5,0.25,5,0,1,1,1,0.01,1.0,-300,9,-1250,0,0,0,0;
custom,pillar1,metal1,1.5,-0.25,5,0,1,1,1,0.01,1.0,-300,71,-1250,0,0,0,0;
custom,cylinder,metal3,1.5,3,5,0,1,1,1,0.1,0.5,-300,40,-450,0,0,0,0;
custom,pillar1,metal1,1.5,0.25,5,0,1,1,1,0.01,1.0,-300,9,-450,0,0,0,0;
custom,pillar1,metal1,1.5,-0.25,5,0,1,1,1,0.01,1.0,-300,71,-450,0,0,0,0;
custom,cylinder,metal3,1.5,3,5,0,1,1,1,0.1,0.5,-300,40,1250,0,0,0,0;
custom,pillar1,metal1,1.5,0.25,5,0,1,1,1,0.01,1.0,-300,9,1250,0,0,0,0;
custom,pillar1,metal1,1.5,-0.25,5,0,1,1,1,0.01,1.0,-300,71,1250,0,0,0,0;
custom,cylinder,metal3,1.5,3,5,0,1,1,1,0.1,0.5,-300,40,450,0,0,0,0;
custom,pillar1,metal1,1.5,0.25,5,0,1,1,1,0.01,1.0,-300,9,450,0,0,0,0;
custom,pillar1,metal1,1.5,-0.25,5,0,1,1,1,0.01,1.0,-300,71,450,0,0,0,0;
custom,cylinder,metal3,0.5,3,0.5,0,1,1,1,0.1,0.5,-250,40,-1850,0,0,0,0;
custom,pillar1,metal1,0.5,0.25,0.5,0,1,1,1,0.01,1.0,-250,9,-1850,0,0,0,0;
custom,pillar1,metal1,0.5,-0.25,0.5,0,1,1,1,0.01,1.0,-250,71,-1850,0,0,0,0;
custom,cylinder,metal3,0.5,3,0.5,0,1,1,1,0.1,0.5,-250,40,-1600,0,0,0,0;
custom,pillar1,metal1,0.5,0.25,0.5,0,1,1,1,0.01,1.0,-250,9,-1600,0,0,0,0;
custom,pillar1,metal1,0.5,-0.25,0.5,0,1,1,1,0.01,1.0,-250,71,-1600,0,0,0,0;
custom,cylinder,metal3,0.5,3,0.5,0,1,1,1,0.1,0.5,-250,40,-1350,0,0,0,0;
custom,pillar1,metal1,0.5,0.25,0.5,0,1,1,1,0.01,1.0,-250,9,-1350,0,0,0,0;
custom,pillar1,metal1,0.5,-0.25,0.5,0,1,1,1,0.01,1.0,-250,71,-1350,0,0,0,0;
custom,cylinder,metal3,0.5,3,0.5,0,1,1,1,0.1,0.5,-250,40,-1100,0,0,0,0;
custom,pillar1,metal1,0.5,0.25,0.5,0,1,1,1,0.01,1.0,-250,9,-1100,0,0,0,0;
custom,pillar1,metal1,0.5,-0.25,0.5,0,1,1,1,0.01,1.0,-250,71,-1100,0,0,0,0;
custom,cylinder,metal3,0.5,3,0.5,0,1,1,1,0.1,0.5,-250,40,-850,0,0,0,0;
custom,pillar1,metal1,0.5,0.25,0.5,0,1,1,1,0.01,1.0,-250,9,-850,0,0,0,0;
custom,pillar1,metal1,0.5,-0.25,0.5,0,1,1,1,0.01,1.0,-250,71,-850,0,0,0,0;
custom,cylinder,metal3,0.5,3,0.5,0,1,1,1,0.1,0.5,-250,40,-600,0,0,0,0;
custom,pillar1,metal1,0.5,0.25,0.5,0,1,1,1,0.01,1.0,-250,9,-600,0,0,0,0;
custom,pillar1,metal1,0.5,-0.25,0.5,0,1,1,1,0.01,1.0,-250,71,-600,0,0,0,0;
custom,cylinder,metal3,0.5,3,0.5,0,1,1,1,0.1,0.5,-250,40,1850,0,0,0,0;
custom,pillar1,metal1,0.5,0.25,0.5,0,1,1,1,0.01,1.0,-250,9,1850,0,0,0,0;
custom,pillar1,metal1,0.5,-0.25,0.5,0,1,1,1,0.01,1.0,-250,71,1850,0,0,0,0;
custom,cylinder,metal3,0.5,3,0.5,0,1,1,1,0.1,0.5,-250,40,1600,0,0,0,0;
custom,pillar1,metal1,0.5,0.25,0.5,0,1,1,1,0.01,1.0,-250,9,1600,0,0,0,0;
custom,pillar1,metal1,0.5,-0.25,0.5,0,1,1,1,0.01,1.0,-250,71,1600,0,0,0,0;
custom,cylinder,metal3,0.5,3,0.5,0,1,1,1,0.1,0.5,-250,40,1350,0,0,0,0;
custom,pillar1,metal1,0.5,0.25,0.5,0,1,1,1,0.01,1.0,-250,9,1350,0,0,0,0;
custom,pillar1,metal1,0.5,-0.25,0.5,0,1,1,1,0.01,1.0,-250,71,1350,0,0,0,0;
custom,cylinder,metal3,0.5,3,0.5,0,1,1,1,0.1,0.5,-250,40,1100,0,0,0,0;
custom,pillar1,metal1,0.5,0.25,0.5,0,1,1,1,0.01,1.0,-250,9,1100,0,0,0,0;
custom,pillar1,metal1,0.5,-0.25,0.5,0,1,1,1,0.01,1.0,-250,71,1100,0,0,0,0;
custom,cylinder,metal3,0.5,3,0.5,0,1,1,1,0.1,0.5,-250,40,850,0,0,0,0;
custom,pillar1,metal1,0.5,0.25,0.5,0,1,1,1,0.01,1.0,-250,9,850,0,0,0,0;
custom,pillar1,metal1,0.5,-0.25,0.5,0,1,1,1,0.01,1.0,-250,71,850,0,0,0,0;
custom,cylinder,metal3,0.5,3,0.5,0,1,1,1,0.1,0.5,-250,40,600,0,0,0,0;
custom,pillar1,metal1,0.5,0.25,0.5,0,1,1,1,0.01,1.0,-250,9,600,0,0,0,0;
custom,pillar1,metal1,0.5,-0.25,0.5,0,1,1,1,0.01,1.0,-250,71,600,0,0,0,0;
custom,cylinder,metal3,1.5,3,1.5,0,1,1,1,0.1,0.5,200,40,-1750,0,0,0,0;
custom,pillar1,metal1,1.5,0.25,1.5,0,1,1,1,0.01,1.0,200,9,-1750,0,0.414,0,1;
custom,pillar1,metal1,1.5,-0.25,1.5,0,1,1,1,0.01,1.0,200,71,-1750,0,0.414,0,1;
custom,cylinder,metal3,1.5,3,1.5,0,1,1,1,0.1,0.5,200,40,-750,0,0,0,0;
custom,pillar1,metal1,1.5,0.25,1.5,0,1,1,1,0.01,1.0,200,9,-750,0,0.414,0,1;
custom,pillar1,metal1,1.5,-0.25,1.5,0,1,1,1,0.01,1.0,200,71,-750,0,0.414,0,1;
custom,cylinder,metal3,1.5,3,1.5,0,1,1,1,0.1,0.5,200,40,-250,0,0,0,0;
custom,pillar1,metal1,1.5,0.25,1.5,0,1,1,1,0.01,1.0,200,9,-250,0,0.414,0,1;
custom,pillar1,metal1,1.5,-0.25,1.5,0,1,1,1,0.01,1.0,200,71,-250,0,0.414,0,1;
custom,cylinder,metal3,1.5,3,1.5,0,1,1,1,0.1,0.5,200,40,1750,0,0,0,0;
custom,pillar1,metal1,1.5,0.25,1.5,0,1,1,1,0.01,1.0,200,9,1750,0,0.414,0,1;
custom,pillar1,metal1,1.5,-0.25,1.5,0,1,1,1,0.01,1.0,200,71,1750,0,0.414,0,1;
custom,cylinder,metal3,1.5,3,1.5,0,1,1,1,0.1,0.5,200,40,750,0,0,0,0;
custom,pillar1,metal1,1.5,0.25,1.5,0,1,1,1,0.01,1.0,200,9,750,0,0.414,0,1;
custom,pillar1,metal1,1.5,-0.25,1.5,0,1,1,1,0.01,1.0,200,71,750,0,0.414,0,1;
custom,cylinder,metal3,1.5,3,1.5,0,1,1,1,0.1,0.5,200,40,250,0,0,0,0;
custom,pillar1,metal1,1.5,0.25,1.5,0,1,1,1,0.01,1.0,200,9,250,0,0.414,0,1;
custom,pillar1,metal1,1.5,-0.25,1.5,0,1,1,1,0.01,1.0,200,71,250,0,0.414,0,1;
custom,cylinder,metal3,1.5,3,5,0,1,1,1,0.1,0.5,300,40,-1250,0,0,0,0;
custom,pillar1,metal1,1.5,0.25,5,0,1,1,1,0.01,1.0,300,9,-1250,0,0,0,0;
custom,pillar1,metal1,1.5,-0.25,5,0,1,1,1,0.01,1.0,300,71,-1250,0,0,0,0;
custom,cylinder,metal3,1.5,3,5,0,1,1,1,0.1,0.5,300,40,-450,0,0,0,0;
custom,pillar1,metal1,1.5,0.25,5,0,1,1,1,0.01,1.0,300,9,-450,0,0,0,0;
custom,pillar1,metal1,1.5,-0.25,5,0,1,1,1,0.01,1.0,300,71,-450,0,0,0,0;
custom,cylinder,metal3,1.5,3,5,0,1,1,1,0.1,0.5,300,40,1250,0,0,0,0;
custom,pillar1,metal1,1.5,0.25,5,0,1,1,1,0.01,1.0,300,9,1250,0,0,0,0;
custom,pillar1,metal1,1.5,-0.25,5,0,1,1,1,0.01,1.0,300,71,1250,0,0,0,0;
custom,cylinder,metal3,1.5,3,5,0,1,1,1,0.1,0.5,300,40,450,0,0,0,0;
custom,pillar1,metal1,1.5,0.25,5,0,1,1,1,0.01,1.0,300,9,450,0,0,0,0;
custom,pillar1,metal1,1.5,-0.25,5,0,1,1,1,0.01,1.0,300,71,450,0,0,0,0;
custom,cylinder,metal3,0.5,3,0.5,0,1,1,1,0.1,0.5,250,40,-1850,0,0,0,0;
custom,pillar1,metal1,0.5,0.25,0.5,0,1,1,1,0.01,1.0,250,9,-1850,0,0,0,0;
custom,pillar1,metal1,0.5,-0.25,0.5,0,1,1,1,0.01,1.0,250,71,-1850,0,0,0,0;
custom,cylinder,metal3,0.5,3,0.5,0,1,1,1,0.1,0.5,250,40,-1600,0,0,0,0;
custom,pillar1,metal1,0.5,0.25,0.5,0,1,1,1,0.01,1.0,250,9,-1600,0,0,0,0;
custom,pillar1,metal1,0.5,-0.25,0.5,0,1,1,1,0.01,1.0,250,71,-1600,0,0,0,0;
custom,cylinder,metal3,0.5,3,0.5,0,1,1,1,0.1,0.5,250,40,-1350,0,0,0,0;
custom,pillar1,metal1,0.5,0.25,0.5,0,1,1,1,0.01,1.0,250,9,-1350,0,0,0,0;
custom,pillar1,metal1,0.5,-0.25,0.5,0,1,1,1,0.01,1.0,250,71,-1350,0,0,0,0;
custom,cylinder,metal3,0.5,3,0.5,0,1,1,1,0.1,0.5,250,40,-1100,0,0,0,0;
custom,pillar1,metal1,0.5,0.25,0.5,0,1,1,1,0.01,1.0,250,9,-1100,0,0,0,0;
custom,pillar1,metal1,0.5,-0.25,0.5,0,1,1,1,0.01,1.0,250,71,-1100,0,0,0,0;
custom,cylinder,metal3,0.5,3,0.5,0,1,1,1,0.1,0.5,250,40,-850,0,0,0,0;
custom,pillar1,metal1,0.5,0.25,0.5,0,1,1,1,0.01,1.0,250,9,-850,0,0,0,0;
custom,pillar1,metal1,0.5,-0.25,0.5,0,1,1,1,0.01,1.0,250,71,-850,0,0,0,0;
custom,cylinder,metal3,0.5,3,0.5,0,1,1,1,0.1,0.5,250,40,-600,0,0,0,0;
custom,pillar1,metal1,0.5,0.25,0.5,0,1,1,1,0.01,1.0,250,9,-600,0,0,0,0;
custom,pillar1,metal1,0.5,-0.25,0.5,0,1,1,1,0.01,1.0,250,71,-600,0,0,0,0;
custom,cylinder,metal3,0.5,3,0.5,0,1,1,1,0.1,0.5,250,40,1850,0,0,0,0;
custom,pillar1,metal1,0.5,0.25,0.5,0,1,1,1,0.01,1.0,250,9,1850,0,0,0,0;
custom,pillar1,metal1,0.5,-0.25,0.5,0,1,1,1,0.01,1.0,250,71,1850,0,0,0,0;
custom,cylinder,metal3,0.5,3,0.5,0,1,1,1,0.1,0.5,250,40,1600,0,0,0,0;
custom,pillar1,metal1,0.5,0.25,0.5,0,1,1,1,0.01,1.0,250,9,1600,0,0,0,0;
custom,pillar1,metal1,0.5,-0.25,0.5,0,1,1,1,0.01,1.0,250,71,1600,0,0,0,0;
custom,cylinder,metal3,0.5,3,0.5,0,1,1,1,0.1,0.5,250,40,1350,0,0,0,0;
custom,pillar1,metal1,0.5,0.25,0.5,0,1,1,1,0.01,1.0,250,9,1350,0,0,0,0;
custom,pillar1,metal1,0.5,-0.25,0.5,0,1,1,1,0.01,1.0,250,71,1350,0,0,0,0;
custom,cylinder,metal3,0.5,3,0.5,0,1,1,1,0.1,0.5,250,40,1100,0,0,0,0;
custom,pillar1,metal1,0.5,0.25,0.5,0,1,1,1,0.01,1.0,250,9,1100,0,0,0,0;
custom,pillar1,metal1,0.5,-0.25,0.5,0,1,1,1,0.01,1.0,250,71,1100,0,0,0,0;
custom,cylinder,metal3,0.5,3,0.5,0,1,1,1,0.1,0.5,250,40,850,0,0,0,0;
custom,pillar1,metal1,0.5,0.25,0.5,0,1,1,1,0.01,1.0,250,9,850,0,0,0,0;
custom,pillar1,metal1,0.5,-0.25,0.5,0,1,1,1,0.01,1.0,250,71,850,0,0,0,0;
custom,cylinder,metal3,0.5,3,0.5,0,1,1,1,0.1,0.5,250,40,600,0,0,0,0;
custom,pillar1,metal1,0.5,0.25,0.5,0,1,1,1,0.01,1.0,250,9,600,0,0,0,0;
custom,pillar1,metal1,0.5,-0.25,0.5,0,1,1,1,0.01,1.0,250,71,600,0,0,0,0;
custom,tree2,default,0.75,0.75,0.75,0,1,1,1,1.0,1.0,-50,60,-1950,0,0,0,0;
custom,tree2,default,0.75,0.75,0.75,0,1,1,1,1.0,1.0,100,60,-1900,0,0.414,0,1;
custom,tree2,default,0.75,0.75,0.75,0,1,1,1,1.0,1.0,-50,60,-950,0,0,0,0;
custom,tree2,default,0.75,0.75,0.75,0,1,1,1,1.0,1.0,100,60,-900,0,0.414,0,1;
custom,tree2,default,0.75,0.75,0.75,0,1,1,1,1.0,1.0,-50,60,1950,0,0,0,0;
custom,tree2,default,0.75,0.75,0.75,0,1,1,1,1.0,1.0,100,60,1900,0,0.414,0,1;
custom,tree2,default,0.75,0.75,0.75,0,1,1,1,1.0,1.0,-50,60,950,0,0,0,0;
custom,tree2,default,0.75,0.75,0.75,0,1,1,1,1.0,1.0,100,60,900,0,0.414,0,1;
custom,tree2,default,0.75,0.75,0.75,0,1,1,1,1.0,1.0,10,60,-1850,0,0,0,0;
custom,tree2,default,0.75,0.75,0.75,0,1,1,1,1.0,1.0,10,60,-1850,0,1,0,1;
custom,tree2,default,0.75,0.75,0.75,0,1,1,1,1.0,1.0,10,60,-1350,0,0,0,0;
custom,tree2,default,0.75,0.75,0.75,0,1,1,1,1.0,1.0,10,60,-1350,0,1,0,1;
custom,tree2,default,0.75,0.75,0.75,0,1,1,1,1.0,1.0,10,60,-850,0,0,0,0;
custom,tree2,default,0.75,0.75,0.75,0,1,1,1,1.0,1.0,10,60,-850,0,1,0,1;
custom,tree2,default,0.75,0.75,0.75,0,1,1,1,1.0,1.0,10,60,-350,0,0,0,0;
custom,tree2,default,0.75,0.75,0.75,0,1,1,1,1.0,1.0,10,60,-350,0,1,0,1;
custom,tree2,default,0.75,0.75,0.75,0,1,1,1,1.0,1.0,10,60,1850,0,0,0,0;
custom,tree2,default,0.75,0.75,0.75,0,1,1,1,1.0,1.0,10,60,1850,0,1,0,1;
custom,tree2,default,0.75,0.75,0.75,0,1,1,1,1.0,1.0,10,60,1350,0,0,0,0;
custom,tree2,default,0.75,0.75,0.75,0,1,1,1,1.0,1.0,10,60,1350,0,1,0,1;
custom,tree2,default,0.75,0.75,0.75,0,1,1,1,1.0,1.0,10,60,850,0,0,0,0;
custom,tree2,default,0.75,0.75,0.75,0,1,1,1,1.0,1.0,10,60,850,0,1,0,1;
custom,tree2,default,0.75,0.75,0.75,0,1,1,1,1.0,1.0,10,60,350,0,0,0,0;
custom,tree2,default,0.75,0.75,0.75,0,1,1,1,1.0,1.0,10,60,350,0,1,0,1;
custom,tree2,default,0.5,0.5,0.5,0,1,1,1,1.0,1.0,25,42,-1600,0,0,0,0;
custom,tree2,default,0.5,0.5,0.5,0,1,1,1,1.0,1.0,75,42,-1550,0,0,0,0;
custom,tree2,default,0.5,0.5,0.5,0,1,1,1,1.0,1.0,-100,42,-1450,0,0,0,0;
custom,tree2,default,0.5,0.5,0.5,0,1,1,1,1.0,1.0,25,42,-1000,0,0,0,0;
custom,tree2,default,0.5,0.5,0.5,0,1,1,1,1.0,1.0,75,42,-950,0,0,0,0;
custom,tree2,default,0.5,0.5,0.5,0,1,1,1,1.0,1.0,-100,42,-850,0,0,0,0;
custom,tree2,default,0.5,0.5,0.5,0,1,1,1,1.0,1.0,25,42,-400,0,0,0,0;
custom,tree2,default,0.5,0.5,0.5,0,1,1,1,1.0,1.0,75,42,-350,0,0,0,0;
custom,tree2,default,0.5,0.5,0.5,0,1,1,1,1.0,1.0,-100,42,-250,0,0,0,0;
custom,tree2,default,0.5,0.5,0.5,0,1,1,1,1.0,1.0,25,42,1600,0,0,0,0;
custom,tree2,default,0.5,0.5,0.5,0,1,1,1,1.0,1.0,75,42,1550,0,0,0,0;
custom,tree2,default,0.5,0.5,0.5,0,1,1,1,1.0,1.0,-100,42,1450,0,0,0,0;
custom,tree2,default,0.5,0.5,0.5,0,1,1,1,1.0,1.0,25,42,1000,0,0,0,0;
custom,tree2,default,0.5,0.5,0.5,0,1,1,1,1.0,1.0,75,42,950,0,0,0,0;
custom,tree2,default,0.5,0.5,0.5,0,1,1,1,1.0,1.0,-100,42,850,0,0,0,0;
custom,tree2,default,0.5,0.5,0.5,0,1,1,1,1.0,1.0,25,42,400,0,0,0,0;
custom,tree2,default,0.5,0.5,0.5,0,1,1,1,1.0,1.0,75,42,350,0,0,0,0;
custom,tree2,default,0.5,0.5,0.5,0,1,1,1,1.0,1.0,-100,42,250,0,0,0,0;
custom,boulder1,default,3,1,2,0,1,1,1,2.0,2.0,-25,15,-1920,0,-0.414,0,1;
custom,boulder1,default,3,1,2,0,1,1,1,2.0,2.0,-05,15,-1620,0,-0.414,0,1;
custom,boulder1,default,3,1,2,0,1,1,1,2.0,2.0,-105,15,-1020,0,-0.414,0,1;
custom,boulder1,default,3,1,2,0,1,1,1,2.0,2.0,-25,15,1920,0,-0.414,0,1;
custom,boulder1,default,3,1,2,0,1,1,1,2.0,2.0,-05,15,1620,0,-0.414,0,1;
custom,boulder1,default,3,1,2,0,1,1,1,2.0,2.0,-105,15,1020,0,-0.414,0,1;
custom,boulder1,default,2,1,1,0,1,1,1,2.0,2.0,25,15,-1970,0,0.414,0,1;
custom,boulder1,default,2,1,1,0,1,1,1,2.0,2.0,-50,15,-1770,0,0.414,0,1;
custom,boulder1,default,2,1,1,0,1,1,1,2.0,2.0,75,15,-1570,0,0.414,0,1;
custom,boulder1,default,2,1,1,0,1,1,1,2.0,2.0,-100,15,-1370,0,0.414,0,1;
custom,boulder1,default,2,1,1,0,1,1,1,2.0,2.0,25,15,1970,0,0.414,0,1;
custom,boulder1,default,2,1,1,0,1,1,1,2.0,2.0,-50,15,1770,0,0.414,0,1;
custom,boulder1,default,2,1,1,0,1,1,1,2.0,2.0,75,15,1570,0,0.414,0,1;
custom,boulder1,default,2,1,1,0,1,1,1,2.0,2.0,-100,15,1370,0,0.414,0,1;
custom,boulder1,default,2,1,1,0,1,1,1,2.0,2.0,-125,15,-1300,0,0,0,1;
custom,boulder1,default,1.5,2,3,0,1,1,1,2.0,2.0,-110,40,-1300,0,1,0,1;
custom,boulder1,default,2,1,1,0,1,1,1,2.0,2.0,-50,15,-1300,0,0,0,1;
custom,boulder1,default,-1.5,2,3,0,1,1,1,2.0,2.0,-35,40,-1300,0,1,0,1;
custom,boulder1,default,2,1,-1,0,1,1,1,2.0,2.0,125,15,-1300,0,0,0,1;
custom,boulder1,default,1.5,2,-3,0,1,1,1,2.0,2.0,110,40,-1300,0,1,0,1;
custom,boulder1,default,2,1,-1,0,1,1,1,2.0,2.0,50,15,-1300,0,0,0,1;
custom,boulder1,default,-1.5,2,-3,0,1,1,1,2.0,2.0,35,40,-1300,0,1,0,1;
custom,boulder1,default,-2,1,1,0,1,1,1,2.0,2.0,-125,15,1300,0,0,0,1;
custom,boulder1,default,-1.5,2,3,0,1,1,1,2.0,2.0,-110,40,1300,0,1,0,1;
custom,boulder1,default,-2,1,1,0,1,1,1,2.0,2.0,-50,15,1300,0,0,0,1;
custom,boulder1,default,1.5,2,3,0,1,1,1,2.0,2.0,-35,40,1300,0,1,0,1;
custom,boulder1,default,-2,1,-1,0,1,1,1,2.0,2.0,125,15,1300,0,0,0,1;
custom,boulder1,default,-1.5,2,-3,0,1,1,1,2.0,2.0,110,40,1300,0,1,0,1;
custom,boulder1,default,-2,1,-1,0,1,1,1,2.0,2.0,50,15,1300,0,0,0,1;
custom,boulder1,default,1.5,2,-3,0,1,1,1,2.0,2.0,35,40,1300,0,1,0,1;
custom,cuboid,metal3,70,1,120,0,1,1,1,4.0,8.0,0,5,-2600,0,0,0,0;
custom,cuboid,metal3,32,6,10,1,0.75,0.75,0.75,1.0,1.0,0,40,-2050,0,0,0,0;
custom,cuboid,metal3,38,3,13,1,0.75,0.75,0.75,1.0,1.0,0,25,-2065,0,0,0,0;
custom,cuboid,metal3,39,2.5,13.5,1,0.75,0.75,0.75,1.0,1.0,0,22.5,-2067.5,0,0,0,0;
custom,cuboid,metal3,40,2.0,14,1,0.75,0.75,0.75,1.0,1.0,0,20,-2070,0,0,0,0;
custom,cuboid,metal3,41,1.5,14.5,1,0.75,0.75,0.75,1.0,1.0,0,17.5,-2072.5,0,0,0,0;
custom,cuboid,metal3,42,1.0,15,1,0.75,0.75,0.75,1.0,1.0,0,15,-2075,0,0,0,0;
custom,cuboid,metal3,43,0.5,15.5,1,0.75,0.75,0.75,1.0,1.0,0,12.5,-2077.5,0,0,0,0;
custom,cuboid,metal3,44,6,1.5,1,0.75,0.75,0.75,1.0,0.5,0,40,-1995,0,0,0,0;
custom,cylinder,metal3,1.5,3,1.5,1,0.75,0.75,0.75,0.25,0.5,-220,40,-1995,0,0,0,0;
custom,cylinder,metal3,1.5,3,1.5,1,0.75,0.75,0.75,0.25,0.5,220,40,-1995,0,0,0,0;
custom,cuboid,metal3,18,6,90,1,0.75,0.75,0.75,2.0,8.0,-260,40,-2750,0,0,0,0;
custom,cuboid,metal3,21,3,93,1,0.75,0.75,0.75,2.0,8.0,-245,25,-2735,0,0,0,0;
custom,cuboid,metal3,21.5,2.5,93.5,1,0.75,0.75,0.75,2.0,8.0,-242.5,22.5,-2732.5,0,0,0,0;
custom,cuboid,metal3,22,2,94,1,0.75,0.75,0.75,2.0,8.0,-240,20,-2730,0,0,0,0;
custom,cuboid,metal3,22.5,1.5,94.5,1,0.75,0.75,0.75,2.0,8.0,-237.5,17.5,-2727.5,0,0,0,0;
custom,cuboid,metal3,23,1,95,1,0.75,0.75,0.75,2.0,8.0,-235,15,-2725,0,0,0,0;
custom,cuboid,metal3,23.5,0.5,95.5,1,0.75,0.75,0.75,2.0,8.0,-232.5,12.5,-2722.5,0,0,0,0;
custom,cuboid,metal3,18,6,90,1,0.75,0.75,0.75,2.0,8.0,260,40,-2750,0,0,0,0;
custom,cuboid,metal3,21,3,93,1,0.75,0.75,0.75,2.0,8.0,245,25,-2735,0,0,0,0;
custom,cuboid,metal3,21.5,2.5,93.5,1,0.75,0.75,0.75,2.0,8.0,242.5,22.5,-2732.5,0,0,0,0;
custom,cuboid,metal3,22,2,94,1,0.75,0.75,0.75,2.0,8.0,240,20,-2730,0,0,0,0;
custom,cuboid,metal3,22.5,1.5,94.5,1,0.75,0.75,0.75,2.0,8.0,237.5,17.5,-2727.5,0,0,0,0;
custom,cuboid,metal3,23,1,95,1,0.75,0.75,0.75,2.0,8.0,235,15,-2725,0,0,0,0;
custom,cuboid,metal3,23.5,0.5,95.5,1,0.75,0.75,0.75,2.0,8.0,232.5,12.5,-2722.5,0,0,0,0;
custom,cuboid,metal3,10,0.5,10,1,0.75,0.75,0.75,2.0,2.0,0,12.5,-2295,0,0,0,0;
custom,cuboid,metal3,9,1.0,9,1,0.75,0.75,0.75,2.0,2.0,0,15,-2295,0,0,0,0;
custom,cuboid,metal3,8,1.5,8,1,0.75,0.75,0.75,2.0,2.0,0,17.5,-2295,0,0,0,0;
custom,cuboid,metal3,7,2.0,7,1,0.75,0.75,0.75,2.0,2.0,0,20,-2295,0,0,0,0;
custom,cuboid,metal3,6,2.5,6,1,0.75,0.75,0.75,2.0,2.0,0,22.5,-2295,0,0,0,0;
custom,cuboid,metal3,5,3.0,5,1,0.75,0.75,0.75,2.0,2.0,0,25,-2295,0,0,0,0;
custom,cuboid,metal3,2,6.0,2,1,0.75,0.75,0.75,1.0,0.5,0,40,-2295,0,0.414,0,1;
custom,cuboid,metal3,10,0.5,10,1,0.75,0.75,0.75,2.0,2.0,0,12.5,-2495,0,0,0,0;
custom,cuboid,metal3,9,1.0,9,1,0.75,0.75,0.75,2.0,2.0,0,15,-2495,0,0,0,0;
custom,cuboid,metal3,8,1.5,8,1,0.75,0.75,0.75,2.0,2.0,0,17.5,-2495,0,0,0,0;
custom,cuboid,metal3,7,2.0,7,1,0.75,0.75,0.75,2.0,2.0,0,20,-2495,0,0,0,0;
custom,cuboid,metal3,6,2.5,6,1,0.75,0.75,0.75,2.0,2.0,0,22.5,-2495,0,0,0,0;
custom,cuboid,metal3,5,3.0,5,1,0.75,0.75,0.75,2.0,2.0,0,25,-2495,0,0,0,0;
custom,cuboid,metal3,2,6.0,2,1,0.75,0.75,0.75,1.0,0.5,0,40,-2495,0,0,0,0;
custom,cuboid,metal3,10,0.5,10,1,0.75,0.75,0.75,2.0,2.0,0,12.5,-2695,0,0,0,0;
custom,cuboid,metal3,9,1.0,9,1,0.75,0.75,0.75,2.0,2.0,0,15,-2695,0,0,0,0;
custom,cuboid,metal3,8,1.5,8,1,0.75,0.75,0.75,2.0,2.0,0,17.5,-2695,0,0,0,0;
custom,cuboid,metal3,7,2.0,7,1,0.75,0.75,0.75,2.0,2.0,0,20,-2695,0,0,0,0;
custom,cuboid,metal3,6,2.5,6,1,0.75,0.75,0.75,2.0,2.0,0,22.5,-2695,0,0,0,0;
custom,cuboid,metal3,5,3.0,5,1,0.75,0.75,0.75,2.0,2.0,0,25,-2695,0,0,0,0;
custom,cuboid,metal3,2,6.0,2,1,0.75,0.75,0.75,1.0,0.5,0,40,-2695,0,0.414,0,1;
custom,cuboid,metal3,10,0.5,10,1,0.75,0.75,0.75,2.0,2.0,0,12.5,-2895,0,0,0,0;
custom,cuboid,metal3,9,1.0,9,1,0.75,0.75,0.75,2.0,2.0,0,15,-2895,0,0,0,0;
custom,cuboid,metal3,8,1.5,8,1,0.75,0.75,0.75,2.0,2.0,0,17.5,-2895,0,0,0,0;
custom,cuboid,metal3,7,2.0,7,1,0.75,0.75,0.75,2.0,2.0,0,20,-2895,0,0,0,0;
custom,cuboid,metal3,6,2.5,6,1,0.75,0.75,0.75,2.0,2.0,0,22.5,-2895,0,0,0,0;
custom,cuboid,metal3,5,3.0,5,1,0.75,0.75,0.75,2.0,2.0,0,25,-2895,0,0,0,0;
custom,cuboid,metal3,2,6.0,2,1,0.75,0.75,0.75,1.0,0.5,0,40,-2895,0,0,0,0;
custom,cuboid,metal3,1,6,30,1,0.75,0.75,0.75,4.0,0.5,-345,40,-2150,0,0,0,0;
custom,cuboid,metal3,4,3,30,1,0.75,0.75,0.75,1.0,2.0,-330,25,-2150,0,0,0,0;
custom,cuboid,metal3,4.5,2.5,30,1,0.75,0.75,0.75,1.0,2.0,-327.5,22.5,-2150,0,0,0,0;
custom,cuboid,metal3,5,2.0,30,1,0.75,0.75,0.75,1.0,2.0,-325,20,-2150,0,0,0,0;
custom,cuboid,metal3,5.5,1.5,30,1,0.75,0.75,0.75,1.0,2.0,-322.5,17.5,-2150,0,0,0,0;
custom,cuboid,metal3,6,1.0,30,1,0.75,0.75,0.75,1.0,2.0,-320,15,-2150,0,0,0,0;
custom,cuboid,metal3,6.5,0.5,30,1,0.75,0.75,0.75,1.0,2.0,-317.5,12.5,-2150,0,0,0,0;
custom,cuboid,metal3,1,6,30,1,0.75,0.75,0.75,4.0,0.5,345,40,-2150,0,0,0,0;
custom,cuboid,metal3,4,3,30,1,0.75,0.75,0.75,1.0,2.0,330,25,-2150,0,0,0,0;
custom,cuboid,metal3,4.5,2.5,30,1,0.75,0.75,0.75,1.0,2.0,327.5,22.5,-2150,0,0,0,0;
custom,cuboid,metal3,5,2.0,30,1,0.75,0.75,0.75,1.0,2.0,325,20,-2150,0,0,0,0;
custom,cuboid,metal3,5.5,1.5,30,1,0.75,0.75,0.75,1.0,2.0,322.5,17.5,-2150,0,0,0,0;
custom,cuboid,metal3,6,1.0,30,1,0.75,0.75,0.75,1.0,2.0,320,15,-2150,0,0,0,0;
custom,cuboid,metal3,6.5,0.5,30,1,0.75,0.75,0.75,1.0,2.0,317.5,12.5,-2150,0,0,0,0;
custom,cuboid,metal3,3,0.5,3,1,0.75,0.75,0.75,0.5,0.5,-325,42.5,-2285,0,0,0,0;
custom,cuboid,metal3,3,0.5,3,1,0.75,0.75,0.75,0.5,0.5,325,42.5,-2285,0,0,0,0;
custom,cuboid,metal3,6,6,1.5,1,0.75,0.75,0.75,0.5,0.5,-310,40,-1995,0,0,0,0;
custom,cylinder,metal3,1.5,3,1.5,1,0.75,0.75,0.75,0.25,0.5,-280,40,-1995,0,0,0,0;
custom,cuboid,metal3,6,6,1.5,1,0.75,0.75,0.75,0.5,0.5,310,40,-1995,0,0,0,0;
custom,cylinder,metal3,1.5,3,1.5,1,0.75,0.75,0.75,0.25,0.5,280,40,-1995,0,0,0,0;
custom,cuboid,metal4,70,1,120,0,1,1,1,8.0,16.0,0,75,-2600,0,0,0,0;
custom,cuboid,metal3,70,1,120,0,1,1,1,4.0,8.0,0,5,2600,0,0,0,0;
custom,cuboid,metal3,32,6,10,1,0.75,0.75,0.75,1.0,1.0,0,40,2050,0,0,0,0;
custom,cuboid,metal3,38,3,13,1,0.75,0.75,0.75,1.0,1.0,0,25,2065,0,0,0,0;
custom,cuboid,metal3,39,2.5,13.5,1,0.75,0.75,0.75,1.0,1.0,0,22.5,2067.5,0,0,0,0;
custom,cuboid,metal3,40,2.0,14,1,0.75,0.75,0.75,1.0,1.0,0,20,2070,0,0,0,0;
custom,cuboid,metal3,41,1.5,14.5,1,0.75,0.75,0.75,1.0,1.0,0,17.5,2072.5,0,0,0,0;
custom,cuboid,metal3,42,1.0,15,1,0.75,0.75,0.75,1.0,1.0,0,15,2075,0,0,0,0;
custom,cuboid,metal3,43,0.5,15.5,1,0.75,0.75,0.75,1.0,1.0,0,12.5,2077.5,0,0,0,0;
custom,cuboid,metal3,44,6,1.5,1,0.75,0.75,0.75,1.0,0.5,0,40,1995,0,0,0,0;
custom,cylinder,metal3,1.5,3,1.5,1,0.75,0.75,0.75,0.25,0.5,-220,40,1995,0,0,0,0;
custom,cylinder,metal3,1.5,3,1.5,1,0.75,0.75,0.75,0.25,0.5,220,40,1995,0,0,0,0;
custom,cuboid,metal3,18,6,90,1,0.75,0.75,0.75,2.0,8.0,-260,40,2750,0,0,0,0;
custom,cuboid,metal3,21,3,93,1,0.75,0.75,0.75,2.0,8.0,-245,25,2735,0,0,0,0;
custom,cuboid,metal3,21.5,2.5,93.5,1,0.75,0.75,0.75,2.0,8.0,-242.5,22.5,2732.5,0,0,0,0;
custom,cuboid,metal3,22,2,94,1,0.75,0.75,0.75,2.0,8.0,-240,20,2730,0,0,0,0;
custom,cuboid,metal3,22.5,1.5,94.5,1,0.75,0.75,0.75,2.0,8.0,-237.5,17.5,2727.5,0,0,0,0;
custom,cuboid,metal3,23,1,95,1,0.75,0.75,0.75,2.0,8.0,-235,15,2725,0,0,0,0;
custom,cuboid,metal3,23.5,0.5,95.5,1,0.75,0.75,0.75,2.0,8.0,-232.5,12.5,2722.5,0,0,0,0;
custom,cuboid,metal3,18,6,90,1,0.75,0.75,0.75,2.0,8.0,260,40,2750,0,0,0,0;
custom,cuboid,metal3,21,3,93,1,0.75,0.75,0.75,2.0,8.0,245,25,2735,0,0,0,0;
custom,cuboid,metal3,21.5,2.5,93.5,1,0.75,0.75,0.75,2.0,8.0,242.5,22.5,2732.5,0,0,0,0;
custom,cuboid,metal3,22,2,94,1,0.75,0.75,0.75,2.0,8.0,240,20,2730,0,0,0,0;
custom,cuboid,metal3,22.5,1.5,94.5,1,0.75,0.75,0.75,2.0,8.0,237.5,17.5,2727.5,0,0,0,0;
custom,cuboid,metal3,23,1,95,1,0.75,0.75,0.75,2.0,8.0,235,15,2725,0,0,0,0;
custom,cuboid,metal3,23.5,0.5,95.5,1,0.75,0.75,0.75,2.0,8.0,232.5,12.5,2722.5,0,0,0,0;
custom,cuboid,metal3,10,0.5,10,1,0.75,0.75,0.75,2.0,2.0,0,12.5,2295,0,0,0,0;
custom,cuboid,metal3,9,1.0,9,1,0.75,0.75,0.75,2.0,2.0,0,15,2295,0,0,0,0;
custom,cuboid,metal3,8,1.5,8,1,0.75,0.75,0.75,2.0,2.0,0,17.5,2295,0,0,0,0;
custom,cuboid,metal3,7,2.0,7,1,0.75,0.75,0.75,2.0,2.0,0,20,2295,0,0,0,0;
custom,cuboid,metal3,6,2.5,6,1,0.75,0.75,0.75,2.0,2.0,0,22.5,2295,0,0,0,0;
custom,cuboid,metal3,5,3.0,5,1,0.75,0.75,0.75,2.0,2.0,0,25,2295,0,0,0,0;
custom,cuboid,metal3,2,6.0,2,1,0.75,0.75,0.75,1.0,0.5,0,40,2295,0,0.414,0,1;
custom,cuboid,metal3,10,0.5,10,1,0.75,0.75,0.75,2.0,2.0,0,12.5,2495,0,0,0,0;
custom,cuboid,metal3,9,1.0,9,1,0.75,0.75,0.75,2.0,2.0,0,15,2495,0,0,0,0;
custom,cuboid,metal3,8,1.5,8,1,0.75,0.75,0.75,2.0,2.0,0,17.5,2495,0,0,0,0;
custom,cuboid,metal3,7,2.0,7,1,0.75,0.75,0.75,2.0,2.0,0,20,2495,0,0,0,0;
custom,cuboid,metal3,6,2.5,6,1,0.75,0.75,0.75,2.0,2.0,0,22.5,2495,0,0,0,0;
custom,cuboid,metal3,5,3.0,5,1,0.75,0.75,0.75,2.0,2.0,0,25,2495,0,0,0,0;
custom,cuboid,metal3,2,6.0,2,1,0.75,0.75,0.75,1.0,0.5,0,40,2495,0,0,0,0;
custom,cuboid,metal3,10,0.5,10,1,0.75,0.75,0.75,2.0,2.0,0,12.5,2695,0,0,0,0;
custom,cuboid,metal3,9,1.0,9,1,0.75,0.75,0.75,2.0,2.0,0,15,2695,0,0,0,0;
custom,cuboid,metal3,8,1.5,8,1,0.75,0.75,0.75,2.0,2.0,0,17.5,2695,0,0,0,0;
custom,cuboid,metal3,7,2.0,7,1,0.75,0.75,0.75,2.0,2.0,0,20,2695,0,0,0,0;
custom,cuboid,metal3,6,2.5,6,1,0.75,0.75,0.75,2.0,2.0,0,22.5,2695,0,0,0,0;
custom,cuboid,metal3,5,3.0,5,1,0.75,0.75,0.75,2.0,2.0,0,25,2695,0,0,0,0;
custom,cuboid,metal3,2,6.0,2,1,0.75,0.75,0.75,1.0,0.5,0,40,2695,0,0.414,0,1;
custom,cuboid,metal3,10,0.5,10,1,0.75,0.75,0.75,2.0,2.0,0,12.5,2895,0,0,0,0;
custom,cuboid,metal3,9,1.0,9,1,0.75,0.75,0.75,2.0,2.0,0,15,2895,0,0,0,0;
custom,cuboid,metal3,8,1.5,8,1,0.75,0.75,0.75,2.0,2.0,0,17.5,2895,0,0,0,0;
custom,cuboid,metal3,7,2.0,7,1,0.75,0.75,0.75,2.0,2.0,0,20,2895,0,0,0,0;
custom,cuboid,metal3,6,2.5,6,1,0.75,0.75,0.75,2.0,2.0,0,22.5,2895,0,0,0,0;
custom,cuboid,metal3,5,3.0,5,1,0.75,0.75,0.75,2.0,2.0,0,25,2895,0,0,0,0;
custom,cuboid,metal3,2,6.0,2,1,0.75,0.75,0.75,1.0,0.5,0,40,2895,0,0,0,0;
custom,cuboid,metal3,1,6,30,1,0.75,0.75,0.75,4.0,0.5,-345,40,2150,0,0,0,0;
custom,cuboid,metal3,4,3,30,1,0.75,0.75,0.75,1.0,2.0,-330,25,2150,0,0,0,0;
custom,cuboid,metal3,4.5,2.5,30,1,0.75,0.75,0.75,1.0,2.0,-327.5,22.5,2150,0,0,0,0;
custom,cuboid,metal3,5,2.0,30,1,0.75,0.75,0.75,1.0,2.0,-325,20,2150,0,0,0,0;
custom,cuboid,metal3,5.5,1.5,30,1,0.75,0.75,0.75,1.0,2.0,-322.5,17.5,2150,0,0,0,0;
custom,cuboid,metal3,6,1.0,30,1,0.75,0.75,0.75,1.0,2.0,-320,15,2150,0,0,0,0;
custom,cuboid,metal3,6.5,0.5,30,1,0.75,0.75,0.75,1.0,2.0,-317.5,12.5,2150,0,0,0,0;
custom,cuboid,metal3,1,6,30,1,0.75,0.75,0.75,4.0,0.5,345,40,2150,0,0,0,0;
custom,cuboid,metal3,4,3,30,1,0.75,0.75,0.75,1.0,2.0,330,25,2150,0,0,0,0;
custom,cuboid,metal3,4.5,2.5,30,1,0.75,0.75,0.75,1.0,2.0,327.5,22.5,2150,0,0,0,0;
custom,cuboid,metal3,5,2.0,30,1,0.75,0.75,0.75,1.0,2.0,325,20,2150,0,0,0,0;
custom,cuboid,metal3,5.5,1.5,30,1,0.75,0.75,0.75,1.0,2.0,322.5,17.5,2150,0,0,0,0;
custom,cuboid,metal3,6,1.0,30,1,0.75,0.75,0.75,1.0,2.0,320,15,2150,0,0,0,0;
custom,cuboid,metal3,6.5,0.5,30,1,0.75,0.75,0.75,1.0,2.0,317.5,12.5,2150,0,0,0,0;
custom,cuboid,metal3,3,0.5,3,1,0.75,0.75,0.75,0.5,0.5,-325,42.5,2285,0,0,0,0;
custom,cuboid,metal3,3,0.5,3,1,0.75,0.75,0.75,0.5,0.5,325,42.5,2285,0,0,0,0;
custom,cuboid,metal3,6,6,1.5,1,0.75,0.75,0.75,0.5,0.5,-310,40,1995,0,0,0,0;
custom,cylinder,metal3,1.5,3,1.5,1,0.75,0.75,0.75,0.25,0.5,-280,40,1995,0,0,0,0;
custom,cuboid,metal3,6,6,1.5,1,0.75,0.75,0.75,0.5,0.5,310,40,1995,0,0,0,0;
custom,cylinder,metal3,1.5,3,1.5,1,0.75,0.75,0.75,0.25,0.5,280,40,1995,0,0,0,0;
custom,cuboid,metal4,70,1,120,0,1,1,1,8.0,16.0,0,75,2600,0,0,0,0;
custom,cuboid,metal3,34,6,1,1,0.75,0.75,0.75,2.0,1.0,0,40,-3195,0,0,0,0;
custom,cuboid,metal3,34,3,4,1,0.75,0.75,0.75,2.0,1.0,0,25,-3180,0,0,0,0;
custom,cuboid,metal3,34,2.5,4.5,1,0.75,0.75,0.75,2.0,1.0,0,22.5,-3177.5,0,0,0,0;
custom,cuboid,metal3,34,2,5,1,0.75,0.75,0.75,2.0,1.0,0,20,-3175,0,0,0,0;
custom,cuboid,metal3,34,1.5,5.5,1,0.75,0.75,0.75,2.0,1.0,0,17.5,-3172.5,0,0,0,0;
custom,cuboid,metal3,34,1,6,1,0.75,0.75,0.75,2.0,1.0,0,15,-3170,0,0,0,0;
custom,cuboid,metal3,34,0.5,6.5,1,0.75,0.75,0.75,2.0,1.0,0,12.5,-3167.5,0,0,0,0;
custom,cuboid,metal3,3,0.5,3,1,0.75,0.75,0.75,0.5,0.5,-155,42.5,-3175,0,0,0,0;
custom,cuboid,metal3,3,0.5,3,1,0.75,0.75,0.75,0.5,0.5,155,42.5,-3175,0,0,0,0;
custom,cuboid,metal3,6,6,1,1,0.75,0.75,0.75,1.0,1.0,-140,40,3155,0,0,0,0;
custom,cuboid,metal3,6,6,1,1,0.75,0.75,0.75,1.0,1.0,140,40,3155,0,0,0,0;
custom,cylinder,metal3,5,3,5,1,0.75,0.75,0.75,1.0,1.0,-110,40,3175,0,0,0,0;
custom,cylinder,metal3,5,3,5,1,0.75,0.75,0.75,1.0,1.0,110,40,3175,0,0,0,0;
custom,cuboid,metal3,5,30,60,1,0.75,0.75,0.75,8.0,4.0,110,160,3475,0,0,0,0;
custom,cuboid,metal3,5,30,60,1,0.75,0.75,0.75,8.0,4.0,-110,160,3475,0,0,0,0;
custom,cuboid,metal3,17,23,2.5,1,0.75,0.75,0.75,1.0,1.0,0,195,3187.5,0,0,0,0;
custom,cuboid,metal3,17,0.5,3,0,1,1,1,4.0,0.5,0,12.5,3205,0,0,0,0;
custom,cuboid,metal3,17,0.5,3,0,1,1,1,4.0,0.5,0,17.5,3225,0,0,0,0;
custom,cuboid,metal3,17,0.5,3,0,1,1,1,4.0,0.5,0,22.5,3245,0,0,0,0;
custom,cuboid,metal3,17,0.5,3,0,1,1,1,4.0,0.5,0,27.5,3265,0,0,0,0;
custom,cuboid,metal3,17,0.5,3,0,1,1,1,4.0,0.5,0,32.5,3285,0,0,0,0;
custom,cuboid,metal3,17,0.5,3,0,1,1,1,4.0,0.5,0,37.5,3305,0,0,0,0;
custom,cuboid,metal3,17,0.5,3,0,1,1,1,4.0,0.5,0,42.5,3325,0,0,0,0;
custom,cuboid,metal3,17,0.5,3,0,1,1,1,4.0,0.5,0,47.5,3345,0,0,0,0;
custom,cuboid,metal3,17,0.5,3,0,1,1,1,4.0,0.5,0,52.5,3365,0,0,0,0;
custom,cuboid,metal3,17,0.5,3,0,1,1,1,4.0,0.5,0,57.5,3385,0,0,0,0;
custom,cuboid,metal3,17,0.5,3,0,1,1,1,4.0,0.5,0,62.5,3405,0,0,0,0;
custom,cuboid,metal3,17,0.5,3,0,1,1,1,4.0,0.5,0,67.5,3425,0,0,0,0;
custom,cuboid,metal3,17,0.5,3,0,1,1,1,4.0,0.5,0,72.5,3445,0,0,0,0;
custom,cuboid,metal3,17,0.5,3,0,1,1,1,4.0,0.5,0,77.5,3465,0,0,0,0;
custom,cuboid,metal3,17,0.5,3,0,1,1,1,4.0,0.5,0,82.5,3485,0,0,0,0;
custom,cuboid,metal3,17,0.5,3,0,1,1,1,4.0,0.5,0,87.5,3505,0,0,0,0;
custom,cuboid,metal3,17,0.5,26.5,0,1,1,1,4.0,4.0,0,92.5,3642.5,0,0,0,0;
custom,cuboid,metal1,8,21.5,0.5,0,1,1,1,0.01,4.0,-45,202.5,3772.5,0,0,0,0;
custom,cuboid,metal1,8,21.5,0.5,0,1,1,1,0.01,4.0,45,202.5,3772.5,0,0,0,0;
custom,cuboid,metal1,8,21.5,0.5,0,1,1,1,0.01,4.0,-48,202.5,3760,0,0.1,0,1;
custom,cuboid,metal1,8,21.5,0.5,0,1,1,1,0.01,4.0,48,202.5,3760,0,-0.1,0,1;
custom,cuboid,metal1,8,21.5,0.5,0,1,1,1,0.01,4.0,-51,202.5,3750,0,0.2,0,1;
custom,cuboid,metal1,8,21.5,0.5,0,1,1,1,0.01,4.0,51,202.5,3750,0,-0.2,0,1;
custom,cuboid,metal1,8,21.5,0.5,0,1,1,1,0.01,4.0,-54,202.5,3740,0,0.3,0,1;
custom,cuboid,metal1,8,21.5,0.5,0,1,1,1,0.01,4.0,54,202.5,3740,0,-0.3,0,1;
custom,cuboid,metal1,8,21.5,0.5,0,1,1,1,0.01,4.0,-57,202.5,3730,0,0.4,0,1;
custom,cuboid,metal1,8,21.5,0.5,0,1,1,1,0.01,4.0,57,202.5,3730,0,-0.4,0,1;
custom,cuboid,metal1,8,21.5,0.5,0,1,1,1,0.01,4.0,-60,202.5,3720,0,0.5,0,1;
custom,cuboid,metal1,8,21.5,0.5,0,1,1,1,0.01,4.0,60,202.5,3720,0,-0.5,0,1;
custom,cuboid,metal1,8,21.5,0.5,0,1,1,1,0.01,4.0,-63,202.5,3710,0,0.6,0,1;
custom,cuboid,metal1,8,21.5,0.5,0,1,1,1,0.01,4.0,63,202.5,3710,0,-0.6,0,1;
custom,cuboid,metal1,8,21.5,0.5,0,1,1,1,0.01,4.0,-66,202.5,3700,0,0.7,0,1;
custom,cuboid,metal1,8,21.5,0.5,0,1,1,1,0.01,4.0,66,202.5,3700,0,-0.7,0,1;
custom,cuboid,metal1,8,21.5,0.5,0,1,1,1,0.01,4.0,-69,202.5,3690,0,0.8,0,1;
custom,cuboid,metal1,8,21.5,0.5,0,1,1,1,0.01,4.0,69,202.5,3690,0,-0.8,0,1;
custom,cuboid,metal1,8,21.5,0.5,0,1,1,1,0.01,4.0,-72,202.5,3680,0,0.9,0,1;
custom,cuboid,metal1,8,21.5,0.5,0,1,1,1,0.01,4.0,72,202.5,3680,0,-0.9,0,1;
custom,cuboid,metal1,8,21.5,0.5,0,1,1,1,0.01,4.0,-75,202.5,3670,0,1,0,1;
custom,cuboid,metal1,8,21.5,0.5,0,1,1,1,0.01,4.0,75,202.5,3670,0,-1,0,1;
custom,cuboid,metal1,8,21.5,0.5,0,1,1,1,0.01,4.0,-78,202.5,3660,0,1,0,0.9;
custom,cuboid,metal1,8,21.5,0.5,0,1,1,1,0.01,4.0,78,202.5,3660,0,-1,0,0.9;
custom,cuboid,grass,1,0.55,26.55,1,0.25,0,0,0.5,4.0,0,92.5,3642.5,0,0,0,0;
custom,cuboid,grass,1,0.55,3.05,1,0.25,0,0,0.5,0.5,0,87.5,3505,0,0,0,0;
custom,cuboid,grass,1,0.55,3.05,1,0.25,0,0,0.5,0.5,0,82.5,3485,0,0,0,0;
custom,cuboid,grass,1,0.55,3.05,1,0.25,0,0,0.5,0.5,0,77.5,3465,0,0,0,0;
custom,cuboid,grass,1,0.55,3.05,1,0.25,0,0,0.5,0.5,0,72.5,3445,0,0,0,0;
custom,cuboid,grass,1,0.55,3.05,1,0.25,0,0,0.5,0.5,0,67.5,3425,0,0,0,0;
custom,cuboid,grass,1,0.55,3.05,1,0.25,0,0,0.5,0.5,0,62.5,3405,0,0,0,0;
custom,cuboid,grass,1,0.55,3.05,1,0.25,0,0,0.5,0.5,0,57.5,3385,0,0,0,0;
custom,cuboid,grass,1,0.55,3.05,1,0.25,0,0,0.5,0.5,0,52.5,3365,0,0,0,0;
custom,cuboid,grass,1,0.55,3.05,1,0.25,0,0,0.5,0.5,0,47.5,3345,0,0,0,0;
custom,cuboid,grass,1,0.55,3.05,1,0.25,0,0,0.5,0.5,0,42.5,3325,0,0,0,0;
custom,cuboid,grass,1,0.55,3.05,1,0.25,0,0,0.5,0.5,0,37.5,3305,0,0,0,0;
custom,cuboid,grass,1,0.55,3.05,1,0.25,0,0,0.5,0.5,0,32.5,3285,0,0,0,0;
custom,cuboid,grass,1,0.55,3.05,1,0.25,0,0,0.5,0.5,0,27.5,3265,0,0,0,0;
custom,cuboid,grass,1,0.55,3.05,1,0.25,0,0,0.5,0.5,0,22.5,3245,0,0,0,0;
custom,cuboid,grass,1,0.55,3.05,1,0.25,0,0,0.5,0.5,0,17.5,3225,0,0,0,0;
custom,cuboid,grass,1,0.55,3.05,1,0.25,0,0,0.5,0.5,0,12.5,3205,0,0,0,0;
custom,cuboid,grass,1,0.55,26.55,1,0.25,0,0,0.5,4.0,0,7.5,3057.5,0,0,0,0;
custom,cuboid,metal4,27,2,60,0,1,1,1,4.0,8.0,0,320,3475,0,0,0,0;
custom,boulder1,grass3,5,20,5,0,1,1,1,1.0,1.0,160,230,3800,0,0,0,0;
custom,boulder1,grass3,-5,20,5,0,1,1,1,1.0,1.0,-160,230,3800,0,0,0,0;
custom,trunk1,grass3,80,20,80,0,1,1,1,32.0,8.0,1000,-100,4070,0,0,0,0;
custom,trunk1,grass3,-80,20,80,0,1,1,1,32.0,8.0,-1000,-100,4070,0,0,0,0;
custom,trunk1,grass3,80,20,-80,0,1,1,1,32.0,8.0,0,-90,5570,0,0,0,0;
custom,trunk1,grass3,-80,20,-80,0,1,1,1,32.0,8.0,0,-90,5570,0,0,0,0;
custom,boulder1,grass3,20,20,20,0,1,1,1,4.0,4.0,-600,200,4935,0,0,0,0;
custom,boulder1,grass3,-20,20,20,0,1,1,1,4.0,4.0,600,200,4935,0,0,0,0;
custom,boulder1,grass3,20,20,20,0,1,1,1,4.0,4.0,-600,200,3935,0,0,0,0;
custom,boulder1,grass3,-20,20,20,0,1,1,1,4.0,4.0,600,200,3935,0,0,0,0;
custom,boulder1,grass3,30,40,30,0,1,1,1,4.0,4.0,-300,200,5535,0,0,0,0;
custom,boulder1,grass3,-30,40,30,0,1,1,1,4.0,4.0,300,200,5535,0,0,0,0;
custom,cuboid,grass3,17,10,2,0,1,1,1,1.0,1.0,0,40,3765,0,0,0,0;
custom,cylinder,crystal2,80,2,80,0,1,1,1,0.01,0.01,0,-80,4325,0,0,0,0;
custom,cuboid,crystal2,19,2,40,0,1,1,1,0.01,0.01,0,-1,3951,0,1,0.22,0;
custom,trunk1,brick2,8,2.25,8,0,1,1,1,0.01,0.01,0,-90,4400,0,0,0,0;
racing,endCuboid,1,26,4,0,200,3795,0,0,0,0;