custom,cuboid,stone2,1,10,10,0,1,1,1,1.0,1.0,-20,50,-580,0,0,0,0;
custom,cuboid,stone2,1,10,10,0,1,1,1,1.0,1.0,20,50,-580,0,0,0,0;
custom,cuboid,stone2,1,10,4,0,1,1,1,1.0,1.0,45,50,-535,0,1,0,1;
custom,cuboid,stone2,1,10,4,0,1,1,1,1.0,1.0,-45,50,-535,0,1,0,1;
custom,cuboid,stone2,3,5,10,0,1,1,1,1.0,1.0,0,25,-580,0,0,0,0;
custom,cuboid,stone2,3,2,1,0,1,1,1,1.0,1.0,0,90,-535,0,0,0,0;
custom,cuboid,stone2,1,5,1,0,1,1,1,1.0,1.0,10,75,-625,0,0,0,0;
custom,cuboid,stone2,1,5,1,0,1,1,1,1.0,1.0,-10,75,-625,0,0,0,0;
custom,cuboid,stone2,1,1.5,1,0,1,1,1,1.0,1.0,0,57.5,-625,0,0,0,0;
custom,cuboid,stone2,1,1.5,1,0,1,1,1,1.0,1.0,0,92.5,-625,0,0,0,0;
misc,barrier,1,2,1,0,75,-625,0,0,0,0;
custom,cuboid,stone2,5,1,10,0,1,1,1,1.0,1.0,0,105,-580,0,0,0,0;
custom,cuboid,stone2,7,0.5,4,0,1,1,1,1.0,1.0,0,47.5,-510,0,0,0,0;
custom,cuboid,stone1,7,0.5,4,0,1,1,1,1.0,1.0,0,82.5,-510,0,0,0,0;
custom,cuboid,wood4,6,0.5,0.5,0,1,1,1,2,0.25,0,52.5,-492.5,0,0,0,0;
custom,cuboid,wood4,0.5,0.5,4,0,1,1,1,2,0.25,-32.5,52.5,-510,0,0,0,0;
custom,cuboid,wood4,0.5,0.5,4,0,1,1,1,2,0.25,32.5,52.5,-510,0,0,0,0;
custom,cylinder,stone2,0.5,1.25,0.5,1,0.5,0,0,1,1,32.5,67.5,-492.5,0,0,0,0;
custom,cylinder,stone2,0.5,1.25,0.5,1,0.5,0,0,1,1,-32.5,67.5,-492.5,0,0,0,0;
custom,cuboid,stone2,1,10,20,0,1,1,1,1,1,-70,50,-440,0,0,0,0;
custom,cuboid,stone2,1,10,20,0,1,1,1,1,1,70,50,-440,0,0,0,0;
custom,cuboid,stone2,15,4,1,0,1,1,1,1,1,0,20,-335,0,0,0,0;
custom,cuboid,stone2,15,4,1,0,1,1,1,1,1,0,80,-335,0,0,0,0;
custom,cuboid,stone2,4,2,1,0,1,1,1,0.5,0.5,-55,50,-335,0,0,0,0;
custom,cuboid,stone2,4,2,1,0,1,1,1,0.5,0.5,55,50,-335,0,0,0,0;
racing,killCuboid,13,1,19,0,5,-435,0,0,0,0;
custom,cuboid,stone2,1,10,30,0,1,1,1,2.0,2.0,-70,50,-180,0,0,0,0;
custom,cuboid,stone2,1,10,30,0,1,1,1,2.0,2.0,70,50,-180,0,0,0,0;
custom,cuboid,stone2,1,10,10,0,1,1,1,1.0,1.0,-115,50,-25,0,1,0,1;
custom,cuboid,stone2,1,10,10,0,1,1,1,1.0,1.0,-115,50,-25,0,1,0,1;
custom,cuboid,stone2,1,10,10,0,1,1,1,1.0,1.0,115,50,-25,0,1,0,1;
custom,cuboid,stone2,1,10,20,0,1,1,1,1.0,1.0,-170,50,70,0,0,0,0;
custom,cuboid,stone2,1,10,20,0,1,1,1,1.0,1.0,170,50,70,0,0,0,0;
custom,cuboid,stone2,1,10,14,0,1,1,1,1.0,1.0,-95,50,165,0,1,0,1;
custom,cuboid,stone2,1,10,14,0,1,1,1,1.0,1.0,95,50,165,0,1,0,1;
custom,cuboid,stone2,1,10,6,0,1,1,1,1.0,1.0,100,50,70,0,0,0,0;
custom,cuboid,stone2,1,10,6,0,1,1,1,1.0,1.0,-100,50,70,0,0,0,0;
custom,cuboid,stone2,1,10,6,0,1,1,1,1.0,1.0,-50,50,70,0,0,0,0;
custom,cuboid,stone2,1,10,6,0,1,1,1,1.0,1.0,50,50,70,0,0,0,0;
custom,cuboid,stone2,1,10,6,0,1,1,1,1.0,1.0,0,50,70,0,0,0,0;
custom,cuboid,stone2,4,10,6,0,1,1,1,1.0,1.0,75,50,70,0,0,0,0;
custom,cuboid,stone2,4,10,6,0,1,1,1,1.0,1.0,-75,50,70,0,0,0,0;
custom,cuboid,stone2,4,4,6,0,1,1,1,1.0,1.0,-25,20,70,0,0,0,0;
custom,cuboid,stone2,4,4,6,0,1,1,1,1.0,1.0,25,20,70,0,0,0,0;
custom,cuboid,stone2,4,4,6,0,1,1,1,1.0,1.0,25,80,70,0,0,0,0;
custom,cuboid,stone2,4,4,6,0,1,1,1,1.0,1.0,-25,80,70,0,0,0,0;
racing,killCuboid,9,0.1,6,0,40.5,70,0,0,0,0;
racing,killCuboid,9,0.1,6,0,59.5,70,0,0,0,0;
racing,killCuboid,1.1,2,5.9,0,50,70,0,0,0,0;
racing,killCuboid,1,10,0.1,0,50,39.5,0,0,0,0;
racing,killCuboid,1,10,0.1,-50,50,39.5,0,0,0,0;
racing,killCuboid,1,10,0.1,50,50,39.5,0,0,0,0;
racing,killCuboid,13,1,31,0,5,-175,0,0,0,0;
racing,killCuboid,33,1,18,0,5,70,0,0,0,0;
racing,startCuboid,7,2,1,0,50,-335,0,0,0,0;
spawnpoint,playerC,5,51,-610,0,0,0,0;
spawnpoint,playerM,-5,51,-610,0,0,0,0;
custom,cuboid,stone2,1,10,30,0,1,1,1,2,2,-30,50,320,0,0,0,1;
custom,cuboid,stone2,1,10,30,0,1,1,1,2,2,30,50,320,0,0,0,0;
custom,arc180,stone2,14,16,14,0,1,1,1,2,2,0,115,540,0.5,-0.5,-0.5,-0.5;
racing,killArc180,13.9,15.9,13.9,0,115,539,0.5,-0.5,-0.5,-0.5;
custom,prism,default,1,0.5,-2,1,0,1,0,2,2,0,89,577,1,0,0,-1;
racing,killCuboid,5,1,40,0,5,360,0,0,0,0;
custom,cuboid,stone1,7,1,30,0,1,1,1,2,2,0,105,320,0,0,0,1;
custom,cuboid,stone1,20,1,35,0,1,1,1,2,2,0,105,70,0,1,0,1;
custom,cuboid,stone1,15,1,50,0,1,1,1,2,2,0,105,-280,0,0,0,0;
custom,cuboid,stone1,1,1,5,0,1,1,1,2,2,50,105,-535,0,1,0,1;
custom,cuboid,stone1,1,1,5,0,1,1,1,2,2,-50,105,-535,0,1,0,1;
custom,cylinder,stone2,3,3.5,3,1,0,1,0,1.0,1.0,0,115,470,0.5,0.5,-0.5,0.5;
custom,cuboid,stone2,1,11,40,0,1,1,1,4,4,30,165,270,0,0,0,0;
custom,cuboid,stone2,1,11,34,0,1,1,1,4,4,-30,165,300,0,0,0,0;
custom,cuboid,stone2,1,11,14,0,1,1,1,2,2,-105,165,135,0,1,0,1;
custom,cuboid,stone2,1,11,21,0,1,1,1,2,2,-70,165,65,0,1,0,1;
custom,cuboid,stone7,5,1,40,0,1,1,1,1,4,0,115,270,0,0,0,0;
custom,cuboid,stone7,6,1,15,0,1,1,1,1,2,-100,115,100,0,1,0,1;
racing,killCuboid,5,1,40,0,125,270,0,0,0,0;
racing,killCuboid,6,1,15,-100,125,100,0,1,0,1;
custom,cuboid,stone2,16,23,1,0,1,1,1,2,2,30,115,550,0,1,0,1;
custom,cuboid,stone2,16,23,1,0,1,1,1,2,2,-30,115,550,0,1,0,1;
custom,cuboid,stone2,5,2,1,0,1,1,1,1,1,0,130,135,0,0,0,0;
custom,cuboid,stone2,5,2,1,0,1,1,1,1,1,0,210,135,0,0,0,0;
custom,cuboid,stone2,5,4,1,0,1,1,1,1,1,0,170,135,0,0,0,0;
custom,cuboid,stone2,1,1,1,0,1,1,1,1,1,20,195,135,0,0,0,0;
custom,cuboid,stone2,1,1,1,0,1,1,1,1,1,-20,195,135,0,0,0,0;
racing,killCuboid,5,2,0.1,0,210,140.5,0,0,0,0;
racing,killCuboid,5,2,0.1,0,130,140.5,0,0,0,0;
racing,killCuboid,5,4,0.1,0,170,140.5,0,0,0,0;
racing,killCuboid,1,1,0.1,20,195,140.5,0,0,0,0;
racing,killCuboid,1,1,0.1,-20,195,140.5,0,0,0,0;
custom,cuboid,stone2,10,22,1,0,1,1,1,1.0,2,-225,110,65,0,0,0,0;
custom,cuboid,stone2,10,22,1,0,1,1,1,1.0,2,-225,110,135,0,0,0,0;
custom,cuboid,stone2,1,10,20,0,1,1,1,1.0,1,-375,50,65,0,1,0,1;
custom,cuboid,stone2,1,10,25,0,1,1,1,1.0,1,-400,50,135,0,0.7071068,0,0.7071068;
custom,cuboid,stone2,1,10,70,0,1,1,1,4,1,-520,50,-220,0,0,0,1;
custom,cuboid,stone2,1,10,50,0,1,1,1,4,1.0,-470,50,-190,0,0,0,0;
racing,killCuboid,6,13,0.1,-175.5,65,100,0,1,0,1;
custom,cylinder,stone2,1,3,1,1,0,1,0,1.0,1.0,-280,100,100,0,0.7,-0.7,0;
custom,cuboid,stone2,1,10,10,0,1,1,1,1.0,1.0,-415,50,-435,0,1,0,1;
custom,cuboid,stone2,1,10,20,0,1,1,1,1.0,1.0,-360,50,-530,0,0,0,0;
custom,cuboid,stone2,1,10,28,0,1,1,1,1.0,1.0,-505,50,-625,0,1,0,1;
custom,cuboid,stone2,6,10,8,0,1,1,1,1.0,1.0,-475,50,-540,0,1,0,1;
custom,cuboid,stone2,8,12,1,0,1,1,1,1.0,1.0,-280,160,100,0,1,0,1;
racing,killCuboid,0.1,10,11,-420,50,-440.5,0,1,0,1;
racing,killCuboid,6,10,0.1,-434.5,50,-540,0,1,0,1;
racing,killCuboid,8,10,0.1,-475,50,-509.5,0,0,0,0;
racing,killCuboid,18,10,0.1,-365.5,50,-530,0,1,0,1;
custom,cuboid,stone2,5,10,1,0,1,1,1,1.0,1.0,-640,50,-595,0,1,0,1;
custom,cuboid,stone2,1,6,12,0,1,1,1,1.0,1.0,-585,30,-565,0,0.7071068,0,0.7071068;
custom,cuboid,stone2,1,2,12,0,1,1,1,1.0,1.0,-585,90,-565,0,1,0,1;
custom,cuboid,stone2,1,2,4,0,1,1,1,1.0,1.0,-545,70,-565,0,1,0,1;
custom,cuboid,stone2,1,2,4,0,1,1,1,1.0,1.0,-625,70,-565,0,1,0,1;
custom,cuboid,stone2,5,6,1,0,1,1,1,1.0,1.0,-530,30,-595,0,1,0,1;
custom,cuboid,stone2,5,6,10,0,1,1,1,1.0,1.0,-585,30,-595,0,1,0,1;
custom,cuboid,stone2,6,2,1,0,1,1,1,1.0,1.0,-530,90,-590,0,1,0,1;
custom,cuboid,stone2,2,2,1,0,1,1,1,1.0,1.0,-530,70,-610,0,1,0,1;
custom,cuboid,stone2,2,2,1,0,1,1,1,1.0,1.0,-530,70,-580,0,1,0,1;
racing,killCuboid,5,6,0.1,-524.5,30,-595,0,1,0,1;
racing,killCuboid,5,2,0.1,-524.5,90,-595,0,1,0,1;
racing,killCuboid,2,2,0.1,-524.5,70,-610,0,1,0,1;
racing,killCuboid,2,2,0.1,-524.5,70,-580,0,1,0,1;
racing,killCuboid,9,10,0.1,-480,50,-570.5,0,0,0,0;
racing,killCuboid,16,10,0.1,-445,50,-619.5,0,0,0,0;
racing,killCuboid,5,4,0.1,-634.5,80,-595,0,1,0,1;
racing,checkpointCuboid,1,2,1,-530,70,-595,0,1,0,1;
racing,killCuboid,6,8,6,-464.7084,42.24922,-599.5223,0,0.7089832,0,-0.7052254;
racing,killCuboid,8,8,8,-478.3985,41.1039,-478.699,0,0.9999789,0,0.00650242;
racing,killCuboid,8,8,8,-397.9741,63.44311,-532.5354,0,0.9997157,0,-0.02384512;
racing,killCuboid,6,1,30,-325,5,100,0,1,0,1;
racing,killCuboid,4,1,57,-495,5,-155,0,0,0,0;
racing,killCuboid,5,1,16,-445,5,-595,0,1,0,1;
racing,killCuboid,7,1,15,-440,5,-475,0,1,0,1;
racing,killCuboid,6,1,7,-400,5,-540,0,1,0,1;
racing,killCuboid,6,8,6,-213.3763,177.7816,102.0565,0,0.9999772,0,0.006748104;
racing,killCuboid,6,8,6,-304.5663,41.59324,100.9768,0,0.6862648,0,0.7273518;
custom,cuboid,stone1,7,1,41,0,1,1,1,1,4,0,225,265,0,0,0,0;
custom,cuboid,stone1,8,1,25,0,1,1,1,1,4,-160,225,100,0,1,0,1;
custom,cuboid,stone1,8,1,24.5,0,1,1,1,1,4,-402.5,105,100,0,1,0,1;
custom,cuboid,stone1,17,1,20,0,1,1,1,1.0,1.0,-440,105,-530,0,0,0,1;
custom,cuboid,stone1,6,1,49,0,1,1,1,1.0,3,-495,105,-185,0,0,0,0;
custom,cuboid,stone1,7,1,12,0,1,1,1,1.0,3,-585,105,-595,0,0.7071068,0,0.7071068;
custom,cuboid,stone2,1,10,77,0,1,1,1,1.0,1.0,-650,50,-245,0,0,0,0;
custom,cuboid,stone2,12,4,1,0,1,1,1,1.0,1.0,-585,20,135,0,0,0,0;
custom,cuboid,stone2,12,4,1,0,1,1,1,1.0,1.0,-585,80,135,0,0,0,1;
custom,cuboid,stone2,5,2,1,0,1,1,1,1.0,1.0,-550,50,135,0,0,0,0;
custom,cuboid,stone2,5,2,1,0,1,1,1,1.0,1.0,-620,50,135,0,0,0,0;
custom,cuboid,stone2,6,10,1,0,1,1,1,1.0,1.0,-555,50,-400,0,0,0,0;
custom,cuboid,stone2,6,10,1,0,1,1,1,1.0,1.0,-615,50,-200,0,0,0,0;
custom,cuboid,stone2,6,10,1,0,1,1,1,1.0,1.0,-555,50,0,0,0,0,0;
custom,cuboid,stone2,12,3,1,0,1,1,1,1.0,1.0,-585,15,-300,0,0,0,0;
custom,cuboid,stone2,12,5,1,0,1,1,1,1.0,1.0,-585,75,-300,0,0,0,0;
custom,cuboid,stone2,12,5,1,0,1,1,1,1.0,1.0,-585,25,-100,0,0,0,0;
custom,cuboid,stone2,12,3,1,0,1,1,1,1.0,1.0,-585,85,-100,0,0,0,0;
custom,cylinder,stone2,1,5,1,0,1,1,1,1.0,1.0,-585,50,-400,0,0,0,0;
custom,cylinder,stone2,1,5,1,0,1,1,1,1.0,1.0,-585,50,-200,0,0,0,0;
custom,cylinder,stone2,1,5,1,0,1,1,1,1.0,1.0,-585,50,0,0,0,0,0;
racing,killCylinder,1.1,5,1.1,-585,50,0,0,0,0,0;
racing,killCylinder,1.1,5,1.1,-585,50,-200,0,0,0,0;
racing,killCylinder,1.1,5,1.1,-585,50,-400,0,0,0,0;
racing,killCuboid,12,5.1,1.1,-585,75,-300,0,0,0,0;
racing,killCuboid,12,3.1,1.1,-585,15,-300,0,0,0,0;
racing,killCuboid,12,5.1,1.1,-585,25,-100,0,0,0,0;
racing,killCuboid,12,3.1,1.1,-585,85,-100,0,0,0,0;
racing,killCuboid,12,1,69,-585,5,-215,0,0,0,0;
custom,cuboid,stone1,13,1,70,0,1,1,1,2,4,-590,105,-210,0,0,0,0;
racing,killTube,3.4,0.1,3.4,-584.7,49.2,129.5,1,0,0,1;
racing,killTube,5.4,0.1,5.4,-584.7,48.4,129.5,1,0,0,1;
custom,cuboid,stone2,1,10,40,0,1,1,1,4.0,1.0,-550,50,340,0,0,0,0;
custom,cuboid,stone2,1,10,40,0,1,1,1,4.0,1.0,-620,50,340,0,0,0,0;
custom,cuboid,stone2,6,5,1,0,1,1,1,1.0,1.0,-585,75,250,0,0,0,0;
custom,cuboid,stone2,6,5,1,0,1,1,1,1.0,1.0,-585,75,410,0,0,0,0;
custom,cuboid,stone2,6,6,1,0,1,1,1,1.0,1.0,-585,30,330,0,0,0,0;
racing,killCuboid,6,6.1,1.1,-585,30,330,0,0,0,0;
racing,killCuboid,6,5.1,1.1,-585,75,410,0,0,0,0;
racing,killCuboid,6,5.1,1.1,-585,75,250,0,0,0,0;
custom,cylinder,stone2,1,3,1,0,1,1,1,1.0,1.0,-585,50,410,-1,1,0,0;
custom,cylinder,stone2,1,3,1,0,1,1,1,1.0,1.0,-585,50,250,-1,1,0,0;
racing,killCylinder,1.1,3,1.1,-585,50,250,-1,1,0,0;
racing,killCylinder,1.1,3,1.1,-585,50,410,-1,1,0,0;
custom,cylinder,stone2,1,3,1,0,1,1,1,1.0,1.0,-585,60,330,-1,1,0,0;
racing,killCylinder,1.1,3,1.1,-585,60,330,-1,1,0,0;
misc,barrier,5,1,10,-585,55.3,-595,0,1,0,1;
custom,cylinder,stone2,5,5,5,0,1,1,1,1.0,1.0,-530,50,540,0,0,0,0;
custom,cuboid,stone2,1,10,40,0,1,1,1,4.0,1.0,-510,50,340,0,0,0,0;
custom,cuboid,stone2,1,10,40,0,1,1,1,4.0,1.0,-280,50,340,0,0,0,0;
custom,cuboid,stone2,1,10,40,0,1,1,1,4.0,1.0,-350,50,340,0,0,0,0;
custom,cuboid,stone2,1,10,40,0,1,1,1,4.0,1.0,-440,50,340,0,0,0,0;
custom,arc180,stone2,10.65,20,10.65,0,1,1,1,4,4,-528,47.6,593,0,1,0,1;
racing,killArc180,10.6,20,10.6,-528,47.6,593,0,1,0,1;
racing,killCylinder,5.05,5,5.05,-530,50,540,0,0,0,0;
custom,cuboid,stone7,6,1,30,0,1,1,1,1,4,-475,15.8,257,0,0.9,0.3,0;
custom,cuboid,stone7,6,1,30,0,1,1,1,1,4,-315,15.8,257,0,0.9,0.3,0;
custom,cuboid,stone2,1,11,23,0,1,1,1,1.0,1.0,-400,165,65,0,1,0,1;
custom,cuboid,stone1,8,1,23,0,1,1,1,1.0,1.0,-400,225,100,0,1,0,1;
custom,cuboid,stone7,8,0.1,23,0,1,1,1,1.0,2.0,-400,110.5,100,0,1,0,1;
racing,killCuboid,7,0.1,23,-400,111.5,105,0,1,0,1;
racing,killCuboid,23,11,0.1,-400,165,70.5,0,0,0,0;
custom,cuboid,stone1,6,1,19,0,1,1,1,1,4,-315,169,215,0,0.9,0.3,0;
custom,cuboid,stone1,6,1,19,0,1,1,1,1,4,-475,169,215,0,0.9,0.3,0;
racing,killCuboid,6,1.1,19,-475,169,215,0,0.9,0.3,0;
racing,killCuboid,6,1.1,19,-315,169,215,0,0.9,0.3,0;
racing,killCuboid,6,0.1,19,-475,53.8,215.5,0,0.9,0.3,0;
racing,killCuboid,6,0.1,19,-315,53.8,215.5,0,0.9,0.3,0;
racing,killTube,4,0.8,4,-395,165,106,-0.5,0.5,0.5,0.5;
custom,cuboid,stone2,1,11,1,0,1,1,1,1.0,2,-395,165,75,0,1,0,1;
custom,cuboid,stone2,1,11,1,0,1,1,1,1.0,2,-395,165,135,0,1,0,1;
custom,cuboid,stone2,5,3,1,0,1,1,1,1.0,2,-395,125,105,0,1,0,1;
custom,cuboid,stone2,5,3,1,0,1,1,1,1.0,2,-395,205,105,0,1,0,1;
custom,tube,stone2,6.5,1,6.5,0,1,1,1,1.0,2,-395,165,107,0.5,0.5,0.5,-0.5;
custom,cuboid,stone1,8,1,10,0,1,1,1,1.0,1,-315,105,335,0,0,0,0;
custom,cuboid,stone1,8,1,10,0,1,1,1,1.0,1,-475,105,335,0,0,0,0;
custom,cuboid,stone2,7,11,1,0,1,1,1,1.0,1.0,-510,165,105,0,1,0,1;
custom,cuboid,stone2,10,13,1,0,1,1,1,1.0,1.0,-395,165,145,0,0,0,0;
custom,cuboid,stone2,1,13,16,0,1,1,1,1.0,1.0,-280,165,220,0,0,0,0;
custom,cuboid,stone2,1,13,15,0,1,1,1,1.0,1.0,-350,165,225,0,0,0,0;
custom,cuboid,stone2,1,13,15,0,1,1,1,1.0,1.0,-440,165,225,0,0,0,0;
custom,cuboid,stone2,1,13,16,0,1,1,1,1.0,1.0,-510,165,220,0,0,0,0;
racing,killTube,5.5,0.8,5.5,-395,165,106,-0.5,0.5,0.5,0.5;
racing,killTube,4,1,6,-315,55,310,0,-1,1,0;
racing,killTube,4,1,6,-475,55,310,0,-1,1,0;
custom,cuboid,stone2,1,10,1,0,1,1,1,1.0,2,-290,50,310,0,0,0,0;
custom,cuboid,stone2,1,10,1,0,1,1,1,1.0,2,-340,50,310,0,0,0,0;
custom,cuboid,stone2,1,10,1,0,1,1,1,1.0,2,-450,50,310,0,0,0,0;
custom,cuboid,stone2,1,10,1,0,1,1,1,1.0,2,-500,50,310,0,0,0,0;
custom,cuboid,stone2,4,2.5,1,0,1,1,1,1.0,1,-475,12.5,310,0,0,0,0;
custom,cuboid,stone2,4,2.5,1,0,1,1,1,1.0,1,-315,12.5,310,0,0,0,0;
custom,cuboid,stone2,4,1.5,1,0,1,1,1,1.0,1,-315,92.5,310,0,0,0,0;
custom,cuboid,stone2,4,1.5,1,0,1,1,1,1.0,1,-475,92.5,310,0,0,0,0;
custom,tube,stone2,5.7,0.4,8,0,1,1,1,2.0,2,-474,57.2,310,-1,0,0,1;
custom,tube,stone2,5.7,0.4,8,0,1,1,1,2.0,2,-314,57.2,310,-1,0,0,1;
custom,cuboid,stone2,24,10,1,0,1,1,1,4,2,-155,50,370,0,0,0,0;
custom,cuboid,stone2,18,10,1,0,1,1,1,4,2,-125,50,450,0,0,0,0;
custom,cuboid,stone7,3.5,0.1,6,0,1,1,1,2.0,3.0,0,50.5,-512.5,0,1,0,-1;
custom,cuboid,stone7,3,0.1,9,0,1,1,1,2,4,0,50.5,-575,0,0,0,0;
custom,cuboid,stone2,1,10,18,0,1,1,1,1,1,-210,50,545,0,0,0,0;
custom,cuboid,stone2,14,10,1,0,1,1,1,1,1,-285,50,630,0,0,0,0;
custom,cuboid,stone2,8.5,10,1,0,1,1,1,1,1,-350,50,582.5,0,1,0,1;
custom,cuboid,stone2,8.5,3,1,0,1,1,1,1.0,1.0,-280,15,582.5,0,1,0,1;
custom,cuboid,stone2,8.5,3,1,0,1,1,1,1.0,1.0,-280,85,582.5,0,1,0,1;
racing,killCuboid,8.5,3.1,1.1,-280,85,582.5,0,1,0,1;
racing,killCuboid,8.5,3.1,1.1,-280,15,582.5,0,1,0,1;
custom,cuboid,stone2,2.5,4,1,0,1,1,1,1.0,1.0,-280,50,612.5,0,1,0,1;
custom,cuboid,stone2,2.5,4,1,0,1,1,1,1.0,1.0,-280,50,552.5,0,1,0,1;
racing,killCuboid,2.6,3.9,1.1,-280,50,552.5,0,1,0,1;
racing,killCuboid,2.6,3.9,1.1,-280,50,612.5,0,1,0,1;
custom,cuboid,stone2,7,23,1,0,1,1,1,2,8,-40,115,410,0,1,0,1;
custom,cuboid,stone2,7,12,60,0,1,1,1,8.0,8.0,0,170,-240,0,0,0,0;
custom,cuboid,stone7,7,0.1,101,0,1,1,1,2.0,32,0,230.5,-35,0,0,0,0;
custom,cuboid,stone7,1,0.1,7,0,1,1,1,0.5,2,-40,230.5,410,0,0,0,0;
custom,cuboid,stone7,14,1.1,10,0,1,1,1,4,4,85,225.5,375.5,0,1,0,1;
custom,cuboid,stone2,1,8,18,0,1,1,1,2,1,45,270,450,0,1,0,1;
custom,cuboid,stone2,1,8,14,0,1,1,1,2,1,140,270,375.5,0,0,0,1;
custom,cuboid,stone2,1,8,14,0,1,1,1,2,1,25,270,370,0,1,0,1;
custom,cylinder,stone2,1,4,1,0,1,1,1,1,1,95,270,370,0,0,0,0;
custom,cuboid,stone2,1,8,11,0,1,1,1,1.0,1.0,90,270,300.5,0,1,0,1;
custom,cuboid,stone2,1,8,1,0,1,1,1,1.0,1.0,140,270,450,0,0,0,0;
custom,cuboid,stone2,1,8,10,0,1,1,1,1.0,1.0,30,270,255,0,0,0,0;
racing,killCuboid,1,8,0.05,30,270,305.25,0,0,0,0;
custom,cuboid,stone2,1,8,1,0,1,1,1,2,4,20,270,210,0,0,0,0;
custom,cuboid,stone2,1,8,1,0,1,1,1,2,4,-20,270,210,0,0,0,0;
custom,cuboid,stone2,16,8,1,0,1,1,1,1,1,-30,270,285,0,1,0,1;
custom,cuboid,stone2,3,6,1,0,1,1,1,1,1,0,280,210,0,0,0,0;
racing,killCuboid,14,8,0.1,134.5,270,375,0,1,0,1;
misc,barrier,7,0.1,18,45,231.5,410,0,1,0,1;
misc,barrier,7,0.02,18,45,231.1,340,0,1,0,1;
racing,checkpointCuboid,4,8,-0.5,115,270,370,0,0,0,0;
custom,cuboid,stone2,3,1,50,0,1,1,1,1.0,1.0,50,226,-80,0,0,0,0;
custom,cuboid,stone2,3,1,56,0,1,1,1,1.0,1.0,50,186,-80,0,0,0,0;
custom,cuboid,stone2,1,5,56,0,1,1,1,8,2,70,206,-80,0,0,0,0;
custom,cuboid,stone2,3,7,1,0,1,1,1,1,1,50,225,-365,0,0,0,0;
custom,cuboid,stone2,3,7,1,0,1,1,1,1,1,50,225,205,0,0,0,0;
custom,cuboid,stone2,1,3,3,0,1,1,1,1,1,50,245,165,0,1,0,1;
custom,cuboid,stone2,1,3,3,0,1,1,1,1,1,50,245,-325,0,1,0,1;
custom,cuboid,stone2,1,3,5,0,1,1,1,1,1,70,245,-345,0,0,0,0;
custom,cuboid,stone2,1,3,5,0,1,1,1,1,1,70,245,185,0,0,0,0;
custom,cuboid,stone2,5,1,4,0,1,1,1,1,1,55,265,185,0,1,0,1;
custom,cuboid,stone2,5,1,4,0,1,1,1,1,1,55,265,-345,0,1,0,1;
custom,cuboid,default,14,1,58,1,0,0,0,1.0,1.0,145,235,-80,0,0,0,0;
custom,cuboid,default,14,1,58,1,0,0,0,1.0,1.0,-145,235,-80,0,0,0,0;
custom,cuboid,default,4,1,58,1,0,0,0,1.0,1.0,-55,235,-80,0,0,0,0;
custom,cuboid,default,4,1,48,1,0,0,0,1.0,1.0,55,235,-80,0,0,0,0;
racing,killCuboid,7,0.1,50,0,231.5,-80,0,0,0,0;
racing,killCuboid,1,10,48,40,290,-80,0,0,0,0;
racing,killCuboid,1,10,58,-40,290,-80,0,0,0,0;
racing,killCuboid,5,7,1,40,305,185,0,1,0,1;
racing,killCuboid,5,7,1,40,305,-345,0,1,0,1;
custom,cuboid,default,7,3,1,1,0,0,0,1.0,1.0,0,325,210,0,0,0,0;
custom,sphere,default,1,1,1,0,1,1,1,1.0,1.0,108.1544,290.5336,155.9727,0,0.9999906,0,-0.004340798;
custom,sphere,default,1,1,1,0,1,1,1,1.0,1.0,111.1495,269.7924,80.56887,0,0.9999784,0,0.006568341;
custom,sphere,default,1,1,1,0,1,1,1,1.0,1.0,111.4888,294.0685,22.89022,0,0.999047,0,0.04364637;
custom,sphere,default,1,1,1,0,1,1,1,1.0,1.0,110.8064,260.9325,-47.65519,0,0.9989495,0,0.04582584;
custom,sphere,default,1,1,1,0,1,1,1,1.0,1.0,97.19867,290.0948,-124.9419,0,0.9995327,0,0.03056856;
custom,sphere,default,1,1,1,0,1,1,1,1.0,1.0,103.2086,281.0526,-158.1296,0,0.9995987,0,-0.02832539;
custom,sphere,default,1,1,1,0,1,1,1,1.0,1.0,110.4677,297.791,-208.4704,0,0.9995968,0,0.02839489;
custom,sphere,default,1,1,1,0,1,1,1,1.0,1.0,125.1694,299.8719,-247.1243,0,0.9992276,0,0.03929743;
custom,sphere,default,1,1,1,0,1,1,1,1.0,1.0,134.8411,276.5606,-286.2404,0,0.9988465,0,0.04801735;
custom,sphere,default,1,1,1,0,1,1,1,1.0,1.0,115.3687,257.3224,-218.1073,0,0.1283183,0,0.9917331;
custom,sphere,default,1,1,1,0,1,1,1,1.0,1.0,105.7428,248.0525,-110.0122,0,0.0479303,0,0.9988507;
custom,sphere,default,1,1,1,0,1,1,1,1.0,1.0,106.5668,261.7235,35.87904,0,0.4500535,0,0.8930016;
custom,sphere,default,1,1,1,0,1,1,1,1.0,1.0,-113.2902,283.8772,185.35,0,0.9997137,0,-0.02392962;
custom,sphere,default,1,1,1,0,1,1,1,1.0,1.0,-119.8538,260.0583,112.0377,0,0.9999413,0,-0.01084001;
custom,sphere,default,1,1,1,0,1,1,1,1.0,1.0,-85.48686,308.3539,45.93809,0,0.9999152,0,-0.0130215;
custom,sphere,default,1,1,1,0,1,1,1,1.0,1.0,-111.8146,269.3813,-38.24627,0,0.9999152,0,-0.01302043;
custom,sphere,default,1,1,1,0,1,1,1,1.0,1.0,-115.024,294.5318,-87.95116,0,0.9999413,0,-0.01083894;
custom,sphere,default,1,1,1,0,1,1,1,1.0,1.0,-114.1333,265.5936,-136.2885,0,0.9990513,0,-0.04355035;
custom,sphere,default,1,1,1,0,1,1,1,1.0,1.0,-110.6239,291.4473,-184.7381,0,0.9993934,0,-0.03482679;
custom,sphere,default,1,1,1,0,1,1,1,1.0,1.0,-113.3961,272.9842,-249.477,0,0.9999791,0,-0.006471394;
custom,sphere,default,1,1,1,0,1,1,1,1.0,1.0,-106.7681,260.0055,-307.971,0,0.9995999,0,-0.0282844;
custom,sphere,default,1,1,1,0,1,1,1,1.0,1.0,-108.3603,281.7745,-321.9408,0,0.999849,0,-0.01737595;
custom,sphere,default,1,1,1,0,1,1,1,1.0,1.0,-130.6194,265.4067,7.7816,0,0.9999418,0,-0.01079459;
custom,sphere,default,1,1,1,0,1,1,1,1.0,1.0,-113.4057,270.1949,-66.48662,0,0.9998095,0,-0.0195204;
custom,sphere,default,1,1,1,0,1,1,1,1.0,1.0,-118.0579,255.1688,-161.0828,0,0.9996011,0,-0.02824448;
custom,sphere,default,1,1,1,0,1,1,1,1.0,1.0,-120.915,278.2429,-262.8179,0,0.9998094,0,-0.01952076;
custom,sphere,default,1,1,1,0,1,1,1,1.0,1.0,-140.2116,258.5807,-305.0325,0,0.000120314,0,-1;
custom,sphere,default,1,1,1,0,1,1,1,1.0,1.0,-173.8438,262.2653,-237.5063,0,0.0001248439,0,-1;
custom,sphere,default,1,1,1,0,1,1,1,1.0,1.0,-148.9183,264.6704,-155.9775,0,0.01078229,0,0.9999419;
custom,sphere,default,1,1,1,0,1,1,1,1.0,1.0,-183.508,294.7784,-37.29541,0,0.008600742,0,0.999963;
custom,sphere,default,1,1,1,0,1,1,1,1.0,1.0,-137.0734,275.3518,49.82936,0,0.01322055,0,-0.9999126;
custom,sphere,default,1,1,1,0,1,1,1,1.0,1.0,-181.5836,273.6825,125.1762,0,0.01322055,0,-0.9999126;
custom,sphere,default,1,1,1,0,1,1,1,1.0,1.0,-125.9077,266.3013,164.6559,0,0.960087,0,-0.2797015;
custom,sphere,default,1,1,1,0,1,1,1,1.0,1.0,-114.5689,250.1386,51.25098,0,0.9999795,0,-0.006410361;
custom,sphere,default,1,1,1,0,1,1,1,1.0,1.0,-156.9409,258.4447,-61.42723,0,0.9954091,0,-0.095712;
custom,sphere,default,1,1,1,0,1,1,1,1.0,1.0,-144.9056,302.0033,-268.8786,0,0.9983838,0,0.05683156;
custom,sphere,default,1,1,1,0,1,1,1,1.0,1.0,-118.4698,322.6737,-34.87436,0,0.004528896,0,-0.9999897;
custom,sphere,default,1,1,1,0,1,1,1,1.0,1.0,-153.2899,320.8576,103.3203,0,0.1217048,0,0.9925663;
custom,sphere,default,1,1,1,0,1,1,1,1.0,1.0,141.4684,287.4883,56.37212,0,0.9998038,0,0.01980993;
custom,sphere,default,1,1,1,0,1,1,1,1.0,1.0,132.8093,259.3817,55.13307,0,0.9997582,0,0.02199111;
custom,sphere,default,1,1,1,0,1,1,1,1.0,1.0,140.6003,327.8752,-57.19182,0,0.999236,0,-0.03908287;
custom,sphere,default,1,1,1,0,1,1,1,1.0,1.0,140.0464,268.9886,-86.06123,0,0.9997659,0,-0.02163818;
custom,sphere,default,1,1,1,0,1,1,1,1.0,1.0,179.744,270.9729,-114.9243,0,0.9997659,0,-0.02163818;
custom,sphere,default,1,1,1,0,1,1,1,1.0,1.0,118.7006,273.0562,-185.1089,0,0.9999973,0,0.002358987;
custom,sphere,default,1,1,1,0,1,1,1,1.0,1.0,182.7634,254.9799,-248.4899,0,0.9999635,0,-0.008546054;
custom,sphere,default,1,1,1,0,1,1,1,1.0,1.0,142.6345,303.4364,-302.3469,0,1,0,0.0001818697;
custom,sphere,default,1,1,1,0,1,1,1,1.0,1.0,121.3673,305.53,-330.1961,0,0.02419346,0,-0.9997073;
custom,sphere,default,1,1,1,0,1,1,1,1.0,1.0,108.0293,322.4945,-185.3166,0,0.0002204498,0,-1;
custom,sphere,default,1,1,1,0,1,1,1,1.0,1.0,105.4533,272.8106,8.20909,0,0.01284627,0,0.9999175;
racing,killCuboid,9,1,58,0,345,-80,0,0,0,0;
custom,cuboid,default,18,24,1,1,0,0,0,1.0,1.0,125,350,215,0,0,0,0;
custom,cuboid,default,18,24,1,1,0,0,0,1.0,1.0,-125,350,215,0,0,0,1;
custom,cuboid,default,18,24,1,1,0,0,0,1.0,1.0,125,350,-375,0,0,0,1;
custom,cuboid,default,18,24,1,1,0,0,0,1.0,1.0,-125,350,-375,0,0,0,0;
custom,cuboid,default,1,24,60,1,0,0,0,1.0,1.0,-210,350,-80,0,0,0,0;
custom,cuboid,default,1,24,60,1,0,0,0,1.0,1.0,210,350,-80,0,0,0,0;
custom,sphere,default,1,1,1,1,1,1,1,1.0,1.0,12.52525,388.3676,167.1163,0,0.9999006,0,0.01410374;
custom,sphere,default,1,1,1,1,1,1,1,1.0,1.0,-16.37104,404.548,99.9622,0,0.9998674,0,0.01628513;
custom,sphere,default,1,1,1,1,1,1,1,1.0,1.0,22.75685,416.4221,42.8546,0,0.9999949,0,0.003197621;
custom,sphere,default,1,1,1,1,1,1,1,1.0,1.0,-9.115474,399.8323,-12.92073,0,0.9998673,0,0.01628954;
custom,sphere,default,1,1,1,1,1,1,1,1.0,1.0,28.56238,399.7879,-81.51742,0,0.9998268,0,-0.01861278;
custom,sphere,default,1,1,1,1,1,1,1,1.0,1.0,-31.44478,397.2378,-131.9133,0,0.9991883,0,0.04028311;
custom,sphere,default,1,1,1,1,1,1,1,1.0,1.0,31.34919,398.64,-210.9363,0,0.9971639,0,-0.07526062;
custom,sphere,default,1,1,1,1,1,1,1,1.0,1.0,-35.88454,395.4854,-253.2705,0,0.9968359,0,0.07948703;
custom,sphere,default,1,1,1,1,1,1,1,1.0,1.0,14.10095,401.6322,-303.7657,0,0.999827,0,-0.01860206;
custom,sphere,default,1,1,1,1,1,1,1,1.0,1.0,-93.65231,392.3028,-186.8158,0,0.003236201,0,-0.9999948;
custom,sphere,default,1,1,1,1,1,1,1,1.0,1.0,-84.65907,390.6839,-73.1997,0,0.07523124,0,0.9971661;
custom,sphere,default,1,1,1,1,1,1,1,1.0,1.0,-80.34396,391.2825,48.79877,0,0.1575464,0,0.9875116;
custom,sphere,default,1,1,1,1,1,1,1,1.0,1.0,-75.46179,386.5347,105.9725,0,0.9998999,0,0.01415261;
custom,sphere,default,1,1,1,1,1,1,1,1.0,1.0,72.17194,393.4617,133.2434,0,0.9974856,0,-0.07086892;
custom,sphere,default,1,1,1,1,1,1,1,1.0,1.0,96.14632,387.0395,38.79026,0,0.9959019,0,-0.09043971;
custom,sphere,default,1,1,1,1,1,1,1,1.0,1.0,65.10969,402.9687,-52.97947,0,0.9985706,0,-0.05344994;
custom,sphere,default,1,1,1,1,1,1,1,1.0,1.0,105.58,393.7461,-140.6402,0,0.9853665,0,-0.1704489;
custom,sphere,default,1,1,1,1,1,1,1,1.0,1.0,78.11709,401.7164,-227.0189,0,0.9788177,0,-0.2047339;
custom,sphere,default,1,1,1,1,1,1,1,1.0,1.0,109.8342,397.0473,-267.0102,0,0.7409381,0,-0.6715733;
custom,sphere,default,1,1,1,1,1,1,1,1.0,1.0,100.2621,364.9516,-137.8818,0,0.02727747,0,0.9996279;
custom,sphere,default,1,1,1,1,1,1,1,1.0,1.0,99.33388,364.0847,-42.34346,0,0.04035564,0,0.9991854;
custom,sphere,default,1,1,1,1,1,1,1,1.0,1.0,159.9338,376.3915,80.16794,0,0.2387559,0,-0.9710796;
custom,sphere,default,1,1,1,1,1,1,1,1.0,1.0,-26.50383,443.7209,114.6084,0,0.7927032,0,-0.6096078;
custom,sphere,default,1,1,1,1,1,1,1,1.0,1.0,1.458783,453.3378,-17.73091,0,0.9996859,0,-0.02506213;
custom,sphere,default,1,1,1,1,1,1,1,1.0,1.0,0.1223131,451.6599,-190.6175,0,0.999985,0,0.005483794;
custom,sphere,default,1,1,1,1,1,1,1,1.0,1.0,-93.6567,422.4964,-247.3868,0,0.02077112,0,-0.9997843;
custom,sphere,default,1,1,1,1,1,1,1,1.0,1.0,-122.746,411.7959,-122.2906,0,0.0184949,0,0.999829;
custom,sphere,default,1,1,1,1,1,1,1,1.0,1.0,-124.838,413.666,-37.33332,0,0.0250383,0,0.9996865;
custom,sphere,default,1,1,1,1,1,1,1,1.0,1.0,-107.7496,421.674,99.8356,0,0.1531515,0,0.9882028;
custom,sphere,default,1,1,1,1,1,1,1,1.0,1.0,-98.56211,341.1201,-94.82097,0,0.9918746,0,-0.127219;
custom,sphere,default,1,1,1,1,1,1,1,1.0,1.0,-137.4433,376.845,-185.808,0,0.9986892,0,-0.05118449;
custom,sphere,default,1,1,1,1,1,1,1,1.0,1.0,108.1483,361.0353,-268.7661,0,0.08382766,0,0.9964803;
custom,sphere,default,1,1,1,1,1,1,1,1.0,1.0,142.4027,333.5755,-266.3184,0,0.001013129,0,0.9999995;
custom,sphere,default,1,1,1,1,1,1,1,1.0,1.0,-95.91707,424.4512,-42.93925,0,0.09248576,0,0.995714;
custom,sphere,default,1,1,1,1,1,1,1,1.0,1.0,-103.2825,372.0412,78.30611,0,0.9243397,0,-0.3815707;
custom,sphere,default,1,1,1,1,1,1,1,1.0,1.0,-158.7201,432.0539,46.96482,0,0.9378527,0,-0.3470336;
custom,sphere,default,1,1,1,1,1,1,1,1.0,1.0,-123.6504,370.2331,-302.1984,0,0.01000927,0,-0.9999499;
custom,sphere,default,1,1,1,1,1,1,1,1.0,1.0,9.523115,447.448,112.9558,0,0.2512347,0,0.9679262;
custom,sphere,default,1,1,1,1,1,1,1,1.0,1.0,-34.11468,427.5282,28.91779,0,0.9978011,0,-0.06627947;
custom,sphere,default,1,1,1,1,1,1,1,1.0,1.0,1.500553,426.0106,-91.40736,0,0.9999939,0,0.003488848;
custom,sphere,default,1,1,1,1,1,1,1,1.0,1.0,46.85071,427.3279,-165.9166,0,0.9978014,0,-0.0662759;
custom,sphere,default,1,1,1,1,1,1,1,1.0,1.0,-52.20714,425.9144,-191.5826,0,0.9977725,0,0.06670973;
custom,sphere,default,1,1,1,1,1,1,1,1.0,1.0,9.76967,429.0781,-278.5919,0,0.9999253,0,0.01222158;
custom,sphere,default,1,1,1,1,1,1,1,1.0,1.0,-72.51951,424.9571,-319.1626,0,0.7244661,0,0.6893104;
custom,sphere,default,1,1,1,1,1,1,1,1.0,1.0,-110.348,314.6637,60.02281,0,0.9854138,0,-0.1701751;
custom,sphere,default,1,1,1,1,1,1,1,1.0,1.0,121.0582,331.6618,56.15879,0,0.9929087,0,0.1188801;
custom,sphere,default,1,1,1,1,1,1,1,1.0,1.0,109.9891,341.5026,-7.622893,0,0.9826008,0,0.18573;
custom,cuboid,default,7,13,1,1,0,0,0,1.0,1.0,0,405,215,0,0,0,0;
custom,cuboid,default,7,13,1,1,0,0,0,1.0,1.0,0,405,-375,0,0,0,0;
custom,cuboid,default,41,1,58,1,0,0,0,1.0,1.0,0,460,-80,0,0,0,0;
misc,barrier,7,0.02,14,0,231.1,235,0,0,0,0;
custom,cuboid,stone2,9,21,1,0,1,1,1,1.0,2,-100,205,410,0,1,0,1;
racing,killCuboid,0.1,30,1,-45.5,81.5,430,-0.063,0,0,0.998;
racing,killCuboid,0.1,30,1,-45,81.5,390,0.063,0,0,0.998;
custom,cuboid,stone2,5,21,1,0,1,1,1,1.0,2,-70,205,370,0,0,0,0;
custom,cuboid,stone2,5,21,1,0,1,1,1,1.0,2,-70,205,450,0,0,0,0;
custom,cuboid,stone1,9,1,25,0,1,1,1,1.0,2,20,315,410,0,1,0,1;
custom,cuboid,stone1,7,1,18,0,1,1,1,1.0,2,55,315,330,0,1,0,1;
custom,cuboid,stone1,7,1,8,0,1,1,1,1.0,1,0,315,255,0,0,0,0;
racing,killCuboid,7,1,17,-130,5,410,0,1,0,1;
racing,killCuboid,40,1,50,-415,5,390,0,0,0,0;
custom,cuboid,stone1,30,1,35,0,1,1,1,8,8,-450,105,535,0,1,0,1;
custom,cuboid,stone1,8,1,24.5,0,1,1,1,1,2,-585,105,262.5,0,0,0,0;
custom,cuboid,stone1,7,1,27,0,1,1,1,1,2,-240,105,500,0,0,0,0;
custom,cuboid,stone1,9,1,10,0,1,1,1,1,2,-155,105,410,0,1,0,1;
custom,cuboid,stone2,7,11,1,0,1,1,1,1.0,1.0,0,285,-535,0,0,0,0;
custom,cuboid,stone2,16,11,1,0,1,1,1,1.0,1.0,-40,285,-460,0,1,0,1;
custom,cuboid,stone2,12,11,1,0,1,1,1,1.0,1.0,40,285,-440,0,1,0,1;
misc,barrier,7,0.1,20,0,231.5,-430,0,0,0,0;
custom,cuboid,stone2,4,1,10,0,1,1,1,1.0,1.0,85,225,-520,0,1,0,1;
custom,cuboid,stone2,4,1,1,0,1,1,1,1.0,1.0,140,215,-520,0,1,0,1;
custom,cuboid,stone2,4,1,1,0,1,1,1,1.0,1.0,150,205,-520,0,1,0,1;
custom,cuboid,stone2,4,1,1,0,1,1,1,1.0,1.0,160,195,-520,0,1,0,1;
custom,cuboid,stone2,4,1,1,0,1,1,1,1.0,1.0,170,185,-520,0,1,0,1;
custom,cuboid,stone2,4,1,1,0,1,1,1,1.0,1.0,180,175,-520,0,1,0,1;
custom,cuboid,stone2,4,1,1,0,1,1,1,1.0,1.0,190,165,-520,0,1,0,1;
custom,cuboid,stone2,4,1,1,0,1,1,1,1.0,1.0,200,155,-520,0,1,0,1;
custom,cuboid,stone2,4,1,1,0,1,1,1,1.0,1.0,210,145,-520,0,1,0,1;
custom,cuboid,stone2,4,1,1,0,1,1,1,1.0,1.0,220,135,-520,0,1,0,1;
custom,cuboid,stone2,4,1,1,0,1,1,1,1.0,1.0,230,125,-520,0,1,0,1;
custom,cuboid,stone2,4,1,1,0,1,1,1,1.0,1.0,240,115,-520,0,1,0,1;
custom,cuboid,stone2,4,1,1,0,1,1,1,1.0,1.0,250,105,-520,0,1,0,1;
custom,cuboid,stone2,4,1,1,0,1,1,1,1.0,1.0,260,95,-520,0,1,0,1;
custom,cuboid,stone2,4,1,1,0,1,1,1,1.0,1.0,270,85,-520,0,1,0,1;
custom,cuboid,stone2,4,1,1,0,1,1,1,1.0,1.0,280,75,-520,0,1,0,1;
custom,cuboid,stone2,4,1,1,0,1,1,1,1.0,1.0,290,65,-520,0,1,0,1;
custom,cuboid,stone2,4,1,1,0,1,1,1,1.0,1.0,300,55,-520,0,1,0,1;
custom,cuboid,stone2,4,1,1,0,1,1,1,1.0,1.0,310,45,-520,0,1,0,1;
custom,cuboid,stone2,4,1,1,0,1,1,1,1.0,1.0,320,35,-520,0,1,0,1;
custom,cuboid,stone2,4,1,1,0,1,1,1,1.0,1.0,330,25,-520,0,1,0,1;
custom,cuboid,stone2,4,1,1,0,1,1,1,1.0,1.0,340,15,-520,0,1,0,1;
custom,cuboid,stone2,4,1,1,0,1,1,1,1.0,1.0,350,5,-520,0,1,0,1;
custom,cuboid,stone2,10,11,1,0,1,1,1,1.0,1.0,85,285,-535,0,0,0,0;
custom,cuboid,stone2,9,12,1,0,1,1,1,1.0,1.0,90,280,-495,0,0,0,0;
custom,cuboid,stone2,22,34,1,0,1,1,1,4,4,245,170,-495,0,0,0,0;
custom,cuboid,stone2,22,34,1,0,1,1,1,4,4,245,170,-535,0,0,0,0;
custom,cuboid,stone2,3,32,1,0,1,1,1,1,8,250,171,-515,-0.2712507,0.6530108,0.2712507,0.6530108;
custom,cuboid,stone2,3,1,10,0,1,1,1,1,2,85.16299,283.2846,-514.8972,0,0.7075002,0,0.7067131;
custom,cuboid,stone2,3,11,1,0,1,1,1,1,2,20,285,-440,0,0,0,0;
custom,cuboid,stone2,3,11,1,0,1,1,1,1,2,-20,285,-440,0,0,0,0;
racing,killCuboid,2,4,1,-1.98561,320.5454,-440.0327,0,0.9999463,0,-0.01036725;
custom,cuboid,stone2,3,5.5,1,0,1,1,1,1,2,40,315.5,-515,0,1,0,1;
racing,killCuboid,7,11,0.1,-0,285,-529.5,0,0,0,0;
racing,killCuboid,3,11,0.1,20,285,-434.5,0,0,0,0;
racing,killCuboid,3,11,0.1,-20,285,-434.5,0,0,0,0;
racing,killCuboid,2,1,1,-0.8009452,285.689,-440.9288,0,0.9999666,0,-0.008182837;
custom,cuboid,stone2,1,6,10,0,1,1,1,1.0,1.0,405,30,-495,0,1,0,1;
custom,cuboid,stone2,1,6,10,0,1,1,1,1.0,1.0,405,30,-535,0,1,0,1;
custom,cuboid,stone2,1,6,60,0,1,1,1,8,1,325,30,-625,0,1,0,1;
custom,cuboid,stone1,9,1,16,0,1,1,1,2,1.0,0,345,-460,0,0,0,0;
custom,cuboid,stone1,5,1,31,0,1,1,1,2,1.0,200,345,-515,0,1,0,1;
custom,cuboid,stone2,3,21,1,0,1,1,1,1,8,140,105,-515,0,1,0,1;
custom,cuboid,stone2,4,6,1,0,1,1,1,1.0,1.0,475,30,-535,0,0,0,0;
custom,cuboid,stone2,7,6,1,0,1,1,1,1.0,1.0,490,30,-495,0,1,0,1;
custom,cuboid,stone2,8,6,1,0,1,1,1,1.0,1.0,70,30,-580,0,1,0,1;
custom,cuboid,stone2,1,6,42,0,1,1,1,4,1.0,285,30,-455,0,0.7071068,0,0.7071068;
custom,arc180,stone2,10,12,10,0,1,1,1,2,4,300,28.7,-348,0,0,0,0;
custom,arc180,stone2,-10,12,-10,0,1,1,1,2,4,400,28.7,-171.8,0,0,0,0;
custom,arc180,stone2,10,12,10,0,1,1,1,2,4,300,28.7,12,0,0,0,1;
custom,arc180,stone2,-20,12,20,0,1,1,1,2,4,450,30,-170,0,0,0,0;
custom,arc180,stone2,2,12,2,0,1,1,1,1,1,340,30,-353.5,0,0,0,0;
custom,arc180,stone2,2,12,2,0,1,1,1,1,1,340,30,6.5,0,0,0,1;
custom,cuboid,stone2,2,6,15,0,1,1,1,1.0,1.0,420,30,-440,0,1,0,1;
custom,cuboid,stone2,1,6,30,0,1,1,1,1.0,1.0,500,30,-368.8,0,1,0,1;
custom,cuboid,stone2,1,6,25,0,1,1,1,1.0,1.0,620,30,-495,0,0,0,0;
custom,cuboid,stone2,1,6,30,0,1,1,1,1.0,1.0,500,30,21.1,0,1,0,1;
racing,killArc180,-10.1,12,-10.1,400,28.7,-171.8,0,0,0,0;
racing,killArc180,9.9,12,9.9,300,28.7,12,0,0,0,1;
racing,killArc180,-19.9,12,19.9,450,30,-170,0,0,0,0;
racing,killArc180,2.1,12,2.1,340,30,-353.5,0,0,0,0;
racing,killArc180,2.1,12,2.1,340,30,6.5,0,0,0,1;
racing,killArc180,9.9,12,9.9,300,28.7,-348,0,0,0,0;
custom,cylinder,stone2,1,3,1,0,1,1,1,1.0,1.0,455,30,-495,0,1,0,1;
racing,killCuboid,0.1,6,13,420,30,-529.5,0,1,0,1;
racing,killCuboid,1.2,6,10,405,30,-495,0,1,0,1;
racing,killCuboid,0.1,6,7,484.5,30,-495,0,0,0,0;
racing,killCuboid,0.1,6,41,280,30,-460.5,0,1,0,1;
racing,killCuboid,0.1,6,22,245,30,-489.5,0,1,0,1;
racing,killCylinder,1.2,3,1.2,455,30,-495,0,1,0,1;
custom,prism,stone2,2,1,3,0,1,1,1,1.0,1.0,250,12.5,-550,0.5,0.5,-0.5,0.5;
custom,prism,stone2,2,1,3,0,1,1,1,1.0,1.0,250,12.5,-610,0.5,0.5,-0.5,0.5;
custom,prism,stone2,2,1,3,0,1,1,1,1.0,1.0,250,12.5,-580,0.5,0.5,-0.5,0.5;
custom,prism,stone2,2,1,-3,0,1,1,1,1.0,1.0,250,48,-565,0.5,0.5,-0.5,0.5;
custom,prism,stone2,2,1,-3,0,1,1,1,1.0,1.0,250,48,-595,0.5,0.5,-0.5,0.5;
racing,killPrism,2.1,1.1,3.1,250,12.5,-550,0.5,0.5,-0.5,0.5;
racing,killPrism,2.1,1.1,3.1,250,12.5,-610,0.5,0.5,-0.5,0.5;
racing,killPrism,2.1,1.1,3.1,250,12.5,-580,0.5,0.5,-0.5,0.5;
racing,killPrism,2.1,1.1,-3.1,250,48,-565,0.5,0.5,-0.5,0.5;
racing,killPrism,2.1,1.1,-3.1,250,48,-595,0.5,0.5,-0.5,0.5;
custom,cuboid,stone2,2,6,1,0,1,1,1,1.0,1.0,505,30,-535,0,0,0,0;
custom,cuboid,stone2,2,6,1,0,1,1,1,1.0,1.0,505,30,-435,0,0,0,0;
custom,cuboid,stone2,2,6,1,0,1,1,1,1.0,1.0,605,30,-535,0,0,0,0;
custom,cuboid,stone2,2,6,1,0,1,1,1,1.0,1.0,605,30,-435,0,0,0,0;
custom,cylinder,stone2,2,3,2,0,1,1,1,1.0,1.0,515,30,-530,0,0,0,0;
custom,cylinder,stone2,2,3,2,0,1,1,1,1.0,1.0,515,30,-440,0,0,0,0;
custom,cylinder,stone2,2,3,2,0,1,1,1,1.0,1.0,595,30,-530,0,0,0,0;
custom,cylinder,stone2,2,3,2,0,1,1,1,1.0,1.0,595,30,-440,0,0,0,0;
custom,cuboid,stone2,1,6,9,0,1,1,1,1.0,1.0,520,30,-485,0,0,0,0;
custom,cuboid,stone2,1,6,9,0,1,1,1,1.0,1.0,590,30,-485,0,0,0,0;
custom,cuboid,stone7,6,2,9,0,1,1,1,1.0,2,555,10,-485,0,0,0,0;
custom,cuboid,stone2,6,2,0.1,0,1,1,1,1.0,1,555,10,-530.5,0,0,0,0;
custom,cuboid,stone2,6,2,0.1,0,1,1,1,1.0,1,555,10,-439.5,0,0,0,0;
custom,prism,stone2,2,1,-3,0,1,1,1,1.0,1.0,350,48,-550,0.5,0.5,-0.5,0.5;
custom,prism,stone2,2,1,-3,0,1,1,1,1.0,1.0,350,48,-610,0.5,0.5,-0.5,0.5;
custom,prism,stone2,2,1,-3,0,1,1,1,1.0,1.0,350,48,-580,0.5,0.5,-0.5,0.5;
custom,prism,stone2,2,1,3,0,1,1,1,1.0,1.0,350,12.5,-565,0.5,0.5,-0.5,0.5;
custom,prism,stone2,2,1,3,0,1,1,1,1.0,1.0,350,12.5,-595,0.5,0.5,-0.5,0.5;
racing,killPrism,2.1,1.1,-3.1,350,48,-550,0.5,0.5,-0.5,0.5;
racing,killPrism,2.1,1.1,-3.1,350,48,-610,0.5,0.5,-0.5,0.5;
racing,killPrism,2.1,1.1,-3.1,350,48,-580,0.5,0.5,-0.5,0.5;
racing,killPrism,2.1,1.1,3.1,350,12.5,-565,0.5,0.5,-0.5,0.5;
racing,killPrism,2.1,1.1,3.1,350,12.5,-595,0.5,0.5,-0.5,0.5;
racing,killCuboid,16,6,0.1,75.5,30,-540,0,1,0,1;
racing,killCuboid,59,6,0.1,320,30,-619.5,0,0,0,0;
racing,killCuboid,38,6,0.1,325,30,-540.5,0,0,0,0;
racing,killCuboid,8,6,0.1,614.5,30,-580,0,1,0,1;
racing,killCuboid,2,6,0.1,605,30,-540.5,0,0,0,0;
racing,killCuboid,2,6,0.1,605,30,-429.5,0,0,0,0;
racing,killCuboid,6,6,0.1,614.5,30,-400,0,1,0,1;
racing,killCuboid,27,6,0.1,485,30,-374.5,0,0,0,0;
racing,killCuboid,0.1,6,17,430,30,-430,0,1,0,1;
racing,killCuboid,5,6,0.1,134.5,30,-515,0,1,0,1;
custom,sphere,default,1,1,1,0,1,1,1,1.0,1.0,105,35,-515,0,0,0,0;
racing,killSphere,1.1,1.1,1.1,105,35,-515,0,0,0,0;
custom,cuboid,stone1,9,1,60,0,1,1,1,1.0,8,325,65,-585,0,1,0,1;
racing,killCuboid,9,1.1,60,325,65,-585,0,1,0,1;
custom,cuboid,stone1,5,1,14,0,1,1,1,1.0,2,428,65,-515,0,1,0,1;
racing,killCuboid,5,1.1,14,428,65,-515,0,1,0,1;
custom,cuboid,stone1,6,1,5,0,1,1,1,1.0,1.0,105,65,-515,0,0,0,0;
racing,killCuboid,6,1.1,5,105,65,-515,0,0,0,0;
custom,cuboid,stone1,42,1,4,0,1,1,1,8,1,285,65,-470,0,0,0,0;
racing,killCuboid,42,1.1,4,285,65,-470,0,0,0,0;
custom,cuboid,stone1,10,1,9,0,1,1,1,1,1,560,65,-495,0,0,0,0;
racing,checkpointCuboid,6,4,1,555,40,-485,0,0,0,0;
custom,cuboid,stone2,2,2,20,0,1,1,1,4,1,450,10,100,0,1,0,1;
custom,cuboid,stone2,2,2,20,0,1,1,1,4,1,450,50,100,0,1,0,1;
racing,killCuboid,2,2,20,450,30,100,0,1,0,1;
custom,cuboid,stone2,14,6,1,0,1,1,1,4,1,610,30,95,0,1,0,1;
custom,cuboid,stone2,2,2,36,0,1,1,1,4,1,435,10,175,0,1,0,1;
custom,cuboid,stone2,2,2,36,0,1,1,1,4,1,435,50,175,0,1,0,1;
racing,killCuboid,2,2,36,435,30,175,0,1,0,1;
racing,killCuboid,1,6,18,260,30,105,0,1,0,1;
custom,arc180,default,9.9,12,9.9,1,0,0,0,4,1,287.1449,28.39999,20.20171,0,0.06730717,0,0.9977323;
custom,cuboid,default,10,6,0.1,1,0,0,0,4,1,175.5,30,59.5,0,1,0,1;
custom,cuboid,default,7,6,1,1,0,0,0,4,1,210,30,30,0,0,0,0;
custom,cuboid,default,7,2,8,1,0,0,0,4,1,203.1985,10,69.5979,0,0,0,1;
custom,prism,default,12,2,-10,1,0,0,0,4,1,242.7801,10.21587,69.19277,0,0.9999994,0,-0.001093074;
custom,prism,default,5,2,-3,1,0,0,0,4,1,310.3291,0.8000041,96.76151,0,1,0,-4.867193E-07;
custom,sphere,default,1,1,1,0,1,1,1,4,1,239.9372,34.114,87.16909,0,0.9954904,0,0.09486285;
custom,sphere,default,1,1,1,0,1,1,1,4,1,235.1231,47.92552,44.48185,0,0.9792441,0,0.2026846;
custom,sphere,default,1,1,1,0,1,1,1,4,1,214.3988,47.36346,76.94833,0,0.804434,0,0.5940421;
custom,sphere,default,1,1,1,0,1,1,1,4,1,186.5648,33.69902,76.52905,0,0.03368263,0,0.9994326;
custom,sphere,default,1,1,1,0,1,1,1,4,1,259.3153,44.64061,81.82719,0,0.9999844,0,0.005594181;
custom,sphere,default,1,1,1,0,1,1,1,4,1,200.7794,32.37329,40.33706,0,0.7364342,0,0.6765092;
custom,sphere,default,1,1,1,0,1,1,1,4,1,188.3741,48.67803,79.41247,0,0.9769571,0,0.2134359;
custom,cuboid,stone2,2,2,4,0,1,1,1,4,1,265,10,205,0,0,0,0;
custom,cuboid,stone2,2,2,4,0,1,1,1,4,1,265,50,205,0,0,0,0;
racing,killCuboid,2,2,4,265,30,205,0,0,0,0;
custom,cuboid,stone2,2,2,18,0,1,1,1,4,1,185,30,235,0,1,0,1;
racing,killCuboid,2,2,18,185,10,235,0,1,0,1;
racing,killCuboid,2,2,18,185,50,235,0,1,0,1;
racing,killCuboid,2,2,6,105,10,275,0,0,0,0;
racing,killCuboid,2,2,6,105,50,275,0,0,0,0;
custom,cuboid,stone2,2,2,6,0,1,1,1,4,1,105,30,275,0,0,0,0;
racing,killCuboid,2,2,40,315,10,295,0,1,0,1;
racing,killCuboid,2,2,40,315,50,295,0,1,0,1;
custom,cuboid,stone2,2,2,40,0,1,1,1,4,1,315,30,295,0,1,0,1;
racing,killCuboid,2,2,40,235,10,370,0,1,0,1;
racing,killCuboid,2,2,40,235,50,370,0,1,0,1;
custom,cuboid,stone2,2,2,40,0,1,1,1,8,1.0,235,30,370,0,1,0,1;
custom,cuboid,stone2,2,2,10,0,1,1,1,8,1.0,445,10,410,0,0,0,1;
custom,cuboid,stone2,2,2,10,0,1,1,1,8,1.0,445,50,410,0,0,0,0;
racing,killCuboid,2,2,10,445,30,410,0,0,0,0;
custom,cuboid,stone2,2,2,17.5,0,1,1,1,8,1.0,525,10,372.5,0,0,0,0;
custom,cuboid,stone2,2,2,17.5,0,1,1,1,8,1.0,525,50,372.5,0,0,0,0;
racing,killCuboid,2,2,17.5,525,30,372.5,0,0,0,0;
custom,cuboid,default,10,1.1,40,1,0,0,0,1.0,1.0,475,5,235,0,1,0,1;
custom,cuboid,default,4,1.1,16,1,0,0,0,1.0,1.0,195,5,265,0,1,0,1;
custom,cuboid,default,1,6,42,1,0,0,0,1.0,1.0,245,30,465,0,1,0,1;
custom,cuboid,default,8,1.1,40,1,0,0,0,1.0,1.0,235,5,420,0,1,0,1;
custom,cuboid,default,14,1.1,18,1,0,0,0,1.0,1.0,605,5,370,0,0,0,0;
custom,cuboid,default,5,1.1,10,1,0,0,0,1.0,1.0,640,5,135,0,0,0,0;
custom,cuboid,default,1,6,16,1,0,0,0,1.0,1.0,595,30,465,0,1,0,1;
custom,cuboid,default,1,6,50,1,0,0,0,1.0,1.0,650,30,210,0,0,0,1;
custom,sphere,default,1,1,1,0,1,1,1,1.0,1.0,159.05,24.38083,266.4868,0,0.7150617,0,0.6990613;
custom,sphere,default,1,1,1,0,1,1,1,1.0,1.0,215.5026,35.41797,261.9841,0,0.7150603,0,0.6990628;
custom,sphere,default,1,1,1,0,1,1,1,1.0,1.0,269.1832,16.44175,261.6291,0,0.713533,0,0.7006216;
custom,sphere,default,1,1,1,0,1,1,1,1.0,1.0,325.7282,23.94221,214.5576,0,0.6870491,0,0.726611;
custom,sphere,default,1,1,1,0,1,1,1,1.0,1.0,349.1065,17.81921,248.1916,0,0.708918,0,0.705291;
custom,sphere,default,1,1,1,0,1,1,1,1.0,1.0,418.9197,36.76515,226.1341,0,0.6964999,0,0.7175568;
custom,sphere,default,1,1,1,0,1,1,1,1.0,1.0,463.9058,37.56577,246.2159,0,0.7256364,0,0.6880785;
custom,sphere,default,1,1,1,0,1,1,1,1.0,1.0,424.9097,40.82551,250.9483,0,0.7211046,0,0.6928263;
custom,sphere,default,1,1,1,0,1,1,1,1.0,1.0,470.7279,21.59883,221.4576,0,0.685431,0,0.7281376;
custom,sphere,default,1,1,1,0,1,1,1,1.0,1.0,535.6436,30.51038,246.6999,0,0.7375066,0,0.6753401;
custom,sphere,default,1,1,1,0,1,1,1,1.0,1.0,597.9291,39.61856,218.2265,0,0.6677595,0,0.7443771;
custom,sphere,default,1,1,1,0,1,1,1,1.0,1.0,572.9552,23.64213,398.1778,0,0.999128,0,-0.04175288;
custom,sphere,default,1,1,1,0,1,1,1,1.0,1.0,611.7367,18.70852,396.3315,0,0.999128,0,-0.04175312;
custom,sphere,default,1,1,1,0,1,1,1,1.0,1.0,624.5367,25.64579,344.2769,0,0.9992167,0,-0.03957327;
custom,sphere,default,1,1,1,0,1,1,1,1.0,1.0,586.4881,27.166,320.6819,0,0.999801,0,-0.01994816;
custom,sphere,default,1,1,1,0,1,1,1,1.0,1.0,625.9525,39.5969,274.2878,0,0.9992167,0,-0.03957423;
custom,sphere,default,1,1,1,0,1,1,1,1.0,1.0,588.0474,29.16669,283.3555,0,0.5021492,0,0.8647811;
custom,sphere,default,1,1,1,0,1,1,1,1.0,1.0,601.8939,49.16424,380.0734,0,0.009023328,0,0.9999593;
custom,sphere,default,1,1,1,0,1,1,1,1.0,1.0,618.2304,31.90718,414.4665,0,0.9998876,0,0.01499127;
custom,sphere,default,1,1,1,0,1,1,1,1.0,1.0,574.7727,40.9111,344.0891,0,0.9999595,0,-0.009006781;
custom,sphere,default,1,1,1,0,1,1,1,1.0,1.0,633.3326,30.38529,185.5623,0,0.9999982,0,0.00190933;
custom,sphere,default,1,1,1,0,1,1,1,1.0,1.0,410.0352,15.75356,232.4431,0,0.7010931,0,0.7130698;
custom,sphere,default,1,1,1,0,1,1,1,1.0,1.0,568.8221,42.03976,229.2953,0,0.6020166,0,0.7984836;
custom,sphere,default,1,1,1,0,1,1,1,1.0,1.0,76.61248,22.61999,441.8089,0,0.7209914,0,0.6929441;
custom,sphere,default,1,1,1,0,1,1,1,1.0,1.0,160.2096,22.20911,418.3246,0,0.7087878,0,0.7054217;
custom,sphere,default,1,1,1,0,1,1,1,1.0,1.0,239.016,18.2358,444.8859,0,0.7164397,0,0.6976491;
custom,sphere,default,1,1,1,0,1,1,1,1.0,1.0,327.0961,21.10275,417.938,0,0.7041543,0,0.710047;
custom,sphere,default,1,1,1,0,1,1,1,1.0,1.0,372.5688,27.55587,440.4235,0,0.7240055,0,0.6897942;
custom,sphere,default,1,1,1,0,1,1,1,1.0,1.0,405.4401,31.71242,402.4692,0,0.8339918,0,0.551777;
custom,sphere,default,1,1,1,0,1,1,1,1.0,1.0,63.33173,43.92102,441.79,0,0.708767,0,0.7054427;
custom,sphere,default,1,1,1,0,1,1,1,1.0,1.0,161.9729,47.54234,440.3973,0,0.7284858,0,0.685061;
custom,sphere,default,1,1,1,0,1,1,1,1.0,1.0,314.2025,41.19511,443.2731,0,0.7164186,0,0.6976708;
custom,sphere,default,1,1,1,0,1,1,1,1.0,1.0,262.1195,47.3091,418.3618,0,0.7102839,0,0.7039154;
custom,sphere,default,1,1,1,0,1,1,1,1.0,1.0,605.4733,35.32118,445.4743,0,0.6528414,0,0.7574946;
custom,cuboid,stone1,46,1,62,0,1,1,1,8,8,405,65,-140,0,0,0,0;
racing,killCuboid,46,1.1,62,405,65,-140,0,0,0,0;
racing,killCuboid,46,1,62,405,5,-140,0,0,0,0;
custom,cuboid,stone1,30,1,60,0,1,1,1,8,8,335,65,320,0,1,0,1;
racing,killCuboid,30,1.1,60,335,65,320,0,1,0,1;
racing,killCuboid,30,1,60,335,5,320,0,1,0,1;
custom,cuboid,stone2,0.5,0.5,6,0,1,1,1,4,2,485,2.5,472.5,0,1,0,1;
custom,cuboid,stone2,0.5,0.5,6,0,1,1,1,4,2,485,7.5,477.5,0,1,0,1;
custom,cuboid,stone2,0.5,0.5,6,0,1,1,1,4,2,485,12.5,482.5,0,1,0,1;
custom,cuboid,stone2,0.5,0.5,6,0,1,1,1,4,2,485,17.5,487.5,0,1,0,1;
custom,cuboid,stone2,0.5,0.5,6,0,1,1,1,4,2,485,22.5,492.5,0,1,0,1;
custom,cuboid,stone2,0.5,0.5,6,0,1,1,1,4,2,485,27.5,497.5,0,1,0,1;
custom,cuboid,stone2,0.5,0.5,6,0,1,1,1,4,2,485,32.5,502.5,0,1,0,1;
custom,cuboid,stone7,6,0.5,18,0,1,1,1,1,2,425,32.5,535,0,1,0,1;
custom,cuboid,stone7,20,1,96,0,1,1,1,2,10,365,75,-10,0,0,0,0;
racing,killCuboid,20,1,96,365,85,-10,0,0,0,0;
custom,cuboid,wood3,1,10,20,0,1,1,1,2,1.0,365,130,-485,0,1,0,1;
custom,cuboid,wood3,2,10,1,0,1,1,1,0.1,1.0,455,130,-410,0,0,0,0;
custom,cuboid,wood3,2,10,1,0,1,1,1,0.1,1.0,425,130,-410,0,0,0,0;
custom,cuboid,wood3,2,10,1,0,1,1,1,0.1,1.0,395,130,-410,0,0,0,0;
custom,cuboid,wood3,2,10,1,0,1,1,1,0.1,1.0,365,130,-410,0,0,0,0;
custom,cuboid,wood3,2,10,1,0,1,1,1,0.1,1.0,335,130,-410,0,0,0,0;
custom,cuboid,wood3,2,10,1,0,1,1,1,0.1,1.0,305,130,-410,0,0,0,0;
custom,cuboid,wood3,2,10,1,0,1,1,1,0.1,1.0,275,130,-410,0,0,0,0;
custom,cuboid,wood3,1,6,1,0,1,1,1,0.1,1.0,440,110,-410,0,0,0,0;
custom,cuboid,wood3,1,6,1,0,1,1,1,0.1,1.0,410,110,-410,0,0,0,0;
custom,cuboid,wood3,1,6,1,0,1,1,1,0.1,1.0,380,110,-410,0,0,0,0;
custom,cuboid,wood3,1,6,1,0,1,1,1,0.1,1.0,350,110,-410,0,0,0,0;
custom,cuboid,wood3,1,6,1,0,1,1,1,0.1,1.0,320,110,-410,0,0,0,0;
custom,cuboid,wood3,1,6,1,0,1,1,1,0.1,1.0,290,110,-410,0,0,0,0;
custom,cuboid,wood3,1,2,1,0,1,1,1,0.1,0.5,440,170,-410,0,0,0,0;
custom,cuboid,wood3,1,2,1,0,1,1,1,0.1,0.5,410,170,-410,0,0,0,0;
custom,cuboid,wood3,1,2,1,0,1,1,1,0.1,0.5,380,170,-410,0,0,0,0;
custom,cuboid,wood3,1,2,1,0,1,1,1,0.1,0.5,350,170,-410,0,0,0,0;
custom,cuboid,wood3,1,2,1,0,1,1,1,0.1,0.5,320,170,-410,0,0,0,0;
custom,cuboid,wood3,1,2,1,0,1,1,1,0.1,0.5,290,170,-410,0,0,0,0;
custom,cuboid,stone2,2,10,1,0,1,1,1,0.1,1.0,455,130,-400,0,0,0,0;
custom,cuboid,stone2,2,10,1,0,1,1,1,0.1,1.0,425,130,-400,0,0,0,0;
custom,cuboid,stone2,2,10,1,0,1,1,1,0.1,1.0,395,130,-400,0,0,0,0;
custom,cuboid,stone2,2,10,1,0,1,1,1,0.1,1.0,365,130,-400,0,0,0,0;
custom,cuboid,stone2,2,10,1,0,1,1,1,0.1,1.0,335,130,-400,0,0,0,0;
custom,cuboid,stone2,2,10,1,0,1,1,1,0.1,1.0,305,130,-400,0,0,0,0;
custom,cuboid,stone2,2,10,1,0,1,1,1,0.1,1.0,275,130,-400,0,0,0,0;
custom,cuboid,stone2,1,6,1,0,1,1,1,0.1,1.0,440,110,-400,0,0,0,0;
custom,cuboid,stone2,1,6,1,0,1,1,1,0.1,1.0,410,110,-400,0,0,0,0;
custom,cuboid,stone2,1,6,1,0,1,1,1,0.1,1.0,380,110,-400,0,0,0,0;
custom,cuboid,stone2,1,6,1,0,1,1,1,0.1,1.0,350,110,-400,0,0,0,0;
custom,cuboid,stone2,1,6,1,0,1,1,1,0.1,1.0,320,110,-400,0,0,0,0;
custom,cuboid,stone2,1,6,1,0,1,1,1,0.1,1.0,290,110,-400,0,0,0,0;
custom,cuboid,stone2,1,2,1,0,1,1,1,0.1,0.5,440,170,-400,0,0,0,0;
custom,cuboid,stone2,1,2,1,0,1,1,1,0.1,0.5,410,170,-400,0,0,0,0;
custom,cuboid,stone2,1,2,1,0,1,1,1,0.1,0.5,380,170,-400,0,0,0,0;
custom,cuboid,stone2,1,2,1,0,1,1,1,0.1,0.5,350,170,-400,0,0,0,0;
custom,cuboid,stone2,1,2,1,0,1,1,1,0.1,0.5,320,170,-400,0,0,0,0;
custom,cuboid,stone2,1,2,1,0,1,1,1,0.1,0.5,290,170,-400,0,0,0,0;
misc,barrier,2,10,0.1,455,130,-394.5,0,0,0,0;
misc,barrier,2,10,0.1,425,130,-394.5,0,0,0,0;
misc,barrier,2,10,0.1,395,130,-394.5,0,0,0,0;
misc,barrier,2,10,0.1,365,130,-394.5,0,0,0,0;
misc,barrier,2,10,0.1,335,130,-394.5,0,0,0,0;
misc,barrier,2,10,0.1,305,130,-394.5,0,0,0,0;
misc,barrier,2,10,0.1,275,130,-394.5,0,0,0,0;
misc,barrier,1,6,0.1,440,110,-394.5,0,0,0,0;
misc,barrier,1,6,0.1,410,110,-394.5,0,0,0,0;
misc,barrier,1,6,0.1,380,110,-394.5,0,0,0,0;
misc,barrier,1,6,0.1,350,110,-394.5,0,0,0,0;
misc,barrier,1,6,0.1,320,110,-394.5,0,0,0,0;
misc,barrier,1,6,0.1,290,110,-394.5,0,0,0,0;
misc,barrier,1,2,0.1,440,170,-394.5,0,0,0,0;
misc,barrier,1,2,0.1,410,170,-394.5,0,0,0,0;
misc,barrier,1,2,0.1,380,170,-394.5,0,0,0,0;
misc,barrier,1,2,0.1,350,170,-394.5,0,0,0,0;
misc,barrier,1,2,0.1,320,170,-394.5,0,0,0,0;
misc,barrier,1,2,0.1,290,170,-394.5,0,0,0,0;
misc,barrier,20,10,0.1,365,130,-479.5,0,0,0,0;
custom,cuboid,stone2,1,10,86.5,0,1,1,1,8,2,470,130,37.5,0,0,0,0;
custom,cuboid,stone2,1,10,86.5,0,1,1,1,8,2,260,130,37.5,0,0,0,0;
custom,cuboid,wood1,7,5,20,0,1,1,1,1,2,365,105,-450,0,1,0,1;
custom,cuboid,stone2,1,0.5,6,0,1,1,1,0.2,1.5,365,87.5,475,0,1,0,1;
custom,cuboid,stone2,1,0.5,6,0,1,1,1,0.2,1.5,365,82.5,485,0,1,0,1;
custom,cuboid,stone2,1,0.5,6,0,1,1,1,0.2,1.5,365,77.5,495,0,1,0,1;
custom,cuboid,stone2,1,0.5,6,0,1,1,1,0.2,1.5,365,72.5,505,0,1,0,1;
custom,cuboid,stone2,1,0.5,6,0,1,1,1,0.2,1.5,365,67.5,515,0,1,0,1;
custom,cuboid,stone2,1,0.5,6,0,1,1,1,0.2,1.5,365,62.5,525,0,1,0,1;
custom,cuboid,stone2,1,0.5,6,0,1,1,1,0.2,1.5,365,57.5,535,0,1,0,1;
custom,cuboid,stone2,1,0.5,6,0,1,1,1,0.2,1.5,365,52.5,545,0,1,0,1;
custom,cuboid,stone2,1,0.5,6,0,1,1,1,0.2,1.5,365,47.5,555,0,1,0,1;
custom,cuboid,stone2,1,0.5,6,0,1,1,1,0.2,1.5,365,42.5,565,0,1,0,1;
custom,cuboid,stone2,1,0.5,6,0,1,1,1,0.2,1.5,365,37.5,575,0,1,0,1;
custom,cuboid,stone7,8,0.5,18,0,1,1,1,1,2,425,32.5,605,0,1,0,1;
custom,cuboid,stone2,11,18,1,0,1,1,1,2,4,450,90,525,0,1,0,1;
custom,cuboid,stone2,11,18,1,0,1,1,1,2,4,400,90,525,0,1,0,1;
custom,cuboid,stone2,17.5,18,1,0,1,1,1,2,4,520,90,557.5,0,1,0,1;
custom,cuboid,stone2,17.5,18,1,0,1,1,1,2,4,330,90,557.5,0,1,0,1;
custom,cuboid,stone2,6,18,1,0,1,1,1,1,4,425,90,585,0,0,0,0;
racing,killCuboid,1,18,20,425,90,650,0,1,0,1;
misc,barrier,1,18,20,425,90,660,0,1,0,1;
custom,cuboid,stone2,1,18,40,1,0,0,0,1,1,520,90,845,0,0,0,0;
custom,cuboid,stone2,1,18,40,1,0,0,0,1,1,330,90,845,0,0,0,0;
custom,cuboid,stone2,20,1,40,1,0,0,0,1,1,425,5,845,0,0,0,0;
custom,cuboid,stone2,20,1,40,1,0,0,0,1,1,425,185,845,0,0,0,0;
custom,sphere,default,1,1,1,0,1,1,1,1,1,358.1379,108.3717,777.6382,0,0.009417529,0,0.9999557;
custom,sphere,default,1,1,1,0,1,1,1,1,1,358.3137,73.01077,776.9011,0,0.01378055,0,0.999905;
custom,sphere,default,1,1,1,0,1,1,1,1,1,459.4988,72.81787,796.2232,0,0.01378055,0,0.999905;
custom,sphere,default,1,1,1,0,1,1,1,1,1,401.2182,73.92059,847.7227,0,0.0124057,0,-0.9999231;
custom,sphere,default,1,1,1,0,1,1,1,1,1,369.7097,40.77977,857.9768,0,0.02031657,0,0.9997936;
custom,sphere,default,1,1,1,0,1,1,1,1,1,471.3044,43.1497,890.933,0,0.007223888,0,0.9999739;
custom,sphere,default,1,1,1,0,1,1,1,1,1,443.3603,80.86325,922.4555,0,0.01460301,0,-0.9998934;
custom,sphere,default,1,1,1,0,1,1,1,1,1,384.6277,80.51007,943.9872,0,0.01156745,0,0.9999331;
custom,sphere,default,1,1,1,0,1,1,1,1,1,483.8989,75.91151,1007.782,0,0.09301943,0,-0.9956643;
custom,sphere,default,1,1,1,0,1,1,1,1,1,406.3234,37.41249,1013.856,0,0.1298824,0,-0.9915294;
custom,sphere,default,1,1,1,0,1,1,1,1,1,422.5653,116.85,775.5637,0,0.004991143,0,0.9999875;
custom,sphere,default,1,1,1,0,1,1,1,1,1,468.1677,132.9079,862.7138,0,0.004991143,0,0.9999875;
custom,sphere,default,1,1,1,0,1,1,1,1,1,378.9452,138.3239,887.0941,0,0.008106533,0,-0.9999672;
custom,sphere,default,1,1,1,0,1,1,1,1,1,410.7067,118.3854,909.0872,0,0.05948844,0,0.998229;
custom,sphere,default,1,1,1,0,1,1,1,1,1,445.2368,115.8769,974.6679,0,0.04954589,0,-0.9987718;
custom,sphere,default,1,1,1,0,1,1,1,1,1,491.7791,54.42449,730.5756,0,0.04741598,0,-0.9988753;
custom,sphere,default,1,1,1,0,1,1,1,1,1,424.797,29.4234,761.5093,0,0.02344695,0,-0.9997251;
custom,sphere,default,1,1,1,0,1,1,1,1,1,380.536,67.02694,725.2928,0,0.01692301,0,-0.9998568;
custom,sphere,default,1,1,1,0,1,1,1,1,1,392.7085,101.2862,692.9819,0,0.01256734,0,-0.999921;
custom,sphere,default,1,1,1,0,1,1,1,1,1,489.1474,98.07898,704.8238,0,0.008222639,0,-0.9999662;
custom,sphere,default,1,1,1,0,1,1,1,1,1,461.377,50.32117,722.1107,0,0.07579266,0,-0.9971236;
custom,sphere,default,1,1,1,0,1,1,1,1,1,453.4955,155.3528,775.4208,0,0.06058595,0,-0.998163;
custom,sphere,default,1,1,1,0,1,1,1,1,1,360.2818,144.8097,698.3085,0,0.002632803,0,0.9999965;
custom,sphere,default,1,1,1,0,1,1,1,1,1,479.7196,151.5717,940.2745,0,0.04624933,0,0.9989299;
custom,sphere,default,1,1,1,0,1,1,1,1,1,381.4421,147.6766,948.8572,0,0.001745374,0,-0.9999985;
custom,sphere,default,1,1,1,0,1,1,1,1,1,458.2615,96.91349,740.8847,0,0.04756363,0,-0.9988682;
custom,sphere,default,1,1,1,0,1,1,1,1,1,352.9797,44.75289,713.9862,0,0.01344681,0,0.9999096;
custom,sphere,default,1,1,1,0,1,1,1,1,1,370.3905,150.9601,781.076,0,0.1199912,0,0.992775;
custom,sphere,default,1,1,1,0,1,1,1,1,1,403.5443,85.13062,790.0474,0,0.03900936,0,-0.9992388;
custom,sphere,default,1,1,1,0,1,1,1,1,1,498.7018,78.69337,833.4323,0,0.0194217,0,-0.9998114;
custom,sphere,default,1,1,1,0,1,1,1,1,1,498.0176,54.92799,892.6432,0,0.01942861,0,-0.9998112;
custom,sphere,default,1,1,1,0,1,1,1,1,1,423.3518,148.3643,732.4203,0,0.006606167,0,0.9999782;
custom,sphere,default,1,1,1,0,1,1,1,1,1,427.8307,74.67857,942.9166,0,0.04146546,0,-0.99914;
custom,cuboid,default,20,18,1,1,0,0,0,1,1,425,90,1040,0,0,0,0;
custom,sphere,default,3,3,3,0,1,1,1,1,1,412.6908,114.4465,1012.089,0,0.01117674,0,-0.9999375;
custom,cuboid,stone2,6,12,1,0,1,1,1,1,2,485,120,475,0,0,0,0;
custom,cuboid,stone2,7,10,1,0,1,1,1,1,2,300,130,465,0,0,0,0;
custom,cuboid,stone2,7,10,1,0,1,1,1,1,2,430,130,465,0,0,0,0;
custom,cuboid,stone2,2,10,2,1,0.5,0.5,0.5,1,2,430,130,270,0,1,0,0.5;
custom,cuboid,stone2,2,10,2,1,0.5,0.5,0.5,1,2,300,130,270,0,0.5,0,1;
custom,cuboid,stone2,2,10,2,1,0.5,0.5,0.5,1,2,330,130,50,0,0.5,0,1;
custom,cuboid,stone2,2,10,2,1,0.5,0.5,0.5,1,2,400,130,50,0,1,0,0.5;
custom,cuboid,stone2,2,10,2,1,0.5,0.5,0.5,1,2,420,130,-150,0,1,0,0.5;
custom,cuboid,stone2,2,10,2,1,0.5,0.5,0.5,1,2,300,130,-150,0,0.5,0,1;
custom,cuboid,wood3,7,5,1,0,1,1,1,1.0,1.0,270,155,-450,0,1,0,1;
custom,cuboid,wood3,2.5,5,1,0,1,1,1,0.5,1.0,460,155,-427.5,0,1,0,1;
custom,cuboid,wood3,2.5,5,1,0,1,1,1,0.5,1.0,460,155,-467.5,0,1,0,1;
custom,cuboid,brick1,3.5,10,0.1,0,1,1,1,0.5,1.0,465.5,130,-472.5,0,1,0,1;
custom,cuboid,brick1,3.5,10,0.1,0,1,1,1,0.5,1.0,465.5,130,-422.5,0,1,0,1;
custom,cuboid,brick1,1.5,5,0.1,0,1,1,1,0.5,0.5,465.5,105,-447.5,0,1,0,1;
custom,cuboid,brick1,5.5,10,1.1,0,1,1,1,1,1,460.5,130,-517.5,0,1,0,1;
custom,cuboid,grass4,14,1,18,0,1,1,1,2,2,555,75,-475,0,1,0,1;
custom,cuboid,metal3,1.5,5,1,0,1,1,1,1,1,470,105,-447.5,0,1,0,1;
custom,cuboid,metal3,1.5,4.5,1,0,1,1,1,1,1,480,102.5,-447.5,0,1,0,1;
custom,cuboid,metal3,1.5,4,1,0,1,1,1,1,1,490,100,-447.5,0,1,0,1;
custom,cuboid,metal3,1.5,3.5,1,0,1,1,1,1,1,500,97.5,-447.5,0,1,0,1;
custom,cuboid,metal3,1.5,3,1,0,1,1,1,1,1,510,95,-447.5,0,1,0,1;
custom,cuboid,metal3,1.5,2.5,1,0,1,1,1,1,1,520,92.5,-447.5,0,1,0,1;
custom,cuboid,metal3,1.5,2,1,0,1,1,1,1,1,530,90,-447.5,0,1,0,1;
custom,cuboid,metal3,1.5,1.5,1,0,1,1,1,1,1,540,87.5,-447.5,0,1,0,1;
custom,cuboid,metal3,1.5,1,1,0,1,1,1,1,1,550,85,-447.5,0,1,0,1;
custom,cuboid,metal3,1.5,0.5,1,0,1,1,1,1,1,560,82.5,-447.5,0,1,0,1;
custom,tube,metal3,3,0.1,3,1,1,0,0,1,1,511.1526,85.44072,-500.1585,0,0.704536,0,0.7096682;
custom,cylinder,metal3,2.7,0.02,2.7,1,0.05681818,0.05681818,0.06818183,1,1,510.4557,85.05653,-499.9383,0,0.7377689,0,0.6750534;
custom,cylinder,metal3,0.1,0.3,0.1,0,1,1,1,1,1,504.4491,82.21574,-515.4131,0,0.6967461,0,0.7173178;
custom,cylinder,metal3,0.1,0.3,0.1,0,1,1,1,1,1,495.6633,82.18893,-506.4431,0,0.7213538,0,0.6925668;
custom,cylinder,metal3,0.1,0.3,0.1,0,1,1,1,1,1,495.1616,82.21415,-494.0506,0,0.878117,0,0.4784461;
custom,cylinder,metal3,0.1,0.3,0.1,0,1,1,1,1,1,504.5646,82.23682,-484.5892,0,0.9996173,0,0.02766454;
custom,cylinder,metal3,0.1,0.3,0.1,0,1,1,1,1,1,517.1533,82.52116,-515.2415,0,0.3487757,0,0.9372062;
custom,cylinder,metal3,0.1,0.3,0.1,0,1,1,1,1,1,526.2403,82.63702,-506.14,0,0.9449968,0,0.3270794;
custom,cylinder,metal3,0.1,0.3,0.1,0,1,1,1,1,1,516.5124,82.37559,-484.8102,0,0.9680172,0,-0.250884;
custom,cylinder,metal3,0.1,0.3,0.1,0,1,1,1,1,1,525.835,82.41873,-493.7803,0,0.921154,0,-0.3891982;
custom,tree2,default,0.5,0.5,0.5,0,1,1,1,1,1,595.7611,113.6129,-503.9046,0,0.9892052,0,-0.1465372;
custom,cylinder,default,0.02,1,0.02,0,1,1,1,1,1,577.7974,97.93818,-510.2775,0,0.9972787,0,0.07372297;
custom,cylinder,default,0.02,1,0.02,0,1,1,1,1,1,582.6881,98.10046,-509.1959,0,0.9977397,0,0.06719691;
custom,cuboid,bark,0.8,0.1,0.5,0,1,1,1,1,1,580.2511,88.02057,-509.8586,0,0.9964142,0,0.08460883;
custom,capsule,bark,0.5,0.5,0.2,0,1,1,1,1,1,604.8211,83.2381,-444.3116,0,0.9214954,0,0.3883892;
custom,cylinder,bark,0.5,2,0.2,0,1,1,1,1,1,605.6586,87.6222,-445.0524,0.2317172,0.7350215,-0.5599373,0.3041724;
custom,capsule,bark,0.5,0.2,0.2,0,1,1,1,1,1,594.8085,84.55964,-434.0705,-0.05688246,0.9144258,0.138294,0.3761177;
custom,capsule,bark,0.5,0.2,0.2,0,1,1,1,1,1,615.7575,93.13593,-455.0213,-0.1739086,0.3657373,-0.06976813,-0.9116603;
custom,capsule,bark,0.4,0.1,0.4,1,0.07954545,0.09090909,0.07954545,1,1,595.1804,81.36379,-434.0966,0,0.4346661,0,0.9005917;
custom,capsule,bark,0.4,0.1,0.4,1,0.07954545,0.09090909,0.07954545,1,1,617.1566,81.0752,-455.6515,0,0.4168862,0,0.9089587;
custom,torus,bark,0.4,0.5,0.4,1,0.07954545,0.09090909,0.07954545,1,1,497.974,80.04988,-418.7348,0,0.7025447,0,0.7116396;
custom,torus,bark,0.4,0.5,0.4,1,0.07954545,0.09090909,0.07954545,1,1,503.0595,79.86566,-423.7952,0,0.7117984,0,0.7023839;
custom,torus,bark,0.4,0.5,0.4,1,0.07954545,0.09090909,0.07954545,1,1,508.9013,79.81792,-418.3644,0,0.6978697,0,0.7162248;
custom,torus,bark,0.4,0.5,0.4,1,0.07954545,0.09090909,0.07954545,1,1,515.1605,79.8102,-423.9044,0,0.7025422,0,0.7116421;
custom,torus,bark,0.4,0.5,0.4,1,0.07954545,0.09090909,0.07954545,1,1,520.1954,80.0987,-418.3718,0,0.7102606,0,0.7039388;
custom,torus,bark,0.4,0.5,0.4,1,0.07954545,0.09090909,0.07954545,1,1,528.9396,80.0857,-423.8524,0,0.7040881,0,0.7101126;
custom,cuboid,brick1,1,10,18,1,1,1,1,3,2,555,130,-550,0,1,0,1;
custom,cuboid,brick1,1,10,18,1,1,1,1,3,2,555,130,-400,0,1,0,1;
custom,cuboid,brick1,1,10,16,0,1,1,1,3,2,650,130,-475,0,0,0,0;
custom,cuboid,default,1,2,16,1,0.7272727,0.75,0.6931818,3,2,724.3322,89.46456,-424.5549,0,0.7075716,0,0.7066417;
custom,sphere,default,0.1,0.1,0.1,1,0,0,0,3,2,644.165,89.02371,-420.7675,0,0.7054071,0,0.7088023;
custom,arc180,default,10,0.5,15,1,1,0,0,3,2,645.5767,118.2211,-458.4156,-0.7064173,0.7077934,-0.001434439,-0.001057434;
custom,arc180,default,10,0.5,15,1,1,0.1704545,0,3,2,644.3245,113.8902,-458.3792,-0.7059079,0.7083,-0.002020716,-0.001108382;
custom,arc180,default,10,0.5,15,1,1,0.75,0,3,2,644.1573,109.5471,-458.6605,-0.7132367,0.70091,0.004187213,0.0009669772;
custom,arc180,default,10,0.5,15,1,0,0.6931818,0,3,2,644.5856,105.6129,-458.2923,-0.7196671,0.6942999,-0.001515001,-0.004978199;
custom,arc180,default,10,0.5,15,1,0,0.7,1,3,2,644.3887,101.5714,-458.9753,-0.7217504,0.6921443,0.002858506,-0.002133678;
custom,arc180,default,10,0.5,15,1,0,0.1931819,1,3,2,644.8694,97.68178,-458.8698,-0.7324767,0.6807666,0.005773881,-0.001190456;
custom,arc180,default,10,0.5,15,1,0.375,0,1,3,2,644.2038,93.65698,-458.9156,-0.7289644,0.6845316,0.003501573,-0.003897986;
custom,arc180,brick1,10,1,15,0,1,1,1,8,4,645.0085,90.42789,-458.1585,-0.728968,0.6845334,0.002276876,-0.003814681;
racing,killCuboid,16,1,54,345,5,-540,0,1,0,1;
custom,cuboid,wood3,1.5,2,1,0,1,1,1,0.5,0.5,460,170,-447.5,0,1,0,1;
custom,cuboid,brick1,1.5,2,0.1,0,1,1,1,0.2,0.2,465.5,170,-447.5,0,1,0,1;
custom,cuboid,stone1,17.5,1,20,0,1,1,1,2,2,425,185,557.5,0,1,0,1;
racing,endCuboid,16,2,1,365,150,-405,0,0,0,0;
photon,spawnCrawler,5,0,362.6156,94.73145,-230.2421,0,0.003240731,0,-0.9999948;
photon,spawnJumper,5,0,366.3936,89.6183,57.57061,0,0.9999707,0,0.007655026;
photon,spawnPunk,5,0,365.179,90.26027,-100.1904,0,0.9999278,0,0.01202145;
racing,killCone,2,2,2,5.737601,256.3715,329.7052,0,0.7915002,0,-0.611169;
custom,cuboid,bark,16,1,19,1,0,0.7,1,1,1,560,185,-475,0,1,0,1;
custom,cuboid,stone1,22,1,88,0,1,1,1,2,16,365,185,30,0,0,0,0;
custom,cuboid,stone7,200,1,200,0,1,1,1,32,32,-25,-2.5,160,0,0,0,1;
racing,killCuboid,4,10,10,-159.2694,47.55693,410.7446,0,0.7025829,0,0.711602;
custom,prism,default,1,0.1,1.5,1,0,1,0,1.0,1.0,-275.1507,187.8039,101.1009,0.4997394,0.5002608,0.5002609,-0.4997387;
custom,prism,default,1,0.1,1.5,1,0,1,0,1.0,1.0,-515.312,62.10006,98.95583,-0.005815936,-0.01109203,0.7060277,-0.7080735;
custom,prism,default,1,0.1,-1.5,1,0,1,0,1.0,1.0,-475.5865,57.67039,209.4588,-0.003230239,0.9477154,0.3190042,-0.007834689;
racing,killCuboid,2,4,1,-0.3888202,250.871,-440.6438,0,0.9996714,0,-0.02563355;
custom,prism,default,1,0.1,1.5,1,0,1,0,1.0,1.0,550.308,39.6396,-373.4432,-0.5004682,0.4987199,-0.4995324,0.5012759;
racing,killCuboid,4,10,10,-244.6338,42.62132,494.4696,0,0.01284508,0,-0.9999175;
racing,killCylinder,3,5,40,-494.2552,48.05208,-176.1117,0,0.9999799,0,0.006353173;
racing,killCuboid,4,8,6,15.74969,268.3707,409.5556,0,0.7275771,0,-0.6860259;
custom,cuboid,brick1,8,1,20,0,1,1,1,2,2,365,185,-450,0,1,0,1;
racing,killCylinder,1,2,1,-9.891048,70.66203,-534.6951,0,0.006037536,0,0.9999818;
racing,killCylinder,1,2,1,1.149777,75.03765,-535.3472,0.005653598,0.005693195,0.7046121,0.7095473;
racing,killCylinder,1,2,1,10.41173,70.41598,-534.6901,0,0.01005024,0,0.9999495;
racing,killCylinder,1,2,1,2.138244,55.7761,-535.4738,0.007089209,0.007123936,0.7053415,0.7087965;
racing,killCuboid,7,3,1,0.04566761,66.38512,-495.7847,0,0.9999949,0,-0.003178993;
racing,killCylinder,1,2,1,32.66662,66.73434,-513.8891,0.5004336,0.501833,0.4981663,0.4995601;
racing,killCylinder,1,2,1,-32.74564,67.2634,-515.6208,0.4980966,0.5019374,-0.4980555,-0.5018958;
racing,killCuboid,1,14,14,2.454345,49.01783,-432.0447,0.3899848,0.6074635,0.3738604,0.5823473;
racing,killCuboid,11,1,4,-0.1244973,78.21293,-358.2284,0,0.007553608,0,0.9999715;
racing,killCuboid,10,1,1,-0.1270325,40.81471,-333.9965,0,0.008060995,0,-0.9999675;
racing,killCuboid,10,1,1,-0.4634847,57.49509,-333.3084,0,0.008060995,0,-0.9999675;
racing,killCuboid,6,1,1,-0.02450112,49.81069,-334.1571,0,0.0004111195,0,0.9999999;
racing,killCuboid,10,3,3,1.220809,50.53238,55.55138,0,0.003837012,0,-0.9999927;
racing,killCuboid,11,10,8,-106.6075,49.73516,44.76894,0,0.7138179,0,-0.7003314;
racing,killCuboid,11,10,8,103.596,49.92759,44.91197,0,0.6986485,0,0.7154651;
racing,killCuboid,8,10,2,67.80292,41.17305,119.6844,0,0.9503659,0,-0.3111345;
racing,killCuboid,8,10,2,-61.92617,41.48135,110.0527,0,0.8987517,0,0.4384579;
racing,killCylinder,21,13,4,-0.190473,89.98767,339.2532,0,0.7047852,0,-0.7094207;
racing,killCuboid,2,2,2,-0.1068083,194.8314,130.0242,0,0.9996381,0,-0.02689935;
racing,killCuboid,2,2,2,14.55579,140.7695,129.2198,0,0.9999046,0,-0.01381513;
racing,killCuboid,2,2,2,-14.88902,142.3695,129.4816,0,0.9999046,0,-0.01381513;
racing,killCuboid,6,8,6,-92.30856,165.4028,98.74606,0.006115636,0.01169813,0.4632556,0.8861264;
racing,killCuboid,6,8,6,-419.4921,60.01689,98.96907,0,0.999995,0,0.003178309;
racing,killCuboid,3,2,1,-589.8475,69.38065,-564.9451,0,0.005172858,0,-0.9999866;
racing,killCuboid,5,10,2,-612.3183,49.46703,-396.5394,0,0.01631322,0,-0.999867;
racing,killCuboid,10,10,2,-569.3294,49.42591,-531.35,0,0.3306021,0,0.9437702;
racing,killCuboid,9,10,2,-616.1568,50.4881,-451.5584,0,0.6179073,0,0.7862509;
racing,killCuboid,11,2,1,-590.9022,40.38239,-301.0326,0,0.007710762,0,0.9999703;
racing,killCuboid,10,10,1,-562.0415,48.10304,-254.6462,0,0.9378054,0,-0.3471615;
racing,killCuboid,2,8,1,-595.3782,39.94559,-213.3407,0,0.729644,0,-0.6838273;
racing,killCuboid,11,2,1,-590.5272,59.62478,-99.70914,0,9.020831E-05,0,1;
racing,killCuboid,5,10,7,-606.3188,50.72602,30.86086,0,0.01720647,0,0.999852;
racing,killCuboid,2,2,2,-584.6981,43.25139,140.697,0,0.006144628,0,0.9999812;
racing,killCuboid,4,5,2,-585.6581,23.8273,258.1369,0,0.004954469,0,-0.9999877;
racing,killCuboid,4,5,2,-585.9356,75.30982,332.8613,0,0.003737686,0,0.999993;
racing,killCuboid,4,5,2,-585.5603,25.74519,414.3123,0,0.007998661,0,0.9999681;
racing,killCone,2,2,2,-523.5183,26.15945,587.936,0,0.01232619,0,0.9999241;
racing,killCone,2,2,2,-579.6945,74.98528,510.1202,0.9998032,0.01361137,-0.0144328,-0.0001964845;
racing,killCone,2,2,2,-471.3269,76.52231,513.2178,0.9992999,0.02337533,0.02920351,0.0006831237;
racing,killCone,2,2,2,-478.3953,27.17081,421.9407,0,0.9999298,0,0.01184717;
racing,killCylinder,2,3,2,-474.6288,55.34368,305.5852,0,0.9999858,0,0.00533705;
racing,killCylinder,1,2,1,-475.1795,56.28603,312.175,0.7069567,0.7069559,0.0145886,0.01458861;
racing,killCuboid,4,8,2,-472.9492,112.5001,207.0378,0,0.7125322,0,-0.7016395;
racing,killCuboid,2,7,2,-476.4243,120.6071,221.6447,0.7065166,0.7075032,0.01168652,0.01170284;
racing,killCylinder,1,3,1,-394.7747,160.304,106.6243,0,0.7015223,0,0.7126475;
racing,killCylinder,1,3,1,-391.9643,164.1839,103.3486,0.4977797,0.4943165,0.5056739,0.5021558;
racing,killCuboid,4,8,4,-314.6579,84.89954,245.492,0,0.005100816,0,0.999987;
racing,killCylinder,1,6,1,-313.9237,42.9489,310.7687,0,0.003852986,0,-0.9999926;
racing,killCylinder,1,3,1,-316.3286,56.52747,306.2365,0.7107752,0.7033705,0.005888488,0.005827142;
racing,killCone,2,2,2,-318.3331,26.95451,399.8357,0,0.9999967,0,-0.00259177;
racing,killCone,2,2,2,-317.1805,26.04201,475.321,0,0.9998546,0,0.01705416;
racing,killTorus,3,3,3,-279.2588,49.66129,584.2174,0.01366318,0.01356813,-0.7094393,-0.7045034;
racing,killCuboid,4,10,4,-69.28828,180.6404,413.5471,0,0.432356,0,-0.901703;
racing,killCuboid,3,2,1,-0.07214116,246.7107,210.5875,0,0.9999491,0,0.01009037;
racing,killCuboid,3,2,3,39.77217,219.7087,185.3373,0,0.7060657,0,0.7081464;
racing,killCuboid,3,3,3,50.24393,200.2938,14.03629,0,0.9998193,0,0.01901114;
racing,killCuboid,3,3,3,50.12987,211.5724,77.32496,0,0.9999825,0,0.005923193;
racing,killCuboid,3,3,3,51.28893,211.959,-58.06812,0,0.9999961,0,-0.002789537;
racing,killCuboid,3,3,3,49.47749,198.9676,142.2851,0,0.9998567,0,0.01693128;
racing,killCuboid,3,3,3,51.99492,199.9552,-139.0191,0,0.9999768,0,-0.006814591;
racing,killCuboid,3,3,3,52.44249,213.1529,-213.8416,0,0.999997,0,-0.002444905;
racing,killCuboid,3,3,3,50.06016,198.2666,-273.9537,0,0.9999971,0,-0.002416533;
racing,killCuboid,3,3,3,39.67664,215.1407,-344.5798,0,0.7193879,0,0.6946085;
racing,killCuboid,3,3,1,40.46452,236.2361,184.444,0,0.6961522,0,0.7178942;
racing,killCuboid,3,3,1,39.49203,237.5599,-344.9563,0,0.6929889,0,0.7209482;
racing,killCuboid,3,20,50,24.07811,323.2846,-81.02997,0,0.9999754,0,0.00701322;
racing,killCuboid,3,20,50,-27.59355,326.0014,-85.49485,0,0.9999753,0,0.00703718;
racing,killCuboid,1,5,6,68.43405,255.6385,-515.325,0,0.703597,0,0.7105992;
racing,killTorus,4,4,4,176.3741,215.8858,-515.6042,0,0.7143632,0,0.6997751;
racing,killTorus,4,4,4,231.4233,156.0399,-513.9926,0,0.7004833,0,0.7136688;
racing,killTorus,4,4,4,331.7656,56.41237,-514.3497,0,0.6973602,0,0.7167208;
racing,killTorus,4,4,4,271.4131,118.0975,-514.6591,0,0.6989196,0,0.7152002;
racing,killTorus,4,4,4,299.4387,85.43534,-515.1844,0,0.6957879,0,0.7182473;
racing,killCuboid,1,1,4,176.0168,215.1962,-515.7108,0,0.6988485,0,0.7152697;
racing,killCuboid,1,1,4,268.8145,115.8516,-514.4639,0,0.708151,0,0.7060611;
racing,killCuboid,1,1,4,325.244,59.20982,-514.5655,0,0.7112226,0,0.7029668;
racing,killCuboid,1,1,4,231.6741,152.9396,-505.1403,0,0.7050557,0,0.709152;
racing,killCuboid,1,1,4,229.4025,153.9439,-524.0718,0,0.7050557,0,0.709152;
racing,killCuboid,1,1,4,299.6537,84.97411,-504.9922,0,0.7142721,0,0.6998681;
racing,killCuboid,1,1,4,299.8745,85.25433,-525.0715,0,0.7142721,0,0.6998681;
racing,killCone,1,2,1,474.283,26.59805,-487.5461,0,0.003001598,0,-0.9999955;
racing,killCone,1,2,1,405.2245,26.46978,-517.4724,0,0.7049773,0,0.7092299;
racing,killCone,1,2,1,445.4666,27.19779,-518.0555,0,0.7095729,0,0.7046321;
racing,killCone,1,2,1,149.7015,28.40821,-473.333,0,0.7092937,0,-0.7049131;
racing,killCone,1,2,1,249.2972,25.44829,-473.8539,0,0.7092937,0,-0.7049131;
racing,killCone,1,2,1,358.296,27.92824,-474.1329,0,0.7092937,0,-0.7049131;
racing,killCone,2,2,1,100.5055,26.51441,-509.5284,0,0.9998998,0,0.01415714;
racing,killCone,2,2,2,171.8929,27.29464,-583.8098,0,0.706311,0,0.7079017;
racing,killCone,2,2,2,487.6635,26.45108,-583.6668,0,0.7001041,0,0.7140408;
racing,killCuboid,9,2,2,356.2409,31.8423,-576.9982,0,0.7047624,0,0.7094434;
racing,killCuboid,7,3,5,552.5123,33.31203,-506.3149,0,0.0119585,0,0.9999285;
racing,killCylinder,3,3,5,466.6949,33.19444,-404.1423,0,0.7171341,0,-0.6969353;
racing,killCylinder,3,3,5,326.5471,31.97163,-417.893,0,0.704881,0,-0.7093256;
racing,killCylinder,3,3,5,384.6663,29.88889,-384.3626,0,0.6667987,0,-0.7452379;
racing,killCylinder,3,3,5,311.3654,32.00741,-339.2444,0,0.381841,0,-0.924228;
racing,killCylinder,3,3,5,408.4251,28.12685,-291.7792,0,0.6231323,0,0.7821165;
racing,killCylinder,3,3,5,462.3397,31.92937,-163.2583,0,0.01668415,0,-0.9998608;
racing,killCylinder,3,3,5,396.4609,30.68279,-37.5981,0,0.489885,0,-0.8717871;
racing,killCylinder,3,3,5,281.1356,30.03848,-10.23214,0,0.4397326,0,-0.8981287;
racing,killCylinder,3,3,5,391.2726,28.75668,57.17221,0,0.6679688,0,0.7441893;
racing,killCone,3,2,1,581.707,25.46633,87.03053,0,0.6950986,0,0.7189144;
racing,killPyramid,3,3,3,486.9938,21.17821,60.35664,0,0.6823092,0,0.7310637;
racing,killPyramid,3,3,3,490.8768,28.73769,61.17288,0.6886432,-0.001202047,0.7250984,-0.001265833;
racing,killPyramid,3,3,3,444.5702,29.2582,133.3822,0,0.7251368,0,-0.6886049;
racing,killPyramid,3,3,3,344.1875,32.45331,135.2917,0.7114822,8.031133E-08,-0.7027041,2.623386E-07;
racing,killPyramid,3,3,3,229.3705,29.39718,139.591,0,0.6944197,0,-0.7195702;
racing,killPyramid,3,3,3,133.3671,32.16181,199.9311,0.6753468,-0.006600901,-0.7374356,0.007207881;
racing,killPyramid,3,3,3,64.23026,29.23277,271.3998,0,0.01986057,0,0.9998028;
racing,killPyramid,3,3,3,168.4229,33.25829,333.0157,0.7071707,0.00863979,0.7069374,0.008637539;
racing,killPyramid,3,3,3,307.8336,27.48733,333.2602,0,0.7087643,0,0.7054454;
racing,killPyramid,3,3,3,409.2582,32.6438,332.8016,0.7025713,-0.00367853,0.7115942,-0.003726085;
racing,killPyramid,3,3,3,482.7324,28.81763,409.0032,0,0.008886879,0,0.9999605;
racing,killCuboid,8,15,6,423.0203,87.50946,620.2529,0,0.00953818,0,-0.9999545;
racing,killCuboid,10,10,1,313.7656,130.2235,267.2914,0,0.9970345,0,-0.0769555;
racing,killCuboid,10,10,1,420.44,131.9417,276.1055,0,0.9709808,0,0.2391575;
racing,killCuboid,10,10,1,363.8904,129.1768,357.7729,0,0.9997759,0,0.0211684;
racing,killCuboid,10,10,1,370.9232,128.0266,133.6037,0,0.9999672,0,0.00809549;
racing,killCuboid,10,10,1,299.1069,131.8417,50.56247,0,0.9999472,0,0.010278;
racing,killCuboid,10,10,1,416.1823,129.9457,59.03304,0,0.9976071,0,0.06913836;
racing,killCuboid,10,10,1,363.5141,129.286,-68.89031,0,0.9995522,0,0.02992465;
racing,killCuboid,10,10,1,315.2621,124.8786,-158.3179,0,0.9586479,0,-0.2845947;
racing,killCuboid,10,10,1,423.2479,129.4528,-153.6113,0,0.9512396,0,0.3084529;
racing,killCuboid,18,2,1,353.6732,139.872,-401.1589,0,0.9999987,0,0.001607851;
racing,killCuboid,3,8,2,372.3257,118.4884,-189.8038,0,0.9999216,0,0.01252447;
racing,killCuboid,3,8,2,362.593,140.2336,51.09807,0,0.9999747,0,-0.00711046;
racing,killCuboid,3,8,2,366.9499,140.149,268.0331,0,0.02564498,0,-0.9996711;
racing,killCuboid,20,8,2,363.6167,119.7743,357.0339,0,0.9999082,0,-0.01355122;
racing,killCuboid,20,8,2,364.8059,141.1807,137.6663,0,0.9999985,0,0.001744345;
racing,killCuboid,20,8,2,367.6662,117.4572,-71.0911,0,0.9998879,0,0.01497184;
racing,killCuboid,6,6,1,364.8338,150.4608,478.5056,0,0.999938,0,-0.01114135;
racing,killCuboid,2,4,1,364.7236,99.84329,478.4258,0,1,0,-0.000232621;