map,disablebounds;
spawnpoint,playerC,-15,135,0,0,1,0,0;
custom,cuboid,stone4,250,5,250,1,0.5,0.7,1,125,125,0,100,0,0,1,0,0;
misc,barrier,40,1,155,0,180,500,0,1,0,0;
spawnpoint,playerC,15,135,0,0,1,0,0;
custom,cuboid,stone4,5,5,250,1,0.5,0.7,1,125,2.5,-1225,150,0,0,1,0,0;
custom,cuboid,stone4,5,5,250,1,0.5,0.7,1,125,2.5,1225,150,0,0,1,0,0;
custom,cuboid,stone4,250,5,5,1,0.5,0.7,1,125,2.5,0,150,-1225,0,1,0,0;
custom,cuboid,stone4,250,5,5,1,0.5,0.7,1,125,2.5,0,150,1225,0,1,0,0;
custom,cuboid,stone4,11,5,1,1,0.5,0.7,1,5,2.5,0,150,-40,0,1,0,0;
custom,cuboid,stone4,1,5,9,1,0.5,0.7,1,5,2.5,-50,150,10,0,1,0,0;
custom,cuboid,stone4,1,5,9,1,0.5,0.7,1,5,2.5,50,150,10,0,1,0,0;
custom,cuboid,stone4,1,5,1,1,1,1,1,1,10,0,150,50,0,1,0,0;
custom,cuboid,stone4,4,1,1,1,1,1,1,4,1,-25,150,50,0,1,0,0;
custom,cuboid,stone4,4,1,1,1,1,1,1,4,1,25,150,50,0,1,0,0;
racing,startCuboid,10,5,0.5,0,150,50,0,1,0,0;
custom,cuboid,stone4,14,5,1,1,0.5,0.7,1,7,2.5,0,150,105,0,1,0,0;
custom,cuboid,stone4,1,5,15.5,1,0.5,0.7,1,7,2.5,-75,150,32.5,0,1,0,0;
racing,killSphere,1,1,1,-87.59025,128.9857,2.265545,0,0.01063261,0,0.9999435;
racing,killCuboid,1,1,1,-74.62114,169.3818,145.8977,0,0.7251057,0,0.6886376;
racing,killCuboid,1,5,23,-50,150,-160,0,1,0,0;
racing,killCuboid,1,5,18,-75,150,-135,0,1,0,0;
racing,killCuboid,1,5,23,-100,150,-160,0,1,0,0;
racing,killCuboid,6,5,23,-75,105,-160,0,1,0,0;
racing,killCuboid,6,5,1,-75,150,-270,0,1,0,0;
custom,cuboid,stone4,1,5,20,1,0.5,0.7,1,10,2.5,-100,150,55,0,1,0,0;
custom,cuboid,stone4,1.5,4,1,1,1,1,1,1,2,-87.5,155,0,0,1,0,0;
racing,killCuboid,9,5,15,-60,150,230,0,1,0,0;
custom,cuboid,stone4,1,5,4,1,0.5,0.7,1,2,2.5,-75,150,125,0,1,0,0;
custom,cuboid,stone4,1,5,1,1,0.5,0.7,1,1,2.5,-75,140,150,0,1,0,0;
custom,cuboid,stone4,1,5,15.5,1,0.5,0.7,1,7,2.5,75,150,32.5,0,1,0,0;
custom,cuboid,stone4,1.5,2,1,1,1,1,1,1,1,62.5,135,-40,0,1,0,0;
custom,cuboid,stone4,1.5,2,1,1,1,1,1,1,1,62.5,165,-40,0,1,0,0;
racing,killCuboid,1,5,23,50,150,-160,0,1,0,0;
racing,killCuboid,1,5,18,75,150,-135,0,1,0,0;
racing,killCuboid,1,5,23,100,150,-160,0,1,0,0;
racing,killCuboid,6,5,23,75,105,-160,0,1,0,0;
racing,killCuboid,6,5,1,75,150,-270,0,1,0,0;
custom,cuboid,stone4,1,5,20,1,0.5,0.7,1,10,2.5,100,150,55,0,1,0,0;
custom,cuboid,stone4,1.5,4,1,1,1,1,1,1,2,87.5,155,0,0,1,0,0;
racing,killCuboid,9,5,15,60,150,230,0,1,0,0;
custom,cuboid,stone4,1,5,4,1,0.5,0.7,1,2,2.5,75,150,125,0,1,0,0;
custom,cuboid,stone4,1,5,1,1,0.5,0.7,1,1,2.5,75,140,150,0,1,0,0;
custom,cuboid,rock2,1,1,1,1,1,1,1,1,1,0,130,115,0,1,0,0;
racing,checkpointCuboid,1,0.25,1,0,136.25,115,0,1,0,0;
racing,killCuboid,21,3,1,0,140,160,0,1,0,0;
racing,killCuboid,21,1,1,0,170,160,0,1,0,0;
racing,killCuboid,40,0.1,40,0,125,360,0,1,0,0;
racing,killCuboid,40,0.1,40,0,125,760,0,1,0,0;
racing,killCuboid,40,0.1,40,0,125,1160,0,1,0,0;
custom,cuboid,stone4,1,5,1,1,1,1,1,1,2.5,-50,150,230,0,1,0,0;
custom,sphere,default,0.5,0.5,0.5,0,1,1,1,1.0,1.0,49.86934,156.4512,412.8171,0,0.004808797,0,-0.9999884;
racing,killCylinder,1,5,1,-155.4348,157.1257,862.9382,0.05201427,-0.0269168,-0.7051914,-0.706594;
custom,cuboid,stone4,1,5,1,1,1,1,1,1,2.5,0,150,650,0,1,0,0;
custom,cuboid,stone4,1,5,1,1,1,1,1,1,2.5,0,150,800,0,1,0,0;
custom,cuboid,stone4,1,5,1,1,1,1,1,1,2.5,0,150,950,0,1,0,0;
custom,cuboid,stone4,1,5,1,1,1,1,1,1,2.5,0,150,1100,0,1,0,0;
racing,killCuboid,9,5,15,-60,150,380,0,1,0,0;
racing,killCuboid,13,5,13,50,150,390,0,1,0,0;
racing,killCuboid,9,5,15,150,150,230,0,1,0,0;
racing,killCuboid,6,5,15,165,150,380,0,1,0,0;
racing,killCuboid,6,5,10.5,165,150,507.5,0,1,0,0;
racing,killCuboid,29,5,9,-10,150,515,0,1,0,0;
racing,killCuboid,9,5,15,-150,150,380,0,1,0,0;
racing,killCylinder,1,5,1,-155.9484,160.2479,767.5015,0.003314394,0.003302844,-0.7083321,-0.7058639;
custom,cuboid,stone4,1,5,120,1,0.5,0.7,1,60,2.5,-200,150,760,0,1,0,0;
racing,killCuboid,1,5,100,200,150,660,0,1,0,0;
custom,cuboid,rock2,1,1,1,1,1,1,1,1,1,-190,130,500,0,1,0,0;
racing,checkpointCuboid,1,0.25,1,-190,136.25,500,0,1,0,0;
racing,killCuboid,1,0.2,10,0,125,650,0,1,0,0;
racing,killCuboid,1,0.2,10,0,126.3333333,650,0,1,0,0.1316524976;
racing,killCuboid,1,0.2,10,0,127.6666667,650,0,1,0,0.2679491924;
racing,killCuboid,1,0.2,10,0,129,650,0,1,0,0.4142135624;
racing,killCuboid,1,0.2,10,0,130.3333333,650,0,1,0,0.5773502692;
racing,killCuboid,1,0.2,10,0,131.6666667,650,0,1,0,0.767326988;
racing,killCuboid,1,0.2,10,0,133,650,0,1,0,1;
racing,killCuboid,1,0.2,10,0,134.3333333,650,0,1,0,1.303225373;
racing,killCuboid,1,0.2,10,0,135.6666667,650,0,1,0,1.732050808;
racing,killCuboid,1,0.2,10,0,137,650,0,1,0,2.414213562;
racing,killCuboid,1,0.2,10,0,138.3333333,650,0,1,0,3.732050808;
racing,killCuboid,1,0.2,10,0,139.6666667,650,0,1,0,7.595754113;
racing,killCuboid,1,0.2,10,0,141,650,0,1,0,1.63312E+16;
racing,killCuboid,1,0.2,10,0,142.3333333,650,0,1,0,-7.595754113;
racing,killCuboid,1,0.2,10,0,143.6666667,650,0,1,0,-3.732050808;
racing,killCuboid,1,0.2,10,0,145,650,0,1,0,-2.414213562;
racing,killCuboid,1,0.2,10,0,146.3333333,650,0,1,0,-1.732050808;
racing,killCuboid,1,0.2,10,0,147.6666667,650,0,1,0,-1.303225373;
racing,killCuboid,1,0.2,10,0,149,650,0,1,0,-1;
racing,killCuboid,1,0.2,10,0,150.3333333,650,0,1,0,-0.767326988;
racing,killCuboid,1,0.2,10,0,151.6666667,650,0,1,0,-0.5773502692;
racing,killCuboid,1,0.2,10,0,153,650,0,1,0,-0.4142135624;
racing,killCuboid,1,0.2,10,0,154.3333333,650,0,1,0,-0.2679491924;
racing,killCuboid,1,0.2,10,0,155.6666667,650,0,1,0,-0.1316524976;
racing,killCuboid,1,0.2,10,0,157,650,0,1,0,0;
racing,killCuboid,1,0.2,10,0,158.3333333,650,0,1,0,0.1316524976;
racing,killCuboid,1,0.2,10,0,159.6666667,650,0,1,0,0.2679491924;
racing,killCuboid,1,0.2,10,0,161,650,0,1,0,0.4142135624;
racing,killCuboid,1,0.2,10,0,162.3333333,650,0,1,0,0.5773502692;
racing,killCuboid,1,0.2,10,0,163.6666667,650,0,1,0,0.767326988;
racing,killCuboid,1.361316667,4,1,0,140,700,0,1,0,0;
racing,killCuboid,1.37440625,5,1,12.94095226,150,698.2962913,0,1,0,-0.1316524976;
racing,killCuboid,1.37440625,5,1,25,150,693.3012702,0,1,0,-0.2679491924;
racing,killCuboid,1.37440625,5,1,35.35533906,150,685.3553391,0,1,0,-0.4142135624;
racing,killCuboid,1.37440625,5,1,43.30127019,150,675,0,1,0,-0.5773502692;
racing,killCuboid,1.37440625,5,1,48.29629131,150,662.9409523,0,1,0,-0.767326988;
racing,killCuboid,1.37440625,5,1,50,150,650,0,1,0,-1;
racing,killCuboid,1.37440625,5,1,48.29629131,150,637.0590477,0,1,0,-1.303225373;
racing,killCuboid,1.37440625,5,1,43.30127019,150,625,0,1,0,-1.732050808;
racing,killCuboid,1.37440625,5,1,35.35533906,150,614.6446609,0,1,0,-2.414213562;
racing,killCuboid,1.37440625,5,1,25,150,606.6987298,0,1,0,-3.732050808;
racing,killCuboid,1.37440625,5,1,12.94095226,150,601.7037087,0,1,0,-7.595754113;
racing,killCuboid,1.37440625,5,1,0,150,600,0,1,0,-1.63312E+16;
racing,killCuboid,1.37440625,5,1,-12.94095226,150,601.7037087,0,1,0,7.595754113;
racing,killCuboid,1.37440625,5,1,-25,150,606.6987298,0,1,0,3.732050808;
racing,killCuboid,1.361316667,4,1,-35.35533906,155,614.6446609,0,1,0,2.414213562;
racing,killCuboid,1.37440625,5,1,-43.30127019,150,625,0,1,0,1.732050808;
racing,killCuboid,1.37440625,5,1,-48.29629131,150,637.0590477,0,1,0,1.303225373;
racing,killCuboid,1.37440625,5,1,-50,150,650,0,1,0,1;
racing,killCuboid,1.37440625,5,1,-48.29629131,150,662.9409523,0,1,0,0.767326988;
racing,killCuboid,1.37440625,5,1,-43.30127019,150,675,0,1,0,0.5773502692;
racing,killCuboid,1.37440625,5,1,-35.35533906,150,685.3553391,0,1,0,0.4142135624;
racing,killCuboid,1.37440625,5,1,-25,150,693.3012702,0,1,0,0.2679491924;
racing,killCuboid,1.37440625,5,1,-12.94095226,150,698.2962913,0,1,0,0.1316524976;
racing,killCylinder,1,5,1,-155.0902,137.2202,829.6504,0.003348798,0.003267955,-0.7156851,-0.6984075;
racing,killCylinder,1,5,1,-90.95432,168.9676,601.2024,0.2485283,0.2516719,-0.6572294,-0.6655408;
racing,killCuboid,1,0.2,10,0,125,800,0,1,0,0;
racing,killCuboid,1,0.2,10,0,126.3333333,800,0,1,0,0.1316524976;
racing,killCuboid,1,0.2,10,0,127.6666667,800,0,1,0,0.2679491924;
racing,killCuboid,1,0.2,10,0,129,800,0,1,0,0.4142135624;
racing,killCuboid,1,0.2,10,0,130.3333333,800,0,1,0,0.5773502692;
racing,killCuboid,1,0.2,10,0,131.6666667,800,0,1,0,0.767326988;
racing,killCuboid,1,0.2,10,0,133,800,0,1,0,1;
racing,killCuboid,1,0.2,10,0,134.3333333,800,0,1,0,1.303225373;
racing,killCuboid,1,0.2,10,0,135.6666667,800,0,1,0,1.732050808;
racing,killCuboid,1,0.2,10,0,137,800,0,1,0,2.414213562;
racing,killCuboid,1,0.2,10,0,138.3333333,800,0,1,0,3.732050808;
racing,killCuboid,1,0.2,10,0,139.6666667,800,0,1,0,7.595754113;
racing,killCuboid,1,0.2,10,0,141,800,0,1,0,1.63312E+16;
racing,killCuboid,1,0.2,10,0,142.3333333,800,0,1,0,-7.595754113;
racing,killCuboid,1,0.2,10,0,143.6666667,800,0,1,0,-3.732050808;
racing,killCuboid,1,0.2,10,0,145,800,0,1,0,-2.414213562;
racing,killCuboid,1,0.2,10,0,146.3333333,800,0,1,0,-1.732050808;
racing,killCuboid,1,0.2,10,0,147.6666667,800,0,1,0,-1.303225373;
racing,killCuboid,1,0.2,10,0,149,800,0,1,0,-1;
racing,killCuboid,1,0.2,10,0,150.3333333,800,0,1,0,-0.767326988;
racing,killCuboid,1,0.2,10,0,151.6666667,800,0,1,0,-0.5773502692;
racing,killCuboid,1,0.2,10,0,153,800,0,1,0,-0.4142135624;
racing,killCuboid,1,0.2,10,0,154.3333333,800,0,1,0,-0.2679491924;
racing,killCuboid,1,0.2,10,0,155.6666667,800,0,1,0,-0.1316524976;
racing,killCuboid,1,0.2,10,0,157,800,0,1,0,0;
racing,killCuboid,1,0.2,10,0,158.3333333,800,0,1,0,0.1316524976;
racing,killCuboid,1,0.2,10,0,159.6666667,800,0,1,0,0.2679491924;
racing,killCuboid,1,0.2,10,0,161,800,0,1,0,0.4142135624;
racing,killCuboid,1,0.2,10,0,162.3333333,800,0,1,0,0.5773502692;
racing,killCuboid,1,0.2,10,0,163.6666667,800,0,1,0,0.767326988;
racing,killCuboid,1.361316667,4,1,0,155,850,0,1,0,0;
racing,killCuboid,1.37440625,5,1,12.94095226,150,848.2962913,0,1,0,-0.1316524976;
racing,killCuboid,1.37440625,5,1,25,150,843.3012702,0,1,0,-0.2679491924;
racing,killCuboid,1.37440625,5,1,35.35533906,150,835.3553391,0,1,0,-0.4142135624;
racing,killCuboid,1.37440625,5,1,43.30127019,150,825,0,1,0,-0.5773502692;
racing,killCuboid,1.37440625,5,1,48.29629131,150,812.9409523,0,1,0,-0.767326988;
racing,killCuboid,1.37440625,5,1,50,150,800,0,1,0,-1;
racing,killCuboid,1.37440625,5,1,48.29629131,150,787.0590477,0,1,0,-1.303225373;
racing,killCuboid,1.37440625,5,1,43.30127019,150,775,0,1,0,-1.732050808;
racing,killCuboid,1.37440625,5,1,35.35533906,150,764.6446609,0,1,0,-2.414213562;
racing,killCuboid,1.37440625,5,1,25,150,756.6987298,0,1,0,-3.732050808;
racing,killCuboid,1.37440625,5,1,12.94095226,150,751.7037087,0,1,0,-7.595754113;
racing,killCuboid,1.361316667,4,1,0,140,750,0,1,0,-1.63312E+16;
racing,killCuboid,1.37440625,5,1,-12.94095226,150,751.7037087,0,1,0,7.595754113;
racing,killCuboid,1.37440625,5,1,-25,150,756.6987298,0,1,0,3.732050808;
racing,killCuboid,1.37440625,5,1,-35.35533906,150,764.6446609,0,1,0,2.414213562;
racing,killCuboid,1.37440625,5,1,-43.30127019,150,775,0,1,0,1.732050808;
racing,killCuboid,1.37440625,5,1,-48.29629131,150,787.0590477,0,1,0,1.303225373;
racing,killCuboid,1.37440625,5,1,-50,150,800,0,1,0,1;
racing,killCuboid,1.37440625,5,1,-48.29629131,150,812.9409523,0,1,0,0.767326988;
racing,killCuboid,1.37440625,5,1,-43.30127019,150,825,0,1,0,0.5773502692;
racing,killCuboid,1.37440625,5,1,-35.35533906,150,835.3553391,0,1,0,0.4142135624;
racing,killCuboid,1.37440625,5,1,-25,150,843.3012702,0,1,0,0.2679491924;
racing,killCuboid,1.37440625,5,1,-12.94095226,150,848.2962913,0,1,0,0.1316524976;
racing,killCuboid,2,3,2,-11.86046,134.2149,732.1112,0.4986601,0.5021536,0.4978429,0.5013305;
racing,killCuboid,1,0.2,10,0,125,950,0,1,0,0;
racing,killCuboid,1,0.2,10,0,126.3333333,950,0,1,0,0.1316524976;
racing,killCuboid,1,0.2,10,0,127.6666667,950,0,1,0,0.2679491924;
racing,killCuboid,1,0.2,10,0,129,950,0,1,0,0.4142135624;
racing,killCuboid,1,0.2,10,0,130.3333333,950,0,1,0,0.5773502692;
racing,killCuboid,1,0.2,10,0,131.6666667,950,0,1,0,0.767326988;
racing,killCuboid,1,0.2,10,0,133,950,0,1,0,1;
racing,killCuboid,1,0.2,10,0,134.3333333,950,0,1,0,1.303225373;
racing,killCuboid,1,0.2,10,0,135.6666667,950,0,1,0,1.732050808;
racing,killCuboid,1,0.2,10,0,137,950,0,1,0,2.414213562;
racing,killCuboid,1,0.2,10,0,138.3333333,950,0,1,0,3.732050808;
racing,killCuboid,1,0.2,10,0,139.6666667,950,0,1,0,7.595754113;
racing,killCuboid,1,0.2,10,0,141,950,0,1,0,1.63312E+16;
racing,killCuboid,1,0.2,10,0,142.3333333,950,0,1,0,-7.595754113;
racing,killCuboid,1,0.2,10,0,143.6666667,950,0,1,0,-3.732050808;
racing,killCuboid,1,0.2,10,0,145,950,0,1,0,-2.414213562;
racing,killCuboid,1,0.2,10,0,146.3333333,950,0,1,0,-1.732050808;
racing,killCuboid,1,0.2,10,0,147.6666667,950,0,1,0,-1.303225373;
racing,killCuboid,1,0.2,10,0,149,950,0,1,0,-1;
racing,killCuboid,1,0.2,10,0,150.3333333,950,0,1,0,-0.767326988;
racing,killCuboid,1,0.2,10,0,151.6666667,950,0,1,0,-0.5773502692;
racing,killCuboid,1,0.2,10,0,153,950,0,1,0,-0.4142135624;
racing,killCuboid,1,0.2,10,0,154.3333333,950,0,1,0,-0.2679491924;
racing,killCuboid,1,0.2,10,0,155.6666667,950,0,1,0,-0.1316524976;
racing,killCuboid,1,0.2,10,0,157,950,0,1,0,0;
racing,killCuboid,1,0.2,10,0,158.3333333,950,0,1,0,0.1316524976;
racing,killCuboid,1,0.2,10,0,159.6666667,950,0,1,0,0.2679491924;
racing,killCuboid,1,0.2,10,0,161,950,0,1,0,0.4142135624;
racing,killCuboid,1,0.2,10,0,162.3333333,950,0,1,0,0.5773502692;
racing,killCuboid,1,0.2,10,0,163.6666667,950,0,1,0,0.767326988;
racing,killCuboid,1.361316667,4,1,0,140,1000,0,1,0,0;
racing,killCuboid,1.37440625,5,1,12.94095226,150,998.2962913,0,1,0,-0.1316524976;
racing,killCuboid,1.37440625,5,1,25,150,993.3012702,0,1,0,-0.2679491924;
racing,killCuboid,1.37440625,5,1,35.35533906,150,985.3553391,0,1,0,-0.4142135624;
racing,killCuboid,1.37440625,5,1,43.30127019,150,975,0,1,0,-0.5773502692;
racing,killCuboid,1.37440625,5,1,48.29629131,150,962.9409523,0,1,0,-0.767326988;
racing,killCuboid,1.37440625,5,1,50,150,950,0,1,0,-1;
racing,killCuboid,1.37440625,5,1,48.29629131,150,937.0590477,0,1,0,-1.303225373;
racing,killCuboid,1.37440625,5,1,43.30127019,150,925,0,1,0,-1.732050808;
racing,killCuboid,1.37440625,5,1,35.35533906,150,914.6446609,0,1,0,-2.414213562;
racing,killCuboid,1.37440625,5,1,25,150,906.6987298,0,1,0,-3.732050808;
racing,killCuboid,1.37440625,5,1,12.94095226,150,901.7037087,0,1,0,-7.595754113;
racing,killCuboid,1.361316667,4,1,0,155,900,0,1,0,-1.63312E+16;
racing,killCuboid,1.37440625,5,1,-12.94095226,150,901.7037087,0,1,0,7.595754113;
racing,killCuboid,1.37440625,5,1,-25,150,906.6987298,0,1,0,3.732050808;
racing,killCuboid,1.37440625,5,1,-35.35533906,150,914.6446609,0,1,0,2.414213562;
racing,killCuboid,1.37440625,5,1,-43.30127019,150,925,0,1,0,1.732050808;
racing,killCuboid,1.37440625,5,1,-48.29629131,150,937.0590477,0,1,0,1.303225373;
racing,killCuboid,1.37440625,5,1,-50,150,950,0,1,0,1;
racing,killCuboid,1.37440625,5,1,-48.29629131,150,962.9409523,0,1,0,0.767326988;
racing,killCuboid,1.37440625,5,1,-43.30127019,150,975,0,1,0,0.5773502692;
racing,killCuboid,1.37440625,5,1,-35.35533906,150,985.3553391,0,1,0,0.4142135624;
racing,killCuboid,1.37440625,5,1,-25,150,993.3012702,0,1,0,0.2679491924;
racing,killCuboid,1.37440625,5,1,-12.94095226,150,998.2962913,0,1,0,0.1316524976;
custom,cuboid,stone4,1.3351375,1,1,1,1,1,1,1,1,0,139,899.5,0,1,0,-1.63312E+16;
racing,killCuboid,2,3,2,12.61324,165.3671,880.3134,0.4895279,0.4964114,-0.5033699,-0.5104478;
racing,killCuboid,1,0.2,10,0,125,1100,0,1,0,0;
racing,killCuboid,1,0.2,10,0,126.3333333,1100,0,1,0,0.1316524976;
racing,killCuboid,1,0.2,10,0,127.6666667,1100,0,1,0,0.2679491924;
racing,killCuboid,1,0.2,10,0,129,1100,0,1,0,0.4142135624;
racing,killCuboid,1,0.2,10,0,130.3333333,1100,0,1,0,0.5773502692;
racing,killCuboid,1,0.2,10,0,131.6666667,1100,0,1,0,0.767326988;
racing,killCuboid,1,0.2,10,0,133,1100,0,1,0,1;
racing,killCuboid,1,0.2,10,0,134.3333333,1100,0,1,0,1.303225373;
racing,killCuboid,1,0.2,10,0,135.6666667,1100,0,1,0,1.732050808;
racing,killCuboid,1,0.2,10,0,137,1100,0,1,0,2.414213562;
racing,killCuboid,1,0.2,10,0,138.3333333,1100,0,1,0,3.732050808;
racing,killCuboid,1,0.2,10,0,139.6666667,1100,0,1,0,7.595754113;
racing,killCuboid,1,0.2,10,0,141,1100,0,1,0,1.63312E+16;
racing,killCuboid,1,0.2,10,0,142.3333333,1100,0,1,0,-7.595754113;
racing,killCuboid,1,0.2,10,0,143.6666667,1100,0,1,0,-3.732050808;
racing,killCuboid,1,0.2,10,0,145,1100,0,1,0,-2.414213562;
racing,killCuboid,1,0.2,10,0,146.3333333,1100,0,1,0,-1.732050808;
racing,killCuboid,1,0.2,10,0,147.6666667,1100,0,1,0,-1.303225373;
racing,killCuboid,1,0.2,10,0,149,1100,0,1,0,-1;
racing,killCuboid,1,0.2,10,0,150.3333333,1100,0,1,0,-0.767326988;
racing,killCuboid,1,0.2,10,0,151.6666667,1100,0,1,0,-0.5773502692;
racing,killCuboid,1,0.2,10,0,153,1100,0,1,0,-0.4142135624;
racing,killCuboid,1,0.2,10,0,154.3333333,1100,0,1,0,-0.2679491924;
racing,killCuboid,1,0.2,10,0,155.6666667,1100,0,1,0,-0.1316524976;
racing,killCuboid,1,0.2,10,0,157,1100,0,1,0,0;
racing,killCuboid,1,0.2,10,0,158.3333333,1100,0,1,0,0.1316524976;
racing,killCuboid,1,0.2,10,0,159.6666667,1100,0,1,0,0.2679491924;
racing,killCuboid,1,0.2,10,0,161,1100,0,1,0,0.4142135624;
racing,killCuboid,1,0.2,10,0,162.3333333,1100,0,1,0,0.5773502692;
racing,killCuboid,1,0.2,10,0,163.6666667,1100,0,1,0,0.767326988;
racing,killCuboid,1.361316667,4,1,0,155,1150,0,1,0,0;
racing,killCuboid,1.37440625,5,1,12.94095226,150,1148.296291,0,1,0,-0.1316524976;
racing,killCuboid,1.37440625,5,1,25,150,1143.30127,0,1,0,-0.2679491924;
racing,killCuboid,1.37440625,5,1,35.35533906,150,1135.355339,0,1,0,-0.4142135624;
racing,killCuboid,1.37440625,5,1,43.30127019,150,1125,0,1,0,-0.5773502692;
racing,killCuboid,1.37440625,5,1,48.29629131,150,1112.940952,0,1,0,-0.767326988;
racing,killCuboid,1.37440625,5,1,50,150,1100,0,1,0,-1;
racing,killCuboid,1.37440625,5,1,48.29629131,150,1087.059048,0,1,0,-1.303225373;
racing,killCuboid,1.37440625,5,1,43.30127019,150,1075,0,1,0,-1.732050808;
racing,killCuboid,1.37440625,5,1,35.35533906,150,1064.644661,0,1,0,-2.414213562;
racing,killCuboid,1.37440625,5,1,25,150,1056.69873,0,1,0,-3.732050808;
racing,killCuboid,1.37440625,5,1,12.94095226,150,1051.703709,0,1,0,-7.595754113;
racing,killCuboid,1.361316667,4,1,0,140,1050,0,1,0,-1.63312E+16;
racing,killCuboid,1.37440625,5,1,-12.94095226,150,1051.703709,0,1,0,7.595754113;
racing,killCuboid,1.37440625,5,1,-25,150,1056.69873,0,1,0,3.732050808;
racing,killCuboid,1.37440625,5,1,-35.35533906,150,1064.644661,0,1,0,2.414213562;
racing,killCuboid,1.37440625,5,1,-43.30127019,150,1075,0,1,0,1.732050808;
racing,killCuboid,1.37440625,5,1,-48.29629131,150,1087.059048,0,1,0,1.303225373;
racing,killCuboid,1.37440625,5,1,-50,150,1100,0,1,0,1;
racing,killCuboid,1.37440625,5,1,-48.29629131,150,1112.940952,0,1,0,0.767326988;
racing,killCuboid,1.37440625,5,1,-43.30127019,150,1125,0,1,0,0.5773502692;
racing,killCuboid,1.37440625,5,1,-35.35533906,150,1135.355339,0,1,0,0.4142135624;
racing,killCuboid,1.37440625,5,1,-25,150,1143.30127,0,1,0,0.2679491924;
racing,killCuboid,1.37440625,5,1,-12.94095226,150,1148.296291,0,1,0,0.1316524976;
racing,killCuboid,2,3,2,-14.30625,134.7686,1031.2,0.5101753,0.5227964,0.4769748,0.4887742;
racing,killCylinder,1,5,1,-151.5653,139.1374,734.4243,0.02170454,0.02185659,-0.7043,-0.709234;
racing,killCuboid,22,3.5,1,-155,137.5,600,0,1,0,0.2216946626;
racing,killCuboid,18,3.5,1,-65,137.5,565,0,1,0,0.2216946626;
racing,killCuboid,22,1,7.5,-110,150,585,0,1,0,0.2216946626;
misc,barrier,10,2.5,1,-150,162.5,520,0,1,0,0.2216946626;
racing,killCuboid,10,2,1,-50,165,1150,0,1,0,0;
racing,killCuboid,4,1,5,0,150,725,0,1,0,0;
racing,killCuboid,1,3,5,-15,160,725,0,1,0,0;
racing,killCuboid,1,3,5,15,160,725,0,1,0,0;
racing,killCuboid,4,1,5,0,150,875,0,1,0,0;
racing,killCuboid,1,3,5,-15,140,875,0,1,0,0;
racing,killCuboid,1,3,5,15,140,875,0,1,0,0;
racing,killCuboid,4,1,5,0,150,1025,0,1,0,0;
racing,killCuboid,1,3,5,-15,160,1025,0,1,0,0;
racing,killCuboid,1,3,5,15,160,1025,0,1,0,0;
racing,killCuboid,12.5,1,5,-42.5,150,1175,0,1,0,0;
racing,killCuboid,1,3,5,15,140,1175,0,1,0,0;
custom,cuboid,rock2,1,1,1,1,1,1,1,1,1,0,130,1195,0,1,0,0;
racing,checkpointCuboid,1,0.25,1,0,136.25,1195,0,1,0,0;
racing,killCuboid,1,3.5,5,-100,137.5,1175,0,1,0,0;
racing,killCuboid,1,5,20.5,-100,150,1047.5,0,1,0,0;
racing,killCuboid,5,5,1,-80,150,950,0,1,0,0;
racing,killCuboid,5,5,1,80,150,1100,0,1,0,0;
racing,killCuboid,1,5,31,100,150,950,0,1,0,0;
racing,killCuboid,5,5,1,80,150,800,0,1,0,0;
racing,killCuboid,1,5,31,-100,148.8,800,0,1,0,0;
racing,killCuboid,5,5,1,-80,150,650,0,1,0,0;
racing,killCuboid,1,5,24,100,150,680,0,1,0,0;
custom,cuboid,stone4,1,2,5,1,0.5,0.7,1,2.5,1,-135,165,585,0,1,0,0;
custom,cuboid,stone4,1,5,48,1,0.5,0.7,1,25,2.5,-135,150,850,0,1,0,0;
custom,cuboid,stone4,1,5,50,1,0.5,0.7,1,25,2.5,-170,150,900,0,1,0,0;
custom,cuboid,stone4,6,5,1,1,0.5,0.7,1,1,2.5,-135,150,1145,0,1,0,0;
custom,cuboid,rock2,1,1,1,1,1,1,1,1,1,-125,130,630,0,1,0,0;
racing,checkpointCuboid,1,0.25,1,-125,136.25,630,0,1,0,0;
racing,killCuboid,1,5,60,150,150,900,0,1,0,0;
racing,killCuboid,1,5,1,205.201,144.7076,1195.27,0,0.6907898,0,0.7230556;
custom,torus,stone4,1,1,1,1,1,1,1,1,1,150,150,610,1,1,0,0;
racing,killCuboid,9,4.9,1,200,149,1204,0,1,0,0;
custom,cuboid,stone4,70,5,1,1,0.5,0.7,1,30,2.5,555,150,504,0,1,0,0;
racing,killCuboid,1,5,73,915,150,884,0,1,0,0;
custom,cuboid,stone4,1,5,73,1,0.5,0.7,1,30,2.5,-905,150,884,0,1,0,0;
custom,cuboid,rock2,1,1,1,1,1,1,1,1,1,250,130,1195,0,1,0,0;
racing,checkpointCuboid,1,0.25,1,250,136.25,1195,0,1,0,0;
racing,killCone,1,1,1,-864.3911,135.9535,885.6249,0,0.9999999,0,0.000532345;
custom,cuboid,stone4,1,15,1,1,1,1,1,0.5,7.5,405,200,662.5,0,1,0,0;
custom,cuboid,stone4,1,15,1,1,1,1,1,0.5,7.5,405,200,877.5,0,1,0,0;
custom,cuboid,stone6,1,15,1,1,1,1,1,0.5,7.5,509.7409,201,1094.555,0,1,0,0;
custom,cuboid,stone4,1,15,1,1,1,1,1,0.5,7.5,507.5,200,662.5,0,1,0,0;
custom,cuboid,stone4,1,15,1,1,1,1,1,0.5,7.5,507.5,200,877.5,0,1,0,0;
custom,cuboid,stone4,1,15,1,1,1,1,1,0.5,7.5,610,200,662.5,0,1,0,0;
custom,cuboid,stone4,1,15,1,1,1,1,1,0.5,7.5,610,200,877.5,0,1,0,0;
custom,sphere,default,0.5,0.5,0.5,0,1,1,1,1.0,1.0,-277.0154,200.1146,1090.686,0,0.6962524,0,-0.717797;
racing,killCuboid,67,1,9.5,507.5,180,1092.5,-0.1316524976,1,0,0;
racing,killCuboid,50,1,9.5,507.5,275,1092.5,0,1,0,0;
racing,killCuboid,55,17,1,532.5,272.5,1135,-0.1316524976,1,0,0;
racing,killCuboid,55,17,1,532.5,272.5,1050,-0.1316524976,1,0,0;
racing,killCuboid,1,17,9.5,802.5,345,1092.5,-0.1316524976,1,0,0;
misc,barrier,70,1,9.5,462.5,510,1092.5,-0.1316524976,1,0,0;
misc,barrier,55,17,1,487.5,432.5,1135,-0.1316524976,1,0,0;
misc,barrier,55,17,1,487.5,432.5,1050,-0.1316524976,1,0,0;
misc,barrier,1,17,9.5,757.5,505,1092.5,-0.1316524976,1,0,0;
racing,killCuboid,63,15,1,520,200,1043.75,0,1,0,0;
custom,cuboid,stone4,1,15,6,1,0.5,0.7,1,3,7.5,292.5,200,1170,0,1,0,0;
custom,cuboid,stone4,9.25,10,1,1,0.5,0.7,1,4.625,5,251.25,225,1205,0,1,0,0;
racing,killCuboid,1,10,17.125,200,225,1124.375,0,1,0,0;
racing,killCuboid,10.25,0.25,17.125,246.25,276.25,1124.375,0,1,0,0;
racing,killCuboid,0.5,6.5,9.5,302.5,237.5,1092.5,0,1,0,0;
racing,killCuboid,0.5,6.5,9.5,302.5,162.5,1092.5,0,1,0,0;
racing,killCuboid,0.5,14,5,302.5,200,1117.5,0,1,0,0;
racing,killCuboid,0.5,5,9.5,405,245,1092.5,0,1,0,0;
racing,killCuboid,0.5,5,9.5,405,185,1092.5,0,1,0,0;
racing,killCuboid,0.5,11,5,405,215,1067.5,0,1,0,0;
racing,killCuboid,0.5,3.5,9.5,507.5,252.5,1092.5,0,1,0,0;
racing,killCuboid,0.5,3.5,9.5,507.5,207.5,1092.5,0,1,0,0;
racing,killCuboid,0.5,8,5,507.5,230,1117.5,0,1,0,0;
racing,killCuboid,0.5,2,9.5,610,260,1092.5,0,1,0,0;
racing,killCuboid,0.5,2,9.5,610,230,1092.5,0,1,0,0;
racing,killCuboid,0.5,5,5,610,245,1067.5,0,1,0,0;
racing,killCuboid,65,1,9.5,-507.5,180,1092.5,0.1316524976,1,0,0;
racing,killCuboid,70,1,9.5,-600,350,1092.5,0.1316524976,1,0,0;
racing,killCuboid,55,47,1,-532.5,272.5,1135,0.1316524976,1,0,0;
racing,killCuboid,55,47,1,-532.5,272.5,1050,0.1316524976,1,0,0;
misc,barrier,57.5,1,10,-612.5,457.5,1092.5,0,1,0,0;
racing,killCone,1,1,1,-874.8661,136.4786,981.0959,0,0.999975,0,0.007077114;
custom,sphere,default,0.5,0.5,0.5,0,1,1,1,1.0,1.0,-710.5391,346.0973,1091.13,0,0.7102347,0,-0.7039649;
racing,killCuboid,40,1,9.5,-720,150,1092.5,0,1,0,0;
custom,sphere,default,0.5,0.5,0.5,0,1,1,1,1.0,1.0,-528.5818,149.0415,1089.557,0,0.7058327,0,-0.7083787;
racing,killCuboid,58,0.1,9.5,-570,125,1092.5,0,1,0,0;
racing,killCuboid,1,40,9.5,-905,375,1092.5,0,1,0,0;
racing,killCuboid,20,45,1,-805,350,1140,0,1,0,0;
racing,killCuboid,20,45,1,-805,370,1045,0,1,0,0;
custom,cuboid,stone4,1,2,1,1,1,1,1,0.5,1,-840,135,1045,0,1,0,0;
misc,barrier,57.5,18,1,-37.5,367.5,1050,0,1,0,0;
misc,barrier,57.5,18,1,-37.5,367.5,1135,0,1,0,0;
misc,barrier,47.5,11,1,-37.5,232.5,1050,0,1,0,0;
misc,barrier,47.5,11,1,-37.5,232.5,1135,0,1,0,0;
misc,barrier,9,6,1,-247.5,150,1050,0,1,0,0;
misc,barrier,9,6,1,-247.5,150,1135,0,1,0,0;
misc,barrier,57.5,1,10,-37.5,457.5,1092.5,0,1,0,0;
racing,killCuboid,0.5,4.75,47.6,-840,150,802,0,1,0,0;
custom,cuboid,stone4,1,5,1.983333333,1,0.5,0.7,1,0.9916666667,2.5,-840,150,1000.333333,0,1,0,0;
custom,cuboid,stone4,1,5,1.983333333,1,0.5,0.7,1,0.9916666667,2.5,-840,150,960.6666667,0,1,0,0;
custom,cuboid,stone4,1,5,1.983333333,1,0.5,0.7,1,0.9916666667,2.5,-840,150,921,0,1,0,0;
custom,cuboid,stone4,1,5,1.983333333,1,0.5,0.7,1,0.9916666667,2.5,-840,150,881.3333333,0,1,0,0;
custom,cuboid,stone4,1,5,1.983333333,1,0.5,0.7,1,0.9916666667,2.5,-840,150,841.6666667,0,1,0,0;
custom,cuboid,stone4,1,5,1.983333333,1,0.5,0.7,1,0.9916666667,2.5,-840,150,802,0,1,0,0;
custom,cuboid,stone4,1,5,1.983333333,1,0.5,0.7,1,0.9916666667,2.5,-840,150,762.3333333,0,1,0,0;
custom,cuboid,stone4,1,5,1.983333333,1,0.5,0.7,1,0.9916666667,2.5,-840,150,722.6666667,0,1,0,0;
custom,cuboid,stone4,1,5,1.983333333,1,0.5,0.7,1,0.9916666667,2.5,-840,150,683,0,1,0,0;
custom,cuboid,stone4,1,5,1.983333333,1,0.5,0.7,1,0.9916666667,2.5,-840,150,643.3333333,0,1,0,0;
custom,cuboid,stone4,1,5,1.983333333,1,0.5,0.7,1,0.9916666667,2.5,-840,150,603.6666667,0,1,0,0;
custom,cuboid,stone4,1,5,1.983333333,1,0.5,0.7,1,0.9916666667,2.5,-840,150,564,0,1,0,0;
racing,killCuboid,7,1,52.6,-872.5,180,777,0,1,0,0;
racing,killCuboid,7,1,47.6,-802.5,180,802,0,1,0,0;
racing,killCuboid,0.5,12,47.6,-770,180,752,0,1,0,0;
racing,killCuboid,0.5,12,52.6,-910,180,777,0,1,0,0;
racing,killCuboid,14.5,1,52.6,-840,235,777,0,1,0,0;
racing,killCuboid,14.5,12,1,-840,180,514,0,1,0,0;
custom,torus,stone6,2,2,2,1,1,1,1,0.5,0.5,-735,240,880,0,1,1,0;
custom,cuboid,rock2,1,1,1,1,1,1,1,1,1,-805,130,1020,0,1,0,0;
racing,checkpointCuboid,1,0.25,1,-805,136.25,1020,0,1,0,0;
custom,cuboid,stone4,1,5,6.25,1,0.5,0.7,1,3.125,2.5,-770,150,1012.5,0,1,0,0;
racing,killCuboid,107.25,1,12.6,-236.25,222.5,985,-0.04366094291,1,0,0;
racing,killCuboid,107.25,30,1,-248.75,372.5,922,-0.04366094291,1,0,0;
racing,killCuboid,1,25,12.6,-770,360,985,0,1,0,0;
racing,killCuboid,107.25,1,12.6,-258.75,522.5,985,-0.04366094291,1,0,0;
racing,killCuboid,107.25,30,1,-248.75,372.5,1048,-0.04366094291,1,0,0;
custom,cuboid,stone4,48.0875,1,44.2125,1,1,1,1,24.04375,22.10625,537.9375,270.5,817.6875,0,1,0,0;
misc,barrier,48.0875,1,44.2125,537.9375,271,817.6875,0,1,0,0;
custom,cuboid,stone4,49.08,3,0.5,1,0.5,0.7,1,24.54,1,537.9375,280,594.125,0,1,0,0;
racing,killCuboid,0.5,3,44.2,780.875,280,817.6875,0,1,0,0;
custom,cuboid,stone4,0.5,3,32.025,1,0.5,0.7,1,16.0125,1,295,280,756.8125,0,1,0,0;
misc,barrier,49.0875,1,45.2125,537.9375,300,817.6875,0,1,0,0;
misc,barrier,1,30,13.2,280,445,982.875,0,1,0,0;
custom,killCuboid,default,1,30,13.2,1,1,1,1,1,1,280,445,982.875,0,1,0,0;
custom,endPyramid,default,0.4,1,0.4,1,1,1,1,1,1,755,290,1040,1,1,0,0;
racing,killCuboid,1,3,12,357.5,280,985,0,1,0,0;
racing,killCuboid,1,3,11,412.5,280,930,0,1,0,0;
racing,killCuboid,1,3,12,467.5,280,985,0,1,0,0;
racing,killCuboid,1,3,11,522.5,280,930,0,1,0,0;
racing,killCuboid,1,3,12,577.5,280,985,0,1,0,0;
racing,killCuboid,1,3,11,632.5,280,930,0,1,0,0;
racing,killCuboid,1,3,12,687.5,280,985,0,1,0,0;
racing,killCuboid,1,3,11,742.5,280,930,0,1,0,0;
racing,killCuboid,1,3,13,358,280,820,0,1,0,1;
racing,killCuboid,1,3,16,467.5,280,765,0,1,0,1;
racing,killCuboid,1,3,13,577.5,280,820,0,1,0,1;
racing,killCuboid,1,3,13,687.5,280,765,0,1,0,1;
racing,killCuboid,1,3,12,357.5,280,705,0,1,0,0;
racing,killCuboid,1,3,11,412.5,280,650,0,1,0,0;
racing,killCuboid,1,3,12,467.5,280,705,0,1,0,0;
racing,killCuboid,1,3,11,522.5,280,650,0,1,0,0;
racing,killCuboid,1,3,12,577.5,280,705,0,1,0,0;
racing,killCuboid,1,3,11,632.5,280,650,0,1,0,0;
racing,killCuboid,1,3,12,687.5,280,705,0,1,0,0;
racing,killCuboid,1,3,11,742.5,280,650,0,1,0,0;
racing,killCuboid,1,3,5.2,397.75,280,934.5,0,1,0,2.144506921;
racing,killCuboid,1,3,7.2,460.9375,280,955.5,0,1,0,-1.303225373;
racing,killCuboid,1,3,4.9,535.125,280,936.5,0,1,0,-114.5886501;
racing,killCuboid,1,3,4.5,580.3125,280,942.5,0,1,0,-0.02618592157;
racing,killCuboid,1,3,4.8,665.5,280,944.5,0,1,0,0.5317094317;
racing,killCuboid,1,3,6.1,748.6875,280,944.5,0,1,0,-1.962610506;
racing,killCuboid,1,3,4,392.75,280,891.625,0,1,0,0.04366094291;
racing,killCuboid,1,3,4.7,435.9375,280,894.625,0,1,0,0.9489645667;
racing,killCuboid,1,3,6.5,537.125,280,875.625,0,1,0,-14.30066626;
racing,killCuboid,1,3,7.6,593.3125,280,894.625,0,1,0,-1.841770886;
racing,killCuboid,1,3,7.7,666.5,280,885.625,0,1,0,-22.90376555;
racing,killCuboid,1,3,10.2,713.6875,280,881.625,0,1,0,-4.915157031;
racing,killCuboid,1,3,7.5,339.75,280,821.75,0,1,0,7.115369722;
racing,killCuboid,1,3,8,466.9375,280,819.75,0,1,0,-3.270852618;
racing,killCuboid,1,3,5.2,505.125,280,809.75,0,1,0,-0.4142135624;
racing,killCuboid,1,3,7.8,570.3125,280,814.75,0,1,0,0.383864035;
racing,killCuboid,1,3,4.7,668.5,280,815.75,0,1,0,-19.08113669;
racing,killCuboid,1,3,5.8,709.6875,280,831.75,0,1,0,-0.383864035;
racing,killCuboid,1,3,7.9,361.75,280,751.875,0,1,0,2.475086853;
racing,killCuboid,1,3,5,429.9375,280,758.875,0,1,0,0.1405408347;
racing,killCuboid,1,3,4.5,537.125,280,765.875,0,1,0,-1.279941632;
racing,killCuboid,1,3,5.2,557.3125,280,785.875,0,1,0,22.90376555;
racing,killCuboid,1,3,5.5,645.5,280,774.875,0,1,0,2.823912886;
racing,killCuboid,1,3,4.7,741.6875,280,771.875,0,1,0,0.1227845609;
racing,killCuboid,1,3,6.3,354.75,280,688,0,1,0,1.569685577;
racing,killCuboid,1,3,6,458.9375,280,709,0,1,0,4.915157031;
racing,killCuboid,1,3,6.9,512.125,280,704,0,1,0,8.776887357;
racing,killCuboid,1,3,7.2,599.3125,280,685,0,1,0,-1.631851687;
racing,killCuboid,1,3,6.4,681.5,280,707,0,1,0,-2.144506921;
racing,killCuboid,1,3,5.3,710.6875,280,708,0,1,0,-1.053780125;
racing,killCuboid,1,3,7,372,280,865,0,1,0,-0.4142135624;
racing,killCuboid,1,3,6,549.5,280,965,0,1,0,1;
racing,killCuboid,1,3,6,645.75,280,861.25,0,1,0,0.3152987889;
racing,killCuboid,1,3,4,687,280,875,0,1,0,0.5773502692;
custom,cuboid,stone4,7.36875,17,1,1,0.5,0.7,1,3.684375,8.5,820.21875,210,1033.75,0,1,0,0;
custom,cuboid,stone4,1,17,10.625,1,0.5,0.7,1,5.3125,8.5,857.0625,210,1086.875,0,1,0,0;
racing,killCuboid,8.36875,1,2,820.21875,300,1038.75,0,1,0,0;
racing,killCuboid,5,1,11.625,837.0625,300,1086.875,0,1,0,0;
custom,cuboid,rock2,1,1,1,1,1,1,1,1,1,847.0625,130,1043.75,0,1,0,0;
racing,checkpointCuboid,1,0.25,1,847.0625,136.25,1043.75,0,1,0,0;
racing,killCuboid,45.20625,17,1,631.03125,210,1145,0,1,0,0;
racing,killCuboid,2,7.5,9.5,712.5,190,1092.5,0,1,0,0;
racing,killCuboid,2,7.5,9.5,712.5,110,1092.5,0,1,0,0;
racing,killCuboid,2,15,5,712.5,150,1067.5,0,1,0,0;
racing,killCuboid,5,5,9.5,610,192.5,1092.5,0,1,0,0;
racing,killCuboid,5,6,9.5,610,132.5,1092.5,0,1,0,0;
racing,killCuboid,5,12,5,610,150,1117.5,0,1,0,0;
racing,killCuboid,8,4.5,9.5,507.5,176,1092.5,0,1,0,0;
racing,killCuboid,8,4.5,9.5,507.5,124,1092.5,0,1,0,0;
racing,killCuboid,8,9,5,507.5,150,1067.5,0,1,0,0;
racing,killCuboid,62.25,1,7.5,603.75,180,1177.5,0,1,0,0;
custom,cuboid,rock2,1,1,1,1,1,1,1,1,1,302.5,130,1177.5,0,1,0,0;
racing,checkpointCuboid,1,0.25,1,302.5,136.25,1177.5,0,1,0,0;
racing,killCuboid,5,14,30,780.875,195,883.75,0,1,0,0;
racing,killCuboid,5,14,10,780.875,195,662.5,0,1,0,0;
racing,killCuboid,5,10,42,780.875,175,823.75,0,1,0,0;
racing,killCuboid,5,2,42,780.875,255,823.75,0,1,0,0;
racing,killCuboid,5.5,1,11.625,889.5625,180,1086.875,0,1,0,0;
racing,killCuboid,11,1,28,861.0625,180,888.75,0,1,0,0;
racing,killCuboid,11,1,8,861.0625,180,653.75,0,1,0,0;
racing,killCuboid,11,1,42,860.875,270,823.75,0,1,0,0;
racing,killCuboid,1,9,42,915.875,220,823.75,0,1,0,0;
racing,killCuboid,11,14,1,860.875,195,608.75,0,1,0,0;
racing,killCuboid,11,9,1,860.875,220,838.75,0,1,0,0;
racing,killCuboid,45.0875,14,3,530.4375,195,604.125,0,1,0,0;
racing,killCuboid,10.25,3,30.75,610,140,770,0,1,0,0;
racing,killCuboid,10.25,10,30.75,610,220,770,0,1,0,0;
racing,killCuboid,1.5,1.5,25.75,610,162.5,795,0,1,0,0;
racing,killCuboid,1.5,15,11.5,610,200,981.25,0,1,0,0;
racing,killCuboid,1.5,1.5,30.75,653.75,162.5,770,0,1,0,0;
racing,killCuboid,10.25,6,30.75,507.5,155,770,0,1,0,0;
racing,killCuboid,10.25,7,30.75,507.5,235,770,0,1,0,0;
racing,killCuboid,1.5,1.5,25.75,507.5,192.5,795,0,1,0,0;
racing,killCuboid,1.5,15,11.5,507.5,200,981.25,0,1,0,0;
racing,killCuboid,10.25,9,30.75,405,170,770,0,1,0,0;
racing,killCuboid,10.25,4,30.75,405,250,770,0,1,0,0;
racing,killCuboid,1.5,1.5,25.75,405,222.5,795,0,1,0,0;
racing,killCuboid,1.5,15,11.5,405,200,981.25,0,1,0,0;
racing,killCuboid,1.5,1.5,30.75,361.25,222.5,770,0,1,0,0;
racing,killCuboid,1.5,15,53.975,285,200,773.875,0,1,0,0;
racing,killCuboid,5,10,1.5,302.5,225,594.125,0,1,0,0;
misc,barrier,63,1,11.0125,600,180,564.0625,0,1,0,0;
custom,cuboid,rock2,1,1,1,1,1,1,1,1,1,325,130,1030,0,1,0,0;
racing,checkpointCuboid,1,0.25,1,325,136.25,1030,0,1,0,0;
racing,killCuboid,77,1,59,590,121,744,0,1,0,0;
racing,killCuboid,1,5,16,900.5,150,504,0,1,0,0;
racing,killCuboid,1,5,16,780.5,150,504,0,1,0,0;
racing,killCuboid,1,5,16,660.5,150,504,0,1,0,0;
racing,killCuboid,1,5,16,540.5,150,504,0,1,0,0;
racing,killCuboid,1,5,16,420.5,150,504,0,1,0,0;
racing,killCuboid,8,5,1,935.5,150,429,0,1,0,0;
racing,killCuboid,1,5,62,970.5,150,734,0,1,0,0;
misc,barrier,8,1,79,935.5,180,819,0,1,0,0;
custom,cuboid,stone4,1,5,5,1,1,1,1,2.5,2.5,970.5,150,1069,0,1,0,0;
custom,startCuboid,default,22.45,2,1,1,1,1,1,11.225,1,1087.75,135,1089,0,1,0,0;
custom,startCuboid,default,22.45,2,1,1,1,1,1,11.225,1,1087.75,165,1089,0,1,0,0;
custom,startCuboid,default,22.45,2,1,1,1,1,1,11.225,1,1087.75,135,1089,0,1,0,0;
custom,startCuboid,default,22.45,2,1,1,1,1,1,11.225,1,1087.75,165,1089,0,1,0,0;
custom,killCuboid,default,22.45,2,1,1,1,1,1,11.225,1,1087.75,135,1089,0,1,0,0;
custom,killCuboid,default,22.45,2,1,1,1,1,1,11.225,1,1087.75,165,1089,0,1,0,0;
racing,checkpointCuboid,22.45,1,1,1087.75,150,1089,0,1,0,0;
misc,barrier,22.45,1,12.6,1087.75,180,1137,0,1,0,0;
custom,startCuboid,default,22.45,2,228.4,1,1,1,1,1,1,1087.75,134,-58,0,1,0,0;
misc,barrier,22.45,2,228.4,1087.75,135,-58,0,1,0,0;
custom,startCuboid,default,22.45,2,228.4,1,1,1,1,1,1,1087.75,165,-58,0,1,0,0;
custom,startCuboid,default,1,5,228.4,1,1,1,1,1,1,1195,150,-58,0,1,0,0;
custom,startCuboid,default,1,5,205.95,1,1,1,1,1,1,980.5,150,54.25,0,1,0,0;
custom,startCuboid,default,22.45,2,217.55,1,1,1,1,1,1,-112.25,134,-1087.75,0,1,0,1;
misc,barrier,22.45,2,217.55,-112.25,135,-1087.75,0,1,0,1;
custom,startCuboid,default,22.45,2,217.55,1,1,1,1,1,1,-112.25,165,-1087.75,0,1,0,1;
custom,startCuboid,default,1,5,217.55,1,1,1,1,1,1,-112.25,150,-1195,0,1,0,1;
custom,startCuboid,default,1,5,195.1,1,1,1,1,1,1,0,150,-980.5,0,1,0,1;
custom,startCuboid,default,22.45,2,147.55,1,1,1,1,1,1,-1087.75,134,-237.75,0,1,0,0;
misc,barrier,22.45,2,147.55,-1087.75,135,-237.75,0,1,0,0;
custom,startCuboid,default,22.45,2,147.55,1,1,1,1,1,1,-1087.75,165,-237.75,0,1,0,0;
custom,startCuboid,default,1,5,125.1,1,1,1,1,1,1,-980.5,150,-350,0,1,0,0;
custom,startCuboid,default,1,5,147.55,1,1,1,1,1,1,-1195,150,-237.75,0,1,0,0;
custom,startCuboid,default,22.45,5,1,1,1,1,1,1,1,-1087.75,150,495,0,1,0,0;
custom,startCuboid,default,22.45,2,147.55,1,1,1,1,1,1,-863.25,134,-237.75,0,1,0,0;
misc,barrier,22.45,2,147.55,-863.25,135,-237.75,0,1,0,0;
custom,startCuboid,default,22.45,2,147.55,1,1,1,1,1,1,-863.25,165,-237.75,0,1,0,0;
custom,startCuboid,default,1,5,125.1,1,1,1,1,1,1,-756,150,-125.5,0,1,0,0;
custom,startCuboid,default,1,5,125.1,1,1,1,1,1,1,-970.5,150,-350,0,1,0,0;
custom,startCuboid,default,22.45,5,1,1,1,1,1,1,1,-863.25,150,495,0,1,0,0;
custom,startCuboid,default,22.45,2,86.325,1,1,1,1,1,1,-319.375,134,-863.25,0,1,0,1;
misc,barrier,22.45,2,86.325,-319.375,135,-863.25,0,1,0,1;
custom,startCuboid,default,22.45,2,86.325,1,1,1,1,1,1,-319.375,165,-863.25,0,1,0,1;
custom,startCuboid,default,1,5,86.325,1,1,1,1,1,1,-319.375,150,-970.5,0,1,0,1;
custom,startCuboid,default,1,5,63.875,1,1,1,1,1,1,-431.625,150,-756,0,1,0,1;
custom,startCuboid,default,22.45,5,1,1,1,1,1,1,1,107.25,150,-863.25,0,1,0,1;
custom,killCuboid,default,22.45,2,47.6,1,1,1,1,1,1,0,134,-513,0,1,0,0;
misc,barrier,22.45,2,47.6,-0.0185685,136.2,-511.0013,0,1,0,0;
custom,killCuboid,default,22.45,2,47.6,1,1,1,1,1,1,0,165,-513,0,1,0,0;
custom,killCuboid,default,1,5,47.6,1,1,1,1,1,1,107.25,150,-513,0,1,0,0;
custom,killCuboid,default,1,5,47.6,1,1,1,1,1,1,-107.25,150,-513,0,1,0,0;
racing,endCuboid,9,5,5,0,150,-250,0,1,0,0;
custom,cuboid,stone4,1,1.5,1,1,0.9,0.8,0,0.5,0.75,0,132.5,-50,0,1,0,0;
racing,checkpointCuboid,0.5,0.125,0.5,0,140.625,-50,0,1,0,0;
custom,cuboid,stone4,1,1,1,1,0.7,0.7,0.7,0.5,0.5,-10,130,-50,0,1,0,0;
racing,checkpointCuboid,0.5,0.125,0.5,-10,135.625,-50,0,1,0,0;
custom,cuboid,stone4,1,0.5,1,1,0.6,0.4,0.3,0.5,0.25,10,127.5,-50,0,1,0,0;
racing,checkpointCuboid,0.5,0.125,0.5,10,130.625,-50,0,1,0,0;
custom,statue2,stone6,1,1,1,1,1,1,1,0.5,0.5,-30,125,-55,0,1,0,0;
custom,statue2,stone6,1,1,1,1,1,1,1,0.5,0.5,30,125,-55,0,1,0,0;
custom,sphere,default,0.5,0.5,0.5,0,1,1,1,1.0,1.0,48.56181,157.9711,228.3836,0,0.1106123,0,0.9938636;
racing,killCylinder,1,5,1,-155.2777,134.6861,938.27,0.01267752,0.01245816,-0.7131382,-0.7007982;
racing,killCylinder,1,5,1,-155.2991,157.882,973.4642,0.007911728,0.008022971,-0.7021084,-0.7119809;
racing,killCylinder,1,5,1,-154.0462,137.9856,1013.698,0.007925716,0.008009158,-0.7033501,-0.7107544;
racing,killCylinder,1,5,1,-156.2515,159.004,1058.312,0.007939687,0.007995306,-0.7045894,-0.7095258;
racing,killCone,1,2,1,-131.4315,150.2969,1171.395,0,0.7412006,0,0.6712836;
racing,killCone,1,2,1,-170.2518,148.4199,1179.852,0,0.01235623,0,0.9999236;
racing,killCuboid,1,5,1,205.4007,144.6594,1174.141,0,0.697071,0,0.7170022;
racing,killCone,1,1,1,-884.3768,134.2236,766.5973,0,0.9999999,0,0.000532345;
racing,killCone,1,1,1,-874.3224,135.642,701.2196,0,0.9998749,0,0.01581515;
racing,killCone,1,1,1,-866.9533,137.7068,632.2194,0,0.9999748,0,0.007090585;
racing,killCone,1,1,1,-882.7286,138.753,554.5447,0,0.9997499,0,0.02236414;
racing,killCone,1,1,1,-835.918,137.4172,531.1971,0,0.6605383,0,0.7507923;
racing,killCone,1,1,1,-803.2775,138.168,632.2016,0,0.001583424,0,0.9999987;
racing,killCone,1,1,1,-813.1808,137.2892,735.1533,0,0.01151599,0,-0.9999337;
racing,killCone,1,1,1,-790.8245,137.0239,832.0527,0,0.00715527,0,-0.9999744;
racing,killCone,1,1,1,-804.1479,137.787,916.8588,0,0.00715527,0,-0.9999744;
racing,killCuboid,1,5,1,-770.4271,207.3358,1012.777,0,0.713509,0,0.7006461;
racing,killCuboid,1,5,1,-774.7394,209.3227,1011.261,0.5062738,0.5027517,0.4971695,0.4937105;
racing,killCylinder,1,10,1,10.36421,147.7326,-282.6859,0.0001718973,0.0001718973,-0.707107,-0.7071066;
racing,killCylinder,1,10,1,-1.533097,130.3329,-280.6067,0.0001718975,0.0001718975,-0.707107,-0.7071065;
