map,disablebounds;
custom,cuboid,stone4,5,5,99,0,1,1,1,5,5,23.3201,23.42773,-138.0644,0,0.9996571,0,0.02618557;
custom,cuboid,stone4,0.5,1,99,1,0,1,1,5,5,45.89102,49.58782,-137.0741,0,0.9996571,0,0.02618557;
custom,cuboid,stone4,0.5,1,99,1,0,1,1,5,5,0.8602587,49.66776,-139.1951,0,0.9996571,0,0.02618557;
misc,barrier,5,1,99,23.32198,45.10771,-138.2571,0,0.9996571,0,0.02618557;
custom,arc180,stone1,20,20,5,0,0,1,1,9,9,89.57832,35.43854,-657.0903,0,0.7087472,0,-0.7054626;
custom,cuboid,stone1,99,1,99,0,1,0,0,9,9,32.07596,90.57475,-228.0439,0,0.9995537,0,0.02987353;
custom,cuboid,stone1,5,5,1,0,1,0,0,9,9,-19.73912,64.05094,372.6029,0,0.9983015,0,0.05825958;
custom,cuboid,stone1,10,1,5,0,1,0,0,9,9,-81.8159,84.28764,311.4225,0,0.6685389,0,0.7436772;
misc,barrier,5,5,0.5,20.1207,75.12701,-74.72477,0,0.9992332,0,0.03915558;
racing,endCuboid,5,0.1,0.1,19.71141,52.3814,-68.25034,0,0.9991337,0,0.04161582;
custom,arc180,stone1,20,20,5,0,0,1,1,9,9,7.171521,36.14516,-660.5446,0,0.7344961,0,-0.6786129;
custom,cuboid,stone1,99,5,99,1,1,0,1,9,9,40.25681,23.84613,-249.0498,0,0.9993012,0,0.03737886;
custom,arc180,stone2,9,10,2,0,1,0,0,9,9,87.18526,61.28381,-624.4728,0,0.7133198,0,-0.7008388;
misc,barrier,99,1,99,9.852067,91.48719,-228.8351,0,0.9995531,0,0.02989253;
misc,barrier,99,5,99,40.49528,24.84962,-248.9851,0,0.9992985,0,0.03745336;
custom,cuboid,stone1,1,5,88,0,1,0,0,9,9,76.62934,62.36919,-144.9937,0,0.02878474,0,-0.9995856;
misc,barrier,1,5,88,-1.064582,62.63425,-174.6285,0,0.0273782,0,-0.9996251;
misc,barrier,1,5,88,47.89899,62.55422,-144.0411,0,0.0273782,0,-0.9996251;
custom,arc180,stone2,10,10,2,0,1,0,0,9,9,10.36122,61.56081,-640.0317,0,0.7360953,0,-0.6768779;
spawnpoint,playerC,19.73124,53.49645,-115.1615,0,0.04648384,0,-0.9989191;
racing,startCuboid,5,10,1,24.29534,62.05772,-156.8474,0,0.03709501,0,-0.9993117;
custom,cuboid,stone1,1,10,88,0,1,0,0,9,9,-31.14272,37.6292,-152.2199,0,0.0258114,0,-0.9996669;
custom,cuboid,stone1,1,10,88,0,1,0,0,9,9,109.9422,38.1093,-143.4697,0,0.02755611,0,-0.9996203;
custom,cuboid,stone1,1,10,88,0,1,0,0,9,9,-74.57195,38.06483,-154.7189,0,0.03669446,0,-0.9993265;
custom,cuboid,stone1,20,1,10,0,1,0,0,9,9,-8.521926,18.21774,279.1052,-0.008589763,0.9618328,0.2718086,0.03039606;
custom,arc90,stone1,10,20,10,0,1,0,0,9,9,-73.36081,26.35335,329.2344,0,0.6737086,0,0.7389972;
custom,cuboid,stone1,20,1,20,0,1,0,0,9,9,-8.970805,-3.456237,288.6546,0,0.9996181,0,0.02763514;
custom,arc90,stone1,10,20,10,0,1,0,0,9,9,45.35019,26.16913,338.7229,0,0.9998479,0,0.01744227;
custom,cuboid,stone1,1,20,8,0,1,0,0,9,9,-38.30534,-12.42682,316.2841,0,0.9801742,0,-0.1981379;
custom,cuboid,stone1,1,20,8,0,1,0,0,9,9,34.35776,-12.75611,319.3106,0,0.9763779,0,0.2160697;
misc,barrier,20,1,20,-8.589567,-3.268769,288.5564,0,0.9996145,0,0.02776267;
custom,cuboid,stone1,1,10,5,0,1,0,0,9,9,-2.386629,96.42168,351.3689,0,0.6878233,0,0.7258782;
custom,cuboid,stone1,1,5,5,0,1,0,0,9,9,52.92062,24.73538,263.8455,0,0.9994121,0,0.03428529;
custom,tube,stone1,5,99,5,0,1,0,0,9,9,-42.57461,21.98482,709.4254,-0.7064567,0.03032072,-0.03032071,-0.7064562;
custom,cuboid,stone1,10,1,5,0,1,0,0,9,9,-56.76472,83.86481,344.115,0,0.8705997,0,0.4919921;
custom,cuboid,stone1,10,1,5,0,1,0,0,9,9,-5.804556,82.70878,371.3806,0,0.9994346,0,0.03362231;
custom,cuboid,stone1,10,1,5,0,1,0,0,9,9,60.18253,83.25817,307.6329,0,0.7917274,0,-0.6108745;
custom,cuboid,default,0.5,10,0.5,0,1,0,0,9,9,-17.80463,20.64699,415.6833,0.005003986,0.04298534,-0.1155226,-0.9923618;
custom,cuboid,default,0.5,10,0.5,0,1,0,0,9,9,-13.3717,10.44697,421.0484,0.00960239,0.04219689,-0.221681,-0.9741585;
custom,cuboid,default,0.5,10,0.5,0,1,0,0,9,9,-21.3036,24.56703,425.3166,0.01467331,0.04071209,-0.3387488,-0.9398811;
custom,cuboid,stone2,0.5,10,1,0,1,0,0,9,9,-19.41668,21.19828,432.3334,0.01522332,0.03137903,-0.4362223,-0.8991628;
custom,cuboid,default,0.5,10,0.5,0,1,0,0,9,9,-17.63816,-6.353023,411.5708,0,0.04327558,0,-0.9990632;
custom,cuboid,default,0.5,10,0.5,0,1,0,0,9,9,-17.63816,-6.353023,411.5708,0,0.04327558,0,-0.9990632;
custom,cuboid,default,0.5,10,0.5,0,1,0,0,9,9,-17.63816,-6.353023,411.5708,0,0.04327558,0,-0.9990632;
custom,cuboid,stone2,0.5,10,1,0,1,0,0,9,9,-15.33662,20.21004,438.08,-0.5324787,0.8462153,-0.01046553,0.01663188;
custom,cuboid,stone2,0.5,0.5,99,0,1,0,0,9,9,-60.391,25.67898,905.7152,0.004287101,0.04230132,0.001920204,-0.9990939;
custom,cuboid,stone2,0.5,10,1,0,1,0,0,9,9,-20.49934,21.74583,446.1508,-0.6154116,0.7859922,-0.03639252,0.04647982;
custom,cuboid,stone2,0.5,10,1,0,1,0,0,9,9,-22.90377,21.69461,451.5932,-0.7066709,0.7066705,-0.02483059,0.02483059;
custom,cuboid,stone2,0.5,10,1,0,1,0,0,9,9,-23.98567,21.82225,459.4014,-0.7788546,0.6239806,-0.04956675,0.03971048;
custom,cuboid,stone2,0.5,10,1,0,1,0,0,9,9,-21.98364,22.26824,465.5413,-0.8410929,0.5337734,-0.0738423,0.04686176;
custom,cuboid,stone2,0.5,10,1,0,1,0,0,9,9,-23.52784,21.37363,473.4855,0.4588107,0.8863883,0.04658735,0.04047376;
custom,cuboid,stone2,0.5,10,1,0,1,0,0,9,9,-25.00805,20.92087,480.2826,0.3776063,0.925295,0.0133193,0.03263799;
custom,cuboid,stone2,0.5,10,1,0,1,0,0,9,9,-25.21338,22.11254,487.1929,0.2847993,0.9553398,0.02252284,0.07555139;
custom,cuboid,stone2,0.5,10,1,0,1,0,0,9,9,-25.67297,21.27942,493.1365,0.1907521,0.9813337,0.004665212,0.02400043;
custom,cuboid,stone2,0.5,10,1,0,1,0,0,9,9,-25.88003,22.2963,499.4904,0.09929006,0.9947581,0.002428329,0.02432872;
custom,cuboid,stone2,0.5,10,1,0,1,0,0,9,9,-26.67305,23.43176,508.8315,0,0.9988044,0,0.04888715;
custom,cuboid,stone2,10,10,1,0,1,0,0,9,9,-76.48614,25.10505,534.1742,0,0.04499613,0,-0.9989871;
custom,cuboid,stone2,10,10,1,0,1,0,0,9,9,-13.59845,70.33928,562.0373,0,0.04007274,0,-0.9991968;
custom,cuboid,stone2,10,10,1,0,1,0,0,9,9,13.80785,6.209415,591.7656,0,0.04193706,0,-0.9991202;
custom,cuboid,stone2,10,10,1,0,1,0,0,9,9,-35.21651,75.30297,615.0889,0,0.0420386,0,-0.999116;
custom,cuboid,stone2,10,10,1,0,1,0,0,9,9,9.184169,16.32169,648.431,0,0.04642002,0,-0.998922;
custom,cuboid,stone2,10,10,1,0,1,0,0,9,9,-86.87508,29.55513,656.3857,0,0.04791692,0,-0.9988513;
custom,cuboid,stone2,10,1,99,0,1,0,0,9,9,-544.4648,-2.929229,1084.959,0,0.7123267,0,-0.7018481;
custom,cuboid,stone2,10,1,99,0,1,0,0,9,9,-543.9536,49.59078,1084.827,0,0.7123267,0,-0.7018481;
custom,cuboid,stone2,1,10,99,0,1,0,0,9,9,-590.9507,1.550772,1067.466,0,0.7123267,0,-0.7018481;
custom,cuboid,stone2,1,10,99,0,1,0,0,9,9,-545.5948,0.8707722,1130.046,0,0.7123267,0,-0.7018481;
custom,cuboid,stone2,1,5,5,0,1,0,0,9,9,-48.95097,20.75069,1107.001,0,0.9998317,0,0.01834333;
custom,tube,stone2,5,10,5,0,1,0,0,9,9,-1058.722,78.76206,1088.009,0,0.7079995,0,0.706213;
custom,cuboid,stone2,5,10,1,0,1,0,0,9,9,-1033.595,14.17735,1108.534,0,0.7110649,0,0.7031264;
custom,cuboid,stone2,5,10,1,0,1,0,0,9,9,-1056.321,12.74306,1115.018,0,0.9992936,0,0.03758052;
custom,cuboid,stone2,5,10,1,0,1,0,0,9,9,-1082.148,5.74754,1088.092,0,0.6971148,0,0.7169595;
racing,killCuboid,1,1,1,-182.4949,10.33355,1101.056,0,0.7200052,0,-0.6939687;
racing,killSphere,1,1,1,-203.4199,14.78517,1112.573,0,0.69063,0,-0.7232083;
racing,killSphere,1,1,1,-239.7196,23.72169,1083.227,0,0.7245346,0,-0.6892385;
racing,killSphere,1,1,1,-352.7726,24.35501,1113.395,0,0.6937819,0,-0.7201852;
racing,killSphere,1,1,1,-361.0751,16.16029,1090.732,0,0.7320127,0,-0.6812909;
racing,killSphere,1,1,1,-517.3889,25.75411,1092.688,0,0.7015992,0,-0.7125718;
racing,killSphere,1,1,1,-364.2592,36.40903,1107.675,0,0.7833526,0,0.6215776;
racing,killSphere,1,1,1,-604.7967,13.80903,1108.94,0,0.6955195,0,0.7185072;
racing,killSphere,1,1,1,-266.6748,20.10572,1108.84,0,0.7079523,0,0.7062604;
racing,killSphere,1,1,1,-149.0385,29.56311,1099.77,0,0.7751485,0,0.6317791;
custom,leaf0,stone2,10,10,10,0,1,0,0,9,9,-959.406,9.885072,1090.616,0.4885809,0.5114048,0.5025557,-0.4971837;
racing,killSphere,1,1,1,-717.5939,12.09253,1092.204,0,0.7320342,0,0.6812679;
racing,killSphere,1,1,1,-536.9238,32.24379,1079.014,0,0.6617327,0,0.7497398;
racing,killSphere,1,1,1,-616.446,14.50357,1097.921,0,0.6860541,0,-0.7275506;
racing,killSphere,1,1,1,-769.326,14.67458,1104.59,0,0.6970879,0,-0.7169856;
racing,killSphere,1,1,1,-805.5591,18.55874,1091.233,0,0.7079571,0,-0.7062554;
racing,killSphere,1,1,1,-880.0804,22.64947,1088.808,0,0.7186605,0,-0.6953611;
custom,cuboid,stone2,5,1,5,0,1,0,0,9,9,-1061.544,-3.490561,1089.599,0,0.9999999,0,-0.0005286692;
custom,cuboid,stone2,5,1,99,0,1,0,0,9,9,-699.954,111.6624,717.8611,0,0.926676,0,0.3758612;
custom,cuboid,stone2,1,5,99,0,1,0,0,9,9,-749.5763,140.8223,741.2712,0,0.926676,0,0.3758612;
custom,cuboid,stone2,1,5,99,0,1,0,0,9,9,-721.8146,140.5026,767.8721,0,0.926676,0,0.3758612;
custom,cuboid,stone2,5,1,99,0,1,0,0,9,9,-735.9715,150.8317,754.246,0,0.926676,0,0.3758612;
custom,cuboid,stone2,5,5,1,0,1,0,0,9,9,-1079.583,126.9426,1106.632,0,0.9314847,0,0.3637806;
racing,killCuboid,5,1,5,-1072.345,149.5746,1101.5,0,0.3739583,0,-0.9274455;
custom,tube,stone2,5,99,5,0,1,0,0,9,9,-378.4616,494.1225,382.7396,0,0.3933325,0,0.9193963;
custom,cuboid,stone2,1,99,5,0,1,0,0,9,9,-376.5446,603.8588,385.1278,0,0.3933276,0,0.9193984;
custom,cuboid,stone2,5,5,1,0,1,0,0,9,9,-404.7511,135.4842,385.3878,0,0.3952504,0,0.9185734;
custom,cuboid,stone2,5,5,1,0,1,0,0,9,9,-376.3377,129.2146,413.0008,0,0.3913082,0,0.9202597;
custom,arc180,stone2,5,5,2,0,1,0,0,9,9,-394.9025,870.6746,370.8226,0,0.3599255,0,-0.9329811;
custom,cuboid,stone2,5,1,5,0,1,0,0,9,9,-367.9408,863.9036,390.6672,0,0.9060969,0,-0.4230703;
custom,cuboid,stone2,5,1,5,0,1,0,0,9,9,-393.6768,882.2232,372.7253,0,0.3750583,0,0.9270012;
custom,cuboid,stone2,10,10,1,0,1,0,0,9,9,-377.8985,913.9485,395.4978,0,0.9115639,0,-0.4111584;
racing,checkpointSphere,4,4,4,-71.82501,19.26737,1054.901,0,0.9994776,0,0.03231804;
custom,tube,stone2,5,111,5,0,1,0,0,9,9,-701.7964,141.98,87.93437,0.3039129,0.6349799,0.6439085,-0.2996988;
custom,prism,stone2,1,1,1,1,1,0,0,9,9,-376.8539,120.0373,385.4247,0.2502732,0.6794178,-0.635788,0.2674479;
custom,prism,stone2,1,1,1,1,1,0,0,9,9,-1078.408,23.1652,1076.327,-0.4635293,0.536157,-0.4861576,-0.5112016;
custom,tube,stone2,5,222,5,1,1,0,0,9,9,-1397.567,127.2589,-504.0097,0.383231,0.6844819,0.5865337,-0.2014863;
misc,barrier,5,1,222,-1797.178,94.59335,-849.9757,-0.005993252,0.9079948,-0.01299584,-0.4187371;
misc,barrier,5,1,111,-534.2908,118.5513,217.0658,0.004783953,0.4286503,-0.002128182,0.9034554;
custom,cuboid,stone2,5,5,1,1,1,0,0,9,9,-343.5161,133.0748,380.0753,0,0.9196171,0,-0.3928161;
custom,cuboid,stone2,5,5,1,1,1,0,0,9,9,-361.9432,135.6153,361.3465,0,0.3886639,0,-0.9213796;
custom,cuboid,stone2,5,5,1,1,1,0,0,9,9,-359.8648,133.7055,320.7708,0,0.5000402,0,0.8660022;
custom,cuboid,stone2,5,5,5,1,1,0,0,9,9,-1973.585,75.07094,-994.2409,0.0519046,0.8924728,0.106421,-0.4352848;
misc,barrier,5,1,5,-1968.145,94.93462,-990.1955,0.04973573,0.8893636,0.09975827,-0.4434039;
custom,cuboid,stone2,5,1,5,1,1,0,0,9,9,-2559.858,214.696,-1500.103,0,0.4206042,0,0.9072443;
racing,killCuboid,5,50,1,-2575.466,-31.0869,-1512.781,0,0.4245485,0,0.9054052;
racing,checkpointCuboid,1,1,1,-1061.554,7.242132,1077.062,0,0.7087079,0,-0.7055021;
racing,checkpointCuboid,1,1,1,-373.3825,157.1549,371.4438,0,0.9135869,0,-0.4066435;
custom,sphere,stone2,0.1,0.1,0.1,1,1,0,0,9,9,-2257.251,166.7107,-1229.149,0,0.9144778,0,-0.4046361;
custom,sphere,stone2,0.1,0.1,0.1,1,1,0,0,9,9,-2345.499,194.2735,-1313.911,0,0.8860594,0,-0.4635717;
custom,sphere,stone2,0.1,0.1,0.1,1,1,0,0,9,9,-2481.649,228.6158,-1440.449,0,0.9072807,0,-0.4205256;
custom,sphere,stone2,0.1,0.1,0.1,1,1,0,0,9,9,-2105.744,149.2728,-1104.513,0,0.426453,0,0.9045098;
racing,checkpointCuboid,0.1,0.1,0.1,-2566.256,220.0577,-1504.446,0,0.4125827,0,0.9109202;
custom,tube,stone2,5,111,5,1,1,0,0,9,9,-2481.718,315.3486,-1080.354,-0.6180221,-0.2663399,0.4549214,0.5832309;
custom,cuboid,stone2,5,1,111,1,1,0,0,9,9,-1864.772,355.835,-790.0058,0,0.7645462,0,0.644569;
custom,cuboid,stone2,5,1,111,1,1,0,0,9,9,-1853.413,402.4787,-787.1209,0,0.7631381,0,0.6462355;
custom,cuboid,stone2,1,5,111,1,1,0,0,9,9,-1865.736,378.6785,-764.7847,0,0.7631381,0,0.6462355;
custom,cuboid,stone2,1,5,111,1,1,0,0,9,9,-1841.821,378.6785,-816.2285,0,0.7631381,0,0.6462355;
custom,cuboid,stone2,5,1,111,1,1,0,0,9,9,-916.4116,316.627,-499.9737,0.0304648,0.3943784,-0.01308288,0.9183499;
custom,cuboid,stone2,5,1,111,1,1,0,0,9,9,-887.4871,382.8278,-476.347,0.009622052,0.3945737,-0.004132118,0.9188046;
custom,cuboid,stone2,1,99,111,1,1,0,0,9,9,-911.9897,364.0364,-484.3113,0,0.4025988,0,0.9153765;
custom,cuboid,stone2,1,99,111,1,1,0,0,9,9,-903.8292,366.8452,-521.2077,0,0.3945953,0,0.918855;
custom,cuboid,stone2,5,5,5,1,1,0,0,9,9,-1325.46,334.5223,-903.1167,0,0.9490669,0,-0.3150747;
custom,cuboid,stone2,5,1,50,1,1,0,0,9,9,-325.0452,278.77,43.30662,0,0.4005903,0,0.9162573;
custom,cuboid,stone2,1,5,50,1,1,0,0,9,9,-331.4087,294.7702,52.13228,0,0.4005903,0,0.9162573;
custom,cuboid,stone2,1,5,50,1,1,0,0,9,9,-322.6078,294.3702,31.32761,0,0.4005903,0,0.9162573;
custom,cuboid,stone2,5,1,50,1,1,0,0,9,9,-327.5402,312.5705,40.9987,0,0.4005903,0,0.9162573;
custom,cuboid,stone2,5,5,1,1,1,0,0,9,9,-508.8827,339.3717,-123.0299,0,0.9091498,0,-0.4164694;
custom,cuboid,stone2,10,20,1,0,1,0,0,9,9,-22.19962,137.8999,296.7895,0,0.7286271,0,-0.6849107;
custom,cuboid,stone2,10,50,1,0,1,0,0,9,9,22.25806,294.4874,297.8753,0,0.7255629,0,-0.6881559;
custom,cuboid,stone2,10,20,1,0,1,0,0,9,9,-1.064327,200.553,351.5822,0,0.999753,0,0.02222422;
custom,cuboid,stone2,10,30,1,0,1,0,0,9,9,7.752847,244.3562,257.7125,0,0.02004743,0,-0.9997991;
custom,cuboid,stone1,5,1,5,0,1,0,0,9,9,-29.08077,321.0785,316.0876,0,0.4314741,0,0.9021254;
custom,cuboid,stone2,10,1,10,0,1,0,0,9,9,-5.72776,339.5616,295.5811,0,0.9999084,0,0.01353242;
custom,cuboid,stone2,10,10,1,0,1,0,0,9,9,-23.31794,315.513,341.3632,0,0.999958,0,0.009171791;
custom,cuboid,stone2,1,1,1,0,1,0,0,9,9,-72.90381,279.5759,274.2963,0.01608555,0.4938205,-0.009136972,0.8693671;
custom,cuboid,stone2,10,10,1,0,1,0,0,9,9,-23.80053,233.1147,299.3115,0,0.6958717,0,0.7181662;
custom,cuboid,stone2,10,10,1,0,1,0,0,9,9,-25.51131,301.0461,356.6736,0,0.6989849,0,0.7151365;
custom,cuboid,stone2,10,10,1,0,1,0,0,9,9,-22.42791,288.5739,250.1411,0,0.6958566,0,0.7181808;
custom,cuboid,stone2,10,10,1,0,1,0,0,9,9,-21.61293,339.8624,302.6273,0,0.714416,0,0.6997213;
custom,prism,stone2,1,1,1,1,1,0,0,9,9,0.6767199,44.89075,291.8103,0,0.04210934,0,-0.999113;
custom,prism,stone2,0.1,0.1,0.1,1,1,0,0,9,9,-77.52533,284.8118,272.42,-0.5703775,0.3998369,0.3715513,0.6137994;
custom,prism,stone2,0.1,0.1,0.1,1,1,0,0,9,9,-76.56999,284.8518,270.4645,-0.5703775,0.3998369,0.3715513,0.6137994;
custom,cuboid,stone2,5,1,5,1,1,0,0,9,9,-2426.464,356.5522,-691.8134,0,0.9988919,0,-0.04706246;
custom,cuboid,stone2,5,5,1,1,1,0,0,9,9,-2420.005,380.5458,-694.8015,0,0.7654534,0,0.6434914;
custom,cuboid,stone2,5,1,5,1,1,0,0,9,9,-2409.366,399.8797,-699.2225,0,0.7696241,0,0.6384972;
custom,cuboid,stone2,5,1,5,1,1,0,0,9,9,-1303.386,399.6696,-872.6341,0,0.3978677,0,0.9174428;
custom,cuboid,stone1,1,20,20,0,1,0,0,9,9,-100.0534,294.5089,265.8852,0,0.4058206,0,0.9139528;
custom,cuboid,stone1,1,20,20,0,1,0,0,9,9,-102.4757,313.4394,220.3381,0,0.4256619,0,0.9048823;
custom,cuboid,stone1,20,1,20,0,1,0,0,9,9,-102.8594,321.5591,232.8304,0,0.920072,0,-0.3917495;
custom,cuboid,stone1,20,1,20,0,1,0,0,9,9,-123.0613,277.5334,234.9307,-0.0009581633,0.682471,0.005435371,0.7308919;