custom,cuboid,stone1,1,5,10,0,1,1,1,1.0,1.0,10.36453,10.47491,-37.43872,0,0.9999905,0,0.004366459;
custom,cuboid,stone1,1,5,10,0,1,1,1,1.0,1.0,-29.597,10.43491,-38.28246,0,0.9999905,0,0.004366459;
custom,cuboid,stone1,5,5,1,0,1,1,1,1.0,1.0,-10.03338,10.45437,6.904889,0,0.9999905,0,0.004366459;
custom,cuboid,stone1,999,1,999,0,1,1,1,20,20,-154.4214,-4.674797,4233.18,0,0.004441827,0,-0.9999902;
misc,barrier,999,1,999,-212.1058,38.7492,4215.057,0,0.006672723,0,-0.9999778;
racing,startCuboid,5,5,1,-9.703179,9.500684,-80.27502,0,0.999999,0,-0.001406642;
map,disablebounds;
custom,tube,stone1,5,99,5,0,1,1,1,20,20,-11.44451,15.58929,-413.8423,0.002211407,0.709552,-0.7046304,-0.005201621;
custom,tube,stone1,5,99,5,0,1,1,1,20,20,344.7164,29.6916,-830.1253,0.4769294,0.5229636,-0.5067871,0.4921527;
custom,cuboid,stone1,5,1,5,0,1,1,1,20,20,-8.101817,-5.000087,-808.6865,0,0.705286,0,0.7089229;
custom,cuboid,stone1,5,1,5,0,1,1,1,20,20,-9.916634,46.12032,-805.1501,0,0.6850253,0,0.7285193;
custom,cuboid,stone1,5,5,1,0,1,1,1,20,20,-30.46429,17.94503,-809.6635,0,0.7191581,0,0.6948466;
custom,cuboid,stone1,5,5,1,0,1,1,1,20,20,-6.197711,20.36022,-834.5342,0,0.02809505,0,0.9996053;
custom,sphere,stone1,0.3,0.3,0.3,0,1,1,1,20,20,1404.547,65.66077,-910.2142,0,0.7544698,0,0.6563348;
custom,sphere,stone1,0.3,0.3,0.3,0,1,1,1,20,20,1217.419,66.99206,-893.3935,0,0.741439,0,0.6710202;
custom,cylinder,stone1,0.2,0.2,0.2,0,1,1,1,20,20,907.5596,65.97037,-870.9922,0.4548587,0.5451339,-0.4960337,0.4998832;
custom,cylinder,stone1,0.1,0.1,0.1,0,1,1,1,20,20,761.8455,61.11397,-854.1905,-0.4710165,0.5268313,0.5320059,0.4664354;
racing,killTube,5,99,5,1050.13,45.89406,-882.2939,0.4759898,0.5251165,-0.5161868,0.4808717;
custom,cuboid,stone1,99,1,5,0,1,1,1,20,20,1507.413,104.9881,-450.2557,0.02046416,0.65118,-0.02382969,-0.758273;
custom,cuboid,stone1,99,1,5,0,1,1,1,20,20,1489.7,80.58815,-402.2914,0.5488259,0.4788494,0.4419351,-0.5236286;
custom,cuboid,stone1,99,1,5,0,1,1,1,20,20,1523.332,80.38808,-456.5589,0.5469947,0.4803892,0.4402608,-0.5255412;
custom,cuboid,stone1,99,1,5,0,1,1,1,20,20,1507.413,59.18819,-450.2557,0.02046416,0.65118,-0.02382969,-0.7582731;
custom,cuboid,stone1,10,1,99,0,1,1,1,20,20,1651.695,88.87238,515.7758,0,0.07347994,0,0.9972967;
misc,barrier,10,1,99,1652.219,90.23236,525.4282,0,0.07347994,0,0.9972967;
custom,cuboid,stone1,1,10,99,0,1,1,1,20,20,1619.625,96.83231,487.5195,0,0.07347994,0,0.9972967;
custom,cuboid,stone1,1,10,99,0,1,1,1,20,20,1665.59,94.07233,479.8576,0,0.07347994,0,0.9972967;
custom,cuboid,stone1,10,1,99,0,1,1,1,20,20,1656.018,139.4329,515.2429,0,0.07347994,0,0.9972967;
custom,cuboid,stone1,10,10,5,0,1,1,1,20,20,1460.57,50.31618,-966.5782,0,0.9972994,0,-0.07344296;
racing,checkpointCuboid,1,1,1,559.2977,32.96313,-841.9636,0,0.6856767,0,-0.7279063;
racing,checkpointCuboid,1,1,1,1427.357,54.27451,-915.6895,0,0.7143,0,0.6998397;
racing,killCuboid,10,10,1,1650.859,93.15002,109.3307,0,0.9976122,0,-0.06906389;
racing,killCuboid,10,10,1,1548.303,93.92867,157.7088,0,0.9971392,0,-0.07558811;
racing,killCuboid,10,10,1,1652.877,93.98863,195.4134,0,0.9971391,0,-0.07558822;
racing,killCuboid,10,10,1,1567.41,93.215,278.4007,0,0.9976125,0,-0.06906043;
racing,killCuboid,10,10,1,1663.622,94.00111,322.5919,0,0.9948187,0,-0.1016646;
racing,killCuboid,10,10,1,1595.636,93.53178,420.6752,0,0.9973016,0,-0.07341313;
racing,killCuboid,10,10,1,1690.028,93.52034,516.6944,0,0.9973016,0,-0.07341383;
custom,arc180,stone1,10,10,5,1,0,1,1,20,20,1722.099,135.1778,1006.761,-0.4505206,0.5448845,0.5456457,0.4498921;
custom,cuboid,stone1,1,40,991,1,0,1,1,20,20,2169.483,78.58581,4037.36,0,0.07041284,0,0.9975179;
custom,cuboid,stone1,1,40,991,1,0,1,1,20,20,2115.717,80.26579,4029.39,0,0.06867173,0,0.9976393;
custom,cuboid,stone1,99,1,999,1,0,1,1,20,20,1038.47,170.3513,-3211.209,0,0.9969835,0,-0.07761383;
custom,cuboid,stone1,20,20,1,1,0,1,1,20,20,1454.886,180.1476,-864.7612,0,0.05580419,0,0.9984418;
racing,endCuboid,0.1,0.1,0.1,1444.738,164.8532,-858.615,0,0.8258694,0,-0.5638615;