custom,cuboid,rock2,135,1,135,1,0.4545455,0.4659091,0.4659091,0.05,0.05,-8.072639,-2.680275,6.082088,0,0,0,0;
map,disablebounds;
custom,cuboid,stone4,1,8,125,1,0.5,0.5,0.5,5,1,-2.406667,711.8974,624.624,0,0.7071068,0,0.7071068;
custom,cuboid,stone4,1,8,125,1,0.5,0.5,0.5,5,1,-622.4284,711.8967,4.590417,0,0,0,1;
custom,cuboid,stone4,1,8,125,1,0.5,0.5,0.5,5,1,-2.290158,35.9744,-615.4157,0,0.7071068,0,0.7071068;
custom,cuboid,stone4,1,8,125,1,0.5,0.5,0.5,5,1,617.7508,711.8959,4.595497,0,0,0,1;
custom,cuboid,stone4,1,8,115,1,0.4545455,0.4659091,0.4659091,5,1,47.71666,36.04633,528.4054,0,0.7071854,0,-0.7070282;
custom,cuboid,stone4,1,8,105,1,0.4545455,0.4659091,0.4659091,5,1,-522.3661,36.05989,8.227018,0,1,0,2.72411E-05;
custom,cuboid,stone4,1,8,105,1,0.4545455,0.4659091,0.4659091,5,1,-2.22344,712.0587,-511.8073,0,0.7071068,0,0.7071068;
custom,cuboid,stone4,10,2,10,1,0.4659091,0.4659091,0.4659091,1,1,568.7523,66.009,576.4528,0,0.7067502,0,0.7074633;
custom,cuboid,stone4,1,8,95,1,0.4545455,0.4659091,0.4659091,5,1,47.75124,35.74297,428.3312,0,0.7071068,0,0.7071068;
custom,cuboid,stone4,1,8,95,1,0.4545455,0.4659091,0.4659091,5,1,517.7949,712.0112,-41.76254,0,0,0,1;
custom,cuboid,stone4,1,8,85,1,0.4545455,0.4659091,0.4659091,5,1,-2.125711,711.8604,-412.1806,0,0.7071068,0,0.7071068;
custom,cuboid,stone4,1,8,85,1,0.4545455,0.4659091,0.4659091,5,1,-422.4081,35.69462,8.207419,0,0,0,1;
custom,cuboid,stone4,1,8,75,1,0.4545455,0.4659091,0.4659091,5,1,47.91393,35.70298,328.0456,0,0.7071068,0,0.7071068;
custom,cuboid,stone4,1,8,75,1,0.4545455,0.4659091,0.4659091,5,1,417.9201,35.69443,-42.12496,0,0,0,1;
custom,cuboid,stone4,1,8,65,1,0.4545455,0.4659091,0.4659091,5,1,-2.229013,711.938,-312.1053,0,0.7071068,0,0.7071068;
custom,cuboid,stone4,1,8,65,1,0.4545455,0.4659091,0.4659091,5,1,-322.2713,711.8903,7.910892,0,0,0,1;
custom,cuboid,stone4,1,8,55,1,0.4545455,0.4659091,0.4659091,5,1,47.77774,35.78277,228.0661,0,0.7071068,0,0.7071068;
custom,cuboid,stone4,1,8,55,1,0.4545455,0.4659091,0.4659091,5,1,317.851,35.85453,-41.97539,0,0,0,1;
custom,cuboid,stone4,1,8,45,1,0.4545455,0.4659091,0.4659091,5,1,-2.127014,711.8192,-212.4892,0,0.7071068,0,0.7071068;
custom,cuboid,stone4,1,8,45,1,0.4545455,0.4659091,0.4659091,5,1,-222.2871,35.77514,7.994383,-2.22201E-05,-2.819282E-05,-0.001077549,0.9999994;
custom,cuboid,stone4,1,8,35,1,0.4545455,0.4659091,0.4659091,5,1,56.25255,35.70243,136.0575,0,0.7071068,0,0.7071068;
custom,cuboid,stone4,1,8,35,1,0.4545455,0.4659091,0.4659091,5,1,226.311,35.69421,-42.42598,0,0,0,1;
custom,cuboid,stone4,1,8,25,1,0.4545455,0.4659091,0.4659091,5,1,6.22177,711.6993,-113.7494,0,0.7071068,0,0.7071068;
custom,cuboid,stone4,1,8,25,1,0.4545455,0.4659091,0.4659091,5,1,-113.822,35.7743,16.02783,0,0,0,1;
custom,cuboid,stone4,1,8,17,1,0.4545455,0.4659091,0.4659091,5,1,135.8469,711.6719,-33.702,0,1,0,-0.0001126575;
custom,cuboid,stone4,1,8,17,1,0.4545455,0.4659091,0.4659091,5,1,55.93864,35.77698,55.54475,0,0.7071269,0,-0.7070867;
custom,cuboid,stone4,1,8,12,1,0.4545455,0.4659091,0.4659091,1,1,-34.11679,711.7006,0.4416312,0,0.9999974,0,-0.002280556;
custom,cuboid,stone4,1,8,11,1,0.4545455,0.4659091,0.4659091,1,1,15.70651,711.7109,-54.75507,0,0.7073514,0,0.7068621;
custom,cuboid,stone4,1,8,6,1,0.4545455,0.4659091,0.4659091,1,1,71.4713,35.49611,-29.76993,0,-0.0008596402,0,-0.9999996;
misc,barrier,140,1,60,-342.4809,667.2372,69.11294,0,0.7044868,0,-0.7097171;
racing,killCuboid,6,0.7,0.7,64.47527,55.94676,-86.26852,-0.1450528,0.6824201,-0.1489528,0.7007679;
misc,barrier,20,1,60,57.38786,667.2157,359.3308,0,0.9999941,0,-0.003446139;
racing,killCuboid,9,0.7,0.7,1.633271,36.92135,-83.62197,0.2837398,0.6029778,0.3174583,0.6746331;
misc,barrier,20,1,60,11.41547,667.1401,-357.0299,0,-0.00370235,0,0.9999931;
misc,barrier,60,1,140,-334.7727,78.13396,-4.556218,0,0.004183651,0,0.9999913;
racing,killCuboid,11,0.7,0.7,-67.01314,26.75735,-64.21834,-0.2652344,0.8784989,-0.114848,0.3803952;
misc,barrier,20,1,60,24.27451,77.94789,357.8973,0,0.999999,0,0.001422715;
custom,cuboid,stone4,1,3,10,1,0.4659091,0.4659091,0.4659091,1,1,523.9379,686.9872,577.6505,0,0.9999999,0,-0.0004487682;
custom,cuboid,stone4,1,5,2,1,0.4659091,0.4659091,0.4659091,1,1,523.9681,31.75911,609.4382,0,1,0,-4.639854E-05;
custom,cuboid,stone4,1,5,2,1,0.4659091,0.4659091,0.4659091,1,1,523.9026,32.55054,542.801,0,0.9999999,0,-0.0005676495;
custom,cuboid,stone4,1,2,7,1,0.4659091,0.4659091,0.4659091,1,1,523.8735,729.7721,570.9841,0,0.9999999,0,0.000333461;
misc,barrier,60,1,140,378.6367,77.74725,20.29084,0,0.9997962,0,-0.02019343;
custom,cuboid,stone4,1,5,1,1,0.4659091,0.4659091,0.4659091,0.5,0.5,523.9846,710.6492,575.6108,0,0.7068943,0,-0.7073193;
custom,cuboid,stone4,6,3,1,1,0.4772727,0.4772727,0.4886364,1,0.5,71.61443,686.7949,20.21347,0,0.7054688,0,-0.7087411;
custom,cuboid,stone4,2,8,1,1,0.4772727,0.4772727,0.4886364,0.5,1,71.78072,711.7088,42.70078,0,0.7061859,0,-0.7080265;
custom,cuboid,stone4,6,2,1,1,0.4772727,0.4772727,0.4886364,1,0.5,71.61414,741.7217,17.48016,0,0.7054505,0,-0.7087592;
custom,cuboid,stone4,1,5,1,1,0.4772727,0.4772727,0.4886364,0.5,1,71.58612,39.67501,15.74406,0,0.705551,0,-0.7086592;
racing,checkpointCuboid,3.5,3,0.9,71.60416,43.11922,16.5681,0,0.7056652,0,-0.7085454;
custom,cuboid,stone4,1,60,1,1,0.4772727,0.4772727,0.4886364,1,11,71.47256,372.5668,-54.76334,0,0.002167219,0,-0.9999977;
custom,cuboid,stone4,1,60,1,1,0.4772727,0.4772727,0.4886364,1,11,-34.32523,373.5031,-54.69095,0,0.0009684547,0,-0.9999995;
custom,cuboid,stone4,1,60,1,1,0.4886364,0.5,0.5113636,1,11,71.97017,373.1592,55.51276,0,0.7071295,0,-0.7070841;
racing,killCuboid,11,60,0.9,-33.94019,372.9195,-0.1166013,0,0.7087447,0,0.7054651;
racing,checkpointCuboid,8,3,0.9,25.50661,39.83562,95.99402,0,0.7116754,0,-0.7025086;
racing,killCuboid,11,60,0.9,18.10484,372.8702,55.32531,0,-0.0001474345,0,-1;
racing,killCuboid,11,60,0.9,16.49511,372.1569,-55.13955,0,-8.086236E-05,0,-1;
racing,killCuboid,11,60,0.9,71.94068,372.0913,0.6898451,0,0.7055361,0,-0.7086741;
custom,prism,default,2,0.2,2,0,0.4886364,0.5,0.5113636,1,11,152.0762,40.62736,131.7048,0.5011018,-0.5013619,0.4904415,-0.5069521;
custom,cuboid,default,0.2,1,2,0,0.4886364,0.5,0.5113636,1,11,168.9485,40.74718,131.9726,0,-0.7069702,0,-0.7072434;
racing,endCuboid,0.9,4,6,524.1348,702.6677,575.1466,0,0.9999998,0,-0.0007144653;
spawnpoint,playerC,571.2869,5.33191,582.309,0,0.7180098,0,-0.6960331;
misc,barrier,140,1,140,-18.57987,750.9792,-44.74996,0,0.9998891,0,0.01489655;
custom,cuboid,stone4,1,8,125,1,0.5,0.5,0.5,5,1,-2.406667,35.94171,624.624,0,0.7071068,0,0.7071068;
custom,cuboid,stone4,1,8,125,1,0.5,0.5,0.5,5,1,-622.4284,35.98141,4.590417,0,0,0,1;
custom,cuboid,stone4,1,8,125,1,0.5,0.5,0.5,5,1,-2.290158,711.8902,-615.4157,0,0.7071068,0,0.7071068;
custom,cuboid,stone4,1,8,125,1,0.5,0.5,0.5,5,1,617.7508,35.98134,4.595497,0,0,0,1;
custom,cuboid,stone4,1,8,115,1,0.4545455,0.4659091,0.4659091,5,1,47.71666,712.0405,528.4054,0,0.7071854,0,-0.7070282;
custom,cuboid,stone4,1,8,105,1,0.4545455,0.4659091,0.4659091,5,1,-522.3661,712.056,8.227018,0,1,0,2.72411E-05;
custom,cuboid,stone4,1,8,105,1,0.4545455,0.4659091,0.4659091,5,1,-2.22344,35.86279,-511.8073,0,0.7071068,0,0.7071068;
custom,cuboid,stone4,10,2,10,1,0.4659091,0.4659091,0.4659091,1,1,568.7523,741.8444,576.4528,0,0.7067502,0,0.7074633;
custom,cuboid,stone4,1,8,95,1,0.4545455,0.4659091,0.4659091,5,1,47.75124,711.9794,428.3312,0,0.7071068,0,0.7071068;
custom,cuboid,stone4,1,8,95,1,0.4545455,0.4659091,0.4659091,5,1,517.7949,35.69431,-41.76254,0,0,0,1;
custom,cuboid,stone4,1,8,85,1,0.4545455,0.4659091,0.4659091,5,1,-2.125711,35.74259,-412.1806,0,0.7071068,0,0.7071068;
custom,cuboid,stone4,1,8,85,1,0.4545455,0.4659091,0.4659091,5,1,-422.4081,711.9774,8.207419,0,0,0,1;
custom,cuboid,stone4,1,8,75,1,0.4545455,0.4659091,0.4659091,5,1,47.73543,711.8973,328.0375,0,0.7071068,0,0.7071068;
custom,cuboid,stone4,1,8,75,1,0.4545455,0.4659091,0.4659091,5,1,417.9201,711.9678,-42.12496,0,0,0,1;
custom,cuboid,stone4,1,8,65,1,0.4545455,0.4659091,0.4659091,5,1,-2.229013,35.82243,-312.1053,0,0.7071068,0,0.7071068;
custom,cuboid,stone4,1,8,65,1,0.4545455,0.4659091,0.4659091,5,1,-322.2713,35.77476,7.910892,0,0,0,1;
custom,cuboid,stone4,1,8,55,1,0.4545455,0.4659091,0.4659091,5,1,47.77774,711.8578,228.0661,0,0.7071068,0,0.7071068;
custom,cuboid,stone4,1,8,55,1,0.4545455,0.4659091,0.4659091,5,1,317.851,711.852,-41.97539,0,0,0,1;
custom,cuboid,stone4,1,8,45,1,0.4545455,0.4659091,0.4659091,5,1,-2.127014,35.82302,-212.4892,0,0.7071068,0,0.7071068;
custom,cuboid,stone4,1,8,45,1,0.4545455,0.4659091,0.4659091,5,1,-222.2871,711.8629,7.994383,-2.22201E-05,-2.819282E-05,-0.001077549,0.9999994;
custom,cuboid,stone4,1,8,35,1,0.4545455,0.4659091,0.4659091,5,1,56.25255,711.6838,136.0575,0,0.7071068,0,0.7071068;
custom,cuboid,stone4,1,8,35,1,0.4545455,0.4659091,0.4659091,5,1,226.311,711.6851,-42.42598,0,0,0,1;
custom,cuboid,stone4,1,8,25,1,0.4545455,0.4659091,0.4659091,5,1,6.22177,35.78273,-113.7494,0,0.7071068,0,0.7071068;
custom,cuboid,stone4,1,8,25,1,0.4545455,0.4659091,0.4659091,5,1,-113.822,711.6906,16.02783,0,0,0,1;
custom,cuboid,stone4,1,8,17,1,0.4545455,0.4659091,0.4659091,5,1,135.8469,35.75656,-33.702,0,1,0,-0.0001126575;
custom,cuboid,stone4,1,8,17,1,0.4545455,0.4659091,0.4659091,5,1,55.93864,711.7306,55.54475,0,0.7071269,0,-0.7070867;
custom,cuboid,stone4,1,8,12,1,0.4545455,0.4659091,0.4659091,1,1,-34.11679,35.90438,0.4416312,0,0.9999974,0,-0.002280556;
custom,cuboid,stone4,1,8,11,1,0.4545455,0.4659091,0.4659091,1,1,15.70651,35.35467,-54.75507,0,0.7073514,0,0.7068621;
custom,cuboid,stone4,1,8,6,1,0.4545455,0.4659091,0.4659091,1,1,71.4713,711.731,-29.76993,0,-0.0008596402,0,-0.9999996;
racing,killCuboid,6,0.7,0.7,24.04497,54.39298,-84.21394,0.1113238,0.6652451,0.1218512,0.7281541;
racing,killCuboid,7,0.7,0.7,-21.29239,33.50224,-82.66189,-0.2208673,0.5467141,-0.1941061,0.7839925;
misc,barrier,140,1,60,375.0488,667.1838,69.67017,0,0.7076606,0,-0.7065525;
racing,killCuboid,7,0.7,0.7,-37.96884,32.99499,-75.43137,0.4645388,0.4912358,0.5062541,0.5353485;
racing,killCuboid,7,0.7,0.7,-74.94324,44.7916,-39.94445,0.03990561,0.9935609,0.004255539,0.1059537;
misc,barrier,20,1,60,16.82059,77.57779,-356.9339,0,-0.001643271,0,0.9999987;
racing,killCuboid,11,0.7,0.7,-88.91607,42.71832,-68.76204,-0.2110986,0.8398878,0.0745267,-0.4944408;
racing,killCuboid,9,0.7,0.7,53.74396,19.72144,-83.59139,0.3452999,0.6004955,-0.3595241,-0.6252324;
custom,cuboid,stone4,1,3,10,1,0.4659091,0.4659091,0.4659091,1,1,523.9379,2.912374,577.6505,0,0.9999999,0,-0.0004487682;
custom,cuboid,stone4,1,5,2,1,0.4659091,0.4659091,0.4659091,1,1,523.9681,709.953,609.4382,0,1,0,-4.639854E-05;
custom,cuboid,stone4,1,5,2,1,0.4659091,0.4659091,0.4659091,1,1,523.9026,709.7957,542.801,0,0.9999999,0,-0.0005676495;
custom,cuboid,stone4,1,2,7,1,0.4659091,0.4659091,0.4659091,1,1,523.8735,53.13451,570.9841,0,0.9999999,0,0.000333461;
racing,startCuboid,0.9,5,7,523.976,37.84709,571.5961,0,0.0006217142,0,-0.9999998;
custom,cuboid,stone4,1,5,1,1,0.4659091,0.4659091,0.4659091,0.5,0.5,523.9846,19.45218,575.6108,0,0.7068943,0,-0.7073193;
custom,cuboid,stone4,6,3,1,1,0.4772727,0.4772727,0.4886364,1,0.5,71.61443,16.95647,20.21347,0,0.7054688,0,-0.7087411;
custom,cuboid,stone4,2,8,1,1,0.4772727,0.4772727,0.4886364,0.5,1,71.78072,35.43231,42.70078,0,0.7061859,0,-0.7080265;
custom,cuboid,stone4,6,2,1,1,0.4772727,0.4772727,0.4886364,1,0.5,71.61414,65.38753,17.48016,0,0.7054505,0,-0.7087592;
racing,checkpointCuboid,3.5,3,0.9,71.60416,716.4382,16.5681,0,0.7056652,0,-0.7085454;
custom,cuboid,stone4,1,60,1,1,0.4886364,0.5,0.5113636,1,11,-33.82301,373.116,55.43903,0,0.7094904,0,0.7047152;
custom,cuboid,stone4,8,1,1,1,0.4886364,0.5,0.5113636,1,11,25.82583,50.57965,96.56898,0,0.7129728,0,-0.7011918;
custom,cuboid,stone4,8,1,1,1,0.4886364,0.5,0.5113636,1,11,25.484,24.89455,99.66614,0,0.7129977,0,-0.7011665;
base,aot_supply,default,1,1,1,0,0.4886364,0.5,0.5113636,1,11,560.2377,2.233624,609.7013,0,-0.006399598,0,0.9999796;
custom,cuboid,stone4,10,1,10,1,0.4545454,0.4545454,0.4431818,1.0,1.0,569.8928,676.8682,577.1333,0,0.7053174,0,-0.7088917;
spawnpoint,playerM,580.0861,12.18134,579.9506,0,0.6086285,0,-0.7934554;
racing,checkpointCuboid,10,4,1,-196.5925,704.157,-465.9945,0,0.7084515,0,0.7057595;