custom,wall1,metal2,3,3,3,0,1,1,1,1.0,1.0,50.99214,-13.45472,-78.95495,-0.00872484,0.9997694,0.0001712297,-0.01962098;
custom,cuboid,default,10,5,10,0,0,1,1,1.0,1.0,128.529,12.27428,-623.3667,0,0.7643685,0,0.6447797;
custom,cuboid,default,10,5,10,0,0,1,1,1.0,1.0,-55.99752,19.43874,-606.2736,0,0.6842439,0,-0.7292532;
custom,cuboid,default,10,5,10,0,0,1,1,1.0,1.0,34.66292,12.70423,-702.2196,0,0.9962334,0,-0.08671267;
custom,cuboid,default,10,5,10,0,0,1,1,1.0,1.0,-66.33324,61.80264,-639.6591,0,0.8005105,0,-0.5993188;
custom,cuboid,default,10,5,10,0,0,1,1,1.0,1.0,130.0537,57.21059,-623.1821,0,0.7833953,0,0.6215237;
custom,cuboid,stone5,1,1,2,0,1,1,1,1.0,1.0,-176.7359,-3.946555,278.9716,0,0.01839099,0,0.9998309;
custom,cuboid,stone5,1,1,2,0,1,1,1,1.0,1.0,-190.2845,-3.783127,280.253,0,0.01839099,0,0.9998309;
custom,cuboid,stone5,1,1,2,0,1,1,1,1.0,1.0,-203.1403,-3.943667,280.986,0,-0.04108553,0,-0.9991556;
custom,cuboid,stone5,1,1,2,0,1,1,1,1.0,1.0,-177.7612,-4.24375,309.9633,0,0.007086436,0,0.9999749;
custom,plane,stone5,0,1,1,0,1,1,1,1.0,1.0,-196.1771,4.420275,269.7406,0,0.5991786,0,-0.8006154;
custom,cuboid,stone5,1,1,2,0,1,1,1,1.0,1.0,-189.3552,-4.375826,310.721,0,-0.009301959,0,-0.9999567;
custom,cuboid,stone5,1,1,2,0,1,1,1,1.0,1.0,-201.5681,-4.198664,310.8481,0,0.03804399,0,0.9992761;
custom,cuboid,stone5,1,1,2,0,1,1,1,1.0,1.0,-303.8475,-4.522608,291.327,0,0.7030603,0,0.7111302;
custom,cuboid,stone5,1,1,2,0,1,1,1,1.0,1.0,-302.627,-4.46536,303.649,0,0.6936893,0,0.7202743;
custom,cuboid,stone5,1,1,2,0,1,1,1,1.0,1.0,-303.927,-9.859877,311.6157,0,0.7008792,0,0.7132801;
custom,cuboid,stone2,100,1,100,0,1,1,1,1.0,1.0,51.42602,-4.539108,-69.00214,0,0.6748223,0,-0.7379802;
custom,cuboid,default,10,5,10,0,0,1,1,1.0,1.0,30.63486,59.83516,-711.5706,0,0.9993582,0,0.03582349;
customb,house1,stone2,100,1,100,0,1,1,1,1.0,1.0,679.2917,23.41422,4054.792,0,0.09180094,0,0.9957774;
custom,pillar1,default,5,5,5,0,0,1,1,1.0,1.0,38.87553,-26.92786,9.878825,0,0.9991882,0,-0.04028508;
custom,statue1,default,5,5,5,0,0,1,1,1.0,1.0,39.53997,264.3376,8.132986,0,0.02622756,0,0.999656;
custom,plane,default,10,5,10,0,0,1,1,1.0,1.0,59.06781,86.81116,-625.9544,0,0.06092362,0,0.9981424;
custom,plane,default,10,5,10,0,0,1,1,1.0,1.0,0.5489724,86.95939,-626.5959,0,0.8148004,0,0.5797417;
custom,cuboid,default,10,5,10,0,0,1,1,1.0,1.0,63.25957,104.7659,-618.9226,0,0.9998268,0,-0.01861076;
custom,cuboid,default,10,5,10,0,0,1,1,1.0,1.0,2.873155,103.6971,-704.2375,0,0.999498,0,-0.03168272;
custom,cuboid,default,10,5,10,0,0,1,1,1.0,1.0,6.31003,103.984,-617.2086,0,0.9997364,0,-0.02295964;
custom,cuboid,default,10,5,10,0,0,1,1,1.0,1.0,146.4419,20.01264,-548.2536,0,0.920931,0,0.3897258;
custom,cuboid,default,10,5,10,0,0,1,1,1.0,1.0,208.1537,16.18849,-504.9567,0,0.9806564,0,0.1957374;
custom,cuboid,default,10,5,10,0,0,1,1,1.0,1.0,281.7564,19.8353,-475.115,0,0.9846146,0,0.1747404;
custom,cuboid,default,10,5,10,0,0,1,1,1.0,1.0,370.245,22.63143,-425.5705,0,0.9402049,0,0.3406096;
custom,cuboid,default,10,5,10,0,0,1,1,1.0,1.0,350.3138,-1.080948,-330.3025,-0.1909695,0.9041013,-0.1041023,0.3678236;
custom,cuboid,default,10,5,10,0,0,1,1,1.0,1.0,406.3377,33.84464,-266.37,-0.2975122,0.8520666,-0.1938757,0.3845534;
custom,cuboid,default,10,5,10,0,0,1,1,1.0,1.0,456.6945,86.36906,-215.0158,0.1079059,-0.4632289,0.2375169,0.8469717;
custom,cuboid,default,10,5,10,0,0,1,1,1.0,1.0,486.6856,108.8554,-147.1106,0.55336,0.1918218,-0.7844779,0.20394;
custom,cuboid,default,10,5,10,0,0,1,1,1.0,1.0,-55.621,21.82731,-519.3126,0,0.7079785,0,-0.706234;
custom,cuboid,default,10,5,10,0,0,1,1,1.0,1.0,15.93496,22.50465,-420.6295,0,0.2112677,0,-0.9774283;
custom,cuboid,default,10,5,10,0,0,1,1,1.0,1.0,102.3929,22.77375,-396.9561,0,0.07493941,0,-0.9971881;
custom,cuboid,default,10,5,10,0,0,1,1,1.0,1.0,190.5037,26.2882,-373.5005,0,0.09494754,0,-0.9954823;
custom,cuboid,default,10,5,10,0,0,1,1,1.0,1.0,241.2042,21.12875,-295.9924,0,0.3935336,0,-0.9193103;
custom,cuboid,default,10,5,10,0,0,1,1,1.0,1.0,276.3561,56.22808,-263.2341,0,0.3971626,0,-0.9177483;
custom,cuboid,default,10,5,10,0,0,1,1,1.0,1.0,315.0591,85.00391,-218.3309,0,0.4238584,0,-0.9057285;
custom,cuboid,default,10,5,10,0,0,1,1,1.0,1.0,358.1975,97.1962,-138.5754,0,0.4657145,0,-0.884935;
custom,cuboid,default,10,5,10,0,0,1,1,1.0,1.0,446.338,49.4729,-371.4577,0,0.9591253,0,0.2829819;
custom,cuboid,default,10,5,10,0,0,1,1,1.0,1.0,505.723,102.1264,-320.714,0,0.8749236,0,0.484261;
custom,cuboid,default,10,5,10,0,0,1,1,1.0,1.0,486.9622,60.25299,-337.5032,0,0.8552348,0,0.5182407;
custom,cuboid,default,10,5,10,0,0,1,1,1.0,1.0,354.9356,90.42041,-169.939,0,-0.397395,0,0.9176477;
custom,cuboid,default,10,5,10,0,0,1,1,1.0,1.0,477.5574,99.49095,-66.72398,0.5274016,0.1946694,0.7853237,-0.2592643;
spawnpoint,playerC,55.22398,3.798406,-604.0345,0,0.9999748,0,-0.007098421;
spawnpoint,playerC,20.36594,10.20258,-583.7421,0,0.996699,0,-0.08118571;
spawnpoint,playerM,48.80499,0.5609681,-584.4138,0,0.9856489,0,0.1688085;
racing,startCuboid,10,5,10,33.27939,16.32039,-504.7609,0,0.05286646,0,0.9986016;
racing,startCuboid,10,5,10,-17.99522,69.61889,-515.8732,0,0.06488355,0,-0.9978929;
racing,startCuboid,10,5,10,72.65923,62.24933,-528.1288,0,0.2062855,0,0.9784918;
racing,startCuboid,10,5,10,108.545,19.14875,-516.3909,0,0.1331932,0,0.9910901;
racing,checkpointCuboid,10,5,10,352.1316,52.94838,-315.3073,0,0.2802825,0,0.9599176;
custom,cuboid,default,10,5,10,0,0,1,1,1.0,1.0,445.4609,83.52063,21.44157,0.9556033,0.2348991,0.1689934,0.0555519;
custom,cuboid,default,10,5,10,0,0,1,1,1.0,1.0,404.8862,67.24275,101.4327,0.973577,0.164668,0.1560003,0.02638554;
custom,cuboid,default,10,5,10,0,0,1,1,1.0,1.0,376.538,46.3374,154.0258,0.9308937,0.2159666,-0.2309425,0.1829232;
custom,cuboid,default,10,5,10,0,0,1,1,1.0,1.0,326.695,52.93114,177.1952,0,0.9819748,0,-0.1890118;
custom,cuboid,default,10,5,10,0,0,1,1,1.0,1.0,234.8737,52.24334,211.2417,0,0.6050376,0,-0.7961969;
custom,cuboid,default,10,5,10,0,0,1,1,1.0,1.0,152.2374,51.27766,225.9589,0,0.6102412,0,-0.7922156;
custom,cuboid,default,10,5,10,0,0,1,1,1.0,1.0,80.5208,50.03073,244.889,0,0.6102412,0,-0.7922156;
custom,cuboid,default,10,5,10,0,0,1,1,1.0,1.0,1.998273,45.86039,199.7938,0,0.9270715,0,-0.3748847;
custom,cuboid,default,10,5,10,0,0,1,1,1.0,1.0,26.80461,50.15084,267.5584,0,0.7974933,0,0.6033279;
custom,cuboid,default,10,5,10,0,0,1,1,1.0,1.0,-52.70446,43.05496,131.2882,0,0.9380943,0,-0.3463801;
custom,cuboid,default,10,5,10,0,0,1,1,1.0,1.0,-91.7827,42.48392,64.19048,0,0.9843782,0,-0.1760668;
custom,cuboid,default,10,5,10,0,0,1,1,1.0,1.0,-109.4355,40.06128,-8.887653,0,0.9652901,0,-0.2611802;
custom,cuboid,default,10,5,10,0,0,1,1,1.0,1.0,-114.6173,38.34361,-74.11763,0,0.9994565,0,-0.03296617;
custom,cuboid,default,10,5,10,0,0,1,1,1.0,1.0,-28.39405,36.68695,-125.1536,0,0.7418444,0,0.670572;
custom,cuboid,default,10,5,10,0,0,1,1,1.0,1.0,39.96381,37.57441,-117.5374,0,0.7240365,0,0.6897617;
custom,cuboid,default,10,5,10,0,0,1,1,1.0,1.0,140.1857,17.1842,-123.3123,0,0.7164676,0,0.6976204;
custom,cuboid,default,10,5,10,0,0,1,1,1.0,1.0,246.7266,2.305522,-124.3107,0,0.7118863,0,0.7022948;
custom,cuboid,default,10,5,10,0,0,1,1,1.0,1.0,354.2894,-20.29997,-126.0154,0,0.7240338,0,0.6897646;
custom,cuboid,default,10,5,10,0,0,1,1,1.0,1.0,451.6935,-24.17525,-130.2022,0,0.7240331,0,0.6897653;
custom,cuboid,default,10,5,10,0,0,1,1,1.0,1.0,451.8162,-22.4342,-229.908,0,0.9989414,0,-0.0460005;
custom,cuboid,default,10,5,10,0,0,1,1,1.0,1.0,446.6887,-24.10056,-28.9709,0,0.04816419,0,0.9988394;
custom,cuboid,default,10,5,10,0,0,1,1,1.0,1.0,549.163,-23.18236,-152.5154,0,0.735927,0,0.6770608;
custom,cuboid,default,10,5,10,0,0,1,1,1.0,1.0,548.6509,-22.35297,-232.4366,0,0.9576235,0,0.2880228;
custom,pillar1,wood4,1,1,1,0,0,1,1,1.0,1.0,486.3388,-15.4059,-108.5131,0,0.7188484,0,0.6951669;
custom,pillar1,metal3,1,1,1,0,0,1,1,1.0,1.0,489.225,-22.75748,-129.5762,0,0.6868891,0,0.7267623;
custom,pillar1,stone6,1,1,1,0,0,1,1,1.0,1.0,486.7145,-35.60363,-149.6438,0,0.6932024,0,0.720743;
custom,cuboid,default,10,10,10,0,0,1,1,1.0,1.0,371.4937,116.5597,-89.03155,0,0.9903431,0,0.1386381;
custom,cuboid,default,10,10,10,0,0,1,1,1.0,1.0,348.3655,84.31554,-14.96466,0,0.8362811,0,-0.548301;
custom,cuboid,default,10,10,10,0,0,1,1,1.0,1.0,315.7386,87.10226,64.4007,0,0.8492007,0,-0.5280703;
custom,cuboid,default,10,10,10,0,0,1,1,1.0,1.0,266.7407,72.78983,104.9098,0,0.9865009,0,-0.1637562;
custom,cuboid,default,10,10,10,0,0,1,1,1.0,1.0,195.6704,80.33305,119.9268,0,0.9974103,0,-0.07192135;
custom,cuboid,default,10,10,10,0,0,1,1,1.0,1.0,99.00499,77.97612,138.915,0,0.9945231,0,-0.1045173;
custom,cuboid,default,10,10,10,0,0,1,1,1.0,1.0,44.92104,84.85527,85.90697,0,0.8949215,0,0.4462237;
custom,cuboid,default,10,10,10,0,0,1,1,1.0,1.0,-3.144794,63.61131,-0.897966,0,0.7933321,0,0.6087891;
custom,cuboid,default,10,10,10,0,0,1,1,1.0,1.0,-12.85512,89.42363,-29.85264,0,0.07450619,0,0.9972206;
custom,cuboid,default,10,10,10,0,0,1,1,1.0,1.0,68.31152,95.57281,-33.58438,0,0.07189278,0,0.9974124;
custom,cuboid,default,10,10,10,0,0,1,1,1.0,1.0,144.1889,27.83651,-39.79952,0,0.6836494,0,-0.7298106;
custom,cuboid,default,10,10,10,0,0,1,1,1.0,1.0,298.2624,73.75699,-45.48511,0,0.6053887,0,-0.79593;
custom,cuboid,default,10,10,10,0,0,1,1,1.0,1.0,190.9957,68.54533,-24.7022,0,0.04347746,0,0.9990544;
custom,cuboid,default,10,10,100,0,0,1,1,1.0,1.0,665.7147,103.7809,148.7011,0,0.8011332,0,0.5984861;
custom,cuboid,default,10,10,100,0,0,1,1,1.0,1.0,457.5074,106.9305,370.1216,0,0.6559001,0,0.7548477;
custom,cuboid,default,10,10,100,0,0,1,1,1.0,1.0,-36.85381,89.40548,531.0553,0,0.1475959,0,0.9890478;
custom,cuboid,default,10,10,100,0,0,1,1,1.0,1.0,232.5012,86.10913,598.1763,0,0.3662999,0,0.9304969;
custom,cuboid,default,10,10,100,0,0,1,1,1.0,1.0,191.17,18.39252,559.5547,0,0.3397554,0,0.9405138;
custom,cuboid,default,10,10,100,0,0,1,1,1.0,1.0,-274.3354,89.5266,372.2755,0,0.07874022,0,-0.9968952;
custom,cuboid,default,10,10,100,0,0,1,1,1.0,1.0,-27.00489,30.98987,450.3178,0,0.1883781,0,0.9820966;
custom,cuboid,default,10,10,100,0,0,1,1,1.0,1.0,-379.7822,87.38073,-60.88873,0,0.5656514,0,-0.8246445;
custom,cuboid,default,10,10,100,0,0,1,1,1.0,1.0,-204.2565,37.13056,-236.1066,0,0.7147819,0,-0.6993475;
custom,cuboid,default,10,10,100,0,0,1,1,1.0,1.0,-270.4725,109.0598,-274.7231,0,0.7420104,0,-0.6703884;
custom,cuboid,default,50,10,100,0,0,1,1,1.0,1.0,470.8099,175.9525,-689.7009,0,0.9142178,0,0.4052232;
custom,cuboid,default,50,10,100,0,0,1,1,1.0,1.0,496.5035,207.9609,-49.21277,0,0.6815916,0,0.7317329;
custom,cuboid,default,50,10,100,0,0,1,1,1.0,1.0,618.0623,211.9998,408.6495,0,0.5731135,0,0.819476;
custom,cuboid,default,50,10,100,0,0,1,1,1.0,1.0,-290.6279,122.6858,-675.5674,0,0.8506667,0,-0.5257055;
custom,cuboid,default,50,10,100,0,0,1,1,1.0,1.0,-553.4678,71.5128,-398.4819,0,0.5069707,0,-0.8619633;
custom,cuboid,default,50,10,100,0,0,1,1,1.0,1.0,193.6044,189.832,-440.2128,0,0.9219024,0,0.3874222;
custom,cuboid,default,50,10,100,0,0,1,1,1.0,1.0,-102.2686,190.2991,-399.8824,0,0.9959322,0,0.09010591;
custom,cuboid,default,50,10,100,0,0,1,1,1.0,1.0,409.6324,187.2901,244.4675,0,0.7034561,0,0.7107387;
custom,cuboid,default,50,10,100,0,0,1,1,1.0,1.0,327.1398,210.2545,-328.2734,0,0.9751611,0,0.2214967;
custom,cuboid,default,50,10,100,0,0,1,1,1.0,1.0,79.74111,175.5796,-362.0632,0,0.9996346,0,0.0270319;
custom,cuboid,default,50,10,100,0,0,1,1,1.0,1.0,770.4614,43.45222,-857.7068,0,0.9095832,0,0.415522;
custom,cuboid,default,50,10,100,0,0,1,1,1.0,1.0,661.101,59.44458,-899.4399,0,0.937112,0,0.3490289;
custom,cuboid,default,50,10,100,0,0,1,1,1.0,1.0,902.785,116.9784,-740.6912,0,0.8875852,0,0.4606436;
custom,cuboid,default,1,1,1,0,0,1,1,1.0,1.0,349.4322,51.33762,-265.4634,0,0.0750823,0,-0.9971774;
custom,cuboid,default,1,1,1,0,0,1,1,1.0,1.0,348.8917,56.58042,-260.7113,0,0.08378201,0,-0.9964841;
custom,cuboid,default,1,1,1,0,0,1,1,1.0,1.0,355.4437,54.45892,-254.2923,0,0.1681645,0,-0.985759;
custom,cuboid,default,1,1,1,0,0,1,1,1.0,1.0,357.3318,55.7121,-250.7644,0,0.1120109,0,-0.993707;
racing,killPlane,1,1,1,263.2172,109.437,157.913,0,0.725505,0,-0.688217;
racing,killSphere,1,1,1,219.9877,105.9937,196.2726,0,0.6216531,0,-0.7832927;
racing,killSphere,1,1,1,151.5155,102.3416,219.4244,0,0.7394873,0,-0.6731705;
racing,killSphere,1,1,1,77.77063,106.027,233.7917,0,0.790036,0,-0.6130606;
racing,killSphere,1,1,1,-43.39465,92.86357,182.185,0,0.9861107,0,-0.1660895;
racing,killSphere,1,1,1,-31.10161,101.5165,138.7452,0,0.9976419,0,-0.0686342;
racing,killSphere,1,1,1,-73.40758,80.16268,126.8533,0,0.9731376,0,-0.2302244;
racing,killSphere,1,1,1,-64.71179,90.10162,83.14185,0,0.9891693,0,0.1467792;
racing,killSphere,1,1,1,-21.80074,108.2871,170.5372,0,0.4742316,0,0.8804001;
racing,killSphere,1,1,1,20.08448,92.87566,198.4512,0,0.9077117,0,-0.4195943;
racing,killSphere,1,1,1,-8.771564,81.03107,147.2877,0,0.9955061,0,-0.09469727;
racing,killSphere,1,1,1,-127.4788,82.19382,-7.058053,0,0.9915781,0,0.1295103;
racing,killSphere,1,1,1,-106.474,83.63319,2.57885,0,0.8944167,0,0.4472347;
racing,killSphere,1,1,1,-120.4289,98.64977,-5.312025,0,0.9392934,0,0.3431149;
racing,killSphere,1,1,1,-126.1818,92.04314,35.75009,0,0.3775677,0,0.925982;
racing,killSphere,1,1,1,-86.31588,85.82111,14.72324,0,0.991001,0,0.1338544;
racing,killSphere,1,1,1,-93.92567,84.19164,-28.71204,0,0.953362,0,0.3018292;
racing,killSphere,1,1,1,-124.1614,81.64879,-74.08342,0,0.9694769,0,0.2451825;
racing,killSphere,1,1,1,-80.68782,80.20152,-83.15559,0,0.671491,0,0.7410127;
racing,killSphere,1,1,1,-48.52872,84.08433,-112.4081,0,0.8632383,0,0.5047968;
racing,killSphere,1,1,1,-16.38144,83.0642,-102.964,0,0.6502054,0,0.7597585;
racing,killSphere,1,1,1,1.065128,72.83395,-141.9616,0,0.4896702,0,-0.8719077;
racing,killSphere,1,1,1,-16.04771,97.43843,-108.1864,0,0.5511273,0,-0.8344212;
racing,killSphere,1,1,1,-66.05378,100.67,-114.7783,0,0.5565855,0,-0.8307903;
racing,killSphere,1,1,1,27.94547,86.85281,-111.2218,0,0.6077714,0,0.794112;
racing,killSphere,1,1,1,44.66037,78.6063,-127.2686,0,0.8095654,0,0.5870296;
racing,killSphere,1,1,1,80.39366,69.48412,-111.2078,0,0.5635761,0,0.8260642;
racing,killSphere,1,1,1,101.1907,63.5846,-145.4919,0,0.8095651,0,0.5870302;
racing,killSphere,1,1,1,111.6088,57.72827,-114.1725,0,0.576125,0,0.8173617;
racing,killSphere,1,1,1,119.196,89.63773,-112.8229,0,0.6060368,0,0.7954366;
racing,killSphere,1,1,1,167.1292,87.0853,-147.6999,0,0.7941205,0,-0.6077604;
racing,killSphere,1,1,1,133.0209,93.07993,-155.0048,0,0.7820359,0,-0.6232334;
racing,killSphere,1,1,1,134.3955,92.04196,-126.7413,0,0.8345867,0,-0.5508766;
racing,endCuboid,1,1,1,256.1013,56.42025,-126.6856,0,0.677858,0,0.7351929;
racing,endCuboid,1,1,1,237.3072,56.63158,-148.8255,0,0.7259925,0,0.6877027;
racing,endCuboid,1,1,1,227.1135,50.62686,-91.7565,0,0.6984312,0,0.7156772;
racing,endCuboid,1,1,1,252.2697,34.89439,-112.2465,0,0.6249184,0,0.7806901;
racing,endCuboid,1,1,1,262.6669,62.95168,-114.5676,0,0.7077363,0,0.7064767;
racing,endCuboid,1,1,1,275.4675,70.72446,-145.173,0,0.840339,0,0.5420612;
racing,endCuboid,1,1,1,234.0449,43.62231,-137.7567,0,0.707732,0,0.7064811;
racing,endCuboid,1,1,1,235.7019,45.82047,-158.7249,0,0.7804375,0,0.6252339;
racing,endCuboid,1,1,1,253.2269,80.23713,-119.3379,0,0.6632809,0,0.7483705;
racing,endCuboid,1,1,1,292.3005,87.38213,-103.0325,0,0.5157939,0,0.8567128;
racing,endCuboid,1,1,1,257.2207,92.04769,-137.0413,0,0.5417154,0,0.840562;
racing,endCuboid,1,1,1,227.9846,86.38928,-104.6765,0,0.6163539,0,0.7874693;
racing,killSphere,1,1,1,165.0034,81.03596,-139.3238,0,0.5955107,0,0.8033474;
racing,killSphere,1,1,1,186.1512,79.73804,-113.378,0,0.6367382,0,0.7710801;
racing,killSphere,1,1,1,211.4801,65.32952,-122.4694,0,0.7244606,0,0.6893162;
racing,killSphere,1,1,1,221.7197,74.97781,-150.4889,0,0.7484042,0,-0.6632429;
racing,killSphere,1,1,1,243.3577,43.06463,-116.5853,0,0.5562571,0,0.8310103;
racing,killSphere,1,1,1,212.9435,60.91933,-140.4301,0,0.8224311,0,-0.5688648;
racing,killSphere,1,1,1,171.7805,59.54755,-149.0883,0,0.671774,0,-0.7407562;
racing,killSphere,1,1,1,-93.92335,99.89374,-82.74992,0,0.2595627,0,0.9657263;
racing,killSphere,1,1,1,-120.9209,103.7073,-76.39897,0,0.2601963,0,-0.9655558;
racing,killSphere,1,1,1,-101.3741,112.7974,0.9548266,0,0.06615324,0,0.9978095;
racing,checkpointCuboid,1,1,1,-105.3972,103.2257,56.63485,0,0.7898075,0,0.6133549;
racing,killSphere,1,1,1,102.5033,113.5956,202.9469,0,0.797761,0,0.6029738;
racing,killSphere,1,1,1,164.9587,115.3438,226.0846,0,0.6936128,0,0.720348;
racing,killSphere,1,1,1,118.263,117.4568,217.4229,0,0.09005462,0,0.9959369;
racing,killSphere,1,1,1,160.9778,117.607,196.4555,0,0.9047642,0,0.4259127;
racing,killSphere,1,1,1,256.9468,117.6163,205.0725,0,0.6841187,0,0.7293707;
racing,killSphere,1,1,1,272.2528,97.84811,175.3682,0,0.650567,0,-0.7594489;
racing,killSphere,1,1,1,253.8915,84.89011,208.1687,0,0.6287749,0,-0.7775875;
racing,killSphere,1,1,1,206.8222,82.42606,193.9131,0,0.6389065,0,-0.7692844;
racing,killSphere,1,1,1,198.8831,84.24282,222.7339,0,0.6455989,0,-0.7636768;
racing,killSphere,1,1,1,173.1929,83.54798,203.5534,0,0.687857,0,-0.7258463;
racing,killSphere,1,1,1,152.6305,80.80598,226.2405,0,0.6798996,0,-0.7333052;
racing,killSphere,1,1,1,128.0162,82.17123,205.5796,0,0.8359126,0,-0.5488625;
racing,killSphere,1,1,1,111.5914,89.33197,235.5722,0,0.5088443,0,-0.8608586;
racing,killSphere,1,1,1,77.64671,89.89268,214.5752,0,0.837118,0,-0.5470223;