custom,cuboid,grass4,1,20,30,0,0,1,1,1.0,1.0,1234.798,100.7451,-4555.134,0,0.6620275,0,-0.7494797;
custom,boulder1,grass4,30,30,10,0,0,1,1,1.0,1.0,2306.639,108.484,-4933.19,-0.9629902,-0.2634442,-0.05496425,-0.01503651;
custom,boulder1,grass4,30,30,10,0,0,1,1,1.0,1.0,2548.041,87.22205,-4751.449,-0.5741466,-0.4550623,-0.533415,-0.4227796;
custom,boulder3,grass4,30,30,20,0,0,1,1,1.0,1.0,2345.35,118.3058,-4483.636,0,0.9980263,0,-0.06279761;
custom,boulder3,grass4,30,30,20,0,0,1,1,1.0,1.0,1886.153,129.7472,-4858.578,0,0.01574657,0,-0.999876;
custom,boulder4,grass4,30,30,20,0,0,1,1,1.0,1.0,1903.912,-55.57912,-4438.817,0,0.154881,0,-0.9879332;
custom,boulder3,grass4,30,30,20,0,0,1,1,1.0,1.0,1378.084,56.35215,-4813.551,-0.2984816,-0.0282149,-0.9497644,-0.08977905;
custom,boulder3,grass4,20,20,40,0,0,1,1,1.0,1.0,1676.636,51.51623,-4500.898,0,0.74542,0,-0.666595;
custom,boulder2,grass4,20,20,40,0,0,1,1,1.0,1.0,1003.616,65.43542,-4830.168,0.3649631,-0.4523032,0.5110177,-0.6333125;
custom,boulder4,grass4,10,20,60,0,0,1,1,1.0,1.0,1288.986,5.987243,-4425.527,0,0.7564484,0,0.6540534;
custom,boulder1,grass4,10,20,60,0,0,1,1,1.0,1.0,397.2306,151.1381,-4601.643,0,0.8680898,0,-0.4964072;
custom,boulder2,grass4,10,20,60,0,0,1,1,1.0,1.0,534.1769,71.70438,-5113.103,0,0.8052655,0,-0.5929145;
custom,boulder1,grass4,5,20,16,0,0,1,1,1.0,1.0,609.72,204.0237,-4718.629,0,0.9843518,0,0.1762147;
custom,boulder1,grass4,5,20,16,0,0,1,1,1.0,1.0,538.9838,155.7919,-4949.385,0,0.1309905,0,-0.9913836;
custom,boulder1,grass4,5,20,16,0,0,1,1,1.0,1.0,364.6408,145.9241,-4816.825,0,0.9949187,0,0.1006818;
custom,boulder1,grass4,5,20,16,0,0,1,1,1.0,1.0,308.8473,102.9255,-5095.311,0,0.1483256,0,-0.9889386;
custom,boulder1,grass4,5,20,16,0,0,1,1,1.0,1.0,1835.085,-149.512,-4696.099,0,0.2301868,0,-0.9731465;
custom,boulder1,grass4,5,10,16,0,0,1,1,1.0,1.0,1832.279,215.8452,-4788.083,0,0.9901063,0,0.1403193;
custom,boulder1,grass4,5,10,16,0,0,1,1,1.0,1.0,1738.07,131.3613,-4848.823,0,0.994621,0,0.1035811;
custom,boulder1,grass4,5,10,16,0,0,1,1,1.0,1.0,1555.171,9.92224,-4737.436,0,0.124676,0,0.9921975;
custom,boulder2,grass4,5,10,16,0,0,1,1,1.0,1.0,1424.197,76.35262,-4654.096,0,0.395067,0,0.9186523;
custom,cuboid,grass4,700,1,700,0,0,1,1,1.0,1.0,972.0604,10.77945,-3048.372,0,0.3162298,0,-0.9486827;
custom,cuboid,grass4,1,20,20,0,0,1,1,1.0,1.0,1007.823,100.5189,-4508.047,0,0.5784709,0,-0.815703;
custom,cylinder,grass4,5,20,5,0,0,1,1,1.0,1.0,870.8708,167.3324,-4514.215,0,0.8958597,0,-0.4443371;
custom,cylinder,grass4,5,20,5,0,0,1,1,1.0,1.0,789.7388,149.7348,-4501.255,0,0.448195,0,0.8939359;
custom,cylinder,grass4,5,20,5,0,0,1,1,1.0,1.0,829.0726,150.1348,-4545.522,0,0.448195,0,0.8939359;
custom,cylinder,grass4,5,20,5,0,0,1,1,1.0,1.0,863.0582,148.7348,-4594.537,0,0.448195,0,0.8939359;
custom,cylinder,grass4,5,20,5,0,0,1,1,1.0,1.0,759.8247,81.08201,-4563.753,0,0.3966811,0,0.9179565;
custom,cylinder,grass4,5,20,5,0,0,1,1,1.0,1.0,802.1739,100.4532,-4601.986,0,0.5018126,0,0.8649764;
custom,cylinder,grass4,5,20,5,0,0,1,1,1.0,1.0,786.3203,91.06582,-4667.418,0,0.4304211,0,0.9026282;
custom,cylinder,grass4,5,20,5,0,0,1,1,1.0,1.0,734.1887,88.72708,-4626.315,0,0.3419262,0,0.9397268;
custom,cylinder,grass4,5,20,5,0,0,1,1,1.0,1.0,682.8549,87.93336,-4579.758,0,0.2312259,0,0.9729001;
custom,cylinder,grass4,5,20,5,0,0,1,1,1.0,1.0,658.8409,85.11937,-4645.088,0,0.2800215,0,-0.9599937;
custom,cylinder,grass4,5,20,5,0,0,1,1,1.0,1.0,718.2282,92.62857,-4695.143,0,0.09994095,0,0.9949934;
custom,boulder1,grass4,5,2,5,0,0,1,1,1.0,1.0,2354.938,22.03592,-4692.049,0,0.7129459,0,0.7012191;
spawnpoint,playerC,2354.118,55.11361,-4692.753,0,0.7486655,0,0.662948;
racing,startCuboid,3,50,50,2134.375,197.3376,-4643.733,0,0.9999818,0,-0.006031639;
custom,cuboid,default,5,5,800,0,1,1,1,1.0,1.0,-263.4737,77.387,-366.6234,0,0.1715669,0,-0.9851725;
custom,cylinder,grass4,1,20,1,0,1,1,1,1.0,1.0,1383.935,48.85388,-4573.609,0,0.6396452,0,-0.7686703;
custom,cylinder,grass4,1,20,1,0,1,1,1,1.0,1.0,913.3,146.1534,-4474.927,0,0.8164171,0,0.5774627;
custom,cylinder,grass4,2,20,3,0,1,1,1,1.0,1.0,1094.694,15.10829,-4536.733,0,0.1300322,0,0.9915098;
custom,boulder3,grass4,10,25,60,0,1,1,1,1.0,1.0,16.57298,76.98602,-5221.789,0,0.7163714,0,-0.6977192;
custom,boulder3,grass4,10,25,60,0,1,1,1,1.0,1.0,-881.0803,224.5025,-4950.237,-0.2625915,0.6840742,-0.2438715,0.635307;
custom,boulder3,grass4,10,25,60,0,1,1,1,1.0,1.0,-847.9163,221.0134,-5223.986,0.2329738,0.6804609,0.225046,0.6573054;
custom,boulder3,grass4,10,25,60,0,1,1,1,1.0,1.0,-886.9698,70.08158,-4893.552,0.2947561,0.5710797,0.3513949,0.6808147;
custom,boulder3,grass4,10,25,60,0,1,1,1,1.0,1.0,-825.4039,36.30855,-5237.354,-0.2324985,0.6676447,-0.2325892,0.6679052;
custom,boulder3,grass4,10,25,60,0,1,1,1,1.0,1.0,-364.719,221.1025,-4894.223,-0.4399535,0.585963,-0.4085895,0.5441902;
custom,boulder3,grass4,10,25,60,0,1,1,1,1.0,1.0,-272.5245,192.413,-5229.461,0.3464957,0.6302735,0.3347049,0.6088257;
custom,boulder3,grass4,10,25,60,0,1,1,1,1.0,1.0,-372.6123,-33.31836,-4981.68,0.2490411,0.5924454,0.2968955,0.7062861;
custom,boulder3,grass4,10,25,60,0,1,1,1,1.0,1.0,-415.0364,48.90853,-5241.098,-0.2324985,0.6676447,-0.2325892,0.6679052;
custom,boulder3,grass4,10,25,60,0,1,1,1,1.0,1.0,-1295.181,33.68333,-5155.726,-0.4080027,0.7804372,-0.2194927,0.4198508;
custom,boulder3,grass4,10,25,60,0,1,1,1,1.0,1.0,-1349.288,53.32937,-4621.528,0.3938237,0.8601856,0.1348799,0.2946033;
custom,boulder3,grass4,10,25,60,0,1,1,1,1.0,1.0,-1539.057,3.796237,-4834.784,-0.3870319,0.8816832,-0.1084821,0.247129;
custom,boulder3,grass4,10,25,60,0,1,1,1,1.0,1.0,-1315.435,213.9935,-5156.027,0.3470539,0.8256084,0.1724007,0.410125;
custom,boulder3,grass4,10,25,60,0,1,1,1,1.0,1.0,-1262.325,265.0142,-4890.692,-0.4932285,0.824125,-0.1430042,0.2389426;
custom,boulder3,grass4,10,25,60,0,1,1,1,1.0,1.0,-1572.825,225.4731,-4746.921,0.4657609,0.857825,0.1036689,0.1909344;
custom,boulder3,grass4,10,25,60,0,1,1,1,1.0,1.0,-1765.742,33.96249,-4458.425,-0.3513933,0.9202074,-0.06152174,0.1611096;
custom,boulder3,grass4,10,25,60,0,1,1,1,1.0,1.0,-1500.642,-3.348438,-4371.984,0.4808845,0.8430802,0.1192873,0.2091328;
custom,boulder3,grass4,10,25,60,0,1,1,1,1.0,1.0,-1446.169,205.3525,-4371.738,-0.3219092,0.924397,-0.06728901,0.1932277;
custom,boulder3,grass4,10,25,60,0,1,1,1,1.0,1.0,-1736.5,248.1996,-4506.006,0.4306217,0.8790081,0.09006388,0.1838432;
custom,boulder3,grass4,10,25,60,0,1,1,1,1.0,1.0,-1762.604,8.450874,-3989.045,-0.4624683,0.8846203,0.02768219,-0.05295113;
custom,boulder3,grass4,10,25,60,0,1,1,1,1.0,1.0,-1537.617,73.07129,-3891.882,0.2789443,0.9601325,-0.005112132,-0.01759607;
custom,boulder2,grass4,10,25,60,0,1,1,1,1.0,1.0,-1839.358,143.9331,-3968.253,0.3305057,0.9437765,-0.002384348,-0.006808628;
custom,boulder2,grass4,10,25,60,0,1,1,1,1.0,1.0,-1629.677,249.5603,-3905.973,-0.5209531,0.8501179,0.04015984,-0.0655349;
custom,boulder2,grass4,10,25,60,0,1,1,1,1.0,1.0,-1718.83,-73.63001,-3435.054,-0.8043554,0.5843979,0.08672568,-0.06300995;
custom,boulder2,grass4,10,25,60,0,1,1,1,1.0,1.0,-1855.531,216.4751,-3562.514,-0.181534,0.9794699,0.01597463,-0.08619136;
custom,boulder2,grass4,10,25,60,0,1,1,1,1.0,1.0,-1520.575,187.0416,-3412.219,-0.1460649,0.9891495,0.002301824,-0.01558792;
custom,boulder3,grass4,10,25,60,0,1,1,1,1.0,1.0,-1685.113,263.0548,-3498.766,-0.7635249,0.6452287,0.02034874,-0.01719603;
custom,boulder3,grass4,10,25,60,0,1,1,1,1.0,1.0,-1892.991,102.4246,-3133.944,-0.1619183,0.9573183,-0.03992854,0.2360717;
custom,boulder3,grass4,10,25,60,0,1,1,1,1.0,1.0,-1562.082,98.59361,-3019.664,-0.2781861,0.9575229,-0.02117846,0.07289675;
custom,boulder3,grass4,10,25,60,0,1,1,1,1.0,1.0,-1746.491,-52.65055,-2911.165,-0.651553,-0.7390423,-0.113189,-0.1283878;
custom,boulder3,grass4,10,25,60,0,1,1,1,1.0,1.0,-1731.627,192.2813,-3097.12,-0.7289575,0.6703107,-0.1022742,0.09404595;
racing,killCuboid,2,25,100,-1688.131,132.1905,-2269.346,0,0.9992207,0,0.03947134;
racing,killCuboid,2,25,100,-1956.693,131.3898,-2393.437,0,0.9992207,0,0.03947134;
racing,killCuboid,40,2,120,-1808.012,10.3641,-2377.875,0,0.9995246,0,0.03083141;
racing,killCuboid,40,2,90,-1828.459,97.01758,-2327.818,0,0.9989355,0,0.04612819;
racing,killCuboid,40,2,40,-1774.761,254.4897,-2867.732,0.2968275,0.5901758,0.3373144,0.670675;
custom,cuboid,stone5,0.2,0.2,6,0,1,1,1,1.0,1.0,-1804.63,86.75298,-2706.477,0,0.02244371,0,-0.9997481;
custom,cuboid,stone5,0.2,0.2,6,0,1,1,1,1.0,1.0,-1779.438,87.33089,-2663.832,0,0.3489051,0,-0.937158;
custom,cuboid,stone5,0.2,0.2,6,0,1,1,1,1.0,1.0,-1854.651,87.19147,-2520.934,0,0.05098269,0,-0.9986995;
custom,cuboid,stone5,0.2,0.2,6,0,1,1,1,1.0,1.0,-1697.275,87.16489,-2677.51,0,0.1166931,0,0.9931681;
custom,cuboid,stone5,0.2,0.2,6,0,1,1,1,1.0,1.0,-1720.964,86.75977,-2623.455,0,0.1209727,0,0.9926559;
custom,cuboid,stone5,0.2,0.2,6,0,1,1,1,1.0,1.0,-1869.053,87.07948,-2672.564,0,0.09899768,0,-0.9950877;
custom,cuboid,stone5,0.2,0.2,6,0,1,1,1,1.0,1.0,-1810.585,87.12782,-2586.871,0,0.7200755,0,-0.6938958;
custom,cuboid,stone5,0.2,0.2,6,0,1,1,1,1.0,1.0,-1772.282,86.67761,-2446.285,-0.0251042,0.06163895,0.3763581,-0.9240806;
custom,cuboid,stone5,0.2,0.2,6,0,1,1,1,1.0,1.0,-1823.393,86.66378,-2489.693,0,0.3838169,0,-0.9234092;
custom,cuboid,stone5,0.2,0.2,6,0,1,1,1,1.0,1.0,-1751.47,87.16605,-2543.677,0,0.7470291,0,-0.6647914;
custom,cuboid,stone5,0.2,0.2,6,0,1,1,1,1.0,1.0,-1741.54,87.13736,-2377.101,0,0.09737146,0,-0.9952481;
custom,cuboid,stone5,0.2,0.2,6,0,1,1,1,1.0,1.0,-1818.994,87.07856,-2386.014,0,0.01589843,0,0.9998736;
custom,cuboid,stone5,0.2,0.2,6,0,1,1,1,1.0,1.0,-1873.706,87.16765,-2359.819,0,0.04958923,0,-0.9987697;
custom,cuboid,stone5,0.2,0.2,6,0,1,1,1,1.0,1.0,-1862.54,87.19009,-2273.743,0,0.6848078,0,-0.7287238;
custom,cuboid,stone5,0.2,0.2,6,0,1,1,1,1.0,1.0,-1771.076,87.05657,-2301.041,0,0.7536033,0,0.6573296;
custom,cuboid,stone5,0.2,0.2,6,0,1,1,1,1.0,1.0,-1835.506,87.02665,-2236.903,0,0.6530918,0,0.7572787;
custom,cuboid,stone5,0.2,0.2,6,0,1,1,1,1.0,1.0,-1767.562,87.07238,-2190.142,0,0.7713721,0,-0.6363844;
custom,cuboid,stone5,0.2,0.2,6,0,1,1,1,1.0,1.0,-1855.99,87.2674,-2159.948,0,0.6447273,0,0.7644127;
custom,cuboid,stone5,0.2,0.2,12,0,1,1,1,1.0,1.0,-1813.458,86.72842,-2107.582,0,0.7161103,0,-0.6979871;
custom,cuboid,stone5,0.2,0.2,12,0,1,1,1,1.0,1.0,-1820.629,86.65926,-2060.523,0,0.7221804,0,-0.6917048;
custom,cuboid,stone5,0.2,0.2,12,0,1,1,1,1.0,1.0,-1814.54,86.86727,-2012.442,0,0.7282265,0,-0.6853366;
custom,cuboid,stone5,0.2,0.2,12,0,1,1,1,1.0,1.0,-1864.613,86.75653,-1972.55,0,0.7770435,0,-0.6294469;
custom,cuboid,stone5,0.2,0.2,12,0,1,1,1,1.0,1.0,-1812.557,86.55386,-1908.976,0,0.7415926,0,-0.6708505;
racing,checkpointCuboid,2,2,2,-1765.036,60.57981,-2888.7,-0.1247705,0.9904401,-0.007352719,0.05836649;
racing,killCuboid,10,20,1,928.3922,103.9289,-4533.805,0,0.58487,0,-0.8111271;
racing,killCylinder,2,10,2,-170.54,125.1828,-5073.749,0.32628,0.6403604,-0.3156719,-0.6195411;
racing,killCylinder,2,10,2,-186.5878,15.38252,-5119.403,0.5055252,0.510847,-0.4890893,-0.4942383;
racing,killCylinder,2,10,2,-169.773,92.27835,-5079.199,0.6611168,0.3412278,-0.5937721,-0.3064685;
racing,killCylinder,2,10,2,-189.174,92.55141,-5089.194,0.3003454,0.5971705,-0.3341859,-0.6644546;
racing,killCylinder,2,10,2,-180.403,65.81981,-5056.669,-0.300759,0.6006016,0.3317112,-0.6624118;
racing,killCylinder,2,10,2,-170.421,156.3869,-5063.345,0.3282442,0.6359618,-0.320336,-0.6206394;
racing,killCylinder,2,10,2,-172.3832,58.94828,-5091.229,0.3147176,0.6627938,-0.2914416,-0.6137745;
racing,killCylinder,2,10,2,-179.169,34.54825,-5118.305,0.326237,0.6572002,-0.3021091,-0.6085947;
racing,killCylinder,2,10,2,-171.7593,129.6794,-5080.286,-0.3317602,0.6511157,0.3099075,-0.6082277;
racing,killCylinder,2,10,2,-180.4752,143.4796,-5114.162,-0.3294853,0.65227,0.3077824,-0.6093057;
racing,killCylinder,2,10,2,-167.463,183.0202,-5046.121,0.3500564,0.6695962,-0.303486,-0.5805151;
racing,killCylinder,2,10,2,-167.4065,50.74997,-5028.756,-0.3614626,0.6826841,0.2971583,-0.5612345;
racing,killCylinder,2,10,2,-431.5372,119.3984,-5084.18,0.276431,0.6876435,-0.2504113,-0.6229178;
racing,killCylinder,2,10,2,-342.4131,93.49358,-5067.809,-0.3367865,0.6050858,0.3508519,-0.6303563;
racing,killCylinder,2,10,2,-568.69,115.7806,-5082.645,-0.3397572,0.6844366,0.2868196,-0.5777943;
racing,killCylinder,2,10,2,-525.702,128.4905,-5033.223,0,0.5329912,0,-0.8461208;
racing,killCylinder,2,10,2,-405.869,132.0437,-5114.59,0,0.8347014,0,-0.5507029;
racing,killCylinder,2,10,2,-281.5237,88.73572,-5094.183,0.47095,0.4859827,-0.5123482,-0.5287024;
racing,killCylinder,2,10,2,-279.1883,45.65332,-5131.624,-0.5126426,0.5126426,0.4870294,-0.4870294;
racing,killCylinder,2,10,2,-356.2383,70.74417,-5081.437,0,0.7471595,0,-0.6646448;
racing,killCylinder,2,10,2,-466.1832,130.0772,-5018.501,0,0.6768245,0,-0.7361445;
racing,killCylinder,2,10,2,-598.1152,98.67669,-5109.149,0.1976416,0.7868447,-0.1424291,-0.5670338;
racing,killCylinder,2,10,2,-452.427,128.4723,-5067.915,0.2189125,0.5702866,0.2837339,0.739152;
racing,killCylinder,2,10,2,-470.8247,145.3855,-5049.505,-0.6046394,0.4109125,0.5643347,-0.3835213;
racing,killCylinder,2,10,2,-479.5536,67.92998,-5096.98,-0.3643428,0.6969236,0.2861775,-0.547407;
racing,killCylinder,2,10,2,-327.1312,107.0971,-5080.782,0.3610478,0.6253533,-0.3458965,-0.5991105;
racing,killCylinder,2,10,2,-306.7653,91.67839,-5059.532,0,0.6865037,0,-0.7271263;
racing,killCylinder,2,10,2,-278.8624,157.3235,-5037.503,0.5406482,0.423922,0.5718096,0.4483563;
racing,killCylinder,2,10,2,-638.3188,106.4917,-5085.538,0.5886034,0.5355878,-0.4478841,-0.4075434;
racing,killCylinder,2,10,2,-672.4881,56.26622,-5090.64,-0.5116349,0.4906402,-0.509085,0.4881952;
racing,killCylinder,2,10,2,-637.7627,151.1612,-5103.341,-0.5774884,0.3253982,-0.6523195,0.3675629;
racing,killCylinder,2,10,2,-592.3625,129.0406,-5075.662,-0.1769005,0.5644903,-0.241105,0.7693669;
racing,killCylinder,2,10,2,-673.9946,98.30766,-5052.488,0,0.6496811,0,0.7602069;
racing,killCylinder,2,10,2,-684.7033,90.70115,-5118.388,0,0.6295567,0,0.7769547;
racing,killCylinder,2,10,2,-673.9583,165.6077,-5105.497,-0.4912463,0.4710884,-0.5287861,0.5070879;
racing,killCylinder,2,10,2,-776.6901,112.6187,-5087.461,0,0.7285753,0,0.6849657;
racing,killCylinder,2,10,2,-771.8985,75.22847,-5080.495,-0.5026622,0.4820359,-0.5179464,0.4966927;
racing,killCylinder,2,10,2,-750.2786,124.4706,-5098.768,-0.492457,0.4924571,-0.5074309,0.5074308;
racing,killCylinder,2,10,2,-779.5154,135.7426,-5042.513,0,0.6964378,0,0.7176173;
racing,killCylinder,2,10,2,-771.5905,158.9619,-5136.582,0,0.734522,0,0.6785848;
racing,killCylinder,2,10,2,-776.9888,171.4557,-5086.523,-0.5151756,0.5044975,-0.4950407,0.4847796;
racing,killCylinder,2,10,2,-644.0549,200.2128,-5082.042,0.5182906,0.5348341,0.4644025,0.4792262;
racing,killCylinder,2,10,2,-585.9737,232.0355,-5119.89,-0.6083387,0.4371353,-0.5379629,0.3865655;
racing,killCuboid,8,25,2,-925.9031,117.1643,-5172.367,-0.2449529,0.6482491,0.2548382,-0.6744099;
racing,killCuboid,8,25,2,-920.9294,176.4061,-5089.553,0.2634051,0.6409731,-0.2740352,-0.6668404;
racing,killCuboid,8,25,2,-924.2943,111.9631,-5148.251,0.2669808,0.639492,-0.2777551,-0.6652995;
racing,killCuboid,8,25,2,-921.3218,67.80457,-5101.538,-0.6479064,-0.2458575,0.6740536,0.2557797;
custom,cuboid,stone5,3,2,40,0,1,1,1,1.0,1.0,-1840.716,19.20345,-1915.166,0,0.7050411,0,0.7091665;
custom,boulder2,stone5,70,30,20,0,1,1,1,1.0,1.0,-1799.066,254.8037,-1188.657,-0.6613286,-0.1082968,-0.7324812,-0.1199484;
custom,cuboid,grass4,20,20,1,0,1,1,1,1.0,1.0,2154.747,96.15852,-4795.006,0,0.7364637,0,-0.6764771;
custom,cuboid,grass4,20,20,1,0,1,1,1,1.0,1.0,2155.233,99.34,-4582.487,0,0.6763316,0,-0.7365972;
custom,cuboid,grass4,20,20,1,0,1,1,1,1.0,1.0,2146.54,10.13588,-4687.567,0,0.6969672,0,-0.717103;
custom,cuboid,grass4,20,20,1,0,1,1,1,1.0,1.0,2094.975,243.4116,-4447.328,0,0.675192,0,-0.7376421;
custom,cuboid,grass4,20,20,1,0,1,1,1,1.0,1.0,2068.52,94.59657,-4710.305,0,0.7438505,0,0.6683461;
custom,cuboid,grass4,20,20,1,0,1,1,1,1.0,1.0,2075.466,-54.96314,-4645.318,0,0.7438505,0,0.6683461;
custom,cuboid,grass4,20,20,1,0,1,1,1,1.0,1.0,2090.586,104.6368,-4505.821,0,0.7438505,0,0.6683461;
custom,cuboid,grass4,20,20,1,0,1,1,1,1.0,1.0,2075.588,151.837,-4644.031,0,0.7438505,0,0.6683461;
custom,cuboid,grass4,20,20,1,0,1,1,1,1.0,1.0,1990.245,104.7616,-4787.812,0,0.6599525,0,0.7513074;
custom,cuboid,grass4,20,20,1,0,1,1,1,1.0,1.0,1963.599,107.9613,-4582.768,0,0.6599525,0,0.7513074;
custom,cuboid,grass4,20,20,1,0,1,1,1,1.0,1.0,1970.577,249.7618,-4636.865,0,0.6599525,0,0.7513074;
custom,cuboid,grass4,20,20,1,0,1,1,1,1.0,1.0,1969.793,43.40164,-4630.486,0,0.6599525,0,0.7513074;
custom,cuboid,grass4,40,20,1,0,1,1,1,1.0,1.0,2146.952,221.1936,-4691.387,0,0.6736125,0,-0.7390847;
custom,cuboid,grass4,40,20,1,0,1,1,1,1.0,1.0,2076.845,346.168,-4655.539,0,0.6475282,0,-0.7620414;
custom,cuboid,grass4,40,20,1,0,1,1,1,1.0,1.0,1978.337,263.873,-4687.428,0,0.7237279,0,-0.6900854;
custom,sphere,default,1,1,1,1,1,0,0,1.0,1.0,2151.453,134.052,-4688.111,0,0.7101051,0,-0.7040957;
custom,arc90,default,1,1,1,1,1,0,0,1.0,1.0,2150.425,107.7897,-4680.528,0.7322001,0.6804025,-0.02240376,-0.02081884;
custom,arc90,default,1,1,1,1,1,0,0,1.0,1.0,2152.348,122.7897,-4680.287,0.6905597,-0.7226285,-0.02112963,0.0221109;
custom,arc90,default,1,1,1,1,1,0,0,1.0,1.0,2150.178,122.8651,-4695.594,-0.01567177,0.015187,-0.7179555,0.6957469;
custom,arc90,default,1,1,1,1,1,0,0,1.0,1.0,2151.417,107.7852,-4696.112,-0.01518701,-0.01567178,-0.6957467,-0.7179557;
custom,dummy1,stone5,1,1,1,0,1,0,0,1.0,1.0,2204.303,15.80128,-4747.643,0,0.7589029,0,0.6512039;
custom,dummy1,stone5,1,1,1,0,1,0,0,1.0,1.0,2207.282,15.76128,-4642.326,0,0.7589029,0,0.6512039;
custom,pillar2,stone5,1,1,1,0,1,0,0,1.0,1.0,2180.366,42.86929,-4723.092,0,0.7631463,0,0.6462258;
custom,pillar2,stone5,1,1,1,0,1,0,0,1.0,1.0,2176.891,44.46938,-4665.629,0,0.7631463,0,0.6462258;
custom,pillar1,stone5,1.5,1,1.5,1,1,1,0,1.0,1.0,2220.332,15.05318,-4696.921,0,0.6676678,0,-0.7444593;
custom,statue1,stone5,1,1,1,1,1,1,0,1.0,1.0,2220.101,75.49522,-4696.033,0,0.7559894,0,0.654584;
custom,tree2,default,1,1,1,1,1,1,0,1.0,1.0,2315.709,75.94442,-4600.459,0,0.6949307,0,-0.7190767;
custom,tree2,default,1,1,1,1,1,1,0,1.0,1.0,2257.336,73.68483,-4787.725,0,0.9619674,0,-0.2731643;
custom,tree2,default,1,1,1,1,1,1,0,1.0,1.0,2415.74,80.65077,-4603.079,0,0.4143008,0,0.91014;
custom,tree2,default,1,1,1,1,1,1,0,1.0,1.0,2401.754,79.65514,-4777.699,0,0.8927831,0,0.4504868;
custom,tree2,default,1,1,1,1,1,1,0,1.0,1.0,2317.652,141.6367,-4803.988,0.2960949,0.7594439,0.2104265,0.5397162;
custom,tree2,default,1,1,1,1,1,1,0,1.0,1.0,2390.707,155.2946,-4672.562,0.07557377,0.1137476,0.548207,0.8251178;
custom,tree2,default,1,1,1,1,1,1,0,1.0,1.0,2219.398,161.3654,-4653.301,0.3280884,0.6523312,-0.3069944,-0.6103904;
racing,killCuboid,1,25,50,1932.468,161.4804,-4716.889,0,0.9993676,0,0.03555926;
custom,cuboid,grass4,100,1,100,1,1,1,0,1.0,1.0,2039.976,199.4185,-4693.181,0,0.6778609,0,-0.7351902;
custom,cuboid,grass4,100,1,100,1,1,1,0,1.0,1.0,1082.938,199.4264,-4623.794,0,0.7141426,0,-0.7000003;
custom,cuboid,grass4,100,1,100,1,1,1,0,1.0,1.0,322.3421,206.2023,-4889.271,0,0.7669106,0,-0.641754;
custom,statue1,stone5,1,1,1,1,1,1,0,1.0,1.0,-18.5373,14.78672,-5050.324,0,0.626474,0,0.7794424;
custom,tree2,default,1,1,1,1,1,0,0,1.0,1.0,0.04351938,65.70035,-5068.455,0,0.8149788,0,-0.5794907;
custom,tree2,default,1,1,1,1,1,0,0,1.0,1.0,113.6534,79.44737,-4955.928,0,0.8710877,0,-0.4911274;
custom,tree2,default,1,1,1,1,1,0,0,1.0,1.0,132.5875,81.70806,-5045.464,0,0.8689369,0,-0.4949229;
custom,tree2,default,1,1,1,1,1,0,0,1.0,1.0,176.9706,82.78825,-4914.588,0,0.8846676,0,-0.4662223;
custom,tree2,default,1,1,1,1,1,0,0,1.0,1.0,203.3733,75.11318,-5061.87,0,0.9993666,0,-0.0355864;
custom,field2,default,1,1,1,0,1,0,0,1.0,1.0,371.2639,11.78354,-5051.623,0,0.979618,0,0.2008695;
custom,field2,default,1,1,1,0,1,0,0,1.0,1.0,2251.696,8.772806,-4669.837,0,0.8200648,0,-0.5722708;
custom,field1,default,1,1,1,0,1,0,0,1.0,1.0,2244.548,12.41236,-4646.374,0,0.4650975,0,-0.8852594;
custom,field1,default,1,1,1,0,1,0,0,1.0,1.0,2271.868,14.43625,-4769.638,0,0.8262644,0,-0.5632824;
custom,field2,default,1,1,1,0,1,0,0,1.0,1.0,2282.021,12.00688,-4802.249,0,0.9882751,0,-0.1526841;
custom,field1,default,1,1,1,0,1,0,0,1.0,1.0,2375.451,23.5433,-4731.872,0.2734376,0.9056691,-0.09365495,-0.3102001;
custom,field1,default,1,1,1,0,1,0,0,1.0,1.0,2387.511,34.42316,-4678.267,-0.05868665,0.4457693,0.1165889,-0.8855804;
custom,field1,default,2,2,2,0,1,0,0,1.0,1.0,2081.346,12.19726,-4731.01,0,0.9995834,0,-0.02886233;
custom,field2,default,2,2,2,0,1,0,0,1.0,1.0,2103.713,7.607184,-4661.224,0,0.9999986,0,0.001689747;
custom,field1,default,2,2,2,0,1,0,0,1.0,1.0,2112.887,8.722506,-4605.585,0,0.9933787,0,0.1148859;
custom,field1,default,2,2,2,0,1,0,0,1.0,1.0,115.2529,8.080788,-5002.622,0,0.783745,0,-0.6210828;
custom,field2,default,2,2,2,0,1,0,0,1.0,1.0,193.0362,12.57374,-5061.074,0,0.992503,0,-0.1222199;
custom,field2,default,2,2,2,0,1,0,0,1.0,1.0,141.9926,9.693825,-4922.66,0,0.9220644,0,-0.3870366;
custom,field1,default,2,2,2,0,1,0,0,1.0,1.0,179.9872,12.63024,-4915.357,0,0.9446906,0,-0.3279628;
custom,field2,default,2,2,2,0,1,0,0,1.0,1.0,-689.1785,12.43978,-5083.372,0,0.7559462,0,-0.6546338;
custom,field1,default,2,2,2,0,1,0,0,1.0,1.0,-619.4086,11.65214,-5099.319,0,0.6721593,0,-0.7404066;
custom,field1,default,2,2,2,0,1,0,0,1.0,1.0,-746.4387,96.6344,-5168.388,-0.2671012,0.6644351,0.2603399,-0.6476158;
custom,field2,default,2,2,2,0,1,0,0,1.0,1.0,-820.0966,93.94155,-5004.677,0.2936256,0.7088749,-0.2454193,-0.5924946;
custom,field2,default,2,2,2,0,1,0,0,1.0,1.0,-878.6784,109.1043,-5161.723,-0.2890733,0.6585271,0.2792824,-0.6362233;
custom,field1,default,2,2,2,0,1,0,0,1.0,1.0,-897.7477,170.7403,-5030.318,0.4707898,0.2037288,-0.7878013,-0.3409117;
racing,checkpointCuboid,3,3,3,-1895.587,43.27797,-1915.975,0,0.02051824,0,0.9997895;
racing,checkpointCuboid,2,2,2,-1192.731,109.6672,-5106.008,-0.02364885,0.1239715,-0.1858833,0.9744328;
racing,killCuboid,20,25,1,-1269.794,193.5835,-4938.595,-0.09067544,0.2603844,0.3161191,-0.9077702;
racing,killCuboid,20,25,1,-1421.887,98.98862,-4899.76,-0.1232273,0.2583514,0.4124984,-0.8648207;
racing,killCuboid,30,25,1,-1399.04,180.0809,-4808.268,0,0.9766835,0,0.2146842;
racing,killCuboid,30,25,1,-1422.288,49.45918,-4758.557,-0.04022042,0.9596301,-0.01165713,0.2781307;
racing,killTube,3,20,3,-1584.533,79.48641,-4535.313,-0.5817096,0.5756494,0.4084728,-0.4042175;
racing,killCuboid,30,30,1,-1617.904,242.5013,-4613.898,0,0.1724279,0,-0.9850221;
racing,killCuboid,30,30,1,-1508.322,-83.31791,-4573.277,0,0.1681667,0,-0.9857586;
racing,killCuboid,30,30,1,-1405.406,129.0968,-4545.544,-0.09805204,0.0940285,0.7150691,-0.6857263;
racing,killCuboid,30,30,1,-1717.307,118.0255,-4647.063,0,0.1704234,0,-0.9853709;
racing,killTube,3,20,3,-1670.167,119.5156,-4203.59,-0.4759177,0.5940426,0.4055005,-0.5061473;
racing,killCuboid,30,30,1,-1499.911,140.1809,-4236.236,0,0.08621673,0,-0.9962764;
racing,killCuboid,30,30,1,-1821.16,137.0055,-4287.589,0,0.07319875,0,-0.9973174;
racing,killCuboid,30,30,1,-1660.75,270.8072,-4263.464,0,0.07319875,0,-0.9973174;
racing,killCuboid,30,30,1,-1660.72,-58.01729,-4263.653,0,0.07319875,0,-0.9973174;
racing,killTube,3,30,3,-1669.986,111.5572,-3736.882,-0.5389667,0.387287,0.6074495,-0.4364961;
racing,killCuboid,30,30,1,-1649.382,305.204,-3830.167,0.0003001288,0.05731987,0.005227355,0.9983422;
racing,killCuboid,30,30,1,-1574.083,-19.11763,-3837.448,0,0.05732065,0,0.9983558;
racing,killCuboid,30,30,1,-1843.177,179.4827,-3806.432,0,0.05732065,0,0.9983558;
racing,killCuboid,30,30,1,-1518.595,181.8827,-3846.129,0,0.05732065,0,0.9983558;
racing,killTube,2,2,2,-1628.791,51.65579,-3308.75,-0.4895636,0.4888807,-0.5109065,0.5101939;
racing,killTube,1.7,2,1.7,-1630.725,50.57593,-3295.237,-0.4875119,0.4909272,-0.5087647,0.5123292;
racing,killTube,2.4,2,2.4,-1628.177,51.53572,-3322.016,-0.4883676,0.4900755,-0.5096583,0.5114406;
racing,killTube,2.75,2,2.75,-1627.318,54.09575,-3332.86,-0.4866539,0.4917773,-0.5078699,0.5132166;
racing,killTube,3.1,2,3.1,-1627.968,56.29581,-3344.628,-0.4900753,0.4883678,-0.5114405,0.5096585;
racing,killTube,3.5,2,3.5,-1629.699,59.09587,-3357.501,-0.491777,0.4866543,-0.5132164,0.5078701;
racing,killTube,3.8,2,3.8,-1630.902,62.49582,-3369.455,-0.4951628,0.483209,-0.5167493,0.5042747;
racing,killCuboid,20,20,1,-1631.057,-52.61481,-3371.079,0.0001206299,0.004606673,0.02617671,0.9996467;
racing,killCuboid,20,20,1,-1773.842,82.18502,-3368.751,0.002469226,-0.00389088,0.5358214,-0.8443188;
racing,killCuboid,20,20,1,-1500.75,48.00468,-3372.534,-0.004043937,0.002195678,-0.8788077,0.4771538;
racing,killCuboid,20,20,1,-1751.536,97.80456,-3369.791,-0.001421964,0.004376358,-0.3090138,0.9510464;
racing,killCuboid,20,20,1,-1509.74,84.00459,-3371.458,0.0009095347,0.004510792,0.1976554,0.9802608;
racing,killCuboid,20,20,1,-1630.335,181.205,-3370.33,-0.0004330462,0.00458115,-0.09410733,0.9955515;
racing,checkpointCuboid,3,3,3,-67.65077,29.48845,-5038.359,0,0.7894398,0,-0.613828;
misc,barrier,1,20,20,-582.7437,401.5986,-5042.013,0,0.6463376,0,-0.7630516;
misc,barrier,1,20,20,-548.1066,384.251,-5224.305,0,0.670517,0,0.7418942;
misc,barrier,1,20,20,-474.6406,404.8787,-5125.29,0,0.1308549,0,-0.9914016;
misc,barrier,1,20,20,-703.9293,403.7187,-5049.843,0,0.9313523,0,-0.3641194;
misc,barrier,1,20,20,-696.0456,394.9481,-5174.8,0,0.4170706,0,-0.9088741;
misc,barrier,50,1,50,-599.1973,468.7574,-5116.941,0,0.7442799,0,0.6678678;
custom,boulder2,stone5,70,30,20,0,1,1,1,1.0,1.0,-2084.445,374.2047,-1253.443,-0.1393293,0.6554929,-0.1543198,0.7260178;
custom,boulder2,stone5,70,10,20,0,1,1,1,1.0,1.0,-1958.447,120.4025,-1258.957,-0.1013655,0.6624265,-0.1122714,0.7336971;
custom,boulder2,stone5,70,10,20,0,1,1,1,1.0,1.0,-1903.652,448.405,-1334.539,-0.1541648,0.6521633,-0.1707515,0.7223297;
racing,killCuboid,5,10,50,-1906.378,148.3238,-1884.523,0,0.7528578,0,-0.6581832;
racing,killCuboid,5,10,50,-1844.745,181.3431,-1851.601,0,0.664664,0,0.7471424;
racing,killCuboid,5,10,50,-1881.526,252.0632,-1826.78,0,0.744282,0,-0.6678656;
racing,killCuboid,5,10,2,-1999.572,64.02203,-1877.748,0,0.6547301,0,0.7558628;
custom,boulder3,stone5,30,30,10,0,1,1,1,1.0,1.0,-2117.371,441.696,-555.5168,0,0.8549541,0,0.5187036;
custom,boulder3,stone5,30,30,10,0,1,1,1,1.0,1.0,-1824.4,422.8276,-222.6106,0,0.9600651,0,0.2797768;
custom,boulder3,stone5,30,30,10,0,1,1,1,1.0,1.0,-1667.111,403.2234,-303.3857,0,0.9799169,0,-0.1994061;
custom,boulder3,stone5,30,30,10,0,1,1,1,1.0,1.0,-1502.541,449.9169,-495.9517,0,0.8605441,0,-0.509376;
custom,boulder3,stone5,30,30,10,0,1,1,1,1.0,1.0,-1734.762,398.5579,-743.9619,0,0.8650089,0,-0.5017565;
custom,boulder3,stone5,30,30,10,0,1,1,1,1.0,1.0,-1653.375,394.5216,-706.225,0,0.44796,0,0.8940536;
custom,boulder3,stone5,30,10,10,0,1,1,1,1.0,1.0,-1985.166,565.4518,-760.1758,0,0.04397824,0,-0.9990325;
custom,boulder3,stone5,70,30,10,0,1,1,1,1.0,1.0,-1114.065,757.2507,-1032.424,-0.4259123,0.8044083,0.1937964,-0.3660178;
custom,boulder3,stone5,70,30,10,0,1,1,1,1.0,1.0,-1200.792,972.0429,-1286.115,-0.471511,0.7785572,0.2145446,-0.3542551;
custom,boulder3,stone5,70,20,40,0,1,1,1,1.0,1.0,-1211.038,435.2466,-1139.541,-0.4522641,0.8125579,0.1788279,-0.3212904;
custom,boulder3,stone5,70,20,60,0,1,1,1,1.0,1.0,-1823.582,189.1215,-791.2533,0.08583073,0.777445,-0.06837182,-0.6193042;
custom,boulder3,stone5,70,20,60,0,1,1,1,1.0,1.0,-1568.692,240.9757,-816.7639,0,0.9211548,0,-0.3891965;
custom,cuboid,stone5,70,1,60,0,1,1,1,1.0,1.0,-2117.79,562.2141,-432.2154,0,0.9825104,0,0.1862074;
custom,cuboid,stone5,80,1,60,0,1,1,1,1.0,1.0,-1626.605,558.1019,-576.7013,0,0.889928,0,-0.4561011;
custom,cuboid,stone5,140,1,60,0,1,1,1,1.0,1.0,-1114.563,1103.183,-1227.456,0.1852106,0.386564,0.3903785,0.8147822;
custom,cuboid,stone5,140,1,60,0,1,1,1,1.0,1.0,-970.4037,1093.417,-1419.783,0,0.2716858,0,-0.962386;
custom,cuboid,stone5,1,200,30,0,1,1,1,1.0,1.0,-962.5864,973.4641,-1586.403,0,0.3012952,0,-0.9535309;
custom,cuboid,stone5,1,200,30,0,1,1,1,1.0,1.0,-745.761,692.0756,-1461.197,0,0.3012952,0,-0.9535309;
custom,cuboid,stone5,40,200,1,0,1,1,1,1.0,1.0,-923.017,1.679882,-1411.962,0,0.3012952,0,-0.9535309;
custom,cuboid,stone5,40,200,1,0,1,1,1,1.0,1.0,-772.2944,1162.256,-1620.415,0,0.3012952,0,-0.9535309;
custom,cuboid,stone5,4,4,4,0,1,1,1,1.0,1.0,-829.0737,2.157598,-1561.259,0,0.9632472,0,0.2686164;
racing,endCuboid,3,3,3,-825.8286,32.5833,-1562.82,0,0.3103951,0,-0.9506077;
racing,killCuboid,60,3,60,-815.7156,1.523887,-1587.39,0,0.3124942,0,-0.9499197;
racing,killCuboid,60,1,60,-660.9629,157.5923,-1807.979,0,0.9478279,0,0.3187825;
racing,killCuboid,60,1,60,-505.7967,156.9922,-1481.708,0,0.9478279,0,0.3187825;
racing,killCuboid,60,1,60,-1006.344,158.3922,-1836.77,0,0.9478279,0,0.3187825;
racing,killCuboid,60,1,60,-1033.29,156.9922,-1316.99,0,0.9478279,0,0.3187825;
racing,killCuboid,2,2,60,-982.9637,389.7378,-1600.583,0.355275,0.911233,-0.07570472,-0.1941726;
racing,killCuboid,2,2,60,-805.8417,205.7692,-1525.298,-0.4369685,0.8880374,-0.06313406,0.1283053;
racing,killCuboid,2,2,60,-786.3804,237.4949,-1518.767,0.3080205,0.6124306,0.3271253,0.6504162;
racing,killCuboid,2,2,60,-877.5611,273.463,-1525.114,-0.3704261,0.9031923,0.08228888,-0.200641;
racing,killCuboid,60,2,2,-851.5267,279.2297,-1569.13,-0.02358058,0.9005071,-0.01136608,0.4340526;
racing,killCuboid,60,2,2,-884.6323,393.2844,-1552.679,0,0.5152214,0,0.8570571;
racing,killCuboid,60,2,2,-882.8886,291.7779,-1513.573,0,0.4263978,0,-0.9045358;
racing,killCuboid,60,2,2,-866.269,321.2272,-1496.379,0,0.9847767,0,-0.1738242;
racing,killCuboid,60,2,2,-921.4893,312.883,-1555.936,0,0.7945747,0,-0.6071665;
racing,killCuboid,60,2,2,-866.2324,478.8247,-1530.383,0,0.1673318,0,0.9859006;
racing,killCuboid,60,2,2,-805.3593,418.7713,-1495.091,0,0.8639033,0,0.5036578;
racing,killCuboid,60,2,2,-847.5797,329.6631,-1528.074,0,0.8702955,0,-0.4925299;
racing,killCuboid,60,2,2,-854.7301,406.1463,-1428.078,0,0.231418,0,0.9728544;
racing,killCuboid,60,2,2,-840.3832,327.8229,-1381.193,0,0.04353259,0,-0.999052;
racing,killCuboid,60,2,2,-822.7872,313.674,-1427.063,0,0.4068129,0,0.9135115;
racing,killCuboid,60,2,2,-768.912,353.2975,-1527.072,0,0.7533285,0,0.6576444;
racing,killCuboid,60,2,2,-855.3769,355.4461,-1572.702,0,0.9848199,0,0.1735792;
racing,killCuboid,60,2,2,-880.3427,204.6992,-1591.673,0,0.01091901,0,0.9999404;
racing,killCuboid,60,2,2,-839.5532,188.075,-1420.22,0,0.02180872,0,-0.9997622;
racing,killCuboid,60,2,2,-792.117,234.7318,-1585.056,0,0.8362784,0,0.5483052;
racing,killCuboid,60,2,2,-942.1208,474.0692,-1535.506,0,0.7744205,0,-0.6326712;
racing,killCuboid,60,2,2,-849.0375,509.2895,-1567.194,0,0.9811966,0,0.193011;
racing,killCuboid,60,2,2,-855.8934,575.1025,-1506.816,0,0.3502824,0,-0.9366441;
racing,killCuboid,60,2,2,-855.9009,525.2129,-1471.29,0,0.269256,0,0.9630687;
racing,killCuboid,60,2,2,-843.3843,459.0829,-1485.733,0,0.8038039,0,0.5948943;
racing,killCuboid,60,2,2,-875.9066,518.8004,-1480.286,0,0.6772851,0,-0.7357207;
racing,killCuboid,60,2,2,-839.5437,616.6816,-1573.523,0,0.4635704,0,0.8860601;
racing,killCuboid,60,2,2,-899.1146,669.5649,-1503.177,0,0.2250807,0,-0.9743401;
racing,killCuboid,60,2,2,-900.7204,600.9203,-1592.937,0,0.9938332,0,-0.1108858;
racing,killCuboid,60,2,2,-852.2038,586.4015,-1494.123,0,0.8026615,0,-0.5964349;
racing,killCuboid,60,2,2,-784.5798,662.0867,-1469.117,0,0.3233232,0,0.9462886;
racing,killCuboid,60,2,2,-802.4147,671.9291,-1585.119,0,0.9562486,0,0.2925552;
racing,killCuboid,60,2,2,-832.4222,632.1884,-1477.154,0,0.09130922,0,0.9958226;
racing,killCuboid,60,2,2,-814.0168,682.5109,-1517.322,0,0.7444659,0,0.6676606;
racing,killCuboid,60,2,2,-891.3036,687.0432,-1638.332,0,0.9986415,0,-0.05210773;
racing,killCuboid,60,2,2,-960.7585,673.0947,-1450.388,0,0.2081651,0,-0.9780937;
racing,killCuboid,60,2,2,-753.321,553.1299,-1449.195,0,0.4518077,0,0.8921154;
racing,killCuboid,60,2,2,-772.224,719.2385,-1611.425,0,0.95936,0,0.282185;
racing,killCuboid,60,2,2,-862.3973,835.8157,-1508.813,0,0.6817782,0,0.731559;
racing,killCuboid,60,2,2,-865.912,799.3173,-1539.85,0,0.9998423,0,0.01775632;
racing,killCuboid,60,2,2,-943.7191,771.4227,-1477.842,0,0.6579409,0,-0.7530696;
racing,killCuboid,60,2,2,-914.3727,701.4604,-1481.034,0,0.2669288,0,0.9637163;
racing,killCuboid,60,2,2,-760.9832,784.4746,-1587.693,0,0.7944719,0,0.6073011;
racing,killCuboid,60,2,2,-857.5511,813.4396,-1626.317,0,0.9999983,0,-0.001822514;
racing,killCuboid,60,2,2,-944.9316,796.0107,-1489.829,0,0.2760162,0,-0.961153;
racing,killCuboid,60,2,2,-799.5992,832.1649,-1497.876,0,0.3313744,0,0.9434994;
racing,killCuboid,60,2,2,-787.0539,865.7159,-1502.758,0,0.7809829,0,0.6245524;
racing,killCuboid,60,2,2,-842.1471,870.7799,-1552.228,0,0.9993281,0,-0.03665179;
racing,killCuboid,60,2,2,-953.4828,900.5552,-1544.642,0,0.7663227,0,-0.6424559;
racing,killCuboid,60,2,2,-890.5421,927.7855,-1549.554,0,0.743443,0,-0.6687993;
racing,killCuboid,60,2,2,-850.7188,889.9151,-1470.509,0,0.1461058,0,-0.989269;
racing,killCuboid,60,2,2,-831.6766,883.0198,-1521.279,0,0.8790456,0,-0.4767377;
racing,killCuboid,60,2,2,-867.2805,884.194,-1579.974,0,0.9959571,0,0.08983046;
racing,killCuboid,60,2,2,-870.1914,921.5318,-1658.426,0,0.9570888,0,-0.289795;
racing,killCuboid,60,2,2,-802.9321,888.0269,-1462.071,0,0.4457,0,0.8951824;
racing,killCuboid,60,2,2,-936.533,808.8159,-1569.564,0,0.6856031,0,-0.7279755;
racing,killCuboid,60,2,2,-875.3146,715.8036,-1552.703,0,0.9657659,0,0.2594152;
racing,killCuboid,60,2,2,-877.6044,227.983,-1506.643,0,0.9123912,0,0.4093193;
racing,killCuboid,60,2,2,-909.7961,421.5338,-1404.269,0,0.3077143,0,-0.9514788;
racing,killCuboid,60,2,2,-925.2037,740.7826,-1632.089,0,0.8653516,0,-0.5011654;
racing,checkpointCuboid,3,2,2,-1392.065,437.1264,-887.172,0,0.3140287,0,-0.9494135;
racing,killCylinder,4,10,4,-1940.329,250.8738,-1367.166,0,0.04912464,0,-0.9987926;
racing,killCylinder,5,10,5,-1981.878,311.9289,-1126.136,0,0.02954021,0,-0.9995636;
racing,killCylinder,5,10,5,-1955.278,346.6949,-1033.397,0,0.06443174,0,-0.9979221;
racing,killCylinder,5,10,5,-2001.232,388.609,-936.7311,0,0.06233288,0,-0.9980555;
racing,killCylinder,5,10,5,-1979.719,402.9823,-840.8229,0,0.04928228,0,-0.9987849;
racing,killCylinder,5,10,5,-2025.996,445.1608,-746.1613,0,0.09282668,0,-0.9956823;
racing,killCylinder,5,10,5,-1963.238,424.7131,-728.6613,0,0.04279776,0,-0.9990838;
racing,killCylinder,5,10,5,-1972.149,206.9276,-1498.481,0,0.123281,0,-0.9923718;
racing,killCylinder,5,10,5,-1915.358,210.932,-1472.487,0,0.1102883,0,-0.9938996;
racing,killCylinder,5,10,5,-1929.169,273.5839,-1286.221,0,0.09310988,0,-0.9956558;
racing,killCylinder,5,10,5,-1989.512,267.852,-1296.425,0,0.1105032,0,-0.9938758;
racing,killCylinder,5,10,5,-1971.345,283.8094,-1226.345,0,0.127842,0,-0.9917946;
racing,killCylinder,5,10,5,-1947.518,289.9975,-1172.645,0,0.09752095,0,-0.9952335;
racing,killPyramid,5,10,5,-2014.038,446.9684,-631.7164,0,0.08528712,0,0.9963564;
racing,killPyramid,5,10,5,-1941.791,436.3311,-526.5137,0,0.1026623,0,0.9947163;
racing,killCuboid,20,20,3,-1504.704,423.718,-695.9365,0,0.9412647,0,0.3376697;
racing,killCuboid,20,20,3,-1506.817,635.4755,-695.5273,0,0.9456016,0,0.325327;
racing,killCuboid,20,20,3,-1560.461,354.2887,-636.5032,0,0.9427226,0,0.3335779;
racing,killCuboid,20,20,3,-1558.045,569.7167,-636.0801,0,0.9412578,0,0.337689;
racing,killCuboid,20,20,3,-1602.362,392.6541,-565.5095,0,0.9504429,0,0.3108994;
racing,killCuboid,20,20,3,-1602.323,605.4516,-565.5301,0,0.9504429,0,0.3108994;
racing,killCuboid,20,20,3,-1650.74,438.3266,-506.4536,0,0.9397482,0,0.3418674;
racing,killCuboid,20,20,3,-1654.191,652.3812,-505.6725,0,0.9504234,0,0.3109589;
racing,killCuboid,20,20,3,-1721.656,342.9213,-419.9431,0,0.9455497,0,0.3254777;
racing,killCuboid,20,20,3,-1722.375,558.4028,-419.1353,0,0.9469564,0,0.321362;
racing,killCuboid,20,20,3,-1236.951,623.4556,-1087.698,0,0.9396902,0,0.3420269;
racing,killCuboid,20,20,3,-1236.708,594.1134,-1054.308,0,0.9351318,0,0.3543;
racing,killCuboid,20,20,3,-1253.092,562.1146,-1032.317,0,0.9351318,0,0.3543;
racing,killCuboid,20,20,3,-1289.16,533.5185,-1028.733,0,0.9351318,0,0.3543;
racing,killCuboid,20,20,3,-1277.798,481.4093,-983.9324,0,0.9389207,0,0.3441336;
racing,killCuboid,20,20,3,-1333.119,443.9362,-1003.01,0,0.9287696,0,0.3706575;
racing,killCuboid,20,20,3,-1322.011,416.1891,-965.5715,0,0.9229863,0,0.3848328;
racing,killCuboid,20,20,5,-1213.206,655.21,-1107.338,0,0.9161035,0,0.4009418;
racing,killCuboid,20,20,5,-1196.371,695.5751,-1118.709,0,0.9475495,0,0.3196093;
racing,killCuboid,20,20,5,-1345.288,643.1658,-879.5861,0,0.9319106,0,0.3626883;
racing,killCuboid,20,20,5,-1334.959,676.3165,-941.3268,0,0.3504977,0,-0.9365636;
racing,killCuboid,20,20,5,-1320.545,730.5758,-982.3323,0,0.3525454,0,-0.9357947;
racing,killCuboid,20,20,5,-1300.227,784.3259,-1013.663,0,0.3176895,0,-0.9481949;
racing,killCuboid,20,20,5,-1273.878,829.5441,-1039.506,0,0.323919,0,-0.9460848;
racing,killCuboid,20,20,5,-1243.311,884.9382,-1060.899,0,0.3139184,0,-0.94945;
map,disablebounds;
custom,tube,stone5,3,1,3,0,1,1,0,1.0,1.0,-1736.493,18.00212,-3287.701,0,0.971352,0,-0.2376452;
custom,cylinder,stone5,3,1,3,0,1,1,0,1.0,1.0,-1736.308,7.002124,-3287.204,0,0.971352,0,-0.2376452;
custom,cylinder,stone5,1,1.5,1,1,0,0,1,1.0,1.0,-1737.126,4.459595,-3288.356,0,0.958222,0,-0.2860255;
custom,sphere,stone5,1,1.5,1,1,1,1,0,1.0,1.0,-1737.929,25.49963,-3290.236,0,0.958222,0,-0.2860255;
custom,cylinder,stone5,1,1,1,1,0,1,0,1.0,1.0,-1505.383,104.0559,-4366.584,-0.3414181,0.9035367,-0.09153242,0.2422334;
custom,sphere,stone5,1,1.5,1,1,1,1,0,1.0,1.0,-1515.02,117.5558,-4373.522,-0.3307979,0.8754311,-0.1245683,0.3296604;
custom,cylinder,stone5,1,1.5,1,1,1,1,0,1.0,1.0,-595.6218,300.9373,-5064.688,0,0.03960757,0,-0.9992153;
custom,sphere,stone5,1,1.5,1,1,1,1,0,1.0,1.0,-595.6421,324.1381,-5064.274,0,0.03960757,0,-0.9992153;
custom,tube,stone5,1,1.5,1,0,1,1,0,1.0,1.0,-595.6666,312.2303,-5064.549,0,0.02797241,0,0.9996087;
custom,tube,stone5,1,1.5,1,0,1,1,0,1.0,1.0,-1508.172,108.506,-4368.367,-0.3376154,0.9078203,-0.08670851,0.2331521;
custom,tube,stone5,1,1.5,1,0,1,0,0,1.0,1.0,-322.3176,115.4907,-4960.826,-0.1657872,0.8005561,-0.1167788,0.5639036;
custom,cylinder,stone5,1,1.5,1,1,1,0,0,1.0,1.0,-322.8158,105.0645,-4957.053,-0.1266086,0.7406905,-0.1111708,0.650376;
custom,sphere,stone5,1,1.5,1,1,1,1,0,1.0,1.0,-323.5651,127.1406,-4966.151,-0.1720886,0.7574508,-0.1395322,0.6141535;
custom,cylinder,stone5,1,0.5,1,1,0,1,1,1.0,1.0,229.2999,166.9258,-5101.896,0,0.9521936,0,0.3054952;
custom,tube,stone5,1,1.5,1,0,0,1,1,1.0,1.0,229.2678,167.4461,-5101.935,0,0.9521936,0,0.3054952;
custom,sphere,stone5,1,1.5,1,1,1,1,0,1.0,1.0,230.2278,181.0877,-5102.168,0,0.9123703,0,0.409366;
custom,sphere,stone5,1,1.5,1,1,1,1,0,1.0,1.0,2203.905,141.3051,-4611.444,0,0.5030134,0,0.8642786;
custom,sphere,stone5,1,1.5,1,1,1,1,0,1.0,1.0,2184.439,30.82209,-4722.921,0,0.7141477,0,-0.699995;
custom,cylinder,stone5,1,1.5,1,1,0,0,0,1.0,1.0,1566.664,63.19818,-4848.072,0,0.9992392,0,0.03900047;
custom,tube,stone5,1,1.5,1,0,0,0,0,1.0,1.0,1566.436,73.07822,-4848.195,0,0.9992392,0,0.03900047;
custom,sphere,stone5,1,1.5,1,1,1,1,0,1.0,1.0,1567.371,85.6786,-4848.669,0,0.9992392,0,0.03900047;
custom,cylinder,stone5,1,1.5,1,1,1,0,1,1.0,1.0,1731.184,155.9855,-4686.033,0,0.8469825,0,0.5316209;
custom,tube,stone5,1,3,1,1,1,0,1,1.0,1.0,1730.341,160.5452,-4685.491,0,0.8469825,0,0.5316209;
custom,cone,stone5,0.3,0.2,0.3,1,1,0,1,1.0,1.0,1729.865,183.0878,-4686.093,0,0.8870899,0,0.4615968;
custom,cylinder,stone5,0.1,1,0.1,1,1,0,1,1.0,1.0,1726.058,173.1676,-4682.66,0,0.8870899,0,0.4615968;
custom,cylinder,stone5,0.1,1,0.1,1,1,0,1,1.0,1.0,1734.794,173.4485,-4688.156,0,0.8870899,0,0.4615968;
custom,cylinder,stone5,0.1,1,0.1,1,1,0,1,1.0,1.0,1727.918,173.2477,-4689.562,0,0.8870899,0,0.4615968;
custom,cylinder,stone5,0.1,1,0.1,1,1,0,1,1.0,1.0,1731.832,173.0874,-4680.801,0,0.8870899,0,0.4615968;
custom,cylinder,stone5,0.1,1,0.1,1,1,0,1,1.0,1.0,1732.276,173.6519,-4690.133,0,0.8850672,0,0.4654633;
custom,cylinder,stone5,0.1,1,0.1,1,1,0,1,1.0,1.0,1735.311,172.9709,-4684.467,0,0.8850672,0,0.4654633;
custom,cylinder,stone5,0.1,1,0.1,1,1,0,1,1.0,1.0,1728.532,172.971,-4680.915,0,0.8850672,0,0.4654633;
custom,cylinder,stone5,0.1,1,0.1,1,1,0,1,1.0,1.0,1725.257,173.1319,-4685.458,0,0.8850672,0,0.4654633;
custom,sphere,stone5,0.4,0.6,0.4,1,1,1,0,1.0,1.0,1730.123,175.4627,-4685.283,0,0.8142021,0,0.5805815;
custom,cylinder,default,0.1,0.6,0.1,1,1,0,1,1.0,1.0,1748.296,184.6966,-4667.268,0,0.7025539,0,0.7116305;
custom,cylinder,default,0.1,0.4,0.1,1,1,0,1,1.0,1.0,1748.825,186.9767,-4668.863,-0.2161679,0.6684712,-0.2189607,0.6771072;
custom,cylinder,default,0.1,0.4,0.1,1,1,0,1,1.0,1.0,1748.476,182.4967,-4669.228,0.1808867,0.6788682,0.1832236,0.6876388;
custom,cylinder,default,0.1,0.6,0.1,1,1,0,1,1.0,1.0,1749.902,184.2965,-4674.065,-0.09547204,0.7251822,-0.08900661,0.6760723;
custom,cylinder,default,0.1,0.6,0.1,1,1,0,1,1.0,1.0,1749.77,184.4168,-4677.014,0.1043245,0.7239616,0.09725953,0.6749346;
custom,cylinder,default,0.1,0.3,0.1,1,1,0,1,1.0,1.0,1749.693,183.7769,-4675.332,-0.5305676,0.5034899,-0.4946372,0.4693932;
custom,cylinder,default,0.1,0.6,0.1,1,1,0,1,1.0,1.0,1751.307,184.2169,-4681.144,0,0.7314398,0,0.681906;
custom,cylinder,default,0.1,0.3,0.1,1,1,0,1,1.0,1.0,1751.297,189.5767,-4682.989,0.4865759,0.5461209,0.4536245,0.5091372;
custom,cylinder,default,0.1,0.3,0.1,1,1,0,1,1.0,1.0,1751.597,184.9526,-4683.251,0.4924428,0.5182015,0.481694,0.5068907;
custom,cylinder,default,0.1,0.3,0.1,1,1,0,1,1.0,1.0,1752.015,187.0725,-4685.859,0,0.7148655,0,0.699262;
custom,cylinder,default,0.1,0.4,0.1,1,1,0,1,1.0,1.0,1751.627,181.6322,-4683.659,0.2244623,0.6787115,0.219563,0.6638973;
custom,cylinder,default,0.1,0.5,0.1,1,1,0,1,1.0,1.0,1752.912,182.4413,-4689.032,0,0.734406,0,0.6787105;
custom,sphere,default,0.1,0.1,0.1,1,1,0,1,1.0,1.0,1752.863,189.4104,-4689.013,0,0.7299443,0,0.6835067;
custom,cuboid,grass4,4,4,4,0,1,1,1,1.0,1.0,-1179.796,26.50639,-4907.054,0,0.292233,0,0.9563472;
base,aot_supply,default,2,2,2,0,1,1,1,1.0,1.0,64.68928,15.47414,-5087.416,0,0.9997587,0,0.02197049;
base,aot_supply,default,2,2,2,0,1,1,1,1.0,1.0,541.2159,15.50145,-4668.139,0,0.1691832,0,0.9855846;
base,aot_supply,default,2,2,2,0,1,1,1,1.0,1.0,951.8918,15.43611,-4455.106,0,0.4089202,0,-0.9125701;
base,aot_supply,default,2,2,2,0,1,1,1,1.0,1.0,1726.948,15.30788,-4721.384,0,0.634612,0,-0.772831;
base,aot_supply,default,2,2,2,0,1,1,1,1.0,1.0,2028.538,15.14915,-4553.097,0,0.2654315,0,-0.9641297;
base,aot_supply,default,2,2,2,0,1,1,1,1.0,1.0,2101.765,15.36845,-4567.76,0,0.004722252,0,-0.9999889;
base,aot_supply,default,2,2,2,0,1,1,1,1.0,1.0,2247.403,15.47051,-4722.161,0,0.6822754,0,-0.7310953;
base,aot_supply,default,2,2,2,0,1,1,1,1.0,1.0,2310.128,15.6023,-4609.58,0,0.130125,0,0.9914976;
custom,cuboid,stone5,20,1,20,0,1,1,1,1.0,1.0,-1969.946,563.951,-674.1924,0,0.99971,0,0.02408339;
custom,boulder3,grass4,10,4,5,0,1,1,1,1.0,1.0,-1215.268,29.76771,-4917.374,0,0.03913359,0,0.999234;