custom,cuboid,stone5,1,90,90,0,1,1,1,1.0,1.0,-1.482893,46.06792,-6.338043,0,0.9996573,0,-0.0261772;
custom,cuboid,stone5,1,90,90,0,1,1,1,1.0,1.0,-40.60104,47.46793,-2.435793,0,0.9996573,0,-0.0261772;
racing,killCuboid,1.3,90.5,90.4,-41.6973,47.06794,-3.900446,0,0.9996573,0,-0.0261772;
racing,killCuboid,1.3,90.5,90.4,-0.4031948,48.82785,-8.025792,0,0.9996573,0,-0.0261772;
racing,killCuboid,3,3,20,-19.08628,13.27356,401.3961,0,0.716287,0,0.6978059;
racing,killCuboid,3,3,20,-26.24024,47.47349,349.7657,0,0.716287,0,0.6978059;
racing,killCuboid,3,3,20,-22.98188,20.8736,296.7813,0,0.716287,0,0.6978059;
racing,killCuboid,3,3,20,-44.18792,73.87345,245.8533,0,0.716287,0,0.6978059;
racing,killCuboid,3,3,20,-19.1241,22.06674,185.1807,0,0.7416662,0,0.6707692;
racing,killCuboid,3,3,20,-29.85943,66.87197,133.091,0,0.7561222,0,0.6544306;
racing,killCuboid,3,3,20,-15.83848,25.27632,81.9446,0,0.7357747,0,0.6772265;
racing,killCuboid,3,3,20,-27.38763,88.67616,107.6072,0,0.7357747,0,0.6772265;
racing,killCuboid,3,3,20,-32.25484,90.12344,84.54644,0,0.7101558,0,0.7040445;
racing,killCuboid,3,3,20,-25.97232,82.97171,48.35922,0,0.7445737,0,0.6675403;
racing,killCuboid,3,3,20,-33.50575,65.41956,22.04271,0,0.7589576,0,0.65114;
racing,killCuboid,3,3,20,-37.42017,61.22721,1.251114,0,0.7416506,0,0.6707864;
racing,killCuboid,3,3,20,-59.50921,19.81444,-55.47628,0,0.7101426,0,0.7040579;
racing,killCuboid,3,3,20,-78.69487,83.97356,-25.9543,0,0.7101424,0,0.7040581;
racing,killCuboid,3,3,20,-93.30459,81.59111,-63.4564,0,0.7357599,0,0.6772425;
racing,killCuboid,3,3,20,-17.09235,74.29132,348.7934,0,0.7298029,0,0.6836576;
racing,killCuboid,3,3,20,-13.1547,48.92526,293.3592,0,0.7298023,0,0.6836583;
racing,killCuboid,3,3,20,-36.32954,39.70727,191.5615,0,0.7116513,0,0.7025329;
racing,killCuboid,3,3,20,-92.34779,66.92538,-93.55517,0,0.7401503,0,0.6724415;
racing,killCuboid,3,3,20,-79.82811,49.89009,-121.023,0,0.7474405,0,0.6643288;
racing,killCuboid,30,1,200,13.10754,-4.806008,369.5937,0,0.03041486,0,0.9995373;
racing,killCuboid,3,3,50,64.76435,44.75737,-145.148,0,0.7162896,0,0.6978032;
racing,killCuboid,3,3,50,17.37997,10.35632,-198.7278,0,0.708634,0,0.7055763;
custom,cuboid,stone5,3,3,3,0,1,1,1,1.0,1.0,3.90601,-12.18423,462.3862,0,0.9989567,0,-0.04566826;
racing,killCuboid,3,3,10,-62.18465,110.5019,-401.8251,0,0.7327836,0,0.6804618;
racing,killCuboid,20,1,150,-35.24649,100.4444,333.5066,0,0.9998854,0,-0.01514036;
misc,barrier,1,10,5,28.89764,44.37093,466.0093,0,0.9998099,0,-0.01949883;
misc,barrier,1,10,5,-17.57874,44.95252,467.9478,0,0.9993176,0,-0.03693722;
misc,barrier,10,10,1,6.538241,41.92652,494.3006,0,0.998637,0,-0.05219297;
racing,killCuboid,3,3,50,-5.220708,38.15634,-199.5832,0,0.708634,0,0.7055763;
racing,killCuboid,3,3,50,4.741024,56.63773,-201.9285,0,0.713236,0,0.700924;
racing,killCuboid,3,3,50,11.18353,80.74129,-281.2015,0,0.7343059,0,0.6788187;
racing,killCuboid,3,3,50,6.359858,60.90425,-275.5891,0,0.7193215,0,0.6946774;
racing,killCuboid,3,3,50,-18.28121,46.36476,-275.9978,0,0.7070855,0,0.7071281;
racing,killCuboid,3,3,50,10.83998,13.08184,-330.1679,0,0.6899022,0,0.7239025;
racing,killCuboid,3,3,50,32.48919,90.0817,-331.2861,0,0.6899022,0,0.7239025;
racing,killCuboid,3,3,50,-8.769711,41.08178,-332.8146,0,0.6899022,0,0.7239025;
racing,killCuboid,3,3,50,5.674822,80.51285,-404.037,0,0.7223306,0,0.691548;
racing,killCuboid,3,3,50,-29.31689,53.49754,-402.7126,0,0.7268403,0,0.6868065;
racing,killCuboid,3,3,50,9.544793,2.707249,-404.6757,0,0.7268388,0,0.6868081;
custom,pyramid,default,1,1,1,1,1,1,0,1.0,1.0,-48.16743,10.09685,-476.7395,0,0.0610116,0,0.9981371;
custom,pyramid,default,1,1,1,1,1,1,0,1.0,1.0,-47.2255,31.78991,-477.3911,0,0.03922063,0,0.9992306;
racing,killCuboid,50,1,130,-35.20098,184.8149,-272.2934,0,0.9997137,0,-0.02392688;
racing,killCuboid,3,3,30,-130.9191,138.4936,-396.4982,0,0.7327824,0,0.680463;
racing,killCuboid,3,3,30,-128.7296,138.7319,-375.6273,0,0.7162368,0,0.6978574;
racing,killCuboid,3,3,30,-146.963,138.4582,-345.4424,0,0.7162239,0,0.6978706;
racing,killCuboid,3,3,30,-135.2457,138.1982,-316.1086,0,0.7162239,0,0.6978706;
racing,killCuboid,3,3,30,-107.4941,137.3984,-286.2996,0,0.7162239,0,0.6978706;
racing,killCuboid,3,3,30,-108.0989,120.6413,-267.4141,0,0.7162239,0,0.6978706;
racing,killCuboid,3,3,30,-107.4781,102.0413,-243.5095,0,0.7162239,0,0.6978706;
racing,killCuboid,3,3,30,-98.26512,177.0417,-211.9382,0,0.7162239,0,0.6978706;
racing,killCuboid,3,3,30,-148.3692,155.4478,-181.2805,0,0.7162239,0,0.6978706;
racing,killCuboid,3,3,30,-138.5556,155.1377,-152.9249,0,0.7162239,0,0.6978706;
racing,killCuboid,3,3,30,-106.1901,154.8154,-124.206,0,0.7162239,0,0.6978706;
racing,killCuboid,3,3,30,-88.03039,154.2555,-94.39513,0,0.7162239,0,0.6978706;
racing,killCuboid,3,3,30,-54.36595,179.4196,-68.63555,0,0.7162239,0,0.6978706;
racing,killCuboid,3,3,30,-76.93655,179.4196,-37.43921,0,0.7162239,0,0.6978706;
racing,killCuboid,3,3,30,-93.6254,178.8195,-10.59707,0,0.7162239,0,0.6978706;
racing,killCuboid,3,3,30,-71.72574,178.9396,17.03885,0,0.7162239,0,0.6978706;
racing,killCuboid,3,3,30,-113.3147,179.0191,46.9283,0,0.7162239,0,0.6978706;
racing,killCuboid,3,3,30,-111.2586,118.7559,-24.70454,0,0.7162239,0,0.6978706;
racing,killCuboid,3,3,30,-134.3494,118.0949,4.308545,0,0.7146996,0,0.6994315;
racing,killCuboid,3,3,30,-114.5366,117.6952,33.68783,0,0.7146996,0,0.6994315;
racing,killCuboid,3,3,30,-110.918,117.095,62.49265,0,0.7146996,0,0.6994315;
racing,killCuboid,3,3,30,-112.4376,178.8957,75.38565,0,0.7146996,0,0.6994315;
racing,killCuboid,3,3,30,-124.0642,117.095,92.04063,0,0.7146996,0,0.6994315;
racing,killCuboid,3,3,30,-83.56954,179.2957,89.30035,0,0.7146996,0,0.6994315;
racing,killCuboid,3,3,30,-56.9005,123.495,121.6526,0,0.7146996,0,0.6994315;
racing,killCuboid,3,3,30,-47.94397,137.2951,147.8651,0,0.7146996,0,0.6994315;
racing,killCuboid,3,3,30,-36.55611,121.095,147.9106,0,0.7146996,0,0.6994315;
racing,killCuboid,3,3,30,29.41142,182.6956,200.5878,0,0.7146996,0,0.6994315;
racing,killCuboid,3,3,30,29.56493,153.2949,200.6794,0,0.7146996,0,0.6994315;
racing,killCuboid,3,3,30,10.45718,119.9723,257.4126,0,0.7146996,0,0.6994315;
racing,killCuboid,3,3,30,-4.764554,147.5374,257.418,0,0.7146996,0,0.6994315;
racing,killCuboid,3,3,30,-41.25312,175.1377,362.8024,0,0.7146996,0,0.6994315;
racing,killCuboid,3,3,30,-78.09769,118.9698,364.1245,0,0.7146996,0,0.6994315;
racing,killCuboid,3,3,30,-74.66068,159.4751,363.423,0,0.7146996,0,0.6994315;
racing,killCuboid,7,120,1,1.860486,693.0663,448.5512,0,0.9997148,0,-0.02388052;
custom,cuboid,stone5,3,2,3,0,1,1,1,1.0,1.0,2.190567,113.0281,428.2879,0,0.05425495,0,0.9985271;
base,aot_supply,default,1,1,1,0,1,1,1,1.0,1.0,3.085974,122.8324,437.4225,0,0.03265019,0,0.9994668;
racing,killCuboid,7,90,1,-45.86565,107.0259,-460.5244,0,0.04116551,0,0.9991524;
racing,startCuboid,10,30,1,0.9664783,142.0751,442.7345,0,0.9988493,0,-0.0479604;
custom,pyramid,default,1,1,1,1,1,1,0,1.0,1.0,-46.13701,55.40859,-476.0648,0,0.02176124,0,0.9997632;
custom,pyramid,default,1,1,1,1,1,1,0,1.0,1.0,-45.87868,76.41927,-477.3433,0,0.05008776,0,0.9987448;
racing,killCuboid,30,1,120,-14.75937,273.9401,179.4162,0,0.999662,0,-0.02599809;
racing,killCuboid,10,8,10,26.75993,228.8186,133.4821,0,0.9997183,0,-0.02373334;
racing,killCuboid,10,8,10,-67.53682,228.8187,-110.8273,0,0.9997184,0,-0.02373334;
racing,killCuboid,10,8,10,-91.79654,230.2584,-300.8477,0,0.9997183,0,-0.02373334;
custom,cuboid,stone5,3,0.5,3,0,1,1,1,1.0,1.0,-44.199,191.8981,-441.8412,0,0.999723,0,-0.02353801;
racing,endCuboid,0.5,0.5,0.5,-44.00723,195.9998,-440.0226,0,0.9994683,0,-0.03260659;
racing,killCuboid,10,8,10,10.51242,230.3383,-305.5164,0,0.9997183,0,-0.02373334;
racing,killCuboid,10,8,10,-45.56453,228.1785,328.629,0,0.9997184,0,-0.02373334;
racing,killCuboid,2,5,10,8.288714,213.1985,325.2314,0,0.9995994,0,-0.02830239;
racing,killCuboid,2,4.5,10,-21.29525,246.6088,135.9607,0,0.9997633,0,-0.02175736;
racing,killCuboid,2,2.5,10,-16.86823,259.6579,-112.251,0,0.9995995,0,-0.0283012;
racing,killCuboid,2,3,10,-21.62439,207.8908,-112.9263,0,0.9994664,0,-0.03266354;
racing,killCuboid,2,5,10,-37.24026,215.2204,-304.0381,0,0.9998487,0,-0.01739752;
spawnpoint,playerC,4.449379,4.866861,463.3672,0,0.0348691,0,0.9993919;