map,disablebounds;
custom,cuboid,stone5,700,5,700,0,1,0.4886364,0,1.0,1.0,-1102.94,3.910069,135.9927,0,0.6836999,0,-0.7297633;
custom,cuboid,stone5,10,10.2,2,0,1,0.4886364,0,1.0,1.0,1528.911,76.60113,-1389.429,0,0.6871297,0,-0.7265348;
racing,killCuboid,2.1,10.2,180.1,636.1678,77.29324,-1288.277,0,0.6823064,0,-0.7310664;
custom,cuboid,stone5,2,10,200,0,1,0.4886364,0,1.0,1.0,629.5624,76.93786,-1383.379,0,0.6823064,0,-0.7310664;
custom,cuboid,stone5,2,10,180,0,1,0.4886364,0,1.0,1.0,636.1881,76.69437,-1288.549,0,0.6823064,0,-0.7310664;
racing,killCuboid,2.1,10.2,200.1,629.7526,76.13432,-1382.906,0,0.6823064,0,-0.7310664;
racing,killCuboid,2.1,10.2,190.1,716.5061,76.27147,496.7753,0,0.730568,0,0.68284;
custom,cuboid,stone5,2,10,190,0,1,0.4886364,0,1.0,1.0,715.7463,76.99135,496.7877,0,0.730568,0,0.68284;
custom,cuboid,stone5,2,10,190,0,1,0.4886364,0,1.0,1.0,-290.1414,77.13795,-377.3408,0,0.03615014,0,0.9993464;
custom,cuboid,stone5,2,10,170,0,1,0.4886364,0,1.0,1.0,-194.1983,77.0968,-387.5604,0,0.03385507,0,0.9994268;
racing,killCuboid,2.1,10.2,190.1,-290.0676,76.57825,-376.8502,0,0.03615014,0,0.9993464;
racing,killCuboid,2.1,10.2,170.1,-194.7036,76.3367,-387.9332,0,0.03385507,0,0.9994268;
custom,cuboid,stone5,2,10.2,170,0,1,0.4886364,0,1.0,1.0,700.847,76.09879,393.8811,0,0.7305051,0,0.6829072;
racing,killCuboid,2.1,10.2,170.1,701.3698,76.29896,393.5256,0,0.7305051,0,0.6829072;
custom,cuboid,stone5,2,10.2,190,0,1,0.4886364,0,1.0,1.0,1599.391,76.14383,-504.8175,0,0.9995725,0,-0.02923816;
racing,killCuboid,2.1,10.2,190.1,1599.111,76.30326,-504.6075,0,0.9995725,0,-0.02923816;
custom,cuboid,stone5,2,10.2,160,0,1,0.4886364,0,1.0,1.0,1492.896,76.18333,-451.2336,0,0.9995725,0,-0.02923816;
racing,killCuboid,2.1,10.2,160.1,1492.83,76.58328,-451.6197,0,0.9995725,0,-0.02923816;
racing,killCuboid,2.1,10.2,160.1,657.5887,76.99406,-1197.878,0,0.6879329,0,-0.7257743;
custom,cuboid,stone5,2,10.2,160,0,1,0.4886364,0,1.0,1.0,657.9926,76.31403,-1197.939,0,0.6879329,0,-0.7257743;
racing,killCuboid,2.1,10.2,150.1,-94.95792,76.90813,-415.8137,0,0.02446668,0,0.9997007;
custom,cuboid,stone5,2,10.2,150,0,1,0.4886364,0,1.0,1.0,-94.85844,76.66825,-416.4288,0,0.02446668,0,0.9997007;
racing,killCuboid,2.1,10.2,150.1,680.4798,77.40427,286.8731,0,0.7240813,0,0.6897147;
custom,cuboid,stone5,2,10.2,150,0,1,0.4886364,0,1.0,1.0,680.0405,76.8054,287.0148,0,0.7240813,0,0.6897147;
custom,cuboid,stone5,2,10.2,140,0,1,0.4886364,0,1.0,1.0,1388.768,76.92713,-438.4405,0,0.9997587,0,-0.02196879;
racing,killCuboid,2.1,10.2,140.1,1388.674,76.97009,-438.618,0,0.9997587,0,-0.02196879;
racing,killCuboid,2.1,10.2,140.1,668.648,76.97373,-1100.603,0,0.6930365,0,-0.7209025;
custom,cuboid,stone5,2,10.2,140,0,1,0.4886364,0,1.0,1.0,668.8334,76.81506,-1100.693,0,0.6930365,0,-0.7209025;
racing,killCuboid,2,10.2,130,-4.176474,77.19875,-433.8641,0,0.01312525,0,0.9999139;
racing,killCuboid,2,10.2,130,648.7778,77.58484,83.08427,0,0.7193567,0,0.6946409;
racing,killCuboid,2,10.2,120,1267.825,77.04259,-528.7555,0,0.9998481,0,-0.01743292;
racing,checkpointCuboid,2,5,2,1301.47,84.83434,-1076.453,0,0.9996604,0,-0.02606101;
custom,pyramid,stone5,2,5,2,0,1,0.4886364,0,1.0,1.0,1301.148,16.31287,-1078.658,-0.9997852,0.006979848,0.01951759,-0.0001362495;
custom,cuboid,default,2,10,2,1,1,0,0,1.0,1.0,12.52166,77.91645,205.7613,0,0.6994959,0,-0.7146367;
custom,cuboid,default,2,10,2,1,1,0,0,1.0,1.0,1292.012,77.9358,161.0003,0,0.9998519,0,-0.0172129;
custom,cuboid,default,2,10,2,1,1,0,0,1.0,1.0,1288.49,77.87237,60.85183,0,0.6917114,0,-0.7221741;
racing,killCuboid,2,10.2,130,652.299,77.10486,183.4335,0,0.7193567,0,0.6946409;
racing,killCuboid,10,1,100,501.5403,24.26217,140.1541,0,0.7174182,0,0.6966428;
custom,sphere,default,0.5,0.5,0.5,1,0,0,1,1.0,1.0,1498.791,74.45155,-1252.133,0,0.9963833,0,-0.08497248;
racing,checkpointCuboid,2,25,2,33.44485,53.72863,62.40065,-0.4935315,0.4911258,0.5087928,-0.5063123;
racing,killCuboid,2,35,2,1460.292,37.18862,-216.3156,-0.7066799,0.7066794,0.02457444,-0.02457442;
racing,killCuboid,2,35,2,1459.796,72.42809,-217.0868,-0.7066798,0.7066795,0.02457444,-0.02457442;
racing,killCuboid,2,35,2,1459.146,106.5079,-216.6462,-0.7069265,0.7064328,0.02458301,-0.02456584;
racing,killCuboid,2,25,2,1515.162,56.84465,-268.9396,-0.7077186,0.7057446,0.02304315,-0.02297887;
racing,killCuboid,2,25,2,1515.144,89.64526,-269.4576,-0.7057451,0.7077181,0.02297888,-0.02304313;
racing,killCuboid,2,10,9,1564.169,76.82728,315.3167,0,0.8744844,0,0.4850537;
racing,killCuboid,2,10,8,360.54,77.15282,-1334.644,0,0.03232712,0,0.9994774;
racing,killCuboid,2,10,8,737.0283,76.81952,-1325.846,0,0.9992463,0,-0.03881795;
racing,killCuboid,2,10,8,-74.22305,77.03344,-1269.704,0,0.03442925,0,0.9994072;
racing,killCuboid,2,10,8,-315.8678,77.37211,-1280.208,0,0.9037272,0,-0.4281089;
racing,killTorus,5,5,5,-234.711,76.30254,-334.131,-0.5203829,0.5131674,-0.4859864,0.4792475;
racing,killTorus,5,5,5,-239.821,73.42587,-411.6052,-0.5185706,0.5295469,-0.4696949,0.4796367;
racing,killTorus,5,5,5,-244.156,72.6259,-480.0754,-0.5213361,0.5268245,-0.4721998,0.4771708;
racing,killTorus,5,5,5,-227.5994,76.02605,-238.2106,-0.5213361,0.5268244,-0.4721998,0.4771708;
racing,killTube,5,10,5,-213.8701,75.22594,11.22751,-0.5268244,0.5213363,-0.4771707,0.4721999;
racing,killTorus,5,5,5,-253.0931,70.43871,-540.5895,-0.487702,0.4775929,0.5221286,-0.5113056;
racing,killCuboid,2,10,6,-173.872,77.90397,498.4047,0,0.9487131,0,0.3161382;
racing,killCuboid,2,10,2,59.61623,76.87484,136.5737,0,0.7001787,0,-0.7139676;
racing,killCuboid,2,10,2,60.70543,77.07491,168.8843,0,0.7001787,0,-0.7139676;
racing,killPrism,8,10,8,698.6736,78.2116,446.6794,-0.2397375,0.6884326,-0.2251203,0.6464575;
racing,killPrism,8,10,8,111.673,75.74665,487.9737,0.2999797,0.6643814,0.2817024,0.6239017;
racing,killSphere,4,4,4,-266.6087,45.59458,-752.4907,0,0.03339472,0,0.9994423;
racing,killSphere,4,4,4,-267.0661,87.77172,-756.8795,0,0.03773748,0,0.9992877;
racing,killSphere,4,4,4,-297.8675,72.54848,-867.7487,0,0.03555316,0,0.9993678;
racing,killSphere,4,4,4,-259.2624,73.46844,-868.7,0,0.03555316,0,0.9993678;
racing,checkpointCuboid,1,10,10,-108.2512,77.08148,501.1862,0,0.9991245,0,-0.04183614;
custom,cuboid,earth2,2,10,13,0,1,1,0,1.0,1.0,1501.562,181.8636,-1250.122,0,0.7252195,0,0.6885177;
custom,cylinder,earth2,1,1.5,1,1,1,0,1,1.0,1.0,1543.508,219.5043,-1244.475,0.6954404,0.7176384,-0.02564251,-0.02646101;
custom,cylinder,earth2,1,3,1,1,1,0,1,1.0,1.0,1554.9,191.5047,-1245.126,0,0.9993209,0,-0.03684728;
custom,sphere,default,0.5,0.5,0.5,1,0,1,0,1.0,1.0,1529.021,128.3268,-1256.312,0,0.9989439,0,-0.04594823;
custom,sphere,default,0.5,0.5,0.5,1,1,1,0,1.0,1.0,1498.433,128.7665,-1254.079,0,0.9989439,0,-0.04594823;
custom,sphere,default,0.5,0.5,0.5,1,1,0,0,1.0,1.0,1468.736,128.9857,-1252.403,0,0.9981264,0,-0.06118614;
custom,cuboid,grass2,10,5,0.001,1,1,0,0,1.0,1.0,1563.029,54.50877,-1259.341,0,0.9983838,0,-0.05683212;
custom,cuboid,metal1,3.3,5,0.001,0,1,1,1,1.0,1.0,1498.446,54.4369,-1252.119,0,0.998742,0,-0.05014311;
custom,cuboid,ice1,3.3,5,0.001,0,1,1,1,1.0,1.0,1468.46,52.95687,-1250.892,0,0.998742,0,-0.05014311;
custom,sphere,default,0.5,0.5,0.5,1,1,0,1,1.0,1.0,1528.821,74.85185,-1256.472,0,0.9963833,0,-0.08497248;
custom,sphere,default,0.5,0.5,0.5,1,0,0,0,1.0,1.0,1470.571,74.07349,-1250.199,0,0.9967446,0,-0.08062416;
custom,cuboid,metal2,4,1,4,0,1,1,1,1.0,1.0,1493.901,30.0246,-1398.164,0,0.7387173,0,0.6740154;
racing,killCuboid,1,5,10,1498.29,102.7007,-1260.921,0,0.7283368,0,0.6852193;
racing,killCuboid,1,5.5,6.67,1480.369,49.28993,-1258.479,0,0.7282916,0,0.6852674;
custom,cuboid,crystal2,2,1,6.67,0,0,0,0,1.0,1.0,33.71746,38.81998,61.67385,0,0.01487071,0,0.9998894;
racing,killCuboid,1.97,1.97,1.97,346.3207,45.64059,-247.3858,0,0.7792127,0,0.6267596;
racing,killCuboid,1.97,1.97,1.97,139.5197,58.59517,-120.8178,0,0.4116355,0,-0.9113486;
custom,cuboid,crystal2,2,2,2,0,0,0,0,1.0,1.0,139.5337,58.59517,-120.8302,0,0.4116355,0,-0.9113486;
custom,cuboid,crystal2,2.0,2,2.0,0,0,0,0,1.0,1.0,346.3035,45.60059,-247.3859,0,0.7792127,0,0.6267596;
custom,cuboid,crystal2,2.0,2,2.0,0,0,0,0,1.0,1.0,504.3185,62.70594,-91.88241,0,0.3797321,0,-0.9250965;
racing,killCuboid,1.97,1.97,1.97,504.3318,62.70594,-91.89577,0,0.3797321,0,-0.9250965;
custom,cuboid,crystal2,2.0,2,2.0,0,0,0,0,1.0,1.0,301.165,36.42747,-77.65753,0,0.3898891,0,-0.9208618;
racing,killCuboid,1.97,1.97,1.97,301.179,36.42747,-77.67107,0,0.3898891,0,-0.9208618;
racing,killCuboid,1.97,1.97,1.97,155.8596,39.44904,-379.8908,0,0.1491043,0,-0.9888215;
custom,cuboid,crystal2,2,2,2,0,0,0,0,1.0,1.0,155.8328,39.44904,-379.804,0,0.1491043,0,-0.9888215;
custom,cuboid,crystal2,2,2,2,0,0,0,0,1.0,1.0,293.8075,47.04545,-358.6647,0,0.2601039,0,-0.9655806;
racing,killCuboid,1.97,1.97,1.97,293.8575,47.04545,-358.7509,0,0.2601039,0,-0.9655806;
racing,killCuboid,1.97,1.97,1.97,85.80621,43.14301,-159.4936,0,0.1342524,0,-0.9909472;
custom,cuboid,crystal2,2,2,2,0,0,0,0,1.0,1.0,85.86229,43.14301,-159.3896,0,0.1320914,0,-0.9912375;
custom,cuboid,crystal2,2,2,2,0,0,0,0,1.0,1.0,243.1472,40.58321,27.66711,0,0.6824223,0,0.7309582;
racing,killCuboid,1.97,1.97,1.97,243.0502,40.58321,27.66044,0,0.6824223,0,0.7309582;
racing,killCuboid,1.97,1.97,1.97,104.3316,42.99371,-7.841083,0,0.4785961,0,-0.8780352;
custom,cuboid,crystal2,2,2,2,0,0,0,0,1.0,1.0,104.3129,42.95371,-7.805315,0,0.4785961,0,-0.8780352;
racing,killCuboid,1.97,1.97,1.97,205.8364,50.88393,-209.5459,0,0.596272,0,-0.8027825;
custom,cuboid,crystal2,2,2,2,0,0,0,0,1.0,1.0,205.848,50.88395,-209.6263,0,0.596272,0,-0.8027825;
racing,endCuboid,0.99,1.97,1.97,56.51752,57.04312,-82.62717,0,0.5263836,0,0.8502472;
racing,killCuboid,0.99,1.97,1.97,52.09065,57.00312,-73.75555,0,0.5263836,0,0.8502472;
custom,cuboid,crystal2,2,2,2,0,0,0,0,1.0,1.0,54.39678,57.08314,-78.19424,0,0.5263836,0,0.8502472;
custom,cuboid,crystal2,2,2,2,0,0,0,0,1.0,1.0,112.7526,39.04226,-289.1023,0,0.121821,0,0.9925521;
racing,killCuboid,1.97,1.97,1.97,112.7479,39.04226,-289.121,0,0.121821,0,0.9925521;
racing,killCuboid,1.97,1.97,1.97,382.2589,58.43538,-137.7916,0,0.6740921,0,-0.7386473;
custom,cuboid,crystal2,2,2,2,0,0,0,0,1.0,1.0,382.1594,58.43538,-137.7825,0,0.6740921,0,-0.7386473;
custom,cuboid,crystal2,2,2,2,0,0,0,0,1.0,1.0,409.6128,58.72883,44.18612,0,0.7134015,0,-0.7007556;
racing,killCuboid,1.97,1.97,1.97,409.6317,58.72883,44.18646,0,0.7134015,0,-0.7007556;
racing,killCuboid,1.97,1.97,1.97,530.4029,66.80495,-280.0662,0,0.317231,0,0.9483483;
racing,killPlane,3,3,3,570.1282,85.73017,-369.2484,0.8908753,5.425857E-07,0.454248,-9.205475E-09;
racing,killPlane,3,3,3,568.9651,60.16199,-367.5086,0,0.8986362,0,0.4386947;
racing,killPlane,3,3,3,578.0166,72.53224,-356.7198,0.2920934,0.2920935,-0.6439577,-0.6439577;
racing,killPlane,3,3,3,560.3754,74.09794,-377.5362,0.641188,0.6479376,0.2892098,0.2922543;
racing,killPlane,3,3,3,579.0556,72.60879,-376.4769,0.2386013,0.2386014,0.6656347,0.6656345;
racing,killPlane,3,3,3,558.976,74.93364,-360.1213,-0.2577715,0.2568734,-0.6597723,0.6574728;
racing,checkpointCuboid,1,10,10,1342.465,78.75809,-1284.122,0,0.03685784,0,0.9993205;
racing,killCone,4,4,4,500.9632,-1.350162,-1226.141,0,0.6694121,0,-0.7428913;
racing,killCone,2,2,2,482.1594,97.74762,-1240.843,0.6822199,0.01071715,-0.7309784,-0.01148289;
racing,killCuboid,4,10,4,117.9178,78.71178,-1186.944,0,0.7295048,0,0.6839757;
racing,killCuboid,4,10,4,115.7553,79.55173,-1230.768,0,0.7295048,0,0.6839757;
racing,killCuboid,4,4,4,116.6102,45.01294,-1209.368,0,0.6824392,0,-0.7309424;
racing,killCuboid,4,5.5,4,115.1208,101.0129,-1209.157,0,0.6824392,0,-0.7309424;
custom,cuboid,crystal2,5,1,0.5,0,1,1,1,1.0,1.0,-186.0962,25.21631,-697.8184,0,0.02167545,0,0.9997651;
custom,cuboid,crystal2,5,1,0.5,0,1,1,1,1.0,1.0,-129.212,25.01612,-587.0394,0,0.02167545,0,0.9997651;
custom,cuboid,crystal2,5,1,0.5,0,1,1,1,1.0,1.0,-165.198,25.61612,-458.0887,0,0.02167545,0,0.9997651;
custom,cuboid,crystal2,5,1,0.5,0,1,1,1,1.0,1.0,-124.6593,24.81613,-341.5508,0,0.02167545,0,0.9997651;
custom,cuboid,crystal2,5,1,0.5,0,1,1,1,1.0,1.0,-144.7637,25.28848,-818.9081,0,0.03034086,0,0.9995396;
racing,killPlane,10,1,5,-185.8599,78.24589,-696.4615,-0.4942275,0.4839835,0.5159556,-0.5052614;
racing,killPlane,10,1,5,-129.0133,78.24583,-585.8152,-0.4942275,0.4839835,0.5159556,-0.5052614;
racing,killPlane,10,1,5,-165.326,77.52589,-456.5521,-0.4942275,0.4839835,0.5159556,-0.5052614;
racing,killPlane,10,1,5,-124.5064,78.36551,-339.679,-0.4942275,0.4839835,0.5159556,-0.5052614;
racing,killCylinder,2,5,2,-128.0399,76.94272,323.1683,0,0.001653996,0,0.9999986;
racing,killPlane,10,1,5,-144.8348,78.20585,-818.0569,-0.4942275,0.4839835,0.5159556,-0.5052614;
racing,killCylinder,2,5,2,-102.4572,75.94254,324.5944,0,0.001653996,0,0.9999986;
racing,killCylinder,2,5,2,-77.58213,76.74261,321.3983,0,0.001653996,0,0.9999986;
racing,killCylinder,2,5,2,-57.34741,75.75685,425.5414,0,0.7354434,0,0.6775861;
racing,killCylinder,2,5,2,-58.44963,75.15674,341.9581,0,0.7354434,0,0.6775861;
racing,killCylinder,2,5,2,-58.92862,76.58149,397.6609,0,0.7413281,0,0.6711428;
racing,killCylinder,2,5,2,-58.20867,75.38081,368.4451,0,0.7413281,0,0.6711428;
racing,killCylinder,2,5,2,-3.97583,77.64167,350.7479,0,0.6711633,0,-0.7413096;
racing,killCylinder,2,5,2,-2.567284,77.35872,379.4095,0,0.685592,0,-0.727986;
racing,killCylinder,2,5,2,2.137483,77.95832,407.9786,0,0.685592,0,-0.727986;
racing,checkpointCuboid,1,10,12,1401.435,76.92295,-1182.747,0,0.3263383,0,-0.9452531;
racing,killCuboid,5,10,0.00001,1444.065,76.95231,-823.8835,0,0.9995583,0,-0.02971884;
racing,killPlane,10,1,5,1393.152,77.83396,-835.1536,-0.5146164,0.5146164,-0.4849434,0.4849432;
racing,killPlane,10,1,5,1394.256,77.03398,-821.1967,-0.5146164,0.5146163,-0.4849434,0.4849432;
racing,killPlane,10,1,5,1393.38,77.83396,-828.1212,-0.5146164,0.5146164,-0.4849434,0.4849432;
racing,killPlane,10,1,5,1392.554,77.83396,-840.8127,-0.5146164,0.5146164,-0.4849434,0.4849432;
racing,killSphere,1,1,1,490.5819,79.8371,334.0022,0,0.7280611,0,0.6855122;
racing,killSphere,1,1,1,445.4001,55.03743,335.4937,0,0.7280611,0,0.6855122;
racing,killSphere,1,1,1,507.7469,60.63688,364.0117,0,0.7280611,0,0.6855122;
racing,killSphere,1,1,1,526.4659,57.63692,341.3109,0,0.7280611,0,0.6855122;
racing,killSphere,1,1,1,515.6098,66.83682,352.0533,0,0.7280611,0,0.6855122;
racing,killSphere,1,1,1,401.4915,54.8369,376.6447,0,0.7280611,0,0.6855122;
racing,killSphere,1,1,1,471.1513,67.45458,375.319,0,0.6918674,0,-0.7220247;
racing,killSphere,1,1,1,552.0206,37.8548,348.7865,0,0.6918674,0,-0.7220247;
racing,killSphere,1,1,1,524.1824,37.65467,378.6729,0,0.6918674,0,-0.7220247;
racing,killSphere,1,1,1,552.1781,92.05454,373.7985,0,0.6918674,0,-0.7220247;
racing,killSphere,1,1,1,440.8554,62.85463,353.0421,0,0.6918674,0,-0.7220247;
racing,killSphere,1,1,1,445.821,78.05457,357.455,0,0.6918674,0,-0.7220247;
racing,killSphere,1,1,1,427.518,70.65459,328.3347,0,0.6918674,0,-0.7220247;
racing,killSphere,1,1,1,436.841,43.8547,352.5953,0,0.6918674,0,-0.7220247;
racing,killSphere,1,1,1,485.9651,34.4547,320.4492,0,0.6918674,0,-0.7220247;
racing,killSphere,1,1,1,468.8656,57.42951,390.5725,0,0.7500679,0,0.6613609;
racing,killSphere,1,1,1,456.8026,36.42958,386.9072,0,0.7500679,0,0.6613609;
racing,killSphere,1,1,1,449.3271,90.62944,392.6646,0,0.7500679,0,0.6613609;
racing,killSphere,1,1,1,397.1773,58.82953,394.516,0,0.7500679,0,0.6613609;
racing,killSphere,1,1,1,525.5789,45.82957,354.2412,0,0.7500679,0,0.6613609;
racing,killSphere,1,1,1,365.7398,66.02957,326.7494,0,0.7500679,0,0.6613609;
racing,killSphere,1,1,1,362.1696,91.02944,338.4987,0,0.7500679,0,0.6613609;
racing,killSphere,1,1,1,528.8579,69.93036,321.0868,0,0.719704,0,-0.694281;
racing,killSphere,1,1,1,389.9445,90.77102,361.8849,0,0.6109172,0,-0.7916945;
racing,killSphere,1,1,1,358.5376,62.60963,355.0536,0,0.734693,0,-0.6783997;
racing,killSphere,1,1,1,436.4849,34.25014,307.5146,0,0.8359822,0,0.5487566;
racing,killSphere,1,1,1,445.8761,61.9346,319.2815,0,0.714388,0,0.6997499;
racing,killSphere,1,1,1,463.5855,77.49374,392.2814,0,0.6911087,0,0.7227509;
racing,killSphere,1,1,1,546.4976,77.68729,381.057,0,0.8022199,0,0.5970287;
racing,killSphere,1,1,1,555.0389,88.76089,346.7911,0,0.7529028,0,0.6581317;
racing,killSphere,1,1,1,437.7405,97.3551,330.8255,0,0.7294704,0,0.6840124;
racing,killSphere,1,1,1,493.9063,82.91037,358.6553,0,0.7113106,0,0.7028778;
racing,killSphere,1,1,1,375.7522,112.6719,384.954,0,0.7339209,0,0.679235;
racing,killSphere,1,1,1,377.6055,104.2321,335.7858,0,0.8250237,0,0.5650982;
racing,killSphere,1,1,1,389.2778,115.1956,365.2531,0,0.700483,0,0.7136691;
racing,killSphere,1,1,1,431.7434,94.38481,364.0461,0,0.7309458,0,0.6824356;
racing,killSphere,1,1,1,430.6016,94.5977,340.7309,0,0.7249625,0,0.6887884;
racing,killSphere,1,1,1,492.8795,89.63833,338.9851,0,0.733916,0,0.6792402;
racing,killSphere,1,1,1,509.8081,102.7588,318.5942,0,0.7835895,0,0.6212789;
racing,killSphere,1,1,1,459.7602,78.48507,316.9445,0,0.7441945,0,0.667963;
racing,killSphere,1,1,1,491.7794,110.4821,378.7989,0,0.6686694,0,0.7435598;
racing,killSphere,1,1,1,546.6853,107.935,353.6253,0,0.675131,0,0.7376979;
racing,killSphere,1,1,1,555.3185,104.4375,324.7056,0,0.7427276,0,0.6695936;
racing,killSphere,1,1,1,491.0064,71.20149,339.3419,0,0.692632,0,0.7212912;
racing,killSphere,1,1,1,541.1841,83.92482,360.9065,0,0.7726073,0,0.6348842;
racing,killSphere,1,1,1,541.8145,42.60241,323.3091,0,0.7628178,0,0.6466135;
racing,killSphere,1,1,1,584.6357,43.14328,369.9882,0,0.6637709,0,0.747936;
racing,killSphere,1,1,1,487.2446,114.7247,340.9137,0,0.7353612,0,0.6776754;
racing,killSphere,5,5,5,1437.88,49.99697,293.1133,0,0.6920119,0,-0.7218861;
racing,killCuboid,2,7,12,1473.573,91.26929,210.8094,0,0.889609,0,0.4567228;
racing,killCuboid,2,6.5,10,1045.929,59.59826,-1167.346,0,0.999627,0,-0.02731179;
racing,killCuboid,2,6.5,10,989.8821,93.99783,-1163.241,0,0.999627,0,-0.02731179;
racing,killCuboid,2,6.5,10,1099.883,94.19782,-1173.319,0,0.999627,0,-0.02731179;
racing,killCuboid,7,10,100,-70.78392,77.5227,-582.7521,0,0.02279652,0,0.9997401;
racing,killTube,4,10,4,621.6206,69.93708,236.2232,-0.01291764,0.01291764,-0.7069888,0.7069888;
racing,killTube,8,12,8,520.2193,70.49721,241.4449,-0.01291764,0.01291764,-0.7069888,0.7069888;
racing,killTube,6,11,6,568.4939,67.2972,238.9183,-0.01291764,0.01291764,-0.7069888,0.7069888;
custom,cuboid,stone5,700,5,700,0,1,0.4886364,0,1.0,1.0,-1102.94,3.910069,135.9927,0,0.6836999,0,-0.7297633;
custom,cuboid,stone5,10,10.2,2,0,1,0.4886364,0,1.0,1.0,1528.911,76.60113,-1389.429,0,0.6871297,0,-0.7265348;
racing,killCuboid,2.1,10.2,180.1,636.1678,77.29324,-1288.277,0,0.6823064,0,-0.7310664;
custom,cuboid,stone5,2,10,200,0,1,0.4886364,0,1.0,1.0,629.5624,76.93786,-1383.379,0,0.6823064,0,-0.7310664;
custom,cuboid,stone5,2,10,180,0,1,0.4886364,0,1.0,1.0,636.1881,76.69437,-1288.549,0,0.6823064,0,-0.7310664;
racing,killCuboid,2.1,10.2,200.1,629.7526,76.13432,-1382.906,0,0.6823064,0,-0.7310664;
racing,killCuboid,2.1,10.2,190.1,716.5061,76.27147,496.7753,0,0.730568,0,0.68284;
custom,cuboid,stone5,2,10,190,0,1,0.4886364,0,1.0,1.0,715.7463,76.99135,496.7877,0,0.730568,0,0.68284;
custom,cuboid,stone5,2,10,190,0,1,0.4886364,0,1.0,1.0,-290.1414,77.13795,-377.3408,0,0.03615014,0,0.9993464;
custom,cuboid,stone5,2,10,170,0,1,0.4886364,0,1.0,1.0,-194.1983,77.0968,-387.5604,0,0.03385507,0,0.9994268;
racing,killCuboid,2.1,10.2,190.1,-290.0676,76.57825,-376.8502,0,0.03615014,0,0.9993464;
racing,killCuboid,2.1,10.2,170.1,-194.7036,76.3367,-387.9332,0,0.03385507,0,0.9994268;
custom,cuboid,stone5,2,10.2,170,0,1,0.4886364,0,1.0,1.0,700.847,76.09879,393.8811,0,0.7305051,0,0.6829072;
racing,killCuboid,2.1,10.2,170.1,701.3698,76.29896,393.5256,0,0.7305051,0,0.6829072;
custom,cuboid,stone5,2,10.2,190,0,1,0.4886364,0,1.0,1.0,1599.391,76.14383,-504.8175,0,0.9995725,0,-0.02923816;
racing,killCuboid,2.1,10.2,190.1,1599.111,76.30326,-504.6075,0,0.9995725,0,-0.02923816;
custom,cuboid,stone5,2,10.2,160,0,1,0.4886364,0,1.0,1.0,1492.896,76.18333,-451.2336,0,0.9995725,0,-0.02923816;
racing,killCuboid,2.1,10.2,160.1,1492.83,76.58328,-451.6197,0,0.9995725,0,-0.02923816;
racing,killCuboid,2.1,10.2,160.1,657.5887,76.99406,-1197.878,0,0.6879329,0,-0.7257743;
custom,cuboid,stone5,2,10.2,160,0,1,0.4886364,0,1.0,1.0,657.9926,76.31403,-1197.939,0,0.6879329,0,-0.7257743;
racing,killCuboid,2.1,10.2,150.1,-94.95792,76.90813,-415.8137,0,0.02446668,0,0.9997007;
custom,cuboid,stone5,2,10.2,150,0,1,0.4886364,0,1.0,1.0,-94.85844,76.66825,-416.4288,0,0.02446668,0,0.9997007;
racing,killCuboid,2.1,10.2,150.1,680.4798,77.40427,286.8731,0,0.7240813,0,0.6897147;
custom,cuboid,stone5,2,10.2,150,0,1,0.4886364,0,1.0,1.0,680.0405,76.8054,287.0148,0,0.7240813,0,0.6897147;
custom,cuboid,stone5,2,10.2,140,0,1,0.4886364,0,1.0,1.0,1388.768,76.92713,-438.4405,0,0.9997587,0,-0.02196879;
racing,killCuboid,2.1,10.2,140.1,1388.674,76.97009,-438.618,0,0.9997587,0,-0.02196879;
racing,killCuboid,2.1,10.2,140.1,668.648,76.97373,-1100.603,0,0.6930365,0,-0.7209025;
custom,cuboid,stone5,2,10.2,140,0,1,0.4886364,0,1.0,1.0,668.8334,76.81506,-1100.693,0,0.6930365,0,-0.7209025;
racing,killCuboid,2,10.2,130,-4.176474,77.19875,-433.8641,0,0.01312525,0,0.9999139;
racing,killCuboid,2,10.2,130,648.7778,77.58484,83.08427,0,0.7193567,0,0.6946409;
racing,killCuboid,2,10.2,120,1267.825,77.04259,-528.7555,0,0.9998481,0,-0.01743292;
racing,checkpointCuboid,2,5,2,1301.47,84.83434,-1076.453,0,0.9996604,0,-0.02606101;
custom,pyramid,stone5,2,5,2,0,1,0.4886364,0,1.0,1.0,1301.148,16.31287,-1078.658,-0.9997852,0.006979848,0.01951759,-0.0001362495;
custom,cuboid,default,2,10,2,1,1,0,0,1.0,1.0,12.52166,77.91645,205.7613,0,0.6994959,0,-0.7146367;
custom,cuboid,default,2,10,2,1,1,0,0,1.0,1.0,1292.012,77.9358,161.0003,0,0.9998519,0,-0.0172129;
custom,cuboid,default,2,10,2,1,1,0,0,1.0,1.0,1288.49,77.87237,60.85183,0,0.6917114,0,-0.7221741;
racing,killCuboid,2,10.2,130,652.299,77.10486,183.4335,0,0.7193567,0,0.6946409;
racing,killCuboid,10,1,100,501.5403,24.26217,140.1541,0,0.7174182,0,0.6966428;
custom,sphere,default,0.5,0.5,0.5,1,0,0,1,1.0,1.0,1498.791,74.45155,-1252.133,0,0.9963833,0,-0.08497248;
racing,checkpointCuboid,2,25,2,33.44485,53.72863,62.40065,-0.4935315,0.4911258,0.5087928,-0.5063123;
racing,killCuboid,2,35,2,1460.292,37.18862,-216.3156,-0.7066799,0.7066794,0.02457444,-0.02457442;
racing,killCuboid,2,35,2,1459.796,72.42809,-217.0868,-0.7066798,0.7066795,0.02457444,-0.02457442;
racing,killCuboid,2,35,2,1459.146,106.5079,-216.6462,-0.7069265,0.7064328,0.02458301,-0.02456584;
racing,killCuboid,2,25,2,1515.162,56.84465,-268.9396,-0.7077186,0.7057446,0.02304315,-0.02297887;
racing,killCuboid,2,25,2,1515.144,89.64526,-269.4576,-0.7057451,0.7077181,0.02297888,-0.02304313;
racing,killCuboid,2,10,9,1564.169,76.82728,315.3167,0,0.8744844,0,0.4850537;
racing,killCuboid,2,10,8,360.54,77.15282,-1334.644,0,0.03232712,0,0.9994774;
racing,killCuboid,2,10,8,737.0283,76.81952,-1325.846,0,0.9992463,0,-0.03881795;
racing,killCuboid,2,10,8,-74.22305,77.03344,-1269.704,0,0.03442925,0,0.9994072;
racing,killCuboid,2,10,8,-315.8678,77.37211,-1280.208,0,0.9037272,0,-0.4281089;
racing,killTorus,5,5,5,-234.711,76.30254,-334.131,-0.5203829,0.5131674,-0.4859864,0.4792475;
racing,killTorus,5,5,5,-239.821,73.42587,-411.6052,-0.5185706,0.5295469,-0.4696949,0.4796367;
racing,killTorus,5,5,5,-244.156,72.6259,-480.0754,-0.5213361,0.5268245,-0.4721998,0.4771708;
racing,killTorus,5,5,5,-227.5994,76.02605,-238.2106,-0.5213361,0.5268244,-0.4721998,0.4771708;
racing,killTube,5,10,5,-213.8701,75.22594,11.22751,-0.5268244,0.5213363,-0.4771707,0.4721999;
racing,killTorus,5,5,5,-253.0931,70.43871,-540.5895,-0.487702,0.4775929,0.5221286,-0.5113056;
racing,killCuboid,2,10,6,-173.872,77.90397,498.4047,0,0.9487131,0,0.3161382;
racing,killCuboid,2,10,2,59.61623,76.87484,136.5737,0,0.7001787,0,-0.7139676;
racing,killCuboid,2,10,2,60.70543,77.07491,168.8843,0,0.7001787,0,-0.7139676;
racing,killPrism,8,10,8,698.6736,78.2116,446.6794,-0.2397375,0.6884326,-0.2251203,0.6464575;
racing,killPrism,8,10,8,111.673,75.74665,487.9737,0.2999797,0.6643814,0.2817024,0.6239017;
racing,killSphere,4,4,4,-266.6087,45.59458,-752.4907,0,0.03339472,0,0.9994423;
racing,killSphere,4,4,4,-267.0661,87.77172,-756.8795,0,0.03773748,0,0.9992877;
racing,killSphere,4,4,4,-297.8675,72.54848,-867.7487,0,0.03555316,0,0.9993678;
racing,killSphere,4,4,4,-259.2624,73.46844,-868.7,0,0.03555316,0,0.9993678;
racing,checkpointCuboid,1,10,10,-108.2512,77.08148,501.1862,0,0.9991245,0,-0.04183614;
custom,cuboid,lava1,3.33,12,0.001,0,1,1,1,1.0,1.0,1468.018,136.5076,-1251.552,0,0.03077176,0,0.9995264;
custom,cuboid,crystal2,3.33,12,0.001,0,1,1,1,1.0,1.0,1530.389,138.8148,-1256.178,0,0.04166627,0,0.9991316;
custom,cuboid,crystal1,3.33,12,0.001,0,1,1,1,1.0,1.0,1498.324,136.0543,-1253.792,0,0.04166627,0,0.9991316;
custom,sphere,default,0.5,0.5,0.5,1,0,1,0,1.0,1.0,1529.021,128.3268,-1256.312,0,0.9989439,0,-0.04594823;
custom,sphere,default,0.5,0.5,0.5,1,1,1,0,1.0,1.0,1498.433,128.7665,-1254.079,0,0.9989439,0,-0.04594823;
custom,sphere,default,0.5,0.5,0.5,1,1,0,0,1.0,1.0,1468.736,128.9857,-1252.403,0,0.9981264,0,-0.06118614;
custom,cuboid,grass2,10,5,0.001,1,1,0,0,1.0,1.0,1563.029,54.50877,-1259.341,0,0.9983838,0,-0.05683212;
custom,cuboid,metal1,3.3,5,0.001,0,1,1,1,1.0,1.0,1498.446,54.4369,-1252.119,0,0.998742,0,-0.05014311;
custom,cuboid,ice1,3.3,5,0.001,0,1,1,1,1.0,1.0,1468.46,52.95687,-1250.892,0,0.998742,0,-0.05014311;
custom,sphere,default,0.5,0.5,0.5,1,1,0,1,1.0,1.0,1528.821,74.85185,-1256.472,0,0.9963833,0,-0.08497248;
custom,sphere,default,0.5,0.5,0.5,1,0,0,0,1.0,1.0,1470.571,74.07349,-1250.199,0,0.9967446,0,-0.08062416;
custom,cuboid,metal2,4,1,4,0,1,1,1,1.0,1.0,1493.901,30.0246,-1398.164,0,0.7387173,0,0.6740154;
racing,killCuboid,1,5,10,1498.29,102.7007,-1260.921,0,0.7283368,0,0.6852193;
racing,killCuboid,1,5.5,6.67,1480.369,49.28993,-1258.479,0,0.7282916,0,0.6852674;
custom,cuboid,crystal2,2,1,6.67,0,0,0,0,1.0,1.0,33.71746,38.81998,61.67385,0,0.01487071,0,0.9998894;
racing,killCuboid,1.97,1.97,1.97,346.3207,45.64059,-247.3858,0,0.7792127,0,0.6267596;
racing,killCuboid,1.97,1.97,1.97,139.5197,58.59517,-120.8178,0,0.4116355,0,-0.9113486;
custom,cuboid,crystal2,2,2,2,0,0,0,0,1.0,1.0,139.5337,58.59517,-120.8302,0,0.4116355,0,-0.9113486;
custom,cuboid,crystal2,2.0,2,2.0,0,0,0,0,1.0,1.0,346.3035,45.60059,-247.3859,0,0.7792127,0,0.6267596;
custom,cuboid,crystal2,2.0,2,2.0,0,0,0,0,1.0,1.0,504.3185,62.70594,-91.88241,0,0.3797321,0,-0.9250965;
racing,killCuboid,1.97,1.97,1.97,504.3318,62.70594,-91.89577,0,0.3797321,0,-0.9250965;
custom,cuboid,crystal2,2.0,2,2.0,0,0,0,0,1.0,1.0,301.165,36.42747,-77.65753,0,0.3898891,0,-0.9208618;
racing,killCuboid,1.97,1.97,1.97,301.179,36.42747,-77.67107,0,0.3898891,0,-0.9208618;
racing,killCuboid,1.97,1.97,1.97,155.8596,39.44904,-379.8908,0,0.1491043,0,-0.9888215;
custom,cuboid,crystal2,2,2,2,0,0,0,0,1.0,1.0,155.8328,39.44904,-379.804,0,0.1491043,0,-0.9888215;
custom,cuboid,crystal2,2,2,2,0,0,0,0,1.0,1.0,293.8075,47.04545,-358.6647,0,0.2601039,0,-0.9655806;
racing,killCuboid,1.97,1.97,1.97,293.8575,47.04545,-358.7509,0,0.2601039,0,-0.9655806;
racing,killCuboid,1.97,1.97,1.97,85.80621,43.14301,-159.4936,0,0.1342524,0,-0.9909472;
custom,cuboid,crystal2,2,2,2,0,0,0,0,1.0,1.0,85.86229,43.14301,-159.3896,0,0.1320914,0,-0.9912375;
custom,cuboid,crystal2,2,2,2,0,0,0,0,1.0,1.0,243.1472,40.58321,27.66711,0,0.6824223,0,0.7309582;
racing,killCuboid,1.97,1.97,1.97,243.0502,40.58321,27.66044,0,0.6824223,0,0.7309582;
racing,killCuboid,1.97,1.97,1.97,104.3316,42.99371,-7.841083,0,0.4785961,0,-0.8780352;
custom,cuboid,crystal2,2,2,2,0,0,0,0,1.0,1.0,104.3129,42.95371,-7.805315,0,0.4785961,0,-0.8780352;
racing,killCuboid,1.97,1.97,1.97,205.8364,50.88393,-209.5459,0,0.596272,0,-0.8027825;
custom,cuboid,crystal2,2,2,2,0,0,0,0,1.0,1.0,205.848,50.88395,-209.6263,0,0.596272,0,-0.8027825;
racing,endCuboid,0.99,1.97,1.97,56.51752,57.04312,-82.62717,0,0.5263836,0,0.8502472;
racing,killCuboid,0.99,1.97,1.97,52.09065,57.00312,-73.75555,0,0.5263836,0,0.8502472;
custom,cuboid,crystal2,2,2,2,0,0,0,0,1.0,1.0,54.39678,57.08314,-78.19424,0,0.5263836,0,0.8502472;
custom,cuboid,crystal2,2,2,2,0,0,0,0,1.0,1.0,112.7526,39.04226,-289.1023,0,0.121821,0,0.9925521;
racing,killCuboid,1.97,1.97,1.97,112.7479,39.04226,-289.121,0,0.121821,0,0.9925521;
racing,killCuboid,1.97,1.97,1.97,382.2589,58.43538,-137.7916,0,0.6740921,0,-0.7386473;
custom,cuboid,crystal2,2,2,2,0,0,0,0,1.0,1.0,382.1594,58.43538,-137.7825,0,0.6740921,0,-0.7386473;
custom,cuboid,crystal2,2,2,2,0,0,0,0,1.0,1.0,409.6128,58.72883,44.18612,0,0.7134015,0,-0.7007556;
racing,killCuboid,1.97,1.97,1.97,409.6317,58.72883,44.18646,0,0.7134015,0,-0.7007556;
custom,cuboid,default,2,2,2,1,1,1,0,1.0,1.0,569.1642,73.6396,-367.4239,0,0.9025699,0,0.4305434;
racing,killPlane,3,3,3,570.1282,85.73017,-369.2484,0.8908753,5.425857E-07,0.454248,-9.205475E-09;
racing,killPlane,3,3,3,568.9651,60.16199,-367.5086,0,0.8986362,0,0.4386947;
racing,killPlane,3,3,3,578.0166,72.53224,-356.7198,0.2920934,0.2920935,-0.6439577,-0.6439577;
racing,killPlane,3,3,3,560.3754,74.09794,-377.5362,0.641188,0.6479376,0.2892098,0.2922543;
racing,killPlane,3,3,3,579.0556,72.60879,-376.4769,0.2386013,0.2386014,0.6656347,0.6656345;
racing,killPlane,3,3,3,558.976,74.93364,-360.1213,-0.2577715,0.2568734,-0.6597723,0.6574728;
racing,checkpointCuboid,1,10,10,1342.465,78.75809,-1284.122,0,0.03685784,0,0.9993205;
racing,killCone,4,4,4,500.9632,-1.350162,-1226.141,0,0.6694121,0,-0.7428913;
racing,killCone,2,2,2,482.1594,97.74762,-1240.843,0.6822199,0.01071715,-0.7309784,-0.01148289;
racing,killCuboid,4,10,4,117.9178,78.71178,-1186.944,0,0.7295048,0,0.6839757;
racing,killCuboid,4,10,4,115.7553,79.55173,-1230.768,0,0.7295048,0,0.6839757;
racing,killCuboid,4,4,4,116.6102,45.01294,-1209.368,0,0.6824392,0,-0.7309424;
racing,killCuboid,4,5.5,4,115.1208,101.0129,-1209.157,0,0.6824392,0,-0.7309424;
custom,cuboid,crystal2,5,1,0.5,0,1,1,1,1.0,1.0,-186.0962,25.21631,-697.8184,0,0.02167545,0,0.9997651;
custom,cuboid,crystal2,5,1,0.5,0,1,1,1,1.0,1.0,-129.212,25.01612,-587.0394,0,0.02167545,0,0.9997651;
custom,cuboid,crystal2,5,1,0.5,0,1,1,1,1.0,1.0,-165.198,25.61612,-458.0887,0,0.02167545,0,0.9997651;
custom,cuboid,crystal2,5,1,0.5,0,1,1,1,1.0,1.0,-124.6593,24.81613,-341.5508,0,0.02167545,0,0.9997651;
custom,cuboid,crystal2,5,1,0.5,0,1,1,1,1.0,1.0,-144.7637,25.28848,-818.9081,0,0.03034086,0,0.9995396;
racing,killPlane,10,1,5,-185.8599,78.24589,-696.4615,-0.4942275,0.4839835,0.5159556,-0.5052614;
racing,killPlane,10,1,5,-129.0133,78.24583,-585.8152,-0.4942275,0.4839835,0.5159556,-0.5052614;
racing,killPlane,10,1,5,-165.326,77.52589,-456.5521,-0.4942275,0.4839835,0.5159556,-0.5052614;
racing,killPlane,10,1,5,-124.5064,78.36551,-339.679,-0.4942275,0.4839835,0.5159556,-0.5052614;
racing,killCylinder,2,5,2,-128.0399,76.94272,323.1683,0,0.001653996,0,0.9999986;
racing,killPlane,10,1,5,-144.8348,78.20585,-818.0569,-0.4942275,0.4839835,0.5159556,-0.5052614;
racing,killCylinder,2,5,2,-102.4572,75.94254,324.5944,0,0.001653996,0,0.9999986;
racing,killCylinder,2,5,2,-77.58213,76.74261,321.3983,0,0.001653996,0,0.9999986;
racing,killCylinder,2,5,2,-57.34741,75.75685,425.5414,0,0.7354434,0,0.6775861;
racing,killCylinder,2,5,2,-58.44963,75.15674,341.9581,0,0.7354434,0,0.6775861;
racing,killCylinder,2,5,2,-58.92862,76.58149,397.6609,0,0.7413281,0,0.6711428;
racing,killCylinder,2,5,2,-58.20867,75.38081,368.4451,0,0.7413281,0,0.6711428;
racing,killCylinder,2,5,2,-3.97583,77.64167,350.7479,0,0.6711633,0,-0.7413096;
racing,killCylinder,2,5,2,-2.567284,77.35872,379.4095,0,0.685592,0,-0.727986;
racing,killCylinder,2,5,2,2.137483,77.95832,407.9786,0,0.685592,0,-0.727986;
racing,checkpointCuboid,1,10,12,1401.435,76.92295,-1182.747,0,0.3263383,0,-0.9452531;
racing,killCuboid,5,10,0.00001,1444.065,76.95231,-823.8835,0,0.9995583,0,-0.02971884;
racing,killPlane,10,1,5,1393.152,77.83396,-835.1536,-0.5146164,0.5146164,-0.4849434,0.4849432;
racing,killPlane,10,1,5,1394.256,77.03398,-821.1967,-0.5146164,0.5146163,-0.4849434,0.4849432;
racing,killPlane,10,1,5,1393.38,77.83396,-828.1212,-0.5146164,0.5146164,-0.4849434,0.4849432;
racing,killPlane,10,1,5,1392.554,77.83396,-840.8127,-0.5146164,0.5146164,-0.4849434,0.4849432;
racing,killSphere,1,1,1,490.5819,79.8371,334.0022,0,0.7280611,0,0.6855122;
racing,killSphere,1,1,1,445.4001,55.03743,335.4937,0,0.7280611,0,0.6855122;
racing,killSphere,1,1,1,507.7469,60.63688,364.0117,0,0.7280611,0,0.6855122;
racing,killSphere,1,1,1,526.4659,57.63692,341.3109,0,0.7280611,0,0.6855122;
racing,killSphere,1,1,1,515.6098,66.83682,352.0533,0,0.7280611,0,0.6855122;
racing,killSphere,1,1,1,401.4915,54.8369,376.6447,0,0.7280611,0,0.6855122;
racing,killSphere,1,1,1,471.1513,67.45458,375.319,0,0.6918674,0,-0.7220247;
racing,killSphere,1,1,1,552.0206,37.8548,348.7865,0,0.6918674,0,-0.7220247;
racing,killSphere,1,1,1,524.1824,37.65467,378.6729,0,0.6918674,0,-0.7220247;
racing,killSphere,1,1,1,552.1781,92.05454,373.7985,0,0.6918674,0,-0.7220247;
racing,killSphere,1,1,1,440.8554,62.85463,353.0421,0,0.6918674,0,-0.7220247;
racing,killSphere,1,1,1,445.821,78.05457,357.455,0,0.6918674,0,-0.7220247;
racing,killSphere,1,1,1,427.518,70.65459,328.3347,0,0.6918674,0,-0.7220247;
racing,killSphere,1,1,1,436.841,43.8547,352.5953,0,0.6918674,0,-0.7220247;
racing,killSphere,1,1,1,485.9651,34.4547,320.4492,0,0.6918674,0,-0.7220247;
racing,killSphere,1,1,1,468.8656,57.42951,390.5725,0,0.7500679,0,0.6613609;
racing,killSphere,1,1,1,456.8026,36.42958,386.9072,0,0.7500679,0,0.6613609;
racing,killSphere,1,1,1,449.3271,90.62944,392.6646,0,0.7500679,0,0.6613609;
racing,killSphere,1,1,1,397.1773,58.82953,394.516,0,0.7500679,0,0.6613609;
racing,killSphere,1,1,1,525.5789,45.82957,354.2412,0,0.7500679,0,0.6613609;
racing,killSphere,1,1,1,365.7398,66.02957,326.7494,0,0.7500679,0,0.6613609;
racing,killSphere,1,1,1,362.1696,91.02944,338.4987,0,0.7500679,0,0.6613609;
racing,killSphere,1,1,1,528.8579,69.93036,321.0868,0,0.719704,0,-0.694281;
racing,killSphere,1,1,1,389.9445,90.77102,361.8849,0,0.6109172,0,-0.7916945;
racing,killSphere,1,1,1,358.5376,62.60963,355.0536,0,0.734693,0,-0.6783997;
racing,killSphere,1,1,1,436.4849,34.25014,307.5146,0,0.8359822,0,0.5487566;
racing,killSphere,1,1,1,445.8761,61.9346,319.2815,0,0.714388,0,0.6997499;
racing,killSphere,1,1,1,463.5855,77.49374,392.2814,0,0.6911087,0,0.7227509;
racing,killSphere,1,1,1,546.4976,77.68729,381.057,0,0.8022199,0,0.5970287;
racing,killSphere,1,1,1,555.0389,88.76089,346.7911,0,0.7529028,0,0.6581317;
racing,killSphere,1,1,1,437.7405,97.3551,330.8255,0,0.7294704,0,0.6840124;
racing,killSphere,1,1,1,493.9063,82.91037,358.6553,0,0.7113106,0,0.7028778;
racing,killSphere,1,1,1,375.7522,112.6719,384.954,0,0.7339209,0,0.679235;
racing,killSphere,1,1,1,377.6055,104.2321,335.7858,0,0.8250237,0,0.5650982;
racing,killSphere,1,1,1,389.2778,115.1956,365.2531,0,0.700483,0,0.7136691;
racing,killSphere,1,1,1,431.7434,94.38481,364.0461,0,0.7309458,0,0.6824356;
racing,killSphere,1,1,1,430.6016,94.5977,340.7309,0,0.7249625,0,0.6887884;
racing,killSphere,1,1,1,492.8795,89.63833,338.9851,0,0.733916,0,0.6792402;
racing,killSphere,1,1,1,509.8081,102.7588,318.5942,0,0.7835895,0,0.6212789;
racing,killSphere,1,1,1,459.7602,78.48507,316.9445,0,0.7441945,0,0.667963;
racing,killSphere,1,1,1,491.7794,110.4821,378.7989,0,0.6686694,0,0.7435598;
racing,killSphere,1,1,1,546.6853,107.935,353.6253,0,0.675131,0,0.7376979;
racing,killSphere,1,1,1,555.3185,104.4375,324.7056,0,0.7427276,0,0.6695936;
racing,killSphere,1,1,1,491.0064,71.20149,339.3419,0,0.692632,0,0.7212912;
racing,killSphere,1,1,1,541.1841,83.92482,360.9065,0,0.7726073,0,0.6348842;
racing,killSphere,1,1,1,541.8145,42.60241,323.3091,0,0.7628178,0,0.6466135;
racing,killSphere,1,1,1,584.6357,43.14328,369.9882,0,0.6637709,0,0.747936;
racing,killSphere,1,1,1,487.2446,114.7247,340.9137,0,0.7353612,0,0.6776754;
racing,killSphere,5,5,5,1437.88,49.99697,293.1133,0,0.6920119,0,-0.7218861;
racing,killCuboid,2,7,12,1473.573,91.26929,210.8094,0,0.889609,0,0.4567228;
racing,killCuboid,2,6.5,10,1045.929,59.59826,-1167.346,0,0.999627,0,-0.02731179;
racing,killCuboid,2,6.5,10,989.8821,93.99783,-1163.241,0,0.999627,0,-0.02731179;
racing,killCuboid,2,6.5,10,1099.883,94.19782,-1173.319,0,0.999627,0,-0.02731179;
racing,killCuboid,7,10,100,-70.78392,77.5227,-582.7521,0,0.02279652,0,0.9997401;
racing,killTube,4,10,4,621.6206,69.93708,236.2232,-0.01291764,0.01291764,-0.7069888,0.7069888;
racing,killTube,8,12,8,520.2193,70.49721,241.4449,-0.01291764,0.01291764,-0.7069888,0.7069888;
racing,killTube,2.5,11,2.5,671.0111,69.89723,233.9525,-0.01291764,0.01291764,-0.7069888,0.7069888;
racing,killCuboid,3,2,4,497.7979,37.53405,203.7012,0,0.7241947,0,0.6895956;
racing,killCuboid,3,2,4,499.8577,33.50734,277.4483,0,0.7241947,0,0.6895956;
racing,killCuboid,5,2,4,505.6402,115.6786,274.034,0.2467688,0.6530545,0.2530803,0.6697577;
racing,killCuboid,5,2,4,501.8633,115.4311,206.5862,-0.2432953,0.6947423,-0.2237122,0.6388218;
racing,killCuboid,5,2,4,504.9584,126.8863,238.3029,0,0.7166197,0,0.6974642;
misc,barrier,1000,1,1000,926.2513,131.6653,-4244.825,0,0.9999761,0,-0.006916988;
spawnpoint,playerC,1491.187,39.01735,-1398.759,0,0.7118654,0,0.702316;
spawnpoint,playerM,1491.777,38.89869,-1397.066,0,0.9978742,0,-0.06516989;
spawnpoint,playerC,1491.732,39.8987,-1397.41,0,0.9978742,0,-0.06516989;
racing,startCuboid,3,12,12,1434.385,84.1749,-1390.026,0,0.9993989,0,-0.03466715;
spawnpoint,titan,804.0122,-120.6385,1316.661,0,0.4656132,0,0.8849884;
custom,cuboid,crystal2,2,2,2,0,1,1,0,1.0,1.0,530.4337,66.80495,-280.0254,0,0.317231,0,0.9483483;
racing,killCuboid,1.97,1.97,1.97,534.1573,83.2159,-400.0454,0,0.9238442,0,0.3827689;
custom,cuboid,crystal2,2,2,2,0,1,1,0,1.0,1.0,534.2502,83.2159,-400.1383,0,0.9238442,0,0.3827689;
custom,cylinder,earth2,1,1.5,1,1,1,0,1,1.0,1.0,1531.139,208.5045,-1243.557,-0.006975947,0.9992965,0.0002572236,-0.03684641;
custom,cylinder,earth2,1,2,1,1,1,0,1,1.0,1.0,1540.847,193.9047,-1245.286,0.7053924,0.7078586,-0.02600946,-0.0261004;
custom,cylinder,earth2,1,2,1,1,1,0,1,1.0,1.0,1524.889,180.5047,-1244.105,0,0.9993209,0,-0.03684728;
custom,cylinder,earth2,1,2,1,1,1,0,1,1.0,1.0,1541.886,164.9051,-1244.759,0.7053925,0.7078586,-0.02600946,-0.0261004;
custom,cylinder,earth2,1,3,1,1,1,0,1,1.0,1.0,1511.396,191.6693,-1240.741,0,0.9999801,0,-0.00631273;
custom,cylinder,earth2,1,2,1,1,1,0,1,1.0,1.0,1498.484,180.4688,-1243.178,0,0.9999801,0,-0.00631273;
custom,cylinder,earth2,1,2,1,1,1,0,1,1.0,1.0,1478.772,180.3891,-1242.33,0,0.9999801,0,-0.00631273;
custom,cylinder,earth2,1,1.5,1,1,1,0,1,1.0,1.0,1488.967,164.8697,-1242.242,0.7046204,0.7095564,-0.004448164,-0.00447933;
custom,cylinder,earth2,1,2,1,1,1,0,1,1.0,1.0,1465.481,180.8692,-1241.759,0,0.9999801,0,-0.00631273;
custom,cylinder,earth2,1,1,1,1,1,0,1,1.0,1.0,1458.69,196.4692,-1241.271,0.708326,0.7058573,-0.004471558,-0.004455978;
custom,cylinder,earth2,1,1,1,1,1,0,1,1.0,1.0,1457.723,180.2183,-1242.033,0.6957086,0.7179154,0.01686278,0.01740104;
custom,cylinder,earth2,1,1,1,1,1,0,1,1.0,1.0,1458.08,163.7211,-1241.479,0.7043107,0.7092448,-0.0213525,-0.02150208;
racing,checkpointCuboid,1,10,10,-134.7054,77.98008,-1188.001,0,0.03702283,0,0.9993144;