racing,killCuboid,1000,1,1000,-156.048,-4.954399,-3631.946,0,0.9997133,0,-0.0239438;
custom,cuboid,metal2,5,2,5,0,1,1,1,1.0,1.0,602.7075,-3.701283,615.209,0,1,0,0.0001385967;
misc,barrier,1,120,90,541.4355,593.2281,226.9407,0,1,0,0.0002547066;
misc,barrier,15,1,90,612.0295,54.44378,227.7133,0,0.9999999,0,0.0003094236;
misc,barrier,1,120,160,670.239,589.4437,-122.0854,0,0.9999999,0,0.0003094236;
racing,killCuboid,15,1,110,609.137,33.29836,127.6773,0,0.9999999,0,0.0003788034;
custom,cuboid,crystal2,0.23,1,4,0,1,1,1,1.0,1.0,562.1603,-4.407967,527.8327,0,0.9679331,0,0.2512081;
custom,cuboid,crystal2,0.2,1,2.4,0,1,1,1,1.0,1.0,612.1038,-4.413184,574.0162,0,0.9676044,0,-0.2524713;
custom,cuboid,crystal2,0.2,1,2.4,0,1,1,1,1.0,1.0,612.31,-4.309861,574.0444,0,0.9738695,0,0.2271083;
custom,cuboid,crystal2,0.23,1,4,0,1,1,1,1.0,1.0,581.5417,-4.355258,553.5482,0,0.7289146,0,-0.6846046;
custom,cuboid,crystal2,0.15,1,10,0,1,1,1,1.0,1.0,598.6791,-4.494393,430.714,0,0.9717127,0,0.2361661;
custom,cuboid,crystal2,0.2,1,2,0,1,1,1,1.0,1.0,613.3343,-3.911733,452.75,0,0.399561,0,-0.9167067;
spawnpoint,titan,687.7316,148.3113,1013.954,0,0.9222637,0,-0.3865614;
racing,startCuboid,1,6,20,644.2313,28.82261,587.5773,0,0.7069657,0,0.7072478;
custom,cuboid,bark,1,6,15,0,1,1,1,1.0,1.0,609.0062,14.72877,671.3765,0,0.705377,0,0.7088324;
custom,cuboid,stone4,0.1,0.2,1.6,1,0,0,1,1.0,1.0,153.0962,0.2312544,-627.1084,0,0.8149045,0,0.5795953;
racing,killCuboid,1,6,121,542.3158,17.82641,72.43678,0,0.9999999,0,0.0004493753;
racing,killCuboid,1,6,121,658.1342,20.22642,72.78016,0,0.9999999,0,0.0004493753;
racing,killCuboid,0.5,0.2,6,616.0518,6.014709,352.1057,0,0.9960045,0,-0.08930398;
custom,cuboid,stone6,0.5,0.1,6,0,1,1,1,1.0,1.0,615.9468,6.014709,351.5238,0,0.9960045,0,-0.08930398;
misc,barrier,0.5,4,7,599.5892,16.62397,404.4738,0,0.9723172,0,0.2336651;
misc,barrier,0.5,4,7,657.5971,14.71303,370.204,0,0.6806242,0,-0.7326328;
misc,barrier,0.5,4,4,617.2427,27.00524,372.8062,0,0.6885822,0,-0.7251583;
custom,cuboid,rock1,2,1,2,0,1,1,1,1.0,1.0,608.2164,-3.384822,308.8983,0,0.0693769,0,0.9975905;
racing,checkpointCuboid,0.2,0.2,0.2,628.6743,3.365121,211.5973,0,0.2797875,0,0.960062;
custom,cuboid,metal1,0.5,0.6,10,0,1,1,1,1.0,1.0,598.4517,-0.5256068,248.8878,0,0.9411283,0,0.3380498;
racing,killCuboid,0.1,3,9,599.8698,13.79674,250.0536,0,0.9454557,0,0.3257509;
racing,killCuboid,0.1,3,13,585.2529,8.046804,263.8125,0,0.9432974,0,0.3319488;
racing,killCuboid,0.1,5,8,564.6302,17.74639,464.027,0,0.9555431,0,0.2948515;
racing,killCuboid,0.1,5,15,638.2546,9.312983,249.7294,0,0.8591226,0,0.51177;
racing,killCuboid,0.1,5,15,558.0895,3.320349,246.1981,0,0.5267897,0,-0.8499957;
custom,cuboid,stone4,0.1,0.2,1.6,1,0,0,1,1.0,1.0,156.3891,0.5074128,-611.5706,0,0.8007639,0,0.5989801;
custom,cuboid,metal1,1,4,70,0,1,1,1,1.0,1.0,662.392,14.85846,-130.271,0,0.9999996,0,0.0008328715;
racing,killCuboid,0.1,4,11,546.2089,10.4173,90.07147,0,0.7099519,0,0.7042502;
racing,killCuboid,0.1,4,11,654.2003,8.745581,-344.1945,0,0.7068846,0,0.7073289;
racing,killCuboid,0.1,4,11,653.9662,15.74552,-28.9306,0,0.7068846,0,0.7073289;
racing,killCuboid,7,0.5,0.5,567.8741,13.21373,-342.3073,0,0.00605493,0,0.9999817;
racing,killCuboid,0.5,4,0.5,588.0358,17.65374,-344.8383,0,0.00605493,0,0.9999817;
racing,killCuboid,0.1,4,11,545.2703,10.9456,-201.5276,0,0.7068846,0,0.7073289;
racing,killCapsule,1,1,1,600.9977,11.72206,88.81382,0,0.9995403,0,-0.03031878;
custom,arc90,grass2,5,5,5,0,1,1,1,1.0,1.0,648.4718,2.831533,-658.007,0,0.6096448,0,-0.7926748;
custom,cuboid,grass2,5,5,5,0,1,1,1,1.0,1.0,645.9607,-22.19401,-652.343,0,0.9956968,0,0.09267063;
racing,killCapsule,1,1,1,599.0103,14.05816,-29.53884,0,0.01741266,0,0.9998484;
racing,killCapsule,1,1,1,599.5047,15.60146,-199.6952,0,0.01958688,0,0.9998082;
racing,killCapsule,1,1,1,599.8492,14.09884,-343.7018,0,0.002118901,0,0.9999978;
misc,barrier,10,300,3,658.5779,26.71592,-688.465,0,0.9411325,0,0.3380381;
misc,barrier,1,400,200,664.2055,9.794671,124.1504,0,0.0024077,0,-0.9999971;
misc,barrier,1,400,200,-354.0147,1623.32,-670.0508,0,0.7073016,0,-0.706912;
misc,barrier,1,400,200,-683.774,828.0806,189.2155,0,0.0003661235,0,-0.9999999;
misc,barrier,1,400,200,312.8891,871.1769,672.7867,0,0.706829,0,0.7073845;
misc,barrier,600,1,600,2203.5,756.7697,748.0137,0,0.6943301,0,0.7196567;
custom,cylinder,default,0.5,1,0.5,0,1,1,1,1.0,1.0,609.1339,7.834756,-455.4421,0,0.9910275,0,0.1336582;
custom,cuboid,bark,1,15,14,0,1,1,1,1.0,1.0,581.2215,37.01099,-586.5076,0,0.9422989,0,0.3347727;
misc,barrier,5,1,9,648.5349,46.99672,-654.9221,0,0.9999944,0,0.003358076;
misc,barrier,10,1,15,623.676,48.43369,-564.8034,0,0.9347094,0,0.3554131;
custom,cuboid,bark,1,10,30,0,1,1,1,1.0,1.0,433.2245,48.96669,-577.7025,0,0.7081021,0,-0.7061101;
custom,cuboid,bark,1,10,30,0,1,1,1,1.0,1.0,479.5652,46.23488,-663.7001,0,0.7081156,0,-0.7060966;
racing,killCuboid,0.5,1,1,284.0433,-3.686862,-612.897,0.3155778,0.8264167,-0.1663509,-0.43563;
custom,cuboid,ice1,3,1,6,0,1,1,1,1.0,1.0,317.095,-2.435661,-610.8777,0,0.02444475,0,0.9997012;
custom,cuboid,ice1,0.5,13,6,0,1,1,1,1.0,1.0,526.4081,32.11771,-631.6411,0,0.004007956,0,-0.999992;
custom,cuboid,ice1,0.5,13,6,0,1,1,1,1.0,1.0,333.3152,31.31762,-634.8118,0,0.004007956,0,-0.999992;
custom,cuboid,ice1,0.5,13,6,0,1,1,1,1.0,1.0,365.7154,33.31759,-606.582,0,0.004007956,0,-0.999992;
custom,cuboid,ice1,0.5,13,6,0,1,1,1,1.0,1.0,397.6701,32.11771,-634.0443,0,0.004007956,0,-0.999992;
custom,cuboid,ice1,0.5,13,6,0,1,1,1,1.0,1.0,489.1927,33.91769,-612.1506,0,0.004007956,0,-0.999992;
custom,cuboid,ice1,0.5,13,6,0,1,1,1,1.0,1.0,428.0691,34.71768,-611.5753,0,0.004007956,0,-0.999992;
custom,cuboid,ice1,0.5,13,6,0,1,1,1,1.0,1.0,563.7704,34.11775,-611.7276,0,0.004007956,0,-0.999992;
custom,cuboid,ice1,0.5,13,6,0,1,1,1,1.0,1.0,458.5539,32.31769,-635.075,0,0.004007956,0,-0.999992;
racing,killCuboid,0.7,13,6.3,397.6418,32.9791,-634.6574,0,7.263025E-05,0,-1;
misc,barrier,3,10,1,627.5831,99.60325,-646.6129,0,0.7075477,0,-0.7066656;
racing,killCuboid,0.5,15,24,448.8311,23.9746,-580.2511,0,0.7078034,0,-0.7064095;
racing,killCuboid,0.7,13,6.3,333.4073,31.92685,-635.8962,0,7.477601E-05,0,-1;
racing,killCuboid,0.7,13,6.3,564.2354,34.52676,-610.4439,0,7.477601E-05,0,-1;
racing,killCuboid,0.7,13,6.3,489.4088,33.92671,-611.1903,0,7.477601E-05,0,-1;
racing,killCuboid,0.7,13,6.3,365.7309,33.92682,-605.6859,0,7.477601E-05,0,-1;
racing,killCuboid,0.7,13,6.3,458.2812,33.12674,-635.7844,0,7.477601E-05,0,-1;
racing,killCuboid,0.7,13,6.3,427.9815,35.72671,-610.6615,0,7.477601E-05,0,-1;
racing,killCuboid,0.7,13,6.3,526.4982,32.52706,-632.8326,0,7.477601E-05,0,-1;
racing,killCuboid,0.5,15,30,416.3804,22.97477,-660.6561,0,0.7078034,0,-0.7064095;
racing,checkpointCuboid,0.4,0.4,0.4,318.3573,4.269643,-603.709,0,0.7056602,0,-0.7085505;
custom,cuboid,metal2,10,1,35,0,1,1,1,1.0,1.0,456.7172,73.04628,-620.0038,0,0.7087064,0,-0.7055036;
map,disablebounds;
racing,killCuboid,20,1.2,50,527.3085,73.82159,-669.373,0,0.7086986,0,-0.7055113;
racing,killCuboid,1,1,15,674.3655,14.34125,-207.2931,0,0.7342259,0,0.6789053;
custom,cuboid,default,1,1,5,0,1,1,1,1.0,1.0,278.6881,-6.428841,-603.6589,0.2639157,0.6804156,0.2472262,0.6373872;
custom,cuboid,default,1,1,5,0,1,1,1,1.0,1.0,284.1716,-6.351646,-626.9406,0.2417237,0.5772928,0.3012338,0.7194171;
custom,cuboid,default,1,1,3,0,1,1,1,1.0,1.0,247.6669,-6.407965,-624.2184,0.3458692,0.8100953,0.1858896,0.4353909;
custom,cuboid,default,1,1,3,0,1,1,1,1.0,1.0,241.7149,-6.471841,-610.3358,0.321715,0.8133887,-0.1782591,-0.4506906;
custom,cuboid,default,1,1,3,0,1,1,1,1.0,1.0,224.9899,-6.439682,-605.6744,0.1454276,0.3563596,-0.3487327,-0.8545433;
custom,cuboid,default,1,1,3,0,1,1,1,1.0,1.0,285.258,-6.523722,-613.7166,0.355575,0.8713097,0.1277894,0.3131386;
custom,cuboid,default,1,1,3,0,1,1,1,1.0,1.0,256.5255,-6.556727,-617.6925,0.3654864,0.9221726,0.0466309,0.1176562;
racing,killCuboid,1,1,1,281.7286,-5.150149,-627.179,0.3818915,0.9084834,0.06578279,0.1564911;
racing,killCuboid,1,1,1,290.0468,-5.32847,-604.8523,0.3810105,0.9189332,-0.03904562,-0.09417146;
racing,killCuboid,1,1,1,244.6089,-4.952893,-608.6748,0.3561469,0.8995246,0.09313986,0.2352444;
custom,cuboid,default,1,1,3,0,1,1,1,1.0,1.0,214.1963,-6.417159,-619.2228,0.2772847,0.6801439,-0.2561887,-0.6283987;
custom,cuboid,default,1,1,3,0,1,1,1,1.0,1.0,238.6814,-6.402355,-630.1379,0.2877878,0.7010017,-0.2478111,-0.6036261;
custom,cuboid,default,1,1,4,0,1,1,1,1.0,1.0,196.2782,-6.452433,-601.145,0.3069044,0.7446055,-0.2258858,-0.5480401;
custom,cuboid,default,1,1,4.5,0,1,1,1,1.0,1.0,208.7114,-6.324394,-616.9146,0.1457591,0.35646,-0.3492948,-0.8542153;
custom,cuboid,default,1,1,4.5,0,1,1,1,1.0,1.0,181.0471,-6.363421,-609.0111,0.1831243,0.4555358,-0.3249391,-0.8083113;
racing,killCuboid,1,1,1,243.7783,-4.997202,-621.2687,0.1259661,0.3041092,0.3613574,0.8723938;
racing,killCuboid,1,1,1,203.5463,-5.485183,-611.2313,0.1854277,0.4411151,0.3402718,0.8094746;
racing,killCuboid,1,1,1,191.7578,-5.554662,-615.4561,0.09719875,0.2572291,0.3398484,0.8993824;
custom,cuboid,default,0.5,0.3,0.6,0,1,1,1,1.0,1.0,160.1597,-1.259035,-598.4332,0,0.9885235,0,-0.1510675;
racing,killCuboid,10,1,18,193.8677,19.00188,-614.655,0,0.7246078,0,0.6891615;
racing,killCuboid,10,1,10,301.7208,58.71264,-609.8094,0.003269397,0.007043312,-0.4210231,-0.9070167;
racing,killCuboid,3,20,18,204.8657,2.98973,-571.6003,0,0.6587815,0,-0.7523344;
spawnpoint,playerC,609.9901,6.891458,613.9912,0,0.9996578,0,-0.02615873;
racing,killCuboid,1,3,8,161.9962,11.61664,-645.2192,0,0.0867971,0,0.996226;
racing,killCuboid,1,3,1,111.2998,0.9897452,-568.9224,0,0.6915011,0,0.7223755;
racing,killCuboid,1,5,12,117.4018,19.24872,-645.0577,0,0.9999631,0,-0.008594332;
racing,killCuboid,0.4,3,8,148.9331,10.1854,-605.7183,0,0.9945686,0,-0.1040831;
racing,killPyramid,1,1,1,546.5334,49.72935,-629.8608,0,0.01992017,0,0.9998016;
custom,cuboid,stone4,0.1,0.2,1.6,1,0,0,1,1.0,1.0,149.2522,-0.2570328,-647.5543,0,0.8173991,0,0.5760718;
custom,cuboid,stone4,1,1,1,1,0,0,1,1.0,1.0,121.6894,-4.453095,-649.2557,0,0.8923991,0,-0.451247;
custom,cuboid,stone5,1,1,1,0,0,0,1,1.0,1.0,112.5842,-4.074122,-579.8836,0,0.720127,0,0.6938423;
custom,cuboid,stone5,0.05,4,10,0,0,0,1,1.0,1.0,118.8486,-15.53593,-635.8668,0,0.01625541,0,0.9998679;
racing,checkpointCuboid,0.5,0.1,0.5,124.5097,0.9767511,-649.9414,0,0.9997539,0,-0.02218414;
racing,killCuboid,0.5,2,7,103.8408,10.02397,-594.6234,0,0.9993135,0,-0.03704872;
custom,cuboid,crystal2,0.5,1,1,0,1,1,1,1.0,1.0,105.9624,-3.952881,-624.7625,0,0.03267929,0,0.9994659;
custom,cuboid,lava1,0.5,1,1,0,1,1,1,1.0,1.0,110.7561,-3.952872,-625.1226,0,0.03267929,0,0.9994659;
racing,killCuboid,0.45,0.5,0.95,105.9817,-1.472616,-624.8254,0,0.02830413,0,0.9995994;
custom,cylinder,crystal1,0.5,1,0.5,0,1,1,1,1.0,1.0,80.79749,-9.33787,-638.2526,0,0.5554132,0,0.8315746;
custom,cuboid,crystal1,1,1,1,0,1,1,1,1.0,1.0,69.57947,-3.72787,-616.6757,0,0.7327547,0,0.6804929;
custom,cuboid,crystal2,0.3,1,0.3,0,1,1,1,1.0,1.0,41.37766,-3.792239,-647.9479,0,0.764419,0,0.6447198;
custom,cuboid,crystal2,0.3,1,0.3,0,1,1,1,1.0,1.0,43.95203,-3.419742,-579.8148,0,0.9995443,0,-0.03018509;
custom,cuboid,crystal2,0.3,1,0.3,0,1,1,1,1.0,1.0,9.957183,-3.424965,-613.1669,0,0.697531,0,0.7165547;
custom,cuboid,crystal2,0.3,1,0.3,0,1,1,1,1.0,1.0,-20.06735,-3.208019,-646.1277,0,0.6768706,0,0.736102;
custom,cuboid,crystal2,0.3,1,0.3,0,1,1,1,1.0,1.0,-21.7414,-3.538134,-570.6689,0,0.9965263,0,0.08327885;
custom,cuboid,crystal2,0.3,1,0.3,0,1,1,1,1.0,1.0,-54.3339,-3.389622,-608.9509,0,0.7413577,0,0.6711102;
custom,cuboid,crystal2,0.3,1,0.3,0,1,1,1,1.0,1.0,-90.13927,-3.039228,-635.5378,0,0.722012,0,0.6918806;
custom,cuboid,crystal2,0.3,1,0.3,0,1,1,1,1.0,1.0,-91.26473,-3.274227,-577.9658,0,0.9996995,0,0.02451444;
custom,cuboid,crystal2,0.3,1,0.3,0,1,1,1,1.0,1.0,-123.2693,-2.978198,-610.457,0,0.6942645,0,0.71972;
custom,cuboid,crystal2,0.3,1,0.3,0,1,1,1,1.0,1.0,-175.1998,-1.783844,-582.6893,0,0.7234533,0,0.6903734;
custom,cuboid,crystal2,1,1,1,0,1,1,1,1.0,1.0,-155.446,-3.556567,-640.3072,0,0.6522999,0,0.757961;
custom,cuboid,crystal2,0.3,1,3,0,1,1,1,1.0,1.0,-230.7538,-3.806463,-613.795,0,0.999776,0,-0.02116431;
custom,cuboid,crystal2,2,1,2,0,1,1,1,1.0,1.0,-367.6328,-1.917245,-606.5826,0,0.6862583,0,0.7273579;
racing,killCuboid,0.97,1,0.97,-155.5206,-3.595392,-640.3281,0,0.6521955,0,0.7580508;
custom,sphere,crystal2,0.2,0.2,0.2,0,1,1,1,1.0,1.0,-270.9446,14.79584,-617.6269,0,0.6762268,0,-0.7366935;
custom,cuboid,stone5,0.5,20,40,0,1,1,1,1.0,1.0,-488.9722,36.71639,-469.0676,0,0.002767233,0,-0.9999962;
racing,killCuboid,1,4,40,-61.29132,19.15272,-554.2985,0,0.7069774,0,0.7072362;
racing,checkpointCylinder,0.5,0.2,0.5,69.64293,2.926813,-616.2142,0,0.732174,0,0.6811177;
racing,killCuboid,1,4.5,37,-85.79208,21.70044,-667.364,0,0.7053915,0,0.7088179;
racing,killCuboid,13,0.5,37,-77.59232,41.57183,-614.9504,0,0.7130541,0,0.7011091;
racing,killCuboid,15,40,1,-368.5875,74.68633,-661.1108,-0.2483186,0.9685401,-0.004066438,0.01586072;
racing,killCuboid,1,30,15,-440.2537,70.76855,-633.7912,-0.2570652,0.9661211,0.005905528,-0.0221946;
racing,killCuboid,15,40,1,-360.131,74.08614,-555.8239,-0.2483186,0.9685401,-0.004066438,0.01586072;
racing,killCuboid,1,30,15,-330.8578,175.3681,-612.7455,-0.2479486,0.968501,0.005696089,-0.02224927;
custom,cylinder,default,1,10,1,0,1,1,1,1.0,1.0,-432.3786,50.91031,-610.4995,-0.2570868,0.9662026,-0.004871473,0.01830835;
custom,cylinder,default,1,6,1,0,1,1,1,1.0,1.0,-482.7525,134.7242,-609.8504,0.4974248,0.4974245,-0.5025625,-0.502562;
racing,checkpointCylinder,1,5,1,-512.1365,122.174,-617.7087,0.5385165,0.8420539,0.0165644,0.02590103;
custom,cuboid,stone5,0.5,20,40,0,1,1,1,1.0,1.0,-631.7303,36.23647,-466.8806,0,0.002767233,0,-0.9999962;
racing,killCuboid,0.6,20.3,40.3,-489.1674,36.35614,-468.973,0,0.002767233,0,-0.9999962;
racing,killCuboid,0.6,20.3,40.3,-632.1967,35.31617,-463.7667,0,0.002767233,0,-0.9999962;
custom,cuboid,stone5,15,0.5,41,0,1,1,1,1.0,1.0,-562.3655,133.8692,-470.2532,0,0.005593858,0,0.9999844;
custom,cuboid,stone5,15,1,10,0,0,1,0,1.0,1.0,-560.5752,4.69298,-623.4992,0,0.9999869,0,-0.005107186;
custom,cuboid,stone5,20,0.5,20,0,1,1,1,1.0,1.0,-440.1313,220.1474,-630.2352,-0.2839871,0.9587241,0.004011358,-0.01354211;
custom,sphere,stone5,0.7,0.7,0.7,1,0,1,0,1.0,1.0,-471.4124,140.6376,-615.1978,0,0.2155321,0,-0.9764968;
racing,killSphere,0.65,0.65,0.65,-471.2581,140.6555,-615.35,0,0.04054213,0,-0.9991779;
racing,killCuboid,16,1,30.3,-563.3162,136.3509,-416.9047,0,0.002636409,0,0.9999965;
racing,killCuboid,3,3,0.5,-460.6683,140.9108,-615.0415,0.3023899,0.6574429,-0.2883977,-0.6270216;
racing,killCuboid,0.5,3,3,-467.6001,170.171,-617.0339,-0.3232737,0.9442053,-0.02041077,0.05961499;
racing,killCuboid,10,0.5,10,-267.7903,37.33549,-611.1609,-0.168489,0.985701,0.0003759076,-0.00219915;
racing,killCuboid,5,20,0.5,-561.3105,115.8925,-494.1197,-0.001363915,0.001345003,-0.7120247,0.7021518;
racing,killCuboid,5,20,0.5,-590.8184,23.493,-532.1569,-0.001350229,0.00135874,-0.7048806,0.7093234;
racing,killCuboid,5,20,0.5,-581.6875,86.45293,-533.093,-0.00135023,0.00135874,-0.7048807,0.7093234;
racing,killCuboid,5,20,0.5,-574.6909,53.29306,-492.4067,-0.001354492,0.001354492,-0.7071055,0.7071055;
racing,killCuboid,5,20,0.5,-578.2592,-10.907,-492.4893,-0.001347381,0.001361565,-0.7033935,0.7107981;
racing,killCuboid,5,20,0.5,-557.0261,66.89291,-421.4725,-0.0007423016,0.001765865,-0.3875149,0.9218615;
racing,killCuboid,5,20,0.5,-564.162,69.60996,-423.3055,-0.4019339,0.9156311,0.003338954,-0.007606351;
racing,killCuboid,5,20,0.5,-587.9904,65.3936,-379.9465,-0.001881331,0.001868242,0.7095684,-0.7046317;
racing,killCuboid,5,20,0.5,-559.6835,58.87424,-378.1017,0,0.006074509,0,0.9999816;
racing,killCuboid,5,20,0.5,-516.0391,55.95542,-348.809,0,0.9999818,0,-0.006041057;
racing,killCuboid,5,20,0.5,-606.6758,49.35543,-348.2722,0,0.9999818,0,-0.006041057;
racing,killCuboid,5,20,0.5,-590.7677,68.62392,-307.5168,0.002245585,0.002285123,0.7009062,0.7132463;
racing,killCuboid,5,20,0.5,-590.2963,19.62401,-307.1487,-0.002265441,0.002265439,-0.7071034,0.707103;
custom,cuboid,stone5,0.5,20,40,0,1,1,1,1.0,1.0,-631.5469,38.18369,-204.8004,0,0.004247972,0,0.999991;
racing,killCuboid,0.5,20,40,-487.8387,35.38395,-70.82787,0,0.004247972,0,0.999991;
racing,killCuboid,10,20,0.5,-565.0273,33.1838,-446.5966,0,0.004247972,0,0.999991;
racing,killCuboid,10,20,0.5,-595.4606,34.78374,-158.9439,0,0.004247972,0,0.999991;
racing,killCuboid,10,20,0.5,-524.5725,41.98395,-48.63268,0,0.004247972,0,0.999991;
racing,killCuboid,10,20,0.5,-589.8534,31.78383,-60.93544,0,0.004247972,0,0.999991;
racing,killCuboid,10,20,0.5,-538.5026,35.98379,-143.9977,0,0.004247972,0,0.999991;
misc,barrier,21,0.5,37,-570.4169,80.72543,-46.74674,0,0.006476709,0,0.999979;
misc,barrier,10,0.5,21,-572.5316,115.7251,-264.3417,-0.2592228,0.654722,0.2613794,-0.6601692;
custom,cuboid,crystal2,0.5,0.5,37,0,1,1,1,1.0,1.0,-630.186,79.68594,-55.51978,0,0.004026622,0,0.9999919;
racing,killSphere,4,4,4,-552.0917,31.542,-101.2489,0,0.6724176,0,-0.740172;
racing,killCuboid,1,0.2,0.2,-556.7805,43.07881,-153.1621,0,0.6947835,0,-0.719219;
racing,killCuboid,1,0.2,0.2,-576.8365,29.47876,-151.5452,0,0.6947835,0,-0.719219;
racing,killCuboid,1,0.2,0.2,-559.3533,58.47887,-152.6488,0,0.6947835,0,-0.719219;
racing,killCuboid,1,0.2,0.2,-545.5716,31.87877,-152.5889,0,0.6963516,0,-0.7177008;
racing,killCuboid,1,0.2,0.2,-581.4388,47.2007,-150.7559,0,0.6963516,0,-0.7177008;
racing,killCuboid,1,0.2,0.2,-548.4711,16.05984,-151.9691,0,0.7087738,0,-0.7054358;
racing,killCuboid,1,0.2,0.2,-547.8963,25.00754,-152.5351,0,0.7330747,0,-0.6801482;
racing,killCuboid,1,0.2,0.2,-544.2924,37.80759,-153.3209,0,0.7330747,0,-0.6801482;
racing,killCuboid,1,0.2,0.2,-548.0056,7.318229,-152.3885,0,0.721123,0,-0.6928071;
racing,killCuboid,1,0.2,0.2,-571.7192,23.01407,-151.9749,0,0.7074254,0,-0.7067881;
racing,killCuboid,1,0.2,0.2,-580.9919,12.03622,-149.7857,0,0.6547866,0,-0.7558138;
racing,killCuboid,1,0.2,0.2,-560.4701,30.42599,-152.0875,0,0.69192,0,-0.7219742;
racing,killCuboid,1,0.2,0.2,-563.3889,49.81802,-152.4881,0,0.7182727,0,-0.6957618;
racing,killCuboid,1,0.2,0.2,-579.9896,37.9575,-151.991,0,0.6935723,0,-0.720387;
racing,killCuboid,1,1,1,-545.7861,16.13996,-56.23105,0,0.6855206,0,-0.7280532;
custom,cuboid,brick2,2,0.5,2,0,1,1,1,1.0,1.0,-424.9652,65.73342,383.6827,0,0.6885653,0,-0.7251744;
custom,cuboid,crystal2,20,10,20,0,0.5681818,0.3068182,0,1.0,1.0,-582.6559,-30.32861,85.65471,-0.05528926,0.7025166,0.05566805,-0.7073293;
racing,killCuboid,20,6,20,-562.0032,57.03138,93.94067,-0.055044,0.7025356,0.05542111,-0.7073488;
misc,barrier,20,1,20,-583.6594,14.41522,92.74494,-0.05530595,0.7027287,0.05565142,-0.7071185;
racing,killCuboid,20,3,1,-630.9638,22.7114,90.38335,-0.05188813,0.7065821,0.05168612,-0.703831;
racing,killCuboid,20,2,1,-483.2086,26.81635,93.29307,-0.05509066,0.703131,0.05537476,-0.7067571;
racing,killCuboid,1,5,12,-540.9465,12.10734,194.8263,-0.06885563,0.7022443,0.06914707,-0.7052166;
racing,killCuboid,1,5,12,-663.8749,12.22736,194.4302,-0.07106143,0.7020244,0.07136226,-0.7049961;
custom,cuboid,metal4,3,1,3,0,0.5681818,0.3068182,0,1.0,1.0,-602.2599,-2.782511,202.1916,0,0.9999999,0,0.0004914562;
custom,tube,stone5,20,60,20,0,1,1,1,1.0,1.0,-568.8901,203.873,370.4279,0,0.6685519,0,-0.7436655;
racing,killCuboid,0.2,1,1.5,-603.0516,37.53125,-3.439267,0,0.70711,0,-0.7071036;
racing,killCuboid,0.2,1,1.5,-501.3928,33.62311,11.83459,0,0.999998,0,-0.001983089;
racing,killTube,0.5,4,0.5,-603.9294,6.165706,176.2339,0.434725,0.5072027,-0.4842737,-0.565012;
racing,killCuboid,0.2,1,10,-578.1444,31.52552,31.86708,0,0.6893039,0,-0.7244723;
racing,killCuboid,20,1,10,-397.242,85.6422,-508.2889,0,0.7139555,0,-0.7001912;
racing,killCuboid,0.2,1,1.5,-560.5797,36.67947,-3.448228,0,0.7162372,0,-0.697857;
racing,killCuboid,0.2,1,5,-509.4657,27.3056,41.86768,0,0.99974,0,-0.02280149;
racing,killCapsule,3,0.3,3,-613.6605,23.7991,71.01114,0.06336692,0.670352,0.06957736,0.7360516;
racing,killCuboid,0.2,1,1.5,-575.0584,37.07689,-3.51393,0,0.7008663,0,-0.7132927;
racing,killCuboid,0.2,1,1.5,-617.5135,37.93126,-2.547398,0,0.6977958,0,-0.7162967;
racing,killCuboid,0.5,3,4,-589.1566,11.19072,88.47649,0,0.4573057,0,0.8893096;
racing,killCuboid,0.2,1,3,-510.8303,32.55139,17.3612,0,0.9992756,0,-0.03805521;
racing,killCuboid,0.2,1,2,-510.2427,21.00939,84.64829,0,0.7012038,0,-0.712961;
racing,killCylinder,1,3,1,-591.8981,17.63141,110.2349,-0.6708612,0.7123986,-0.1412218,0.1499659;
racing,killCylinder,1,3,1,-550.8731,8.686277,148.512,-0.5501392,0.6482428,-0.3406295,0.4013724;
racing,killCuboid,0.2,1,1.5,-501.2317,34.7931,-0.8517826,0,0.999998,0,0.002028897;
racing,killCuboid,1,1.5,1,-620.2723,15.34312,115.3164,-0.6057874,0.7923365,-0.04390144,0.05742064;
racing,killCylinder,1,2.5,1,-596.3054,11.32257,130.1711,-0.7033903,0.6422833,0.2248525,-0.2053185;
racing,killCuboid,0.2,1,3,-500.7873,15.95847,119.5667,0,0.7742304,0,0.6329039;
racing,killCuboid,0.2,1,3,-500.1408,27.00037,69.71226,0,0.9997171,0,-0.02378566;
racing,killCuboid,0.2,1,3,-500.734,20.86253,98.08708,0,0.02859599,0,-0.9995911;
racing,killCuboid,0.2,1,10,-560.6179,33.12553,22.63694,0,0.6893039,0,-0.7244723;
racing,killCuboid,0.2,1,10,-560.8401,34.65396,5.860522,0,0.6892763,0,-0.7244986;
racing,killCuboid,0.2,1,3,-528.6199,22.60887,82.49706,0,0.9965879,0,-0.08253799;
racing,killCuboid,0.2,1,3,-520.1329,18.24607,109.5311,0,0.9768221,0,-0.214053;
racing,killCuboid,0.2,1,2,-517.7507,19.51556,90.54939,0,0.7068028,0,0.7074106;
racing,killCuboid,0.2,1,1.5,-518.3146,35.85862,-4.207934,0,0.7071925,0,0.707021;
racing,killCuboid,0.2,1,0.5,-573.0842,20.46371,103.7134,0,0.9593394,0,-0.282255;
racing,killCuboid,0.2,1,1.5,-507.7628,35.44593,-3.83987,0,0.6947476,0,0.7192537;
racing,killCuboid,0.2,1,2,-510.9567,18.64106,96.83276,0,0.6886758,0,-0.7250695;
racing,killCuboid,0.2,1,1.5,-513.8623,15.91652,106.895,0,0.8138474,0,0.5810787;
racing,killCuboid,0.2,1,1.5,-533.0788,37.26978,-4.014097,0,0.729946,0,0.6835048;
racing,killCuboid,0.2,1,1.5,-546.1796,37.69807,-3.864842,0,0.6963075,0,0.7177436;
racing,killCuboid,0.2,1,3,-501.7135,29.55386,41.46875,0,0.9999638,0,-0.00851506;
racing,killCuboid,0.2,1,1.5,-501.5883,32.11057,23.71302,0,0.9991325,0,0.04164536;
racing,killCuboid,0.2,1,1.5,-627.2599,36.97174,-1.161503,0,0.6070606,0,-0.7946556;
racing,killCuboid,20,1,10,-395.257,85.20214,-711.8691,0,0.7139555,0,-0.7001912;
racing,killCuboid,0.2,1,10,-576.4666,34.72554,14.69551,0,0.6893039,0,-0.7244723;
racing,killCuboid,0.2,2,3,-596.3016,12.97429,97.18564,0,0.5310176,0,0.8473608;
racing,killCuboid,0.2,2,1,-616.7086,10.70498,93.89011,0,0.977962,0,0.208783;
racing,killCuboid,0.2,2,1,-606.0685,12.33018,89.27425,0,0.4095683,0,-0.9122795;
racing,killCuboid,0.2,2,1,-596.1606,11.94252,86.874,0,0.1119597,0,-0.9937128;
racing,killCuboid,0.2,2,1,-560.0566,14.77109,112.1869,0,0.5365041,0,0.8438978;
racing,killCuboid,0.2,2,1,-567.7365,15.57109,108.8094,0,0.5365041,0,0.8438978;
racing,killCuboid,0.2,2,1,-554.3151,13.95031,117.3797,0,0.2154687,0,0.9765108;
racing,killCuboid,0.2,1,1,-537.4171,3.055211,177.3969,0,0.9902361,0,-0.1394003;
racing,killCuboid,0.2,1,1.5,-588.9831,36.44344,-3.393474,0,0.7117074,0,-0.702476;
racing,killCuboid,0.2,1,2,-521.8445,23.67162,78.88067,0,0.6975062,0,0.7165788;
racing,killCuboid,0.2,1,2,-509.5075,23.34887,72.82888,0,0.6838756,0,-0.7295987;
racing,killCuboid,0.2,1,3,-521.8753,23.72287,67.74825,0,0.7487156,0,0.6628914;
racing,killCuboid,0.2,2,1,-624.6116,7.643257,149.3453,0,0.8875403,0,-0.4607301;
racing,killCuboid,0.2,2,1,-618.0945,7.218862,152.8329,0,0.8019477,0,-0.5973943;
racing,killCuboid,0.2,2,1,-611.1915,6.82641,154.1029,0,0.6939265,0,-0.7200459;
racing,killCuboid,0.2,2,1,-604.3859,5.701261,152.4749,0,0.4896588,0,-0.8719141;
racing,killCuboid,0.2,2,1,-599.726,6.167812,149.1334,0,0.4511927,0,-0.8924266;
racing,killCuboid,0.2,2,1,-595.3065,7.152958,145.1986,0,0.4158147,0,-0.9094494;
racing,killCuboid,0.2,2,1,-590.3793,7.447861,140.8026,0,0.415829,0,-0.9094428;
racing,killCuboid,0.2,2,1,-582.8609,7.004895,135.7184,0,0.9156818,0,0.4019039;
racing,killCuboid,0.2,2,1,-577.1734,7.156878,131.442,0,0.5142797,0,-0.8576226;
racing,killCuboid,0.2,2,1,-571.8431,5.800344,132.9265,0,0.9761088,0,-0.2172825;
racing,killCuboid,0.2,2,1,-569.072,3.400345,138.8435,0,0.9761088,0,-0.2172825;
racing,killCuboid,0.2,2,1,-565.337,2.800345,146.8187,0,0.9761088,0,-0.2172825;
racing,killCuboid,0.2,2,1,-608.2063,8.802904,117.9935,0,0.7752479,0,-0.6316571;
racing,killCuboid,0.2,2,1,-600.9771,8.136559,118.8243,0,0.7541815,0,-0.656666;
racing,killCuboid,0.2,2,1,-599.6005,6.667607,125.085,0,0.7126964,0,-0.7014726;
racing,killCuboid,0.2,2,1,-608.4454,6.941008,125.7755,0,0.665307,0,-0.7465699;
racing,killCuboid,0.2,2,1,-623.4811,6.983831,132.0458,0,0.7338158,0,-0.6793486;
racing,killCuboid,0.2,2,1,-618.0864,6.731942,132.6266,0,0.6604286,0,-0.7508888;
racing,killCuboid,0.2,2,2,-560.7993,1.538742,156.1269,0,0.976195,0,-0.2168948;
racing,killCuboid,0.2,2,1,-555.0918,0.2070298,168.6793,0,0.9798412,0,-0.1997783;
racing,killCuboid,0.2,2,1,-550.5317,-1.136968,175.2386,0,0.9286663,0,-0.3709163;
racing,killCuboid,0.2,2,1,-548.1734,-2.973919,186.7412,0,0.9052259,0,-0.4249308;
racing,killCuboid,0.2,2,1,-555.5165,-2.750598,180.2985,0,0.9237485,0,-0.3829997;
racing,killCuboid,0.2,2,1,-559.5378,-2.403244,174.8754,0,0.1804252,0,0.9835887;
racing,killCuboid,0.2,2,1,-561.9059,-1.718071,168.9858,0,0.176131,0,0.9843668;
racing,killCuboid,0.2,2,1,-564.5078,-0.2478438,161.6789,0,0.141669,0,0.9899141;
racing,killCuboid,0.2,2,1,-568.0872,1.911892,155.0394,0,0.1546137,0,0.987975;
racing,killCuboid,0.2,2,1,-571.4745,2.847105,147.4223,0,0.9691484,0,-0.246478;
racing,killCuboid,0.2,2,3,-576.1168,4.074949,149.0582,0,0.1825631,0,0.9831942;
racing,killCuboid,0.2,2,3,-570.5635,1.447853,164.1498,0,0.9839855,0,-0.1782484;
racing,killCuboid,0.2,2,3,-570.3514,0.6461344,183.0854,0,0.9832014,0,-0.1825243;
racing,killCuboid,0.2,2,3,-578.7575,2.364964,159.05,0,0.1502443,0,0.9886489;
racing,killCuboid,0.2,2,3,-586.7643,2.965226,150.4411,0,0.09828513,0,0.9951583;
racing,killCuboid,0.2,2,3,-582.1308,1.203938,167.6918,0,0.9902321,0,-0.1394291;
racing,killCuboid,0.2,2,3,-586.8758,1.774383,173.9873,0,0.9858831,0,-0.167435;
racing,killCuboid,0.2,2,3,-589.3452,3.873322,165.318,0,0.1199313,0,0.9927822;
racing,killCuboid,0.2,2,3,-597.2258,5.956227,164.7628,0,0.1329121,0,0.9911278;
racing,killCuboid,0.2,1,1,-535.2567,1.64645,185.5742,0,0.9953747,0,-0.09606857;
racing,killCuboid,1,1,1,-547.114,32.1577,-55.92822,0,0.707442,0,-0.7067714;
racing,killCuboid,1,1,1,-547.024,49.0144,-56.5335,0,0.6840429,0,-0.7294418;
racing,killCuboid,0.1,1,6,612.9432,1.575912,351.9896,0,0.9958526,0,-0.09098142;
racing,killCuboid,0.1,1,6,618.7379,1.615896,350.986,0,0.9958526,0,-0.09098142;
racing,checkpointCuboid,0.2,0.2,0.2,641.394,3.663251,-650.5012,0,0.9986026,0,0.05284775;
custom,cuboid,crystal2,0.23,1,3,0,1,1,1,1.0,1.0,627.1153,-4.476505,552.012,0,0.9715696,0,-0.2367541;
custom,cuboid,crystal2,0.23,1,3,0,1,1,1,1.0,1.0,625.697,-4.253085,521.2017,0,0.9058857,0,0.4235222;
custom,cuboid,crystal2,0.23,1,3,0,1,1,1,1.0,1.0,631.0955,-4.281423,494.9234,0,0.9283786,0,-0.3716358;
custom,cuboid,crystal2,0.23,1,3,0,1,1,1,1.0,1.0,624.3217,-4.196602,463.9302,0,0.9871795,0,0.159614;
custom,cuboid,crystal2,0.23,1,4,0,1,1,1,1.0,1.0,597.3929,-4.329788,516.2114,0,0.9994984,0,0.03167083;
racing,killCuboid,1,5,1,573.5831,13.63727,-345.8597,0,0.999631,0,-0.02716486;
racing,killCuboid,0.5,5,1,558.6237,12.77546,-345.5669,0,0.9990996,0,-0.04242712;
racing,killCuboid,1,5,1,582.4843,19.3074,-32.96116,0,0.9999993,0,0.001225428;
racing,killCuboid,1,5,1,564.4837,19.7074,-33.20504,0,0.9999993,0,0.001225428;
racing,killCuboid,0.5,1,1,255.2856,-3.70446,-613.3267,0.2662727,0.723708,-0.2198402,-0.597508;
racing,killCuboid,0.5,1,1,267.6941,-3.314835,-603.1532,0.01470993,0.03715306,0.3678306,0.9290339;
racing,killCuboid,0.5,1,0.5,254.4469,-3.995567,-628.4304,0.3462274,0.8709159,-0.1288392,-0.3240875;
racing,killCuboid,0.5,1,1,232.7755,-2.798246,-630.2261,0.387513,0.9218566,0.001454767,0.003460754;
racing,killCuboid,0.5,1,1,223.8356,-3.721511,-604.1511,0.3141244,0.853765,-0.1433762,-0.3896852;
racing,killCuboid,0.5,1,1,222.1403,-3.458792,-618.2092,0.3567147,0.9341432,-0.004086002,-0.01070018;
racing,killCuboid,0.5,1,1,217.8261,-3.340524,-625.6679,0.350874,0.8623709,-0.1375471,-0.3380604;
racing,killCuboid,0.5,1,1,206.9354,-3.584522,-597.8053,0.04476,0.1034343,-0.3946176,-0.9119073;
racing,killCuboid,0.5,1,1,185.76,-3.700157,-604.5717,0.3671838,0.9273998,0.02630402,0.06643637;
racing,killCuboid,0.5,1,1,169.5036,-3.562765,-601.7574,0.3559158,0.8853681,-0.1115522,-0.2774948;
racing,killPrism,1,1,1,507.478,59.70799,-611.9825,0,0.9992188,0,-0.03951979;
racing,killPyramid,1,1,1,546.0984,19.71877,-625.0742,0,0.9999598,0,-0.008971257;
racing,killPrism,1,1,1,509.3686,35.41557,-610.3011,0,0.9992196,0,-0.03950014;
racing,killPrism,1,1,1,505.5506,12.14776,-625.7001,0,0.9995912,0,-0.02859219;
racing,killTorus,1,1,1,459.1977,7.105956,-595.6543,0.009390661,0.009390658,0.7070446,0.7070443;
racing,killTorus,1,1,1,457.267,19.2366,-596.0908,0.001629474,0.001658164,0.7009074,0.7132486;
racing,killTorus,1,1,1,458.4563,32.60841,-595.8093,-0.001459787,0.001475155,0.7033933,-0.7107979;
racing,killTorus,1,1,1,458.0522,46.20846,-597.0475,-0.001464928,0.001470051,0.7058701,-0.7083383;
racing,killTorus,1,1,1,458.4451,59.82343,-597.8782,-0.00453374,0.004581466,0.7033803,-0.7107845;
racing,killCylinder,0.2,5,0.2,429.5282,25.92016,-655.9478,0,0.7328883,0,-0.680349;
racing,killCylinder,0.2,5,0.2,429.4025,18.24013,-652.1066,0,0.7328883,0,-0.680349;
racing,killCylinder,0.2,5,0.2,429.285,26.12016,-648.383,0,0.7328883,0,-0.680349;
racing,killCylinder,0.2,5,0.2,429.382,26.92016,-644.5665,0,0.7328883,0,-0.680349;
racing,killCuboid,5,4,0.5,397.2067,-17.59742,-592.3622,0,0.7118443,0,-0.7023373;
racing,killCuboid,5,4,0.5,397.2005,28.56277,-591.8011,0,0.7118443,0,-0.7023373;
racing,killCuboid,5,4,0.5,397.0963,71.87215,-590.7328,0,0.7134129,0,-0.700744;
racing,killCuboid,5,10,0.3,367.0688,54.04103,-643.6705,0,0.7120991,0,-0.702079;
racing,killCuboid,0.5,10,6,32.15359,7.097851,-627.4091,0,0.8068616,0,-0.5907405;
racing,killCuboid,0.5,10,6,57.79972,9.843945,-590.5717,0,0.005093227,0,-0.9999871;
racing,killCuboid,0.5,10,10,-20.51484,11.69588,-622.8514,0,0.3412948,0,0.9399564;
racing,killCuboid,0.5,10,8,-66.32714,12.46338,-588.7043,0,0.9112111,0,-0.4119398;
racing,killCuboid,0.5,10,3,-133.935,15.63238,-604.8537,0,0.07316527,0,0.9973198;
racing,killCuboid,1,3,1,-558.6531,73.0403,-151.6225,0,0.7080945,0,-0.7061177;
racing,killCuboid,1,3,1,-549.067,66.74918,-56.68727,0,0.6989102,0,-0.7152095;
racing,killCuboid,0.2,1,10,-559.408,30.12562,38.48519,0,0.6893039,0,-0.7244723;
racing,killCuboid,0.2,1,10,-576.9999,27.72557,47.99561,0,0.6893039,0,-0.7244723;
racing,killCuboid,0.2,1,8,-549.8223,27.19224,55.5275,0,0.6895087,0,-0.7242774;
racing,killCuboid,0.2,1,8,-564.3765,25.56338,63.38848,0,0.728756,0,0.6847734;
racing,killTube,0.7,4,0.7,-547.2332,23.48059,66.58945,0.01710565,0.01728573,0.7031866,0.7105894;
custom,tree2,default,0.1,0.1,0.1,1,1,0,0,1.0,1.0,-557.7138,25.72473,83.14415,0,0.3278846,0,0.9447178;
custom,tree2,default,0.1,0.1,0.1,1,1,0,0,1.0,1.0,-568.1826,24.91529,88.7423,0,0.531996,0,0.8467469;
custom,tree2,default,0.1,0.1,0.1,1,1,0,0,1.0,1.0,-571.8167,26.98802,79.85173,0,0.3211938,0,-0.9470135;
custom,tree2,default,0.1,0.1,0.1,1,1,0,0,1.0,1.0,-585.0533,27.38113,79.66434,0,0.4658438,0,0.884867;
custom,tree2,default,0.1,0.1,0.1,1,1,0,0,1.0,1.0,-575.1898,28.05767,70.93488,0,0.6689466,0,-0.7433105;
custom,tree2,default,0.1,0.1,0.1,1,1,0,0,1.0,1.0,-567.1107,27.83239,73.03262,0,0.738591,0,-0.6741539;
custom,tree2,default,0.1,0.1,0.1,1,1,0,0,1.0,1.0,-557.9211,27.40991,76.17474,0,0.6509424,0,-0.7591271;
custom,tree2,default,0.1,0.1,0.1,1,1,0,0,1.0,1.0,-575.6682,25.10545,87.56847,0,0.9006062,0,-0.4346361;
custom,tree2,default,0.1,0.1,0.1,1,1,0,0,1.0,1.0,-572.9512,24.57646,93.52393,0,0.9311389,0,-0.3646648;
custom,tree2,default,0.1,0.1,0.1,1,1,0,0,1.0,1.0,-561.1201,26.02366,90.81715,0,0.9089682,0,-0.4168656;
custom,tree2,default,0.1,0.1,0.1,1,1,0,0,1.0,1.0,-562.8727,26.70894,78.25623,0,0.8604157,0,-0.5095928;
custom,tree2,default,0.1,0.1,0.1,1,1,0,0,1.0,1.0,-563.6334,26.21124,84.95719,0,0.8432852,0,-0.5374663;
custom,tree2,default,0.1,0.1,0.1,1,1,0,0,1.0,1.0,-566.0139,24.22062,97.41646,0,0.852538,0,-0.5226651;
custom,tree2,default,0.1,0.1,0.1,1,1,0,0,1.0,1.0,-583.2355,28.57218,72.71238,0,0.7118508,0,0.7023307;
custom,tree2,default,0.1,0.1,0.1,1,1,0,0,1.0,1.0,-580.8781,26.08618,84.22769,0,0.9162618,0,0.40058;
custom,tree2,default,0.1,0.1,0.1,1,1,0,0,1.0,1.0,-589.9322,27.95392,70.39342,0,0.7314788,0,0.6818643;
custom,tree2,default,0.1,0.1,0.1,1,1,0,0,1.0,1.0,-591.7288,27.64052,78.72287,0,0.5356132,0,0.8444635;
custom,tree2,default,0.1,0.1,0.1,1,1,0,0,1.0,1.0,-595.0388,28.18304,73.43502,0,0.8242293,0,0.5662562;
custom,tree2,default,0.1,0.1,0.1,1,1,0,0,1.0,1.0,-598.0071,28.38304,69.37269,0,0.8254626,0,0.5644568;
custom,tree2,default,0.1,0.1,0.1,1,1,0,0,1.0,1.0,-599.9205,28.18304,74.83947,0,0.8254626,0,0.5644568;
custom,tree2,default,0.1,0.1,0.1,1,1,0,0,1.0,1.0,-606.019,31.47126,54.98345,0,0.8142067,0,0.5805752;
custom,tree2,default,0.1,0.1,0.1,1,1,0,0,1.0,1.0,-612.8035,31.68376,53.67003,0,0.9953814,0,-0.09599963;
custom,tree2,default,0.1,0.1,0.1,1,1,0,0,1.0,1.0,-621.4644,31.52347,54.92731,0,0.9125933,0,-0.4088686;
custom,tree2,default,0.1,0.1,0.1,1,0,1,1,1.0,1.0,-554.7954,26.14363,88.2963,0,0.306856,0,-0.9517559;
custom,tree2,default,0.1,0.1,0.1,1,0,1,1,1.0,1.0,-552.5418,28.41073,74.29662,0,0.8089681,0,-0.5878525;
custom,tree2,default,0.1,0.1,0.1,1,0,1,1,1.0,1.0,-552.7157,27.01073,80.96922,0,0.8089681,0,-0.5878525;
custom,tree2,default,0.1,0.1,0.1,1,0,1,1,1.0,1.0,-558.2142,24.43264,96.27379,0,0.8386266,0,-0.5447068;
custom,tree2,default,0.1,0.1,0.1,1,0,1,1,1.0,1.0,-562.4677,24.15679,102.8269,0,0.8560016,0,-0.5169733;
custom,tree2,default,0.1,0.1,0.1,1,0,1,1,1.0,1.0,-546.2006,28.27915,78.3785,0,0.7177727,0,-0.6962776;
custom,tree2,default,0.1,0.1,0.1,1,0,1,1,1.0,1.0,-544.9661,28.67915,71.72744,0,0.7177727,0,-0.6962776;
custom,tree2,default,0.1,0.1,0.1,1,0,1,1,1.0,1.0,-548.2703,26.92952,85.67757,0,0.8076932,0,-0.589603;
custom,tree2,default,0.1,0.1,0.1,1,0,1,1,1.0,1.0,-551.3412,25.05375,94.30796,0,0.8410041,0,-0.5410289;
custom,tree2,default,0.1,0.1,0.1,1,0,1,1,1.0,1.0,-554.8687,24.09158,102.2298,0,0.8456932,0,-0.5336694;
custom,tree2,default,0.1,0.1,0.1,1,0,1,1,1.0,1.0,-559.8467,23.416,108.5107,0,0.8756441,0,-0.482957;
custom,tree2,default,0.1,0.1,0.1,1,0,1,1,1.0,1.0,-538.1624,28.424,75.56323,0,0.7402188,0,-0.6723661;
custom,tree2,default,0.1,0.1,0.1,1,0,1,1,1.0,1.0,-539.3074,27.11439,83.99021,0,0.8141186,0,-0.5806987;
custom,tree2,default,0.1,0.1,0.1,1,0,1,1,1.0,1.0,-542.8112,25.65108,92.19807,0,0.8179024,0,-0.575357;
custom,tree2,default,0.1,0.1,0.1,1,0,1,1,1.0,1.0,-545.8763,24.20319,101.439,0,0.8571712,0,-0.5150315;
custom,tree2,default,0.1,0.1,0.1,1,0,1,1,1.0,1.0,-551.0713,23.12606,109.3515,0,0.8638394,0,-0.5037672;
racing,killCuboid,0.2,1,5,-541.0743,11.22501,143.359,0,0.9718704,0,-0.2355166;
racing,killCuboid,0.2,1,3,-548.6878,14.49063,128.9637,0,0.9753633,0,-0.220605;
racing,killCuboid,0.2,1,2,-527.2853,9.183898,170.5916,0,0.9708551,0,-0.2396672;
custom,tree2,default,0.1,0.1,0.1,1,1,1,0,1.0,1.0,-532.9744,26.30784,84.29869,0,0.9996022,0,-0.02820372;
custom,tree2,default,0.1,0.1,0.1,1,1,1,0,1.0,1.0,-535.3917,25.64848,90.52966,0,0.9951998,0,-0.09786418;
custom,tree2,default,0.1,0.1,0.1,1,1,1,0,1.0,1.0,-537.4514,24.71584,98.36816,0,0.8515807,0,-0.5242235;
custom,tree2,default,0.1,0.1,0.1,1,1,1,0,1.0,1.0,-543.3338,23.14318,108.8361,0,0.9162515,0,-0.4006037;
custom,tree2,default,0.1,0.1,0.1,1,1,1,0,1.0,1.0,-550.9615,20.61553,118.5813,0,0.928058,0,-0.3724357;
custom,tree2,default,0.1,0.1,0.1,1,1,1,0,1.0,1.0,-529.0596,25.33774,88.80988,0,0.9949846,0,-0.1000285;
custom,tree2,default,0.1,0.1,0.1,1,1,1,0,1.0,1.0,-530.6678,24.13774,95.96066,0,0.9949846,0,-0.1000285;
custom,tree2,default,0.1,0.1,0.1,1,1,1,0,1.0,1.0,-535.9822,23.16793,105.8752,0,0.922263,0,-0.3865629;
custom,tree2,default,0.1,0.1,0.1,1,1,1,0,1.0,1.0,-543.7284,21.28761,116.5747,0,0.9153762,0,-0.4025995;
custom,tree2,default,0.1,0.1,0.1,1,1,1,0,1.0,1.0,-536.7825,20.91689,113.9897,0,0.9887154,0,-0.1498061;
custom,tree2,default,0.1,0.1,0.1,1,1,1,0,1.0,1.0,-528.6423,23.31689,103.7765,0,0.9887154,0,-0.1498061;
custom,tree2,default,0.1,0.1,0.1,1,1,1,0,1.0,1.0,-529.7906,22.61473,111.0851,0,0.9654016,0,-0.2607676;
custom,tree2,default,0.1,0.1,0.1,1,1,1,0,1.0,1.0,-522.751,22.41473,108.071,0,0.9654016,0,-0.2607676;
custom,tree2,default,0.1,0.1,0.1,1,1,1,0,1.0,1.0,-523.9615,22.48095,114.5823,0,0.9786348,0,-0.2056065;
custom,tree2,default,0.1,0.1,0.1,1,1,1,0,1.0,1.0,-531.4957,21.88095,117.385,0,0.9786348,0,-0.2056065;
custom,tree2,default,0.1,0.1,0.1,1,1,1,0,1.0,1.0,-538.1132,21.08094,119.4451,0,0.9786348,0,-0.2056065;
custom,tree2,default,0.1,0.1,0.1,1,1,1,0,1.0,1.0,-545.1191,20.15599,122.5852,0,0.9820741,0,-0.1884954;
custom,tree2,default,0.1,0.1,0.1,1,1,1,0,1.0,1.0,-518.2757,21.40174,119.4374,0,0.9665365,0,-0.2565295;
custom,tree2,default,0.1,0.1,0.1,1,1,1,0,1.0,1.0,-525.3656,21.31754,121.3758,0,0.9719025,0,-0.2353836;
custom,tree2,default,0.1,0.1,0.1,1,1,1,0,1.0,1.0,-532.5609,20.74462,123.0937,0,0.9958222,0,-0.09131359;
custom,tree2,default,0.1,0.1,0.1,1,1,1,0,1.0,1.0,-539.4887,19.94637,125.8082,0,0.9497586,0,-0.3129835;
custom,tree2,default,0.1,0.1,0.1,1,1,1,0,1.0,1.0,-546.2636,20.07291,128.094,0,0.9870269,0,-0.1605547;
custom,tree2,default,0.1,0.1,0.1,1,0,0,1,1.0,1.0,-540.2528,19.72543,132.5486,0,0.9768224,0,-0.2140514;
custom,tree2,default,0.1,0.1,0.1,1,0,0,1,1.0,1.0,-534.2311,19.92732,129.8283,0,0.9870388,0,-0.1604819;
custom,tree2,default,0.1,0.1,0.1,1,0,0,1,1.0,1.0,-527.1562,19.52732,127.9426,0,0.9870388,0,-0.1604819;
custom,tree2,default,0.1,0.1,0.1,1,0,0,1,1.0,1.0,-519.6017,20.41006,125.7596,0,0.988068,0,-0.1540187;
custom,tree2,default,0.1,0.1,0.1,1,0,0,1,1.0,1.0,-540.5267,18.16017,139.6629,0,0.9820923,0,-0.1884004;
custom,tree2,default,0.1,0.1,0.1,1,0,0,1,1.0,1.0,-533.0639,18.47946,136.876,0,0.974919,0,-0.2225601;
custom,tree2,default,0.1,0.1,0.1,1,0,0,1,1.0,1.0,-524.6204,18.67946,133.5731,0,0.974919,0,-0.2225601;
custom,tree2,default,0.1,0.1,0.1,1,0,0,1,1.0,1.0,-515.4064,19.27947,130.7826,0,0.974919,0,-0.2225601;
custom,tree2,default,0.1,0.1,0.1,1,0,0,1,1.0,1.0,-506.1779,19.45854,127.6418,0,0.9997679,0,-0.02154415;
custom,tree2,default,0.1,0.1,0.1,1,0,0,1,1.0,1.0,-497.6265,19.25854,126.3172,0,0.9997679,0,-0.02154415;
custom,tree2,default,0.1,0.1,0.1,1,0,0,1,1.0,1.0,-534.1474,17.73098,144.5193,0,0.981681,0,-0.1905322;
custom,tree2,default,0.1,0.1,0.1,1,0,0,1,1.0,1.0,-525.6349,17.32614,142.4456,0,0.9837009,0,-0.1798124;
custom,tree2,default,0.1,0.1,0.1,1,0,0,1,1.0,1.0,-516.7966,18.51371,139.6047,0,0.958279,0,-0.2858347;
custom,tree2,default,0.1,0.1,0.1,1,0,0,1,1.0,1.0,-508.0077,18.97103,137.1857,0,0.9844766,0,-0.1755161;
custom,tree2,default,0.1,0.1,0.1,1,0,0,1,1.0,1.0,-499.3222,18.56109,134.5566,0,0.9900023,0,-0.1410511;
custom,tree2,default,0.1,0.1,0.1,1,0,0,1,1.0,1.0,-489.7769,18.92508,133.2166,0,1,0,0.0002843897;
custom,tree2,default,0.1,0.1,0.1,1,0,0,1,1.0,1.0,-493.3023,18.13502,140.2855,0,0.9997686,0,-0.0215128;
custom,tree2,default,0.1,0.1,0.1,1,0,0,1,1.0,1.0,-502.7549,17.08819,141.7682,0,0.9997193,0,-0.02369473;
custom,tree2,default,0.1,0.1,0.1,1,0,0,1,1.0,1.0,-511.3648,16.96209,144.4673,0,0.9997193,0,-0.02369473;
custom,tree2,default,0.1,0.1,0.1,1,0,0,1,1.0,1.0,-519.9616,17.00618,146.8142,0,0.9947784,0,-0.1020588;
custom,tree2,default,0.1,0.1,0.1,1,0,0,1,1.0,1.0,-528.9126,15.8287,150.7733,0,0.9837044,0,-0.1797933;
custom,tree2,default,0.1,0.1,0.1,1,1,0,1,1.0,1.0,-528.8851,14.96793,158.4557,0,0.9906163,0,-0.1366722;
custom,tree2,default,0.1,0.1,0.1,1,1,0,1,1.0,1.0,-521.2757,15.70638,155.6937,0,0.9786695,0,-0.2054413;
custom,tree2,default,0.1,0.1,0.1,1,1,0,1,1.0,1.0,-513.336,15.90638,152.8757,0,0.9786695,0,-0.2054413;
custom,tree2,default,0.1,0.1,0.1,1,1,0,1,1.0,1.0,-505.4592,16.70638,150.4128,0,0.9786695,0,-0.2054413;
custom,tree2,default,0.1,0.1,0.1,1,1,0,1,1.0,1.0,-497.7433,16.77098,149.1051,0,0.9909122,0,-0.1345105;
custom,tree2,default,0.1,0.1,0.1,1,1,0,1,1.0,1.0,-489.9371,16.14157,149.1264,0,0.9956351,0,-0.09333185;
custom,tree2,default,0.1,0.1,0.1,1,1,0,1,1.0,1.0,-493.729,15.41899,155.5794,0,0.9999443,0,-0.01055893;
custom,tree2,default,0.1,0.1,0.1,1,1,0,1,1.0,1.0,-500.9523,15.01899,156.9801,0,0.9999443,0,-0.01055893;
custom,tree2,default,0.1,0.1,0.1,1,1,0,1,1.0,1.0,-507.6188,15.21899,158.6913,0,0.9994029,0,-0.03455134;
custom,tree2,default,0.1,0.1,0.1,1,1,0,1,1.0,1.0,-515.6183,14.98693,160.3452,0,0.9997203,0,-0.02364801;
custom,tree2,default,0.1,0.1,0.1,1,1,0,1,1.0,1.0,-524.09,14.68484,162.9003,0,0.9988651,0,-0.04763045;
custom,tree2,default,0.1,0.1,0.1,1,1,0,1,1.0,1.0,-523.979,13.11319,170.2684,0,0.9595371,0,-0.2815823;
custom,tree2,default,0.1,0.1,0.1,1,1,0,1,1.0,1.0,-517.4579,13.28253,168.5466,0,0.9863441,0,-0.1646976;
custom,tree2,default,0.1,0.1,0.1,1,1,0,1,1.0,1.0,-509.397,14.07805,166.5388,0,0.9920497,0,-0.125847;
custom,tree2,default,0.1,0.1,0.1,1,1,0,1,1.0,1.0,-501.6442,14.13086,164.9153,0,0.9906179,0,-0.1366607;
custom,tree2,default,0.1,0.1,0.1,1,1,0,1,1.0,1.0,-495.2397,14.53086,163.1139,0,0.9906179,0,-0.1366607;
custom,tree2,default,0.1,0.1,0.1,1,1,0,1,1.0,1.0,-489.3274,14.53086,161.9737,0,0.9906179,0,-0.1366607;
custom,tree2,default,0.1,0.1,0.1,0,0.3409091,0.3522727,1,1.0,1.0,-491.9907,13.25472,170.3065,0,0.9992958,0,0.03752217;
custom,tree2,default,0.1,0.1,0.1,0,0.3409091,0.3522727,1,1.0,1.0,-497.9298,12.85472,171.9383,0,0.9992958,0,0.03752217;
custom,tree2,default,0.1,0.1,0.1,0,0.3409091,0.3522727,1,1.0,1.0,-504.7343,12.13587,172.3725,0,0.9984887,0,0.05495682;
custom,tree2,default,0.1,0.1,0.1,0,0.3409091,0.3522727,1,1.0,1.0,-512.0416,12.11393,173.4171,0,0.9999999,0,0.0004437725;
custom,tree2,default,0.1,0.1,0.1,0,0.3409091,0.3522727,1,1.0,1.0,-519.4426,12.71393,174.105,0,0.9999999,0,0.0004437725;
custom,tree2,default,0.1,0.1,0.1,0,0.3409091,0.3522727,1,1.0,1.0,-515.6484,12.44943,177.7647,0,0.9978294,0,0.06585129;
custom,tree2,default,0.1,0.1,0.1,0,0.3409091,0.3522727,1,1.0,1.0,-508.0025,12.43248,177.535,0,0.9996105,0,-0.02790582;
custom,tree2,default,0.1,0.1,0.1,0,0.3409091,0.3522727,1,1.0,1.0,-501.0985,12.03248,177.2165,0,0.9989713,0,-0.0453472;
custom,tree2,default,0.1,0.1,0.1,0,0.3409091,0.3522727,1,1.0,1.0,-494.5732,12.50217,176.0173,0,0.9889487,0,0.1482582;
custom,tree2,default,0.1,0.1,0.1,0,0.3409091,0.3522727,1,1.0,1.0,-488.772,11.98804,174.2887,0,0.9970512,0,0.07673933;
custom,sphere,default,1,1,1,1,0,1,0,1.0,1.0,-496.1719,19.39824,-8.952369,0,0.0348851,0,0.9993913;
racing,checkpointCylinder,1,40,1,-603.8436,379.7549,316.9457,-0.106411,0.7036102,0.1050595,-0.694674;
custom,cuboid,stone5,40,0.5,40,0,1,1,1,1.0,1.0,-562.1138,427.1093,371.3667,0,0.6344616,0,-0.7729544;
custom,cuboid,stone5,4,0.5,4,0,1,1,1,1.0,1.0,-597.0952,357.1401,311.9355,0,0.96306,0,-0.269287;
racing,killCuboid,0.5,1,1,-603.0162,6.475009,200.8092,0,0.6705779,0,0.7418392;
racing,killCuboid,20,1,20,-652.319,51.35659,418.8454,0,0.4850837,0,-0.8744677;
racing,killCuboid,20,1,20,-528.4133,349.7642,361.2985,0,0.3107524,0,0.9504909;
racing,killCuboid,20,1,20,-589.4734,314.6075,393.9834,0,0.9232354,0,-0.3842349;
racing,killCuboid,20,1,20,-619.5424,100.4992,247.1864,0,0.8657618,0,0.5004564;
racing,killCuboid,20,1,20,-631.6703,141.1703,437.1304,0,0.9004586,0,0.4349417;
racing,killCuboid,20,1,20,-520.2036,180.6908,418.3452,0,0.9004586,0,0.4349417;
racing,killCuboid,20,1,20,-567.7053,218.1221,325.3199,0,0.6355296,0,0.7720765;
racing,killCuboid,20,1,20,-548.1329,253.4451,398.345,0,0.6553602,0,0.7553165;
racing,killCuboid,20,1,20,-589.1475,282.3555,348.1883,0,0.4799366,0,-0.8773032;
racing,killCuboid,20,1,20,-478.8764,51.52866,307.7145,0,0.2787428,0,0.9603658;
racing,killCuboid,20,1,20,-516.5776,51.36875,457.5177,0,0.2787429,0,0.9603658;
racing,killCuboid,20,1,20,-621.3989,51.32666,279.2043,0,0.2766469,0,0.9609717;
custom,tube,stone5,1,1,1,0,1,1,1,1.0,1.0,-564.5166,51.91861,365.2217,0,0.9604427,0,-0.2784779;
racing,killCuboid,10,6,1,-512.2524,17.04432,418.4686,0,0.6639494,0,-0.7477775;
racing,killCuboid,10,6,1,-523.8638,16.84431,316.2321,0,0.6639494,0,-0.7477775;
racing,killCuboid,10,6,1,-638.0511,17.25544,383.9792,0,0.7534927,0,0.6574563;
custom,cuboid,stone5,3,1,3,0,1,1,1,1.0,1.0,-492.7321,-10.12217,383.7293,0.4886059,0.5112975,0.4884487,0.5111331;
racing,checkpointCuboid,30,0.5,0.5,-423.0069,80.40739,384.1615,0.001888165,0.004201362,-0.409919,-0.9121103;
racing,killCuboid,20,1,20,-629.7145,180.9329,243.2506,0,0.9005131,0,0.4348289;
racing,killCuboid,20,1,20,-484.0093,141.1726,290.9826,0,0.3250911,0,0.9456827;
racing,killCuboid,20,1,20,-532.3556,100.599,434.3578,0,0.5007019,0,-0.8656198;
base,aot_supply,default,1,1,1,0,1,1,1,1.0,1.0,620.821,6.196508,615.7482,0,0.7283519,0,0.6852033;
racing,killCuboid,1,10,1,-518.3098,-21.28033,367.4642,0,0.7489492,0,0.6626274;
custom,tree2,default,0.1,0.1,0.1,0,1,1,1,1.0,1.0,648.6989,9.505724,-646.2715,0,0.9803108,0,0.1974609;
custom,tree2,default,0.1,0.1,0.1,0,1,1,1,1.0,1.0,636.1134,9.014901,-657.6309,0,0.9979842,0,0.06346329;
custom,tree2,default,0.1,0.1,0.1,0,1,1,1,1.0,1.0,660.2489,9.38164,-627.4966,0,0.9930399,0,0.1177783;
custom,tree2,default,0.1,0.1,0.1,0,1,1,1,1.0,1.0,655.0064,24.59261,-663.5775,0,0.9862445,0,0.1652929;
racing,killTube,20,60,20,-568.5187,198.7489,370.8158,0,0.5915878,0,-0.8062406;
racing,killCuboid,30,100,1,-332.9792,645.0316,382.1084,0,0.6899483,0,-0.7238587;
racing,killCuboid,30,100,1,-444.9386,96.8338,383.8916,0,0.6899483,0,-0.7238587;
racing,killCuboid,20,1,40,-246.6228,58.4067,370.1967,0,0.6900315,0,-0.7237794;
racing,killCuboid,10,1,30,-396.7567,142.8063,396.978,0,0.02395197,0,0.9997131;
racing,killCuboid,20,1,30,-246.5844,142.7267,370.0557,0,0.6900315,0,-0.7237794;
racing,killCuboid,30,100,1,-38.53527,95.23383,363.9849,0,0.6899483,0,-0.7238587;
racing,killCuboid,40,100,1,-245.1436,43.61299,276.9978,0,0.9997306,0,-0.02320801;
custom,cylinder,default,1,9,1,0,1,1,1,1.0,1.0,-103.1035,142.7279,363.7354,-0.4881586,0.4881589,0.5115672,-0.5115674;
racing,killCuboid,40,100,1,-235.8693,44.41299,464.6124,0,0.9997306,0,-0.02320801;
racing,killCuboid,30,1,100,-18.96952,433.4057,328.6179,0,0.7671896,0,0.6414205;
racing,killCuboid,20,1,40,-139.6745,178.1401,381.7804,0,0.6888548,0,-0.7248994;
racing,endCuboid,0.3,0.3,0.3,-323.9613,156.1423,384.4992,0,0.7025009,0,-0.7116828;
racing,killCuboid,20,7,1,-245.414,94.93063,368.9267,0,0.7208012,0,0.6931419;
racing,killCuboid,12,7,1,-186.5051,102.8105,426.3779,0,0.7208012,0,0.6931419;
racing,killCuboid,12,7,1,-191.2064,102.7707,304.3371,0,0.7208012,0,0.6931419;
custom,cuboid,crystal2,0.2,1,2.4,0,1,1,1,1.0,1.0,598.3177,-4.113537,573.8687,0,0.9999903,0,0.004400434;
custom,cuboid,crystal2,0.2,1,2.4,0,1,1,1,1.0,1.0,588.2215,-4.113536,573.5008,0,0.9999903,0,0.004400434;