custom,cuboid,metal3,6,6,1,0,1,1,1,1.0,1.0,7.776753,25.71651,-26.10997,0,0.7192997,0,0.6946999;
custom,cuboid,metal3,6,6,1,0,1,1,1,1.0,1.0,-32.77574,25.88497,-22.18171,0,0.7236912,0,0.6901239;
custom,cuboid,metal3,6,6,1,0,1,1,1,1.0,1.0,6.160124,25.68268,-82.06532,0,-0.6953757,0,0.7186465;
custom,cuboid,metal3,6,6,1,0,1,1,1,1.0,1.0,-35.03976,25.65863,-81.63972,0,0.6968752,0,-0.7171925;
custom,cuboid,metal3,4,6,1,0,1,1,1,1.0,1.0,4.741586,25.55432,-127.9532,0,-0.6984689,0,0.7156405;
custom,cuboid,metal3,6,6,1,0,1,1,1,1.0,1.0,-27.79616,25.19141,-142.3085,0,0.0061922,0,0.9999809;
custom,cuboid,metal3,4,6,1,0,1,1,1,1.0,1.0,-74.99168,25.13266,-142.2252,0,-0.006306513,0,0.9999802;
custom,cuboid,metal3,6,6,1,0,1,1,1,1.0,1.0,-60.9576,25.66171,-106.4175,0,0.9999774,0,-0.006722427;
custom,cuboid,metal3,6,6,1,0,1,1,1,1.0,1.0,-120.3075,25.57092,-105.5677,0,0.00764741,0,0.9999708;
custom,cuboid,metal3,6,6,1,0,1,1,1,1.0,1.0,-153.0322,25.60621,-136.6732,0,-0.7095574,0,0.7046477;
custom,cuboid,metal3,6,6,1,0,1,1,1,1.0,1.0,-95.17266,25.00334,-171.1826,0,-0.7127702,0,0.7013976;
custom,cuboid,metal3,10,6,1,0,1,1,1,1.0,1.0,-150.9878,25.64507,-216.3427,0,-0.720264,0,0.6937001;
custom,cuboid,metal3,10,6,1,0,1,1,1,1.0,1.0,-93.95279,24.954,-248.9752,0,0.7131435,0,-0.701018;
custom,cuboid,metal3,10,6,1,0,1,1,1,1.0,1.0,-92.2832,25.22076,-346.5037,0,-0.7155631,0,0.6985483;
custom,cuboid,metal3,10,6,1,0,1,1,1,1.0,1.0,-146.1935,25.16868,-316.5214,0,-0.7249009,0,0.6888532;
custom,cuboid,metal3,10,6,1,0,1,1,1,1.0,1.0,-135.5669,25.06556,-401.7926,0,-0.03696257,0,0.9993166;
custom,cuboid,metal3,10,6,1,0,1,1,1,1.0,1.0,-188.2612,25.16843,-369.3445,0,-0.04488299,0,0.9989923;
custom,cuboid,metal3,20,6,1,0,1,1,1,1.0,1.0,-278.5283,24.87843,-412.324,0,-0.03627264,0,0.9993419;
custom,cuboid,metal3,10,6,1,0,1,1,1,1.0,1.0,-286.2383,25.0513,-378.4386,0,-0.04665714,0,0.998911;
custom,cuboid,metal3,25,6,1,0,1,1,1,1.0,1.0,-385.2906,25.27644,-300.1624,0,0.6705891,0,0.741829;
custom,cuboid,metal3,25,6,1,0,1,1,1,1.0,1.0,-346.3665,24.72429,-262.7049,0,0.6595291,0,0.7516791;
custom,cuboid,metal3,5,6,1,0,1,1,1,1.0,1.0,-398.4957,25.26968,-167.759,0,0.6692555,0,0.7430324;
custom,cuboid,metal3,6,6,1,0,1,1,1,1.0,1.0,-404.2387,25.26723,-115.234,0,0.7467606,0,-0.665093;
custom,cuboid,metal3,5,0.5,14,0,1,1,1,1.0,1.0,-13.86048,53.20336,-65.73903,0,0.9999389,0,-0.01105238;
custom,cuboid,metal3,6,7,1,0,1,1,1,1.0,1.0,-11.05529,21.07134,7.715384,0,0.9997396,0,-0.02281898;
racing,killCuboid,0.5,6,20,-185.3249,19.47093,-402.1768,0,0.7352313,0,-0.6778163;
racing,killCuboid,0.5,6,26,-146.9286,24.34668,-239.9079,0,0.9997053,0,0.0242784;
racing,killCuboid,0.5,6,28,-96.72698,24.54886,-262.904,0,0.9999689,0,0.007885836;
racing,killCuboid,0.5,6,10,-45.82111,21.81447,-139.4388,0,0.7073331,0,0.7068803;
racing,killCuboid,2,5,0.5,-136.9156,24.78159,-202.6591,0,0.9998148,0,0.01924559;
custom,torus,default,1,1,1,0,1,1,1,1.0,1.0,-123.7743,29.20949,-143.065,0.05060044,0.7052262,0.7066244,0.02788542;
custom,cuboid,metal3,3,0.5,28,0,1,1,1,1.0,1.0,-230.6606,52.45738,-392.0672,0,0.7347195,0,-0.678371;
custom,cuboid,metal3,5,0.5,27,0,1,1,1,1.0,1.0,-120.6503,52.86803,-268.8385,0,0.9999537,0,0.009625491;
racing,killCuboid,0.5,6,11,-89.53229,20.98501,-108.7882,0,0.7017506,0,-0.7124227;
racing,killCuboid,5,6,1,-367.9313,19.40038,-50.96675,0,0.7053337,0,0.7088755;
racing,startCuboid,5,6,1,-12.55404,24.80798,-45.78341,0,0.9997834,0,-0.02081361;
racing,killCuboid,5,2,0.5,-121.2414,42.90976,-143.3153,0,-0.01891532,0,-0.9998211;
racing,killCuboid,5,3,0.5,-124.7357,10.55853,-143.6907,0,0.002908211,0,0.9999958;
custom,cuboid,metal3,5,0.5,25,0,1,1,1,1.0,1.0,-367.179,52.67654,-266.8698,0,0.05770734,0,-0.9983336;
custom,sphere,default,1,1,1,1,1,1,1,1,1,-49.15623,31.98611,-113.4029,0,0.6564671,0,-0.7543547;
racing,killCuboid,4,5,1,-48.6911,3.348045,-115.9235,0,0.7122712,0,-0.7019044;
racing,killCuboid,0.5,6,12,-30.72279,25.00019,-52.6273,0,0.9998723,0,-0.01598175;
racing,killCuboid,6,6,1,-403.4072,31.47967,-114.8208,0,0.7494413,0,-0.6620709;
racing,killCuboid,6,6,1,-364.8161,27.34096,-108.0193,0,-0.6837257,0,-0.7297392;
racing,killCuboid,2,5,0.5,-110.1334,25.294,-168.5815,0,0.9999886,0,-0.004788305;
racing,killCuboid,5,0.5,27,-364.3525,51.7401,-283.2555,0,0.06392565,0,-0.9979547;
racing,killCuboid,4,6,1,-292.7049,24.71994,-381.0851,0,0.1199871,0,-0.9927755;
racing,killCuboid,4,1.3,1,-284.3901,42.23278,-399.9955,0,0.7249942,0,-0.688755;
racing,killCuboid,5,1,5,-12.00631,-3.43532,-71.07838,0,-0.02442168,0,-0.9997017;
racing,killCuboid,0.5,6,25,-350.8468,21.64203,-262.0885,0,0.06328222,0,-0.9979957;
racing,killCuboid,0.5,6,28,-383.1085,24.18505,-284.5693,0,0.0520489,0,-0.9986445;
racing,checkpointCuboid,2,5,0.5,-216.5998,0.497494,-389.9348,0,0.7261321,0,-0.6875553;
racing,killCuboid,2,5,0.5,-106.6399,24.28365,-250.8048,0,0.02365408,0,-0.9997202;
racing,killCuboid,3,0.5,28,-239.565,51.48727,-392.4207,0,0.6780565,0,0.7350098;
racing,killCuboid,5,0.5,30,-119.7903,51.28089,-253.7388,0,0.9999449,0,0.01049829;
racing,killCuboid,4,0.5,14,-69.56999,52.58239,-123.5251,0,0.7090425,0,0.7051657;
custom,cuboid,metal3,4,0.5,14,0,1,1,1,1.0,1.0,-83.99982,53.08581,-123.0186,0,0.7156916,0,-0.6984165;
racing,killCuboid,5,0.5,14,-14.12405,52.31716,-66.61762,0,0.9998668,0,-0.01631849;
racing,killCuboid,2,5,0.5,-105.7344,24.83986,-349.2907,0,0.9989613,0,0.04556766;
racing,killCuboid,4,1.3,1,-48.2953,43.49604,-124.3221,0,0.6991429,0,-0.714982;
racing,killCuboid,2,5,0.5,-131.8727,23.97447,-305.5602,0,0.00260358,0,-0.9999966;
racing,killCuboid,5,1,5,-13.4315,-2.085415,-120.4668,0,0.03102407,0,-0.9995186;
racing,killCuboid,5,1,5,-78.21759,-4.571007,-125.1984,0,0.7100677,0,0.7041334;
racing,killCuboid,5,1,5,-128.617,-4.459303,-124.4872,0,0.7094334,0,0.7047725;
racing,killCuboid,7,1,7,-119.1604,-4.109233,-184.7478,0,0.7091047,0,0.7051033;
racing,killCuboid,7,1,7,-124.7633,-4.79067,-254.5507,0,0.001549847,0,-0.9999988;
racing,killCuboid,7,1,7,-116.8476,-4.616323,-324.8705,0,0.002468607,0,-0.999997;
racing,killCuboid,7,1,7,-122.0587,-4.777533,-394.1815,0,-0.001432543,0,-0.999999;
racing,killCuboid,5,1,5,-181.3072,-4.888873,-384.7404,0,0.7108526,0,0.703341;
racing,killCuboid,5,1,5,-250.0866,-4.898559,-391.815,0,0.6710731,0,0.7413912;
racing,killCuboid,5,5,1,-278.2797,2.551924,-389.7939,0,0.7281117,0,-0.6854586;
racing,killCuboid,5,5,1,-297.8733,2.515055,-397.2049,0,0.6586182,0,0.7524773;
racing,killCuboid,5,5,1,-300.6451,57.86175,-396.3597,0,0.6860643,0,0.7275409;
racing,killCuboid,5,1,5,-328.4276,-3.655748,-398.2758,0,0.6564115,0,0.7544031;
racing,killCuboid,5,1,5,-363.3286,-4.811537,-388.7108,0,0.9992625,0,0.03839903;
racing,killCuboid,6,1,5,-356.7711,-4.218304,-338.244,0,0.9990847,0,0.04277647;
custom,cuboid,metal3,6,6,1,0,1,1,1,1.0,1.0,-364.3278,24.55523,-109.1809,0,0.7286462,0,-0.6848904;
custom,cuboid,metal3,6,6,1,0,1,1,1,1.0,1.0,-410.0071,24.70935,-56.55239,0,0.6789312,0,0.7342018;
custom,cuboid,metal3,4,6,1,0,1,1,1,1.0,1.0,-380.7385,50.31353,-110.384,0.03984608,0.7233025,-0.6888031,0.02821761;
racing,killCuboid,8,8,1,-363.9906,-4.89676,-273.9818,-0.02614919,0.7066232,0.7066231,0.02614919;
racing,killCuboid,8,8,1,-379.14,-3.030795,-181.6838,-0.037145,0.7154269,0.6947368,0.06423009;
custom,torus,metal3,1,1,1,0,1,1,1,1.0,1.0,-382.7231,26.96704,-133.5255,0.5906002,0.003509113,0.002568243,-0.8069526;
racing,killCuboid,5,5,1,-382.8051,-1.959107,-133.7887,0,0.04497861,0,-0.998988;
racing,killCuboid,5,3,1,-385.4307,47.86344,-132.7578,0,0.04195218,0,-0.9991196;
racing,killCuboid,2,2,2,-396.4857,24.2874,-129.0349,0,0.07145524,0,-0.9974438;
racing,killCuboid,2,2,2,-369.8536,23.8874,-128.1808,0,0.02490904,0,0.9996898;
custom,cuboid,metal3,6,6,1,0,1,1,1,1.0,1.0,-367.1054,24.0821,-49.57491,0,0.6935611,0,0.7203978;
racing,killCuboid,3,3,1,-385.7141,-26.10993,-151.7312,0,0.1148113,0,-0.9933873;
racing,killCuboid,5,6,2,-374.4199,-28.35633,-226.8638,0,0.9990723,0,0.04306568;
racing,killTube,5,5,1,-356.0828,21.24332,-342.5769,-0.07425059,-0.6463449,0.7567718,-0.06341608;
custom,sphere,metal3,1,1,1,0,1,1,1,1.0,1.0,-350.0648,38.2809,-328.9271,0,0.0003078859,0,0.9999999;
custom,sphere,metal3,1,1,1,0,1,1,1,1.0,1.0,-364.5583,38.42718,-220.6591,0,0.03516062,0,0.9993817;
racing,killCuboid,6,6,1,-409.3804,23.99131,-58.34573,0,0.7377993,0,-0.6750201;
racing,checkpointCuboid,6,6,1,-390.651,14.75486,-78.92052,0,0.9982909,0,0.05844088;
racing,killCuboid,6,6,1,-414.9662,23.10261,1.682901,-0.006833151,0.7486207,0.01071186,-0.6628767;
racing,killCuboid,6,6,1,-368.4964,23.6842,12.22271,0,0.699611,0,0.7145239;
racing,killCuboid,6,6,1,-371.5591,23.44729,72.5904,0,0.7269763,0,-0.6866627;
racing,killCuboid,6,6,1,-422.68,20.79665,61.20213,-0.006491133,0.7438106,0.005832458,-0.6683335;
racing,killCuboid,6,6,1,-373.5328,23.45274,132.1052,0,0.7167861,0,-0.6972932;
racing,killCuboid,6,6,1,-428.3681,20.80541,119.6707,0,0.7447903,0,-0.6672986;
custom,sphere,metal3,1,1,1,0,1,1,1,1.0,1.0,-391.291,28.94599,32.18078,0,0.9999834,0,-0.005756867;
racing,killCuboid,4,2,1,-397.3255,39.38657,73.11912,0,0.06645062,0,-0.9977897;
racing,killCuboid,4,2,1,-397.9456,34.03607,93.41811,0,0.9989944,0,0.0448367;
custom,sphere,metal3,1,1,1,0,1,1,1,1.0,1.0,-393.3369,37.57088,84.32725,0,0.618082,0,0.7861137;
racing,killCuboid,6,4,1,-402.4115,-7.388245,139.7371,0,0.05676165,0,-0.9983878;
custom,sphere,metal3,1,1,1,0,1,1,1,1.0,1.0,-386.1675,33.19539,112.2375,0,0.5791864,0,0.8151951;
racing,killCuboid,4,3,1,-400.0107,43.19718,150.7457,0,0.9981515,0,0.06077448;
racing,killCuboid,4,6,1,-386.5945,51.7497,-109.6381,-0.0455891,0.6770099,0.7334929,0.03959025;
custom,cuboid,metal3,4,6,1,0,1,1,1,1.0,1.0,-385.6156,47.26939,-51.48197,-0.0524221,0.6827746,0.7270814,0.04922766;
custom,cuboid,metal3,4,6,1,0,1,1,1,1.0,1.0,-390.5505,46.68551,6.43539,-0.03153887,0.7246127,0.6876317,0.03323502;
custom,cuboid,metal3,4,6,1,0,1,1,1,1.0,1.0,-395.2479,48.95883,63.84309,-0.03234151,0.7193725,0.6927073,0.04017451;
racing,killCuboid,3,6,1,-374.3255,23.203,177.0325,0.01343746,0.7155906,-0.01127232,0.6982998;
racing,killCuboid,6,6,1,-386.017,-4.668569,-33.39629,-0.04792481,0.7054808,0.7054809,0.0479248;
racing,killCuboid,6,6,1,-391.2876,-4.484199,25.72147,-0.05229067,0.7088325,0.7014485,0.05284116;
racing,killCuboid,6,6,1,-396.8575,-4.121176,81.33239,-0.006476148,0.7093202,0.7046033,0.01889795;
racing,killCuboid,6,6,1,-398.1098,-3.893905,130.1155,-0.05287959,0.7028444,0.7088299,0.02781674;
racing,killCuboid,6,6,1,-386.2816,44.52831,-32.97381,0.01685032,0.7100831,0.7031929,-0.03190555;
racing,killCuboid,3,6,1,-434.1117,20.05278,164.3281,0,0.6471393,0,0.7623718;
racing,killCuboid,3,6,1,-373.9894,21.84919,205.1028,0.009688192,0.7126542,0.02223078,-0.7010962;
racing,killCuboid,3,6,1,-439.2309,19.77816,194.9321,0,0.7531649,0,-0.6578318;
racing,killCuboid,5,6,1,-443.9589,19.60544,235.2075,0,0.7422641,0,-0.6701075;
racing,killCuboid,5,6,1,-375.3591,16.70582,245.148,0,0.7256889,0,-0.688023;
custom,sphere,bark3,1,1,1,0,1,1,1,1.0,1.0,-372.2675,33.94541,175.8545,0,0.7246608,0,0.6891058;
custom,sphere,bark3,1,1,1,0,1,1,1,1.0,1.0,-428.7047,30.97739,207.3238,0,0.6096752,0,-0.7926514;
racing,killCuboid,7,6,1,-413.4908,-12.01829,269.6371,0,0.07111581,0,-0.9974681;
racing,killCuboid,9,3,1,-411.1601,47.37134,261.2214,0,-0.06639504,0,0.9977934;
custom,sphere,bark3,1,1,1,0,1,1,1,1.0,1.0,-371.61,24.67076,251.8389,0,0.4794867,0,0.8775492;
racing,killSphere,1,1,1,-414.7688,32.89276,197.0964,0,0.9562021,0,-0.2927073;
racing,killSphere,1,1,1,-402.0078,51.58201,209.8128,0,0.9936104,0,0.1128645;
racing,killSphere,1,1,1,-394.3441,11.50032,198.269,0,0.9957739,0,-0.09183922;
racing,killSphere,1,1,1,-418.5258,16.89128,234.2468,0,0.9911136,0,-0.1330182;
racing,killSphere,1,1,1,-395.1427,26.40941,241.1254,0,0.9896978,0,0.1431726;
racing,killSphere,1,1,1,-408.1254,22.87519,199.6573,0,0.999989,0,-0.004684236;
racing,killCuboid,9,9,1,-409.2322,-3.70631,229.2646,-0.5412045,0.452559,0.462812,0.536743;
racing,killCuboid,6,6,1,-402.9357,-28.52321,165.2842,0,0.9985047,0,0.05466636;
racing,killCuboid,6,6,1,-400.1139,-29.07925,175.6478,0,0.9983327,0,0.05772279;
racing,killCuboid,6,6,1,-403.5066,-29.52339,185.1703,0,0.9985981,0,0.05293267;
racing,endCuboid,6,6,1,-407.2737,33.56061,294.1746,0,0.9989702,0,0.04537059;
racing,killCuboid,4,6,1,-152.7702,18.90145,-120.8966,0,0.7092946,0,-0.7049122;
racing,killCuboid,4,6,1,-318.5408,22.65605,-383.4937,0,0.0385296,0,-0.9992574;
racing,killCuboid,4,6,1,-258.5292,20.79495,-375.8843,0,0.07880606,0,-0.99689;
racing,killCuboid,4,8,1,-304.9227,29.76698,-410.4532,0,0.9994741,0,-0.03242763;
racing,killCuboid,6,8,1,-351.2783,22.20028,-416.8928,0,0.9996122,0,0.02784903;