racing,killSphere,3,3,3,-594.1893,1.454781,-460.349,0,0.000115784,0,-1;
racing,killCuboid,0.3,20,105,-567.7457,97.14381,-29.61444,0.0006980128,-0.01706845,-1.289065E-05,-0.9998541;
custom,cuboid,default,0.5,5,105,0,1,1,1,1.0,1.0,-566.5576,23.00148,-35.26667,0,0.0173607,0,0.9998494;
racing,killCuboid,0.3,20,120,-615.9167,83.07153,24.81432,0,0.002025121,0,0.999998;
racing,killCuboid,0.5,20,120,-25.83714,96.14659,585.0032,0,0.7344032,0,0.6787135;
custom,cuboid,default,15,0.5,50,0,1,1,1,1.0,1.0,-299.813,49.45872,540.0027,-0.06638792,0.7294142,0.07151968,0.6770765;
racing,killCuboid,2,2,2,322.2956,22.58454,475.3823,0,0.6982867,0,-0.7158183;
racing,killCuboid,15,0.5,100,-127.0636,125.75,518.1262,-0.05460494,0.7324115,0.06248328,0.6757866;
racing,killCuboid,15,0.5,50,-299.8228,49.7346,538.5098,-0.0661178,0.7319618,0.07176948,0.6743215;
racing,killCuboid,0.5,20,105,-26.74926,98.14763,451.8555,0,0.7353835,0,0.6776512;
racing,killCuboid,7,1,110,-588.7079,51.41261,-60.35067,0,0.003261757,0,0.9999947;
custom,cuboid,default,15,0.3,50,0,1,1,1,1.0,1.0,183.6665,99.47904,505.0255,0,0.7310801,0,0.6822917;
racing,killCuboid,0.5,10,7.5,426.6666,148.7066,454.4445,0,0.01441325,0,0.9998961;
racing,killCuboid,0.5,20,7.5,463.5452,94.10949,488.9383,0,0.6999724,0,-0.7141699;
racing,killCuboid,0.5,20,7.5,499.4938,96.04575,523.7002,0,0.9999256,0,-0.01220224;
racing,killCuboid,0.5,10,70,271.3659,49.64333,498.0301,0,0.6858565,0,-0.7277368;
racing,killCuboid,15,0.2,50,185.2445,98.37453,496.9258,0,0.6868747,0,-0.7267759;
racing,killCuboid,10,7.3,100,531.0815,63.05071,-13.17138,0,0.9999968,0,-0.002553147;
custom,cuboid,wood1,10,7.3,100,0,1,1,1,1.0,1.0,530.7366,63.41079,-21.03333,0,0.9999968,0,-0.002553147;
custom,cuboid,wood1,7,0.5,7,0,1,1,1,1.0,1.0,532.186,-1.028132,444.3682,0,0.6963055,0,-0.7177456;
racing,killCuboid,0.5,5,120,579.3826,21.40103,78.35857,0,0.9999941,0,-0.003444435;
racing,killCuboid,0.5,5,80,488.0554,7.355869,11.98473,0,0.9999658,0,-0.008272541;
custom,cuboid,default,15,0.3,20,0,1,1,1,1.0,1.0,410.6935,197.9523,489.9963,0,0.7443684,0,0.6677693;
custom,tube,default,5,90,5,0,1,1,1,1.0,1.0,175.0591,7.545635,-383.2691,-0.6388625,0.6134776,-0.3030756,-0.3516321;
racing,killCuboid,0.5,10,20,487.1533,50.14233,-429.4372,0,0.7059358,0,-0.7082758;
custom,cuboid,default,1,5,1,0,1,1,1,1.0,1.0,-278.8572,31.39776,-262.3192,-0.004858093,0.940784,-0.3387032,-0.01349387;
custom,cuboid,default,3,1,1,0,1,1,1,1.0,1.0,-287.3372,3.991937,-299.8336,0,0.6890227,0,-0.7247398;
custom,cuboid,default,3,1,1,0,1,1,1,1.0,1.0,-285.0356,26.19194,-299.3492,0,0.6890227,0,-0.7247398;
custom,cuboid,default,3,1,1,0,1,1,1,1.0,1.0,-288.4517,48.59189,-298.9761,0,0.6890227,0,-0.7247398;
custom,cuboid,default,1,5,1,0,1,1,1,1.0,1.0,-282.1688,27.59196,-312.1105,0,0.6890227,0,-0.7247398;
custom,cuboid,default,4,1,1,0,1,1,1,1.0,1.0,-279.1151,52.1768,-340.7502,0,0.687432,0,-0.7262487;
custom,cuboid,default,1,5,1,0,1,1,1,1.0,1.0,-278.5446,26.83552,-342.194,0,0.6874322,0,-0.7262486;
custom,cuboid,default,4,0.3,45,0,1,1,1,1.0,1.0,-411.3405,32.64243,-520.1186,0.05490228,0.6964232,0.05358684,-0.7135187;
racing,killCuboid,4,0.3,45,-405.6309,31.98676,-520.2527,0.05490229,0.6964231,0.05358683,-0.7135189;
racing,killCuboid,4,0.3,45,-411.0796,47.71291,-520.4285,0.04858025,0.6970984,0.04660225,-0.7138082;
custom,cuboid,default,4,0.3,45,0,1,1,1,1.0,1.0,-411.6776,48.13439,-520.3072,0.04866812,0.6969473,0.04751311,-0.7138897;
racing,killCuboid,0.3,20,40,-385.4065,95.33525,-503.9402,0,0.6986533,0,-0.7154604;
racing,killCuboid,0.3,20,45,-415.9032,97.76909,-537.9594,0,0.6973566,0,-0.7167245;
custom,cuboid,default,1,0.3,1,0,1,1,1,1.0,1.0,-583.8264,61.25434,-517.4592,0,0.7005702,0,-0.7135836;
racing,checkpointCuboid,0.1,0.2,1,-586.4924,63.61472,-517.2155,0,0.6927935,0,-0.721136;
racing,killCuboid,8,1,120,-599.833,77.51744,102.254,0,-0.0162338,0,-0.9998682;
racing,killCuboid,2,2,2,327.4209,24.18453,448.1673,0,0.6982867,0,-0.7158183;
racing,killCuboid,2,2,2,326.1045,4.384523,459.6038,0,0.6982867,0,-0.7158183;
racing,killCuboid,0.2,10,2,391.4073,48.48777,522.7545,0,0.9993802,0,-0.03520279;
racing,killCuboid,0.2,10,2,365.4644,49.52974,546.2628,0,0.9995894,0,-0.02865237;
racing,killCuboid,0.2,10,2,351.3358,49.6319,502.8547,0,0.9995245,0,-0.03083317;
racing,killCuboid,2,10,0.22,330.2823,48.45005,526.5614,0,0.68181,0,-0.7315294;
racing,killCuboid,2,10,0.22,293.7507,45.97819,547.1183,0,0.7053859,0,-0.7088234;
racing,killCuboid,2,10,0.22,286.4362,48.194,508.7831,0,0.7100121,0,-0.7041895;
racing,killCuboid,2,10,0.22,256.4219,48.31311,531.1085,0,0.6850218,0,-0.7285226;
racing,killCuboid,2,10,0.22,226.1876,49.06881,512.9147,0,0.6945068,0,-0.7194861;
racing,killCuboid,2,10,0.22,224.7437,49.16263,552.617,0,0.6897907,0,-0.7240089;
racing,killCuboid,7,0.3,60,243.7698,29.15755,462.1898,0,0.7299558,0,0.6834944;
custom,cuboid,default,7,0.3,60,0,1,1,1,1.0,1.0,247.5616,29.23755,461.9406,0,0.7299558,0,0.6834944;
racing,killCuboid,0.3,7,8,-46.40428,62.22718,477.308,0,0.02625004,0,0.9996554;
custom,cuboid,default,2,0.3,2,0,1,1,1,1.0,1.0,-93.05066,0.1728223,489.0486,0,0.7343641,0,0.6787558;
racing,checkpointCylinder,1,1,1,-98.14439,11.33581,490.1306,0,0.7387888,0,0.673937;
racing,killCuboid,2,2,2,325.4905,4.784525,434.8112,0,0.6982867,0,-0.7158183;
racing,killCuboid,1,1,1,114.8175,-1.962137,471.6481,0,0.6904282,0,-0.723401;
racing,killTorus,2,2,2,119.1663,17.76019,494.8671,-0.4552002,0.5291154,-0.4104238,-0.5868407;
racing,killSphere,3,3,3,105.797,20.74556,470.4938,0,0.6696236,0,-0.7427006;
racing,killTorus,2,2,2,114.1189,19.9202,448.2964,-0.4643618,0.5226035,-0.4186842,-0.5796183;
racing,killCuboid,3,3,3,118.8282,0.03766957,449.954,0,0.7585648,0,0.6515976;
racing,killCuboid,3,3,3,63.16865,25.35617,457.1844,0,0.7143602,0,0.6997781;
racing,killCuboid,3,3,3,123.4241,0.2881726,491.8867,0,0.7097477,0,0.7044559;
racing,killCuboid,3,3,3,62.99252,24.72362,494.7855,0,0.7353982,0,0.6776353;
racing,killCuboid,3,3,3,-5.044395,14.10094,464.2103,0,0.7219557,0,0.6919394;
racing,killSphere,3,3,3,39.57664,10.08456,480.1714,0,0.7353982,0,0.6776353;
racing,killCuboid,3,3,3,-3.605016,13.13422,500.4646,0,0.7174117,0,0.6966494;
racing,checkpointCylinder,1,1,1,539.271,11.38997,453.221,0,0.9995332,0,-0.03055114;
racing,killCuboid,0.3,0.3,6,475.175,4.402259,-407.7458,0,0.9997622,0,-0.02180563;
racing,killCuboid,0.3,0.3,6,475.8415,14.00727,-400.0038,0,0.9997125,0,-0.02397836;
racing,killCuboid,0.3,0.3,6,475.4198,23.72728,-408.7882,0,0.9997125,0,-0.02397836;
racing,killCuboid,0.3,6,0.3,456.0309,9.899397,-404.1732,0,0.6852059,0,-0.7283494;
racing,killCuboid,0.3,6,0.3,433.3676,8.90766,-411.2768,0,0.6756189,0,-0.7372511;
racing,killCuboid,0.3,6,0.3,433.4232,8.827663,-393.2932,0,0.6756189,0,-0.7372511;
racing,killCuboid,0.3,6,0.3,431.1503,9.307611,-402.2493,0,0.6756189,0,-0.7372511;
racing,killCuboid,0.3,6,0.3,427.5201,8.443846,-413.7711,0,0.6852291,0,-0.7283276;
racing,killCuboid,0.3,6,0.3,427.4623,7.923843,-389.9393,0,0.6852291,0,-0.7283276;
racing,killCuboid,0.3,6,0.3,427.9499,10.39921,-404.6667,0,0.688413,0,-0.725319;
racing,killCuboid,0.3,6,0.3,428.0634,9.599204,-398.6645,0,0.688413,0,-0.725319;
racing,killCuboid,0.3,6,0.3,421.6505,6.238192,-416.8423,0,0.7102562,0,-0.7039433;
racing,killCuboid,0.3,6,0.3,422.6246,6.114051,-386.7012,0,0.6868652,0,-0.7267848;
racing,killCuboid,1,6,0.3,409.4173,8.237278,-411.5591,0,0.6837176,0,-0.7297467;
racing,killCuboid,1,6,0.3,407.363,7.625496,-388.7612,0,0.6643817,0,-0.7473935;
racing,killCuboid,1,6,0.3,395.1724,9.138582,-399.5867,0,0.6853141,0,-0.7282476;
racing,killCuboid,1,6,0.3,377.0283,8.325081,-410.2259,0,0.6821342,0,-0.731227;
racing,killCuboid,1,6,0.3,376.6213,7.41288,-386.4418,0,0.6660215,0,-0.7459325;
racing,killTube,2,30,2,235.0986,21.62402,-389.2585,-0.5212087,0.4778509,-0.477851,-0.5212088;
racing,killCuboid,1,1,1,255.8472,23.62069,-380.4894,0,0.6790234,0,-0.7341167;
racing,killCuboid,1,1,1,319.2833,4.698068,-408.497,0,0.6806372,0,-0.7326206;
racing,killCuboid,1,1,1,323.5216,5.898069,-383.4606,0,0.6806372,0,-0.7326206;
racing,killCuboid,1,1,1,275.2805,7.550425,-392.9786,0,0.6790385,0,-0.7341027;
racing,killCuboid,1,1,1,222.7895,6.240015,-401.6352,0,0.6822361,0,-0.7311319;
racing,killCuboid,1,1,1,199.1843,6.20266,-375.7837,0,0.69646,0,-0.7175957;
racing,killCuboid,1,1,1,169.3848,7.069094,-376.0789,0,0.705794,0,-0.7084172;
racing,killCuboid,1,1,1,137.2197,7.948185,-387.1658,0,0.7057942,0,-0.7084171;
racing,killCuboid,1,1,1,94.23592,6.830893,-368.1449,0,0.6838328,0,-0.7296388;
racing,killCuboid,1,1,1,149.4016,19.69831,-398.212,0,0.6790575,0,-0.7340851;
racing,killCuboid,1,1,1,169.09,19.62564,-370.5344,0,0.671016,0,-0.7414429;
50647;
misc,barrier,8,0.3,120,-597.2896,60.45145,106.0621,0,0.008318742,0,0.9999654;
custom,cuboid,default,3,0.3,3,0,1,1,1,1.0,1.0,-602.799,-0.6525558,-511.187,0,0.9997725,0,-0.02133045;
spawnpoint,playerM,-602.8923,0.5267286,-509.7647,0,0.9997236,0,-0.02350917;
racing,killCuboid,160,0.5,160,-118.8281,-2.263156,119.4782,0,0.9999986,0,-0.001684828;
racing,killSphere,3,3,3,-616.1837,31.67095,-403.6145,0,0.05028026,0,-0.9987352;
racing,killSphere,3,3,3,-591.4947,4.503209,-392.9861,0,0.01947708,0,0.9998103;
racing,killCuboid,3,3,3,-614.1555,10.33272,-349.3284,0,0.05468183,0,-0.9985039;
racing,killSphere,3,3,3,-594.8334,42.94135,-359.5742,0,0.0001815875,0,-1;
racing,killSphere,3,3,3,-587.1976,23.70088,-280.8988,0,0.01070113,0,0.9999428;
racing,killSphere,3,3,3,-589.619,-2.593558,-276.55,0,0.03469178,0,0.9993981;
racing,killSphere,3,3,3,-586.2405,25.93274,-344.541,0,0.02376186,0,0.9997177;
racing,killSphere,3,3,3,-620.8127,14.41785,-258.301,0,0.01987461,0,-0.9998025;
racing,killSphere,3,3,3,-608.5482,48.72538,-259.7006,0,0.01988605,0,-0.9998023;
racing,killCuboid,3,3,3,-617.5248,32.60762,-415.8316,0,0.0547849,0,-0.9984982;
racing,killSphere,3,3,3,-582.89,22.78478,-225.7886,0,0.1561584,0,0.9877321;
racing,killSphere,3,3,3,-609.6754,-1.956701,-215.2971,0,0.04172464,0,-0.9991292;
racing,killSphere,3,3,3,-615.4484,33.6636,-219.569,0,0.1717889,0,-0.9851338;
racing,killSphere,3,3,3,-589.5443,7.691424,-164.0407,0,0.01713887,0,0.9998531;
racing,killSphere,3,3,3,-596.3625,18.96229,-128.5624,0,0.004681244,0,-0.999989;
racing,killSphere,3,3,3,-612.3342,2.886438,-60.32708,0,0.004699602,0,-0.999989;
racing,killSphere,3,3,3,-580.917,4.966392,-56.32888,0,0.006208013,0,0.9999807;
racing,killSphere,3,3,3,-582.0901,30.5664,-51.76339,0,0.006208013,0,0.9999807;
racing,killSphere,3,3,3,-613.4347,28.07487,-57.53654,0,0.06356401,0,-0.9979778;
racing,killSphere,3,3,3,-597.136,15.78444,-8.456449,0,0.006891347,0,-0.9999763;
racing,killSphere,3,3,3,-574.8656,5.010648,24.34716,0,0.01710563,0,0.9998537;
racing,killSphere,3,3,3,-614.866,-0.2307292,30.58982,0,0.03744028,0,-0.9992989;
racing,killSphere,3,3,3,-591.9615,4.090009,68.2607,0,0.006909466,0,-0.9999762;
racing,killSphere,3,3,3,-571.1945,32.89002,41.81046,0,0.006909466,0,-0.9999762;
racing,killCuboid,3,3,3,-594.1928,39.08296,59.4377,0,0.02872516,0,-0.9995874;
racing,killSphere,3,3,3,-619.376,25.28295,47.98403,0,0.02872564,0,-0.9995874;
racing,killSphere,3,3,3,-612.71,6.096121,102.1067,0,0.02436865,0,-0.999703;
racing,killSphere,3,3,3,-612.1274,37.99993,110.4718,0,0.017826,0,-0.9998411;
racing,killSphere,3,3,3,-589.9411,29.45453,131.9252,0,0.01707024,0,0.9998543;
racing,killSphere,3,3,3,-571.9407,4.454526,113.205,0,0.01707024,0,0.9998543;
racing,killSphere,3,3,3,-593.6372,-3.436896,162.4195,0,0.01129046,0,-0.9999363;
racing,killSphere,3,3,3,-606.2272,19.86813,232.4344,0,0.03965307,0,-0.9992135;
racing,killTube,3,3,3,-575.2576,16.05765,222.6238,0.70691,0.01668724,-0.01668724,0.7069098;
racing,killSphere,3,3,3,-576.2864,13.30403,278.4798,0,0.0345029,0,0.9994046;
racing,killSphere,3,3,3,-611.8555,-3.229493,248.5467,0,0.05491679,0,-0.9984909;
racing,killTube,3,3,3,-598.7411,15.03083,283.3959,-0.7142597,0.01708321,-0.0174448,-0.6994548;
racing,killCuboid,3,3,3,-560.9879,37.45306,288.146,0,0.008302528,0,0.9999655;
racing,killCuboid,3,3,3,-592.7669,43.04588,302.1226,0,0.01920973,0,0.9998155;
racing,killSphere,3,3,3,-578.4415,36.2838,-168.6227,0,0.7399169,0,0.6726983;
racing,killCuboid,3,3,3,-565.9464,43.14114,233.0316,0,0.01916239,0,0.9998164;
racing,killCuboid,2,2,2,330.0618,-1.171848,489.3553,0,0.6982867,0,-0.7158183;
racing,killCuboid,2,2,2,358.2841,6.627025,470.9718,0,0.693588,0,-0.7203719;
racing,killCuboid,2,2,2,353.0043,24.95643,425.3061,0,0.6809282,0,-0.7323502;
racing,killCuboid,2,2,2,370.8032,-4.038445,433.1686,0,0.8523341,0,-0.5229977;
racing,killCuboid,2,2,2,385.3139,24.9634,445.8377,0,0.7168086,0,-0.69727;
racing,killCuboid,2,2,2,391.1276,5.863291,453.0981,0,0.6680506,0,-0.7441159;
racing,killCuboid,2,2,2,385.6354,26.27572,468.3723,0,0.6793447,0,-0.7338194;
racing,killCuboid,2,2,2,395.7877,1.567772,479.5933,0,0.6599039,0,-0.75135;
racing,killCuboid,2,2,2,314.119,24.68464,488.2124,0,0.6873133,0,-0.7263612;
racing,killCuboid,2,2,2,377.1994,28.42023,481.0901,0,0.6983272,0,-0.7157786;
racing,killTorus,2,2,2,427.9811,1.01213,425.8951,-0.3543443,0.6029503,-0.3397452,-0.6288596;
racing,killTorus,2,2,2,426.8758,18.07392,425.9415,-0.2935907,0.6322472,-0.2814946,-0.6594155;
racing,killTorus,2,2,2,455.3423,3.470498,424.9124,-0.3089874,0.5921302,-0.3129386,-0.6752615;
racing,killSphere,2,2,2,464.3995,-8.951282,424.4919,0,0.6905055,0,-0.7233272;
racing,killSphere,2,2,2,425.4891,9.648726,454.7195,0,0.6905055,0,-0.7233272;
racing,killCuboid,2,2,2,438.4871,32.79649,425.8368,0,0.6920909,0,-0.7218103;
racing,killSphere,2,2,2,289.787,19.59539,-406.7608,0,0.6826141,0,-0.730779;
racing,killSphere,2,2,2,294.7956,15.57572,-374.8344,0,0.6794203,0,-0.7337494;
racing,killSphere,2,2,2,321.7124,-1.843441,-396.0088,0,0.7138434,0,-0.7003053;
racing,killSphere,2,2,2,186.539,33.47363,-385.8125,0,0.6826258,0,-0.7307681;
racing,killSphere,2,2,2,99.85272,3.371313,-378.5867,0,0.6921352,0,-0.721768;
racing,killCuboid,4,4,4,1.85133,-2.948579,-396.8278,0,0.6794355,0,-0.7337353;
racing,killCuboid,4,4,4,7.045897,-3.675684,-345.435,0,0.6794355,0,-0.7337353;
racing,killCuboid,4,4,4,-18.50852,27.5643,-367.9812,0,0.6794355,0,-0.7337353;
racing,killTorus,1,1,1,-12.59857,3.988158,-369.6397,-0.5133675,0.4854381,-0.4753761,-0.5242339;
custom,cuboid,default,1,5,1,0,1,1,1,1.0,1.0,-279.3639,29.6719,-259.8185,0.3485364,0.01341522,-0.004989078,0.9371859;
custom,cuboid,default,1,5,1,0,1,1,1,1.0,1.0,-297.4415,26.58856,-215.8555,0,0.7169858,0,-0.6970878;
custom,cuboid,default,4,1,1,0,1,1,1,1.0,1.0,-297.6273,54.38851,-216.0611,0,0.7169858,0,-0.6970878;
racing,endCylinder,1,1,1,-288.7461,61.15471,-299.8254,0,0.9998982,0,-0.01426855;