map,disablebounds;
custom,cuboid,default,7,7,7,0,1,1,1,1.0,1.0,-3.303004,-25.34677,-15.65881,0,0.8869998,0,0.4617698;
racing,killPlane,50,1,50,6.406751,4.785205,288.3283,0,0.9985183,0,-0.05441612;
custom,cuboid,default,0.8,5,50,0,1,1,1,1.0,1.0,31.44806,18.06,538.4957,0,0.6686066,0,-0.7436163;
custom,cuboid,default,0.8,5,50,0,1,1,1,1.0,1.0,252.9516,18.5841,274.1416,0,0.9985697,0,-0.05346494;
custom,cuboid,default,0.8,5,50,0,1,1,1,1.0,1.0,-19.65782,17.41601,61.07105,0,0.6621227,0,-0.7493955;
custom,cuboid,default,0.8,5,40,0,1,1,1,1.0,1.0,-247.6557,20.08093,208.7341,0,0.05342074,0,0.9985721;
custom,cuboid,default,0.8,5,50,0,1,1,1,1.0,1.0,47.44773,20.20857,655.4515,0,0.6914026,0,-0.7224697;
custom,cuboid,default,0.8,5,50,0,1,1,1,1.0,1.0,264.7229,19.91265,397.9693,0,0.998552,0,-0.05379537;
custom,cuboid,default,0.8,5,50,0,1,1,1,1.0,1.0,-121.9101,18.93298,661.5989,0,0.7209268,0,0.6930113;
custom,cuboid,default,0.8,5,20,0,1,1,1,1.0,1.0,-375.6222,20.97497,575.8053,0,0.9995035,0,-0.03150821;
custom,cuboid,default,0.8,5,5,0,1,1,1,1.0,1.0,-211.7198,13.4578,589.3341,0,0.9985847,0,-0.05318434;
custom,cuboid,default,0.8,5,15,0,1,1,1,1.0,1.0,-312.1174,20.22487,466.4077,0,0.7638327,0,0.6454143;
custom,cuboid,default,0.8,5,10,0,1,1,1,1.0,1.0,-255.3528,17.18747,616.5941,0,0.6590449,0,-0.7521037;
custom,cuboid,default,0.8,5,10,0,1,1,1,1.0,1.0,-329.5887,17.60579,589.7429,0,0.7566758,0,0.6537904;
custom,cuboid,default,0.8,5,10,0,1,1,1,1.0,1.0,-215.9055,18.88208,555.6116,0,0.06534931,0,0.9978625;
custom,cuboid,default,0.8,5,10,0,1,1,1,1.0,1.0,-265.0672,19.11395,541.5327,0,0.7445617,0,0.6675536;
custom,cuboid,default,0.8,5,10,0,1,1,1,1.0,1.0,-280.565,22.06755,457.8893,0,0.7620479,0,0.6475207;
custom,cuboid,default,0.8,5,7,0,1,1,1,1.0,1.0,123.7683,18.44864,615.9013,0,0.9998916,0,-0.01472341;
custom,cuboid,default,0.8,5,7,0,1,1,1,1.0,1.0,63.65753,17.49518,566.2305,0,0.997128,0,-0.07573503;
custom,cuboid,default,0.8,5,7,0,1,1,1,1.0,1.0,14.59196,18.31292,625.1517,0,0.9979514,0,-0.06397688;
custom,cuboid,default,0.8,5,7,0,1,1,1,1.0,1.0,-46.06218,14.27349,578.4725,0,0.9988137,0,-0.048694;
custom,cuboid,default,0.8,5,7,0,1,1,1,1.0,1.0,-94.03503,13.32798,630.3947,0,0.9980366,0,-0.06263355;
racing,killCuboid,0.8,5,7,-163.3102,18.51987,592.7837,0,-0.06866477,0,-0.9976398;
racing,killCuboid,1,5,7,-93.93128,13.42544,629.3757,0,0.9979321,0,-0.06427759;
racing,killCuboid,1,5,7,-46.19516,14.34964,579.7751,0,0.0520609,0,0.9986439;
racing,killCuboid,1,5,7,14.49665,18.37186,623.6487,0,0.9979064,0,-0.06467468;
racing,killCuboid,1,5,7,63.57092,18.19299,567.3579,0,0.0753662,0,0.997156;
custom,cuboid,default,0.8,5,7,0,1,1,1,1.0,1.0,209.7778,7.601627,546.5544,-0.04897888,0.7211933,-0.6904157,-0.02841455;
racing,startCuboid,0.8,5,15,181.4912,21.6811,601.2372,0,0.9990464,0,-0.04366;
spawnpoint,playerC,246.5898,19.38068,606.942,0,0.988158,0,-0.1534398;
custom,cuboid,default,0.8,5,30,0,0.3863637,0.625,1,1.0,1.0,-104.5757,22.15699,438.716,0,0.7428424,0,0.6694664;
custom,cuboid,default,0.8,5,30,0,0.3863637,0.625,1,1.0,1.0,60.36045,21.83744,419.8159,0,0.7463183,0,0.6655892;
custom,cuboid,default,0.8,5,30,0,0.3863637,0.625,1,1.0,1.0,184.4011,18.88114,239.8556,0,0.9978912,0,-0.06490864;
custom,cuboid,default,0.8,5,30,0,0.3863637,0.625,1,1.0,1.0,21.44576,20.44464,117.0954,0,0.6512223,0,-0.7588871;
custom,cuboid,default,0.8,5,30,0,0.3863637,0.625,1,1.0,1.0,188.2436,20.16414,274.421,0,0.06654143,0,0.9977837;
custom,cuboid,default,0.8,5,7,0,0.3863637,0.625,1,1.0,1.0,-163.9754,19.21918,484.4843,0,0.06601797,0,0.9978185;
custom,cuboid,default,0.8,5,7,0,0.3863637,0.625,1,1.0,1.0,-102.4925,15.25378,520.8612,0,0.07950827,0,0.9968342;
custom,cuboid,default,0.8,5,7,0,0.3863637,0.625,1,1.0,1.0,-51.81599,20.5415,468.379,0,0.07296407,0,0.9973346;
custom,cuboid,default,0.8,5,7,0,0.3863637,0.625,1,1.0,1.0,5.665355,18.36673,507.9879,0,0.07510382,0,0.9971758;
custom,cuboid,default,0.8,5,7,0,0.3863637,0.625,1,1.0,1.0,51.88404,17.30409,455.5456,0,0.06290043,0,0.9980198;
custom,cuboid,default,0.8,5,7,0,0.3863637,0.625,1,1.0,1.0,112.9874,14.97915,497.2309,0,0.06159035,0,0.9981015;
racing,killCuboid,1,5,7,192.2342,19.74767,434.6284,-0.9571478,0.006507423,0.2895058,0.003492434;
racing,killCuboid,1,5,7,-163.9201,19.49516,485.0803,0,0.06591547,0,0.9978252;
racing,killCuboid,1,5,7,-102.4211,16.65133,519.3235,0,0.08097166,0,0.9967164;
racing,killCuboid,1,5,7,-51.72,21.25947,469.0851,0,0.07540355,0,0.9971531;
racing,killCuboid,1,5,7,6.103507,18.55685,507.6323,0,0.07627026,0,0.9970872;
racing,killCuboid,1,5,7,52.01451,18.17726,457.0942,0,0.06622577,0,0.9978047;
racing,killCuboid,1,5,7,112.2958,16.0282,496.1356,0,0.05925818,0,0.9982427;
custom,cuboid,default,1,5,7,0,0.3863637,0.625,1,1.0,1.0,-154.5455,20.68715,143.4887,0,0.6567996,0,-0.7540653;
custom,cuboid,default,0.8,5,10,0,0.3863637,0.625,1,1.0,1.0,-203.6162,17.05521,199.8288,0,0.7488679,0,0.6627194;
custom,cuboid,default,0.8,5,10,0,0.3863637,0.625,1,1.0,1.0,-194.4786,15.63796,297.4786,0,0.7628645,0,0.6465585;
custom,cuboid,default,0.8,5,10,0,0.3863637,0.625,1,1.0,1.0,-99.18348,19.9762,329.6476,0,0.7560503,0,0.6545135;
custom,cuboid,default,0.8,5,20,0,0.3863637,0.625,1,1.0,1.0,-70.69195,20.61165,228.4265,0,0.08744187,0,0.9961696;
custom,cuboid,default,0.8,5,20,0,0.3863637,0.625,1,1.0,1.0,-127.4267,20.05734,387.991,0,0.6469212,0,-0.7625569;
custom,cuboid,default,0.8,5,10,0,0.3863637,0.625,1,1.0,1.0,-116.6252,21.06537,235.7995,0,0.6657119,0,-0.7462089;
custom,cuboid,default,0.8,5,10,0,0.3863637,0.625,1,1.0,1.0,21.08975,20.07799,366.8108,0,0.7417823,0,0.6706408;
custom,cuboid,default,0.8,5,10,0,0.3863637,0.625,1,1.0,1.0,80.46447,19.83583,361.5195,0,0.7382452,0,0.6745325;
custom,cuboid,default,0.8,5,17,0,0.3863637,0.625,1,1.0,1.0,112.2958,20.12398,276.9909,0,0.9967691,0,-0.08032022;
custom,cuboid,default,0.8,5,17,0,0.3863637,0.625,1,1.0,1.0,53.38515,21.45755,195.5455,0,0.9962286,0,-0.08676727;
custom,cuboid,default,0.8,5,17,0,0.3863637,0.625,1,1.0,1.0,60.28263,22.44331,233.5969,0,0.9964528,0,-0.08415353;
custom,cuboid,default,0.8,5,17,0,0.3863637,0.625,1,1.0,1.0,12.2633,20.36626,284.9277,0,0.9974691,0,-0.07110094;
custom,cuboid,default,0.8,5,50,0,0.3863637,0.625,1,1.0,1.0,-309.0976,20.22509,216.778,0,0.9992952,0,-0.03753762;
custom,cuboid,default,0.8,5,50,0,0.3863637,0.625,1,1.0,1.0,-257.7267,20.22506,159.5436,0,0.9987621,0,-0.04974323;
custom,cuboid,default,0.8,5,5,0,0.3863637,0.625,1,1.0,1.0,-308.3245,19.42847,-75.6867,0,0.6671888,0,0.7448887;
racing,endCuboid,0.8,5,5,-304.0145,16.63847,-39.5873,0,0.3416099,0,-0.9398419;
custom,cuboid,wood2,0.8,5,5,0,0.3863637,0.625,1,1.0,1.0,-454.0713,1.613352,-55.55713,-0.4942606,0.4885738,0.5060532,-0.5107958;
custom,cuboid,wood3,0.8,3,3,0,0.3863637,0.625,1,1.0,1.0,-457.6083,6.608872,-56.11549,-0.5070786,0.5106313,-0.4892653,0.4926932;
custom,cuboid,wood4,0.8,1,1,0,0.3863637,0.625,1,1.0,1.0,-455.9793,12.24442,-55.8006,-0.4858687,0.4977622,0.512576,-0.5034186;
custom,cuboid,default,0.8,5,15,0,0.3863637,0.625,1,1.0,1.0,-402.083,21.74714,-19.93394,0,0.7428284,0,0.6694819;
custom,cuboid,default,0.8,5,15,0,0.3863637,0.625,1,1.0,1.0,-402.709,19.40689,-91.91289,0,0.7713796,0,-0.6363754;
custom,cuboid,default,0.8,5,15,0,0.3863637,0.625,1,1.0,1.0,-456.6603,23.79299,-16.26181,0,0.6937644,0,-0.720202;
custom,cuboid,default,0.8,5,15,0,0.3863637,0.625,1,1.0,1.0,-475.7628,19.19432,-85.59978,0,0.9991008,0,0.04239757;
custom,cuboid,default,0.2,1.5,0.1,1,0,0,0,1.0,1.0,-469.1008,31.41427,-80.32899,0,0.7130231,0,-0.7011405;
custom,cuboid,default,0.2,1,0.1,1,0,0,0,1.0,1.0,-472.2892,25.01427,-76.77946,-0.5015366,0.5068165,0.4931785,-0.4983705;
custom,arc180,default,1,0.4,0.4,1,0,0,0,1.0,1.0,-471.0551,29.75911,-66.98946,0.7059652,0.7066797,-0.01501797,-0.04462659;
custom,cuboid,default,0.2,1,0.1,1,0,0,0,1.0,1.0,-473.2908,28.55916,-58.94667,0,0.7006889,0,-0.7134669;
custom,torus,default,0.7,0.7,0.7,1,0,0,0,1.0,1.0,-472.1729,28.66403,-52.27802,0.5120697,0.4864996,0.4730999,-0.5265731;
custom,arc90,default,0.5,0.5,0.5,1,0,0,0,1.0,1.0,-473.0649,24.22107,-50.0196,-0.6060246,0.5688496,0.4537137,0.3213848;
custom,arc90,default,0.5,0.5,0.5,1,0,0,0,1.0,1.0,-473.3289,21.53593,-52.02068,0.4210454,-0.3727279,-0.533633,-0.6316887;
custom,cuboid,default,0.2,1,0.2,1,0,0,0,1.0,1.0,-475.7601,28.3559,-44.79516,0,0.7146112,0,-0.6995219;
misc,barrier,100,1,100,-236.6607,47.7889,332.8606,0,0.6740029,0,-0.7387286;
custom,cuboid,default,100,1,100,1,0,0,0,1.0,1.0,-197.1361,-0.9605463,360.572,0,0.6740743,0,-0.7386636;
custom,cylinder,default,1,1,1,0,1,1,1,1.0,1.0,-161.9761,26.64919,614.4238,0,0.8746535,0,-0.4847487;
