custom,cuboid,stone5,15,10,15,0,1,1,1,1.0,1.0,-9.717961,19.0393,-64.60567,0,0.9999995,0,-0.001031815;
custom,cuboid,stone5,15,1,15,0,1,1,1,1.0,1.0,-9.442736,-0.7373377,73.6071,0,0.9999996,0,-0.0009348555;
custom,cuboid,stone5,15,1,15,0,1,1,1,1.0,1.0,-9.225672,-0.7693431,222.8058,0,0.9999998,0,-0.0007550469;
custom,cuboid,stone5,15,1,15,0,1,1,1,1.0,1.0,-8.53568,-0.8231453,372.7378,0,0.9999938,0,-0.003532721;
racing,killCuboid,15,1,15,-9.435689,0.04057088,75.87039,0,0.9999983,0,-0.001848593;
racing,killCuboid,15,1,15,-9.235381,-0.2521248,225.5591,0,0.9999998,0,-0.0006223092;
racing,killCuboid,15,1,15,-8.571768,-0.7077432,374.9417,0,0.9999939,0,-0.003492904;
racing,killCuboid,15,10,1,-9.470516,18.91931,6.710998,0,1,0,-0.0002605375;
racing,killCuboid,15,10,1,60.12492,110.0027,-64.76065,0,0.7080812,0,0.7061311;
racing,killCuboid,15,10,1,-9.847102,110.0373,-134.5501,0,-0.001018408,0,-0.9999995;
racing,killCuboid,15,10,1,-79.6863,110.1144,-64.33594,0,0.7078856,0,0.7063271;
racing,startCuboid,15,10,1,-9.540165,110.1033,5.295459,0,0.9999995,0,-0.001008968;
racing,killCuboid,15,1,15,-9.749969,164.9171,-64.80526,0,0.9999996,0,-0.0009050245;
racing,killCuboid,1,20,45,60.86734,69.93822,224.4254,0,0.9999979,0,-0.002073443;
racing,killCuboid,15,20,1,-8.033802,69.80842,444.2466,0,0.999998,0,-0.002030341;
racing,killCuboid,1,20,40,-78.83363,69.80421,209.4225,0,0.9999989,0,-0.001491645;
racing,killCuboid,15,1,45,-8.89688,164.7648,224.4599,0,0.9999987,0,-0.001631732;
racing,killCuboid,3,10,1,-77.67108,24.67942,424.4285,0,0.7000368,0,-0.7141069;
racing,killCuboid,3,7,1,-78.5049,134.7685,424.5118,0,0.7113978,0,0.7027895;
racing,killCuboid,15,15,1,-302.5359,114.6165,268.6505,0,0.003589405,0,0.9999936;
custom,sphere,stone5,2,2,2,0,1,1,1,1.0,1.0,-33.3512,75.13255,170.9741,0,0.9999669,0,-0.008138611;
custom,sphere,stone5,2,2,2,0,1,1,1,1.0,1.0,-56.78288,118.457,284.9271,0,0.08559057,0,-0.9963304;
custom,sphere,stone5,2,2,2,0,1,1,1,1.0,1.0,29.19954,101.8223,337.938,0,0.01370521,0,-0.9999061;
custom,sphere,stone5,2,2,2,0,1,1,1,1.0,1.0,23.07725,45.45697,189.7942,0,0.9992531,0,-0.0386426;
custom,sphere,stone5,2,2,2,0,1,1,1,1.0,1.0,14.52959,119.0881,60.27658,0,0.9998927,0,-0.01465201;
custom,sphere,stone5,2,2,2,0,1,1,1,1.0,1.0,-35.91246,112.3836,110.1039,0,0.1234141,0,0.9923553;
custom,sphere,stone5,2,2,2,0,1,1,1,1.0,1.0,-54.03055,36.78547,186.851,0,0.04424906,0,-0.9990205;
custom,sphere,stone5,2,2,2,0,1,1,1,1.0,1.0,-13.81601,78.37483,379.8791,0,0.02336454,0,0.999727;
custom,sphere,stone5,2,2,2,0,1,1,1,1.0,1.0,-39.80001,115.1213,364.5652,0,0.4623185,0,-0.8867139;
custom,sphere,stone5,2,2,2,0,1,1,1,1.0,1.0,-28.53781,53.4134,299.069,0,0.9512554,0,-0.3084042;
custom,sphere,stone5,2,2,2,0,1,1,1,1.0,1.0,27.27599,103.3783,222.6216,0,0.9942217,0,0.107346;
custom,sphere,stone5,2,2,2,0,1,1,1,1.0,1.0,18.48991,65.09339,94.58817,0,0.007205337,0,-0.9999741;
custom,sphere,stone5,2,2,2,0,1,1,1,1.0,1.0,29.98758,42.69295,344.6376,0,0.03859409,0,0.999255;
custom,sphere,stone5,2,2,2,0,1,1,1,1.0,1.0,-4.081482,119.0931,154.6689,0,0.1527966,0,-0.9882576;
custom,sphere,stone5,2,2,2,0,1,1,1,1.0,1.0,39.78888,74.79329,159.6319,0,0.4591989,0,0.8883335;
custom,sphere,stone5,2,2,2,0,1,1,1,1.0,1.0,-45.83482,45.44194,123.4772,0,0.7377517,0,-0.6750722;
custom,sphere,stone5,2,2,2,0,1,1,1,1.0,1.0,-31.40339,88.25512,68.66915,0,0.02328105,0,0.999729;
custom,sphere,stone5,2,2,2,0,1,1,1,1.0,1.0,-22.23737,145.2517,98.14182,0,0.06612138,0,-0.9978116;
custom,sphere,stone5,2,2,2,0,1,1,1,1.0,1.0,12.49728,139.226,327.1993,0,0.1168154,0,0.9931536;
custom,sphere,stone5,2,2,2,0,1,1,1,1.0,1.0,-4.830686,31.16095,243.3924,0,0.005802702,0,0.9999832;
custom,sphere,stone5,2,2,2,0,1,1,1,1.0,1.0,-51.52897,105.5692,215.8505,0,0.001393168,0,0.999999;
custom,sphere,stone5,2,2,2,0,1,1,1,1.0,1.0,25.21745,65.51362,275.0413,0,0.1059047,0,0.9943763;
custom,sphere,stone5,2,2,2,0,1,1,1,1.0,1.0,-16.97458,131.183,274.8105,0,0.05153905,0,0.998671;
custom,sphere,stone5,2,2,2,0,1,1,1,1.0,1.0,15.06512,120.4711,403.9172,0,0.7003364,0,0.7138129;
racing,killSphere,2.5,2.5,2.5,-31.6931,87.80621,68.84386,0,0.01445731,0,0.9998955;
racing,killSphere,2.5,2.5,2.5,19.84411,64.32439,95.07948,0,0.1964091,0,0.980522;
racing,killSphere,2.5,2.5,2.5,14.6528,118.5458,62.8651,0,0.3819077,0,0.9242005;
racing,killSphere,2.5,2.5,2.5,-36.09681,112.0833,110.2549,0,0.09065388,0,0.9958825;
racing,killSphere,2.5,2.5,2.5,-21.04329,144.7566,95.53264,0,0.9996798,0,-0.0253044;
racing,killSphere,2.5,2.5,2.5,38.99895,74.26756,160.0894,0,0.1684705,0,0.9857067;
racing,killSphere,2.5,2.5,2.5,-2.550849,118.6627,152.4349,0,0.9997891,0,0.02053792;
racing,killSphere,2.5,2.5,2.5,25.91618,102.7998,225.0941,0,0.05141995,0,0.9986771;
racing,killSphere,2.5,2.5,2.5,-50.55832,105.4087,213.2068,0,0.99099,0,-0.133936;
racing,killSphere,2.5,2.5,2.5,-33.48125,74.45285,170.6293,0,0.9985629,0,-0.05359148;
racing,killSphere,2.5,2.5,2.5,-46.05595,44.5909,123.1116,0,0.7624205,0,-0.6470819;
racing,killSphere,2.5,2.5,2.5,21.76827,44.84104,192.6632,0,0.04921778,0,0.9987881;
racing,killSphere,2.5,2.5,2.5,-4.161239,30.36895,240.4139,0,0.9906983,0,-0.1360766;
racing,killSphere,2.5,2.5,2.5,-54.5113,36.40544,185.0022,0,0.7845558,0,-0.6200582;
racing,killSphere,2.5,2.5,2.5,-29.67355,52.59531,301.3676,0,0.1184964,0,-0.9929545;
racing,killSphere,2.5,2.5,2.5,-14.17579,77.58244,379.9493,0,0.02935337,0,-0.9995691;
racing,killSphere,2.5,2.5,2.5,31.89213,42.00933,344.3283,0,0.7140802,0,0.7000639;
racing,killSphere,2.5,2.5,2.5,31.18609,101.065,338.0607,0,0.6700094,0,0.7423526;
racing,killSphere,2.5,2.5,2.5,26.18463,64.79144,272.5436,0,0.9995688,0,0.02936616;
racing,killSphere,2.5,2.5,2.5,-16.25622,130.6202,272.0544,0,0.9894832,0,-0.144648;
racing,killSphere,2.5,2.5,2.5,-57.23944,117.9802,285.1988,0,0.2131889,0,-0.977011;
racing,killSphere,2.5,2.5,2.5,-39.66436,114.2249,365.7326,0,0.06210111,0,-0.9980699;
racing,killSphere,2.5,2.5,2.5,14.52635,120.1076,404.8902,0,0.2324071,0,0.9726186;
racing,killSphere,2.5,2.5,2.5,12.86635,138.5812,324.6262,0,0.9814148,0,-0.1918985;
custom,cylinder,stone5,2,10,2,0,1,1,1,1.0,1.0,-56.73906,59.95597,337.7091,0,0.9989031,0,-0.04682621;
custom,cylinder,stone5,2,10,2,0,1,1,1,1.0,1.0,4.314267,60.23608,131.509,0,0.07097153,0,-0.9974784;
custom,cylinder,stone5,2,10,2,0,1,1,1,1.0,1.0,31.97626,60.01077,249.2574,0,0.5814351,0,0.8135928;
racing,killCylinder,2.3,10,2.3,4.072717,60.23552,131.6122,0,0.9903896,0,0.1383055;
racing,killCylinder,2.3,10,2.3,32.13247,60.12909,249.2436,0,0.3652657,0,0.9309034;
racing,killCylinder,2.3,10,2.3,-56.71912,59.86061,337.4964,0,0.3758613,0,-0.9266759;
racing,killCuboid,15,1,5,-156.6385,82.60546,425.5491,0.08715545,0.996191,-0.0002379814,-0.00272014;
racing,killCuboid,15,1,5,-155.7489,117.1249,426.1425,0.08680771,0.9962214,-0.0002370318,-0.002720224;
racing,killCuboid,15,1,15,-304.1772,95.23934,376.7392,0,0.7089522,0,0.7052565;
racing,killCuboid,15,10,1,-224.7854,174.9576,376.7239,0,0.7067106,0,0.7075028;
racing,killCuboid,10,10,1,-225.2866,74.9503,351.7746,0,0.7025427,0,0.7116417;
racing,killCuboid,15,5,1,-155.0877,99.98077,445.0982,0.08402221,0.9964217,-0.0007704835,-0.009137193;
racing,killCuboid,15,5,1,-155.1119,99.74015,403.713,-0.0005291231,0.006096923,0.08645863,-0.9962367;
racing,killCuboid,1,15,15,-300.9355,149.9529,447.0718,0,0.7090124,0,0.705196;
racing,killCuboid,1,15,15,-371.5355,150.6301,377.5674,0,0.003893523,0,0.9999924;
racing,killCuboid,15,1,15,-303.6982,219.0693,378.5986,0,0.001790919,0,0.9999985;
custom,cuboid,stone5,4,4,1,0,1,1,1,1.0,1.0,-322.6971,120.0807,422.7455,0,0.7026434,0,-0.7115422;
spawnpoint,playerC,-34.50611,89.45374,-80.03536,0,0.7041203,0,0.7100807;
spawnpoint,playerM,-9.395353,103.4541,-72.62666,0,0.9997086,0,-0.02414056;
racing,killCuboid,5,1,30,-233.2512,0.7121562,426.1421,0,0.7096478,0,0.7045566;
racing,killCuboid,15,1,15,-301.7804,44.53006,327.6507,0,0.9999903,0,-0.004410347;
racing,killCuboid,15,15,1,-158.6846,17.1647,405.6807,0,-0.003016744,0,-0.9999955;
racing,killCuboid,15,15,1,-300.9673,-25.48653,406.2397,0,0.9999164,0,-0.01293461;
racing,killCuboid,15,15,1,-372.3197,0.1393545,339.5919,0,0.7120888,0,0.7020894;
racing,killCuboid,15,15,1,-157.2531,14.05187,445.5027,0,0.999998,0,-0.002002401;
racing,killCuboid,15,15,1,-307.4614,0.3862295,446.6649,0,0.999992,0,-0.003995324;
racing,killCuboid,5,15,1,-372.1229,0.08643647,426.6489,0,0.709614,0,0.7045907;
racing,killCuboid,5,15,1,-371.7734,149.5632,288.0388,0,0.7069302,0,0.7072834;
racing,killCuboid,5,15,1,-229.5544,148.8233,287.7788,0,0.7088332,0,-0.7053761;
custom,sphere,stone5,0.5,0.5,0.5,0,1,1,1,1.0,1.0,-225.705,66.20065,407.0052,0,0.7516024,0,0.6596164;
custom,cuboid,stone5,3,0.5,3,0,1,1,1,1.0,1.0,-98.46399,6.334087,425.4735,0,0.715308,0,0.6988094;
racing,checkpointCuboid,1,1,1,-99.19693,13.81409,425.9597,0,0.7099205,0,0.7042819;
custom,cuboid,stone5,5,7,0.7,0,1,1,1,1.0,1.0,-303.5336,154.0696,269.8708,0,0.999995,0,-0.003185705;
racing,killCuboid,5,3,1,-229.6511,58.88804,287.5798,0,0.7088906,0,-0.7053185;
custom,cuboid,stone5,5,3,1,0,1,1,1,1.0,1.0,-303.9805,73.10824,268.8305,0,0.9999935,0,-0.003610191;
racing,killCuboid,1,30,7,-373.5816,74.42181,231.3971,0,0.003760261,0,0.999993;
racing,killCuboid,1,30,15,-294.687,74.46964,200.3566,0,0.7029622,0,-0.7112273;
racing,killCuboid,1,7,15,-302.43,14.51637,257.6156,0,0.7036871,0,-0.71051;
racing,killCuboid,15,1,15,-293.8187,220.0055,270.133,0,0.7041696,0,-0.7100319;
racing,killCuboid,7,1,15,-294.7339,-2.279923,230.5248,0,0.70247,0,-0.7117134;
racing,killCuboid,7,1,15,-185.5762,-2.524816,189.1502,0,0.00724829,0,0.9999737;
racing,killCuboid,1,10,15,-145.6737,-0.7765762,188.5509,0,0.9999726,0,-0.007416014;
racing,killCuboid,1,10,8,-225.6119,0.04019342,154.5964,0,0.009041266,0,0.9999592;
racing,killCuboid,1,10,8,-187.6506,-0.4192483,256.4771,0,0.7021111,0,-0.7120674;
racing,killCuboid,9,1,15,-185.0407,54.18794,189.2242,0,0.008842425,0,0.999961;
racing,killCuboid,7,20,1,-230.0248,123.7054,229.9976,0,0.7114557,0,0.702731;
custom,sphere,stone5,0.8,0.8,0.8,0,1,1,1,1.0,1.0,-229.5826,100.5815,228.7109,0,0.7125592,0,0.701612;
custom,sphere,stone5,0.8,0.8,0.8,0,1,1,1,1.0,1.0,-229.0841,30.68019,228.1625,0,0.7063988,0,0.7078142;
custom,sphere,stone5,0.8,0.8,0.8,0,1,1,1,1.0,1.0,-229.9573,74.4745,228.2807,0,0.7063987,0,0.7078142;
custom,cuboid,stone5,7,1,3,0,1,1,1,1.0,1.0,-186.9601,-2.339737,99.25033,0,0.00798013,0,0.9999682;
racing,killCuboid,7,1,7,-187.7364,-2.363086,49.69591,0,-0.007521712,0,-0.9999717;
racing,killCuboid,1,10,10,-227.3129,9.28371,64.75823,0,0.0009751928,0,0.9999995;
racing,killCuboid,1,10,10,-147.6755,9.212829,64.01751,0,0.006880898,0,0.9999763;
racing,killCuboid,1,10,9,-188.3406,9.295681,9.739929,0,0.7015592,0,-0.7126111;
racing,killCuboid,10,1,9,-188.8075,91.67889,81.17603,0.3030189,0.6500333,0.3084636,0.6248892;
racing,killCuboid,10,10,1,-227.0846,109.8927,55.51782,-0.0009911594,0.7098662,-0.000983429,0.7043352;
racing,killCuboid,1,10,10,-147.4111,109.3521,54.07181,0,0.009732625,0,0.9999527;
racing,killCuboid,7,10,1,-187.7276,109.4211,9.564841,0,0.007483146,0,0.999972;
racing,killCuboid,9,1,9,-187.8307,160.5799,77.40107,-0.3057606,0.6450923,-0.2999253,0.6327806;
racing,killCuboid,10,10,1,-227.5323,209.6198,55.26034,0,0.7076612,0,0.706552;
racing,killCuboid,10,10,1,-147.413,209.3958,53.89224,0,0.6999236,0,-0.7142178;
racing,killCuboid,8,10,1,-185.5864,209.4853,9.702343,0,0.008632655,0,0.9999627;
racing,killCuboid,8,1,9,-188.0465,254.3957,59.00046,0,0.999974,0,-0.007208925;
custom,sphere,stone5,3,3,3,0,1,1,1,1.0,1.0,-186.7735,23.59274,40.97978,0,0.9999339,0,-0.01149836;
custom,sphere,stone5,3,3,3,0,1,1,1,1.0,1.0,-187.4569,206.111,40.60698,0,0.9997962,0,-0.02018855;
racing,killSphere,3.2,3.2,3.2,-189.8134,205.4602,41.80302,0,0.6152539,0,-0.7883291;
racing,killSphere,3.2,3.2,3.2,-186.6319,23.41329,40.77867,0,0.9997001,0,-0.02448783;
custom,sphere,stone5,1,1,1,0,1,1,1,1.0,1.0,-184.6028,128.3792,55.95787,0,0.01793665,0,0.9998391;
racing,killCylinder,3,3,3,-187.3257,133.3333,29.29166,0,0.7162815,0,0.6978115;
racing,killCuboid,8,5,1,-186.729,206.9485,99.58153,0,0.9999781,0,-0.006620151;
racing,killCuboid,7,1,15,-151.5177,227.836,138.6781,0,0.7118212,0,0.7023608;
racing,killCuboid,7,1,15,-114.7451,225.8227,28.35126,0.3703949,0.928784,-0.0007620205,-0.01293467;
racing,killCuboid,1,4,15,-151.1536,252.488,168.432,0,0.710736,0,0.7034588;
racing,killCuboid,1,4,15,-82.41418,252.5166,87.96867,0,0.9999799,0,-0.006344269;
racing,killCuboid,1,4,15,-140.9893,252.3433,29.11863,0,-0.009446809,0,-0.9999554;
racing,killCuboid,1,4,15,-82.17767,212.6627,87.66001,0,0.007656963,0,0.9999707;
racing,killCuboid,1,8,7,-83.85503,232.5012,-11.92034,0,-0.007422375,0,-0.9999725;
racing,killCuboid,7,4,1,-112.4124,252.3925,-41.41611,0,0.01044862,0,0.9999454;
racing,killCuboid,7,4,1,-112.1164,202.3787,108.1701,0,0.9999521,0,-0.00978771;
custom,cuboid,stone5,3,1,7,0,1,1,1,1.0,1.0,-134.938,201.3424,-80.11537,0,-0.006318904,0,-0.99998;
racing,killCuboid,3,1,15,-174.8396,1.429187,-80.40152,0,0.7076774,0,0.7065358;
racing,killCuboid,7,4,1,-221.4849,252.7448,139.6323,0,0.7143226,0,0.6998165;
custom,sphere,stone5,1,1,1,0,1,1,1,1.0,1.0,-142.4941,241.5141,96.72301,0,0.9998202,0,-0.01896093;
racing,killCuboid,1,1,1,-132.334,237.3512,98.50513,0,0.9998845,0,-0.01519619;
racing,killCuboid,15,1.5,7,-149.8443,266.4912,137.3138,0,0.004424111,0,0.9999902;
racing,killCuboid,15,1.5,7,-111.1731,266.2504,29.02925,0,0.711983,0,0.7021968;
racing,killCuboid,7,7,1,-144.6542,197.9711,-42.24523,0.0001177862,0.0002745517,-0.3942624,-0.9189979;
custom,cuboid,stone5,3,1,7,0,1,1,1,1.0,1.0,-114.7054,201.0799,-60.36921,0,0.7117148,0,0.7024686;
custom,cuboid,stone5,3,1,7,0,1,1,1,1.0,1.0,-94.93976,201.1442,-80.67733,0,-0.007346706,0,-0.999973;
custom,cuboid,stone5,3,1,7,0,1,1,1,1.0,1.0,-115.2699,201.2369,-100.3725,0,0.7118037,0,0.7023785;
racing,killCuboid,1,7,7,-144.9035,232.6376,-79.97011,0,0.007526736,0,0.9999717;
racing,killCuboid,1,7,7,-115.4503,232.6886,-110.2955,0,0.7022865,0,-0.7118945;
racing,killCuboid,1,7,7,-84.95852,232.6337,-80.67179,0,0.007535559,0,0.9999716;
racing,killCuboid,7,1,7,-114.9684,262.7124,-80.23443,0,0.008374472,0,0.999965;
racing,killCuboid,1,20,3,-104.8201,96.50932,-80.89813,0,-0.002378717,0,-0.9999972;
racing,killCuboid,1,20,3,-114.7569,97.85284,-90.43269,0,0.7129476,0,0.7012173;
racing,killCuboid,1,20,3,-114.734,100.3046,-70.27283,0,0.7102363,0,0.7039635;
racing,killCuboid,3,15,1,-124.9552,131.3156,-80.32305,0,0.7124979,0,0.7016743;
racing,killCuboid,1,5,12,-189.7722,31.20502,-70.50772,0,0.7086396,0,0.7055706;
racing,killCuboid,1,5,12,-189.8003,31.12436,-90.28813,0,0.7076479,0,0.7065653;
racing,killCuboid,3,1,12,-189.3139,61.12712,-80.63725,0,0.7101045,0,0.7040963;
custom,sphere,stone5,1,1,1,0,1,1,1,1.0,1.0,-128.5189,61.69284,-80.22871,0,0.7051606,0,0.7090477;
racing,killCuboid,15,1,15,-324.5935,1.471742,-80.22727,0,0.7094021,0,0.7048041;
custom,cuboid,stone5,1,1,5,0,1,1,1,1.0,1.0,-325.4847,10.02821,-56.65372,0,0.7105536,0,0.703643;
custom,cuboid,stone5,1,1,5,0,1,1,1,1.0,1.0,-345.8988,9.915778,-85.98119,0,-0.007672477,0,-0.9999706;
custom,cuboid,stone5,1,1,5,0,1,1,1,1.0,1.0,-305.7626,10.19519,-86.48403,0,0.001912093,0,0.9999982;
custom,cuboid,stone5,1,1,5,0,1,1,1,1.0,1.0,-325.8676,10.04365,-106.3995,0,0.7040862,0,-0.7101145;
racing,killCuboid,7,1,17,-444.174,38.3249,-79.37176,0,0.9999939,0,-0.00348965;
custom,cuboid,stone5,1,5,1,0,1,1,1,1.0,1.0,-345.3913,33.71853,-56.5047,0,0.7101681,0,0.7040322;
custom,cuboid,stone5,1,5,1,0,1,1,1,1.0,1.0,-346.0966,33.47858,-106.1132,0,0.7101681,0,0.7040322;
custom,cuboid,stone5,1,5,1,0,1,1,1,1.0,1.0,-305.8119,34.18144,-106.5294,0,-0.003459247,0,-0.9999941;
custom,cuboid,stone5,1,5,1,0,1,1,1,1.0,1.0,-305.5383,33.70422,-56.90538,0,0.9999983,0,-0.001881475;
custom,cuboid,stone5,1,1,5,0,1,1,1,1.0,1.0,-305.6481,53.81234,-79.4014,0,0.9999971,0,-0.002400137;
custom,cuboid,stone5,1,1,5,0,1,1,1,1.0,1.0,-325.6277,53.70485,-56.78975,0,0.711258,0,0.702931;
custom,cuboid,stone5,1,1,5,0,1,1,1,1.0,1.0,-345.9907,53.71982,-82.92497,0,0.003880814,0,0.9999925;
custom,cuboid,stone5,1,1,5,0,1,1,1,1.0,1.0,-326.054,53.71175,-106.3171,0,0.7105203,0,0.7036767;
racing,killCuboid,5,5,1,-345.6961,29.83074,-81.7272,0,0.7124199,0,0.7017534;
racing,killCuboid,5,5,1,-325.9056,29.92019,-106.2389,0,-0.004220906,0,-0.9999912;
racing,killCuboid,5,5,1,-305.8499,29.91153,-81.15092,0,0.7052457,0,-0.708963;
racing,killCuboid,5,5,1,-325.8148,30.03265,-56.82805,0,0.9999877,0,-0.004978295;
racing,killCuboid,1,10,8,-245.0014,15.9693,-125.316,0,-0.001014902,0,-0.9999995;
racing,killCuboid,1,10,8,-244.4682,16.02927,-35.20987,0,0.99999,0,-0.004488455;
racing,killCuboid,1,10,16,-329.983,16.06925,-159.8353,0,0.7092786,0,0.7049283;
racing,killCuboid,1,10,16,-328.8907,16.38431,-0.03849692,0,0.7090769,0,0.7051312;
racing,killCuboid,15,10,1,-404.5069,-6.462865,-79.43346,0,0.709991,0,0.7042108;
racing,killCuboid,17,1,17,-324.3833,61.09536,-79.9525,0,0.7088677,0,0.7053416;
racing,killCuboid,17,15,1,-474.1512,118.3362,-79.19294,0,0.7094399,0,0.704766;
racing,killCuboid,6,15,1,-439.8519,118.35,-158.9416,0,0.006230769,0,0.9999806;
racing,killCuboid,6,15,1,-438.6079,118.3308,0.8087241,0,0.9999768,0,-0.006813329;
custom,cuboid,stone5,17,0.9,1,0,1,1,1,1.0,1.0,-404.1847,61.33788,-79.59894,0,0.7089951,0,0.7052135;
racing,killCuboid,17,1,17,-394.0243,112.849,-79.36342,0,0.7062401,0,-0.7079724;
custom,cuboid,stone5,10,3,1,0,1,1,1,1.0,1.0,-473.8307,76.67435,-76.84074,0,0.7044086,0,-0.7097947;
racing,killCuboid,17,13,1,-324.9438,128.2791,-160.2036,0,-0.002784014,0,-0.9999962;
racing,killCuboid,17,13,1,-324.0972,128.3162,0.1790582,0,0.9999959,0,-0.002850262;
racing,killCuboid,17,13,1,-244.7723,128.3125,-80.3923,0,0.7050505,0,-0.7091572;
custom,sphere,stone5,2,2,2,0,1,1,1,1.0,1.0,-329.7924,82.73095,-79.24187,0,0.701586,0,0.7125849;
racing,killSphere,2.2,2.2,2.2,-329.8675,82.53083,-79.04117,0,0.701586,0,0.7125849;
custom,cuboid,stone5,15,3,1,0,1,1,1,1.0,1.0,-247.2388,96.26834,-80.27634,0,0.7100232,0,0.7041784;
custom,cuboid,stone5,15,3,1,0,1,1,1,1.0,1.0,-247.2232,158.2347,-80.0556,0,0.7092842,0,0.7049227;
custom,cylinder,stone5,3,4,3,0,1,1,1,1.0,1.0,-415.2597,153.1896,-145.3346,0,0.7065074,0,-0.7077057;
custom,cylinder,stone5,3,4,3,0,1,1,1,1.0,1.0,-413.4147,153.1904,-18.22022,0,0.7142036,0,-0.699938;
racing,killCuboid,17,1,19,-334.7035,188.2521,-80.18208,0,0.7050058,0,-0.7092016;
racing,killCuboid,1,6,17,-474.0963,222.5295,-79.64721,0,0.004840378,0,0.9999883;
racing,killCuboid,1,6,17,-424.7971,222.5475,-79.634,0,0.001774174,0,0.9999985;
racing,killCuboid,6,6,1,-449.0717,222.6857,0.5309201,0,0.9999954,0,0.003045223;
racing,killCuboid,6,1,17,-449.2581,247.5917,-81.51788,0,0.9999957,0,-0.0029569;
racing,killCuboid,1,35,15,-475.4593,77.4847,-237.7094,0,0.004322894,0,0.9999907;
racing,killCuboid,1,35,15,-426.0089,77.48054,-238.3796,0,0.005979011,0,0.9999821;
racing,killCuboid,4,1,15,-450.8957,4.258193,-238.1758,0,0.005892972,0,0.9999827;
racing,killCuboid,4,7,1,-449.7838,-1.556216,-159.0411,0,0.007898935,0,0.9999688;
racing,killCuboid,4,20,1,-451.7732,152.4422,-308.1628,0,-0.005251381,0,-0.9999863;
racing,killCuboid,4,1,15,-450.8706,247.4195,-237.7491,0,0.004897135,0,0.999988;
custom,cuboid,stone5,4,1,0.9,0,1,1,1,1.0,1.0,-451.8444,57.51544,-307.7505,0,0.999981,0,-0.006170516;
custom,sphere,stone5,3,3,3,0,1,1,1,1.0,1.0,-450.9377,209.9119,-256.6367,0,0.9999999,0,0.0003946582;
racing,killSphere,3.2,3.2,3.2,-450.791,209.9425,-256.7759,0,0.9999886,0,0.004783926;
racing,killPyramid,2,2,2,-449.9398,16.76812,-184.3739,0,-0.005112098,0,-0.9999869;
racing,killPyramid,2,2,2,-450.3317,16.79175,-223.8234,0,0.003885821,0,0.9999925;
racing,killPyramid,2,2,2,-450.9678,16.68414,-262.8943,0,0.009340956,0,0.9999564;
racing,killCuboid,4,1,10,-452.3944,4.255187,-360.5213,0,0.006191911,0,0.9999809;
racing,killCuboid,4,1,10,-451.992,47.62965,-360.6504,0,0.006155443,0,0.999981;
racing,killCuboid,1,7,10,-476.7236,17.53568,-360.3087,0,-0.003969066,0,-0.9999922;
racing,killCuboid,1,7,10,-427.4231,17.61458,-360.7701,0,0.007629521,0,0.9999709;
custom,cuboid,stone5,10,7,5,0,1,1,1,1.0,1.0,-457.6122,-5.400033,-466.853,0.1380477,0.6971921,0.1366375,0.6900699;
custom,cuboid,stone5,5,7,10,0,1,1,1,1.0,1.0,-408.5544,10.93229,-455.6718,0,0.005823669,0,0.9999831;
custom,cuboid,stone5,5,7,10,0,1,1,1,1.0,1.0,-433.5322,11.11686,-525.1131,0,0.712668,0,0.7015015;
custom,cuboid,stone5,5,7,14.5,0,1,1,1,1.0,1.0,-362.4814,11.20753,-478.918,0,0.01011772,0,0.9999489;
racing,killCuboid,1,15,14.5,-411.5784,22.50191,-555.2204,0,0.7151862,0,0.698934;
racing,killCuboid,1,15,14.5,-332.509,22.61477,-479.6237,0,0.01061178,0,0.9999437;
racing,killCuboid,1,15,14.5,-487.334,22.41447,-479.3662,0,0.9999368,0,-0.01124745;
racing,killCuboid,10,6,1,-435.5977,72.90634,-410.3803,0,0.9999772,0,-0.006756355;
racing,killCuboid,15,1,15,-412.1494,102.5934,-480.3234,0,0.9999467,0,-0.01032667;
custom,cylinder,stone5,3,7,3,0,1,1,1,1.0,1.0,-411.5816,27.76408,-484.038,0,0.7000308,0,-0.7141126;
custom,sphere,stone5,3,3,3,0,1,1,1,1.0,1.0,-455.041,59.0278,-393.7348,0,0.007752595,0,0.99997;
racing,checkpointCuboid,6,5,1,-412.6854,71.4957,-520.3115,0,0.7114466,0,0.7027402;
racing,killCuboid,5,1,15,-359.8208,3.61969,-336.2742,0,0.9999524,0,-0.009762414;
racing,killCuboid,5,1,15,-307.9493,3.875414,-237.0612,0,0.7016896,0,-0.7124828;
racing,killCuboid,5,1,7,-210.7224,3.997285,-250.6639,0,0.5409384,0,-0.8410623;
racing,killCuboid,5,1,7,-155.6002,3.992086,-283.5636,0,0.4480653,0,-0.8940009;
racing,killCuboid,5,1,7,-110.7001,3.852359,-326.7103,0,0.3334347,0,-0.9427732;
racing,killCuboid,5,1,7,-79.87458,3.348972,-378.64,0,-0.1847288,0,0.9827895;
racing,killCuboid,5,1,7,-69.21369,3.296357,-436.5025,0,0.001432843,0,0.999999;
racing,killCuboid,5,1,30,55.26547,3.104452,-496.3342,0,0.7049796,0,-0.7092277;
racing,killCuboid,5,1,30,180.738,3.123317,-322.1464,0,0.001303083,0,0.9999992;
custom,cuboid,stone5,30,1,30,0,1,1,1,1.0,1.0,307.2593,2.587086,-23.0888,0,0.9999958,0,-0.002903895;
racing,killCuboid,1,7,35,210.587,28.56665,-347.3694,0,0.9999992,0,-0.001277406;
racing,killCuboid,1,7,31,59.99948,28.5431,-526.2747,0,0.7090533,0,0.705155;
racing,killCuboid,1,7,20,55.61256,28.72956,-466.4686,0,0.7082317,0,0.7059801;
racing,killCuboid,1,7,59,151.5306,28.76841,-167.1947,0,0.9999962,0,-0.002793506;
racing,killCuboid,1,7,7,-39.34824,28.74573,-436.6352,0,0.9999886,0,-0.004770543;
racing,killCuboid,1,7,7,-51.93528,28.91233,-367.7054,0,0.9827026,0,0.1851908;
racing,killCuboid,1,7,7,-87.4296,28.8639,-307.9002,0,0.9432882,0,0.3319752;
racing,killCuboid,1,7,7,-137.7148,28.82087,-259.5709,0,0.8945513,0,0.4469654;
racing,killCuboid,1,7,7,-198.5752,28.12728,-223.5767,0,0.8412774,0,0.5406038;
racing,killCuboid,1,7,7,-99.68716,28.61679,-495.6445,0,0.9999686,0,-0.007928587;
racing,killCuboid,1,7,7,-99.1909,28.50604,-442.7401,0,0.9999886,0,-0.00477757;
racing,killCuboid,1,7,5,-107.338,28.24249,-386.4549,0,0.9831564,0,0.1827661;
racing,killCuboid,1,7,5,-131.2845,28.02855,-345.3236,0,0.9419844,0,0.3356566;
racing,killCuboid,1,7,6,-170.2799,27.9599,-309.1259,0,0.8920792,0,0.4518791;
racing,killCuboid,1,7,6,-220.5576,27.98788,-279.049,0,0.8415115,0,0.5402393;
racing,killCuboid,1,7,9,-288.5314,28.21325,-267.5706,0,0.7132985,0,0.7008604;
racing,killCuboid,1,7,15,-307.5427,28.89562,-207.6357,0,0.702432,0,-0.7117509;
racing,killCuboid,1,7,14,-330.054,28.2483,-341.7996,0,0.9999778,0,-0.006663674;
racing,killCuboid,1,7,21,-388.8927,28.19143,-306.6039,0,0.007590361,0,0.9999712;
racing,killCuboid,5,1,30,180.42,58.52509,-322.2837,0,0.9999948,0,-0.003240687;
racing,killCuboid,5,1,30,55.86384,58.78371,-496.4526,0,0.7054305,0,-0.7087791;
racing,killCuboid,5,1,1,-361.035,58.19894,-411.4296,0,0.9999483,0,-0.01017152;
custom,cuboid,stone5,5,1,1,0,1,1,1,1.0,1.0,-361.128,50.03943,-411.4888,0,0.9999372,0,-0.01120715;
racing,killCuboid,5,1,10,-359.3238,58.2203,-310.9496,0,0.9999539,0,-0.009607822;
racing,killCuboid,1,5,5,-330.6604,82.5973,-384.2989,0,0.9999517,0,-0.009824275;
racing,killCuboid,1,5,5,-390.0064,82.31773,-381.1212,0,0.999971,0,-0.007627261;
racing,killCuboid,1,5,7,-359.3907,82.53368,-355.7905,0,0.7132677,0,0.7008919;
racing,killCuboid,5,1,5,-360.4843,102.5353,-383.1597,0,0.9999424,0,-0.01074023;
custom,sphere,stone5,3,3,3,0,1,1,1,1.0,1.0,-359.2827,70.23431,-337.6694,0,0.0128235,0,0.9999178;
racing,killCuboid,5,1,15,-306.7031,58.17164,-237.7015,0,0.7001359,0,-0.7140096;
racing,killCuboid,5,1,7,-211.1592,58.04781,-250.6325,0,0.5404553,0,-0.8413728;
racing,killCuboid,5,1,7,-155.1082,58.88052,-282.9035,0,0.4502065,0,-0.8929245;
racing,killCuboid,5,1,7,-110.6862,58.6642,-325.0641,0,0.3339953,0,-0.9425747;
racing,killCuboid,5,1,7,-79.55733,58.87282,-378.5479,0,0.1855636,0,-0.9826323;
racing,killCuboid,5,1,7,-69.18076,58.43522,-436.1312,0,0.003987931,0,0.9999921;
custom,cylinder,stone5,3,5,3,0,1,1,1,1.0,1.0,-312.5326,13.08479,-284.6512,0,0.01153864,0,-0.9999334;
custom,cuboid,stone5,1,1,1,0,1,1,1,1.0,1.0,-242.6762,58.32053,-269.3973,0,0.8311003,0,0.5561227;
custom,cuboid,stone5,1,1,1,0,1,1,1,1.0,1.0,-196.8842,58.28294,-289.7873,0,0.8936555,0,0.4487537;
custom,cuboid,stone5,1,1,1,0,1,1,1,1.0,1.0,-148.4362,58.22925,-326.554,0,0.9444296,0,0.3287139;
custom,cuboid,stone5,1,1,1,0,1,1,1,1.0,1.0,-116.6277,58.27884,-366.3049,0,0.9835203,0,0.1807976;
custom,cuboid,stone5,1,1,1,0,1,1,1,1.0,1.0,-99.28181,58.77437,-412.4853,0,0.9998968,0,-0.01436586;
custom,cylinder,stone5,3,5,3,0,1,1,1,1.0,1.0,-23.17975,13.9205,-449.198,0,0.9499323,0,-0.312456;
custom,cylinder,stone5,3,5,3,0,1,1,1,1.0,1.0,134.4082,13.85421,-449.8842,0,0.8805313,0,0.4739882;
racing,killCuboid,1,7,10,206.8411,28.77642,-93.66304,0,0.7024931,0,-0.7116905;
racing,killCuboid,1,7,10,306.5747,28.72327,-94.85417,0,0.7032229,0,-0.7109694;
racing,killCuboid,1,7,5,381.4458,28.63655,-95.52874,0,0.7041911,0,-0.7100105;
racing,killCuboid,1,7,25,331.4708,28.5601,-168.3603,0,0.7049246,0,-0.7092823;
racing,killCuboid,1,7,30,452.5235,28.58054,-23.9129,0,0.9999962,0,-0.002775303;
racing,killCuboid,1,7,25,322.5546,28.50548,-41.65835,0,0.7097707,0,0.7044329;
racing,killCuboid,1,7,25,282.5239,28.76505,15.55465,0,0.704653,0,-0.709552;
racing,killCuboid,1,7,25,322.7884,28.12129,69.32118,0,0.7051812,0,-0.7090272;
racing,killCuboid,1,7,30,308.0405,28.74968,122.0722,0,0.704954,0,-0.7092531;
custom,cuboid,stone5,0.9,7,3,0,1,1,1,1.0,1.0,391.0555,28.24175,-95.61684,0,0.7038094,0,-0.7103889;
custom,cuboid,stone5,0.9,7,3,0,1,1,1,1.0,1.0,213.039,27.80704,-40.80907,0,0.709436,0,0.7047698;
custom,cuboid,stone5,0.9,7,3,0,1,1,1,1.0,1.0,392.3104,28.36381,14.9052,0,0.7054618,0,-0.708748;
custom,cuboid,stone5,0.9,7,3,0,1,1,1,1.0,1.0,213.1936,27.66438,69.84024,0,0.7092884,0,0.7049184;
racing,killCuboid,30,1,30,307.7952,3.942979,-22.80371,0,0.9999967,0,-0.002558524;
custom,cylinder,stone5,3,5,3,0,1,1,1,1.0,1.0,318.8888,13.51466,-182.6048,0,0.005093227,0,-0.9999871;
racing,killCuboid,30,1,25,307.4147,58.6419,-50.49612,0,0.002738742,0,0.9999962;
racing,killCuboid,5,1,25,283.1351,58.58622,99.54431,0,0.7050697,0,-0.7091382;
racing,killCuboid,1,6,20,453.0818,93.20369,163.9869,0,0.9999983,0,-0.001829743;
racing,killCuboid,1,6,20,403.567,93.13486,164.7132,0,0.9999979,0,-0.002079684;
racing,killCuboid,5,1,15,427.7687,68.22337,189.2222,0,0.9999982,0,-0.001884957;
racing,killCuboid,5,1,20,428.1991,118.0733,164.1711,0,0.9999965,0,-0.002650743;
racing,killCuboid,5,6,1,427.9063,92.63799,68.89737,0,0.005559841,0,0.9999846;
custom,sphere,stone5,3,3,3,0,1,1,1,1.0,1.0,388.8409,68.28554,136.1459,0,0.2555963,0,-0.9667836;
custom,cuboid,stone5,10,10,10,0,1,1,1,1.0,1.0,409.1601,23.25553,314.704,0,0.9999859,0,-0.005301873;
racing,killCuboid,10,1,10,410.0951,4.310345,409.9727,0,0.9999806,0,-0.006236886;
racing,killCuboid,10,20,1,410.7662,-0.7867231,465.0179,0,0.9999908,0,-0.004302449;
racing,killCuboid,10,20,1,411.9294,56.98207,525.2201,0,0.9999513,0,-0.009871205;
racing,killCuboid,5,20,1,456.3486,56.93637,494.4255,0,0.6994995,0,-0.7146332;
racing,killCuboid,5,10,1,366.3522,107.1379,495.7716,0,0.712323,0,0.7018519;
racing,killCuboid,10,20,1,455.1298,56.89454,409.6106,0,0.7035323,0,-0.7106633;
racing,killCuboid,10,20,1,365.2553,57.21544,410.3422,0,0.7118052,0,0.702377;
racing,killCuboid,1,6,1,366.0533,127.266,465.6732,0,0.7113941,0,0.7027934;
racing,killCuboid,1,6,1,455.7217,126.9334,464.5779,0,0.7044185,0,-0.709785;
racing,killCuboid,10,1,16,410.6843,161.5145,440.3825,0,-0.006556545,0,-0.9999785;
racing,killCuboid,10,5,1,409.7328,132.4319,365.0489,0,0.004101673,0,0.9999916;
racing,killCuboid,10,1,8,409.978,102.4505,400.079,0,0.9999886,0,-0.004789237;
custom,sphere,stone5,3,3,3,0,1,1,1,1.0,1.0,409.0832,132.837,452.32,0,0.999966,0,-0.008251974;
racing,killSphere,3.2,3.2,3.2,407.3513,132.6895,455.7463,0,0.01794042,0,-0.9998391;
racing,killCuboid,5,1,25,337.1323,1.702534,495.6959,0,0.7104194,0,0.7037786;
racing,killCuboid,10,10,1,363.9912,116.5322,315.0309,0,0.7107794,0,0.703415;
racing,killCuboid,10,10,1,454.2571,116.5241,314.2197,0,0.7032961,0,-0.7108971;
racing,killCuboid,5,10,1,383.644,116.6213,269.8632,0,0.004888332,0,0.9999881;
racing,killCuboid,5,5,1,433.6812,141.6547,269.3286,0,0.9999898,0,-0.004527625;
racing,killCuboid,10,1,10,409.2329,161.5225,315.1058,0,0.7031896,0,-0.7110024;
racing,killCuboid,7,15,1,208.1233,19.71215,496.7588,0,0.7107541,0,0.7034406;
racing,killCuboid,15,15,1,287.7434,19.69201,466.2272,0,-0.004632886,0,-0.9999893;
racing,killCuboid,15,15,1,287.9827,19.78704,526.2718,0,0.9999977,0,-0.002129575;
racing,killCuboid,7,1,10,311.6055,89.66369,496.0642,0,0.7095849,0,0.7046199;
racing,killCuboid,7,1,30,235.8588,89.67914,321.6194,0,0.006165097,0,0.999981;
racing,killCuboid,1,10,36,206.4197,144.6714,351.9541,0,0.006569584,0,0.9999785;
racing,killCuboid,1,10,36,266.6753,144.6465,350.6739,0,0.9999722,0,-0.007459104;
racing,killCuboid,5,10,1,239.0971,144.7296,526.4349,0,0.9999451,0,-0.01047672;
racing,killCuboid,5,1,35,236.4098,189.677,346.6323,0,-0.006691349,0,-0.9999776;
custom,cuboid,stone5,15,1,7,0,1,1,1,1.0,1.0,233.0388,144.3278,127.2023,-0.2737847,0.6474409,0.2756054,-0.6556706;
racing,killCuboid,15,15,1,262.7844,169.4301,96.28127,0,0.7026057,0,-0.7115794;
racing,killCuboid,15,15,1,202.6731,169.5985,97.10013,0,0.7115099,0,0.7026761;
racing,killCuboid,7,15,1,231.7782,169.5301,27.79859,0,0.008808646,0,0.9999612;
racing,killCuboid,7,5,1,233.2398,219.5214,166.7057,0,0.9999855,0,-0.005387009;
racing,killCuboid,7,1,15,232.8915,239.7135,96.43752,0,0.007109988,0,0.9999747;
racing,killCuboid,7,1.5,13,233.0045,90.7859,77.31209,0,0.007754001,0,0.99997;
custom,cuboid,stone5,7,15,1,0,1,1,1,1.0,1.0,233.7325,19.68753,176.2806,0,0.9999817,0,-0.006049899;
custom,cuboid,stone5,5,15,1,0,1,1,1,1.0,1.0,203.4276,19.70056,156.7355,0,0.7117424,0,0.7024406;
racing,killCuboid,5,15,1,204.422,19.75178,156.7719,0,0.7025094,0,-0.7116746;
racing,killCuboid,7,15,1,233.8527,23.08379,175.6146,0,0.006791086,0,0.9999769;
custom,cuboid,stone5,7,15,1,0,1,1,1,1.0,1.0,233.2326,19.84228,136.3511,0,-0.005254345,0,-0.9999862;
racing,killCuboid,7,15,1,233.3927,22.90781,137.3066,0,0.9999803,0,-0.006276169;
custom,cuboid,stone5,15,15,1,0,1,1,1,1.0,1.0,212.2068,19.68962,230.3184,0,0.9240958,0,-0.382161;
racing,killCuboid,15,15,1,212.6829,19.78747,230.1869,0,0.9236725,0,-0.383183;
custom,cuboid,stone5,15,15,1,0,1,1,1,1.0,1.0,246.7962,19.5633,259.9719,0,0.9081491,0,-0.418647;
custom,cuboid,stone5,5,15,1,0,1,1,1,1.0,1.0,288.7274,19.32859,155.9301,0,0.4041997,0,-0.9146708;
custom,cuboid,stone5,5,15,1,0,1,1,1,1.0,1.0,299.5034,19.28964,188.6332,0,0.7921919,0,-0.6102722;
custom,cuboid,stone5,5,15,1,0,1,1,1,1.0,1.0,182.0144,-33.17064,296.9817,0,0.9374132,0,0.3482189;
custom,cuboid,stone5,5,4.5,1,0,1,1,1,1.0,1.0,181.9565,72.23791,296.97,0,0.9374068,0,0.3482364;
racing,killCuboid,5,4.5,1,182.8975,71.36394,296.4356,0,0.3484262,0,-0.9373362;
racing,killCuboid,5,5,1,179.7695,17.4931,294.48,0,0.3473859,0,-0.9377223;
racing,killCuboid,5,15,1,299.3675,19.47796,188.1495,0,0.6116048,0,0.7911636;
racing,killCuboid,5,15,1,287.7164,19.76251,155.423,0,0.9149604,0,0.4035437;
racing,killCuboid,15,15,1,246.1244,20.49879,259.2539,0,0.4192857,0,0.9078544;
racing,killCuboid,7,1,10,246.8119,-4.594874,166.4247,0,0.701719,0,0.7124539;
racing,killCuboid,7,1,15,235.0699,-4.544911,240.7581,0,0.3634411,0,-0.9316172;
custom,cuboid,stone5,7,1,15,0,1,1,1,1.0,1.0,234.2773,89.66514,240.29,0,0.3573819,0,-0.9339584;
racing,killCuboid,7,1,15,231.2698,89.6342,238.8444,0,0.3594897,0,-0.933149;
custom,cuboid,stone5,7,1,6,0,1,1,1,1.0,1.0,280.9403,90.21993,160.8366,0,0.006499217,0,0.9999789;
racing,killCuboid,7,1,6,280.6039,90.50191,160.8722,0,0.007193972,0,0.9999741;
racing,killCuboid,7,1,6,280.7238,89.66357,169.5588,0,0.0008991649,0,0.9999996;
racing,killCuboid,7,1,1,233.8352,92.88203,185.3787,0,0.9999778,0,-0.006659698;
custom,cuboid,stone5,2,1,2,0,1,1,1,1.0,1.0,225.4034,21.42136,156.2147,0,0.7022545,0,-0.7119261;
racing,checkpointCuboid,2,2,2,411.1977,83.36607,322.0594,0,0.002279895,0,0.9999974;
custom,cuboid,stone5,1,1,1,0,1,1,1,1.0,1.0,329.1664,50.24384,470.825,0,0.9221987,0,-0.3867167;
custom,cuboid,stone5,1,1,1,0,1,1,1,1.0,1.0,284.3855,49.95307,471.2861,0,0.9263616,0,0.3766353;
custom,sphere,stone5,3,3,3,0,1,1,1,1.0,1.0,287.6018,136.2905,436.6301,0,0.9808949,0,0.1945385;
racing,killCuboid,1,15,20,176.6133,19.72086,408.2963,0,0.9940438,0,0.1089823;
custom,cuboid,stone5,1,15,20,0,1,1,1,1.0,1.0,177.1906,19.76965,412.2036,0,0.993871,0,0.1105462;
custom,cuboid,stone5,1,15,20,0,1,1,1,1.0,1.0,63.49354,19.75452,538.7182,0,0.8130997,0,0.5821244;
custom,cuboid,stone5,1,15,20,0,1,1,1,1.0,1.0,-110.9604,19.72277,569.663,0,0.708913,0,0.705296;
racing,killCuboid,1,15,20,-110.8353,19.52786,568.6063,0,0.7098868,0,0.7043159;
racing,killCuboid,1,15,20,63.75351,19.67824,536.85,0,0.8143633,0,0.5803555;
racing,killCuboid,1,15,20,-293.6739,19.68486,569.7252,0,0.7089733,0,0.7052354;
racing,killCuboid,1,15,20,-470.3722,19.72071,511.2639,0,0.448361,0,0.8938526;
racing,killCuboid,1,15,20,-533.5056,19.71879,356.8663,0,-0.07567393,0,0.9971326;
racing,killCuboid,1,15,20,116.58,19.67156,366.7465,0,0.9723405,0,0.233568;
racing,killCuboid,1,15,20,-22.50362,19.74617,478.0172,0,0.7900906,0,0.6129901;
racing,killCuboid,1,15,20,-217.7252,19.78854,498.7885,0,0.6930685,0,0.7208717;
racing,killCuboid,1,15,10,-362.9704,19.78219,477.8275,0,0.8204571,0,-0.5717081;
racing,killCuboid,1,15,20,-432.028,19.81492,367.5939,0,0.9917407,0,-0.1282591;
custom,cuboid,stone5,3,3,1,0,1,1,1,1.0,1.0,-360.8271,47.78243,427.4425,0,0.6963239,0,-0.7177277;
custom,tube,stone5,3,3,3,0,1,1,1,1.0,1.0,-484.8615,51.48461,266.2406,0.3911776,0.4390962,0.5890501,0.5542514;
racing,killCuboid,7,5,1,-488.6848,11.92486,268.5968,0,0.09261873,0,-0.9957017;
racing,killCuboid,7,3,1,-489.593,79.8902,268.4243,0,0.08749758,0,-0.9961647;
racing,killCuboid,2,3,1,-509.9723,50.29193,264.7123,0,0.0790683,0,-0.9968692;
racing,killCuboid,2,3,1,-462.9277,50.02736,272.3037,0,0.993539,0,0.1134908;
racing,killCuboid,13,1,25,164.9507,-4.480246,425.1392,0,0.9727565,0,0.2318292;
racing,killCuboid,13,1,25,-23.56315,-4.366442,550.8268,0,0.6124514,0,-0.7905083;
racing,killCuboid,10,1,25,-243.132,-4.682085,551.4973,0,0.6944256,0,0.7195646;
racing,killCuboid,10,1,25,-444.0137,-4.583194,505.9984,0,0.5736678,0,0.819088;
racing,killCuboid,15,1,25,-506.8147,-3.384505,395.5271,0,0.9918358,0,-0.1275219;
racing,endCuboid,3,3,1,-483.9948,51.09117,261.0095,0,0.1562707,0,-0.9877144;
racing,killCuboid,10,1,20,141.1232,89.63698,382.7148,0,0.9937236,0,0.1118633;
racing,killCuboid,10,1,20,62.04774,89.6656,507.4036,0,0.795939,0,0.6053769;
racing,killCuboid,10,1,20,-119.7588,89.69337,539.8534,0,0.7219843,0,0.6919095;
racing,killCuboid,10,1,20,-277.684,89.66725,536.5929,0,0.6815953,0,0.7317294;
racing,killCuboid,10,1,20,-432.4434,89.66296,484.0065,0,0.4357542,0,0.9000657;
racing,killCuboid,15,1,20,-483.6054,89.70232,397.091,0,0.003806325,0,0.9999928;
racing,killCuboid,10,1,3,-489.8928,90.08643,284.5107,0,0.01340802,0,-0.9999102;
racing,killSphere,2,2,2,90.15055,36.73686,473.9007,0,0.9756849,0,0.2191781;
racing,killSphere,2,2,2,6.691479,43.78682,502.8825,0,0.5651328,0,-0.825;
racing,killSphere,2,2,2,-142.7084,22.12756,529.9671,0,0.6824693,0,-0.7309142;
racing,killSphere,2,2,2,-250.2221,21.06272,522.9471,0,0.7406533,0,-0.6718874;
racing,killSphere,2,2,2,-355.7434,24.56649,509.4342,0,0.7464917,0,-0.6653948;
racing,killSphere,2,2,2,-441.2256,30.25506,462.4095,0,0.8586254,0,-0.5126036;
racing,killSphere,2,2,2,-467.9221,60.57125,427.5618,0,0.2958943,0,0.9552207;
racing,killSphere,2,2,2,-391.5654,57.08633,495.8141,0,0.5200577,0,0.8541311;
racing,killSphere,2,2,2,-297.5251,61.07608,515.7441,0,0.6637443,0,0.7479597;
racing,killSphere,2,2,2,-200.4169,60.6954,522.0008,0,0.7004228,0,0.7137281;
racing,killSphere,2,2,2,-85.88572,50.99909,523.6204,0,0.735339,0,0.6776996;
racing,killSphere,2,2,2,-30.31493,25.79305,514.2227,0,0.7916055,0,0.6110325;
racing,killSphere,2,2,2,-462.8632,31.70469,348.9746,0,0.1514212,0,0.9884694;