map,disablebounds;
custom,cuboid,default,10,1,20,1,0.4318182,0.4204545,1,1.0,1.0,613.6514,4.820504,576.7169,0,1,0,1.700322E-05;
custom,cuboid,default,10,10,1,0,0.4318182,0.4204545,1,1.0,1.0,613.6359,59.80646,671.7318,0,1,0,-5.570746E-05;
custom,cuboid,default,10,10,1,0,0.4318182,0.4204545,1,1.0,1.0,568.6359,59.70299,626.7036,0,0.7070778,0,0.7071358;
custom,cuboid,default,10,10,1,0,0.4318182,0.4204545,1,1.0,1.0,568.6362,59.69471,526.7816,0,0.7071136,0,0.7071001;
custom,cuboid,default,10,10,1,0,0.4318182,0.4204545,1,1.0,1.0,658.6903,59.80173,616.7275,0,0.7070053,0,-0.7072083;
custom,cuboid,default,10,10,1,0,0.4318182,0.4204545,1,1.0,1.0,658.6274,59.82219,526.79,0,0.7071494,0,-0.7070642;
custom,cuboid,default,5,1,9,1,0.4318182,0.4204545,1,1.0,1.0,614.6982,104.6231,501.7907,0,0.7070695,0,-0.7071441;
custom,cuboid,default,5,1,9,1,0.4318182,0.4204545,1,1.0,1.0,614.1931,104.6112,650.5712,0,0.7073366,0,-0.7068769;
custom,cuboid,default,3,1,15,1,0.4318182,0.4204545,1,1.0,1.0,648.5532,104.6253,591.4464,0,1,0,-0.0001072815;
custom,cuboid,default,3,1,15,1,0.4318182,0.4204545,1,1.0,1.0,578.6956,104.6197,588.4872,0,1,0,-0.0001072814;
racing,killCuboid,6,0.9,15,613.7321,104.5284,583.454,0,8.213152E-05,0,-1;
custom,cuboid,default,10,1,10,1,0.4318182,0.4204545,1,1.0,1.0,613.5744,4.817954,426.7645,0,-5.396239E-05,0,-1;
racing,killCuboid,10,1,10,613.5173,5.391195,426.7389,0,-5.151837E-05,0,1;
racing,killCuboid,10,10,1,658.5198,59.77141,426.7751,0,0.7067578,0,-0.7074556;
racing,killCuboid,10,10,1,568.6072,59.88326,426.6613,0,0.7071386,0,0.707075;
custom,cuboid,default,10,1,10,1,0.4318182,0.4204545,1,1.0,1.0,613.5839,4.82832,326.9116,0,-8.847767E-06,0,1;
racing,killCuboid,10,1,10,613.4909,5.369933,326.897,0,-0.0001055574,0,1;
custom,cuboid,default,10,1,10,1,0.4318182,0.4204545,1,1.0,1.0,613.5368,4.883318,226.9437,0,0.0002194751,0,-1;
racing,killCuboid,10,1,10,613.5505,5.470272,226.8948,0,-5.659807E-05,0,1;
custom,cuboid,default,10,1,10,1,0.4318182,0.4204545,1,1.0,1.0,613.5251,4.835001,126.9565,0,0.0002104918,0,-1;
racing,killCuboid,10,1,10,613.5892,5.488734,126.8849,0,-0.0002258044,0,1;
custom,cuboid,default,10,1,10,1,0.4318182,0.4204545,1,1.0,1.0,613.563,4.833545,26.97738,0,-0.0001666671,0,1;
racing,killCuboid,10,1,10,613.6793,5.43273,26.94847,0,-8.141825E-06,0,1;
custom,cuboid,default,10,1,10,1,0.4318182,0.4204545,1,1.0,1.0,613.6125,4.823703,-72.95959,0,9.749561E-05,0,-1;
racing,killCuboid,10,1,10,613.5759,5.472677,-72.98148,0,-0.000274906,0,1;
racing,killCuboid,10,10,1,568.5678,59.89048,326.8824,0,0.7072197,0,0.7069939;
racing,killCuboid,10,10,1,568.5576,59.80981,226.8508,0,0.707031,0,0.7071825;
racing,killCuboid,10,10,1,568.7746,59.84001,126.9924,0,0.7067701,0,0.7074434;
racing,killCuboid,10,10,1,568.8069,59.85297,26.97834,0,0.7070633,0,0.7071503;
racing,killCuboid,10,10,1,658.5509,59.80263,326.8795,0,0.7070073,0,-0.7072062;
racing,killCuboid,10,10,1,658.4526,59.80737,226.8493,0,0.7072542,0,-0.7069594;
racing,killCuboid,10,10,1,658.4722,59.77381,126.9557,0,0.7070774,0,-0.7071362;
racing,killCuboid,10,10,1,658.4966,59.76651,26.91892,0,0.7072106,0,-0.7070029;
racing,killCuboid,10,10,1,658.5911,59.78769,-72.90764,0,0.7070538,0,-0.7071598;
racing,killCuboid,10,10,1,613.7209,59.61897,-117.917,0,-0.0003669651,0,0.9999999;
custom,cuboid,default,0.99,10,0.99,1,0.4318182,0.4204545,1,1.0,1.0,568.5845,59.87278,381.7907,0,0.7073349,0,0.7068785;
custom,cuboid,default,0.99,10,0.99,1,0.4318182,0.4204545,1,1.0,1.0,568.5675,59.86795,281.9987,0,0.7066979,0,0.7075155;
custom,cuboid,default,0.99,10,0.99,1,0.4318182,0.4204545,1,1.0,1.0,568.5204,59.76138,182.0914,0,0.7067921,0,0.7074214;
custom,cuboid,default,0.99,10,0.99,1,0.4318182,0.4204545,1,1.0,1.0,568.7887,59.82042,82.07731,0,0.7072126,0,0.707001;
custom,cuboid,default,0.99,10,0.99,1,0.4318182,0.4204545,1,1.0,1.0,568.7709,59.83053,-18.02627,0,0.7069541,0,0.7072595;
custom,cuboid,default,0.99,10,0.99,1,0.4318182,0.4204545,1,1.0,1.0,658.4705,59.73398,381.7313,0,0.7067862,0,-0.7074273;
custom,cuboid,default,0.99,10,0.99,1,0.4318182,0.4204545,1,1.0,1.0,658.5254,59.78476,281.9543,0,0.7076612,0,-0.706552;
custom,cuboid,default,0.99,10,0.99,1,0.4318182,0.4204545,1,1.0,1.0,658.4852,59.75788,181.9172,0,0.7068778,0,-0.7073357;
custom,cuboid,default,0.99,10,0.99,1,0.4318182,0.4204545,1,1.0,1.0,658.4943,59.74803,81.87866,0,0.7072695,0,-0.706944;
custom,cuboid,default,0.99,10,0.99,1,0.4318182,0.4204545,1,1.0,1.0,658.5289,59.76062,-18.02185,0,0.7069119,0,-0.7073017;
custom,cuboid,default,0.99,10,0.99,1,0.4318182,0.4204545,1,1.0,1.0,658.6868,59.75326,-117.9329,0,0.707734,0,-0.7064791;
custom,cuboid,default,10,1,1,1,0.4318182,0.4204545,1,1.0,1.0,658.4961,104.8006,426.8867,0,0.7069516,0,-0.7072619;
custom,cuboid,default,10,1,1,1,0.4318182,0.4204545,1,1.0,1.0,658.5148,104.8377,326.8209,0,0.7070365,0,-0.7071771;
custom,cuboid,default,10,1,1,1,0.4318182,0.4204545,1,1.0,1.0,658.4404,104.8489,226.8458,0,0.7069966,0,-0.707217;
custom,cuboid,default,10,1,1,1,0.4318182,0.4204545,1,1.0,1.0,658.5977,104.7399,-72.38495,0,0.7072698,0,-0.7069437;
custom,cuboid,default,10,1,1,1,0.4318182,0.4204545,1,1.0,1.0,658.5513,104.7241,27.36482,0,0.707394,0,-0.7068195;
custom,cuboid,default,10,1,1,1,0.4318182,0.4204545,1,1.0,1.0,658.5162,104.8775,127.0859,0,0.7068545,0,-0.707359;
custom,cuboid,default,10,1,1,1,0.4318182,0.4204545,1,1.0,1.0,568.647,104.9354,426.9472,0,0.7071643,0,0.7070493;
custom,cuboid,default,10,1,1,1,0.4318182,0.4204545,1,1.0,1.0,568.6066,104.8795,327.1249,0,0.7071643,0,0.7070493;
custom,cuboid,default,10,1,1,1,0.4318182,0.4204545,1,1.0,1.0,568.5688,104.8525,227.2438,0,0.7070377,0,0.7071758;
custom,cuboid,default,10,1,1,1,0.4318182,0.4204545,1,1.0,1.0,568.7845,104.9016,127.2291,0,0.7066674,0,0.7075459;
custom,cuboid,default,10,1,1,1,0.4318182,0.4204545,1,1.0,1.0,568.8173,104.8793,27.13404,0,0.7071612,0,0.7070524;
custom,cuboid,default,0.99,10,0.99,1,0.4318182,0.4204545,1,1.0,1.0,568.711,59.58329,-117.9904,0,-0.0001978665,0,1;
racing,killCuboid,9,1,10,612.6981,104.7514,426.8089,0,-4.022609E-05,0,-1;
racing,killCuboid,9,1,10,614.9028,104.7767,326.7481,0,5.04851E-05,0,-1;
racing,killCuboid,9,1,10,612.3458,104.8271,226.7752,0,0.0001056649,0,1;
racing,killCuboid,9,1,10,615.7756,104.8044,127.089,0,7.696245E-06,0,-1;
racing,killCuboid,9,1,10,612.4132,104.6491,27.04342,0,6.70407E-05,0,1;
custom,cuboid,default,9,1,1,1,0.4318182,0.4204545,1,1.0,1.0,613.5437,104.9311,381.8403,0,5.321277E-05,0,1;
custom,cuboid,default,9,1,1,1,0.4318182,0.4204545,1,1.0,1.0,614.8172,104.8341,281.7845,0,1.349128E-05,0,1;
custom,cuboid,default,9,1,1,1,0.4318182,0.4204545,1,1.0,1.0,611.6557,104.8945,181.7901,0,0.0001710115,0,1;
custom,cuboid,default,9,1,1,1,0.4318182,0.4204545,1,1.0,1.0,615.989,104.8189,82.0959,0,-3.094894E-05,0,1;
custom,cuboid,default,9,1,1,1,0.4318182,0.4204545,1,1.0,1.0,617.2198,104.6647,-17.93195,0,0.0001969879,0,1;
custom,cuboid,default,10,1,1,1,0.4318182,0.4204545,1,1.0,1.0,568.785,104.8988,-72.92195,0,0.706833,0,0.7073805;
custom,cuboid,default,10,1,1,1,0.4318182,0.4204545,1,1.0,1.0,613.6788,104.7363,-117.8714,0,-0.0002127037,0,1;
racing,killCuboid,10,1,10,613.9493,104.737,-72.82265,0,0.0004772402,0,-0.9999999;
racing,killCuboid,10,4,1,568.8882,79.68736,-68.91972,0,0.7071228,0,0.7070908;
racing,killCuboid,10,4,1,568.7584,29.86602,-69.51454,0,0.7072455,0,0.7069681;
racing,startCuboid,9,9.5,1,615.0178,52.52595,481.8354,0,0.0001173343,0,-1;
custom,cuboid,default,10,1,10,1,0.4318182,0.4204545,1,1.0,1.0,513.6497,4.808622,-73.02976,0,0.7074379,0,0.7067756;
racing,killCuboid,10,1,10,513.5958,5.381966,-72.82814,0,0.7074298,0,0.7067836;
custom,cuboid,default,10,1,10,1,0.4318182,0.4204545,1,1.0,1.0,513.5826,4.868046,27.00119,0,0.9999999,0,-0.0003315225;
racing,killCuboid,10,1,10,513.5174,5.418822,27.16725,0,0.9999999,0,-0.000326088;
custom,cuboid,default,10,1,10,1,0.4318182,0.4204545,1,1.0,1.0,513.5972,4.877529,126.9585,0,1,0,-0.0001085453;
racing,killCuboid,10,1,10,513.547,5.4351,127.1282,0,1,0,-0.0002749475;
custom,cuboid,default,10,1,10,1,0.4318182,0.4204545,1,1.0,1.0,513.6067,4.872733,226.9662,0,1,0,-0.0002552291;
racing,killCuboid,10,1,10,513.5311,5.465437,226.9957,0,0.9999999,0,-0.0003406247;
custom,cuboid,default,10,1,10,1,0.4318182,0.4204545,1,1.0,1.0,513.6772,4.834497,326.9404,0,1,0,-0.0002384695;
racing,killCuboid,10,1,10,513.6196,5.532991,327.0186,0,1,0,-0.0001433479;
custom,cuboid,default,10,1,10,1,0.4318182,0.4204545,1,1.0,1.0,513.7332,4.807587,426.9497,0,1,0,-0.0002116979;
racing,killCuboid,10,1,10,513.7253,5.551229,426.9955,0,1,0,-3.010515E-05;
custom,cuboid,default,10,4,3,1,0.4318182,0.4204545,1,1.0,1.0,513.835,89.66566,491.7661,0,1,0,-6.929651E-06;
custom,cuboid,default,10,4,3,1,0.4318182,0.4204545,1,1.0,1.0,513.7303,19.78131,491.8126,0,1,0,-0.0001678974;
racing,killCuboid,10,4,3.02,513.6761,19.82873,491.8504,0,1,0,-5.675168E-05;
racing,killCuboid,10,4,3.02,513.7436,89.62866,491.8268,0,1,0,3.794155E-05;
custom,cuboid,default,3.5,4,3,1,0.4318182,0.4204545,1,1.0,1.0,481.2107,49.98174,491.8011,0,1,0,-0.0002108057;
custom,cuboid,default,3.5,4,3,1,0.4318182,0.4204545,1,1.0,1.0,546.1414,53.36721,491.7706,0,-0.0001479951,0,1;
racing,killCuboid,3.5,3,3.02,481.2391,54.7486,491.7712,0,0.0001996311,0,1;
racing,killCuboid,3.5,3,3.02,546.1209,54.82755,491.8043,0,-0.0001514646,0,1;
racing,killCuboid,10,10,1,513.6651,59.76826,-118.0917,0,0.0004178092,0,0.9999999;
racing,killCuboid,10,10,1,468.7258,59.77335,-72.98477,0,0.7072672,0,0.7069463;
racing,killCuboid,10,10,1,468.7938,59.67757,426.9212,0,0.7073275,0,0.7068861;
racing,killCuboid,10,10,1,468.8025,59.71533,27.04143,0,0.7073246,0,0.7068889;
racing,killCuboid,10,10,1,468.7467,59.63322,326.9283,0,0.7071151,0,0.7070986;
racing,killCuboid,10,10,1,468.6345,59.74801,226.9272,0,0.7072964,0,0.7069172;
racing,killCuboid,10,10,1,468.6621,59.77256,127.0532,0,0.7072951,0,0.7069185;
custom,cuboid,default,0.9,10,0.9,1,0.4090909,0.4204545,1,1.0,1.0,468.889,59.74416,381.5575,0,0.7073546,0,0.7068589;
custom,cuboid,default,0.9,10,0.9,1,0.4090909,0.4204545,1,1.0,1.0,468.5724,59.80569,-117.9938,0,0.7075893,0,0.706624;
custom,cuboid,default,0.9,10,0.9,1,0.4090909,0.4204545,1,1.0,1.0,468.7865,59.77517,-18.36815,0,0.7070888,0,0.7071248;
custom,cuboid,default,0.9,10,0.9,1,0.4090909,0.4204545,1,1.0,1.0,468.6115,59.80981,81.45,0,0.7070751,0,0.7071385;
custom,cuboid,default,0.9,10,0.9,1,0.4090909,0.4204545,1,1.0,1.0,468.6298,59.77649,181.7325,0,0.7074422,0,0.7067713;
custom,cuboid,default,0.9,10,0.9,1,0.4090909,0.4204545,1,1.0,1.0,468.6961,59.66845,281.6213,0,0.7073758,0,0.7068377;
custom,cuboid,default,10,1,1,1,0.4090909,0.4204545,1,1.0,1.0,468.8429,104.7874,427.1721,0,0.7073045,0,0.7069091;
custom,cuboid,default,10,1,1,1,0.4090909,0.4204545,1,1.0,1.0,468.8327,104.7897,327.08,0,0.7071147,0,0.7070989;
custom,cuboid,default,10,1,1,1,0.4090909,0.4204545,1,1.0,1.0,468.7487,104.8133,227.3384,0,0.7072319,0,0.7069817;
custom,cuboid,default,10,1,1,1,0.4090909,0.4204545,1,1.0,1.0,468.7045,104.8095,127.0695,0,0.7072929,0,0.7069207;
custom,cuboid,default,10,1,1,1,0.4090909,0.4204545,1,1.0,1.0,468.8358,104.7413,27.1495,0,0.7071658,0,0.7070478;
custom,cuboid,default,10,1,1,1,0.4090909,0.4204545,1,1.0,1.0,468.8237,104.8053,-72.73304,0,0.7072864,0,0.7069272;
custom,cuboid,default,10,1,1,1,0.4090909,0.4204545,1,1.0,1.0,513.9136,104.8088,-118.0672,0,-0.000473152,0,-0.9999999;
racing,killCuboid,10,1,10,514.1887,104.7874,-72.89911,0,0.0004229603,0,0.9999999;
racing,killCuboid,10,1,10,523.0482,104.7631,426.8727,0,3.481323E-05,0,-1;
custom,cuboid,default,10,1,1,1,0.4090909,0.4204545,1,1.0,1.0,520.577,104.9564,381.9165,0,0.0001029791,0,1;
racing,killCuboid,10,1,10,518.2746,104.7368,327.0209,0,9.6975E-05,0,1;
custom,cuboid,default,10,1,1,1,0.4090909,0.4204545,1,1.0,1.0,518.9532,104.7531,282.0523,0,9.296549E-05,0,1;
racing,killCuboid,10,1,10,515.954,104.7535,227.0664,0,7.254691E-05,0,1;
custom,cuboid,default,10,1,1,1,0.4090909,0.4204545,1,1.0,1.0,522.3298,104.8669,182.0788,0,6.479472E-05,0,1;
racing,killCuboid,10,1,10,522.0253,104.7858,127.0865,0,0.0001189743,0,-1;
custom,cuboid,default,10,1,1,1,0.4090909,0.4204545,1,1.0,1.0,521.717,104.9013,82.10535,0,-0.0002119131,0,1;
racing,killCuboid,10,1,10,520.8934,104.7143,27.12283,0,-0.000211913,0,1;
custom,cuboid,default,10,1,1,1,0.4090909,0.4204545,1,1.0,1.0,519.9021,104.747,-17.84167,0,-0.0002145484,0,1;
custom,cuboid,default,10,1,10,1,0.4090909,0.4204545,1,1.0,1.0,513.7523,4.741783,556.843,0,0.7071198,0,0.7070938;
racing,killCuboid,4,0.5,0.5,514.265,54.27654,492.0198,0,0.9999998,0,-0.0006585631;
racing,killCuboid,0.5,4,0.5,513.6291,52.29459,492.0301,0,1,0,-0.0002154478;
custom,cuboid,empty,1,10,1,0,0.4090909,0.4204545,1,1.0,1.0,468.8109,59.74957,601.8305,0,0.7065533,0,0.7076598;
racing,killCuboid,10,10,1,513.8019,59.73428,601.8055,0,1,0,-5.161124E-05;
custom,cuboid,empty,8,10,1,0,0.4090909,0.4204545,1,1.0,1.0,468.8598,59.65295,531.729,0,0.7071138,0,0.7070999;
racing,killCuboid,7,10,1.1,468.8237,59.60477,536.7831,0,0.7072104,0,0.7070031;
custom,cuboid,empty,4,1,30,1,0.4090909,0.4204545,1,1.0,1.0,313.808,4.771261,586.9219,0,0.7071895,0,0.7070241;
racing,killCuboid,4,1,30,313.8282,4.838807,586.918,0,0.7071839,0,0.7070297;
racing,killCuboid,1,11,30,313.994,54.8763,566.9011,0,0.7071609,0,0.7070526;
racing,killCuboid,1,11,30,313.7555,54.79198,601.8978,0,0.7072729,0,0.7069407;
custom,cuboid,empty,4,1,1,0,0.4090909,0.4204545,1,1.0,1.0,468.823,104.6944,583.4229,0,0.7063918,0,0.7078211;
racing,killCuboid,10,1,10,519.75,104.6152,556.8184,0,-5.650999E-05,0,1;
racing,killCuboid,4.5,1,30,313.8051,104.8167,584.4158,0,0.7072279,0,0.7069857;
custom,cuboid,empty,10,1,10,1,0.4090909,0.4204545,1,1.0,1.0,113.8246,4.668667,557,0,0.707397,0,0.7068165;
custom,cuboid,empty,1000,1,1000,1,0,0.4204545,1,1.0,1.0,4025.637,-3.898609,-178.1619,0,0.7187592,0,0.6952592;
racing,killCuboid,10,10,1,68.8845,59.65165,557.0257,0,0.7073547,0,0.7068588;
racing,killCuboid,10,10,1,113.875,59.91407,601.9637,0,0.9999999,0,-0.0003420265;
racing,killCuboid,6.5,10,1,158.8006,59.84234,539.4871,0,0.7068359,0,-0.7073776;
racing,killCuboid,10,1,50,113.7285,4.669625,257.0257,0,0.0001334806,0,1;
custom,cuboid,default,10,1,50,1,0.3977273,0.3977273,1,1.0,1.0,113.7787,4.583436,257.0588,0,0.0002174167,0,1;
racing,killCuboid,10,1,50,113.9035,104.8103,256.9296,0,0.0004117077,0,0.9999999;
custom,cuboid,default,10,1,10,1,0.3977273,0.3977273,1,1.0,1.0,113.7059,21.35292,-41.81612,0.1179426,0.6973187,0.117904,0.6970903;
racing,killCuboid,10,1,10,113.7198,121.3337,-41.7963,0.1179316,0.6972535,0.117915,0.6971555;
racing,killCuboid,10,1,10,113.671,21.58287,-41.6336,-0.1179019,0.697078,0.1179447,-0.697331;
custom,cuboid,default,10,1,10,1,0.3977273,0.3977273,1,1.0,1.0,113.6517,68.2355,-130.3606,0.2220215,0.6713309,0.2220309,0.6713595;
racing,killCuboid,10,1,10,113.6975,168.1719,-130.2302,0.2220369,0.6713776,0.2220155,0.6713129;
racing,killCuboid,10,1,10,113.8409,68.53085,-130.1511,0.2220545,0.6714308,0.2219979,0.6712596;
custom,cuboid,default,10,1,10,1,0.3977273,0.3977273,1,1.0,1.0,113.6334,137.1682,-203.5084,-0.2988076,0.6407952,0.2988648,-0.6409177;
racing,killCuboid,10,1,10,113.6382,236.9535,-203.1445,-0.2987937,0.6407652,0.2988788,-0.6409476;
racing,killCuboid,10,1,10,113.6472,137.6527,-203.4143,-0.2988176,0.6408163,0.298855,-0.6408966;
racing,killCuboid,10,4,1,113.6695,192.7408,-234.3434,0,-0.0003043105,0,-0.9999999;
racing,killCuboid,3,6,1,78.69061,242.7847,-234.3277,0,0.0009595708,0,0.9999996;
racing,killCuboid,3,6,1,148.6277,242.6971,-234.3773,0,-0.0005526753,0,0.9999999;
racing,killCuboid,10,1,1,113.6981,267.7932,-234.3215,0,3.522302E-05,0,1;
racing,killCuboid,10,1,10,113.8912,104.819,556.9841,0,0.9999999,0,-0.0003523332;
custom,cylinder,default,5,5,5,1,0.3977273,0.3977273,1,1.0,1.0,113.9966,189.5961,-80.76254,-0.7053551,0.7088103,0.005560848,-0.005588086;
racing,killCuboid,50,10,1,68.79353,59.70338,257.1679,0,0.7074021,0,0.7068114;
racing,killCuboid,50,10,1,158.7824,59.62675,257.0281,0,0.7070699,0,-0.7071438;
spawnpoint,playerM,610.47,38.48672,628.4407,0,0.9999692,0,-0.007843697;
spawnpoint,playerC,610.47,38.48672,628.4407,0,0.9999692,0,-0.007843697;
racing,killCuboid,10,10,1,158.6122,67.91918,-25.48665,-0.1179105,0.6971289,0.1179361,-0.69728;
racing,killCuboid,10,10,1,68.84457,67.86958,-25.47025,0.117942,0.6973148,0.1179047,0.6970941;
racing,killCuboid,10,10,1,68.66235,96.66972,-109.5428,0.2220585,0.671443,0.2219938,0.6712474;
racing,killCuboid,10,10,1,158.2926,96.83883,-109.5782,-0.2220037,0.6712773,0.2220486,-0.6714132;
racing,killCuboid,10,10,1,158.4571,208.0636,-237.6836,-0.2987849,0.6407462,0.2988877,-0.6409665;
racing,killCuboid,10,10,1,68.77158,208.0733,-237.6206,0.29888,0.6409504,0.2987924,0.6407624;
racing,killCuboid,10,10,1,68.59595,149.7027,-188.8854,0.2988428,0.6408703,0.2988298,0.6408424;
racing,killCuboid,10,10,1,158.643,149.5418,-188.55,-0.2988456,0.6408769,0.2988268,-0.6408359;
racing,killCuboid,10,1,10,113.5596,273.5482,-281.5038,0,0.0001761552,0,1;
racing,killCuboid,10,10,1,68.6674,-7.623034,-42.8679,0,0.707217,0,0.7069966;
racing,killCuboid,10,10,1,158.7923,-7.529174,-43.10468,0,0.7069494,0,-0.7072642;
racing,killCuboid,10,15,1,158.7284,26.83148,-143.0567,0,0.7070869,0,-0.7071267;
racing,killCuboid,10,15,1,68.69203,27.06781,-142.8283,0,0.7070427,0,0.707171;
racing,killCuboid,10,20,1,68.78008,78.5136,-242.7885,0,0.707163,0,0.7070505;
racing,killCuboid,10,20,1,158.6742,79.24871,-243.0631,0,0.7068209,0,-0.7073926;
racing,killCuboid,10,1,10,113.6352,4.877538,-281.6357,0,-0.0001416218,0,-1;
custom,cuboid,default,10,1,35,1,0.3977273,0.3977273,1,1.0,1.0,113.667,4.558876,-156.6232,0,-3.970731E-05,0,-1;
racing,killCuboid,4,20,1,68.7074,78.50021,-311.5518,0,0.706942,0,0.7072716;
racing,killCuboid,4,20,1,158.649,79.23827,-311.6083,0,0.7070993,0,-0.7071143;
racing,killCuboid,10,10,1,68.63023,228.5749,-281.6389,0,0.707093,0,0.7071206;
racing,killCuboid,10,10,1,158.6069,228.4289,-281.5734,0,0.707157,0,-0.7070567;
custom,cuboid,default,10,10,1,0,0.3977273,0.3977273,1,1.0,1.0,113.6831,58.04812,-180.4625,0,4.619473E-05,0,1;
custom,cuboid,default,10,10,1,0,0.3977273,0.3977273,1,1.0,1.0,113.6688,122.293,-234.421,0,0.0004745722,0,0.9999999;
racing,killCuboid,10,10,1,113.6914,121.9981,-234.5469,0,0.0004518933,0,0.9999999;
racing,killCuboid,10,1,5,113.6589,4.918267,-206.6588,0,0.0001595598,0,1;
custom,cuboid,default,10,1,10,1,0.7727273,0.3977273,1,1.0,1.0,113.8882,71.08233,-373.2889,-0.236083,0.6666777,-0.2359913,0.6664188;
racing,killCuboid,10,1,10,113.9387,70.77329,-373.1713,-0.2361435,0.6668488,-0.2359307,0.6662475;
racing,killCuboid,10,18,1,113.9714,188.6469,-336.3052,0,1,0,4.17084E-06;
racing,killCuboid,10,1,30,113.6519,4.565609,-481.6162,0,8.091681E-05,0,1;
custom,cuboid,default,20,1,20,1,0.7727273,0.3977273,1,1.0,1.0,63.64645,4.486542,-731.5508,0,0.7070571,0,-0.7071565;
racing,killCuboid,10,10,1,158.5194,36.06441,-344.9833,0.2359647,0.6663436,-0.2361095,-0.6667527;
racing,killCuboid,10,10,1,68.66183,36.08059,-344.9799,-0.2360826,0.6666766,-0.2359918,0.6664198;
custom,cuboid,default,1,18,1,1,0.7727273,0.3977273,1,1.0,1.0,68.94057,188.6226,-336.5536,0,0.7076058,0,0.7066075;
custom,cuboid,default,1,18,1,1,0.7727273,0.3977273,1,1.0,1.0,158.9873,188.6412,-336.2996,0,0.7065576,0,-0.7076556;
custom,cuboid,default,10,1,1,1,0.7727273,0.3977273,1,1.0,1.0,113.8687,273.6759,-336.3186,0,-6.989152E-05,0,1;
custom,cuboid,default,10,1,1,1,0.7727273,0.3977273,1,1.0,1.0,158.9987,273.7081,-281.762,0,0.7071835,0,-0.7070301;
custom,cuboid,default,10,1,1,1,0.7727273,0.3977273,1,1.0,1.0,68.57423,273.6949,-281.6598,0,0.7072725,0,0.7069411;
custom,cuboid,default,10,1,1,1,0.7727273,0.3977273,1,1.0,1.0,114.0126,273.6997,-236.7804,0,1,0,0.0001175111;
racing,killCuboid,20,10,1,158.6932,59.42733,-731.5156,0,0.7071387,0,-0.7070749;
racing,killCuboid,20,10,1,63.71534,59.41333,-826.5956,0,8.495753E-05,0,-1;
racing,killCuboid,10,10,1,13.69392,59.52118,-636.5201,0,1,0,-0.0002396964;
racing,killCuboid,10,10,1,-31.34854,59.50274,-681.473,0,0.7070869,0,0.7071268;
racing,killCuboid,25,5,1,68.64414,18.51702,-506.7812,0,0.7072661,0,0.7069475;
racing,killCuboid,25,5,1,158.5607,18.51102,-506.9136,0,0.7070996,0,-0.707114;
racing,killCuboid,10,1,23,113.8952,48.5979,-516.9061,0,0.0003895708,0,0.9999999;
racing,killCuboid,1,10,1,68.68759,59.56067,-636.4528,0,-0.004597689,0,0.9999894;
racing,killCuboid,10,6,1,113.7769,79.57082,-636.5692,0,-0.000180395,0,-1;
racing,killCuboid,10,1,1,113.7265,48.48768,-636.4019,0,1,0,-0.0001568902;
racing,killCuboid,3,1,1,68.56696,166.1353,-138.9363,0.2215824,0.6715759,0.2215324,0.6714243;
racing,killCuboid,3,1,1,159.3727,166.0017,-139.3074,-0.2231221,0.6715125,0.2228043,-0.6705563;
racing,killCuboid,20,1,20,63.67563,104.4688,-731.5535,0,0.7072479,0,0.7069656;
custom,cuboid,default,13.5,10,1,0,0.7727273,0.3977273,1,1.0,1.0,20.33361,59.57324,-682.7631,0,0.3579699,0,-0.9337332;
racing,killCuboid,13.5,10,1,20.43126,59.54438,-682.8107,0,0.3579189,0,-0.9337528;
racing,killCuboid,1,10,1,-31.23308,59.42339,-736.377,0,0.7070811,0,0.7071325;
racing,checkpointCuboid,8,9,1,-31.33716,54.33679,-781.4048,0,0.7072032,0,0.7070103;
racing,killCuboid,6,10,1,94.00664,59.78642,418.821,0,0.999999,0,0.001483292;
custom,cuboid,default,0.9,10,0.9,1,0.7727273,0.3977273,1,1.0,1.0,119.2371,59.80906,418.8806,0,1,0,-0.0002554317;
racing,killCuboid,10,6,1,113.6995,79.60603,335.3073,0,0.9999999,0,-0.0003234945;
custom,cuboid,default,10,0.9,0.9,1,0.7727273,0.3977273,1,1.0,1.0,113.628,54.66071,335.3002,0,0.9999999,0,-0.0004839844;
racing,killCuboid,6,10,1,133.6553,59.66648,244.6778,0,0.9999999,0,-0.0004271941;
custom,cuboid,default,0.9,10,0.9,1,0.7727273,0.3977273,1,1.0,1.0,108.4917,59.84974,244.6694,0,0.0005940587,0,0.9999999;
racing,killCuboid,10,6,1,113.4692,25.40574,138.3941,0,0.9999999,0,-0.0006334526;
custom,cuboid,default,10,0.9,0.9,1,0.7727273,0.3977273,1,1.0,1.0,113.4622,50.84385,138.4393,0,0.9999998,0,-0.0007109338;
custom,cuboid,default,10,1,10,1,0.7727273,0.3977273,1,1.0,1.0,-86.25234,4.468024,-781.5715,0,0.7071512,0,0.7070624;
racing,killCuboid,10,1,20,-136.2768,4.530614,-781.5192,0,0.7072655,0,0.7069481;
custom,cuboid,default,10,1,10,1,0.7727273,0.3977273,1,1.0,1.0,-186.2536,4.484236,-781.5446,0,0.7072027,0,0.7070109;
racing,killCuboid,10,1,20,-336.2494,4.514262,-781.4029,0,0.707316,0,0.7068976;
custom,cuboid,default,10,1,20,1,0.7727273,0.3977273,1,1.0,1.0,-336.2272,4.466113,-781.4795,0,0.7073061,0,0.7069075;
racing,killCuboid,10,10,1,-431.2175,59.63805,-781.2762,0,0.7072274,0,0.7069862;
custom,cuboid,default,20,1,10,1,0.7727273,0.3977273,1,1.0,1.0,-336.2744,4.537751,-881.4782,0,0.0002029845,0,1;
racing,killCuboid,20,1,10,-336.2019,4.58014,-881.4119,0,-0.0001082659,0,-1;
custom,cuboid,default,20,1,10,1,0.7727273,0.3977273,1,1.0,1.0,-136.2408,4.454272,-881.3779,0,0.0001425064,0,1;
racing,killCuboid,20,1,10,-136.2096,4.541286,-881.536,0,0.0001855604,0,1;
racing,killCuboid,10,10,1,-431.3379,59.73077,-881.3776,0,0.7072732,0,0.7069404;
racing,killCuboid,20,10,1,-136.3813,59.3826,-736.5065,0,1,0,-0.0001313067;
racing,killCuboid,20,10,1,-336.0609,59.59955,-736.5506,0,1,0,-2.984603E-05;
racing,killCuboid,30,10,1,-286.0971,59.77152,-926.3781,0,-7.064776E-05,0,1;
racing,killCuboid,30,10,1,-186.3567,59.42463,-826.524,0,0.0001441014,0,1;
racing,killCuboid,10,10,1,-41.30756,59.44326,-881.5931,0,0.7069069,0,-0.7073066;
racing,killCuboid,40,1,20,-236.0824,104.4209,-831.4034,0,-0.0003929402,0,0.9999999;
custom,cuboid,default,0.9,1,0.9,1,0.7727273,0.3977273,1,1.0,1.0,-331.2606,56.74932,-826.4838,0,0.7074836,0,0.7067297;
custom,cuboid,default,0.9,1,0.9,1,0.7727273,0.3977273,1,1.0,1.0,-140.6365,58.31929,-926.3852,0,0.7071919,0,-0.7070217;
custom,cuboid,default,40,1,40,1,0.7727273,0.3977273,1,1.0,1.0,-236.3161,4.383061,-1131.416,0,-3.175405E-05,0,-1;
racing,killCuboid,40,1,40,-236.2017,4.527827,-1131.381,0,0.7069743,0,-0.7072392;
racing,killCuboid,40,10,1,-41.39494,59.246,-1131.641,0,0.7069983,0,-0.7072153;
racing,killCuboid,40,10,1,-431.2044,59.53378,-1131.178,0,0.7071932,0,0.7070204;
racing,killCuboid,10,5,1,-140.6489,34.48964,-1081.254,0,0.7014492,0,-0.7127196;
racing,killCuboid,10,5,1,-331.1912,34.28971,-981.2526,0,0.7078178,0,0.7063951;
racing,killCuboid,30,10,1,-186.2673,59.39216,-1026.353,0,0.000398983,0,0.9999999;
racing,killCuboid,30,10,1,-286.3436,59.45262,-1126.324,0,0.0002851517,0,1;
racing,killCuboid,30,10,1,-286.1394,59.51591,-1326.411,0,8.883786E-05,0,1;
racing,killCuboid,30,10,1,-186.3512,59.37708,-1226.083,0,-0.0003370809,0,-0.9999999;
racing,killCuboid,10,5,1,-141.5438,84.45369,-1171.275,0,0.7056236,0,-0.7085869;
racing,killCuboid,10,5,1,-331.4047,84.32101,-1071.231,0,0.7082673,0,0.7059445;
racing,killCuboid,10,5,1,-332.118,34.5092,-1181.037,0,0.7046551,0,0.7095501;
racing,killCuboid,10,5,1,-331.6928,84.36288,-1271.075,0,0.7082367,0,0.7059751;
racing,killCuboid,10,5,1,-86.4549,34.07209,-1326.349,0,1.179552E-05,0,1;
custom,cuboid,default,0.9,1,0.9,1,0.7727273,0.3977273,1,1.0,1.0,-331.7289,59.42505,-1026.262,0,0.7073606,0,0.706853;
custom,cuboid,default,0.9,1,0.9,1,0.7727273,0.3977273,1,1.0,1.0,-140.8535,59.27148,-1126.391,0,0.7066731,0,-0.7075402;
custom,cuboid,default,0.9,1,0.9,1,0.7727273,0.3977273,1,1.0,1.0,-332.0235,60.73645,-1225.993,0,0.7071625,0,0.707051;
custom,cuboid,default,0.9,1,0.9,1,0.7727273,0.3977273,1,1.0,1.0,-140.7072,104.0901,-1326.461,0,0.7062034,0,-0.7080091;
racing,killCuboid,40,1,40,-236.3896,104.4396,-1131.258,0,0.000134577,0,-1;
racing,killCuboid,10,1,10,-86.32506,4.440255,-1381.391,0,4.370853E-05,0,1;
custom,cuboid,default,1,11,1,0,1,1,1,1.0,1.0,174.5746,54.71147,551.0851,0,0.3699361,0,-0.9290573;
racing,killCuboid,10,10,1,-41.33596,59.41105,-1381.405,0,0.7070549,0,-0.7071587;
racing,killCuboid,10,1,10,-86.42943,104.4924,-1381.26,0,0.7069474,0,0.7072662;
racing,killCuboid,10,10,1,-131.2618,59.38351,-1381.405,0,0.7073062,0,0.7069073;
racing,killCuboid,1,10,1,-131.2672,59.52334,-1326.811,0,0.9999999,0,0.0005202203;
racing,killCuboid,10,5,1,-86.37034,74.51826,-1426.32,0,0.001777445,0,0.9999984;
custom,cuboid,default,10,1,20,1,1,0.2840909,0.4886364,1.0,1.0,-86.38611,4.392193,-1531.352,0,0.0001473148,0,1;
racing,killCuboid,1,10,20,-131.3943,59.50824,-1531.344,0,0.0002774608,0,1;
custom,cuboid,default,10,1,20,1,1,0.2840909,0.4886364,1.0,1.0,-38.53457,4.392981,-1685.321,0,0.2975723,0,-0.9546993;
racing,killCuboid,1,10,20,-75.52132,59.51667,-1710.906,0,0.2975865,0,-0.9546949;
racing,killCuboid,10,1,20,-38.54644,4.54777,-1685.433,0,0.2975569,0,-0.9547041;
racing,killCuboid,10,1,20,-86.44774,104.5243,-1531.193,0,1,0,-0.0003215656;
racing,killCuboid,10,1,20,-86.41291,4.505976,-1531.318,0,1,0,-0.0001542448;
racing,killCuboid,10,1,20,-38.63318,104.5648,-1685.37,0,0.2975922,0,-0.9546931;
custom,cuboid,default,16,1,1,1,1,0.2840909,0.4886364,1.0,1.0,-41.46393,104.4909,-1511.394,0,0.7067735,0,-0.7074399;
custom,cuboid,default,20,1,1,1,1,0.2840909,0.4886364,1.0,1.0,-75.60262,104.5245,-1710.75,0,0.4643002,0,0.8856779;
racing,killCuboid,17,10,1,-41.34505,59.46445,-1516.324,0,0.7069422,0,-0.7072714;
racing,killCuboid,17,10,1,7.038663,59.42566,-1672.218,0,0.8855338,0,-0.4645751;
racing,killCuboid,6,10,1,-1.004524,59.43225,-1774.77,0,0.2979153,0,-0.9545923;
racing,killCuboid,4,7,1,40.0589,74.46002,-1746.449,0,0.2975273,0,-0.9547134;
racing,killCuboid,5,1,5,52.99035,4.432549,-1774.1,0,0.2976568,0,-0.954673;
racing,killCuboid,5,1,5,53.00145,44.52895,-1774.151,0,0.2985998,0,-0.9543784;
racing,killCuboid,1,5,5,36.57462,24.4504,-1785.48,0,0.296779,0,-0.9549462;
racing,killCuboid,1,5,5,69.43505,24.55388,-1762.614,0,0.29839,0,-0.9544441;
custom,cuboid,default,10,1,10,1,0,1,0.4886364,1.0,1.0,116.2336,4.453558,-1821.51,0,0.2981084,0,-0.954532;
racing,killCuboid,10,10,1,79.21614,59.48429,-1847.124,0,0.4641234,0,0.8857706;
racing,killCuboid,6,10,1,107.0285,59.3471,-1773.108,0,0.9544993,0,0.2982133;
racing,killCuboid,5,10,1,139.0256,59.39161,-1775.341,0,0.8856795,0,-0.4642971;
racing,killCuboid,5,10,1,121.3251,59.40556,-1872.735,0,0.2979805,0,-0.954572;
racing,killCuboid,10,1,10,116.2673,104.3946,-1821.542,0,0.8857663,0,-0.4641317;
custom,cuboid,default,10,1,10,1,0,1,0.4886364,1.0,1.0,185.7643,4.454799,-1834.241,0,0.4639183,0,0.8858781;
racing,killCuboid,6,10,1,160.1246,59.35291,-1876.323,0,0.463847,0,0.8859154;
racing,killCuboid,6,10,1,176.5972,59.3993,-1785.842,0,0.9544199,0,0.2984675;
racing,killCuboid,5,10,1,190.8039,59.31379,-1885.446,0,0.2980944,0,-0.9545364;
racing,killCuboid,5,10,1,208.5059,59.41988,-1788.121,0,0.8859591,0,-0.4637635;
custom,cuboid,default,10,1,10,1,0,1,0.4886364,1.0,1.0,255.3168,4.44988,-1846.934,0,0.4641732,0,0.8857445;
racing,killCuboid,6,10,1,246.1797,59.41891,-1798.544,0,0.954597,0,0.2979003;
racing,killCuboid,6,10,1,229.7446,59.28293,-1888.921,0,0.4642359,0,0.8857117;
racing,killCuboid,5,10,1,278.0943,59.46577,-1800.827,0,0.8858052,0,-0.4640572;
racing,killCuboid,5,10,1,260.3929,59.28849,-1898.11,0,0.2981516,0,-0.9545186;
custom,cuboid,default,10,1,10,1,0,1,0.4886364,1.0,1.0,324.9735,4.456579,-1859.608,0,0.4641697,0,0.8857464;
racing,killCuboid,6,10,1,315.8238,59.44252,-1811.243,0,0.9544938,0,0.2982309;
racing,killCuboid,6,10,1,299.3646,59.3102,-1901.606,0,0.4642423,0,0.8857083;
racing,killCuboid,5,10,1,330.0699,59.33897,-1910.745,0,0.2980539,0,-0.9545491;
racing,killCuboid,5,10,1,347.7031,59.44224,-1813.446,0,0.8855886,0,-0.4644706;
custom,cuboid,default,10,1,10,1,0,1,0.4886364,1.0,1.0,394.5553,4.456102,-1872.126,0,0.464038,0,0.8858153;
racing,killCuboid,6,10,1,368.9438,59.44883,-1914.134,0,0.4639261,0,0.8858739;
racing,killCuboid,6,10,1,385.4034,59.43415,-1823.776,0,0.9545172,0,0.2981561;
racing,killCuboid,10,1,10,185.6697,104.4061,-1834.292,0,0.2982538,0,-0.9544867;
racing,killCuboid,10,1,10,255.3207,104.3842,-1846.944,0,0.8857854,0,-0.4640951;
racing,killCuboid,10,1,10,324.9461,104.4115,-1859.584,0,0.8857725,0,-0.4641198;
racing,killCuboid,10,1,10,394.5992,104.3802,-1872.24,0,0.8858312,0,-0.4640076;
racing,killCuboid,4,10,1,395.5302,59.32825,-1926.173,0,0.2978415,0,-0.9546154;
racing,killCuboid,5,7,1,70.10853,74.48613,-1798.737,0,0.9545162,0,0.2981592;
racing,killCuboid,1,10,1,457.1254,59.33051,-1883.506,0,0.8856028,0,-0.4644436;
racing,killCuboid,4,10,1,414.3978,59.36146,-1821.868,0,0.8857708,0,-0.464123;
racing,killCuboid,5,5,1,440.0382,34.44528,-1858.838,0,0.885941,0,-0.4637981;
racing,killCuboid,5,5,1,432.4414,84.43637,-1900.584,0,0.2981077,0,-0.9545323;
racing,killCuboid,7,1,20,492.3123,4.467988,-1986.844,0,0.2984357,0,-0.9544298;
racing,killCuboid,7,1,20,526.3973,54.4664,-1799.037,0,0.8857624,0,-0.4641391;
racing,killCuboid,7,1,20,492.5019,64.57051,-1986.656,0,0.2969957,0,-0.9548788;
racing,killCuboid,7,1,20,526.2778,104.3948,-1798.951,0,0.8855047,0,-0.4646306;
custom,cuboid,default,20,1,1,1,0,1,0.4886364,1.0,1.0,517.2036,64.59914,-1969.684,0,0.8852666,0,-0.4650841;
custom,cuboid,default,20,1,1,1,0,1,0.4886364,1.0,1.0,467.5874,64.59376,-2003.886,0,0.4639603,0,0.8858561;
custom,cuboid,default,1,7,1,1,0,1,0.4886364,1.0,1.0,571.0483,34.60895,-2047.831,0,0.2978979,0,-0.9545978;
custom,cuboid,default,1,7,1,1,0,1,0.4886364,1.0,1.0,521.7387,34.60357,-2082.008,0,0.2999113,0,-0.9539671;
custom,cuboid,default,7,1,1,1,0,1,0.4886364,1.0,1.0,546.3986,64.57935,-2064.92,0,0.2984762,0,-0.954417;
custom,cuboid,default,7,1,1,1,0,1,0.4886364,1.0,1.0,546.4027,4.453834,-2064.927,0,0.2985702,0,-0.9543877;
racing,killCuboid,20,7,1,467.5004,34.56197,-2003.719,0,0.4638768,0,0.8858998;
racing,killCuboid,20,7,1,517.2087,34.57774,-1969.818,0,0.8852188,0,-0.4651749;
custom,cuboid,default,20,1,1,1,0,1,0.4886364,1.0,1.0,543.2734,104.4131,-1823.639,0,0.2973376,0,-0.9547724;
custom,cuboid,default,20,1,1,1,0,1,0.4886364,1.0,1.0,509.3114,104.4724,-1774.249,0,0.9547167,0,0.2975166;
custom,cuboid,default,7,1,1,1,0,1,0.4886364,1.0,1.0,604.4747,104.4836,-1744.918,0,0.885587,0,-0.4644736;
custom,cuboid,default,7,1,1,1,0,1,0.4886364,1.0,1.0,604.4957,54.53686,-1744.998,0,0.8858307,0,-0.4640086;
racing,killCuboid,20,6,1,509.3657,79.44268,-1774.262,0,0.9548732,0,0.2970138;
racing,killCuboid,20,6,1,543.2636,79.35487,-1823.591,0,0.2971985,0,-0.9548157;
custom,cuboid,default,1,6,1,1,0,1,0.4886364,1.0,1.0,621.5854,79.49026,-1769.678,0,0.8851251,0,-0.4653533;
custom,cuboid,default,1,6,1,1,0,1,0.4886364,1.0,1.0,587.5085,79.55257,-1720.28,0,0.884883,0,-0.4658135;
racing,killCuboid,20,6,1,681.602,79.47663,-1855.841,0,0.8860161,0,-0.4636544;
racing,killCuboid,20,7,1,657.5327,34.43565,-1988.371,0,0.2974858,0,-0.9547263;
racing,killCuboid,27,7,1,668.7451,34.57728,-2065.617,0,0.2975645,0,-0.9547018;
racing,killCuboid,7,1,7,569.1942,4.470835,-2097.823,0,0.2986578,0,-0.9543603;
racing,killCuboid,7,7,1,544.4708,34.5686,-2114.805,0,0.4645437,0,0.8855503;
racing,killCuboid,7,1,27,651.4382,64.55286,-2040.844,0,0.4642006,0,0.8857301;
racing,killCuboid,7,1,20,680.3642,4.463779,-2021.361,0,0.8858249,0,-0.4640198;
racing,killCuboid,7,1,7,637.5556,54.47776,-1722.191,0,0.8857951,0,-0.4640767;
racing,killCuboid,7,6,1,620.494,79.45251,-1697.605,0,0.9543934,0,0.2985519;
racing,killCuboid,7,6,1,662.2125,79.46171,-1705.07,0,0.8857383,0,-0.4641851;
racing,killCuboid,7,1,20,714.2419,54.57368,-1833.217,0,0.2986104,0,-0.9543751;
racing,killCuboid,7,6,1,768.5277,29.48392,-1911.566,0,0.2984905,0,-0.9544127;
racing,killCuboid,7,1,7,791.2952,104.6558,-1944.436,0,0.8859257,0,-0.4638274;
custom,cuboid,default,7,1,20,1,0.5340909,0,1,1.0,1.0,868.2202,4.483602,-2055.393,0,0.2982888,0,-0.9544757;
custom,cuboid,default,8,1,20,1,0.5340909,0,1,1.0,1.0,899.4227,4.511677,-1863.418,0,0.8859775,0,-0.4637282;
racing,killCuboid,20,7,1,892.8712,34.20745,-2038.374,0,0.8859079,0,-0.4638611;
racing,killCuboid,20,7,1,835.3171,34.50825,-2078.206,0,0.464082,0,0.8857923;
racing,killCuboid,20,7,1,879.4659,34.74681,-1834.692,0,0.9543601,0,0.2986587;
racing,killCuboid,20,7,1,919.1616,34.38279,-1892.261,0,0.298014,0,-0.9545615;
racing,killCuboid,20,6,1,738.8146,79.49136,-1816.141,0,0.8858423,0,-0.4639865;
racing,killCuboid,7,5,1,758.5543,84.42744,-1966.913,0,0.8860942,0,-0.4635053;
racing,killCuboid,7,1,7,791.1259,4.514672,-1944.551,0,0.2984402,0,-0.9544284;
racing,killCuboid,8,1,20,864.0652,64.36966,-2058.266,0,0.2985967,0,-0.9543794;
racing,killCuboid,1,7,1,832.9688,34.38784,-1951.981,0,0.9544315,0,0.2984299;
racing,killCuboid,8,5,1,813.0474,84.55328,-1923.401,0,0.8860421,0,-0.463605;
racing,killCuboid,8,5,1,810.3447,84.45044,-1979.583,0,0.9544713,0,0.2983028;
racing,killCuboid,8,1,27,690.3239,104.4856,-1807.258,0,0.2978018,0,-0.9546278;
racing,killCuboid,8,1,20,899.3437,64.54025,-1863.379,0,0.8859861,0,-0.4637118;
custom,cylinder,default,1,5,1,1,0.5340909,0,1,1.0,1.0,185.9592,59.41625,-1834.326,0,0.6309208,0,-0.7758473;
custom,cylinder,default,1,5,1,1,0.5340909,0,1,1.0,1.0,324.8852,59.44688,-1859.699,0,0.1262812,0,0.9919945;
custom,cuboid,default,1,1,8,1,0.5340909,0,1,1.0,1.0,755.3508,64.50864,-1963.273,0,0.2979502,0,-0.9545815;
custom,cuboid,default,8,1,1,1,0.5340909,0,1,1.0,1.0,813.144,64.7522,-1923.458,0,0.8859296,0,-0.4638199;
custom,cuboid,default,8,1,1,1,0.5340909,0,1,1.0,1.0,764.7726,54.49842,-1913.584,0,0.298341,0,-0.9544594;
custom,cuboid,default,8,1,1,1,0.5340909,0,1,1.0,1.0,809.6479,64.41546,-1980.136,0,0.9543846,0,0.29858;
custom,cuboid,default,0.3,1.5,0.3,1,0.3977273,0.2159091,1,1.0,1.0,584.9112,74.72835,667.5753,0,0.0004337059,0,-0.9999999;
custom,cuboid,default,0.3,1.5,0.3,1,0.3977273,0.2159091,1,1.0,1.0,589.338,75.30042,668.1777,-0.0001037024,-0.0003370901,0.2940403,0.955793;
custom,cuboid,default,0.3,1.5,0.3,1,0.3977273,0.2159091,1,1.0,1.0,597.3371,75.3804,668.1407,-0.0005411335,0.002019538,-0.2588187,0.9659237;
custom,cuboid,default,0.3,1.5,0.3,1,0.3977273,0.2159091,1,1.0,1.0,601.3394,75.18053,668.2056,0,0.002090778,0,0.9999979;
custom,cuboid,default,0.3,1.5,0.3,1,0.3977273,0.2159091,1,1.0,1.0,605.8004,75.14183,668.1361,0,0.002090778,0,0.9999979;
custom,cuboid,default,1,0.3,0.3,1,0.3977273,0.2159091,1,1.0,1.0,610.8038,75.15401,668.2031,0,0.001043582,0,0.9999995;
custom,cuboid,default,0.3,1.5,0.3,1,0.3977273,0.2159091,1,1.0,1.0,616.6838,75.14168,668.1702,0,0.002090778,0,0.9999979;
custom,cuboid,default,1,0.3,0.3,1,0.3977273,0.2159091,1,1.0,1.0,610.9496,81.12988,668.1511,0,0.0001709093,0,1;
custom,cuboid,default,0.3,0.3,0.3,1,0.3977273,0.2159091,1,1.0,1.0,593.557,68.77759,668.2188,0,9.289583E-05,0,-1;
custom,cuboid,default,1.5,0.3,0.3,1,0.3977273,0.2159091,1,1.0,1.0,627.1486,81.12501,668.1865,0,-6.592595E-05,0,-1;
custom,cuboid,default,1.5,0.3,0.3,1,0.3977273,0.2159091,1,1.0,1.0,627.1298,69.16519,668.1859,0,0.0006322057,0,-0.9999999;
custom,cuboid,default,1.5,0.3,0.3,1,0.3977273,0.2159091,1,1.0,1.0,627.1266,74.96522,668.1868,0,0.0002831399,0,-1;
custom,cuboid,default,0.3,1.5,0.3,1,0.3977273,0.2159091,1,1.0,1.0,637.4595,75.0052,668.161,0,0.004471915,0,-0.99999;
custom,cuboid,default,0.3,1,0.3,1,0.3977273,0.2159091,1,1.0,1.0,641.5403,77.80509,668.195,-0.001516867,0.003455518,0.4019451,-0.9156561;
custom,cuboid,default,0.3,1,0.3,1,0.3977273,0.2159091,1,1.0,1.0,641.6196,72.16515,668.1968,0.002713145,0.001865831,-0.3923279,-0.9198196;
custom,cuboid,default,0.3,0.5,0.3,1,0.3977273,0.2159091,1,1.0,1.0,621.1476,78.78181,668.108,0,0.002071467,0,0.9999979;
custom,cuboid,default,0.3,0.5,0.3,1,0.3977273,0.2159091,1,1.0,1.0,633.1342,72.50189,668.1768,0,0.002071467,0,0.9999979;
custom,cuboid,default,1.5,0.3,0.3,1,0.3977273,0.2159091,1,1.0,1.0,588.2523,63.64738,668.1175,0,0.0003237546,0,0.9999999;
custom,cuboid,default,1.5,0.3,0.3,1,0.3977273,0.2159091,1,1.0,1.0,588.2539,51.64729,668.1951,0,-2.531122E-05,0,1;
custom,cuboid,default,1.5,0.3,0.3,1,0.3977273,0.2159091,1,1.0,1.0,588.2561,57.56736,668.1533,0,-2.531122E-05,0,1;
custom,cuboid,default,0.3,1.5,0.3,1,0.3977273,0.2159091,1,1.0,1.0,598.1648,57.68738,668.1564,0,0.002069082,0,0.9999979;
custom,cuboid,default,1,0.3,0.3,1,0.3977273,0.2159091,1,1.0,1.0,603.0901,51.6779,668.2084,0,0.00128369,0,0.9999992;
custom,cuboid,default,0.3,1.5,0.3,1,0.3977273,0.2159091,1,1.0,1.0,610.5293,57.63579,668.1353,0,-0.0001159897,0,1;
custom,cuboid,default,0.3,1.5,0.3,1,0.3977273,0.2159091,1,1.0,1.0,618.2878,57.63573,668.1853,0,-0.002210383,0,0.9999976;
custom,cuboid,default,0.3,0.5,0.3,1,0.3977273,0.2159091,1,1.0,1.0,582.2625,60.5558,668.1566,0,0.005119976,0,0.9999869;
custom,cuboid,default,0.3,0.5,0.3,1,0.3977273,0.2159091,1,1.0,1.0,594.2566,54.07578,668.1779,0,0.001280273,0,0.9999992;
custom,cuboid,default,0.5,0.3,0.3,1,0.3977273,0.2159091,1,1.0,1.0,614.3107,63.65749,668.1938,0,0.0005821419,0,0.9999998;
custom,cuboid,default,0.5,0.3,0.3,1,0.3977273,0.2159091,1,1.0,1.0,614.4437,57.62619,668.2074,0,0.0001242141,0,1;
custom,cuboid,default,0.3,1.5,0.3,1,0.3977273,0.2159091,1,1.0,1.0,624.9213,57.75525,668.1805,-0.0001372153,-0.000736045,0.1832651,0.9830633;
custom,cuboid,default,0.3,1.5,0.3,1,0.3977273,0.2159091,1,1.0,1.0,631.2501,57.75525,668.1834,-0.0003085669,-0.0003607965,-0.2055213,0.9786525;
custom,cuboid,default,1.5,0.3,0.3,1,0.3977273,0.2159091,1,1.0,1.0,644.337,51.48413,668.1892,0,-0.0005741355,0,0.9999999;
custom,cuboid,default,1.5,0.3,0.3,1,0.3977273,0.2159091,1,1.0,1.0,644.2572,63.80418,668.1901,0,0.0008221279,0,0.9999997;
custom,cuboid,default,1.5,0.3,0.3,1,0.3977273,0.2159091,1,1.0,1.0,644.2975,57.72416,668.1508,0,0.0008221279,0,0.9999997;
custom,cuboid,default,0.3,1.5,0.3,1,0.3977273,0.2159091,1,1.0,1.0,638.298,57.68414,668.1479,0,-0.0002250704,0,1;
custom,cuboid,default,10,1,0.9,1,0.3977273,0.2159091,1,1.0,1.0,-86.36198,54.58412,-1426.323,0,0.9999985,0,-0.001745049;
custom,cuboid,default,1,7,1,1,0.375,0.1590909,1,1.0,1.0,998.4361,34.49011,-1844.029,0,0.08926481,0,0.996008;
racing,killCuboid,8,1,20,899.5844,4.706215,-1863.601,0,0.8860018,0,-0.4636818;
racing,killCuboid,7,1,20,868.2305,4.63076,-2055.485,0,0.2980688,0,-0.9545444;
custom,cuboid,default,5,1,1,1,0.3977273,0.2159091,1,1.0,1.0,36.1041,44.58632,-1749.245,0,0.9547498,0,0.2974104;
racing,killCuboid,28.2,7,1,974.3812,34.52141,-1977.868,0,0.6413385,0,-0.7672582;
custom,cuboid,default,8,1,8,1,0.3977273,0.2159091,1,1.0,1.0,943.8787,4.545749,-2173.32,0,0.2980604,0,-0.954547;
custom,cuboid,default,8,1,8,1,0.375,0.1590909,1,1.0,1.0,1014.45,4.490495,-1783.648,0,0.8858679,0,-0.4639376;
custom,cuboid,default,30,1,8,1,0.375,0.1590909,1,1.0,1.0,1018.584,4.517849,-1986.531,0,0.6414729,0,-0.7671457;
racing,killCuboid,30,1,8,1018.639,64.73054,-1986.517,0,0.6413217,0,-0.7672722;
racing,killCuboid,8,1,8,1014.44,64.71883,-1783.652,0,0.8858888,0,-0.4638978;
racing,killCuboid,8,1,8,943.9578,64.39613,-2173.148,0,0.2983313,0,-0.9544624;
racing,killCuboid,8,7,1,963.7468,34.44775,-2202.07,0,0.2972696,0,-0.9547936;
racing,killCuboid,8,7,1,915.1142,34.43229,-2193.158,0,0.464388,0,0.8856319;
racing,killCuboid,8,7,1,1043.222,34.70488,-1763.715,0,0.8858436,0,-0.463984;
racing,killCuboid,8,7,1,994.4683,34.77698,-1754.845,0,0.954341,0,0.2987195;
custom,cuboid,default,5,1,8,1,0.375,0.1590909,1,1.0,1.0,1039.548,4.518966,-1831.8,0,0.7907723,0,-0.6121105;
custom,cuboid,default,5,1,8,1,0.375,0.1590909,1,1.0,1.0,984.2324,4.505747,-2137.853,0,0.4523413,0,-0.891845;
racing,killCuboid,5,1,8,1039.563,64.72907,-1831.848,0,0.7909015,0,-0.6119435;
racing,killCuboid,5,1,8,984.1855,64.71143,-2137.898,0,0.4526102,0,-0.8917085;
custom,cuboid,default,0.45,1,8,1,0.375,0.1590909,1,1.0,1.0,1035.151,4.548003,-1813.201,0,0.8480247,0,-0.5299567;
racing,killCuboid,0.45,1,8,1035.132,64.71236,-1813.22,0,0.8479792,0,-0.5300295;
racing,killCuboid,0.45,7,1,1066.591,34.69572,-1797.91,0,0.8480738,0,-0.5298783;
racing,killCuboid,5,7,1,1073.426,34.66515,-1823.024,0,0.7909932,0,-0.6118251;
racing,killCuboid,5,7,1,1012.449,34.64993,-2158.527,0,0.4522017,0,-0.8919158;
custom,cuboid,default,0.3,1,1,1,0.375,0.1590909,1,1.0,1.0,997.4211,4.524806,-2178.726,0,0.3430744,0,-0.9393082;
racing,killCuboid,0.3,7,1,997.3663,34.44477,-2178.727,0,0.3434022,0,-0.9391884;
racing,killCuboid,10,7,1,1035.274,34.6615,-2091.138,0,0.6416455,0,-0.7670014;
racing,killCuboid,10,7,1,1070.727,34.73097,-1894.343,0,0.6414549,0,-0.7671608;
custom,cuboid,default,10,1,10,1,0.375,0.1590909,1,1.0,1.0,1107.158,4.579597,-2002.494,0,0.6414487,0,-0.767166;
racing,killCuboid,10,1,10,1107.257,4.8703,-2002.435,0,0.6410937,0,-0.7674627;
custom,cuboid,default,10,1,30,1,0.375,0.1590909,1,1.0,1.0,1303.767,4.559651,-2038.164,0,0.6407613,0,-0.7677402;
racing,killCuboid,10,1,30,1303.807,4.877046,-2038.193,0,0.6405624,0,-0.7679062;
custom,cuboid,default,1,7,1,1,0.375,0.1590909,1,1.0,1.0,1072.628,34.67992,-1940.336,0,0.9960039,0,-0.08931018;
custom,cuboid,default,1,7,1,1,0.375,0.1590909,1,1.0,1.0,1053.061,34.69537,-2048.647,0,0.6421701,0,-0.7665622;
custom,cuboid,default,1,7,1,1,0.375,0.1590909,1,1.0,1.0,951.7936,34.28208,-2103.021,0,0.9960689,0,-0.0885824;
racing,killCuboid,10,7,1,1115.176,34.70978,-1958.274,0,0.9960357,0,-0.0889549;
racing,killCuboid,10,7,1,1099.288,34.72561,-2046.787,0,0.08875278,0,0.9960537;
racing,killCuboid,10,1,40,1254.693,64.66874,-2029.254,0,0.6408681,0,-0.7676511;
racing,killCuboid,3.5,7,1,1058.771,34.7664,-1960.765,0,0.6415285,0,-0.7670992;
racing,killCuboid,3.5,7,1,1047.172,34.64766,-2024.697,0,0.767032,0,0.641609;
racing,killCuboid,30,7,1,1311.879,34.58016,-1993.983,0,0.9959834,0,-0.08953832;
racing,killCuboid,30,7,1,1296.116,34.72515,-2082.45,0,0.08961207,0,0.9959768;
racing,killCuboid,2,7,1,1443.596,34.67199,-2079.037,0,0.6405516,0,-0.7679152;
racing,killCuboid,2,7,1,1448.888,34.52386,-2050.224,0,0.6406268,0,-0.7678524;
custom,cuboid,default,10,1,10,1,0.375,0.1590909,1,1.0,1.0,1500.598,4.532549,-2073.906,0,0.6407155,0,-0.7677785;
custom,cuboid,default,10,1,10,1,0.375,0.1590909,1,1.0,1.0,1598.98,4.528627,-2091.823,0,0.6405995,0,-0.7678752;
racing,killCuboid,10,1,10,1500.637,4.863619,-2073.89,0,0.6405995,0,-0.7678752;
racing,killCuboid,10,10,1,1508.738,49.54606,-2029.68,0,0.9959579,0,-0.08982196;
racing,killCuboid,10,10,1,1492.459,49.64018,-2118.166,0,0.08997371,0,0.9959441;
racing,checkpointCuboid,10,10,1,1554.856,49.62612,-2083.742,0,0.639553,0,-0.768747;
racing,killCuboid,10,3,1,1446.45,84.56486,-2064.063,0,0.6404536,0,-0.7679969;
racing,killCuboid,10,1,10,1500.784,94.54707,-2073.883,0,0.6408155,0,-0.767695;
racing,killCuboid,10,10,1,1590.871,49.5776,-2136.038,0,0.08983111,0,0.995957;
racing,killCuboid,10,10,1,1607.079,49.64632,-2047.604,0,0.9959655,0,-0.08973705;
custom,cuboid,default,10,1,10,0,0.375,0.1590909,1,1.0,1.0,1697.369,4.513977,-2109.577,0,0.6402602,0,-0.7681582;
racing,killCuboid,10,1,10,1697.568,4.914282,-2109.599,0,0.640357,0,-0.7680776;
custom,cuboid,default,10,1,10,0,0.375,0.1590909,1,1.0,1.0,1795.673,4.519198,-2127.636,0,0.6399928,0,-0.7683809;
racing,killCuboid,10,1,10,1795.906,4.891981,-2127.672,0,0.6402089,0,-0.7682009;
custom,cuboid,default,10,1,10,0,0.375,0.1590909,1,1.0,1.0,1894.156,4.579317,-2145.61,0,0.6407706,0,-0.7677324;
racing,killCuboid,10,1,10,1894.168,4.766109,-2145.581,0,0.6407821,0,-0.7677228;
custom,cuboid,default,1,10,1,1,0.375,0.1590909,1,1.0,1.0,1743.434,49.59441,-2163.785,0,0.6393266,0,-0.7689353;
custom,cuboid,default,1,10,1,1,0.375,0.1590909,1,1.0,1.0,1759.629,49.7092,-2075.264,0,0.7685315,0,0.639812;
racing,killCuboid,10,10,1,1705.488,49.65436,-2065.404,0,0.9959049,0,-0.09040732;
racing,killCuboid,10,10,1,1689.292,49.5882,-2153.809,0,0.09066352,0,0.9958816;
custom,cuboid,default,1,10,1,1,0.375,0.1590909,1,1.0,1.0,1755.594,52.37769,-2096.701,-0.1399662,0.6231065,0.1686501,-0.7508029;
custom,cuboid,default,1,10,1,1,0.375,0.1590909,1,1.0,1.0,1747.417,52.24472,-2142.529,0.1381442,0.6248778,-0.1675049,-0.749924;
custom,cuboid,default,1.5,1,1,1,0.375,0.1590909,1,1.0,1.0,1751.895,12.84558,-2118.574,0,0.6384493,0,-0.7696639;
custom,cuboid,default,1.5,1,1,1,0.375,0.1590909,1,1.0,1.0,1751.042,12.989,-2121.043,0,0.7677045,0,0.6408042;
custom,cuboid,default,1,10,1,1,0.375,0.1590909,1,1.0,1.0,1841.792,49.54466,-2181.82,0,0.6398292,0,-0.7685172;
custom,cuboid,default,1,10,1,1,0.375,0.1590909,1,1.0,1.0,1857.972,49.58449,-2093.325,0,0.9960036,0,-0.08931272;
custom,cuboid,default,10,1,1,1,0.375,0.1590909,1,1.0,1.0,1849.87,94.60474,-2137.5,0,0.6408646,0,-0.767654;
racing,killCuboid,10,10,1,1803.779,49.59262,-2083.451,0,0.995851,0,-0.09099877;
racing,killCuboid,10,10,1,1787.689,49.58228,-2171.836,0,0.09090465,0,0.9958596;
custom,cuboid,default,10,1,1,1,0.375,0.1590909,1,1.0,1.0,1849.886,54.64587,-2137.59,0,0.6406529,0,-0.7678307;
custom,cuboid,default,10,1,10,0,0.375,0.1590909,1,1.0,1.0,1992.534,4.547944,-2163.54,0,0.6406161,0,-0.7678614;
racing,killCuboid,10,1,10,1992.488,4.795373,-2163.573,0,0.6402891,0,-0.7681341;
custom,cuboid,default,10,1,10,0,0.375,0.1590909,1,1.0,1.0,2090.854,4.515293,-2181.557,0,0.6403808,0,-0.7680576;
racing,killCuboid,10,1,10,2090.909,4.818058,-2181.59,0,0.6404561,0,-0.7679948;
custom,cuboid,default,1,10,1,1,0.375,0.1590909,1,1.0,1.0,2054.665,49.56355,-2129.243,0,0.6399386,0,-0.7684261;
custom,cuboid,default,10,1,1,1,0.375,0.1590909,1,1.0,1.0,1948.126,14.49943,-2155.705,0,0.6401604,0,-0.7682413;
custom,cuboid,default,10,1,1,1,0.375,0.1590909,1,1.0,1.0,1948.262,56.80866,-2155.47,0,0.6409873,0,-0.7675515;
custom,cuboid,default,10,1,1,1,0.375,0.1590909,1,1.0,1.0,1948.19,94.54738,-2155.463,0,0.6409873,0,-0.7675515;
racing,killCuboid,10,10,1,1902.09,49.50784,-2101.345,0,0.9959803,0,-0.08957317;
racing,killCuboid,10,10,1,1885.971,49.56028,-2189.881,0,0.08991213,0,0.9959497;
racing,killCuboid,10,10,1,1984.394,49.55827,-2207.793,0,0.09024829,0,0.9959193;
racing,killCuboid,10,10,1,2000.438,49.4897,-2119.25,0,0.995944,0,-0.08997536;
custom,cuboid,default,1,4,1,1,0.375,0.1590909,1,1.0,1.0,1940.014,36.76005,-2199.957,0,0.9959311,0,-0.09011822;
custom,cuboid,default,1,4,1,1,0.375,0.1590909,1,1.0,1.0,1956.264,72.08821,-2111.198,0,0.9959888,0,-0.08947732;
custom,cuboid,default,1,10,1,1,0.375,0.1590909,1,1.0,1.0,2046.234,23.83596,-2174.762,-0.349774,0.5357342,0.4201481,-0.6435235;
custom,cuboid,default,1,10,1,1,0.375,0.1590909,1,1.0,1.0,2046.646,71.8691,-2171.545,-0.5468135,0.3311623,0.6577559,-0.3983513;
racing,killCuboid,10,10,1,2082.684,49.55812,-2225.779,0,0.09072147,0,0.9958764;
racing,killCuboid,10,10,1,2098.868,49.43933,-2137.338,0,0.9959165,0,-0.09027924;
racing,killCuboid,10,1,60,1844.953,94.41097,-2136.722,0,0.6404682,0,-0.7679847;
racing,killCuboid,25,5,1,71.62698,21.40634,-737.1487,0,0.3962863,0,0.9181271;
racing,killCuboid,25,5,1,71.77462,84.50813,-737.1193,0,0.3964329,0,0.9180637;
custom,torus,default,2,2,2,1,1,1,0,1.0,1.0,1285.269,82.89352,-2038.909,-0.7061374,0.7007352,0.07217916,-0.07162694;
custom,cuboid,default,10,1,10,1,1,1,0,1.0,1.0,2189.068,4.511655,-2199.63,0,0.6397704,0,-0.7685661;
custom,cuboid,default,10,10,1,0,1,1,0,1.0,1.0,2197.301,49.46259,-2155.409,0,0.9958625,0,-0.09087335;
custom,cuboid,default,10,10,1,0,1,1,0,1.0,1.0,2180.895,49.49168,-2243.846,0,0.0910376,0,0.9958475;
racing,killCuboid,10,1,10,2189.103,94.43486,-2199.491,0,0.6392072,0,-0.7690346;
racing,killCuboid,10,2,10,2188.95,79.54545,-2199.57,0,0.640027,0,-0.7683524;
racing,killCuboid,10,2,10,2188.961,19.54857,-2199.647,0,0.63936,0,-0.7689076;
custom,cuboid,default,10,1,10,0,1,1,0,1.0,1.0,2287.48,4.536573,-2217.851,0,0.6402415,0,-0.7681737;
racing,killCuboid,10,3,10,2287.425,74.45454,-2217.863,0,0.6397087,0,-0.7686175;
racing,killCuboid,10,3,10,2287.411,24.24525,-2217.916,0,0.6402249,0,-0.7681876;
custom,cuboid,default,10,10,1,1,1,1,0,1.0,1.0,2295.704,49.53278,-2173.564,0,0.9958925,0,-0.09054356;
custom,cuboid,default,10,10,1,1,1,1,0,1.0,1.0,2279.377,49.54997,-2261.929,0,0.09061107,0,0.9958864;
racing,killCuboid,10,1,10,2287.441,94.50488,-2217.811,0,0.640166,0,-0.7682367;
custom,cuboid,default,10,1,10,1,1,1,0,1.0,1.0,2385.979,4.900167,-2235.818,0,0.6407194,0,-0.7677752;
custom,cuboid,default,10,1,10,0,1,1,0,1.0,1.0,2484.365,4.917996,-2253.726,0,0.6405449,0,-0.7679208;
custom,cuboid,default,10,10,1,0,1,1,0,1.0,1.0,2377.852,49.61417,-2279.971,0,0.09014247,0,0.9959289;
custom,cuboid,default,10,10,1,0,1,1,0,1.0,1.0,2393.952,49.60598,-2191.577,0,0.9959696,0,-0.08969235;
racing,killCuboid,10,1,20,2435.115,5.405058,-2244.785,0,0.6404423,0,-0.7680063;
racing,killCuboid,3,10,10,2381.429,49.57077,-2260.384,0,0.6407191,0,-0.7677754;
racing,killCuboid,3,10,10,2390.39,49.54926,-2211.129,0,0.640936,0,-0.7675944;
racing,killCuboid,10,1,20,2435.051,94.61378,-2244.798,0,0.6406255,0,-0.7678534;
custom,cuboid,default,10,10,1,1,1,1,0,1.0,1.0,2476.349,49.62918,-2298.049,0,0.09011552,0,0.9959314;
custom,cuboid,default,10,10,1,1,1,1,0,1.0,1.0,2492.365,49.6295,-2209.482,0,0.9959087,0,-0.09036578;
racing,killCuboid,10,3,10,2484.302,74.63862,-2253.67,0,0.6402541,0,-0.7681632;
racing,killCuboid,10,3,10,2484.231,24.8162,-2253.664,0,0.6401871,0,-0.7682191;
racing,killCuboid,3,10,10,2480.131,49.56405,-2278.479,0,0.640664,0,-0.7678214;
racing,killCuboid,3,10,10,2488.721,49.60657,-2228.912,0,0.6404151,0,-0.768029;
custom,cuboid,default,4,1,10,1,1,0,1,1.0,1.0,2582.733,4.891973,-2271.372,0,0.6414329,0,-0.7671792;
racing,killCuboid,10,1,10,394.5985,4.714808,-1872.139,0,0.8858606,0,-0.4639517;
racing,killCuboid,10,1,10,324.9849,4.607713,-1859.662,0,0.8858209,0,-0.4640275;
racing,killCuboid,10,1,10,255.3044,4.581961,-1847.005,0,0.8857027,0,-0.464253;
racing,killCuboid,10,1,10,185.7884,4.540011,-1834.308,0,0.8859864,0,-0.4637113;
racing,killCuboid,10,1,10,116.2969,4.558963,-1821.587,0,0.8857064,0,-0.4642458;
racing,killCylinder,1.1,5,1.1,324.8987,59.39063,-1859.733,0,0.7509877,0,-0.6603162;
racing,killCylinder,1.1,5,1.1,185.9606,59.33443,-1834.353,0,0.6810588,0,-0.7322288;
racing,killCuboid,1,10,10,2580.115,49.64556,-2286.252,0,0.6415804,0,-0.7670557;
racing,killCuboid,1,10,10,2585.663,49.94301,-2256.729,0,0.6414067,0,-0.7672011;
racing,killCuboid,4,1,10,2582.813,94.98901,-2271.395,0,0.6414491,0,-0.7671656;
racing,killCuboid,4,1,10,2582.861,5.295809,-2271.408,0,0.641661,0,-0.7669884;
custom,cuboid,default,4,1,10,1,1,0,1,1.0,1.0,2681.226,4.940357,-2288.986,0,0.6414925,0,-0.7671294;
racing,killCuboid,4,1,10,2681.284,95.02318,-2288.956,0,0.6413711,0,-0.7672309;
racing,killCuboid,4,1,10,2681.275,5.362161,-2288.949,0,0.6411821,0,-0.7673888;
custom,cuboid,default,1,10,1,1,1,0,1,1.0,1.0,2630.052,50.01948,-2264.401,0,0.6347357,0,-0.7727294;
custom,cuboid,default,1,10,1,1,1,0,1,1.0,1.0,2624.323,50.00562,-2294.335,0,0.6424749,0,-0.7663068;
custom,cuboid,default,1,10,1,1,1,0,1,1.0,1.0,2722.835,50.08504,-2311.674,0,0.6418965,0,-0.7667913;
custom,cuboid,default,1,10,1,1,1,0,1,1.0,1.0,2728.171,50.03636,-2281.932,0,0.6423099,0,-0.766445;
custom,cuboid,default,3,1,1,1,1,0,1,1.0,1.0,2627.23,95.01308,-2278.764,0,0.6376562,0,-0.7703212;
custom,cuboid,default,3,1,1,1,1,0,1,1.0,1.0,2725.594,95.02943,-2295.917,0,0.641627,0,-0.7670169;
racing,killCuboid,3,7,1,2627.241,65.00324,-2278.796,0,0.6377679,0,-0.7702287;
racing,killCuboid,3,7,1,2725.499,65.01122,-2297.384,0,0.6424022,0,-0.7663677;
racing,killCuboid,10,10,1,2678.526,50.00606,-2303.719,0,0.08832788,0,0.9960915;
racing,killCuboid,10,10,1,2677.543,49.96312,-2273.1,0,0.9960067,0,-0.08927833;
custom,cuboid,default,15,1,20,0,1,0,1,1.0,1.0,2903.867,4.944172,-2328.968,0,0.6409798,0,-0.7675579;
custom,cuboid,default,10,1,5,0,1,0,1,1.0,1.0,2783.465,4.898468,-2281.051,0,0.9771659,0,0.212478;
custom,cuboid,default,10,1,5,0,1,0,1,1.0,1.0,2774.278,4.940262,-2332.077,0,0.9249099,0,-0.3801864;
racing,killCuboid,10,10,1,2760.447,50.04914,-2346.339,0,0.9248385,0,-0.3803601;
racing,killCuboid,10,10,1,2775.382,49.95641,-2262.652,0,0.2124719,0,-0.9771672;
custom,cuboid,default,3,1,3,0,1,0,1,1.0,1.0,2793.767,4.946773,-2309.805,0,0.6467738,0,-0.762682;
custom,cuboid,default,3,1,3,0,1,0,1,1.0,1.0,2737.487,4.809805,-2299.528,0,0.6415831,0,-0.7670536;
racing,killCuboid,20,10,1,2891.349,50.08582,-2397.896,0,0.08937307,0,0.9959983;
racing,killCuboid,20,10,1,2916.494,49.9339,-2260.06,0,0.9959918,0,-0.08944542;
racing,killCuboid,15,1,20,2903.844,95.07205,-2328.99,0,0.64077,0,-0.767733;
racing,killCuboid,10,1,5,2783.598,94.81868,-2281.082,0,0.9771382,0,0.2126055;
racing,killCuboid,10,1,5,2774.257,95.05061,-2331.938,0,0.380071,0,0.9249574;
racing,killCuboid,3,1,3,2745.378,95.08842,-2299.465,0,0.6422404,0,-0.7665033;
racing,killCuboid,3,1,3,2790.525,94.86507,-2309.182,0,0.6408579,0,-0.7676595;
custom,cylinder,default,2,5,2,1,1,0,1,1.0,1.0,2846.882,49.80873,-2342.176,0,0.6569289,0,-0.7539526;
custom,cylinder,default,2,5,2,1,1,0,1,1.0,1.0,2892.681,49.98029,-2319.819,0,0.6780531,0,-0.7350129;
custom,cylinder,default,2,5,2,1,1,0,1,1.0,1.0,2856.822,49.88568,-2274.659,0,0.6585841,0,-0.7525072;
custom,cylinder,default,2,5,2,1,1,0,1,1.0,1.0,2931.38,50.04107,-2369.076,0,0.6939416,0,-0.7200314;
custom,cylinder,default,2,5,2,1,1,0,1,1.0,1.0,2943.917,49.97875,-2291.546,0,0.7597699,0,-0.6501921;
custom,cylinder,default,2,5,2,1,1,0,1,1.0,1.0,2994.059,49.99506,-2345.39,0,0.6575747,0,-0.7533894;
racing,killCylinder,2.1,5,2.1,2994.104,50.05663,-2345.441,0,0.7033632,0,-0.7108306;
racing,killCylinder,2.1,5,2.1,2931.305,50.09675,-2369.094,0,0.6336983,0,-0.7735803;
racing,killCylinder,2.1,5,2.1,2943.89,50.02651,-2291.595,0,0.6603268,0,-0.7509784;
racing,killCylinder,2.1,5,2.1,2892.675,50.02441,-2319.907,0,0.7262911,0,-0.6873873;
racing,killCylinder,2.1,5,2.1,2846.843,49.86366,-2342.211,0,0.6798005,0,-0.7333971;
racing,killCylinder,2.1,5,2.1,2856.816,49.92179,-2274.673,0,0.627012,0,-0.7790096;
custom,cuboid,default,7.5,1,20,1,1,0,1,1.0,1.0,3093.957,4.905061,-2401.605,0,0.6408322,0,-0.7676811;
custom,cuboid,default,7.5,1,20,1,1,0,1,1.0,1.0,3107.335,4.933288,-2327.772,0,0.6408173,0,-0.7676935;
racing,killCuboid,20,10,1,3088.123,50.0616,-2433.651,0,0.08994882,0,0.9959464;
racing,killCuboid,20,10,1,3100.624,50.08061,-2364.849,0,0.9959821,0,-0.08955309;
racing,killCuboid,20,10,1,3113.092,50.07484,-2295.827,0,0.9959888,0,-0.08947863;
racing,killCuboid,15,1,20,3100.578,95.09448,-2364.624,0,0.6411461,0,-0.7674189;
racing,killCuboid,15,1,20,3100.687,5.194042,-2364.927,0,0.6416181,0,-0.7670243;
racing,killCuboid,7.5,6,3,3177.534,70.12835,-2416.878,0,0.6415243,0,-0.7671028;
racing,killCuboid,7.5,6,3,3190.933,29.9412,-2343.085,0,0.6403286,0,-0.7681011;
custom,cuboid,default,7.5,1,10,1,1,0,1,1.0,1.0,3241.46,4.955047,-2428.269,0,0.6418796,0,-0.7668055;
racing,killCuboid,7.5,1,10,3241.512,45.19347,-2428.195,0,0.6410952,0,-0.7674614;
racing,killCuboid,7.5,1,10,3241.417,5.158896,-2428.337,0,0.6421905,0,-0.7665452;
custom,cuboid,default,7.5,1,10,1,1,0,1,1.0,1.0,3254.92,95.17895,-2354.394,0,0.6414215,0,-0.7671887;
racing,killCuboid,7.5,1,10,3254.841,55.04321,-2354.525,0,0.6424385,0,-0.7663373;
racing,killCuboid,7.5,1,10,3254.846,95.04684,-2354.414,0,0.6412523,0,-0.7673301;
racing,killCuboid,10,5,1,3235.699,25.16884,-2460.276,0,0.0885976,0,0.9960675;
racing,killCuboid,10,5,1,3247.266,25.20625,-2396.358,0,0.9960998,0,-0.08823476;
racing,killCuboid,10,5,1,3260.807,75.11449,-2322.399,0,0.9960712,0,-0.0885563;
racing,killCuboid,10,5,1,3249.135,75.14667,-2386.41,0,0.0886381,0,0.9960639;
custom,cuboid,default,1,1,10,1,1,0,1,1.0,1.0,3248.034,49.9898,-2391.515,0,0.6422083,0,-0.7665302;
racing,killCuboid,7.5,6,1,3299.098,30.02803,-2362.261,0,0.6411557,0,-0.7674109;
racing,killCuboid,7.5,6,1,3285.782,70.1013,-2436.25,0,0.6420342,0,-0.7666761;
custom,cuboid,default,15,1,10,1,1,0,1,1.0,1.0,3346.4,5.956631,-2408.928,0,0.6406485,0,-0.7678344;
racing,killCuboid,15,1,10,3346.545,95.05055,-2409.009,0,0.6404645,0,-0.7679878;
racing,killCuboid,15,1,10,3346.546,6.033598,-2408.61,0,0.6410139,0,-0.7675294;
racing,killCuboid,7,10,1,3383.615,49.91219,-2456.299,0,0.6411014,0,-0.7674562;
racing,killCuboid,7,10,1,3397.785,49.93933,-2377.583,0,0.640836,0,-0.7676778;
racing,killCuboid,10,10,1,3358.851,49.9858,-2340.004,0,0.9959399,0,-0.09002093;
racing,killCuboid,10,10,1,3333.967,50.0664,-2477.885,0,0.08957662,0,0.99598;
racing,killCuboid,1,7,1,3390.687,25.09845,-2416.896,0,0.638763,0,-0.7694037;
custom,cuboid,default,10,10,1,1,0,0,1,1.0,1.0,3598.49,50.61916,-2527.104,0,0.08996937,0,0.9959446;
racing,killCuboid,10,1,10,1028.587,4.610885,-1987.718,0,0.6414691,0,-0.7671489;
racing,killCuboid,10,5,1,1849.914,34.76184,-2137.437,0,0.7678717,0,0.6406037;
racing,killCuboid,10,5,1,1948.278,75.97736,-2155.471,0,0.7671434,0,0.6414758;
racing,killCuboid,5,10,1,2043.712,49.54821,-2188.25,0,0.6399677,0,-0.7684019;
racing,killCuboid,1,5,5,3421.981,75.03711,-2412.216,0,0.6403356,0,-0.7680954;
racing,killCuboid,1,5,5,3418.379,75.0228,-2432.166,0,0.6388282,0,-0.7693495;
racing,killCuboid,3,1,5,3420.292,95.03335,-2422.434,0,0.6400715,0,-0.7683154;
racing,killCuboid,3,1,5,3420.169,54.99174,-2422.399,0,0.640793,0,-0.7677137;
custom,cuboid,default,10,10,1,1,0,0,1,1.0,1.0,3622.734,50.59264,-2389.386,0,0.9961863,0,-0.08725242;
racing,checkpointCuboid,15,10,1,3655.031,50.70852,-2466.097,0,0.643386,0,-0.765542;
racing,endCuboid,15,10,1,3566.436,50.63567,-2450.414,0,0.7654755,0,0.6434651;
custom,cuboid,default,15,1,10,1,0,0,1,1.0,1.0,3610.82,95.71712,-2458.123,0,0.7650821,0,0.6439328;
racing,killCuboid,4,6,4,289.2617,35.26119,586.9824,0,0.7070069,0,-0.7072067;