map,disablebounds;
spawnpoint,playerC,50,566,303,0,1,0,1,0,0,0;
spawnpoint,playerM,50,566,303,0,1,0,1,0,0,0;
racing,checkpointcuboid,2,1,2,50,555,-1100,0,0,0,-1;
custom,cylinder,default,1,0.075,1,0,0,0,0,0,0,50,565,307,0,1,0,0;
custom,cylinder,default,0.9,0.076,0.9,1,0,0.7,0,0,0,50,565,307,0,1,0,0;
custom,tube,default,0.2,0.203,0.3,0,0.7,0,0,0,0,50,565,307,0,1,0,0;
custom,tube,default,0.2,0.203,0.3,0,0.7,0,0,0,0,47.2,565,307,0,1,0,0;
custom,cuboid,default,0.045,0.153,0.11,0,0,0,0,0,0,51.9,565,306.225,0,1,0,0;
custom,cuboid,default,0.045,0.153,0.11,0,0,0,0,0,0,51.9,565,307.775,0,1,0,0;
custom,cuboid,default,0.12,0.153,0.045,0,0,0,0,0,0,52.724,565,307,0,1,0,0;
custom,cuboid,default,0.14,0.153,0.045,0,0,0,0,0,0,52.824,565,305.45,0,1,0,0;
custom,cuboid,default,0.14,0.153,0.045,0,0,0,0,0,0,52.824,565,308.55,0,1,0,0;

custom,cuboid,default,0.6,8,1,1,0.5,0.5,0.5,0,1,0,585,225.2,0,1,0,0;
custom,cuboid,default,0.6,8,1,1,0.5,0.5,0.5,0,1,100,585,225.2,0,1,0,0;
custom,cuboid,default,10,0.6,1,1,0.5,0.5,0.5,0,1,50,622,225.2,0,1,0,0;
custom,killcuboid,empty,9.5,6.5,0.9,1,0,0,0,0,1,50,587,224.8,0,1,0,0;
racing,startcuboid,9.5,6.5,0.9,50,587,224,0,0,0,-1;
custom,killcuboid,empty,0.2,0.25,0.4,1,1.35E-09,0.3181818,0.5113636,0,1,50,613,227.4,0.01,1,0,0;
custom,killcuboid,empty,0.2,0.4,0.4,1,0,0.1931818,0.3863637,0,1,52.5,613.6,227.4,0.035,1,0,0;
custom,killcuboid,empty,0.2,0.4,0.4,1,0,0.1931818,0.3863637,0,1,55,613.2,227.4,0.055,1,0,0;
custom,killcuboid,empty,0.2,0.3,0.4,1,0,0.1631818,0.3863637,0,1,57.4,612.3,227.4,0.075,1,0,0;
custom,killcuboid,empty,0.2,0.7,0.4,1,0,0,0.45,0,1,60.3,613.5,227.4,0.12,1,0,0;
custom,killcuboid,empty,0.2,0.7,0.4,1,1.35E-09,0.3181818,0.5113636,0,1,62.5,612.6,227.4,0.13,1,0,0;
custom,killcuboid,empty,0.2,0.8,0.4,1,0,0,0.45,0,1,65,612,227.4,0.17,1,0,0;
custom,killcuboid,empty,0.2,0.5,0.4,1,1.35E-09,0.3181818,0.5113636,0,1,67,609.5,227.4,0.24,1,0,0;
custom,killcuboid,empty,0.2,0.4,0.4,1,0,0.1931818,0.3863637,0,1,68.9,607.3,227.4,0.31,1,0,0;
custom,killcuboid,empty,0.2,0.3,0.4,1,0,0.1931818,0.3863637,0,1,70.5,605.2,227.4,0.35,1,0,0;
custom,killcuboid,empty,0.2,0.3,0.4,1,0,0.1631818,0.3863637,0,1,70.5,605.2,227.4,0.35,1,0,0;
custom,killcuboid,empty,0.2,0.3,0.4,1,0,0.1931818,0.3863637,0,1,70.5,605.2,227.4,0.35,1,0,0;
custom,killcuboid,empty,0.2,0.5,0.4,1,1.35E-09,0.3181818,0.5113636,0,1,73,604.3,227.4,0.39,1,0,0;
custom,killcuboid,empty,0.2,0.9,0.4,1,0,0,0.45,0,1,76.4,603.2,227.4,0.47,1,0,0;
custom,killcuboid,empty,0.2,0.5,0.4,1,1.35E-09,0.3181818,0.5113636,0,1,76.3,599.5,227.4,0.55,1,0,0;
custom,killcuboid,empty,0.2,0.35,0.4,1,0,0.1931818,0.3863637,0,1,77,596.7,227.4,0.6,1,0,0;
custom,killcuboid,empty,0.2,0.35,0.4,1,0,0.1931818,0.3863637,0,1,78,594.1,227.4,0.5900396,0.8073744,0,0;
custom,killcuboid,empty,0.2,0.25,0.4,1,0,0.1631818,0.3863637,0,1,78,591.2,227.4,0.85,1,0,0;
custom,killcuboid,empty,0.2,0.7,0.4,1,0,0,0.45,0,1,80.6,589,227.4,0.87,1,0,0;
custom,killcuboid,empty,0.2,0.25,0.4,1,0,0.1631818,0.3863637,0,1,78.5,585.8,227.4,0.734006,0.679143,0,0;
custom,killcuboid,empty,0.2,0.55,0.4,1,1.35E-09,0.3181818,0.5113636,0,1,79.5,582.7,227.4,0.7618017,0.6478104,0,0;
custom,killcuboid,empty,0.2,0.35,0.4,1,0,0,0.45,0,1,78,580,227.4,0.7893338,0.6139643,0,0;
custom,killcuboid,empty,0.2,0.42,0.4,1,1.35E-09,0.3181818,0.5113636,0,1,77.2,577.1,227.4,0.8582731,0.5131934,0,0;
custom,killcuboid,empty,0.2,0.9,0.4,1,0,0,0.45,0,1,78,573.5,227.4,0.8679669,0.496622,0,0;
custom,killcuboid,empty,0.2,0.55,0.4,1,1.35E-09,0.3181818,0.5113636,0,1,75.1,572,227.4,0.876502,0.4813983,0,0;
custom,killcuboid,empty,0.2,0.55,0.4,1,1.35E-09,0.3181818,0.5113636,0,1,73.2,569.6,227.4,0.9260236,0.3774656,0,0;
custom,killcuboid,empty,0.2,0.25,0.4,1,0,0.1631818,0.3863637,0,1,70.3,568.9,227.4,0.9343489,0.3563597,0,0;
custom,killcuboid,empty,0.2,0.5,0.4,1,1.35E-09,0.3181818,0.5113636,0,1,69.2,566.2,227.4,0.9362019,0.3514628,0,0;
custom,killcuboid,empty,0.2,0.8,0.4,1,0,0,0.45,0,1,67.5,563.2,227.4,0.9651223,0.2617993,0,0;
custom,killcuboid,empty,0.2,0.4,0.4,1,0,0.1931818,0.3863637,0,1,64,563.6,227.4,0.9760048,0.2177488,0,0;
custom,killcuboid,empty,0.2,0.3,0.4,1,0,0.1631818,0.3863637,0,1,61.4,563,227.4,0.9800052,0.1989719,0,0;
custom,killcuboid,empty,0.2,0.5,0.4,1,1.35E-09,0.3181818,0.5113636,0,1,59.3,561.1,227.4,0.9872008,0.1594825,0,0;
custom,killcuboid,empty,0.2,0.5,0.4,1,1.35E-09,0.3181818,0.5113636,0,1,59.3,561.1,227.4,0.9872008,0.1594825,0,0;
custom,killcuboid,empty,0.2,0.4,0.4,1,0,0.1931818,0.3863637,0,1,56.3,560.9,227.4,0.9972153,0.07457604,0,0;
custom,killcuboid,empty,0.2,0.25,0.4,1,0,0.1631818,0.3863637,0,1,53.7,561.25,227.4,0.9982637,0.05890328,0,0;
custom,killcuboid,empty,0.2,0.65,0.4,1,0,0,0.45,0,1,51.3,559,227.4,0.9994048,0.03449595,0,0;
custom,killcuboid,empty,0.2,0.5,0.4,1,1.35E-09,0.3181818,0.5113636,0,1,48.5,559.72,227.4,0.9991781,-0.04053526,0,0;
custom,killcuboid,empty,0.2,0.5,0.4,1,1.35E-09,0.3181818,0.5113636,0,1,45.9,560.05,227.4,0.996459,-0.08408022,0,0;
custom,killcuboid,empty,0.2,0.7,0.4,1,0,0,0.45,0,1,43.2,559.55,227.4,0.9946612,-0.1031942,0,0;
custom,killcuboid,empty,0.2,0.25,0.4,1,0,0.1631818,0.3863637,0,1,41,562.4,227.4,0.9899667,-0.1413011,0,0;
custom,killcuboid,empty,0.2,0.25,0.4,1,0,0.1631818,0.3863637,0,1,38.5,563.3201,227.4,0.9750598,-0.2219424,0,0;
custom,killcuboid,empty,0.2,0.4,0.4,1,0,0.1931818,0.3863637,0,1,35.7,563.8,227.4,0.9750598,-0.2219424,0,0;
custom,killcuboid,empty,0.2,0.25,0.4,1,0,0.1631818,0.3863637,0,1,33.7,565.7,227.4,0.9596918,-0.2810545,0,0;
custom,killcuboid,empty,0.2,0.55,0.4,1,1.35E-09,0.3181818,0.5113636,0,1,30.6,566.1,227.4,0.9383534,-0.3456777,0,0;
custom,killcuboid,empty,0.2,0.65,0.4,1,0,0,0.45,0,1,28.3,567.5,227.4,0.9276853,-0.3733631,0,0;
custom,killcuboid,empty,0.2,0.9,0.4,1,0,0,0.45,0,1,25.2,568.8,227.4,0.9097935,-0.4150613,0,0;
custom,killcuboid,empty,0.2,0.5,0.4,1,1.35E-09,0.3181818,0.5113636,0,1,24.9,572.3,227.4,0.8701566,-0.492775,0,0;
custom,killcuboid,empty,0.2,0.4,0.4,1,0,0.1931818,0.3863637,0,1,24,575,227.4,0.8631913,-0.504877,0,0;
custom,killcuboid,empty,0.2,0.3,0.4,1,0,0.1631818,0.3863637,0,1,23.3,577.6,227.4,0.8412921,-0.5405809,0,0;
custom,killcuboid,empty,0.2,0.5,0.4,1,1.35E-09,0.3181818,0.5113636,0,1,21.4,579.8,227.4,0.787761,-0.615981,0,0;
custom,killcuboid,empty,0.2,0.7,0.4,1,0,0,0.45,0,1,19.8,582.3,227.4,0.7624058,-0.6470993,0,0;
custom,killcuboid,empty,0.2,0.5,0.4,1,1.35E-09,0.3181818,0.5113636,0,1,20.5,585,227.4,0.7567295,-0.6537281,0,0;
custom,killcuboid,empty,0.2,0.3,0.4,1,0,0.1631818,0.3863637,0,1,21.4,587.7,227.4,0.6918497,-0.7220415,0,0;
custom,killcuboid,empty,0.2,0.4,0.4,1,0,0.1931818,0.3863637,0,1,21.2,590.5,227.4,0.6557522,-0.7549763,0,0;
custom,killcuboid,empty,0.2,0.5,0.4,1,1.35E-09,0.3181818,0.5113636,0,1,21.15,593.1,227.4,0.6276466,-0.7784984,0,0;
custom,killcuboid,empty,0.2,0.7,0.4,1,0,0,0.45,0,1,21.09896,596.4,227.4,0.5603024,-0.8282882,0,0;
custom,killcuboid,empty,0.2,0.5,0.4,1,1.35E-09,0.3181818,0.5113636,0,1,23.1,598.4,227.4,0.5295757,-0.8482627,0,0;
custom,killcuboid,empty,0.2,0.25,0.4,1,0,0.1631818,0.3863637,0,1,25.5,600,227.4,0.4859814,-0.8739691,0,0;
custom,killcuboid,empty,0.2,0.25,0.4,1,0,0.1631818,0.3863637,0,1,27,602.1,227.4,0.4380071,-0.8989716,0,0;
custom,killcuboid,empty,0.2,0.4,0.4,1,0,0.1931818,0.3863637,0,1,28.2,604.5,227.4,0.3935697,-0.9192948,0,0;
custom,killcuboid,empty,0.2,0.9,0.4,1,0,0,0.45,0,1,28.3,608.2,227.4,0.3628742,-0.9318382,0,0;
custom,killcuboid,empty,0.2,0.55,0.4,1,1.35E-09,0.3181818,0.5113636,0,1,31.6,608.7,227.4,0.3301327,-0.9439346,0,0;
custom,killcuboid,empty,0.2,0.4,0.4,1,0,0.1931818,0.3863637,0,1,34.5,609.6,227.4,0.2262577,-0.9740675,0,0;
custom,killcuboid,empty,0.2,0.3,0.4,1,0,0.1631818,0.3863637,0,1,37,610.3,227.4,0.2109298,-0.9775012,0,0;
custom,killcuboid,empty,0.2,0.4,0.4,1,0,0.1931818,0.3863637,0,1,39.2,611.8,227.4,0.1972612,-0.980351,0,0;
custom,killcuboid,empty,0.2,0.5,0.4,1,1.35E-09,0.3181818,0.5113636,0,1,41.6,613.2,227.4,0.1560353,-0.9877515,0,0;
custom,killcuboid,empty,0.2,0.7,0.4,1,0,0,0.45,0,1,44,614.8,227.4,0.1128017,-0.9936175,0,0;
custom,killcuboid,empty,0.2,0.6,0.4,1,0,0,0.45,0,1,47.1,614.7,227.4,0.04670283,-0.9989088,0,0;
custom,killcuboid,empty,0.1,0.7,0.4,0,0,1,0,0,1,74,587,227.4,0,0,0.99,0.17;
custom,killcuboid,empty,0.08,0.7,0.4,0,0,1,0,0,1,72,587,227.4,0,0,0.9928486,-0.1193807;
custom,killcuboid,empty,0.08,0.7,0.4,0,0,1,0,0,1,70,587,227.4,0,0,0.99,0.17;
custom,killcuboid,empty,0.08,0.7,0.4,0,0,1,0,0,1,67.9,587,227.4,0,0,0.9928486,-0.1193807;
custom,killcuboid,empty,0.087,0.02,0.4,0,0,0,1,0,1,72.868,583.61,227.4,0,0,1,0;
custom,killcuboid,empty,0.087,0.02,0.4,0,0,1,0,0,1,68.775,583.61,227.4,0,0,1,0;
custom,killcuboid,empty,0.078,0.02,0.4,0,0,1,0,0,1,71.17,590.385,227.4,0,0,1,0;
custom,killcuboid,empty,0.1,0.7,0.4,0,0,1,0,0,1,65,587,227.4,0,0,1,0;
custom,killcuboid,empty,0.08,0.45,0.4,0,0,1,0,0,1,63.25,590.1,227.4,0,0,1,1;
custom,killcuboid,empty,0.08,0.45,0.4,0,0,1,0,0,1,63.25,583.9,227.4,0,0,1,1;
custom,killcuboid,empty,0.08,0.4,0.4,0,0,1,0,0,1,63.5,587,227.4,0,0,1,1;
custom,killcuboid,empty,0.1,0.7,0.4,0,0,1,0,0,1,58,587,227.4,0,0,1,0;
custom,killcuboid,empty,0.08,0.4,0.4,0,0,1,0,0,1,56.499,583.9,227.4,0,0,1,1;
custom,killcuboid,empty,0.1,0.7,0.4,0,0,1,0,0,1,52,587,227.4,0,0,1,0;
custom,killcuboid,empty,0.08,0.45,0.4,0,0,1,0,0,1,50.25,590.1,227.4,0,0,1,1;
custom,killcuboid,empty,0.08,0.45,0.4,0,0,1,0,0,1,50.25,583.9,227.4,0,0,1,1;
custom,killcuboid,empty,0.1,0.7,0.4,0,0,1,0,0,1,45.5,587,227.4,0,0,1,0;
custom,killcuboid,empty,0.08,0.45,0.4,0,0,1,0,0,1,43.75,590.1,227.4,0,0,1,1;
custom,killcuboid,empty,0.08,0.45,0.4,0,0,1,0,0,1,43.75,583.9,227.4,0,0,1,1;
custom,killcuboid,empty,0.1,0.7,0.4,0,0,1,0,0,1,42,587,227.4,0,0,1,0;
custom,killcuboid,empty,0.1,0.7,0.4,0,0,1,0,0,1,38.8,587,227.4,0,0,1,0;
custom,killcuboid,empty,0.1,0.7,0.4,0,0,1,0,0,1,32.8,587,227.4,0,0,1,0;
custom,killcuboid,empty,0.08,0.718,0.4,0,0,1,0,0,1,37.4,587,227.4,0,0,1,0.18;
custom,killcuboid,empty,0.08,0.718,0.4,0,0,1,0,0,1,34.2,587,227.4,0,0,1,-0.18;
custom,killcuboid,empty,0.145,0.03,0.4,0,0,1,0,0,1,35.8,583.647,227.4,0,0,1,0;
custom,killcuboid,empty,0.1,0.7,0.4,0,0,1,0,0,1,29.8,587,227.4,0,0,1,0;
custom,killcuboid,empty,0.08,0.45,0.4,0,0,1,0,0,1,28.05,590.1,227.4,0,0,1,1;
custom,killcuboid,empty,0.08,0.45,0.4,0,0,1,0,0,1,28.05,583.9,227.4,0,0,1,1;
custom,killcuboid,empty,0.08,0.4,0.4,0,0,1,0,0,1,28.3,587,227.4,0,0,1,1;
racing,killcuboid,0.8,4.8,0.95,50,585,-250,0,0,0.9223939,-0.3862508;
racing,killcuboid,0.8,4.8,0.95,50,585,-250,0,0,0.9223939,0.3862508;
custom,cuboid,default,0.4,4,1,1,0,0,0.45,0,1,68,585,-250,0,0,1,0;
custom,cuboid,default,0.4,4,1,1,0,0,0.45,0,1,32,585,-250,0,0,1,0;
custom,cuboid,default,4,0.4,1,1,0,0,0.45,0,1,50,603,-250,0,0,1,0;
custom,cuboid,default,4,0.4,1,1,0,0,0.45,0,1,50,567,-250,0,0,1,0;
custom,killcuboid,empty,0.4,0.4,1.05,1,1,0,0,0,1,68,567,-250,0,0,1,0;
custom,killcuboid,empty,0.4,0.4,1.05,1,1,0,0,0,1,32,567,-250,0,0,1,0;
custom,killcuboid,empty,0.4,0.4,1.05,1,1,0,0,0,1,68,603,-250,0,0,1,0;
custom,killcuboid,empty,0.4,0.4,1.05,1,1,0,0,0,1,32,603,-250,0,0,1,0;
racing,killcuboid,4,2,0.9,50,615,-250,0,0,0,1;
racing,killcuboid,4,2,0.9,50,555,-250,0,0,0,1;
racing,killcuboid,3,8,0.9,85,585,-250,0,0,0,1;
racing,killcuboid,3,8,0.9,15,585,-250,0,0,0,1;
racing,killcuboid,12,0.6,150,50,627,-400,0,0,0,0;
racing,killcuboid,10.05,0.95,150,50,550,-400,0,0,0,0;
racing,killcuboid,3,8,10,85,585,-570,0,0,0,0;
racing,killcuboid,3,8,10,15,585,-570,0,0,0,0;
racing,killcuboid,10,4,15,50,565,-795,0,0,0,0;
custom,sphere,default,1,1,1,0,0,0,0,0,1,85,590,-570,0,0,1,0;
custom,sphere,default,1,1,1,0,0,0,0,0,1,15,590,-570,0,0,1,0;
racing,killcuboid,10,4.5,1,50,567.5,-380,0,0,0,0;
custom,cylinder,default,1,0.075,1,0,0,0,0,0,0,50,610,-1020,0,1,1,0;
custom,cylinder,default,0.9,0.11,0.9,1,0,0,0.45,0,0,50,610,-1020,0,1,1,0;
custom,cylinder,default,10,0.52,10,0,0,0,0,0,1,50,550,-1100,0,0,1,0;
custom,cylinder,default,9,0.55,9,1,0.7,0,0,0,1,50,550,-1100,0,0,1,0;
custom,cylinder,default,10,0.52,10,0,0,0,0,0,1,50,550,300,0,0,1,0;
custom,cylinder,default,9,0.55,9,1,0.7,0,0,0,1,50,550,300,0,0,1,0;
custom,cuboid,empty,1,1,140,0,0,1,0,0,1,5,550,-400,0,0,1,0;
custom,cuboid,empty,1,1,140,0,0,1,0,0,1,95,550,-400,0,0,1,0;
custom,killcuboid,empty,8,1,140,1,0.7,0,0,0,1,50,550,-400,0,0,1,0;
racing,killcuboid,1,8.45,150,105,587.6,-400,0,0,0,-1;
racing,killcuboid,1,8.45,144,-5,587.6,-370,0,0,0,-1;
racing,killcuboid,12,8.45,1,50,587.6,355,0,0,0,-1;
racing,killcuboid,12,8.45,1,50,587.6,-1155,0,0,0,-1;
racing,killcuboid,1,6.5,5,-5,577.85,-1125,0,0,0,-1;
racing,killcuboid,1,15.55,5,-5,467.75,-1125,0,0,0,-1;
racing,killcuboid,1,22,5,-60,520,-1125,0,0,0,-1;
racing,killcuboid,6.5,0.6,5,-32.5,627,-1125,0,0,0,-1;
custom,sphere,cannonregionmat,1,1,1,1,0,1,0,0,1,-160,450,-1125,0,0,1,0;
racing,killsphere,1.05,1.05,1.05,-160.5,448,-1125,0,0,0,-1;
racing,killcuboid,20,1,5,-100,385,-1125,0,0,0,-1;
racing,killcuboid,10,1,5,-105,415,-1125,0,0,0,-1;
racing,killcuboid,13.5,10,2.5,-132.5,430,-1087.5,0,0,0,-1,,,,,,,0;
racing,killcuboid,13.5,10,2.5,-132.5,430,-1162.5,0,0,0,-1,,,,,,,0;
racing,killcuboid,13.5,1,8,-132.5,475,-1125,0,0,0,-1,,,,,,,0;
racing,killcuboid,6.5,25,1,-32.5,505,-1155,0,0,0,-1;
racing,killcuboid,6.5,25,1,-32.5,505,-1095,0,0,0,-1;
racing,killcuboid,5,6,8,-225,410,-1125,0,0,0,-1;
racing,killcuboid,5,19,8,-225,565,-1125,0,0,0,-1;
racing,killcuboid,55,1,8,-475,665,-1125,0,0,0,-1;
racing,killcuboid,50,1.5,8,-500,387.5,-1125,0,0,0,-1;
custom,killcuboid,empty,42,1.53,6,1,1,0,1,0,1,-500,387.45,-1125,0,0,1,0;
custom,killcuboid,empty,42,1.53,1,0,1,0,1,0,1,-500,387.45,-1160,0,0,1,0;
custom,killcuboid,empty,42,1.53,1,0,1,0,1,0,1,-500,387.45,-1090,0,0,1,0;
custom,killcylinder,empty,8,0.765,8,0,0,0,0,0,1,-290,387.48,-1125,0,0,1,0;
custom,killcylinder,empty,6.5,0.765,6.5,1,1,0,1,0,1,-290,387.5,-1125,0,0,1,0;
custom,killcylinder,empty,8,0.765,8,0,0,0,0,0,1,-710,387.48,-1125,0,0,1,0;
custom,killcylinder,empty,6.5,0.765,6.5,1,1,0,1,0,1,-710,387.5,-1125,0,0,1,0;
racing,killcuboid,5,24,8,-300,540,-1125,0,0,0,-1;
custom,cuboid,default,0.95,0.95,8,0,0,0,0,0,1,-320,425,-1125,0,0,1,0;
racing,killcuboid,5,2.5,3.5,-300,407.5,-1147.5,0,0,0,-1;
racing,killcuboid,5,2.5,3.5,-300,407.5,-1102.5,0,0,0,-1;
custom,killcuboid,empty,0.9,15,6,1,1,1,0,0,1,-320,540,-1125,0,0,1,0;
custom,killcylinder,empty,8,0.455,8,0,0,0,0,0,1,-320,615,-1125,0,0,1,1;
custom,killcylinder,empty,7,0.465,7,1,1,1,0,0,1,-320,615,-1125,0,0,1,1;
custom,killcylinder,empty,8,0.455,8,0,0,0,0,0,1,-320,465,-1125,0,0,1,1;
custom,killcylinder,empty,7,0.465,7,1,1,1,0,0,1,-320,465,-1125,0,0,1,1;
custom,killcuboid,empty,0.9,15,1,0,0,1,0,0,1,-320,540,-1160,0,0,1,0;
custom,killcuboid,empty,0.9,15,1,0,0,1,0,0,1,-320,540,-1090,0,0,1,0;
racing,killcuboid,5,24,8,-385,510,-1125,0,0,0,-1;
custom,cuboid,default,0.95,0.95,8,0,0,0,0,0,1,-365,625,-1125,0,0,1,0;
custom,cuboid,default,0.95,0.95,8,0,0,0,0,0,1,-365,490,-1125,0,0,1,0;
custom,cuboid,default,0.95,0.95,8,0,0,0,0,0,1,-365,557.5,-1125,0,0,1,0;
racing,killcuboid,5,3,4,-385,645,-1125,0,0,0,-1;
racing,killcuboid,5,24,8,-470,540,-1125,0,0,0,-1;
custom,cuboid,default,0.95,0.95,8,0,0,0,0,0,1,-490,425,-1125,0,0,1,0;
racing,killcuboid,5,2.5,3.75,-470,407.5,-1146.25,0,0,0,-1;
racing,killcuboid,5,2.5,3.75,-470,407.5,-1103.75,0,0,0,-1;
custom,killcuboid,empty,0.9,15,6,1,0,0,1,0,1,-490,540,-1125,0,0,1,0;
custom,killcylinder,empty,8,0.455,8,0,0,0,0,0,1,-490,615,-1125,0,0,1,1;
custom,killcylinder,empty,7,0.465,7,1,0,0,1,0,1,-490,615,-1125,0,0,1,1;
custom,killcylinder,empty,8,0.455,8,0,0,0,0,0,1,-490,465,-1125,0,0,1,1;
custom,killcylinder,empty,7,0.465,7,1,0,0,1,0,1,-490,465,-1125,0,0,1,1;
custom,killcuboid,empty,0.9,15,1,0,0,1,0,0,1,-490,540,-1160,0,0,1,0;
custom,killcuboid,empty,0.9,15,1,0,0,1,0,0,1,-490,540,-1090,0,0,1,0;
custom,killcuboid,empty,1.03,3.5,2,0,0,1,0,0,1,-490,625,-1125,0,0,1,0;
custom,killPrism,empty,4.25,1.03,3,0,0,0,0,0,1,-490.205,602.5,-1124.75,-0.5,0.5,0.5,0.5;
racing,killcuboid,5,24,8,-555,510,-1125,0,0,0,-1;
custom,cuboid,default,0.95,0.95,8,0,0,0,0,0,1,-535,625,-1125,0,0,1,0;
custom,cuboid,default,0.95,0.95,8,0,0,0,0,0,1,-535,490,-1125,0,0,1,0;
custom,cuboid,default,0.95,0.95,8,0,0,0,0,0,1,-535,557.5,-1125,0,0,1,0;
racing,killcuboid,5,3,4.5,-555,645,-1125,0,0,0,-1;
racing,killcuboid,5,3,1,-555,645,-1160,0,0,0,-1;
racing,killcuboid,5,3,1,-555,645,-1090,0,0,0,-1;
racing,killcuboid,5,24,8,-640,540,-1125,0,0,0,-1;
custom,cuboid,default,0.95,0.95,8,0,0,0,0,0,1,-660,425,-1125,0,0,1,0;
racing,killcuboid,5,2.5,6,-640,407.5,-1125,0,0,0,-1;
custom,killcuboid,empty,0.9,15,6,1,0,1,0,0,1,-660,540,-1125,0,0,1,0;
custom,killcylinder,empty,8,0.455,8,0,0,0,0,0,1,-660,615,-1125,0,0,1,1;
custom,killcylinder,empty,7,0.465,7,1,0,1,0,0,1,-660,615,-1125,0,0,1,1;
custom,killcylinder,empty,8,0.455,8,0,0,0,0,0,1,-660,465,-1125,0,0,1,1;
custom,killcylinder,empty,7,0.465,7,1,0,1,0,0,1,-660,465,-1125,0,0,1,1;
custom,killcuboid,empty,0.9,15,1,0,0,1,0,0,1,-660,540,-1160,0,0,1,0;
custom,killcuboid,empty,0.9,15,1,0,0,1,0,0,1,-660,540,-1090,0,0,1,0;
custom,killcuboid,empty,1.03,3.5,2,0,0,1,0,0,1,-660,625,-1125,0,0,1,0;
custom,killPrism,empty,4.25,1.03,3,0,0,0,0,0,1,-660.205,602.5,-1124.75,-0.5,0.5,0.5,0.5;
racing,killcuboid,5,24,8,-725,510,-1125,0,0,0,-1;
custom,cuboid,default,0.95,0.95,8,0,0,0,0,0,1,-705,625,-1125,0,0,1,0;
custom,cuboid,default,0.95,0.95,8,0,0,0,0,0,1,-705,490,-1125,0,0,1,0;
custom,cuboid,default,0.95,0.95,8,0,0,0,0,0,1,-705,557.5,-1125,0,0,1,0;
racing,killcuboid,55,29,1,-475,525,-1170,0,0,0,-1;
racing,killcuboid,55,29,1,-475,525,-1080,0,0,0,-1;
custom,killcuboid,empty,30,0.95,6,1,1,0,1,0,1,-940,625,-1125,0,0,1,0;
custom,killcylinder,empty,8,0.48,8,0,0,0,0,0,1,-790,625,-1125,0,0,1,0;
custom,killcylinder,empty,6,0.5,6,1,1,0,1,0,1,-790,625,-1125,0,0,1,0;
custom,cylinder,default,8,0.48,8,0,0,0,0,0,1,-1090,625,-1125,0,0,1,0;
custom,cylinder,default,6,0.5,6,1,1,0,1,0,1,-1090,625,-1125,0,0,1,0;
racing,killcuboid,31,0.93,8,-905,625,-1125,0,0,0,1;
racing,killcuboid,38,1,8,-940,665,-1125,0,0,0,1;
racing,killcuboid,38,5,1,-940,645,-1170,0,0,0,1;
racing,killcuboid,31,5,1,-905,645,-1080,0,0,0,1;
custom,killcuboid,empty,30,0.95,1,0,1,0,1,0,1,-940,625,-1160,0,0,1,0;
custom,killcuboid,empty,30,0.95,1,0,1,0,1,0,1,-940,625,-1090,0,0,1,0;
racing,checkpointcuboid,4,3,8,-1090,645,-1125,0,0,0,-1;
racing,killcuboid,1,1,8,-1060,635,-1125,0,0,0,-1;
custom,cuboid,default,3,1,8,1,1,0,1,0,1,-940,665,-1125,0,0,1,0;
custom,killcuboid,empty,3,1.03,8,1,1,0,1,0,1,-940,665,-1125,0,0,1,0;

custom,cuboid,default,50000,1,50000,0,0,0,0,0,1,0,-10000,0,0,0,1,0;
custom,cuboid,default,50000,1,50000,0,0,0,0,0,1,0,10000,0,0,0,1,0;
custom,cuboid,default,50000,50000,1,0,0,0,0,0,1,0,50,10000,0,0,1,0;
custom,cuboid,default,50000,50000,1,0,0,0,0,0,1,0,50,-10000,0,0,1,0;
custom,cuboid,default,1,50000,50000,0,0,0,0,0,1,10000,50,0,0,0,1,0;
custom,cuboid,default,1,50000,50000,0,0,0,0,0,1,-10000,50,0,0,0,1,0;
racing,killcuboid,7,30,1,-1095,490,-1080,0,0,0,-1;
racing,killcuboid,7,1,6,-1095,665,-1055,0,0,0,-1;
racing,killcuboid,7,25,1,-1095,535,-1030,0,0,0,-1;
custom,cuboid,empty,7,1,1,1,0,1,0,0,1,-1095,665,-990,0,0,1,0;
racing,killcuboid,1,33,6,-1135,505,-1055,0,0,0,-1;
racing,killcuboid,1,5,9,-1135,645,-1130,0,0,0,-1;
racing,killcuboid,1,33,6,-1055,505,-1055,0,0,0,-1;
racing,killcuboid,7,1,11,-1095,345,-1030,0,0,0,-1;
racing,killcuboid,7,1,2,-1095,535,-1065,0,0,0,-1;
custom,cylinder,default,1.3,3.5,1.3,0,0,0,0,0,1,-1095,460,-980,0,0,1,1;
custom,killcylinder,bombexplosiontex,1.33,3.5,1.33,1,0.5,1,0,0.1,6,-1095,460,-980,0,0,1,1;
racing,killcuboid,7,1,60,-1095,510,-730,0.3,0,0,-1;
custom,cuboid,default,7,1,1,0,0,0,0,0,1,-1095,674,-477.5,0,0,1,0;
racing,killcuboid,7,3,1,-1095,715,-477.5,0,0,0,-1;
racing,killcuboid,7,22,1,-1095,865,-477.5,0,0,0,-1;
custom,cylinder,default,7,0.48,7,0,0,0,0,0,1,-1095,674.1,-400,0,0,1,0;
custom,cylinder,default,6,0.5,6,1,1,1,0,0,1,-1095,674.1,-400,0,0,1,0;
racing,killcuboid,7,0.95,15,-1095,674,-400,0,0,0,-1;
custom,cuboid,defualt,6.95,1,40.05,0,0,0,0,0,1,-1095,768,-150,0,0.25,1,0;
racing,killcuboid,7,1.05,40,-1095,768,-150,0,0.25,1,0;
racing,killcuboid,3.1,30,1,-1075.5,825,-323,0,0,0,-1;
racing,killcuboid,3.1,30,1,-1114.5,825,-323,0,0,0,-1;
racing,killcuboid,0.8,25,1,-1095,850,-323,0,0,0,-1;
racing,killcuboid,3.1,11.4,1,-1075.5,918,23,0,0,0,-1;
racing,killcuboid,3.1,11.4,1,-1114.5,918,23,0,0,0,-1;
racing,killcuboid,6,21,1,-1095,870,-150,0,0,0,-1;
racing,killcuboid,0.8,4,1,-1095,955,23,0,0,0,-1;
racing,killcuboid,9,31.5,1,-1095,827.5,-1030,0,0,0,-1;
racing,killcuboid,1,64.5,105.3,-1055,662.5,-498.5,0,0,0,-1;
racing,killcuboid,1,64.5,105.3,-1135,662.5,-498.5,0,0,0,-1;
racing,killcuboid,7,1,105.3,-1095,980,-498.5,0,0,0,-1;
racing,killcuboid,7,1,47,-1095,940,260,0,0,0,-1;
racing,killcuboid,7,1,47,-1095,860,260,0,0,0,-1;
racing,killcuboid,1,9,40,-1135,900,225,0,0,0,-1;
racing,killcuboid,1,9,47,-1055,900,260,0,0,0,-1;
custom,cuboid,empty,2,7,3,1,1,1,0,0,1,-1140.1,900,340,0,0,1,0;
custom,killcuboid,empty,2.03,7,3,1,1,1,0,0,1,-1140.1,900,340,0,0,1,0;

racing,killcuboid,1,9,40,-1235,900,225,0,0,0,-1;
racing,killcuboid,9,9,1,-1185,900,420,0,0,0,-1;
racing,killcuboid,11,1,7,-1185,940,460,0,0,0,-1;
racing,killcuboid,11,1,7,-1185,860,460,0,0,0,-1;
custom,killcuboid,empty,18,1.03,5,1,0,1,0,0,1,-1185,860,460,0,0,1,0;
custom,killcuboid,empty,18,1.03,1.03,0,0,1,0,0,1,-1185,860,430,0,0,1,0;
custom,killcuboid,empty,18,1.03,1,0,0,1,0,0,1,-1185,860,490,0,0,1,0;
custom,killcylinder,empty,7,0.53,7,0,0,0,0,0,1,-1095,860,460,0,0,1,0;
custom,killcylinder,empty,5.5,0.55,5.5,1,0,1,0,0,1,-1095,860,460,0,0,1,0;
custom,killcylinder,empty,7,0.53,7,0,0,0,0,0,1,-1275,860,460,0,0,1,0;
custom,killcylinder,empty,5.5,0.55,5.5,1,0,1,0,0,1,-1275,860,460,0,0,1,0;
racing,killcuboid,1,9,47,-1315,900,260,0,0,0,-1;
racing,killcuboid,27,9,1,-1185,900,500,0,0,0,-1;
racing,killcuboid,7,1,47,-1275,860,260,0,0,0,-1;
racing,killcuboid,7,1,55,-1275,940,220,0,0,0,-1;
racing,killcuboid,7,3,1,-1275,930,30,0,0,0,-1;
custom,cuboid,default,7,2,0.98,0,0,0,0,0,1,-1275,889.98,30,0,0,1,0;
racing,killcuboid,7,16.5,1,-1275,817.5,30,0,0,0,-1;
custom,cuboid,defualt,7,0.98,2.98,0,0,0,0,0,1,-1275,860,110,0,0,1,0;
custom,cylinder,default,7,0.52,7,0,0,0,0,0,1,-1275,740,-10,0,0,1,0;
custom,cylinder,default,6,0.53,6,1,0,1,1,0,1,-1275,740,-10,0,0,1,0;
custom,cuboid,empty,1,1,7,1,0,1,1,0,1,-1500,819.95,-10,0,0,1,0;
racing,killcuboid,68,9,1,-1650,780,30,0,0,0,-1;
racing,killcuboid,68,9,1,-1650,780,-50,0,0,0,-1;
racing,killcuboid,75,1,7,-1615,740,-10,0,0,0,-1;
racing,killcuboid,75,1,7,-1685,820,-10,0,0,0,-1;
custom,sphere,default,5,5,5,0,0,0,1,0,1,-1420,740,50,0,0,1,0;
custom,killsphere,bombexplosiontex,6,6,6,1,0,1,1,0.4,8,-1420,740,50,0,0,1,0;
custom,killsphere,bombexplosiontex,5.2,5.2,5.2,1,0,1,1,9999,9999,-1420,740,50,0,0,1,0;

racing,checkpointcuboid,2,1,2,-1275,752.5,-620,0,0,0,-1;
racing,killcuboid,1,6,7,-1420,785,-10,0,0,0,-1;
racing,killcuboid,1,21,9,-1235,840,-10,0,0,0,-1;
racing,killcuboid,1,12,9,-1315,885,-10,0,0,0,-1;
racing,killcuboid,7,12,1,-1275,875,-50,0,0,0,-1;
racing,killcuboid,7,1,60,-1275,820,-355,0,0,0,-1;
racing,killcuboid,7,1,61,-1275,740,-350,0,0,0,-1;
racing,killcuboid,1,9,60,-1315,780,-355,0,0,0,-1;
racing,killcuboid,1,9,60,-1235,780,-355,0,0,0,-1;
custom,cylinder,default,7,0.52,7,0,0,0,0,0,1,-1275,740,-620,0,0,1,0;
custom,cylinder,default,6,0.53,6,1,1,1,0,0,1,-1275,740,-620,0,0,1,0;
racing,killcuboid,9,9,1,-1275,780,-660,0,0,0,-1;
custom,cuboid,empty,1.03,1,1,1,0,0,1,0,1,-1235,770,-170,0,0,1,0;
custom,cuboid,empty,1.03,1,1,1,0,0,1,0,1,-1235,770,-350,0,0,1,0;
custom,cuboid,empty,7,1,1,1,1,0,1,0,1,-1275,819.97,-500,0,0,1,0;
custom,cuboid,empty,1,1,8.95,1,0,1,1,0,1,-1985,740,-10,0,0,1,0;
custom,killcuboid,empty,1.03,1.03,8.95,1,0,1,1,0,1,-1985,740,-10,0,0,1,0;
custom,cuboid,empty,1,1,8.95,1,0,1,1,0,1,-2335,740,-10,0,0,1,0;
custom,killcuboid,empty,1.03,1.03,8.95,1,0,1,1,0,1,-2335,740,-10,0,0,1,0;
custom,cuboid,default,2.5,7,1.5,1,0,1,1,0,1,-2160,650,317.5,0,0,1,0;
custom,killcuboid,empty,2.5,7,1.53,1,0,1,1,0,1,-2160,650,317.5,0,0,1,0;
racing,killcuboid,7,14,1,-2025,755,30,0,0,0,-1;
racing,killcuboid,7,22,1,-2025,715,-50,0,0,0,-1;
racing,killcuboid,1,22,9,-2065,715,-10,0,0,0,-1;
racing,killcuboid,7,1,44,-2025,610,175,0,0,0,-1;
racing,killcuboid,7,1,36,-2025,690,215,0,0,0,-1;
racing,killcuboid,1,13,9,-1985,670,-10,0,0,0,-1;
racing,killcuboid,1,9,29,-2065,650,180,0,0,0,-1;
racing,killcuboid,1,9,36,-1985,650,215,0,0,0,-1;
racing,killcuboid,20,1,7,-2160,610,360,0,0,0,-1;
racing,killcuboid,20,1,7,-2160,690,360,0,0,0,-1;
racing,killcuboid,36,9,1,-2160,650,400,0,0,0,-1;
racing,killcuboid,18,9,1,-2160,650,320,0,0,0,-1;
racing,killcuboid,1,9,29,-2255,650,180,0,0,0,-1;
racing,killcuboid,1,9,36,-2335,650,215,0,0,0,-1;
racing,killcuboid,7,1,36,-2295,690,215,0,0,0,-1;
racing,killcuboid,7,1,44,-2295,610,175,0,0,0,-1;
custom,killcylinder,empty,7,0.55,7,0,0,0,0,0,1,-2025,610,360,0,0,1,0;
custom,killcylinder,empty,5.5,0.575,5.5,1,0,0,1,0,1,-2025,610,360,0,0,1,0;
custom,killcylinder,empty,7,0.55,7,0,1,1,0,0,1,-2025,610,-10,0,0,1,0;
custom,killcylinder,empty,5.5,0.575,5.5,1,0,0,1,0,1,-2025,610,-10,0,0,1,0;
custom,killcuboid,empty,5,1.045,37,1,0,0,1,0,1,-2025,610,175,0,0,1,0;
custom,killcuboid,empty,1,1.045,37,0,0,0,0,0,1,-2055,610,175,0,0,1,0;
custom,killcuboid,empty,1,1.045,37,0,0,0,0,0,1,-1995,610,175,0,0,1,0;
custom,killcylinder,empty,7,0.53,7,0,0,0,0,0,1,-2295,610,360,0,0,1,0;
custom,killcylinder,empty,5.5,0.55,5.5,1,1,1,0,0,1,-2295,610,360,0,0,1,0;
custom,killcylinder,empty,7,0.53,7,0,1,1,0,0,1,-2295,610,-10,0,0,1,0;
custom,killcylinder,empty,5.5,0.55,5.5,1,0,1,0,0,1,-2295,610,-10,0,0,1,0;
custom,killcuboid,empty,5,1.03,37,1,0,1,0,0,1,-2295,610,175,0,0,1,0;
custom,killcuboid,empty,1,1.03,37,0,0,0,0,0,1,-2265,610,175,0,0,1,0;
custom,killcuboid,empty,1,1.03,37,0,0,0,0,0,1,-2325,610,175,0,0,1,0;
custom,killcuboid,empty,27,1.015,5,1,1,1,0,0,1,-2160,610,360,0,0,1,0;
custom,killcuboid,empty,27,1.015,1,0,0,0,0,0,1,-2160,610,390,0,0,1,0;
custom,killcuboid,empty,27,1.015,1,0,0,0,0,0,1,-2160,610,330,0,0,1,0;
racing,killcuboid,7,14,1,-2295,755,30,0,0,0,-1;
racing,killcuboid,7,22,1,-2295,715,-50,0,0,0,-1;
racing,killcuboid,1,22,9,-2255,715,-10,0,0,0,-1;
racing,killcuboid,1,13,9,-2335,670,-10,0,0,0,-1;
racing,killcuboid,5,7,20,-2040,650,180,0,0,0,-1;
racing,killcuboid,5,7,20,-2285,650,180,0,0,0,-1;
racing,killcuboid,5,2.75,7,-2160,671.25,360,0,0,0,-1;
racing,killcuboid,5,2.75,7,-2160,628.75,360,0,0,0,-1;
racing,killcuboid,150.5,1,7,-3082.5,740,-10,0,0,0,-1;
racing,killcuboid,157.5,1,7,-3047.5,820,-10,0,0,0,-1;
racing,killcuboid,150.5,9,1,-3082.5,780,30,0,0,0,-1;
racing,killcuboid,150.5,9,1,-3082.5,780,-50,0,0,0,-1;
custom,cuboid,default,130,0.98,2,0,0,1,1,0,1,-2980,820,-10,0,0,1,0;
custom,cuboid,default,130,0.98,2,0,0,1,1,0,1,-2980,740,-10,0,0,1,0;
custom,killcuboid,empty,130,1.03,2.05,1,0,1,1,0,1,-2980,820,-10,0,0,1,0;
custom,killcuboid,empty,130,1.03,2.05,1,0,1,1,0,1,-2980,740,-10,0,0,1,0;
racing,killcuboid,1.5,5.5,7,-2550,787.5,-10,0,0,0,-1;
racing,killcuboid,1.5,1.5,2.75,-2550,752.5,-31.25,0,0,0,-1;
racing,killcuboid,1.5,1.5,2.75,-2550,752.5,11.25,0,0,0,-1;
racing,killcuboid,1.5,1.5,2.75,-2670,807.5,-31.25,0,0,0,-1;
racing,killcuboid,1.5,1.5,2.75,-2670,807.5,11.25,0,0,0,-1;
racing,killcuboid,1.5,5.5,7,-2670,772.5,-10,0,0,0,-1;
custom,killcuboid,empty,3.05,7,1.03,0,0,0,0,0,1,-2790,780,-40,0,0,1,0;
custom,killcuboid,empty,3.05,7,1.03,0,0,0,0,0,1,-2790,780,20,0,0,1,0;
custom,killcuboid,empty,3.05,7,1.03,0,0,0,0,0,1,-2790,750,-10,0,1,1,0;
custom,killcuboid,empty,3.05,7,1.03,0,0,0,0,0,1,-2790,810,-10,0,1,1,0;
custom,killcuboid,bombexplosiontex,3.015,5.2,5.2,0,0,0,0,99999,99999,-2790,780,-10,0,0.4,1,0;
racing,killcuboid,3,5,1,-2790,780,-40,0,0,0,-1;
racing,killcuboid,3,5,1,-2790,780,20,0,0,0,-1;
racing,killcuboid,3,1,5,-2790,750,-10,0,0,0,-1;
racing,killcuboid,3,1,5,-2790,810,-10,0,0,0,-1;
racing,killcuboid,3,5.2,5.2,-2790,780,-10,0,0.4,1,0;
custom,killcuboid,empty,3.05,1.03,7,0,0,0,0,0,1,-3000,750,-10,0,0,1,0;
custom,killcuboid,empty,3.05,1.03,7,0,0,0,0,0,1,-3000,810,-10,0,0,1,0;
custom,killcuboid,empty,3.05,3,1.03,0,0,0,0,0,1,-3000,790,-40,0,0,1,0;
custom,killcuboid,empty,3.05,3,1.03,0,0,0,0,0,1,-3000,770,20,0,0,1,0;
custom,killcuboid,empty,3.05,1,5,0,0,0,0,0,1,-3000,780,-10,0,0,1,0;
racing,killcuboid,3,1,6,-3000,790,-5,0,0,1,0;
racing,killcuboid,3,1,6,-3000,770,-15,0,0,1,0;
racing,killcuboid,3,7,1,-3000,810,-10,0,1,1,0;
racing,killcuboid,3,7,1,-3000,750,-10,0,1,1,0;
racing,killcuboid,3,2.95,1,-3000,790,-40,0,0,1,0;
racing,killcuboid,3,2.95,1,-3000,770,20,0,0,1,0;
custom,killcuboid,bombexplosiontex,3.015,1.03,6,0,0,0,0,99999,99999,-3000,790,-5,0,0,1,0;
custom,killcuboid,bombexplosiontex,3.015,1.03,6,0,0,0,0,99999,99999,-3000,770,-15,0,0,1,0;
custom,killcuboid,empty,3.05,7,1.05,0,0,0,0,0,1,-3210,750,-10,0,1,1,0;
custom,killcuboid,empty,3.05,7,1.05,0,0,0,0,0,1,-3210,780,-40,0,0,1,0;
custom,killcuboid,empty,3.05,7,1.05,0,0,0,0,0,1,-3210,780,20,0,0,1,0;
racing,killcuboid,3,7,1,-3210,750,-10,0,1,1,0;
racing,killcuboid,3,7,1,-3210,780,-40,0,0,0,1;
racing,killcuboid,3,7,1,-3210,780,20,0,0,0,1;
racing,killcuboid,3.015,5,5,-3210,790,-10,0,0,1,0;
racing,killcuboid,3,1,2,-3210,760,-25,0,0,1,0;
racing,killcuboid,3,1,2,-3210,760,5,0,0,1,0;
custom,killcuboid,bombexplosiontex,3.015,5,5,0,0,0,0,99999,99999,-3210,790,-10,0,0,1,0;
custom,killcuboid,bombexplosiontex,3,1,2,0,0,0,0,99999,99999,-3210,760,-25,0,0,1,0;
custom,killcuboid,bombexplosiontex,3,1,2,0,0,0,0,99999,99999,-3210,760,5,0,0,1,0;
custom,killcuboid,empty,10.05,5.03,1.03,0,0,0,0,99999,99999,-3455,790,-10,0,0,1,0;
custom,killcuboid,empty,10.05,1.03,1.03,0,0,0,0,99999,99999,-3455,750,-10,0,0,1,0;
racing,killcuboid,10,5,1,-3455,790,-10,0,0,0,-1;
racing,killcuboid,10,1,1,-3455,750,-10,0,0,0,-1;
custom,killcuboid,bombexplosiontex,10,2.5,3,0,0,0,0,99999,99999,-3455,802.5,-30,0,0,1,0;
custom,killcuboid,bombexplosiontex,10,2.5,3,0,0,0,0,99999,99999,-3455,757.5,-30,0,0,1,0;
custom,killcuboid,bombexplosiontex,1,1,1,0,0,0,0,99999,99999,-3410,775,-40,0,0,1,0;
custom,killcuboid,bombexplosiontex,1,1,1,0,0,0,0,99999,99999,-3500,775,-40,0,0,1,0;
custom,killcuboid,bombexplosiontex,1.5,1,1,0,0,0,0,99999,99999,-3455,785,-40,0,0,1,0;
custom,killcuboid,bombexplosiontex,10,2,2,0,0,0,0,99999,99999,-3455,780,-25,0,0,1,0;
racing,killcuboid,10,2.5,3,-3455,802.5,-30,0,0,0,-1;
racing,killcuboid,10,2.5,3,-3455,757.5,-30,0,0,0,-1;
racing,killcuboid,1,1,1,-3410,775,-40,0,0,0,-1;
racing,killcuboid,1,1,1,-3500,775,-40,0,0,0,-1;
racing,killcuboid,1.5,1,1,-3455,785,-40,0,0,0,-1;
racing,killcuboid,10,2,2,-3455,780,-25,0,0,0,-1;
custom,killcuboid,bombexplosiontex,10,2.5,3,0,0,0,0,99999,99999,-3455,802.5,10,0,0,1,0;
custom,killcuboid,bombexplosiontex,10,2.5,3,0,0,0,0,99999,99999,-3455,757.5,10,0,0,1,0;
custom,killcuboid,bombexplosiontex,1,1,1,0,0,0,0,99999,99999,-3410,775,20,0,0,1,0;
custom,killcuboid,bombexplosiontex,1,1,1,0,0,0,0,99999,99999,-3500,775,20,0,0,1,0;
custom,killcuboid,bombexplosiontex,1.5,1,1,0,0,0,0,99999,99999,-3455,785,20,0,0,1,0;
custom,killcuboid,bombexplosiontex,10,2,2,0,0,0,0,99999,99999,-3455,780,5,0,0,1,0;
racing,killcuboid,10,2.5,3,-3455,802.5,10,0,0,0,-1;
racing,killcuboid,10,2.5,3,-3455,757.5,10,0,0,0,-1;
racing,killcuboid,1,1,1,-3410,775,20,0,0,0,-1;
racing,killcuboid,1,1,1,-3500,775,20,0,0,0,-1;
racing,killcuboid,1.5,1,1,-3455,785,20,0,0,0,-1;
racing,killcuboid,10,2,2,-3455,780,5,0,0,0,-1;
custom,cylinder,default,7,0.52,7,0,0,0,0,0,1,-3800,740,-10,0,0,1,0;
custom,cylinder,default,6,0.53,6,1,0,1,1,0,1,-3800,740,-10,0,0,1,0;
racing,checkpointcuboid,2,1,2,-3800,750,-10,0,0,0,-1;

racing,killcuboid,7,5,14,-4000,765,-10,0,0,0,-1;
racing,killcuboid,14,5,12.75,-4105,815,-17.5,0,0,0,-1;
custom,cuboid,default,0.95,0.95,12.7,0,0,0,0,0,1,-4040,835,-17.5,0,0,1,0;
racing,killcuboid,31,1,14,-4090,845,-10,0,0,0,-1;
racing,killcuboid,29,1,14,-4180,785,-10,0,0,0,-1;
racing,killcuboid,1,6,14,-3930,820,-10,0,0,0,-1;
racing,killcuboid,9,5,12.75,-4280,815,-2.5,0,0,0,-1;
racing,killcuboid,4,6,1,-3945,820,-85,0,0,0,-1;
racing,killcuboid,4,6,1,-3945,820,65,0,0,0,-1;
racing,killcuboid,1,5,2,-4320,815,-75,0,0,0,-1;
racing,killcuboid,13,0.5,14,-3900,742.5,-10,0,0,0,-1;
racing,killcuboid,13,5,1,-3900,765,-85,0,0,0,-1;
racing,killcuboid,13,5,1,-3900,765,65,0,0,0,-1;
racing,killcuboid,8,3.5,12,-3895,762.5,-20,0,0,0,-1;
racing,killcuboid,1,5,3.5,-3830,765,52.5,0,0,0,-1;
racing,killcuboid,1,5,3.5,-3830,765,-72.5,0,0,0,-1;
racing,killcuboid,1,3.5,7,-3830,797.5,-10,0,0,0,-1;
custom,cuboid,default,0.95,5.95,12.75,0,0,0,0,0,1,-4240,820,-2.5,0,0,1,0;
racing,killcuboid,7,5,14,-4350,865,-10,0,0,0,-1;
custom,cuboid,default,0.95,0.95,13.95,0,0,0,0,0,1,-4320,885,-10,0,0,1,0;
racing,killcuboid,7,5,14,-4420,915,-10,0,0,0,-1;
racing,killcuboid,7,5,14,-4490,965,-10,0,0,0,-1;
custom,cuboid,default,0.95,0.95,13.95,0,0,0,0,0,1,-4460,985,-10,0,0,1,0;
racing,killcuboid,7,5,14,-4560,1015,-10,0,0,0,-1;
racing,killcuboid,70,35,1,-4315,915,-85,0,0,0,-1;
racing,killcuboid,70,35,1,-4315,915,65,0,0,0,-1;
racing,killcuboid,3,1,12,-3950,785,0,0,0,0,-1;
racing,killcuboid,10,1,14,-3885,785,-10,0,0,0,-1;
custom,cuboid,default,0.95,0.95,13.95,0,0,0,0,0,1,-3900,785,-10,0,0,1,0;
racing,killcuboid,70,1,16,-4315,1095,-10,0,0,0,-1;
racing,killcuboid,1,25,16,-3960,975,-10,0,0,0,-1;
racing,killcuboid,1,37,16,-4670,915,-10,0,0,0,-1;
racing,killcuboid,58,1,16,-4375,735,-10,0,0,0,-1;
racing,killcuboid,1,30,14,-4030,590,-10,0,0,0,-1;
racing,killcuboid,1,30,14,-4140,590,-10,0,0,0,-1;
racing,killcuboid,12,30,1,-4085,590,-85,0,0,0,-1;
racing,killcuboid,12,18,1,-4085,650,65,0,0,0,-1;
racing,killcuboid,10,1,14,-4085,445,-10,0,0,0,-1;
custom,cuboid,default,0.95,0.95,14,0,0,0,0,0,1,-4090,735,-10,0,0,1,0;
custom,cylinder,default,10,0.565,10,0,0,0,0,0,1,-4085,445,-10,0,0,1,0;
custom,cylinder,default,8.5,0.58,8.5,1,1,0,0,0,1,-4085,445,-10,0,0,1,0;

racing,checkpointcuboid,2,1,2,-4080,455,35,0,0,0,-1;
racing,killcuboid,12,1,80,-4085,445,460,0,0,0,-1;
racing,killcuboid,12,1,70,-4085,555,410,0,0,0,-1;
custom,cuboid,default,10,1.5,4,1,1,1,0,0,1,-4085,457.5,100,0,0,1,0;
custom,cuboid,default,10,1.5,4,1,0,1,0,0,1,-4085,472.5,140,0,0,1,0;
custom,cuboid,default,10,1.5,4,1,1,0,0,0,1,-4085,487.5,180,0,0,1,0;
custom,cuboid,default,10,1.5,4,1,0,0,1,0,1,-4085,502.5,220,0,0,1,0;
racing,killcuboid,10,8,1,-4085,510,755,0,0,0,-1;
custom,cuboid,default,9.95,1.95,0.95,1,1,0,1,0,1,-4085,550,755,0,0,1,0;
racing,killcuboid,12,1,80,-4085,665,460,0,0,0,-1;
racing,killcuboid,10,23,1,-4085,555,865,0,0,0,-1;
racing,killcuboid,1,12,81,-4030,500,465,0,0,0,-1;
racing,killcuboid,1,23,81,-4140,555,465,0,0,0,-1;
custom,cuboid,bombexplosiontex,0.95,10,4.95,0,0,0,0,0.1,15,-4030,610,145,0,0,1,0;
racing,killcuboid,6,10,50,-3955,610,510,0,0,0,-1;
custom,cuboid,bombexplosiontex,0.9,10,49.05,0,0,0,0,0.1,15,-3930,610,510,0,0,1,0;
racing,killcuboid,6,10,50,-3995,610,1300,0,0,0,-1;
custom,cuboid,bombexplosiontex,0.9,10,49.05,0,0,0,0,0.1,15,-4020,610,1300,0,0,1,0;
racing,killcuboid,6,10,50,-3955,610,2090,0,0,0.1,15;
racing,killcuboid,1,12,374,-4030,610,1990,0,0,0,-1;
racing,killcuboid,10,1,380,-3975,555,1960,0,0,0,-1;
racing,killcuboid,10,1,380,-3975,665,1960,0,0,0,-1;
racing,killcuboid,1,12,380,-3920,610,1960,0,0,0,-1;
custom,cuboid,bombexplosiontex,0.9,10,49.05,0,0,0,0,0.1,15,-3930,610,2090,0,0,1,0;
racing,killcuboid,10,7,1,-3975,625,3000,0,0,0,-1;
custom,cuboid,bombexplosiontex,10,7,1,0,0,0,0,99999,99999,-3975,625,3000,0,0,1,0;
racing,killcuboid,4.5,10,2,-4002.5,610,3200,0,0,0,-1;
racing,killcuboid,4.5,10,2,-3947.5,610,3200,0,0,0,-1;
racing,killcuboid,1,7,2,-3975,595,3200,0,0,0,-1;
racing,killcuboid,10,7,1,-3975,625,3400,0,0,0,-1;
custom,cuboid,bombexplosiontex,10,7,1,0,0,0,0,99999,99999,-3975,625,3400,0,0,1,0;
racing,killcuboid,1,8,3,-3975,600,3600,0,0,0,-1;
racing,killcuboid,4.5,10,3,-4002.5,610,3600,0,0,0,-1;
racing,killcuboid,4.5,10,3,-3947.5,610,3600,0,0,0,-1;
custom,cylinder,default,1.5,0.075,1.5,0,0,1,0,0,1,-3975,640,2800,0,1,1,0;
custom,cylinder,default,1.3,0.11,1.3,1,0,1,0,0,1,-3975,640,2800,0,1,1,0;
custom,cuboid,default,10,0.95,2,1,1,0.4,0.6588235294,99999,99999,-3975,555,3850,0,0,1,0;
custom,cuboid,default,10,29,1,1,1,0.4,0.6588235294,0,1,-3975,415,3865,0,0,1,0;
custom,cuboid,default,10,50,1,1,1,0.4,0.6588235294,0,1,-3975,420,3975,0,0,1,0;
custom,cuboid,default,10,1,12,1,1,0.4,0.6588235294,0,1,-3975,665,3920,0,0,1,0;
custom,cuboid,default,1,10,19,1,1,0.4,0.6588235294,0,1,-3920,220,3775,0,0,1,0;
custom,cuboid,default,1,10,19,1,1,0.4,0.6588235294,0,1,-4030,220,3775,0,0,1,0;
custom,cuboid,default,12,1,30,1,1,0.4,0.6588235294,0,1,-3975,175,3830,0,0,1,0;
custom,cuboid,default,12,1,19,1,1,0.4,0.6588235294,0,1,-3975,275,3775,0,0,1,0;
custom,cuboid,default,1,50,12,1,1,0.4,0.6588235294,0,1,-3920,420,3920,0,0,1,0;
custom,cuboid,default,1,50,12,1,1,0.4,0.6588235294,0,1,-4030,420,3920,0,0,1,0;
racing,endcuboid,10,9,3,-3975,225,3695,0,0,0,-1;

custom,cuboid,default,24,1,30,1,1,0.4,0.6588235294,0,1,-3975,120,3540,0,0,1,0;

custom,cuboid,default,6,20,1,1,1,0.4,0.6588235294,0,1,-3885,225,3685,0,0,1,0;
custom,cuboid,default,6,20,1,1,1,0.4,0.6588235294,0,1,-4065,225,3685,0,0,1,0;
custom,cuboid,bombexplosiontex,24,1,30,1,1,0.4,0.6588235294,99999,99999,-3975,330,3540,0,0,1,0;
custom,cuboid,bombexplosiontex,24,20,1,1,1,0.4,0.6588235294,99999,99999,-3975,225,3395,0,0,1,0;
custom,cuboid,default,12,4.5,1,1,1,0.4,0.6588235294,0,1,-3975,147.5,3685,0,0,1,0;
custom,cuboid,default,12,4.5,1,1,1,0.4,0.6588235294,0,1,-3975,302.5,3685,0,0,1,0;
custom,cuboid,bombexplosiontex,1,20,30,1,1,0.4,0.6588235294,99999,99999,-4090,225,3540,0,0,1,0;
custom,cuboid,bombexplosiontex,1,20,30,1,1,0.4,0.6588235294,99999,99999,-3860,225,3540,0,0,1,0;



custom,cylinder,default,13,0.2,13,0,1,0.4,0.6588235294,0,1,-3975,225,3398.5,0,1,1,0;
custom,cylinder,default,12,0.2,12,1,1,0.4,0.6588235294,0,1,-3975,225,3398.75,0,1,1,0;