//LAVA MADNESS – Made by Mb12
//NOTE :
//JUST YOU KNOW THAT I DON’T WANT YOU GUYS EDIT THIS MAP/REPOST THIS MAP. IF YOU GUYS WANT TO GIVE THIS MAP SCRIPT TO SOMEONE, JUST RELINK TO MY MAP POST IN AOTSKINS.
//DON’T FORGET TO THANK ME IF YOU LIKE THIS MAP.
//NOTE2 :-( guess its a bit too late for that bud
//Script :
spawnpoint,playerC,614.0643,16.35948,-555.6358,0,0.7271892,0,-0.6864371;
spawnpoint,playerM,612.3951,16.16642,-530.3388,0,0.7259986,0,-0.6876962;
custom,cuboid,grass2,1,10,8,0,1,1,1,1.0,1.0,601.2336,41.57876,-579.1793,0,0.7154253,0,-0.6986893;
custom,cuboid,grass2,1,10,8,0,1,1,1,1.0,1.0,636.4931,41.5832,-539.8626,0,0.9999937,0,0.003550706;
custom,cuboid,grass2,1,10,8,0,1,1,1,1.0,1.0,600.3609,41.69534,-504.2873,0,0.7074611,0,-0.7067524;
custom,cuboid,grass2,1,10,40,0,1,1,1,1.0,1.0,381.0301,41.55829,-507.9291,0,0.7001826,0,0.7139639;
custom,cuboid,grass2,1,10,40,0,1,1,1,1.0,1.0,373.1318,41.61292,-591.2236,0,0.6867829,0,0.7268626;
racing,killCylinder,2,10,2,523.8266,-8.597006,-529.254,0,0.7829854,0,-0.6220402;
racing,killCylinder,2,10,2,456.7601,-8.78454,-533.9755,0,0.9999223,0,-0.01246725;
racing,killCylinder,2,10,2,403.8468,-8.526481,-578.1855,0,-0.06216143,0,0.9980661;
custom,cuboid,grass2,6,10,9,0,1,1,1,1.0,1.0,624.7091,-34.03291,-547.6425,0,0.9999676,0,0.008059982;
racing,killCuboid,1,10,40,374.869,41.29637,-590.2662,0,0.7276121,0,-0.6859889;
racing,killCuboid,1,10,40,381.6852,40.84557,-509.8193,0,0.7130305,0,-0.7011331;
racing,killCylinder,2,10,2,313.8584,-8.29423,-536.0327,0,0.8894572,0,-0.4570184;
racing,killCylinder,2,10,2,227.4538,-8.766153,-574.8367,0,0.9793813,0,0.202021;
racing,killCylinder,2,10,2,237.293,-11.46122,-525.1471,0,-0.2041673,0,0.9789361;
custom,cuboid,grass2,5,10,8,0,1,1,1,1.0,1.0,167.5985,-1.981829,-557.9885,0,0.9993865,0,0.03502401;
custom,cuboid,grass2,1,10,50,0,1,1,1,1.0,1.0,-54.5361,41.44078,-613.7482,0,0.6895028,0,0.724283;
custom,cuboid,grass2,1,10,50,0,1,1,1,1.0,1.0,-26.87636,41.59015,-515.4655,0,0.7136235,0,-0.7005295;
racing,killCuboid,1,10,50,-51.49136,41.35637,-612.2844,0,0.6902332,0,0.723587;
racing,killCuboid,1,10,50,-17.36002,41.52317,-516.4254,0,0.7139579,0,-0.7001886;
racing,killSphere,2,2,2,30.99183,30.52251,-584.213,0,0.8400304,0,-0.5425393;
racing,killSphere,2,2,2,67.65058,47.53701,-545.5107,0,0.7421964,0,-0.6701825;
racing,killSphere,2,2,2,-15.36742,71.82122,-551.0167,0,0.7308233,0,0.6825667;
racing,killSphere,2,2,2,80.65157,67.86257,-581.0161,0,0.5661244,0,0.8243198;
racing,killSphere,2,2,2,-1.869251,48.8449,-543.2577,0,0.7076651,0,-0.706548;
racing,killSphere,2,2,2,-38.04327,65.04803,-592.4179,0,0.01403757,0,0.9999015;
racing,killCylinder,2,10,2,-91.63078,-8.180886,-569.3987,0,0.968458,0,-0.2491771;
racing,killCylinder,2,10,2,-169.0233,-10.43375,-551.6761,0,-0.04443325,0,0.9990124;
racing,killCylinder,2,10,2,-226.79,-8.844344,-596.1227,0,-0.1800398,0,0.9836594;
custom,cuboid,grass2,8,10,8,0,1,1,1,1.0,1.0,-315.3499,-0.3530321,-571.1742,0,0.9997618,0,0.02182718;
racing,checkpointCuboid,2,10,2,-319.2283,41.519,-570.4106,0,0.9997874,0,0.0206156;
custom,cuboid,grass2,1,10,8,0,1,1,1,1.0,1.0,-337.2325,41.59335,-627.4855,0,0.6875641,0,0.7261238;
custom,cuboid,grass2,1,10,70,0,1,1,1,1.0,1.0,-383.17,41.3955,-284.0537,0,0.999898,0,0.01428657;
custom,cuboid,grass2,1,10,65,0,1,1,1,1.0,1.0,-276.31,41.34772,-199.6556,0,0.9999716,0,0.007531936;
racing,killCuboid,1,10,65,-279.1609,41.39031,-200.1784,0,0.9999861,0,0.005285408;
racing,killCuboid,1,10,65,-380.4985,41.80356,-258.7158,0,0.9999462,0,0.01038113;
racing,killCuboid,1,10,5,-336.8513,39.01904,-471.5696,0,-0.6856757,0,-0.7279072;
racing,killCuboid,1,10,5,-353.3536,39.64437,-410.0991,0,-0.6875784,0,-0.7261103;
racing,killCuboid,1,10,5,-301.3593,41.11274,-360.3712,0,-0.6907381,0,-0.723105;
racing,killCuboid,1,10,5,-361.0966,40.46183,-319.9331,0,0.7246135,0,-0.6891555;
racing,killCuboid,1,10,5,-299.2525,41.17349,-280.0193,0,0.7112665,0,-0.7029225;
racing,killCuboid,1,10,5,-349.1321,41.25501,-244.5005,0,0.9998358,0,0.01811758;
racing,killCuboid,1,10,5,-300.0812,41.17012,-178.317,0,0.7035826,0,-0.7106135;
racing,killCuboid,1,10,5,-368.968,41.25443,-14.93999,0,0.7249616,0,-0.6887892;
racing,killCuboid,1,10,5,-368.8664,41.71939,-91.10242,0,0.6991543,0,0.7149709;
racing,killCuboid,1,10,5,-340.6599,41.23346,-41.05179,0,-0.7011454,0,-0.7130184;
racing,killCuboid,1,10,5,-303.226,41.50219,70.75932,0,0.7079495,0,-0.7062631;
custom,cuboid,grass2,1,10,9,0,1,1,1,1.0,1.0,-394.1691,41.43804,99.81484,0,0.999962,0,0.008721848;
custom,cuboid,grass2,1,10,9,0,1,1,1,1.0,1.0,-397.809,41.36826,182.6794,0,0.9992458,0,0.03883124;
custom,cuboid,grass2,1,10,9,0,1,1,1,1.0,1.0,-282.022,39.84056,151.0902,0,-0.02322638,0,0.9997302;
custom,cuboid,grass2,1,10,9,0,1,1,1,1.0,1.0,-366.2888,41.45354,249.666,0,0.8906204,0,-0.4547476;
custom,cuboid,grass2,1,10,9,0,1,1,1,1.0,1.0,-333.2904,41.568,276.4517,0,0.7202682,0,-0.6936957;
custom,cuboid,grass2,15,10,15,0,1,1,1,1.0,1.0,-356.5922,-13.19181,203.8655,0,0.9997705,0,0.02142411;
racing,checkpointCuboid,2,10,2,-352.8206,40.25816,187.6576,0,-0.03931715,0,0.9992268;
custom,cuboid,grass2,1,10,65,0,1,1,1,1.0,1.0,37.55745,39.46149,194.3682,0,0.7035792,0,0.7106169;
custom,cuboid,grass2,1,10,65,0,1,1,1,1.0,1.0,3.249106,41.65742,282.9398,0,0.7127178,0,-0.7014509;
racing,killCuboid,1,10,65,3.769718,41.39532,280.4792,0,0.7135974,0,-0.7005561;
racing,killCuboid,1,10,65,37.76842,39.32013,196.1162,0,0.709509,0,-0.7046965;
racing,killTorus,2,2,2,-238.2552,60.1624,229.3539,-0.5409924,0.4556396,0.5391768,0.4571742;
racing,killTorus,2,2,2,-198.8404,34.11579,252.3969,-0.6428245,0.534764,0.4187111,0.3542389;
racing,killTorus,2,2,2,-174.4427,53.16722,224.859,-0.469262,0.5294983,0.5239822,0.4742018;
racing,killTorus,2,2,2,-242.3301,12.38286,220.5657,0.4475852,0.5503271,0.4650624,-0.5296458;
racing,killTube,2,2,2,-274.6306,48.96183,244.9006,0.500227,0.4993082,0.515246,-0.4847535;
racing,killTorus,3,3,3,-86.34673,44.35235,231.7835,0.4710938,0.5255768,0.4584895,-0.5400251;
racing,killTorus,3,3,3,-128.1505,10.76223,255.2732,-0.4942828,0.5056525,0.5056525,0.494283;
racing,killCylinder,3,10,3,-46.00636,-8.109788,266.7511,0,0.4760137,0,0.8794379;
racing,killCylinder,3,10,3,-20.50138,-9.596626,222.2337,0,0.1989453,0,0.9800107;
racing,killSphere,3,3,3,53.21898,55.17786,255.0453,0,0.9398432,0,-0.3416063;
racing,killSphere,3,3,3,60.66902,27.3535,224.2428,0,0.8933743,0,-0.4493134;
racing,killSphere,3,3,3,145.3122,38.34197,250.6915,0,0.9959975,0,0.08938125;
racing,killCuboid,7,3,10,213.6727,74.93488,240.1528,0,-0.005728479,0,0.9999836;
racing,killCuboid,7,3,10,208.2508,6.94488,237.5092,0,0.9998467,0,0.01750961;
racing,killCylinder,2,2,10,221.1801,47.15031,241.8914,0,0.6854565,0,0.7281136;
racing,killCylinder,2,10,2,320.1643,-7.6957,239.9911,0,0.9515693,0,0.3074346;
custom,cuboid,grass2,1,10,8,0,1,1,1,1.0,1.0,353.6122,41.93898,289.5102,0,0.725454,0,-0.6882708;
custom,cuboid,grass2,1,10,8,0,1,1,1,1.0,1.0,424.9399,42.2556,292.5421,0,0.7242583,0,-0.6895288;
custom,cuboid,grass2,1,10,50,0,1,1,1,1.0,1.0,473.7171,41.95174,51.9203,0,0.999516,0,0.03110853;
custom,cuboid,grass2,1,10,50,0,1,1,1,1.0,1.0,433.1718,42.33136,-49.33138,0,0.9997435,0,0.02265002;
custom,cuboid,grass2,1,10,9,0,1,1,1,1.0,1.0,376.6925,39.53223,196.1692,0,0.6947814,0,-0.7192211;
custom,cuboid,grass2,12,10,12,0,1,1,1,1.0,1.0,418.6344,-22.6024,258.2503,0,0.729688,0,-0.6837803;
racing,checkpointCuboid,2,10,2,406.8306,43.47512,247.2848,0,0.705122,0,0.7090861;
racing,killCuboid,1,10,50,468.9125,39.57434,44.20504,0,0.9996902,0,0.02489113;
racing,killCuboid,1,10,50,439.5975,41.99511,-49.13821,0,0.9997176,0,0.02376632;
racing,killCuboid,1,10,4,444.1015,-16.89974,98.17048,0,0.7179752,0,-0.6960687;
racing,killCuboid,1,3,4,452.9661,77.20506,10.5133,0,0.7459162,0,-0.6660398;
racing,killCuboid,1,3,4,456.102,40.13771,-63.62923,0,0.7371388,0,-0.6757414;
racing,killCuboid,1,3,4,454.5653,25.11666,40.47125,0,0.7158725,0,-0.698231;
racing,killTorus,3,3,3,460.8045,55.44894,-99.95779,-0.02498301,0.7355955,0.6764149,0.02716881;
racing,killTorus,3,3,3,463.3255,46.41512,-172.1945,-0.06498366,0.5560327,0.8274648,0.04366722;
custom,cuboid,grass2,1,10,9,0,1,1,1,1.0,1.0,478.8764,42.31109,-267.5138,0,0.7330322,0,-0.680194;
custom,cuboid,grass2,1,10,9,0,1,1,1,1.0,1.0,522.6581,42.17622,-197.9684,0,0.7309606,0,-0.6824198;
racing,endCuboid,2,10,15,512.7156,41.47995,-219.1753,0,0.9993612,0,0.03573812;
custom,cuboid,grass2,1,10,9,0,1,1,1,1.0,1.0,570.4668,42.78619,-239.5164,0,0.06004574,0,-0.9981956;
custom,cuboid,grass2,9,10,9,0,1,1,1,1.0,1.0,539.0344,42.36317,-305.114,0,0.08137617,0,-0.9966835;
custom,cuboid,grass2,9,10,9,0,1,1,1,1.0,1.0,546.8451,-15.78001,-221.7715,0,0.04742308,0,-0.998875;
racing,killCuboid,250,1,250,-614.6834,-4.083883,-191.4291,0,0.9998494,0,0.01735593;
racing,killCuboid,250,1,250,-642.2563,90.68057,119.11,0,0.727755,0,-0.6858373;
racing,killSphere,2,2,2,536.9236,45.06242,-556.0798,0,0.9137311,0,-0.4063195;
racing,killSphere,2,2,2,551.6858,20.72836,-525.2289,0,0.9580824,0,-0.2864928;
racing,killSphere,2,2,2,567.5084,28.08297,-555.3627,0,0.8387058,0,-0.5445848;
racing,killSphere,2,2,2,448.1778,39.42265,-564.0264,0,0.9753591,0,-0.2206232;
racing,killSphere,2,2,2,374.8728,28.56945,-541.4875,0,0.859226,0,-0.5115963;
racing,killSphere,2,2,2,486.0323,51.72008,-560.8862,0,0.9860138,0,-0.1666641;
racing,killSphere,2,2,2,338.3116,35.37479,-569.3631,0,0.8475246,0,0.5307561;
racing,killSphere,2,2,2,225.1664,50.90392,-546.7767,0,0.7403076,0,-0.6722683;
racing,killSphere,2,2,2,273.7441,26.73123,-551.3008,0,0.890673,0,-0.4546444;
racing,killSphere,2,2,2,406.5047,27.94145,-527.0444,0,0.7344292,0,-0.6786854;
racing,killSphere,2,2,2,104.3136,27.27686,-551.5562,0,0.9569875,0,-0.2901292;
racing,killSphere,2,2,2,-15.23484,33.86468,-564.137,0,0.9838556,0,0.1789641;
racing,killCuboid,2,2,12,-137.9041,68.00261,-567.1345,0,0.9994847,0,-0.03210175;
racing,killCuboid,2,2,12,54.81966,54.48129,-572.2847,0,0.9999562,0,0.009363869;
racing,killCuboid,2,2,12,-38.1582,46.96452,-571.0956,0.01087559,0.03975445,-0.2636488,-0.9637378;
racing,killCuboid,2,2,12,90.94821,66.18021,-551.8897,0.004332722,0.982977,-0.182184,0.02337728;
racing,killCuboid,2,2,12,-202.0874,48.15693,-584.2443,0,0.9995397,0,0.03033969;
racing,killCuboid,2,2,12,-321.6917,50.02465,-433.3241,0.1018037,0.6654716,-0.09234181,0.7336597;
racing,killCuboid,2,2,15,-313.8744,50.69187,-252.0361,0.1429005,0.7104881,-0.1510189,0.6722942;
racing,killCuboid,2,2,15,-311.6086,42.46558,-139.3258,0,0.7118073,0,0.7023749;
racing,killCuboid,2,2,15,-343.2013,50.23515,21.8384,0,0.7099617,0,0.7042404;
racing,killCuboid,2,2,15,-319.7993,48.85115,88.20905,0,0.7326159,0,0.6806424;
racing,killCuboid,2,2,15,-179.2053,68.23159,249.5751,0,0.999885,0,0.01517221;
racing,killCuboid,2,2,15,-128.8985,24.93574,228.9469,0.0169377,0.9830017,-0.1346545,0.1236483;
racing,killCuboid,2,2,15,-46.69875,46.70543,253.1316,-0.01586055,0.9733339,0.2175659,0.07095603;
racing,killCuboid,2,2,15,91.1468,53.76161,250.1705,-0.04532248,0.9488859,0.160492,0.2679626;
racing,killCuboid,2,2,15,315.9065,51.84885,241.4421,0.07682713,0.9212055,-0.2365254,0.299222;
racing,killCuboid,2,2,15,455.2114,40.64084,153.056,0,0.7354476,0,-0.6775817;
racing,killCuboid,2,2,15,451.7354,61.10657,88.93497,-0.1303372,0.736952,-0.1485956,-0.6464003;
racing,killCuboid,2,2,15,466.5273,59.92192,-98.63016,0.10297,0.7756007,0.131183,-0.6087952;
racing,killCuboid,2,2,15,465.983,18.43256,-183.4034,0,0.6961719,0,-0.7178751;
racing,startCuboid,1,10,15,583.9252,44.16972,-563.5224,0,0.9999886,0,0.004788053;
custom,prism,default,2,2,2,1,1,1,0,1.0,1.0,-379.3277,72.47232,-586.1176,-0.6874487,0.7250612,0.01790742,0.03714592;
custom,prism,default,2,2,2,1,1,1,0,1.0,1.0,-294.6226,65.92088,278.5249,-0.4927783,-0.4834472,0.5264904,0.4962421;
custom,prism,default,2,2,2,1,1,1,0,1.0,1.0,461.7097,65.67076,229.1602,-0.03198391,0.0276339,0.7388944,0.6724943;
racing,killCuboid,2,2,14,541.0021,71.59061,-539.8011,0,0.0568205,0,-0.9983845;
racing,killCuboid,2,2,14,460.5667,27.45874,-518.4659,0,0.02195463,0,-0.999759;
racing,killCuboid,2,2,14,393.6732,69.78139,-555.77,-0.06211842,-0.0202951,-0.02770161,-0.9974779;
racing,killCuboid,2,2,14,278.7016,50.95914,-543.9205,0.2129904,0.01893215,0.004127875,-0.9768622;
racing,killCuboid,2,2,14,235.9767,19.40101,-560.7784,0,-0.05824403,0,-0.9983024;
racing,killCuboid,2,2,14,199.0644,69.92098,-562.6765,0,0.0433822,0,-0.9990586;
racing,killCuboid,2,2,14,-69.53334,43.35109,-575.8834,-0.2486547,0.01628525,-0.004181342,-0.9684463;
racing,killCuboid,2,2,14,-238.6364,43.1342,-568.342,-0.3483031,-0.03839317,-0.01106511,0.9365301;
racing,killCuboid,2,2,14,-327.5364,40.34579,-481.3588,-0.2038602,0.5951228,0.1594627,0.7608165;
racing,killCuboid,2,2,14,-347.3753,5.526361,-428.0803,0,-0.7305403,0,-0.6828696;
racing,killCuboid,2,2,14,-324.6897,64.04012,-340.6169,0.1334091,0.689776,-0.1315818,0.699355;
racing,killCuboid,2,2,14,-338.9728,46.24418,-108.2689,-0.2821842,0.5866966,0.2287435,0.723765;
racing,killCuboid,2,2,14,-336.1602,25.4271,95.81258,0.2545207,0.6232134,-0.1832402,0.7164128;
racing,killCuboid,2,2,14,-234.9734,32.82565,239.2397,0,0.9999658,0,0.008268196;
racing,killCuboid,2,2,14,-67.8358,17.58755,244.5245,-0.007469386,0.9858011,0.1614312,0.04561283;
racing,killCuboid,2,2,14,307.9027,68.09216,238.7844,-0.08107413,0.9843891,-0.07021827,-0.1395514;
racing,killCuboid,2,2,14,450.9766,37.74568,183.5713,0.2033982,0.7232981,0.239208,-0.6150192;
racing,killCuboid,2,2,14,442.8612,70.40939,-27.4923,0.1964503,0.7341343,0.2385347,-0.6046118;
racing,killCuboid,2,2,14,462.0465,17.7841,-141.2555,0,0.7247897,0,-0.6889703;
racing,killCylinder,2,12,2,473.7875,-30.23713,-244.739,0,0.7135341,0,0.7006205;
racing,killSphere,4,4,4,418.0284,43.24165,-580.6535,0,0.8880351,0,-0.4597758;
racing,killSphere,2,2,2,75.51092,15.77469,-578.4984,0,0.9605635,0,-0.2780608;
racing,killSphere,2,2,2,14.19777,9.998481,-550.7087,0,0.892043,0,-0.4519506;
racing,killSphere,2,2,2,-331.4854,46.34756,-379.0464,0,0.1686122,0,-0.9856825;
racing,killSphere,2,2,2,-171.5305,6.565807,218.9409,0,0.5844849,0,0.8114046;
racing,killSphere,2,2,2,41.35436,7.677485,254.8141,0,0.4820061,0,0.8761678;
racing,killSphere,2,2,2,75.57771,50.17957,199.658,0,0.6433414,0,0.7655794;
racing,killSphere,2,2,2,132.9621,24.07302,220.2213,0,-0.2539039,0,0.9672295;
racing,killSphere,2,2,2,335.8948,19.41772,267.586,0,0.4720302,0,0.8815824;
racing,killSphere,2,2,2,447.0695,71.31123,157.3906,0,0.9013866,0,0.4330154;
racing,killSphere,2,2,2,447.9416,5.069546,128.8624,0,0.9764504,0,0.2157423;
racing,killSphere,2,2,2,458.8275,6.295757,-72.26514,0,0.9994594,0,0.03287863;
racing,killSphere,2,2,2,484.9826,44.7196,-228.8366,0,0.7982714,0,0.6022979;