custom,cuboid,stone3,10,6,10,0,1,1,1,1.0,1.0,38.02888,633.0958,-252.7429,0,0.9999913,0,0.004177991;
custom,cuboid,stone3,5,5,5,0,1,1,1,1.0,1.0,89.12669,686.5312,-234.6017,0,0.9996827,0,0.0251911;
racing,checkpointCuboid,9,10,0.5,-204.6275,54.44794,221.8322,0,0.7176853,0,0.6963676;
custom,cuboid,stone3,5,5,5,0,1,1,1,1.0,1.0,-10.00068,686.8149,-237.2087,0,0.9999995,0,0.001034335;
custom,cuboid,stone3,6,6,6,0,1,1,1,1.0,1.0,41.81225,731.96,-240.7386,0,0.9996917,0,0.02482929;
racing,killCuboid,5,30,30,182.5641,463.2786,708.9597,0,0.6896126,0,0.7241784;
custom,cuboid,stone3,10,6,10,0,1,1,1,1.0,1.0,-34.61867,685.9492,-162.0847,0,0.9999841,0,-0.005641355;
custom,cuboid,stone3,10,6,10,0,1,1,1,1.0,1.0,111.2793,684.1275,-161.1516,0,0.9999579,0,0.009183234;
custom,cuboid,stone3,10,6,10,0,1,1,1,1.0,1.0,39.55639,731.9892,-170.4686,0,0.999842,0,0.01777313;
custom,cuboid,stone3,10,6,10,0,1,1,1,1.0,1.0,35.47208,633.0497,-162.2062,0,0.9999894,0,0.004596769;
racing,checkpointCuboid,5,5,1,41.33968,680.6962,-187.9326,0,0.006020656,0,0.9999819;
racing,killCuboid,20,50,1,18.71254,412.694,542.3348,0,0.9999498,0,0.01002887;
racing,killCuboid,10,10,5,-34.68032,689.3026,-61.12544,-0.002237335,0.7100589,0.7041352,0.002256155;
racing,killCuboid,10,10,5,109.7715,690.0652,-60.73857,-5.968299E-05,0.700687,0.7134673,-0.001486919;
racing,killCuboid,10,10,5,42.98466,783.9677,-71.03327,-0.01175815,-0.7013122,0.7126635,-0.01157084;
racing,killCuboid,10,10,5,110.1743,739.4304,-63.44823,0.009822694,0.7030787,-0.7109779,0.009713573;
racing,killCuboid,10,10,5,-34.66125,737.1957,-71.40816,-0.001246913,0.7122619,-0.7019113,-0.001416496;
racing,killCuboid,10,10,10,-37.44055,705.5753,15.98422,0,0.9999925,0,0.003884858;
racing,killCuboid,10,10,10,108.5089,707.1456,23.46692,0,0.9999214,0,0.01253866;
racing,killCuboid,10,10,10,36.38457,800.5242,20.50807,0,0.999925,0,0.01224733;
racing,killCuboid,10,10,10,105.3969,705.6046,134.0158,0,0.9997686,0,0.02151414;
racing,killCuboid,50,1,30,60.41951,659.613,299.9119,0,0.7167388,0,-0.6973417;
racing,killCuboid,10,10,10,-39.81469,703.0819,74.56421,0,0.9999564,0,-0.009335664;
racing,killCuboid,10,10,10,31.94567,804.3074,39.51809,0,0.9998661,0,-0.0163677;
racing,killCuboid,10,10,10,-39.10267,700.6731,106.9284,0,0.9999997,0,0.000808672;
racing,killCuboid,10,10,10,35.74086,804.8447,104.9663,0,0.9998394,0,0.0179233;
racing,killCuboid,10,20,40,-38.37197,671.1932,347.8151,0.008373153,0.9999493,0.000218222,-0.005592486;
racing,killCuboid,10,20,40,94.23919,666.9912,349.76,0,0.9995329,0,0.03056284;
racing,killCuboid,20,50,1,9.146948,382.2797,736.1385,0,-0.004344662,0,-0.9999906;
racing,killCuboid,10,20,40,33.95962,853.0513,192.3276,0,0.9999607,0,0.008872587;
racing,killCuboid,10,20,40,23.46438,849.6896,347.87,0,0.9999624,0,0.008668866;
racing,killCuboid,20,20,2,-314.1482,-79.3088,-101.6167,0,0.9999994,0,-0.001108809;
racing,killSphere,2,2,2,19.18956,611.807,648.6754,0,0.7016405,0,-0.7125311;
custom,sphere,stone3,0.5,0.5,0.5,0,1,1,1,1.0,1.0,18.82949,612.4388,650.2181,0,0.01803578,0,-0.9998374;
racing,killCuboid,20,20,40,136.9088,709.025,589.4197,0,0.9997061,0,0.02424237;
racing,killCuboid,20,20,40,-108.4828,679.6953,635.9392,0,0.9999895,0,0.004590214;
racing,killCuboid,20,20,40,-123.9991,546.4343,577.1307,0,0.9998441,0,-0.01765641;
racing,killCuboid,20,20,40,138.0093,502.1658,477.8373,0,0.999945,0,0.01048959;
racing,killCuboid,20,20,40,170.7412,505.8112,951.6193,0,0.685597,0,0.7279813;
racing,killCuboid,50,1,50,16.44579,389.9835,687.5857,0,0.007865499,0,-0.9999691;
racing,killCuboid,20,20,40,-109.2658,486.5075,634.9866,0,0.9996732,0,0.02556411;
racing,killCuboid,20,20,40,144.3235,474.7518,577.4758,0,0.9998596,0,0.01675595;
racing,killCuboid,20,20,40,50.11823,699.0754,1037.36,0,0.9997823,0,0.0208677;
custom,sphere,stone3,0.7,0.7,0.7,0,1,1,1,1.0,1.0,27.37979,753.7327,247.8887,0,0.01948535,0,-0.9998102;
racing,killSphere,0.1,0.,0.1,37.01628,697.2122,-80.45026,0,0.01717236,0,-0.9998526;
racing,killCylinder,1,10,1,39.37969,689.4172,-59.70142,0,0.02588832,0,-0.9996648;
racing,killCylinder,1,10,1,24.12887,662.8274,32.66776,0,0.0149544,0,-0.9998882;
racing,killCylinder,1,10,1,47.99321,669.0199,33.31908,0,0.03455514,0,-0.9994028;
racing,killCylinder,1,10,1,40.02106,617.4202,704.5602,-0.5013452,0.5033946,-0.4877765,-0.5072682;
racing,killCylinder,1,20,1,-8.005547,613.4835,736.0866,0.505891,0.4940387,0.4940387,-0.5058911;
racing,killCuboid,5,30,30,-90.54893,747.5745,676.4843,0,0.7241238,0,-0.68967;
custom,cylinder,stone3,1,1,1,0,1,1,1,1.0,1.0,45.31773,686.6226,759.7336,0,0.7097547,0,0.704449;
racing,killCuboid,30,40,40,39.07088,967.4807,571.5806,0,0.9993739,0,0.03538295;
racing,killCuboid,50,1,50,17.49073,611.5839,979.772,0,0.0008504019,0,0.9999996;
racing,killCuboid,30,40,40,-65.6371,964.1956,815.1258,0,0.7880929,0,-0.6155565;
racing,killCuboid,50,40,50,378.9549,488.295,1009.429,0,0.7272031,0,-0.6864224;
racing,killCuboid,30,40,40,-112.0963,728.1686,970.5765,0,0.7054819,0,-0.7087279;
racing,killCuboid,30,40,40,442.5456,737.4708,656.0527,0,0.7295532,0,-0.6839241;
racing,killCuboid,30,40,40,-96.82444,962.522,786.1483,0,0.7411688,0,-0.6713188;
racing,killCuboid,30,40,40,42.8757,728.7761,978.4796,0,0.7202997,0,-0.6936631;
racing,killCuboid,50,40,50,435.9037,737.1928,529.5189,0,0.7450597,0,-0.6669979;
racing,killCuboid,40,40,40,358.5818,733.5981,1064.909,0,0.7037487,0,-0.710449;
racing,killCuboid,30,40,40,666.4589,966.5498,826.4366,0,0.7154047,0,-0.6987103;
racing,killCuboid,50,40,50,297.4322,1000.008,815.6786,0,0.7317983,0,-0.6815213;
racing,killCylinder,5,5,5,402.0376,687.9383,827.2262,-0.5036051,0.5036055,0.4963684,-0.4963686;
racing,killCylinder,5,5,5,488.8961,747.0346,834.4194,-0.5099739,0.511758,0.4880374,-0.4897447;
custom,sphere,stone3,1,1,1,0,1,1,1,1.0,1.0,512.1342,733.9547,835.7015,0,0.7043636,0,0.7098393;
racing,killCuboid,40,40,40,686.0246,481.4314,846.8301,0,0.728192,0,-0.6853732;
racing,killCuboid,40,40,40,633.9805,728.4342,1072.912,0,0.7156849,0,-0.6984233;
racing,killCuboid,40,40,40,708.1245,721.5729,619.0876,0,0.7307093,0,-0.6826887;
racing,killCuboid,40,40,40,508.4165,1060.479,835.1166,0,0.7320061,0,-0.6812981;
custom,cuboid,bark,20,1,20,0,1,1,1,1.0,1.0,901.4296,63.36799,849.3135,0,0.710566,0,0.7036306;
racing,killCuboid,40,1,40,986.8934,785.2509,843.4545,0,0.7038218,0,0.7103766;
custom,cuboid,stone3,1,1,1,0,1,1,1,1.0,1.0,190.6529,718.8237,844.6897,0,0.6732445,0,0.7394199;
racing,killCuboid,50,1,30,26.33984,657.1866,130.1335,0,0.7135802,0,-0.7005736;
custom,cuboid,stone3,130,1,130,0,1,1,1,1.0,1.0,-28.68552,-2.145458,12.31336,0,0.7076341,0,0.7065791;
custom,cuboid,bark3,1,60,70,0,1,1,1,1.0,1.0,1413.822,368.2139,944.3781,0,0.694162,0,0.7198189;
custom,cuboid,bark3,5,1,70,0,1,1,1,1.0,1.0,1414.959,664.6693,918.4634,0,0.6922642,0,0.7216442;
custom,cuboid,stone3,10,5,20,0,1,1,1,1.0,1.0,-574.4733,24.76326,709.6106,0,0.7045354,0,0.7096689;
custom,cuboid,stone3,10,5,20,0,1,1,1,1.0,1.0,-710.6663,26.05696,614.5037,0,-0.01539183,0,-0.9998816;
custom,cuboid,stone3,10,5,20,0,1,1,1,1.0,1.0,-571.1413,25.94599,546.1733,0,0.7139314,0,0.7002157;
custom,cuboid,stone3,10,5,20,0,1,1,1,1.0,1.0,-520.7556,73.61752,626.0823,0,0.999997,0,0.002455646;
racing,startCuboid,10,5,2,-536.3582,26.40934,630.4425,0,0.6974889,0,0.7165956;
racing,killCuboid,1,50,50,-367.8761,50.90812,342.1144,0,0.9999794,0,-0.006420016;
racing,killCuboid,2,50,100,13.27592,18.16522,656.9039,0,0.7159047,0,0.698198;
racing,killCuboid,2,100,90,132.6913,27.86006,281.6146,0,0.7170259,0,0.6970466;
racing,killCuboid,2,10,40,-198.7192,34.83382,33.09254,0,0.7204938,0,0.6934614;
racing,killCuboid,2,10,40,-81.63848,49.69597,102.8624,0,0.7006527,0,0.7135025;
racing,killCuboid,2,10,60,-391.4728,34.9557,-195.0777,0,0.9995589,0,-0.02969906;
custom,sphere,default,1,1,1,0,1,1,1,1.0,1.0,-391.6028,34.03854,559.5969,0,0.998307,0,0.05816402;
custom,cylinder,default,0.2,10,0.2,0,1,1,1,1.0,1.0,-233.6143,49.52666,529.7426,0,0.01512188,0,0.9998857;
racing,killCuboid,1,50,20,-460.5577,18.8355,588.3425,0,0.7069234,0,0.7072902;
misc,barrier,12,1,12,-623.9482,50.80502,625.7423,0,0.7254723,0,0.6882514;
racing,killCuboid,2,100,23,-125.0176,85.37412,461.856,0,0.9999466,0,0.01033832;
custom,torus,default,1,1,1,0,1,1,1,1.0,1.0,-12.03866,33.69859,5.750153,0.4793796,0.5196759,0.4778658,-0.5213219;
racing,killCuboid,2,100,40,289.7388,60.14079,562.4327,0,0.6988467,0,-0.7152715;
racing,killCuboid,2,10,23,-364.3932,-31.11343,288.3096,0,0.6832735,0,-0.7301626;
racing,killCuboid,2,50,100,1043.613,48.92519,560.1155,0,0.7050421,0,0.7091655;
racing,killCuboid,2,50,100,557.9918,25.82232,949.7333,0,0.02906238,0,-0.9995776;
racing,killCuboid,2,50,100,1009.811,22.53131,624.7358,0,0.7219059,0,0.6919913;
racing,killCuboid,2,10,30,567.2817,114.5057,559.6438,0,0.7095326,0,0.7046726;
racing,killCuboid,2,10,30,465.1287,-19.37819,558.9666,0,0.7031283,0,-0.711063;
custom,sphere,default,1,1,1,0,1,1,1,1.0,1.0,422.1604,49.11915,561.9054,0,0.8746331,0,0.4847855;
racing,killCuboid,2,100,90,51.01816,50.00664,10.48542,0,0.9998696,0,-0.01615006;
racing,killTorus,1,1,1,-12.01872,33.69859,5.750085,0.4793794,0.519676,0.4778658,-0.5213221;
racing,killCuboid,2,100,90,-566.0286,54.24837,350.3957,0,0.6985699,0,-0.7155418;
racing,killCuboid,2,100,40,62.48466,86.89837,566.0484,0,0.7075863,0,0.706627;
racing,killCuboid,1,1,1,-10.47967,32.63779,15.46922,0,0.6951469,0,-0.7188677;
custom,cuboid,default,0.2,10,0.2,0,1,1,1,1.0,1.0,-369.7376,46.89447,96.62259,0,0.6912538,0,0.7226121;
racing,killCuboid,4,10,1,-9.362803,87.05064,4.548278,0,0.7167842,0,-0.6972951;
racing,killCuboid,4,10,1,-9.534274,-21.08151,4.560523,0,0.7167807,0,-0.6972987;
racing,killCuboid,4,10,1,-9.627187,31.51844,-18.94674,0,0.7167807,0,-0.6972987;
custom,sphere,default,1,1,1,0,1,1,1,1.0,1.0,101.5974,48.51986,450.0235,0,0.5709039,0,-0.821017;
racing,killCuboid,1,10,30,-107.3206,35.28346,-16.82872,0,0.6936285,0,-0.7203329;
racing,killCuboid,2,100,90,505.5146,54.5027,451.1348,0,0.7138416,0,0.7003073;
racing,killCuboid,1,50,20,-433.2976,40.00266,291.709,0,0.7080481,0,-0.7061642;
custom,sphere,default,1,1,1,0,1,1,1,1.0,1.0,-289.9254,38.65851,283.5404,0,0.1756567,0,0.9844515;
racing,killCuboid,120,1,120,124.6749,-1.348096,452.3178,0,0.714868,0,0.6992594;
custom,cylinder,default,0.2,10,0.2,0,1,1,1,1.0,1.0,-127.6436,40.47438,567.8155,0,0.9866387,0,0.1629237;
racing,killCuboid,2,10,23,-255.7542,50.13625,170.3133,0,0.7006882,0,-0.7134677;
custom,cylinder,default,0.2,10,0.2,0,1,1,1,1.0,1.0,-121.2787,41.2469,341.429,0,0.4830146,0,-0.8756123;
racing,killCuboid,2,50,100,-233.7648,53.36183,992.0787,0,0.001598691,0,0.9999987;
racing,killCuboid,2,10,23,-380.2227,98.96431,291.9846,0,0.6784964,0,-0.7346038;
custom,cylinder,default,0.2,10,0.2,0,1,1,1,1.0,1.0,-149.9899,33.95489,169.6282,0,0.699551,0,-0.7145827;
racing,killCuboid,120,1,120,-122.8357,88.1601,426.4011,0,0.7134384,0,0.700718;
custom,cuboid,rock3,9,5,1,0,1,1,1,1.0,1.0,-203.3632,-14.66251,222.1935,0,0.720476,0,0.6934799;
custom,cuboid,stone3,2,10,60,0,1,1,1,1.0,1.0,-253.3898,48.98472,-310.225,0,0.9999678,0,-0.008022982;
racing,killCuboid,2,10,60,-253.5883,48.18472,-310.1037,0,0.9999678,0,-0.008023101;
racing,killCuboid,2,10,60,-389.2081,41.55842,-342.6559,0,0.9998943,0,-0.01454128;
custom,cuboid,stone3,2,10,60,0,1,1,1,1.0,1.0,-388.2891,41.45487,-342.8591,0,0.9999236,0,-0.01236018;
racing,killCuboid,2,10,60,-387.6224,44.46381,-348.5345,0,0.9999279,0,-0.01200877;
racing,killCuboid,60,6,60,-307.92,-27.05977,-433.1942,0,0.9999952,0,0.003096293;
custom,cuboid,stone3,60,6,60,0,1,1,1,1.0,1.0,-321.9103,-27.17977,-425.1578,0,0.9998969,0,-0.01435652;
racing,killTube,5,10,5,13.0118,616.0741,649.1229,0.4933763,0.5066044,0.5030791,-0.4968333;
racing,killCuboid,20,20,2,-200.2218,33.35318,-101.3466,0,0.9999994,0,-0.001100703;
racing,killCuboid,20,20,2,-411.9626,30.18842,-99.55193,0,0.9999711,0,-0.007607788;
racing,killCuboid,20,20,2,-303.4311,130.9593,-101.1421,0,0.9999945,0,0.003321717;
racing,killCuboid,20,20,2,-304.9496,-76.09813,-186.2227,0,0.9999945,0,0.003342221;
racing,killCuboid,20,20,2,-236.6552,31.09499,-185.1459,0,0.9999511,0,0.009888802;
racing,killCuboid,20,20,2,-450.6835,23.99872,-194.1179,0,0.9995635,0,0.02954371;
racing,killCuboid,20,20,2,-336.141,139.706,-185.362,0,0.9999266,0,0.01211573;
racing,killCuboid,40,20,120,287.2038,-0.7867001,-557.6001,0,0.7044153,0,0.709788;
racing,killCuboid,10,20,120,334.0785,128.8654,-400.9568,0,0.7136484,0,0.7005042;
racing,killCuboid,10,20,120,331.5677,122.7857,-592.5131,0,0.7017069,0,-0.7124658;
racing,killCuboid,15,1,120,170.5974,219.5594,-480.2278,0,0.7134829,0,0.7006727;
custom,cuboid,stone3,1,10,20,0,1,1,1,1.0,1.0,-310.9191,46.28872,-539.6906,0,0.716803,0,0.6972758;
racing,killCuboid,1,10,20,-325.2016,48.88885,-538.3723,0,0.716803,0,0.6972758;
racing,killCuboid,1,50,20,-313.4578,273.1337,-539.1673,0,0.7152793,0,0.6988387;
racing,killCuboid,1,50,70,-380.5943,111.6587,-369.6129,0,0.9999998,0,-0.000702544;
racing,killCuboid,1,50,40,-258.0893,125.0128,-238.5016,0,-0.00719532,0,-0.9999741;
racing,killCuboid,15,1,40,-318.3727,95.05841,-237.9044,0,0.9999961,0,-0.002801339;
racing,killCuboid,15,20,1,-323.2988,196.4209,-434.427,0,0.005955813,0,-0.9999823;
custom,cuboid,stone3,15,20,1,0,1,1,1,1.0,1.0,164.5193,29.1133,-492.1537,0,0.7040681,0,0.7101325;
racing,killCuboid,15,20,1.1,164.6022,29.68603,-489.9255,0,0.7054825,0,0.7087274;
custom,sphere,stone3,1,1,1,0,1,1,1,1.0,1.0,519.7868,218.6828,-502.8515,0,0.7131413,0,0.7010203;
racing,killCuboid,1,100,20,900.4792,239.7118,-516.1165,0,0.03457823,0,0.999402;
racing,killCuboid,70,100,1,554.3162,314.9743,-555.6115,0,0.001794902,0,0.9999984;
racing,killCuboid,70,100,1,573.302,285.8339,-445.8419,0,0.01263014,0,0.9999202;
custom,cuboid,stone3,40,40,1,0,1,1,1,1.0,1.0,765.6173,411.3586,-515.921,0,0.6973609,0,-0.7167202;
racing,killCuboid,70,40,1,766.6064,411.1208,-502.8243,0,0.714308,0,0.6998314;
custom,cuboid,stone3,15,40,1,0,1,1,1,1.0,1.0,840.1393,411.6039,-451.2783,0,0.009919235,0,0.9999508;
custom,cuboid,stone3,15,40,1,0,1,1,1,1.0,1.0,903.2697,410.8359,-509.7686,0,0.7234283,0,0.6903996;
custom,cuboid,stone3,15,40,1,0,1,1,1,1.0,1.0,842.3073,413.7489,-557.2656,0,1,0,0.0001201149;
custom,cuboid,stone3,15,20,80,0,1,1,1,1.0,1.0,371.1502,510.7318,-501.2286,0,0.6996921,0,-0.7144445;
racing,killCuboid,15,20,80,373.2913,511.5315,-502.0852,0,0.6994427,0,-0.7146887;
racing,killCuboid,15,1,80,494.5039,718.5864,-502.8496,0,0.7000551,0,-0.7140888;
custom,cuboid,stone3,15,1,30,0,1,1,1,1.0,1.0,48.13214,605.96,-379.113,0,0.003222611,0,-0.9999948;
racing,killCuboid,1,20,30,84.74641,686.5164,-274.373,0,0.01198469,0,-0.9999282;
racing,killCuboid,1,20,30,-9.694299,687.5298,-273.0172,0,0.01198922,0,-0.9999281;
racing,killCuboid,1,20,30,-5.030006,676.6666,-467.4989,0,0.01198922,0,-0.9999281;
racing,killCuboid,1,20,30,238.3013,660.634,-432.2663,0,0.7183737,0,0.6956574;
racing,killCuboid,1,20,30,81.91373,647.7205,-555.1667,0,0.7109255,0,0.7032674;
racing,killCuboid,30,1,30,51.24508,716.6779,-415.3445,0,0.007687883,0,-0.9999704;
racing,killCuboid,1,10,30,-73.0415,670.2004,653.3655,0,0.7065222,0,-0.7076909;
racing,killCuboid,1,10,30,-69.20889,656.9819,655.1467,0,0.7080706,0,-0.7061417;
racing,killCuboid,1,10,30,-68.80892,656.9819,655.1478,0,0.7080706,0,-0.7061417;
racing,killCuboid,1,10,30,-73.00854,656.9819,655.1362,0,0.7080706,0,-0.7061417;
racing,killCuboid,1,10,30,-67.00909,687.9838,655.1527,0,0.7080706,0,-0.7061417;
racing,killCuboid,1,10,30,-69.20889,656.9819,655.1467,0,0.7080706,0,-0.7061417;
racing,killCuboid,1,20,30,951.8605,95.72682,941.1541,0,0.7229679,0,0.6908817;
custom,tube,default,12,80,12,1,0,0,0,1.0,1.0,932.5013,378.8342,872.3535,0,0.9496816,0,-0.313217;
racing,killTube,11,80,11,930.8962,380.3383,872.6772,0,0.9713056,0,-0.2378349;
racing,killCuboid,11,1,11,957.6048,604.6647,870.2795,0,0.996115,0,-0.08806267;
racing,killCuboid,11,1,11,907.7012,525.4348,880.1833,0,0.9948058,0,-0.1017917;
racing,killPlane,11,1,11,943.4052,450.5323,893.648,0,0.9883475,0,-0.1522148;
racing,killCylinder,3,3.5,3,932.7177,565.4823,838.6535,0,0.9977394,0,-0.06720116;
racing,killCylinder,4,3.5,4,930.9853,562.7559,871.4117,0,0.7894902,0,0.6137632;
racing,killPlane,11,3.5,11,987.8803,363.9416,860.0745,0,0.7964069,0,0.6047611;
racing,killPlane,11,3.5,11,876.3698,363.6085,895.958,0,0.7973166,0,0.6035614;
racing,killPlane,11,3.5,11,967.9888,364.0301,924.6852,0,0.796569,0,0.6045476;
racing,killPlane,11,3.5,11,946.0363,363.1843,808.833,0,0.7952907,0,0.6062282;
custom,torus,default,1,1,1,1,0,0,0,1.0,1.0,931.3931,361.6482,873.9211,0,0.7667148,0,0.6419879;
custom,cuboid,bark3,1,60,70,0,1,1,1,1.0,1.0,1416.214,366.9694,889.0005,0,0.6918282,0,0.7220622;
spawnpoint,playerM,-597.7899,10.61277,627.1379,0,0.7124026,0,-0.701771;
spawnpoint,playerC,-597.7959,8.812768,627.5378,0,0.7124026,0,-0.701771;
custom,cuboid,bark3,3,3,8,0,1,1,1,1.0,1.0,1223.742,104.8702,905.6708,0,0.9998732,0,0.01592445;
custom,cuboid,bark3,5,1,70,0,1,1,1,1.0,1.0,1415.717,67.38575,915.7305,0,0.7194344,0,-0.6945605;
custom,cuboid,bark3,2,2,8,0,1,1,1,1.0,1.0,1117.057,82.29778,907.543,0,0.9994479,0,0.0332243;
custom,cuboid,bark3,2,2,8,0,1,1,1,1.0,1.0,1136.173,100.2544,907.9846,0,0.999447,0,0.03325286;
custom,cuboid,bark3,2,2,8,0,1,1,1,1.0,1.0,1172.917,119.9349,906.5229,0,0.9999749,0,0.007084982;
custom,cuboid,bark3,2,2,8,0,1,1,1,1.0,1.0,1169.324,133.6547,907.2445,0,0.9999992,0,0.00132373;
custom,cuboid,bark3,2,2,8,0,1,1,1,1.0,1.0,1173.172,100.2951,904.9194,0,0.9999571,0,0.009266558;
custom,cuboid,bark3,2,2,8,0,1,1,1,1.0,1.0,1154.257,152.1298,905.8386,0,0.9999927,0,-0.003818546;
custom,cuboid,bark3,2,2,8,0,1,1,1,1.0,1.0,1134.807,136.3336,903.7717,0,0.9999927,0,-0.003818546;
custom,cuboid,bark3,2,2,8,0,1,1,1,1.0,1.0,1115.667,136.5857,900.8754,0,0.9999927,0,-0.003818546;
custom,cuboid,bark3,2,2,8,0,1,1,1,1.0,1.0,1096.678,116.7061,899.1566,0,0.9999927,0,-0.003818546;
custom,cuboid,bark3,2,2,8,0,1,1,1,1.0,1.0,1077.042,97.30625,899.5817,0,0.9999927,0,-0.003818546;
custom,cuboid,bark3,8,8,8,0,1,1,1,1.0,1.0,1039.38,28.49248,905.4114,0,0.9998577,0,-0.01686867;
custom,cuboid,bark3,3,3,8,0,1,1,1,1.0,1.0,1225.804,76.64031,906.7619,0,0.9995134,0,0.03119066;
custom,cuboid,bark3,3,3,8,0,1,1,1,1.0,1.0,1223.672,162.1682,905.5471,0,0.999836,0,0.01811008;
custom,cuboid,bark3,3,3,8,0,1,1,1,1.0,1.0,1224.756,132.9639,906.756,0,0.9998731,0,0.01592994;
custom,cuboid,bark3,3,3,8,0,1,1,1,1.0,1.0,1222.405,191.7077,907.9456,0,0.999859,0,-0.01679382;
custom,cuboid,bark3,3,3,8,0,1,1,1,1.0,1.0,1200.435,218.8796,909.1975,0,0.9999671,0,0.008114836;
custom,cuboid,bark3,3,3,8,0,1,1,1,1.0,1.0,1171.295,218.2922,908.6121,0,0.9998507,0,0.01727575;
custom,cuboid,bark3,3,3,8,0,1,1,1,1.0,1.0,1155.611,202.9532,900.5881,0,0.9998349,0,0.01817039;
custom,cuboid,bark3,3,3,8,0,1,1,1,1.0,1.0,1127.603,185.4411,903.017,0,1,0,2.654752E-05;
custom,cuboid,bark3,3,3,8,0,1,1,1,1.0,1.0,1090.511,141.6485,898.5462,0,0.9999998,0,0.0007247487;
custom,cuboid,bark3,3,3,8,0,1,1,1,1.0,1.0,1082.685,171.2572,898.2484,0,0.9999998,0,0.0007247487;
custom,cuboid,bark3,3,3,8,0,1,1,1,1.0,1.0,1082.328,200.1065,900.9934,0,0.9999831,0,-0.005820285;
custom,cuboid,bark3,3,3,8,0,1,1,1,1.0,1.0,1109.731,227.5061,901.4559,0,0.9999831,0,-0.005820285;
custom,cuboid,bark3,3,3,8,0,1,1,1,1.0,1.0,1126.957,253.145,904.4747,0,0.9999989,0,-0.0014569;
custom,cuboid,bark3,3,3,8,0,1,1,1,1.0,1.0,1154.473,268.0905,902.4476,0,0.9999998,0,0.0007248679;
custom,cuboid,bark3,3,3,8,0,1,1,1,1.0,1.0,1182.1,267.6904,901.6949,0,0.9999998,0,0.0007248679;
custom,cuboid,bark3,3,3,8,0,1,1,1,1.0,1.0,1209.394,267.0904,903.5188,0,0.9995381,0,0.0303908;
custom,cuboid,bark3,3,3,8,0,1,1,1,1.0,1.0,1232.916,267.8904,903.5535,0,0.9999998,0,0.0007248679;
custom,cuboid,bark3,3,3,8,0,1,1,1,1.0,1.0,1257.253,239.2467,905.2074,0,0.9999962,0,-0.002763445;
custom,cuboid,bark3,3,3,8,0,1,1,1,1.0,1.0,1279.998,211.3519,906.2678,0,0.9999804,0,-0.006254066;
custom,cuboid,bark3,3,9,8,0,1,1,1,1.0,1.0,1281.61,154.7857,906.7589,0,0.9999899,0,-0.004509431;
custom,cuboid,bark3,3,9,8,0,1,1,1,1.0,1.0,1336.736,114.4992,910.0497,0,0.9997554,0,0.02211574;
custom,cuboid,bark3,3,3,8,0,1,1,1,1.0,1.0,1304.147,199.9181,907.6826,0,0.9995688,0,-0.02936609;
custom,cuboid,bark3,3,3,8,0,1,1,1,1.0,1.0,1335.129,200.3181,907.7005,0,0.9998983,0,0.01426243;
custom,cuboid,bark3,3,3,8,0,1,1,1,1.0,1.0,1361.33,200.9582,910.0167,0,0.9999928,0,0.003790929;
custom,cuboid,bark3,3,3,8,0,1,1,1,1.0,1.0,1386.369,201.0952,910.6077,0,0.9994282,0,-0.0338144;
custom,cuboid,bark3,6,1.5,8,0,1,1,1,1.0,1.0,1353.057,151.8573,909.4665,0,0.9999362,0,0.01129783;
custom,cuboid,bark3,3,9,8,0,1,1,1,1.0,1.0,1413.524,141.6162,911.6683,0,0.9997109,0,-0.02404468;
custom,cuboid,bark3,6,1.5,8,0,1,1,1,1.0,1.0,1398.07,116.7863,913.4685,0,0.9996185,0,-0.02762209;
custom,cuboid,bark3,6,1.5,8,0,1,1,1,1.0,1.0,1398.037,104.4773,913.3441,0,0.9996939,0,-0.02474057;
racing,killCuboid,10,70,2,1538.466,213.8346,898.3902,0,0.6981716,0,0.7159305;
racing,killCuboid,10,3,9,1451.987,229.0809,915.2057,0,0.6929365,0,0.7209986;
racing,killCuboid,10,3,9,1471.221,113.8422,930.4843,0,0.6984116,0,0.7156964;
racing,killCuboid,10,3,9,1491.706,164.7403,916.8774,0,0.6987483,0,0.7153676;
racing,killCuboid,10,3,9,1489.396,275.5981,917.4706,0,0.6932139,0,0.720732;
racing,killCuboid,10,3,9,1458.089,323.2469,915.4811,0,0.7236089,0,0.6902103;
racing,killCuboid,10,3,9,1488.991,365.6107,899.6648,0,0.6888378,0,0.7249155;
racing,killCuboid,10,3,9,1463.26,413.9323,902.8632,0,0.6890991,0,0.7246671;
racing,killCuboid,10,3,9,1486.246,458.4962,927.5917,0,0.6813259,0,0.7319802;
racing,killCuboid,10,3,9,1462.024,506.1853,898.9526,0,0.6902313,0,0.7235888;
racing,killCuboid,10,3,9,1486.004,551.8704,906.9481,0,0.6925717,0,0.7213491;
racing,killCuboid,10,3,9,1462.343,599.346,900.9193,0,0.6915855,0,0.7222946;
racing,killCuboid,10,3,13,1571.004,603.3054,920.7508,0,0.6931359,0,0.720807;
racing,killCuboid,10,3,13,1612.182,548.5732,918.2424,0,0.6995403,0,0.7145931;
racing,killCuboid,5,1,5,1703.531,544.6856,915.4475,0.01230513,0.6946121,-0.02819113,0.7187266;
racing,killCuboid,5,70,5,1649.797,187.1019,924.4514,0,0.6704579,0,0.7419476;
racing,killCuboid,5,1,5,1686.388,545.64,958.9122,0.01800352,0.6979668,-0.01952807,0.7156374;
racing,killCuboid,6,1,6,1699.189,68.85912,926.3732,0,0.6967708,0,-0.7172939;
racing,killCuboid,9,40,1,1413.155,386.4125,918.7071,0,0.6845822,0,0.7289357;
racing,killCuboid,9,40,1,1383.9,616.4476,916.8576,0,0.6781636,0,0.7349109;
racing,killCuboid,9,40,1,1532.883,359.5917,919.4939,0,0.6875314,0,0.7261546;
custom,cuboid,bark,11,5,4,0,1,1,1,1.0,1.0,1782.901,47.11559,954.6552,0,0.7047305,0,-0.7094751;
racing,checkpointCuboid,4,5,1,1782.512,93.69425,959.1646,0,0.998942,0,0.0459885;
racing,killCuboid,8,60,1,1732.114,401.1789,931.4534,0,0.723832,0,-0.6899763;
racing,killCuboid,8,1,16,1694.204,604.6329,927.4274,0,0.6897074,0,0.7240882;
racing,killCuboid,5,5,20,1784.71,47.20503,1108.298,0,0.0009759292,0,0.9999995;
racing,killCuboid,5,5,20,1828.457,96.44478,1108.26,0,0.0009759292,0,0.9999995;
racing,killCuboid,5,5,20,1826.741,93.15806,1000.943,0,-0.001206203,0,-0.9999993;
racing,killCuboid,5,5,20,1703.851,93.59664,878.276,0,0.7002552,0,-0.7138926;
racing,killCuboid,5,5,20,1740.164,94.49514,1055.162,0,-0.006443107,0,-0.9999793;
racing,killCuboid,5,5,20,1710.08,96.67277,1229.318,0,0.7019106,0,-0.7122651;
racing,killCuboid,10,1,20,1765.486,108.5949,856.8522,0,0.9997457,0,-0.02255026;
racing,killCuboid,10,1,20,1776.32,120.4873,1042.533,0,0.01241023,0,-0.999923;
racing,killCuboid,10,1,20,1732.666,119.9132,1183.187,0,0.6957753,0,-0.7182596;
custom,sphere,bark,1,1,1,0,1,1,1,1.0,1.0,1760.295,91.56676,1148.477,0,0.8786594,0,-0.4774491;
racing,killCuboid,1,40,40,1539.843,85.73914,1204.872,0,0.7038823,0,-0.7103166;
racing,killCuboid,10,1,40,1561.892,47.37029,1175.906,-0.03496858,0.707576,-0.03510143,-0.7048981;
racing,killCuboid,10,1,40,1561.175,110.5698,1175.904,-0.03521463,0.7075637,-0.0353484,-0.7048858;
racing,killCuboid,1,40,40,1546.151,99.42184,1147.211,0,0.7100855,0,-0.7041155;
racing,killCylinder,1,40,1,1589.048,87.64639,1163.602,0,0.7327542,0,-0.6804935;
racing,killCuboid,1,40,1,1578.089,86.14448,1194.515,0,0.7101035,0,-0.7040974;
racing,killCuboid,1,40,1,1420.5,69.43327,1176.573,0,0.7177421,0,-0.6963091;
racing,killCuboid,5,1,5,1690.497,477.3962,958.2666,0,0.6973399,0,0.7167406;
racing,killCuboid,5,1,5,1697.04,475.9086,903.1235,0,0.6926654,0,0.7212591;
racing,killCuboid,5,1,5,1722.799,477.7477,936.5737,0,0.6926654,0,0.7212591;
racing,killCuboid,5,1,5,1667.321,476.9881,930.6772,0,0.6926654,0,0.7212591;
custom,tube,lava1,1,1,1,0,1,1,1,1.0,1.0,1695.532,476.2729,930.648,0,0.6884829,0,0.7252526;
racing,killCuboid,7,0.8,7,1712.378,437.6713,929.574,-0.2103978,0.6579412,0.1991454,0.6951169;
racing,killCuboid,7,0.8,7,1686.63,396.0254,926.6043,-0.2111251,0.6577323,0.1998336,0.6948963;
racing,killCuboid,3,0.8,3,1671.847,420.0931,911.452,0,0.7302539,0,-0.6831758;
racing,killCuboid,3,0.8,3,1669.606,420.1743,946.3044,0,0.7302539,0,-0.6831758;
racing,killCuboid,3,0.8,3,1660.91,420.7626,928.0888,0,0.7287284,0,-0.6848029;
racing,killCuboid,7,0.8,7,1714.484,390.473,937.743,-0.2052968,0.6664358,0.1986732,0.6886548;
custom,cylinder,default,1,11,1,0,1,1,1,1.0,1.0,1367.283,90.85751,1172.98,-0.49915,0.4991505,-0.5008484,0.5008484;
racing,killCuboid,30,30,1,1330.085,139.3561,1144.7,0,-0.007328483,0,0.9999732;
racing,killCuboid,30,30,1,1327.383,153.4491,1203.759,0,0.9999862,0,0.00526425;
racing,killCuboid,50,80,1,1635.672,349.8813,901.2471,0,0.02459078,0,-0.9996976;
racing,killCuboid,40,80,1,1560.053,326.6465,948.9962,4.720101E-05,0.9997744,0.002793066,0.02105481;
racing,killCuboid,16,1,16,1310.254,24.80276,1160.182,0,0.9998365,0,-0.01808442;
racing,killCuboid,1,20,16,1295.36,61.94033,1180.643,0,0.9999635,0,0.008547034;
racing,killCuboid,16,50,1,1412.53,171.0686,1184.488,0.4774804,0.5206251,0.4687732,-0.5302958;
racing,killCuboid,1,20,16,1731.331,194.6064,1188.678,0,0.9999923,0,-0.003931834;
racing,killCuboid,16,1,16,1686.798,277.2305,1180.685,0,0.999979,0,0.006487519;
racing,killCuboid,60,1,16,1348.493,258.2428,1161.236,-0.04008915,0.9989987,0.0001733087,-0.01986073;
racing,killCuboid,1,60,60,1171.421,182.3866,1198.753,0,0.7023753,0,0.7118068;
racing,killCuboid,1,60,60,1175.316,220.4322,1136.234,0,0.7023418,0,0.7118399;
racing,killCuboid,1,20,16,1058.789,-59.1447,1170.623,0,0.9999818,0,0.006028987;
racing,killCuboid,1,20,16,1168.917,48.71445,1195.14,0,0.9999981,0,-0.001947565;
racing,killCuboid,16,1,16,1090.245,152.5537,1184.548,0.05198253,0.9985524,0.000718274,0.0137976;
racing,killCuboid,30,1,16,1030.64,-52.20339,1181.399,0,0.9999645,0,-0.008420411;
custom,cuboid,crystal2,5,2,1,0,1,1,1,1.0,1.0,1175.79,144.4289,1170.099,0,0.7111195,0,-0.7030712;
racing,checkpointCuboid,10,10,1,1175.867,199.1553,1167.402,0,0.7052146,0,0.708994;
custom,cylinder,crystal2,1,10,1,0,1,1,1,1.0,1.0,890.4392,178.4038,1231.207,0,0.7181199,0,-0.6959195;
racing,killCuboid,20,1,20,941.9924,164.7025,1171.907,0.03185025,0.6894853,-0.03182668,0.7228988;
racing,killCuboid,20,1,20,1001.616,233.8734,1173.741,-0.01659822,0.6932458,0.01597406,0.720333;
racing,killCuboid,20,1,20,787.0003,212.0125,1127.962,-0.01002657,0.7090068,0.7050582,0.01008273;
racing,killCuboid,20,1,20,756.494,172.4834,1155.319,0,0.9999022,0,0.01398406;
racing,killCuboid,20,1,20,758.3436,239.9258,1130.237,0.4813847,0.5182838,0.5125265,-0.4867928;
racing,killCuboid,20,1,20,883.5211,236.2489,1289.129,-0.5216211,0.4774324,0.4733861,0.5252384;
racing,killCuboid,20,1,20,779.2613,160.4988,1318.394,0.0001224739,0.9982377,0.05930625,-0.00206147;
racing,killCuboid,20,1,20,812.3101,225.9945,1140.924,0,0.9995351,0,0.03048992;
racing,killCuboid,20,1,20,803.2892,218.8221,1336.388,-0.001029381,0.99757,0.06800751,0.0150995;
racing,killCuboid,20,1,20,749.3868,180.6704,1306.178,0.4953459,0.5049018,0.499402,-0.5003043;
racing,killCuboid,30,1,30,812.6234,148.2213,1490.499,0,0.9999667,0,-0.008155419;
racing,killCuboid,30,1,30,861.83,247.35,1518.777,-0.5240592,0.4746978,0.4761818,0.5227569;
racing,killCuboid,30,1,30,803.5721,206.0051,1525.326,0,0.9998075,0,0.01961971;
racing,killCuboid,30,1,30,710.2864,157.0577,1523.433,0.7098162,0.03203266,0.03234745,-0.7029144;
racing,killCuboid,30,1,30,608.8181,167.4113,1423.643,-0.008927627,0.7055682,0.7085301,0.008890308;
racing,killCuboid,30,1,30,760.4495,170.6919,1279.578,0.4876867,0.5113196,0.5221426,-0.4775785;
custom,cylinder,crystal2,0.1,10,0.1,0,1,1,1,1.0,1.0,745.001,164.1384,1397.521,0,0.7150031,0,-0.6991212;
racing,killCuboid,15,1,30,547.1392,106.7491,1485.209,-0.2493395,0.641344,0.2326694,0.6872937;
racing,killCuboid,15,1,30,555.7286,55.53226,1478.665,-0.2470336,0.6506155,0.2365414,0.6780282;
racing,killCuboid,15,1,20,364.2862,-44.49527,1468.949,-0.2467267,0.6480544,0.2292109,0.6830914;
racing,killCuboid,15,1,20,372.7282,-104.7702,1469.761,-0.2635298,0.6403928,0.2535021,0.6754153;
racing,killCuboid,15,1,30,172.9849,-107.0871,1447.93,0.1706444,0.666148,-0.1700331,0.7058443;
racing,killCuboid,15,1,40,122.773,-11.53328,1450.361,0.185768,0.6598822,-0.1733628,0.7071006;
custom,sphere,crystal2,1,1,1,0,1,1,1,1.0,1.0,290.9479,-107.8728,1455.113,0,0.7393336,0,-0.6733394;
racing,killCuboid,90,90,1,286.3206,87.40453,1529.882,0,0.9991712,0,0.04070501;
racing,killCuboid,90,90,1,309.1865,219.8347,1386.061,0,0.02609159,0,-0.9996596;
racing,killCuboid,30,10,30,-95.96727,-93.15882,1356.522,0,0.9997681,0,0.02153844;
racing,killCuboid,40,1,40,871.8525,678.3943,1116.488,0,0.6994094,0,-0.7147213;
racing,killCuboid,40,1,40,875.0645,677.4922,625.3687,0,0.7411615,0,-0.6713269;
racing,killCuboid,40,1,40,1189.647,677.9262,794.2469,0,0.9999394,0,0.01101324;
racing,killCuboid,1,40,40,907.8423,787.7921,954.3912,0,0.7050348,0,-0.7091728;
racing,killCuboid,1,40,40,990.2505,792.8777,825.3509,0,0.7562668,0,-0.6542633;
racing,killCuboid,1,40,40,1020.182,800.9364,894.2259,0,0.03948702,0,-0.9992201;
racing,killCuboid,1,20,30,1002.65,88.95992,723.1137,0,0.9999814,0,-0.006096488;
racing,killCuboid,1,20,30,1149.457,74.89569,860.3173,0,0.7285848,0,0.6849557;
racing,killCuboid,1,20,30,850.7374,92.86872,747.5464,0,0.7065878,0,-0.7076254;
racing,killCuboid,1,20,30,803.3115,71.91546,904.158,0,-0.002714403,0,-0.9999963;
racing,killCuboid,8,1,8,1030.614,111.2733,901.9343,0,0.009423427,0,0.9999556;
racing,killCuboid,8,1,8,1004.567,110.9524,956.3438,0,0.9082331,0,0.4184646;
racing,killCuboid,8,1,20,901.0806,103.2546,781.3582,0,0.7010986,0,-0.7130644;
racing,killCuboid,8,1,20,978.9499,111.5344,762.8597,0,0.9464557,0,-0.3228337;
racing,killCuboid,8,1,20,810.9319,103.8098,862.9845,0,0.2993304,0,-0.9541495;
racing,killCuboid,8,1,20,840.3906,103.6655,940.4643,0,0.0711842,0,0.9974632;
racing,killCuboid,8,1,20,905.6824,104.294,989.5411,0,0.4357337,0,0.9000756;
racing,killCuboid,8,1,20,971.1428,104.2487,980.5791,0,0.6893909,0,0.7243896;
custom,cylinder,bark,0.5,5,0.5,0,1,1,1,1.0,1.0,1657.01,196.0143,1175.438,0.7096458,-0.0006148286,-0.01399356,-0.7044194;
custom,cuboid,bark,5,10,1,0,1,1,1,1.0,1.0,39.22424,0.290225,1475.009,0,0.7291273,0,-0.6843782;
racing,killCuboid,5,10,1,39.26284,-0.3395064,1474.315,0,0.7323442,0,-0.6809348;
racing,killCuboid,5,10,1,38.85239,-15.32838,1490.946,0,0.7277102,0,-0.6858847;
racing,killCuboid,5,10,1,38.55589,-14.61211,1475.109,0,0.6778679,0,0.7351837;
custom,cuboid,bark,5,10,1,0,1,1,1,1.0,1.0,42.44069,-12.52014,1397.126,0,0.7232376,0,-0.6905993;
racing,killCuboid,5,10,1,42.50358,-10.92014,1397.49,0,0.7232376,0,-0.6905993;
racing,killCuboid,5,10,1,42.29809,-12.45051,1397.071,0,0.6907804,0,0.7230646;
custom,cuboid,bark,40,1,40,0,1,1,1,1.0,1.0,-50.72842,-52.1739,1890.572,0,0.6983276,0,0.7157783;
racing,killCuboid,40,1,40,-280.2922,-52.35107,1485.885,0,0.9994162,0,0.03416381;
racing,killCuboid,1,20,25,-236.8898,8.573139,1569.582,0,0.9999827,0,0.005885524;
racing,killCuboid,1,20,20,-160.825,2.465476,1595.094,0,0.02547671,0,-0.9996755;
racing,killCuboid,1,20,25,-192.1767,31.9426,1362.198,0,0.7078895,0,-0.7063232;
racing,killCuboid,25,1,25,-14.47166,85.23726,1460.523,0,0.0255792,0,-0.9996728;
racing,killCuboid,25,1,40,-201.5339,83.76641,1483.469,0,0.9995484,0,0.03005215;
racing,killCuboid,40,1,40,-50.92952,-52.06456,1890.765,0,0.714065,0,-0.7000795;
custom,cuboid,bark,20,20,2,0,1,1,1,1.0,1.0,-197.2103,-116.348,1607.005,0,-0.004405047,0,0.9999903;
racing,checkpointCuboid,10,10,1,-195.2705,23.42469,1602.745,0,-0.001438021,0,0.999999;
custom,arc90,bark,10,30,10,0,1,1,1,1.0,1.0,-197.0105,-2.600617,1737.487,0,0.7081675,0,0.7060446;
racing,killArc90,10,30,10,-196.7714,-2.560613,1737.083,0,0.7096449,0,0.7045596;
custom,arc90,bark,10,30,10,0,1,1,1,1.0,1.0,-117.869,3.206874,1729.143,0,0.7108946,0,-0.7032986;
racing,killArc90,10,30,10,-118.0594,6.134069,1729.596,0,0.7096669,0,-0.7045374;
custom,arc180,bark,10,30,10,0,1,1,1,1.0,1.0,-79.11166,11.05961,1838.889,0,0.6338379,0,0.773466;
racing,killArc180,10,30,10,-78.15309,12.50101,1837.56,0,-0.6410041,0,-0.7675375;
racing,killArc180,10,30,10,14.06072,18.60175,1728.213,0,0.7183312,0,-0.6957014;
racing,killCuboid,10,30,10,143.2067,-57.49503,1828.896,0,-0.01575916,0,0.9998758;
racing,killArc90,10,30,10,49.74398,9.901404,1921.001,0,-0.9999611,0,-0.008815336;
racing,killCuboid,10,30,10,-42.52531,-53.38411,2001.737,0,0.7105933,0,-0.703603;
racing,killArc90,10,30,10,-133.6603,10.37372,1922.849,0,-0.7598016,0,-0.650155;
racing,killArc180,10.5,30,10.5,-76.42227,13.56091,1838.3,0,-0.662362,0,-0.749184;
racing,killCuboid,1,30,40,-246.6665,72.11046,1705.314,0,0.01348899,0,-0.999909;
racing,killArc90,10,30,10,-198.5965,-0.942494,1738.848,0,-0.7098615,0,-0.7043414;
racing,killCuboid,1,30,30,-185.6382,91.24313,2029.732,0,0.004952085,0,-0.9999878;
racing,killCuboid,1,30,30,-332.8047,74.40552,1947.632,0,0.7197896,0,-0.6941923;
racing,killCuboid,1,30,20,-349.6664,51.96434,1895.743,0,0.7167857,0,-0.6972936;
racing,killCuboid,40,1,40,-60.94441,95.00943,1876.266,0,0.7058625,0,0.7083489;
racing,killCuboid,5,20,1,-131.8932,-9.53953,1777.359,0,-0.002717673,0,0.9999963;
racing,killCuboid,5,20,1,-50.13634,19.5321,1771.415,0,0.9998043,0,0.0197849;
racing,killCuboid,5,20,1,17.98483,-12.09961,1789.619,0,0.6992388,0,0.7148882;
racing,killCuboid,10,1,20,-347.7396,-51.99898,1926.657,0,0.7150409,0,-0.6990827;
custom,statue1,default,1,1,1,0,1,1,1,1.0,1,-656.119,1.803196,604.0397,0,-0.7093073,0,-0.7048995;
custom,statue1,default,1,1,1,0,1,1,1,1.0,1,-656.1793,1.003195,653.4922,0,-0.7129885,0,-0.7011758;
map,disablebounds;
custom,cuboid,default,5,1,70,0,1,1,1,1.0,1.0,-470.0743,-52.71618,1624.908,0,0.9999908,0,-0.004293115;
racing,killCuboid,5,1,70,-470.1887,-52.55655,1625.444,0,0.9999908,0,-0.004293115;
racing,killCuboid,5,1,70,-470.5181,-52.03653,1624.37,0,0.9999908,0,-0.004293115;
racing,killCuboid,5,1,70,-470.0343,-52.31651,1624.669,0,0.9999908,0,-0.004293115;
racing,killCuboid,1,10,70,-486.9399,-4.702419,1618.392,0,0.9999999,0,0.0003511505;
racing,killCuboid,1,10,70,-447.7889,2.617174,1544.768,0,0.999991,0,-0.004250419;
racing,killCuboid,5,1,70,-466.2732,36.70536,1623.861,0,0.001640387,0,0.9999986;
racing,killCuboid,5,1,70,-468.0458,37.23024,1623.901,0,0.001513744,0,-0.9999989;
racing,killCuboid,10,1,20,-345.497,68.70596,1926.34,-0.1290102,0.6741961,0.121307,0.7170081;
custom,cylinder,default,1,10,1,0,1,1,1,1.0,1.0,-444.3223,0.3013321,1880.514,0,0.997231,0,0.07436647;
racing,killCuboid,10,10,1,-414.1182,-9.760428,1828.064,0,0.9999645,0,-0.008421127;
racing,killCuboid,10,10,1,-512.4581,-9.760428,1748.63,0,0.9999645,0,-0.008421127;
racing,killCuboid,10,10,1,-447.6657,-76.84341,1654.193,0,0.9999918,0,-0.004057798;
racing,killCuboid,10,10,1,-418.1871,-11.40356,1653.913,0,0.9999918,0,-0.004057798;
racing,killCuboid,1,10,70,-801.5099,-15.81425,1200.708,0,0.7035975,0,0.7105988;
racing,killCuboid,1,10,70,-827.4172,-10.01635,1267.67,0,0.7021726,0,0.7120068;
racing,killCuboid,1,11,70,-771.5988,-53.25925,1238.563,-0.5006185,0.4992214,-0.5007774,0.4993807;
custom,cylinder,default,0.5,10,0.5,0,1,1,1,1.0,1.0,-451.294,-9.517745,1197.362,0,0.9998738,0,0.01589108;
racing,killArc180,6,6,6,-653.9014,-20.92852,1235.167,0.5170159,0.4883535,-0.4713875,-0.5215355;
racing,killArc180,3.2,3.2,3.2,-649.7739,0.215165,1235.258,0.5111886,0.4942857,-0.4877587,-0.5064182;
racing,killArc180,3.2,3.2,3.2,-649.2653,28.87608,1235.063,-0.5062686,0.4989356,0.4975267,-0.4972148;
custom,sphere,metal2,1,1,1,0,1,1,1,1.0,1.0,-648.9816,14.66767,1236.106,0,0.6920462,0,-0.7218533;
racing,killCuboid,3,10,10,-650.9634,-9.724025,1257.022,0,0.7110685,0,-0.7031227;
racing,killCuboid,3,10,10,-651.1364,-10.88171,1215.757,0,0.7112337,0,-0.7029557;
custom,cuboid,default,3,1,1,0,1,1,1,1.0,1.0,-661.7383,15.4734,1234.239,0,0.9996487,0,0.02650304;
custom,cuboid,default,3,1,1,0,1,1,1,1.0,1.0,-635.6011,15.35339,1235.31,0,0.9996487,0,0.02650304;
custom,cuboid,default,3,1,1,0,1,1,1,1.0,1.0,-661.1652,9.657105,1234.287,-0.1166151,0.9926969,-0.003603075,0.03067151;
custom,cuboid,default,3,1,1,0,1,1,1,1.0,1.0,-636.0234,9.857105,1235.611,0.1649574,0.9857464,0.005456974,0.03260962;
custom,cuboid,default,3,1,1,0,1,1,1,1.0,1.0,-659.4017,5.497109,1233.864,-0.2838607,0.9582953,-0.009390429,0.03170158;
custom,cuboid,default,3,1,1,0,1,1,1,1.0,1.0,-638.514,5.657109,1235.683,0.32209,0.9461315,0.0106551,0.03129918;
custom,cuboid,default,3,1,1,0,1,1,1,1.0,1.0,-650.5112,1.857113,1234,0,0.9994533,0,0.03306295;
custom,cuboid,default,3,1,1,0,1,1,1,1.0,1.0,-657.4883,4.69711,1233.292,-0.514757,0.8566984,-0.01702876,0.02834062;
custom,cuboid,default,3,1,1,0,1,1,1,1.0,1.0,-641.4259,2.69711,1234.86,0.4967026,0.8672908,0.0164315,0.02869103;
custom,cuboid,default,3,1,1,0,1,1,1,1.0,1.0,-651.9419,2.09711,1235.033,-0.6235388,0.781093,-0.02062737,0.02583944;
custom,cuboid,default,3,1,1,0,1,1,1,1.0,1.0,-645.334,3.657111,1235.731,0.6726454,0.739226,0.02225189,0.02445449;
custom,cuboid,stone6,6,0.2,1,0,1,1,1,1.0,1.0,-651.5515,15.57702,1235.894,0,0.9990317,0,0.04399663;
custom,cuboid,stone6,2.5,0.2,1,0,1,1,1,1.0,1.0,-631.7141,11.57438,1236.697,0,0.999841,0,0.01783274;
custom,cuboid,stone6,2.5,0.2,1,0,1,1,1,1.0,1.0,-664.8454,11.54346,1235.171,0,0.9994512,0,0.03312657;
custom,arc180,stone6,0.5,0.5,0.5,0,1,1,1,1.0,1.0,-648.6127,10.13304,1239.668,0.4850541,0.4812145,0.5215871,0.5109814;
custom,pyramid,stone6,5,5,5,0,1,1,1,1.0,1.0,-464.8497,-38.09173,1525.823,0,0.9999999,0,0.0004196922;
racing,killPyramid,5,5,5,-464.8691,-37.77172,1525.972,0,0.9999999,0,0.0004196922;
racing,killCuboid,10,1,70,-795.3636,36.372,1235.668,0,0.7024848,0,-0.7116988;
custom,cuboid,lava1,10,10,10,0,1,1,1,1.0,1.0,-869.46,42.79819,1237.029,0,0.7125484,0,-0.701623;
custom,cuboid,lava1,10,10,10,0,1,1,1,1.0,1.0,-869.2832,-27.48321,1292.846,0,0.7063766,0,-0.7078362;
custom,cuboid,lava1,10,10,10,0,1,1,1,1.0,1.0,-869.2481,-17.08317,1180.544,0,0.7063766,0,-0.7078362;
custom,cuboid,lava1,10,10,10,0,1,1,1,1.0,1.0,-870.6452,-69.95276,1247.186,0,0.7231568,0,-0.690684;
custom,cuboid,lava1,5,5,5,0,1,1,1,1.0,1.0,-999.131,47.07077,1236.285,0,0.7124999,0,-0.7016723;
custom,cuboid,lava1,5,5,5,0,1,1,1,1.0,1.0,-999.5828,15.72779,1267.543,0,0.7109634,0,-0.703229;
custom,cuboid,lava1,5,5,5,0,1,1,1,1.0,1.0,-999.2101,14.48779,1209.131,0,0.7109634,0,-0.703229;
custom,cuboid,lava1,5,5,5,0,1,1,1,1.0,1.0,-998.9944,-10.59219,1235.434,0,0.7109634,0,-0.703229;
racing,killCuboid,10,10,10.2,-870.0051,-11.30993,1292.353,0,0.7053905,0,-0.7088189;
racing,killCuboid,10,10,10.2,-869.1119,-12.788,1180.844,0,0.707328,0,-0.7068856;
racing,killCuboid,10,10,10.2,-870.6414,-69.75698,1235.935,0,0.7113922,0,-0.7027953;
racing,killCuboid,10,10,10.2,-1024.737,19.09171,1183.909,0,0.7113922,0,-0.7027953;
racing,killCuboid,10,10,10.2,-1024.804,-35.58465,1240.12,0,0.7083158,0,-0.7058957;
racing,killCuboid,10,10,10.2,-1024.661,72.05526,1240.108,0,0.7083158,0,-0.7058956;
racing,killCuboid,10,10,10.2,-1025.2,19.65531,1292.145,0,0.7112665,0,-0.7029225;
racing,killCuboid,10,10,10.2,-870.414,42.49845,1234.765,0,0.7124922,0,-0.7016801;
custom,cuboid,crystal2,1,1,0.6,0,1,1,1,1.0,1.0,-1033.12,11.35479,1239.351,0,0.7172869,0,-0.6967779;
custom,cuboid,crystal2,1,1,0.6,0,1,1,1,1.0,1.0,-1059.409,27.24688,1238.521,0,0.7187807,0,-0.6952369;
racing,killTorus,1,1,1,-1042.493,21.56738,1238.868,0.4981647,0.5070758,0.508041,-0.486416;
racing,killCuboid,15,20,1,-1090.09,12.87411,1234.389,0,0.7133327,0,-0.7008256;
custom,cuboid,crystal1,1,1,1,0,1,1,1,1.0,1.0,-1079.479,-53.16111,1239.724,0,0.9999925,0,0.003876871;
racing,endCone,0.1,0.1,0.1,-1079.364,-48.14539,1239.335,0,0.7043755,0,0.7098275;
racing,checkpointCuboid,5,5,1,1072.937,75.52104,900.9608,0,0.6998094,0,0.7143297;
racing,killCuboid,1,80,60,1365.563,471.1772,940.7042,0,0.6957772,0,0.7182577;
racing,killCuboid,1,80,60,1366.903,293.702,890.2723,0,0.6896245,0,0.7241672;