custom,cuboid,metal4,100,1,100,0,1,1,1,1.0,1.0,-1044.336,-11.14926,1584.801,0,0.7346403,0,-0.6784568;
custom,cuboid,metal4,100,1,100,0,1,1,1,1.0,1.0,-52.90582,-11.42918,1663.333,0,0.7346403,0,-0.6784568;
custom,cuboid,metal4,100,1,100,0,1,1,1,1.0,1.0,894.0399,-12.15054,1739.033,0,0.7346403,0,-0.6784568;
custom,cuboid,metal1,5,15,5,0,1,1,1,1.0,1.0,-1439.605,68.28777,1829.733,0,0.6760064,0,0.7368957;
spawnpoint,playerM,-1440.329,145.719,1829.556,0,0.6801037,0,0.7331159;
custom,sphere,metal1,5,1,5,0,1,1,1,1.0,1.0,-1234.343,133.1437,1845.481,0,0.6639374,0,0.7477882;
custom,sphere,metal1,5,1,5,0,1,1,1,1.0,1.0,-1019.431,183.3042,1664.817,0,0.6752788,0,0.7375625;
custom,sphere,metal1,5,1,5,0,1,1,1,1.0,1.0,-1049.598,282.4019,1914.66,0,0.02447543,0,-0.9997004;
custom,sphere,metal1,5,1,5,0,1,1,1,1.0,1.0,-790.8812,282.3412,1932.872,0,0.6784251,0,0.7346696;
custom,sphere,metal1,1,0.5,1,0,1,1,1,1.0,1.0,-1237.244,195.5474,1844.764,0,0.6638286,0,0.7478848;
custom,cuboid,metal1,5,35,5,0,1,1,1,1.0,1.0,-772.4285,168.4204,1631.751,0,0.7329749,0,-0.6802557;
custom,cuboid,metal1,10,2,10,0,1,1,1,1.0,1.0,-745.6938,333.4364,1608.13,0,0.999357,0,0.03585627;
racing,checkpointCuboid,9,1,9,-746.9337,347.3055,1608.075,0,0.6839563,0,0.729523;
racing,killCuboid,5.5,1,15.5,-1339.007,138.0823,1835.927,0,0.6780478,0,0.7350178;
racing,killCuboid,5.5,1,5.5,-1240.825,137.9383,1842.985,0,0.9989418,0,0.04599307;
racing,killCuboid,5.5,1,5.5,-1223.798,185.4817,1645.361,0,0.6763334,0,0.7365957;
racing,killCuboid,5.5,1,5.5,-1023.994,186.0841,1661.823,0,0.6827353,0,0.7306658;
racing,killCuboid,5.5,1,5.5,-1046.346,286.0057,1910.339,0,0.6859167,0,0.72768;
racing,killCuboid,5.5,1,5.5,-794.987,285.7259,1929.834,0,0.6705256,0,0.7418865;
racing,killCuboid,5.5,1,15.5,-1232.057,220.676,1744.695,-0.006826021,0.9863397,0.1590455,0.04233236;
racing,killCuboid,5.5,1,15.5,-1231.916,160.3572,1743.302,-0.006826021,0.9863397,0.1590455,0.04233236;
racing,killCuboid,5.5,1,15.5,-1125.76,185.9722,1653.178,0,0.6760141,0,0.7368888;
racing,killCuboid,5.5,1,22.5,-1034.707,295.5894,1786.788,0.2386243,0.04425108,0.01088546,-0.9700422;
racing,killCuboid,5.5,1,22.5,-1034.707,235.1066,1786.788,0.2386243,0.04425108,0.01088546,-0.9700422;
racing,killCuboid,5.5,1,20.5,-919.0939,285.6519,1919.878,0,0.7338095,0,-0.6793553;
racing,killCuboid,5.5,1,25.5,-781.5175,370.9431,1779.523,-0.004435109,0.9934084,0.1068664,0.04122796;
racing,killCuboid,5.5,1,25.5,-781.5175,312.2573,1779.523,-0.004435109,0.9934084,0.1068664,0.04122796;
custom,sphere,metal1,5,1,5,0,1,1,1,1.0,1.0,-1220.634,183.001,1647.773,0,0.6639373,0,0.7477883;
custom,sphere,metal1,1,0.5,1,0,1,1,1,1.0,1.0,-1222.008,242.7826,1646.823,0,0.6799851,0,0.7332259;
custom,sphere,metal1,1,0.5,1,0,1,1,1,1.0,1.0,-1021.609,243.9671,1663.6,0,0.6687033,0,0.7435294;
custom,sphere,metal1,1,0.5,1,0,1,1,1,1.0,1.0,-1048.877,341.6646,1913.089,0,0.01368018,0,-0.9999064;
custom,sphere,metal1,1,0.5,1,0,1,1,1,1.0,1.0,-792.9658,343.4043,1932.541,0,0.6703041,0,0.7420866;
custom,cylinder,metal1,1,5,1,0,1,1,1,1.0,1.0,-746.381,351.708,1653.543,0,0.03784268,0,-0.9992837;
racing,killCuboid,5.5,1,5.5,-1241.658,197.6029,1841.819,0,0.6848259,0,0.7287067;
racing,killCuboid,5.5,1,5.5,-1224.002,244.2236,1645.589,0,0.6784401,0,0.7346558;
racing,killCuboid,5.5,1,5.5,-1026.422,244.9932,1662.512,0,0.727659,0,-0.6859391;
racing,killCuboid,5.5,1,5.5,-1043.823,344.3249,1910.046,0,0.7275171,0,-0.6860896;
racing,killCuboid,5.5,1,5.5,-795.2555,344.5959,1928.274,0,0.7350237,0,-0.6780415;
racing,killCuboid,5.5,1,5.5,-766.977,396.4257,1629.978,0,0.7357997,0,-0.6771992;
racing,killCuboid,5.5,5.5,0.5,-724.151,367.8967,1661.905,0,0.9994082,0,0.03439756;
racing,killCuboid,0.5,5,15.5,-1341.758,167.6557,1863.882,0,0.6786343,0,0.7344764;
racing,killCuboid,0.5,5,15.5,-1340.716,167.8129,1811.062,0,0.6760663,0,0.7368408;
racing,killCuboid,0.5,5,15,-1128.383,215.3147,1682.247,0,0.6696668,0,0.7426617;
racing,killCuboid,0.5,5,15.5,-1124.072,214.5014,1627.466,0,0.6754607,0,0.7373961;
racing,killCuboid,0.5,5.5,20.5,-926.7023,317.8871,1945.783,0,0.6821742,0,0.7311897;
racing,killCuboid,0.5,5.5,20,-917.7566,317.767,1892.377,0,0.6805774,0,0.7326763;
racing,killCuboid,5,5.5,0.5,-1214.266,169.6107,1847.407,0,0.7367834,0,-0.6761289;
racing,killCuboid,5,5.5,0.5,-1243.868,168.8429,1871.837,0,0.9989295,0,0.04625835;
racing,killCuboid,5,5.5,0.5,-1251.65,214.2631,1643.018,0,0.6744259,0,0.7383426;
racing,killCuboid,5,5.5,0.5,-1224.224,214.2164,1618.441,0,0.04678172,0,-0.9989051;
racing,killCuboid,5,5.5,0.5,-1023.384,213.322,1634.94,0,0.03223819,0,-0.9994802;
racing,killCuboid,5,5.5,0.5,-998.6993,213.7159,1664.044,0,0.7391627,0,-0.6735269;
racing,killCuboid,5,5.5,0.5,-1071.556,315.2356,1908.541,0,0.6830732,0,0.7303499;
racing,killCuboid,5,5.5,0.5,-1047.652,315.4271,1937.157,0,0.9995055,0,0.03144552;
racing,killCuboid,5.5,5.5,0.5,-797.2633,317.8513,1955.257,0,0.999346,0,0.03615981;
racing,killCuboid,5.5,5.5,0.5,-768.1456,316.0361,1929.848,0,0.7316161,0,-0.681717;
racing,killCuboid,15.5,10,0.5,-1207.486,191.0644,1749.258,0,0.6758943,0,0.7369986;
racing,killCuboid,15.5,10,0.5,-1257.553,192.3874,1741.377,0,0.6758943,0,0.7369986;
racing,killCuboid,20.5,20,0.5,-1009.666,249.5001,1785.048,0,0.6745964,0,0.7381868;
racing,killCuboid,20.5,20,0.5,-1063.006,249.0602,1785.079,0,0.6745964,0,0.7381868;
racing,killCuboid,25.5,15,0.5,-805.6919,351.9067,1775.116,0,0.7362779,0,-0.6766793;
racing,killCuboid,25.5,15,0.5,-756.0928,359.6264,1786.097,0,0.736278,0,-0.6766793;
racing,killCuboid,5.5,0.5,15.5,-1341.333,194.8014,1837.349,0,0.6713047,0,0.7411815;
custom,cylinder,metal1,1,5,1,0,1,1,1,1.0,1.0,-793.1656,351.5345,1649.201,0,0.9996327,0,0.02710245;
racing,killCuboid,5.5,0.5,15.5,-1121.747,242.1152,1653.935,0,0.6744218,0,0.7383463;
racing,killCuboid,5.5,0.5,20.5,-920.3636,347.4547,1918.771,0,0.6799443,0,0.7332639;
custom,cuboid,metal1,5,1,1,0,1,1,1,1.0,1.0,-768.3998,396.2828,1652.504,0,0.04243426,0,-0.9990993;
custom,cuboid,metal1,5,1,0.6,0,1,1,1,1.0,1.0,-1441.251,148.2864,1852.045,0,0.04523193,0,-0.9989765;
custom,cuboid,metal1,5,1,0.6,0,1,1,1,1.0,1.0,-1437.579,148.0104,1807.901,0,0.04252509,0,-0.9990954;
custom,cuboid,metal1,5,1,0.6,0,1,1,1,1.0,1.0,-1461.313,148.2226,1828.055,0,-0.6758838,0,-0.7370083;
custom,cuboid,metal1,0.6,5,0.6,0,1,1,1,1.0,1.0,-1463.216,167.3045,1850.187,0,0.6760744,0,0.7368333;
custom,cuboid,metal1,0.6,5,0.6,0,1,1,1,1.0,1.0,-1459.369,168.1444,1805.864,0,0.6728531,0,0.7397762;
custom,cuboid,metal1,0.6,5,0.6,0,1,1,1,1.0,1.0,-1415.595,168.3121,1809.576,0,0.7457286,0,-0.6662499;
custom,cuboid,metal1,0.6,5,0.6,0,1,1,1,1.0,1.0,-1419.552,167.9921,1854.094,0,0.7457286,0,-0.6662499;
custom,cuboid,metal1,0.6,0.5,5,0,1,1,1,1.0,1.0,-1440.835,190.2911,1851.984,0,0.677717,0,0.7353229;
custom,cuboid,metal1,0.6,0.5,5,0,1,1,1,1.0,1.0,-1437.056,190.572,1807.757,0,0.6772034,0,0.735796;
custom,cuboid,metal1,0.6,0.5,5,0,1,1,1,1.0,1.0,-1461.466,190.2341,1828.703,0,0.04878236,0,-0.9988095;
misc,barrier,5,5,0.3,-1438.517,166.1499,1807.371,0,0.04269819,0,-0.999088;
misc,barrier,5,5,0.3,-1462.529,166.1501,1828.953,0,0.6710369,0,0.741424;
misc,barrier,5,5,0.3,-1441.827,164.9276,1850.826,0,0.9993253,0,0.03672723;
misc,barrier,5,0.3,5,-1439.653,190.5744,1829.306,0,0.04993689,0,-0.9987524;
racing,startCuboid,0.5,5,5,-1416.834,164.6055,1833.118,0,0.03689475,0,-0.9993192;
racing,startCuboid,0.5,5,5,-768.7237,368.4263,1649.93,0,0.6688461,0,0.7434009;
custom,cuboid,metal1,10,5,1,0,1,1,1,1.0,1.0,-700.7948,318.4893,1610.84,0,0.6799669,0,0.7332428;
racing,killCuboid,10,5,1,-700.2955,317.74,1611.035,0,0.6802579,0,0.7329729;
racing,killCuboid,10,20,0.5,-597.0516,239.955,1620.085,0,0.6707526,0,0.7416812;
racing,killCuboid,30,50,0.5,-352.4258,223.9647,1591.35,0,0.03904549,0,-0.9992374;
racing,killCuboid,10,20,0.5,-546.7706,399.8704,1624.123,0,0.6744019,0,0.7383645;
racing,killCuboid,10,30,0.5,-353.0676,190.7344,1637.026,0,0.6918551,0,0.7220364;
racing,killCuboid,10,30,0.5,-429.5957,345.346,1635.729,0,0.6855814,0,0.7279961;
racing,killCuboid,1,5,10,-505.9709,17.81018,1627.721,0,0.03805187,0,-0.9992758;
racing,killCuboid,10,30,0.5,-273.9054,243.8261,1648.296,0,0.6774936,0,0.7355286;
racing,killCuboid,10,15,0.5,-646.511,367.8628,1615.016,0,0.6746349,0,0.7381516;
racing,killCuboid,10,20,0.5,-542.9996,343.4507,1574.909,0,0.03654849,0,-0.9993319;
racing,killCuboid,5,10,0.5,-667.7482,293.9377,1565.794,0,0.02057327,0,-0.9997883;
racing,killCuboid,5,10,0.5,-675.3348,292.5267,1662.474,0,0.05327736,0,-0.9985797;
racing,killCuboid,10,15,0.5,-691.6976,321.0172,1564.149,0,0.02980164,0,-0.9995558;
racing,killCuboid,10,15,0.5,-695.8664,320.6717,1662.309,0,0.02988362,0,-0.9995534;
racing,killCuboid,5.5,15,0.5,-619.8319,318.4948,1568.804,0,0.02282818,0,-0.9997394;
racing,killCuboid,5.5,15,0.5,-626.5065,318.0949,1666.571,0,0.03783097,0,-0.9992842;
racing,killCuboid,10,20,0.5,-549.9968,342.9644,1674.598,0,0.03654849,0,-0.9993319;
racing,killCuboid,10,20,0.5,-646.0571,391.5054,1615.663,0,0.6784131,0,0.7346807;
racing,killCuboid,10,20,0.5,-596.6461,242.2351,1619.973,0,0.6710114,0,0.741447;
racing,killCuboid,10,20,0.5,-547.4195,401.4677,1624.051,0,0.6668931,0,0.7451534;
racing,killCuboid,30,50,0.5,-359.5243,234.6887,1689.693,0,0.9992269,0,0.03931372;
racing,killCuboid,10,30,0.5,-504.3906,187.8607,1626.579,0,0.6793245,0,0.733838;
racing,killCuboid,10,0.5,120,-199.0993,393.6599,1654.431,0,0.6761975,0,0.7367204;
racing,killCuboid,10,30,0.5,-503.1282,188.9802,1625.835,0,0.6803484,0,0.7328889;
racing,killCuboid,10,30,0.5,-429.1292,344.4702,1635.742,0,0.6855814,0,0.7279961;
racing,killCuboid,10,30,0.5,-351.2454,190.8935,1638.038,0,0.6918551,0,0.7220364;
racing,killCuboid,10,30,0.5,-274.2577,243.905,1648.287,0,0.6774936,0,0.7355286;
racing,killCuboid,10,1,200,721.8934,98.66422,1725.745,0,0.6788722,0,0.7342566;
racing,killCuboid,1,40,200,780.7897,-102.191,1782.645,0,0.6779705,0,0.7350892;
racing,killCuboid,1,40,200,793.5339,-103.989,1676.961,0,0.6804028,0,0.7328385;
racing,killCuboid,10,1,200,251.5105,-10.21564,1687.093,0,0.6788722,0,0.7342566;
racing,endCuboid,30,40,10,1192.104,50.88367,1774.493,0,0.6731799,0,0.7394788;
custom,cuboid,metal1,10,1,5,0,1,1,1,1.0,1.0,-230.9017,100.5693,1651.58,0,0.737875,0,-0.6749375;
racing,killCuboid,30,1,10,-654.6064,245.0235,1613.019,0,0.03572872,0,-0.9993616;
racing,killCuboid,1,5,10,-699.5617,268.8056,1609.429,0,0.03224009,0,-0.9994802;
custom,sphere,metal1,1,1,1,0,1,1,1,1.0,1.0,-644.772,266.5386,1562.796,0,0.02939436,0,-0.9995679;
custom,sphere,metal1,1,1,1,0,1,1,1,1.0,1.0,-651.1168,267.4779,1668.868,0,0.06866927,0,-0.9976395;
custom,sphere,metal1,1,1,1,0,1,1,1,1.0,1.0,-542.2034,280.9087,1571.353,0,0.04068554,0,-0.999172;
custom,sphere,metal1,1,1,1,0,1,1,1,1.0,1.0,-553.7327,281.4983,1678.936,0,0.05161224,0,-0.9986672;
custom,sphere,metal1,1,1,1,0,1,1,1,1.0,1.0,-433.8031,144.2076,1686.191,0,0.9996055,0,0.0280865;
custom,sphere,metal1,1,1,1,0,1,1,1,1.0,1.0,-427.1507,144.5676,1581.843,0,0.9996055,0,0.0280865;
racing,killCuboid,10,5,1,-789.2813,367.9516,1602.072,0,0.6819607,0,0.7313888;
racing,killCuboid,10,5,1,-743.4926,368.6037,1562.81,0,0.03489714,0,-0.9993909;