custom,cuboid,rock3,3,1,3,0,1,1,1,1.0,1.0,685.9694,512.9243,1498.37,0,0.7165621,0,-0.6975234;
custom,cuboid,metal4,40,1,40,0,1,1,1,1.0,1.0,496.5909,512.8663,1666.66,0,0.7165626,0,-0.6975229;
base,aot_supply,default,1,1,1,0,1,1,1,1.0,1.0,695.5307,517.9268,1510.133,0,0.009211182,0,-0.9999576;
racing,startCuboid,3,3,1,666.1699,531.8118,1497.774,0,0.7125697,0,-0.7016014;
custom,cuboid,rock3,3,3,1,0,1,1,1,1.0,1.0,686.5198,531.7863,1478.481,0,0.9998927,0,0.01465206;
custom,cuboid,rock3,3,3,1,0,1,1,1,1.0,1.0,705.5204,531.6203,1498.585,0,0.698232,0,0.7158716;
custom,cuboid,rock3,3,3,1,0,1,1,1,1.0,1.0,685.3406,531.6366,1517.845,0,0.01335024,0,-0.9999109;
custom,cuboid,rock3,3,1,38,0,1,1,1,1.0,1.0,501.0178,513.0296,1493.543,0,0.7165177,0,-0.697569;
custom,cuboid,rock3,1,3,38,0,1,1,1,1.0,1.0,497.9379,531.7497,1473.471,0,0.6974365,0,0.7166466;
custom,cuboid,rock3,1,3,35,0,1,1,1,1.0,1.0,535.4806,531.4598,1513.935,0,0.7164221,0,-0.6976671;
racing,killCylinder,1,3,1,360.5891,516.2948,1509.29,0,0.6928177,0,0.7211128;
racing,killCylinder,1,3,1,342.5031,516.795,1508.797,0,0.9997713,0,-0.02138778;
custom,cuboid,rock3,1,3,2,0,1,1,1,1.0,1.0,332.6885,531.8342,1508.35,0,0.7217729,0,-0.69213;
custom,cuboid,rock3,1,3,2,0,1,1,1,1.0,1.0,321.8453,531.8754,1502.257,0,0.9997707,0,0.02141527;
custom,cuboid,rock3,1,3,2,0,1,1,1,1.0,1.0,322.6527,531.7218,1482.346,0,0.999908,0,0.01356437;
racing,killCuboid,1,3,3,322.0563,531.7128,1489.012,0,0.99977,0,0.02144775;
custom,cuboid,rock3,3,1,35,0,1,1,1,1.0,1.0,344.1871,513.1705,1679.272,0,0.01895542,0,-0.9998204;
custom,arc90,rock3,3,3,3,0,1,1,1,1.0,1.0,350.2724,516.4304,1527.456,0,-0.6611177,0,-0.7502822;
racing,killArc90,3,3,3,350.2054,535.0024,1527.5,0,-0.6603893,0,-0.7509235;
racing,killArc180,6,8,6,510.9423,479.9296,1876.474,-0.5684395,-0.5688312,0.4109143,-0.4294846;
racing,killArc180,2.5,8,2.5,510.7274,496.4839,1871.263,-0.4493328,-0.4397478,0.5476516,-0.5520867;
custom,arc90,rock3,3,3,3,0,1,1,1,1.0,1.0,349.0776,535.9126,1576.371,0,0.3148498,0,-0.9491415;
custom,arc90,rock3,3,3,3,0,1,1,1,1.0,1.0,345.6899,535.9328,1610.087,0,0.9235178,0,0.3835557;
racing,killArc90,3,3,3,345.6211,535.2319,1610.58,0,-0.9239159,0,-0.3825959;
custom,cuboid,rock3,1,3,35,0,1,1,1,1.0,1.0,329.2378,531.8227,1685.208,0,0.02077148,0,-0.9997843;
custom,cuboid,rock3,1,3,35,0,1,1,1,1.0,1.0,358.9194,531.5381,1679.457,0,0.01932233,0,-0.9998133;
racing,killCapsule,3,3,3,362.8918,518.6505,1636.535,0,0.9985691,0,0.05347735;
racing,killCapsule,3,3,3,326.1064,519.7523,1669.24,0,0.9989976,0,0.04476286;
racing,killPyramid,3,3,3,346.8904,512.2601,1706.188,0,0.0212393,0,-0.9997744;
racing,killPyramid,3,3,3,347.3443,565.08,1705.994,-0.02736724,9.552886E-05,0.9996194,-0.003489315;
custom,capsule,rock3,3,3,3,0,1,1,1,1.0,1.0,356.9046,526.1752,1740.45,0,0.1779801,0,-0.9840341;
custom,capsule,rock3,3,3,3,0,1,1,1,1.0,1.0,323.9553,527.6249,1767.247,0,0.9793005,0,0.2024119;
custom,capsule,rock3,3,3,3,0,1,1,1,1.0,1.0,356.0866,526.7593,1796.016,0,0.9830051,0,0.1835783;
custom,cuboid,rock3,3,3,3,0,1,1,1,1.0,1.0,336.4862,508.9796,1872.906,0.1581299,0.01865144,0.002987475,-0.9872376;
custom,cuboid,rock3,3,6,3,0,1,1,1,1.0,1.0,336.3347,550.4342,1897.254,0,0.01436711,0,-0.9998968;
custom,cuboid,bark,1,6,3,0,1,1,1,1.0,1.0,351.6121,528.3351,1868.505,0,0.02405184,0,-0.9997107;
custom,cuboid,bark,1,6,3,0,1,1,1,1.0,1.0,321.5759,550.5165,1870.616,0,0.01664755,0,-0.9998614;
custom,cuboid,bark,3,6,3,0,1,1,1,1.0,1.0,334.8532,576.3467,1843.742,0,0.01538708,0,-0.9998816;
custom,cuboid,bark,3,6,3,0,1,1,1,1.0,1.0,362.9155,576.2237,1844.546,0,0.01325011,0,-0.9999122;
custom,cuboid,bark,3,6,3,0,1,1,1,1.0,1.0,371.5175,492.1862,1870.862,0,0.7197664,0,-0.6942164;
custom,cuboid,bark,3,6,3,0,1,1,1,1.0,1.0,366.0741,550.949,1898.581,0,0.9998029,0,0.01985493;
custom,cuboid,bark,3,6,3,0,1,1,1,1.0,1.0,391.8143,550.7813,1871.906,0,0.6935451,0,0.7204133;
custom,arc90,bark,3,6,3,0,1,1,1,1.0,1.0,371.7384,527.8837,1829.155,0,0.1321499,0,-0.9912298;
custom,arc180,bark,3,6,3,0,1,1,1,1.0,1.0,403.68,530.924,1818.376,0,0.999878,0,0.01561626;
custom,arc180,bark,3,6,3,0,1,1,1,1.0,1.0,371.3863,528.7048,1793.405,0,0.04108925,0,0.9991555;
custom,arc180,bark,3,6,3,0,1,1,1,1.0,1.0,407.4657,530.996,1766.068,0,0.9985638,0,0.05357587;
custom,arc180,bark,3,6,3,0,1,1,1,1.0,1.0,369.4296,529.0772,1738.275,0,-5.813981E-05,0,-1;
custom,arc180,bark,3,6,3,0,1,1,1,1.0,1.0,413.1078,531.043,1712.446,0,0.9987485,0,0.05001471;
custom,arc180,bark,3,6,3,0,1,1,1,1.0,1.0,369.2785,529.53,1684.264,0,-0.009641618,0,-0.9999535;
custom,arc180,bark,3,6,3,0,1,1,1,1.0,1.0,410.4529,531.1323,1654.77,0,0.9945191,0,-0.1045559;
custom,capsule,bark,3,6,3,0,1,1,1,1.0,1.0,387.6129,474.7953,1626.504,0,0.9808954,0,-0.1945361;
custom,cuboid,bark,3,6,3,0,1,1,1,1.0,1.0,392.4229,525.1995,1857.223,0,0.01140776,0,-0.999935;
custom,capsule,bark,3,6,3,0,1,1,1,1.0,1.0,370.1884,491.0288,1635.131,0,0.03547487,0,-0.9993706;
custom,cuboid,bark,3,6,3,0,1,1,1,1.0,1.0,377.1673,574.2272,1637.708,0,0.01804269,0,-0.9998372;
custom,cuboid,lava1,5,8,0.1,0,1,1,1,1.0,1.0,529.9335,495.0713,1891.397,0,0.7098221,0,-0.704381;
custom,cuboid,bark,1,6,5,0,1,1,1,1.0,1.0,445.4836,516.2374,1569.968,0,-0.9878904,0,0.1551534;
custom,cuboid,bark,1,6,5,0,1,1,1,1.0,1.0,386.7702,515.7087,1591.158,0,-0.6976078,0,-0.71648;
custom,cuboid,bark,1,6,5,0,1,1,1,1.0,1.0,445.899,516.5002,1532.194,0,0.143319,0,-0.9896765;
custom,cuboid,lava1,5,8,0.1,0,1,1,1,1.0,1.0,491.1069,499.4115,1891.557,0,0.7010697,0,0.7130927;
custom,arc180,bark,5,6,5,0,1,1,1,1.0,1.0,451.3501,530.7304,1615.59,0,-0.9555001,0,0.2949907;
custom,arc180,bark,5,6,5,0,1,1,1,1.0,1.0,465.4965,530.9623,1691.259,0,0.7804971,0,0.6251594;
custom,cuboid,bark,5,6,5,0,1,1,1,1.0,1.0,524.6579,520.1295,1637.667,0,0.684599,0,0.7289199;
custom,arc90,bark,5,6,5,0,1,1,1,1.0,1.0,487.4691,527.442,1576.437,0,0.6964819,0,-0.7175743;
custom,cuboid,bark,5,6,5,0,1,1,1,1.0,1.0,528.843,520.8076,1609.772,0,0.6972162,0,0.7168609;
custom,arc90,bark,5,6,5,0,1,1,1,1.0,1.0,509.9886,526.9116,1536.63,0,0.7165766,0,-0.6975084;
custom,arc90,bark,5,6,5,0,1,1,1,1.0,1.0,546.8105,527.1169,1563.705,0,0.9888805,0,-0.1487129;
custom,arc90,bark,5,6,5,0,1,1,1,1.0,1.0,582.6609,527.7792,1547.129,0,0.9320562,0,-0.3623137;
custom,arc180,bark,5,6,5,0,1,1,1,1.0,1.0,592.9521,530.0959,1609.386,0,-0.6791497,0,-0.7339998;
custom,arc90,bark,5,6,5,0,1,1,1,1.0,1.0,648.2405,527.7098,1578.529,0,0.6632477,0,-0.7484;
custom,cuboid,bark,5,6,5,0,1,1,1,1.0,1.0,618.4665,515.2667,1538.827,0,0.7003109,0,0.713838;
custom,plane,bark,5,6,5,0,1,1,1,1.0,1.0,451.7612,521.8327,1565.392,-0.5052338,0.4931028,-0.5287883,-0.4711385;
custom,cuboid,metal1,5,6,1,0,1,1,1,1.0,1.0,664.2943,498.4752,1598.586,0,0.9998947,0,0.01451327;
custom,cuboid,metal1,5,6,1,0,1,1,1,1.0,1.0,662.2969,572.327,1598.491,0,0.9996879,0,0.02498315;
custom,cuboid,metal1,5,6,1,0,1,1,1,1.0,1.0,672.1078,518.6803,1622.873,0,0.7093534,0,-0.704853;
custom,cuboid,metal1,5,6,5,0,1,1,1,1.0,1.0,662.1814,498.4242,1621.573,0,0.6936155,0,0.7203455;
custom,cuboid,metal1,5,6,1,0,1,1,1,1.0,1.0,637.7102,515.3898,1620.601,0,0.7203498,0,-0.693611;
custom,cylinder,lava1,0.1,3,0.1,0,1,1,1,1.0,1.0,585.4486,538.449,1760.501,0,0.9550966,0,-0.2962946;
custom,cuboid,lava1,20,1,20,0,1,1,1,1.0,1.0,596.3771,513.808,1743.027,0,0.01936027,0,-0.9998126;
racing,killCuboid,20,1,20,596.5379,514.4327,1743.108,0,0.7214257,0,-0.692492;
custom,cuboid,default,5,1,5,0,1,1,1,1.0,1.0,351.4229,576.424,1871.901,0,0.7135852,0,-0.7005684;
racing,killCuboid,20,1,20,596.0675,514.3777,1744.018,0,0.720942,0,-0.6929955;
custom,cylinder,lava1,0.1,3,0.1,0,1,1,1,1.0,1.0,669.5427,542.3906,1672.833,0,0.7040749,0,-0.7101257;
custom,cylinder,lava1,0.1,3,0.1,0,1,1,1,1.0,1.0,633.1279,536.9908,1691.344,0,0.7040749,0,-0.7101257;
custom,cylinder,lava1,0.1,3,0.1,0,1,1,1,1.0,1.0,597.853,536.0883,1694.237,0,0.9781662,0,-0.2078244;
custom,cylinder,lava1,0.1,3,0.1,0,1,1,1,1.0,1.0,629.4788,541.8477,1728.081,0,0.961835,0,0.27363;
custom,cylinder,lava1,0.1,3,0.1,0,1,1,1,1.0,1.0,602.6913,537.0377,1721.597,0,0.8409861,0,0.5410569;
custom,cylinder,lava1,0.1,3,0.1,0,1,1,1,1.0,1.0,588.2219,537.8373,1709.067,0,0.8409861,0,0.5410569;
custom,cylinder,lava1,0.1,3,0.1,0,1,1,1,1.0,1.0,614.9001,536.8367,1663.954,0,0.8409861,0,0.5410569;
custom,cylinder,lava1,0.1,3,0.1,0,1,1,1,1.0,1.0,585.6415,536.7468,1673.688,0,0.71318,0,0.700981;
custom,cylinder,lava1,0.1,3,0.1,0,1,1,1,1.0,1.0,562.5558,537.7377,1662.467,0,0.9530273,0,0.3028844;
custom,cylinder,lava1,0.1,3,0.1,0,1,1,1,1.0,1.0,562.384,542.8031,1683.273,0,0.8178371,0,0.5754499;
custom,cylinder,lava1,0.1,3,0.1,0,1,1,1,1.0,1.0,524.2681,535.9434,1683.125,0,0.9965561,0,0.0829215;
custom,cylinder,lava1,0.1,3,0.1,0,1,1,1,1.0,1.0,543.5925,536.1708,1696.43,0,0.9911426,0,0.1328023;
custom,cylinder,lava1,0.1,3,0.1,0,1,1,1,1.0,1.0,568.2529,548.5257,1705.692,0,0.9516925,0,0.3070528;
custom,cylinder,lava1,0.1,3,0.1,0,1,1,1,1.0,1.0,646.2703,544.0394,1717.869,0,0.9943046,0,-0.1065757;
custom,cylinder,lava1,0.1,3,0.1,0,1,1,1,1.0,1.0,666.7686,543.2653,1701.198,0,0.9873642,0,-0.1584675;
custom,cylinder,lava1,0.1,3,0.1,0,1,1,1,1.0,1.0,679.9141,540.5192,1721.445,0,0.7475921,0,-0.6641582;
custom,cylinder,lava1,0.1,3,0.1,0,1,1,1,1.0,1.0,660.4963,542.1176,1741.099,0,0.7475921,0,-0.6641582;
custom,cylinder,lava1,0.1,3,0.1,0,1,1,1,1.0,1.0,678.0528,540.022,1748.794,0,0.9999606,0,0.008879144;
custom,cuboid,lava1,0.5,3,4,0,1,1,1,1.0,1.0,490.7864,532.8215,1839.176,0,0.01588317,0,-0.9998739;
custom,cylinder,crystal2,0.1,3,0.1,0,1,1,1,1.0,1.0,594.2443,540.352,1785.82,0,0.9206247,0,-0.3904487;
custom,cylinder,crystal2,0.1,3,0.1,0,1,1,1,1.0,1.0,556.3856,536.1403,1789.632,0,0.997693,0,0.06788722;
custom,cylinder,crystal2,0.1,3,0.1,0,1,1,1,1.0,1.0,542.8567,535.1296,1763.303,0,0.8088332,0,0.5880381;
custom,cylinder,crystal2,0.1,3,0.1,0,1,1,1,1.0,1.0,521.4288,529.1344,1741.452,0,0.7559343,0,0.6546475;
custom,cylinder,crystal2,0.1,3,0.1,0,1,1,1,1.0,1.0,661.2697,538.8838,1780.042,0,0.7841669,0,-0.6205499;
custom,cylinder,crystal2,0.1,3,0.1,0,1,1,1,1.0,1.0,634.8267,545.9879,1782.285,0,0.9036633,0,-0.4282436;
custom,cuboid,lava1,9,3,0.5,0,1,1,1,1.0,1.0,591.5706,530.1739,1640.84,0,0.9998849,0,0.01517423;
custom,cuboid,lava1,9,3,0.5,0,1,1,1,1.0,1.0,493.9658,532.8975,1745.237,0,0.7201846,0,-0.6937824;
custom,cuboid,lava1,9,3,0.5,0,1,1,1,1.0,1.0,493.0782,532.9763,1775.425,0,0.7189727,0,-0.6950383;
custom,cuboid,lava1,9,3,0.5,0,1,1,1,1.0,1.0,575.1728,534.3109,1841.399,0,0.9997244,0,0.02347749;
custom,cuboid,lava1,9,3,0.5,0,1,1,1,1.0,1.0,632.8317,534.2896,1843.911,0,0.01738143,0,-0.999849;
custom,cuboid,lava1,9,3,0.5,0,1,1,1,1.0,1.0,720.2391,533.5397,1647.04,0,0.9999092,0,0.01347303;
custom,cuboid,lava1,20,3,0.5,0,1,1,1,1.0,1.0,695.8544,533.6307,1747.631,0,0.6924955,0,0.7214223;
custom,cuboid,lava1,20,3,0.5,0,1,1,1,1.0,1.0,703.2906,534.8734,1846.136,0,0.01557624,0,-0.9998787;
custom,cuboid,lava1,0.5,3,15,0,1,1,1,1.0,1.0,631.4199,532.1518,1716.598,0,0.01807963,0,-0.9998366;
custom,cuboid,lava1,0.5,3,4,0,1,1,1,1.0,1.0,532.951,532.07,1843.779,0,-0.009078494,0,0.9999588;
racing,checkpointCuboid,3,3,0.5,653.7369,536.1218,1643.436,0,0.999586,0,0.0287737;
custom,arc180,lava1,5,8,5,0,1,1,1,1.0,1.0,509.4823,498.8533,1887.291,-0.4789955,-0.4725181,0.5195498,-0.526648;
custom,arc180,lava1,2,8,2,0,1,1,1,1.0,1.0,511.5954,501.1653,1872.401,-0.4328967,-0.4221919,0.5622196,-0.5641486;
custom,cuboid,lava1,0.5,3,4,0,1,1,1,1.0,1.0,532.0735,531.9992,1875.766,0,0.9998735,0,0.01590383;
custom,cuboid,lava1,0.5,3,4,0,1,1,1,1.0,1.0,489.9701,533.3721,1867.896,0,0.9998935,0,0.01459099;
racing,killCuboid,4,4,0.2,486.2319,536.0905,1840.009,0,0.0229464,0,-0.9997367;
custom,cuboid,lava1,0.5,3,15,0,1,1,1,1.0,1.0,536.8591,534.0189,1764.75,0,0.9996998,0,0.024503;
custom,cuboid,lava1,0.5,3,15,0,1,1,1,1.0,1.0,605.8727,534.4793,1768.851,0,0.9997006,0,0.02446905;
custom,cuboid,lava1,0.5,3,15,0,1,1,1,1.0,1.0,577.6373,529.9868,1716.478,0,0.01401422,0,-0.9999018;
racing,killCuboid,4,4,0.2,534.7629,536.0905,1843.033,0,0.0229464,0,-0.9997367;
racing,killCuboid,4,4,0.2,508.2476,549.7305,1842.803,0,0.0229464,0,-0.9997367;
racing,killCuboid,4,4,0.2,487.5459,462.657,1869.332,0,-0.009326237,0,-0.9999565;
misc,region,[ff4500]level~2~,1,1,1,511.8234,458.5309,1846.682,0,0,0,1;
racing,killCuboid,4,4,0.2,508.8463,443.6569,1869.135,0,0.02732214,0,-0.9996267;
racing,killCuboid,40,1,40,497.2193,550.316,1662.347,0,0.7222743,0,-0.6916067;
custom,cuboid,default,3,1,3,0,1,1,1,1.0,1.0,511.0886,452.5003,1853.561,0,0.02406142,0,-0.9997105;
custom,cuboid,default,1,3,3,0,1,1,1,1.0,1.0,492.5659,469.7808,1851.482,0,0.02406142,0,-0.9997105;
custom,cuboid,default,1,3,3,0,1,1,1,1.0,1.0,530.6689,470.1808,1853.59,0,0.02406142,0,-0.9997105;
custom,cuboid,default,3,0.5,3,0,1,1,1,1.0,1.0,512.0027,482.3383,1851.917,0,0.01969941,0,-0.999806;
racing,checkpointCuboid,3,3,1,511.611,466.0447,1849.284,0,0.01973588,0,-0.9998053;
custom,cuboid,metal1,3,3,3,0,1,1,1,1.0,1.0,512.7661,442.5732,1823.596,0,0.9995112,0,0.03126154;
custom,cuboid,metal1,1,3,3,0,1,1,1,1.0,1.0,534.2844,471.8744,1795.004,0,0.9995475,0,0.03007887;
custom,house2,default,1,1,1,0,1,1,1,1.0,1.0,631.1775,59.38692,1277.245,-0.006585135,0.008726195,0.9999403,5.746774E-05;
racing,killSphere,2,2,2,276.0239,23.91813,1526.704,0,0.7163986,0,-0.6976913;
custom,sphere,metal1,1,1,1,0,1,1,1,1.0,1.0,529.5943,78.08714,1435.823,0,0.9154717,0,0.4023823;
racing,killSphere,2,2,2,631.6572,35.20824,1278.674,0,0.0004249279,0,0.9999999;
racing,killCuboid,2,4,2,423.919,31.57195,1374.243,0,0.7191953,0,-0.694808;
custom,tower1,default,1,1,1,0,1,1,1,1.0,1.0,627.414,2.07686,1301.276,0,0.7135552,0,-0.7005991;
racing,killCuboid,9,1,3,501.0953,452.1708,1616.924,0,0.03333681,0,-0.9994442;
racing,killCuboid,3,1,1,343.7471,515.2474,1572.131,0,0.00645191,0,0.9999792;
racing,killCuboid,2,1,3,366.7888,517.1337,1870.927,0,0.01674753,0,-0.9998598;
racing,killCylinder,2,3,2,440.4014,529.5342,1620.286,0,0.5893876,0,0.8078505;
racing,killCylinder,2,3,2,483.9729,536.5674,1586.352,0,0.9887218,0,-0.1497639;
racing,killCylinder,1,3,1,628.3327,536.9104,1789.568,0,0.9993827,0,0.03513288;
racing,killCylinder,1,3,1,610.0632,537.391,1695.357,0,0.02425186,0,-0.9997059;
racing,killCylinder,1,3,1,575.9011,539.5977,1792.475,0,0.9998792,0,0.01554196;
racing,killCylinder,1,3,1,540.4556,542.6392,1691.225,0,0.2124557,0,-0.9771707;
custom,cuboid,metal1,1,3,3,0,1,1,1,1.0,1.0,495.6181,470.7472,1762.828,0,0.01237378,0,-0.9999235;
custom,cuboid,metal1,1,3,3,0,1,1,1,1.0,1.0,497.0377,471.0184,1703.502,0,0.02005672,0,-0.9997988;
custom,cuboid,metal1,1,3,3,0,1,1,1,1.0,1.0,500.0394,470.6198,1644.471,0,0.03750413,0,-0.9992965;
custom,cuboid,metal1,1,3,3,0,1,1,1,1.0,1.0,539.3056,471.6345,1736.27,0,0.02442537,0,-0.9997017;
custom,cuboid,metal1,1,3,3,0,1,1,1,1.0,1.0,541.7841,471.3935,1677.495,0,0.02442537,0,-0.9997017;
racing,killCuboid,1,3,3,494.715,470.4608,1792.643,0,0.9997977,0,0.02011481;
racing,killCuboid,1,3,3,536.8865,471.7007,1765.359,0,-0.05936076,0,0.9982366;
racing,killCuboid,1,3,3,496.2405,470.7481,1733.036,0,0.9999684,0,0.007950042;
racing,killCuboid,1,3,3,540.593,471.4666,1706.608,0,0.999846,0,0.01755052;
racing,killCuboid,1,3,3,498.2229,470.9362,1673.602,0,0.9998,0,0.02000234;
racing,killCuboid,1,3,3,543.2695,471.3813,1649.191,0,0.9996114,0,0.02787643;
racing,killCuboid,20,1,30,490.7083,488.6555,1688.185,0,0.9997702,0,0.02144037;
racing,killCuboid,5,0.5,23,514.6307,454.6729,1744.221,0,0.9995666,0,0.02943906;
racing,killCuboid,5,3,0.5,495.6204,468.6192,1825.453,0,0.6990116,0,0.7151104;
racing,killCuboid,5,3,0.5,530.2167,471.2109,1821.95,0,0.7283565,0,-0.6851984;
racing,killCylinder,1,5,1,501.3708,441.6377,1629.32,0,0.07459658,0,-0.9972138;
racing,killCuboid,4,1,15,473.1667,452.3203,1703.122,0,0.9997418,0,0.02272303;
racing,killCuboid,1,4,18,450.5322,471.0965,1690.367,0,0.01867706,0,-0.9998256;
racing,killCuboid,1,4,9,500.4244,471.2829,1600.145,0,0.736394,0,-0.676553;
racing,killCuboid,4,4,1.1,495.8078,465.0531,1764.238,0,0.6962562,0,0.7177933;
racing,killCuboid,4,4,1.1,541.8547,466.644,1677.089,0,0.7230687,0,-0.6907762;
racing,killCuboid,3,4,0.5,542.8408,471.4965,1619.284,0,0.7422507,0,-0.6701223;
racing,killCuboid,4,4,1.1,538.9132,467.0439,1739.68,0,0.7290693,0,-0.68444;
racing,killCuboid,4,4,1.1,499.7892,465.5811,1648.313,0,0.6793624,0,0.733803;
racing,killCuboid,4,4,1.1,497.1785,466.0186,1705.374,0,0.6935892,0,0.7203708;
racing,killCuboid,4,4,1.1,534.3936,467.1324,1795.448,0,0.7290693,0,-0.68444;
racing,killCuboid,3,3,1,527.9315,471.818,1782.232,0,0.9991723,0,0.04067785;
racing,killCuboid,2,1,2,526.7064,462.9911,1702.324,0.721348,0.6917477,0.02439298,0.02339201;
racing,killCuboid,3,3,1,505.418,470.0795,1704.945,0,0.9999239,0,0.01233876;
racing,killCuboid,3,3,1,542.8636,469.2341,1672.189,0,0.9997781,0,0.02106602;
racing,killCuboid,3,3,1,530.7791,469.9699,1637.941,0,0.9995562,0,0.02979048;
racing,killCuboid,1,1,1,347.7242,525.5632,1538.123,0,0.326073,0,-0.9453446;
racing,killCuboid,1,1,1,341.354,525.382,1621.584,0,0.0306729,0,-0.9995295;
racing,killCuboid,1,1,1,340.98,517.5822,1621.158,0,0.0306729,0,-0.9995295;
racing,killCuboid,1.1,5,2.5,351.3137,533.5322,1870.431,0,0.9997577,0,0.02201268;
racing,killCylinder,1,5,1,378.7269,530.6636,1796.147,0,0.9405147,0,-0.3397531;
racing,killCylinder,1,5,1,401.6,527.5593,1769.436,0,0.9005893,0,0.4346711;
racing,killCylinder,1,5,1,378.9243,530.213,1740.116,0,0.919752,0,-0.3925001;
racing,killCylinder,1,5,1,406.3842,529.1464,1714.356,0,0.9680819,0,0.2506342;
racing,killCylinder,1,5,1,380.0918,530.828,1685.167,0,0.8820473,0,-0.4711609;
racing,killCylinder,1,5,1,401.4473,531.3544,1660.966,0,0.8797268,0,0.4754796;
racing,killCylinder,1,5,1,456.3485,525.5714,1667.779,0,0.6240039,0,0.7814213;
racing,killCylinder,1,5,1,392.0894,534.7623,1633.515,0,0.4144282,0,0.910082;
racing,killCylinder,1,5,1,480.1263,535.2406,1682.961,0,0.8734108,0,0.4869841;
racing,killCylinder,1,5,1,462.7161,527.7555,1554.45,0,0.9965395,0,0.08312108;
racing,killCylinder,1,5,1,530.4792,529.7454,1559.016,0,0.9318841,0,0.3627563;
racing,killCylinder,1,5,1,561.0608,529.2084,1536.514,0,0.5804154,0,0.8143206;
racing,killCylinder,1,5,1,580.177,526.9019,1578.111,0,0.8908424,0,0.4543124;
racing,killCylinder,1,5,1,587.1266,525.209,1603.625,0,0.645847,0,0.7634669;
racing,killCylinder,1,5,1,638.955,533.4389,1587.676,0,0.3355176,0,0.9420339;
custom,cuboid,lava1,4,40,1.1,0,1,1,1,1.0,1.0,470.2548,254.953,1773.913,0,0.9999238,0,0.01234701;
custom,cuboid,lava1,4,40,1.1,0,1,1,1,1.0,1.0,489.7476,254.9782,1799.573,0,0.677738,0,0.7353035;
custom,cuboid,lava1,4,40,1.1,0,1,1,1,1.0,1.0,444.709,255.2374,1797.636,0,0.721866,0,-0.6920329;
custom,cuboid,lava1,4,40,1.1,0,1,1,1,1.0,1.0,466.1684,255.0897,1822.308,0,0.02721402,0,-0.9996296;
racing,killCuboid,4,40,1.1,469.621,255.0808,1774.494,0,0.9996729,0,0.02557578;
racing,killCuboid,4,40,1.1,489.5495,255.371,1799.461,0,0.6769947,0,0.7359878;
racing,killCuboid,4,40,1.1,465.9489,256.3262,1821.752,0,0.0285593,0,-0.9995921;
racing,killCuboid,4,40,1.1,445.6347,256.5742,1797.29,0,0.7204612,0,-0.6934953;
racing,killCuboid,4,40,1.1,444.3289,291.3178,1796.649,0,0.7276988,0,-0.6858969;
racing,killCuboid,4,5,1.1,467.9288,466.5428,1822.237,0,0.02913828,0,-0.9995754;
custom,cuboid,rock3,4,4,1,0,1,1,1,1.0,1.0,466.7701,37.3615,1821.266,0,0.9997584,0,0.021983;
custom,cuboid,rock3,4,4,1,0,1,1,1,1.0,1.0,488.2374,36.58578,1800.782,0,0.7350317,0,-0.6780328;
custom,cuboid,rock3,4,4,1,0,1,1,1,1.0,1.0,444.8971,37.70543,1799.302,0,0.6863136,0,0.7273058;
custom,cuboid,rock3,4,1,4,0,1,1,1,1.0,1.0,468.3384,17.20581,1800.449,0,0.02944939,0,-0.9995663;
racing,killCuboid,4,1,20,472.4984,40.02417,1682.209,-0.00319166,0.9931769,0.1131582,0.02801284;
racing,killCuboid,4,1,20,473.1984,79.27711,1676.044,-0.005763162,0.9906629,0.1338501,0.0252605;
racing,killCuboid,4,1,20,481.3563,61.20274,1488.103,0,0.9999041,0,0.01384972;
racing,killCuboid,4,1,20,481.9489,105.2742,1481.963,0,0.9998417,0,0.01779374;
racing,killCuboid,4,1,20,566.6774,60.32033,1375.301,0,0.6974646,0,0.7166193;
racing,killCuboid,4,1,20,568.1091,103.3653,1373.669,0,0.6992757,0,0.7148521;
racing,killCuboid,4,1,10,685.4687,59.69789,1408.562,0,0.01051023,0,-0.9999448;
racing,killCuboid,4,1,10,684.903,103.4558,1405.904,0,0.01187267,0,-0.9999295;
racing,killCuboid,4,1,10,654.1356,59.89856,1477.51,0,0.7166991,0,-0.6973826;
racing,killCuboid,4,1,10,652.4101,103.3998,1474.691,0,0.716274,0,-0.6978192;
racing,killCuboid,4,1,10,625.6698,60.03888,1413.672,0,0.9999679,0,0.008012217;
racing,killCuboid,4,1,10,623.68,103.1447,1408.047,0,0.9999062,0,0.0136987;
racing,killCuboid,4,1,10,625.8884,105.446,1341.256,0,0.9998364,0,0.01808516;
racing,killCuboid,4,1,10,627.6217,60.56432,1338.031,0,0.9999875,0,0.005003626;
racing,checkpointCuboid,4,1,4,466.4847,51.68114,1799.538,0,0.03566144,0,-0.999364;
racing,killCuboid,21,5,1,460.0093,83.05446,1460.314,0,0.6937424,0,0.7202233;
racing,killCuboid,20,5,1,501.8377,82.02571,1489.207,0,0.7165681,0,-0.6975172;
racing,killCuboid,25,15,1,450.4915,75.53944,1669.232,0,0.6899441,0,0.7238626;
racing,killCuboid,25,15,1,495.42,97.9734,1673.372,0,0.7245067,0,-0.6892678;
racing,killCuboid,9,5,1,551.6906,80.92854,1395.96,0,0.9998453,0,0.01758757;
racing,killCuboid,9,5,1,600.224,83.29453,1437.774,0,0.6992331,0,0.7148938;
racing,killCuboid,9,5,1,599.9794,80.80193,1506.932,0,0.7035223,0,0.7106733;
racing,killCuboid,10,5,1,651.8512,85.48611,1496.548,0,0.9999049,0,0.01379407;
racing,killCuboid,12,5,1,706.9216,84.63223,1433.884,0,0.7162041,0,-0.6978909;
racing,killCuboid,12,5,1,709.1879,82.17429,1323.371,0,0.7174515,0,-0.6966085;
racing,killCuboid,12,5,1,705.9849,81.25799,1357.233,0,0.002681071,0,0.9999964;
racing,killCuboid,15,5,1,533.8809,78.41224,1354.886,0,0.003918874,0,-0.9999923;
racing,killCuboid,3,5,6,655.8555,81.6146,1429.084,0,0.01981171,0,-0.9998037;
custom,cuboid,metal1,2.5,10,5.5,0,1,1,1,1.0,1.0,656.1528,57.27288,1427.522,0,0.01246268,0,-0.9999223;
racing,killCuboid,6,3,1,625.1249,58.23014,1356.589,0,0.9999122,0,0.01325147;
racing,killCuboid,6,3,1,626.5749,101.6208,1356.525,0,0.9999698,0,0.007778221;
custom,cuboid,metal1,6,3,1,0,1,1,1,1.0,1.0,625.9098,102.7436,1353.024,0,0.9997239,0,0.02349728;
racing,killCuboid,5,5,1,441.9492,50.81057,1702.214,0,0.999324,0,0.03676381;
racing,killCuboid,5,5,1,507.5593,69.00027,1628.718,0,0.9996067,0,0.02804551;
racing,killCuboid,5,5,1,445.7236,79.67656,1504.31,0,0.9999969,0,-0.002491635;
racing,killCuboid,5,5,1,514.3635,79.5486,1415.455,0,0.9996065,0,0.02805135;
racing,killCuboid,5,5,1,594.9711,78.97106,1348.037,0,0.6933038,0,0.7206455;
racing,killCuboid,5,5,1,691.2609,55.78045,1425.104,0,0.01498658,0,-0.9998877;
racing,killCuboid,5,5,1,619.519,111.1119,1421.645,0,0.9998873,0,0.01501404;
racing,killCuboid,5,5,1,602.4737,77.95685,1349.434,0,0.9999981,0,0.001967385;
racing,killCuboid,5,5,1,608.84,83.01357,1323.015,0,0.7101737,0,0.7040265;
racing,killCuboid,5,5,1,649.1068,85.28871,1327.076,0,0.7236049,0,-0.6902145;
racing,killCuboid,5,5,1,649.433,80.89356,1288.665,0,0.7193964,0,-0.6945998;
racing,killCuboid,5,5,1,609.5057,82.356,1279.263,0,0.6958475,0,0.7181897;
racing,killCuboid,5,5,1,633.6031,76.69086,1262.605,0,0.006636722,0,-0.999978;
racing,killCuboid,5,1,5,511.8502,513.675,1836.549,0,0.9995939,0,0.0284982;
racing,killCuboid,5,1,5,472.5108,458.4373,1682.255,0,0.01109211,0,-0.9999385;
racing,killCuboid,5,1,5,469.7452,478.4475,1773.082,0,0.02418655,0,-0.9997075;
racing,killCuboid,5,1,5,449.7701,409.5406,1774.084,0,0.8988835,0,-0.4381877;
racing,killCuboid,5,1,5,485.5654,374.2857,1815.674,0,0.3622441,0,0.9320832;
racing,killCuboid,5,1,5,487.369,334.9766,1777.072,0,0.9178408,0,0.3969488;
racing,killCuboid,5,1,5,450.6606,268.606,1776.554,0,0.9397695,0,-0.341809;
racing,killCuboid,5,1,5,485.9977,266.006,1826.966,0,0.3434481,0,0.9391717;
racing,killCuboid,5,1,5,443.3174,195.7464,1812.428,0,0.4542022,0,-0.8908986;
racing,killCuboid,5,1,5,498.41,165.0701,1780.86,0,0.8797395,0,0.475456;
racing,killCuboid,5,1,5,447.8259,152.0238,1815.304,0,0.4248207,0,-0.9052776;
racing,killCuboid,5,1,5,455.2296,107.0261,1769.761,0,0.9719186,0,-0.2353173;
racing,killCuboid,5,1,5,450.3643,97.52383,1815.613,0,0.4268122,0,-0.9043403;
custom,tower1,default,1,1,1,0,1,1,1,1.0,1.0,636.0292,1.639237,1316.059,0,0.7036966,0,0.7105007;
custom,tower1,default,1,1,1,0,1,1,1,1.0,1.0,628.1103,1.298876,1339.87,0,0.9998474,0,0.01747264;
custom,tower1,default,1,1,1,0,1,1,1,1.0,1.0,635.7701,2.655355,1361.189,0,0.9999577,0,0.009195989;
custom,tower1,default,1,1,1,0,1,1,1,1.0,1.0,615.5359,0.8466149,1425.61,0,0.9999942,0,-0.00341342;
racing,killCuboid,0.5,8,0.5,643.8923,22.97411,1397.075,0,0.7075187,0,-0.7066947;
racing,killCuboid,0.5,8,0.5,654.1114,17.66325,1457.718,0,0.9999872,0,0.005068476;
racing,killCuboid,0.5,8,0.5,628.5295,19.28082,1417.802,0,0.9999871,0,0.0050798;
racing,killCuboid,0.5,8,0.5,632.1677,19.86854,1450.879,0,0.7127434,0,0.701425;
racing,killCuboid,1.,3,1.,639.11,37.02457,1317.683,0,0.0009621035,0,-0.9999995;
racing,killCuboid,0.5,8,0.5,642.2097,41.21415,1432.348,0,0.03136899,0,-0.9995079;
racing,killCuboid,0.5,8,0.5,643.2244,39.58375,1455.017,0,0.9998327,0,0.01829101;
racing,killCuboid,10,1,10,629.6903,16.84687,1318.552,0,0.009168177,0,-0.999958;
racing,killCuboid,10,1,10,667.9327,7.071868,1388.737,0,0.6996781,0,-0.7144583;
racing,killCuboid,10,1,10,629.5552,6.775128,1403.015,0,0.9999471,0,-0.01029184;
racing,killCuboid,10,1,10,637.4955,7.150061,1472.825,0,0.7042542,0,0.7099479;
racing,killCuboid,1,5,10,607.5212,32.74699,1317.863,0,0.9999694,0,-0.007831034;
racing,killCuboid,1,5,10,654.1562,31.25513,1319.03,0,0.9996874,0,0.02500019;
racing,killCuboid,1,5,10,625.1194,37.70889,1261.863,0,0.7260937,0,-0.6875958;
racing,killCuboid,1,5,10,695.928,31.48979,1360.009,0,0.7185902,0,0.6954339;
racing,killCuboid,1,5,10,691.4574,29.23609,1403.762,0,0.009408362,0,-0.9999558;
racing,killCuboid,1,5,10,602.8821,32.37517,1442.538,0,0.02077803,0,-0.9997841;
racing,killCuboid,1,5,10,641.9498,32.19585,1489.901,0,0.7000903,0,0.7140543;
racing,killCuboid,1,5,10,691.0281,29.3779,1458.905,0,1,0,-4.228964E-05;
racing,killCuboid,1,15,18,501.2406,-19.84649,1395.152,0,0.7027876,0,0.7113999;
racing,killCuboid,1,15,19,508.261,-18.078,1353.327,0,0.7057924,0,0.7084187;
racing,killCuboid,5,000.1,18,501.8643,9.116387,1376.591,0,0.700191,0,0.7139556;
racing,killCuboid,1.5,3,1.5,621.9479,46.58607,1302.54,0,0.03712388,0,-0.9993107;
racing,killCuboid,1.,5,1.,627.3738,43.49681,1338.273,0,0.009346827,0,-0.9999563;
racing,killCuboid,1.,5,1.,636.1942,31.54201,1359.182,0,0.006042787,0,-0.9999818;
racing,killCuboid,1.,8,1.,615.4396,17.84473,1422.731,0,0.00938702,0,-0.999956;
racing,killCuboid,1.,8,1.,660.5212,18.68593,1472.734,0,0.997233,0,0.07434033;
racing,killCuboid,1.,8,1.,665.621,23.73614,1401.391,0,0.115634,0,-0.9932919;
racing,killCuboid,5,1,5,436.619,53.82452,1374.402,0,0.7034872,0,0.710708;
racing,checkpointCuboid,5,5,1,399.5197,30.33664,1373.229,0,0.701527,0,0.712643;
racing,killCuboid,40,1,30,496.4738,513.9742,1666.405,0,0.03110293,0,-0.9995162;
custom,cuboid,metal1,40,1,40,0,1,1,1,1.0,1.0,210.9806,4.786257,1545.65,0,0.714174,0,-0.6999682;
racing,killCuboid,1,5,10,61.9528,31.08048,1654.888,0,0.7053604,0,-0.7088489;
racing,killCuboid,1,1,1,705.1926,516.2998,1479.016,0,0.03491994,0,-0.9993901;
racing,killCuboid,1,1,1,705.9251,516.0816,1484.579,0,0.7169367,0,-0.6971382;
racing,killCuboid,40,5,0.1,220.4435,34.20654,1346.497,0,0.01011103,0,-0.9999489;
racing,killCuboid,1,5,10,136.5523,32.53488,1659.717,0,0.7275689,0,-0.6860346;
racing,killCuboid,40,5,0.1,210.5232,34.79229,1743.658,0,0.9999887,0,0.00476557;
racing,killCuboid,40,5,0.1,406.7561,33.53497,1594.771,0,0.6992319,0,0.714895;
racing,killCuboid,10,5,0.2,362.9464,32.66079,1400.544,0,0.0125048,0,-0.9999218;
racing,killCuboid,10,5,0.2,323.5839,3.391047,1387.763,0,0.9999319,0,0.01166846;
racing,killCuboid,10,5,0.2,324.0713,3.389591,1370.109,0,0.01560597,0,-0.9998782;
racing,killCuboid,10,5,0.2,354.9082,-3.271646,1398.825,0,0.7150882,0,-0.6990343;
racing,killCuboid,10,5,0.2,335.4077,52.12244,1387.147,0,0.7135121,0,-0.700643;
racing,killCuboid,10,5,0.2,274.1133,34.40739,1398.39,0,0.699654,0,0.7144818;
custom,cuboid,metal1,40,0.4,40,0,1,1,1,1.0,1.0,210.0763,57.12897,1545.692,0,0.005421351,0,-0.9999853;
racing,killCuboid,40,0.4,40,211.3849,53.18401,1548.363,0,0.002234608,0,-0.9999975;
racing,killCuboid,30,5,1,-111.6708,33.86014,1741.527,0,0.9999544,0,0.009551074;
racing,killCuboid,48,0.4,40,370.2457,8.192467,1599.653,0,-0.01196618,0,0.9999284;
racing,killCuboid,8,5,0.5,313.8953,28.80701,1435.815,0,-0.0002001096,0,1;
racing,killPyramid,8,5,0.5,381.0811,0.2317153,1490.883,0,0.9999822,0,0.005964416;
racing,killPyramid,8,5,0.5,352.1127,2.303522,1461.405,0,0.7113339,0,-0.7028542;
racing,killPyramid,8,5,0.5,332.1895,21.6498,1506.313,0,0.9195096,0,0.3930676;
racing,killCuboid,8,5,0.5,271.2848,31.0606,1473.486,0,0.7157454,0,0.6983614;
racing,killCuboid,8,5,0.5,368.3637,32.21769,1550.008,0,0.9999533,0,-0.009662614;
racing,killCuboid,8,5,0.5,289.1844,31.05184,1549.441,0,0.999976,0,0.006935855;
racing,killCuboid,8,5,0.5,247.1888,29.86872,1507.304,0,0.7006276,0,0.7135271;
racing,killCuboid,8,5,0.5,232.0935,29.56533,1434.732,0,0.01350735,0,-0.9999088;
racing,killCuboid,8,5,0.5,229.6878,30.797,1470.111,0,0.7135679,0,0.7005861;
racing,killCuboid,8,5,0.5,212.4319,32.63358,1548.183,0,0.9999757,0,0.006969948;
racing,killCuboid,8,5,0.5,209.892,31.87397,1512.055,0,0.6880415,0,0.7256714;
racing,killCuboid,8,5,0.5,191.4775,31.59649,1471.549,0,0.697479,0,0.7166053;
racing,killCuboid,8,5,0.5,153.2802,31.58402,1508.64,0,0.9999884,0,0.004821942;
racing,killCuboid,8,5,0.5,114.0119,30.82045,1546.579,0,0.696143,0,0.7179033;
racing,killCuboid,8,5,0.5,150.9227,31.114,1585.999,0,0.9996256,0,0.02736421;
racing,killCuboid,8,5,0.5,186.3313,30.72358,1625.504,0,0.6860506,0,0.7275539;
racing,killCuboid,8,5,0.5,215.2178,30.13427,1590.587,0,0.7261292,0,-0.6875582;
racing,killCuboid,8,5,0.5,223.8021,31.58619,1664.906,0,0.9996959,0,0.02465995;
racing,killCuboid,8,5,0.5,239.5469,30.75058,1623.124,0,0.7213254,0,-0.6925964;
racing,killCuboid,8,5,0.5,266.887,30.36376,1591.142,0,0.7201421,0,-0.6938266;
racing,killCapsule,8,5,0.5,265.2869,-19.15107,1653.419,0,0.728877,0,-0.6846446;
racing,killCapsule,8,5,0.5,264.8229,97.80302,1658.384,0,0.7333485,0,-0.679853;
racing,killCylinder,1,3,1,306.3013,29.70885,1665.164,0,0.1754612,0,0.9844863;
racing,killCylinder,1,3,1,290.7505,26.66453,1666.424,0,0.5134774,0,-0.8581031;
racing,killCylinder,1,3,1,264.2051,26.54657,1694.137,0,0.852833,0,-0.5221838;
racing,killCylinder,1,3,1,308.7216,27.34103,1626.113,0,0.6870449,0,-0.726615;
racing,killCylinder,1,3,1,314.045,30.36183,1660.292,0,0.9189425,0,-0.3943916;
racing,killCylinder,1,3,1,298.4619,26.47209,1666.528,0,0.9925929,0,-0.1214883;
racing,killCylinder,1,3,1,268.9383,23.36992,1670.401,0,0.9996675,0,-0.02578561;
racing,killCylinder,1,3,1,277.6063,23.75912,1670.691,0,0.999647,0,0.02656906;
racing,killCylinder,1,3,1,284.9348,22.47683,1667.858,0,0.9925939,0,-0.1214801;
racing,killCylinder,1,3,1,316.4855,29.4788,1651.95,0,0.6817006,0,0.7316313;
racing,killCylinder,1,3,1,314.7041,28.07963,1642.704,0,0.8087772,0,0.5881152;
racing,killCylinder,1,3,1,312.1427,28.33838,1634.424,0,0.851284,0,0.5247052;
racing,killCylinder,1,3,1,302.2524,-7.742313,1619.385,0,0.9674954,0,0.2528886;
racing,killCylinder,1,3,1,295.5293,-7.77809,1615.649,0,0.9605438,0,0.2781287;
racing,killCylinder,1,3,1,301.2907,64.11743,1619.483,0,0.9115906,0,0.4110993;
racing,killCylinder,1,3,1,295.6616,64.08458,1614.817,0,0.9771413,0,0.2125909;
racing,killCylinder,1,3,1,287.0537,34.67097,1613.513,0,0.9889519,0,0.1482367;
racing,killCylinder,1,3,1,279.9794,34.67097,1613.388,0,0.9889519,0,0.1482367;
racing,killCylinder,1,3,1,271.4099,34.41589,1615.77,0,0.9985365,0,-0.05408179;
racing,killCuboid,6,3,2,312.4655,7.59572,1599.651,0,0.4201769,0,0.9074422;
racing,killCuboid,6,3,2,298.4669,27.25571,1587.551,0,0.9011294,0,-0.4335503;
racing,killCuboid,4,3,2,322.7769,33.28385,1615.89,0,0.8912724,0,-0.4534684;
racing,killCuboid,6,0.1,4,312.406,32.89288,1602.917,0,0.9060172,0,-0.4232408;
racing,killCuboid,50,1,50,120.32,6.48424,1515.775,0,0.6991879,0,0.7149379;
racing,killCuboid,30,5,1,-32.27497,32.44725,1605.018,0,0.7077532,0,0.7064598;
racing,killCuboid,30,5,1,19.09016,31.94342,1508.446,0,0.6989157,0,0.7152041;
racing,killCuboid,30,5,1,22.53968,32.93552,1234.649,0,0.7004628,0,0.7136889;
racing,killCuboid,30,5,1,-30.01707,32.2589,1356.771,0,0.7127841,0,-0.7013835;
racing,killCuboid,30,5,1,-6.748487,19.63886,1224.206,0,0.01602453,0,-0.9998716;
custom,sphere,metal2,0.5,0.5,0.5,0,1,1,1,1.0,1.0,-3.527241,8.836546,1263.776,0,0.9999837,0,-0.005712999;
custom,sphere,metal2,0.5,0.5,0.5,0,1,1,1,1.0,1.0,-3.816064,1.308295,1264.425,0,0.01443499,0,0.9998958;
racing,killCuboid,5,0.5,100,-13.04017,-167.5182,1730.491,-0.1787327,0.007537051,-0.004989079,-0.9838561;
racing,killCuboid,5,0.5,100,-8.879896,-181.5289,1688.599,-0.1770824,0.005232368,-0.0009414511,-0.9841817;
custom,cuboid,metal2,5,1,5,0,1,1,1,1.0,1.0,-17.54296,-373.6115,2182.74,0,0.02980995,0,-0.9995556;
racing,killCuboid,120,100,0.5,-23.94772,47.51631,1556.373,0,0.6994731,0,0.714659;
racing,killCuboid,120,100,0.5,11.0859,-490.0451,1603.145,0,0.7113397,0,-0.7028484;
racing,killCuboid,10,1,60,-12.81886,51.19055,1470.087,9.856495E-05,0.9998091,-0.005235036,0.01882437;
racing,killCuboid,5,5,5,-14.63196,-379.6436,2133.441,0,0.9997681,0,0.02153771;
racing,checkpointCuboid,4,5,1,-33.30193,-358.946,2178.151,0,0.7350694,0,-0.6779919;
racing,killTube,0.9,20,0.9,-114.9695,-363.1186,2158.474,0.4867385,0.513253,0.5019127,-0.4977354;
custom,tube,metal2,1,20,1,0,1,1,1,1.0,1.0,-115.1829,-362.8386,2158.32,0.4870861,0.5129023,0.5022709,-0.4973956;
custom,cuboid,metal2,5,5,1,0,1,1,1,1.0,1.0,-18.67139,-356.3602,2196.439,0,0.9995967,0,0.02839811;
custom,cuboid,metal2,5,5,1,0,1,1,1,1.0,1.0,-40.31779,-357.3115,2190.762,0,0.7014982,0,0.7126713;
custom,cuboid,metal2,5,5,1,0,1,1,1,1.0,1.0,-40.10838,-331.915,2154.375,0,0.710151,0,0.7040494;
custom,cuboid,metal2,5,5,1,0,1,1,1,1.0,1.0,-39.61087,-390.9958,2160.864,0,0.7249998,0,-0.6887491;
custom,cuboid,metal2,5,5,1,0,1,1,1,1.0,1.0,-39.07782,-363.1724,2131.694,0,0.7224162,0,-0.6914585;
custom,cuboid,metal2,5,5,1,0,1,1,1,1.0,1.0,-40.93756,-346.8174,2188.203,0.27646,0.6674336,-0.2646062,-0.638816;
custom,cuboid,metal2,5,5,1,0,1,1,1,1.0,1.0,-40.2789,-389.4196,2173.187,0.2244403,0.686676,-0.2148171,-0.6572338;
custom,cuboid,metal2,5,5,1,0,1,1,1,1.0,1.0,-38.99265,-377.259,2134.744,0.2834341,0.6645019,-0.2712814,-0.6360101;
custom,cuboid,metal2,5,5,1,0,1,1,1,1.0,1.0,-39.52547,-339.8976,2139.601,0.3379244,0.6171787,-0.2892177,-0.6490384;
custom,cuboid,metal2,5,5,1,0,1,1,1,1.0,1.0,-186.6286,-393.7451,2136.103,0,0.6891719,0,0.7245979;
racing,killCuboid,5,5,1,-177.2152,-375.4393,2127.19,0,0.7255331,0,-0.6881872;
racing,killCuboid,5,5,1,-196.3562,-352.6955,2135.646,0,0.6929134,0,0.7210208;
racing,killCuboid,5,5,1,-181.3906,-355.6904,2165.612,0,0.01299666,0,-0.9999155;
racing,killCuboid,5,5,1,-180.055,-335.0139,2157.722,0,0.6897351,0,0.7240618;
racing,killCuboid,2,1,5,-186.7407,-354.3477,2135.723,0,0.02872111,0,-0.9995875;
racing,killCuboid,1,1,0.1,-187.4522,-372.7382,2147.125,0,0.9999902,0,0.004424275;
racing,killCuboid,1,1,0.1,-187.3127,-359.6972,2140.457,0,0.9999902,0,0.004424275;
racing,killCuboid,1,1,0.1,-187.4855,-373.1657,2140.683,0,0.9995314,0,0.03060836;
racing,checkpointCuboid,1,1,0.1,-185.2836,-364.0284,2111.762,0,0.9992593,0,0.03848171;
custom,cuboid,rock1,20,1,20,0,1,1,1,1.0,1.0,-275.8249,-373.7331,2007.183,0,0.9997498,0,0.02236664;
custom,cuboid,rock1,1,3,20,0,1,1,1,1.0,1.0,-172.7725,-354.455,2010.047,0,0.9997612,0,0.02185434;
custom,cuboid,rock1,1,3,20,0,1,1,1,1.0,1.0,-271.1685,-352.8932,1904.426,0,0.7167193,0,-0.6973618;
custom,cuboid,rock1,1,3,20,0,1,1,1,1.0,1.0,-291.1311,-352.9637,2109.166,0,0.7261139,0,-0.6875745;
custom,cuboid,rock1,1,3,19,0,1,1,1,1.0,1.0,-375.287,-352.9774,1991.577,0,0.9996629,0,0.02596203;
racing,killCapsule,1,6,1,-271.0987,-357.1544,2004.992,0,0.670395,0,0.7420044;
racing,killArc180,4,6,4,-272.8156,-355.6328,1973.419,0,0.7145182,0,-0.6996168;
racing,killArc180,4,6,4,-276.8563,-353.3618,2031.867,0,0.6726357,0,0.7399738;
racing,killArc180,6.5,6,6.5,-279.5316,-355.896,1960.152,0,0.6730932,0,-0.7395577;
racing,killArc180,6.5,6,6.5,-276.052,-355.9764,2043.776,0,-0.6612303,0,-0.750183;
racing,killCuboid,1,6,4,-226.8708,-368.1186,2001.222,0,0.944779,0,-0.3277082;
racing,killCuboid,1,6,10,-217.5345,-368.0887,2065.191,0,0.01984684,0,-0.9998031;
racing,killCuboid,1,6,4,-333.7896,-392.8963,2010.501,0,0.9996457,0,-0.02661727;
racing,killCuboid,1,5,4,-337.7842,-320.7126,1998.729,0,0.0192719,0,-0.9998143;
racing,killCuboid,19,5,20,-281.9513,-393.4059,2008.482,0,0.9998592,0,0.01678205;
racing,killCuboid,4,5,4,-352.8633,-355.6815,1974.01,0,0.9998527,0,0.01716742;
racing,killCuboid,1,5,23,-373.5854,-362.885,1971.61,0,0.9996684,0,0.02575402;
racing,killCuboid,1,5,23,-251.5394,-363.8109,1906.002,0,0.6975263,0,0.7165592;
racing,killCuboid,1,5,23,-172.6226,-364.2324,1992.531,0,0.9997998,0,0.02000752;
racing,killCuboid,1,5,23,-330.833,-363.4913,2106.356,0,0.7261994,0,-0.6874842;
racing,killCuboid,1,5,23,-376.6712,-362.9243,1971.625,0,0.9996886,0,0.02495444;
custom,cuboid,rock1,20,1,20,0,1,1,1,1.0,1.0,-277.5799,-344.6111,2009.613,0,0.7017168,0,0.712456;
racing,killCuboid,20,1,20,-276.3645,-344.6634,2006.091,0,0.9997872,0,0.02063365;
custom,cylinder,rock1,0.5,1,0.5,0,1,1,1,1.0,1.0,-271.4691,-359.6583,2004.865,0,0.2046089,0,0.9788438;
racing,killCuboid,0.5,1,5,-337.1048,-347.8915,2011.08,0,0.02489984,0,0.9996899;
racing,killCuboid,0.5,10,20,-330.277,-360.7174,2108.792,0,0.01832803,0,0.999832;
custom,cuboid,rock1,6,10,6,0,1,1,1,1.0,1.0,-410.0868,-418.4717,2071.287,0,0.7073616,0,0.7068518;
custom,arc180,rock1,6,10,6,0,1,1,1,1.0,1.0,-403.2379,-338.1136,1993.529,0.6023662,0.6028154,0.3617215,-0.3780556;
custom,arc180,rock1,6,10,6,0,1,1,1,1.0,1.0,-405.4936,-270.2303,2041.019,0.5252498,-0.5034687,-0.4818355,-0.4883303;
custom,cuboid,rock1,6,1,20,0,1,1,1,1.0,1.0,-396.8705,-276.0243,1892.962,0,0.9994878,0,0.03200441;
racing,killCuboid,20,20,1,-431.1718,-281.7891,2040.743,0,0.6998588,0,0.7142813;
racing,killCuboid,20,20,1,-376.1237,-301.5029,1983.054,0,0.7279035,0,-0.6856796;
racing,killCuboid,20,20,1,-381.0199,-250.5022,2102.827,0,0.7279035,0,-0.6856796;
racing,killCuboid,20,20,1,-416.322,-239.4693,2102.167,0,0.9996169,0,0.0276804;
racing,killCuboid,10,1,6,-403.6315,-327.872,2065.372,0,0.7044464,0,0.7097572;
racing,killCuboid,20,6,1,-425.0021,-241.1114,1891.224,0,0.6871786,0,0.7264886;
racing,killCuboid,20,6,1,-369.8294,-242.812,1893.513,0,0.729914,0,-0.683539;
racing,killCuboid,6,1,30,-618.0621,-276.0303,1573.57,0,0.9995595,0,0.02967801;
racing,killCuboid,6,1,20,-399.9128,-218.34,1907.924,0,0.03438764,0,-0.9994086;
racing,killCuboid,6,1,30,-509.8128,-276.2386,1757.352,0,0.7259927,0,-0.6877024;
racing,killCuboid,6,1,30,-487.6646,-276.262,1402.416,0,0.6866191,0,0.7270174;
racing,killCuboid,6,1,30,-373.9794,-276.2332,1528.953,0,0.02579811,0,-0.9996672;
racing,killCuboid,6,1,30,-260.4885,-276.2682,1655.411,0,0.6876483,0,0.7260441;
racing,killCuboid,6,1,30,-130.8809,-276.7516,1486.266,0,0.9996071,0,0.02803134;
racing,killCuboid,6,1,30,-238.4188,-276.8669,1306.615,0,0.7254727,0,-0.688251;
racing,killCuboid,6,1,30,-353.3575,-275.4714,1180.266,0,0.9995224,0,0.0309041;
racing,killCuboid,1,8,30,-385.1831,-231.7318,1178.497,0,0.03751962,0,-0.9992959;
racing,killCuboid,1,8,30,-301.2249,-233.7988,1335.082,0,0.7250975,0,-0.6886462;
racing,killCuboid,1,8,30,-180.7325,-233.2157,1275.266,0,0.6920184,0,0.7218798;
racing,killCuboid,1,8,30,-95.33279,-234.745,1429.501,0,0.03330297,0,-0.9994453;
racing,killCuboid,1,8,30,-110.2365,-233.7082,1719.416,0,0.02094617,0,-0.9997806;
racing,killCuboid,1,8,30,-262.4683,-235.8649,1687.658,0,0.6913794,0,0.7224919;
racing,killCuboid,1,8,30,-337.9226,-232.4678,1472.931,0,0.9996626,0,0.02597624;
racing,killCuboid,1,8,30,-484.1319,-242.0121,1370.288,0,0.7275929,0,-0.6860092;
racing,killCuboid,1,8,30,-654.4127,-240.387,1628.924,0,0.9996375,0,0.02692155;
racing,killCuboid,1,8,30,-637.463,-234.2369,1370.118,0,0.9995102,0,0.03129646;
racing,killCuboid,1,8,30,-566.7581,-241.6954,1785.098,0,0.7286711,0,-0.6848639;
racing,killCuboid,1,8,30,-452.1773,-236.0771,1726.857,0,0.6883975,0,0.7253338;
racing,killCuboid,1,8,30,-407.4421,-235.1665,1584.298,0,0.02615219,0,-0.999658;
racing,killCuboid,1,8,17,-488.539,-235.3138,1434.714,0,0.7264305,0,-0.68724;
racing,killCuboid,1,8,30,-587.3704,-236.3033,1574.698,0,0.03313052,0,-0.999451;
racing,killCuboid,1,8,30,-163.6362,-235.0449,1480.364,0,0.9996548,0,0.02627229;
racing,killCuboid,1,8,17,-256.2646,-231.2984,1622.555,0,0.7226352,0,-0.6912296;
racing,killCuboid,1,8,17,-361.7862,-240.6647,1805.225,0,0.03423041,0,-0.999414;
racing,killCuboid,60,1,60,-383.1408,-215.0896,1528.587,0,0.9994996,0,0.0316317;
custom,cuboid,default,2,2,2,0,1,1,1,1.0,1.0,-505.7459,-251.0575,1582.169,0,0.8982756,0,0.4394325;
custom,cuboid,default,2,2,2,0,1,1,1,1.0,1.0,-244.5029,-250.2517,1500.13,0,0.9316655,0,-0.3633174;
custom,pillar1,default,0.5,0.5,0.5,0,1,1,1,1.0,1.0,-244.7247,-241.4393,1500.889,0,0.9997341,0,0.02305931;
custom,pillar1,default,0.5,0.5,0.5,0,1,1,1,1.0,1.0,-506.78,-242.1155,1582.176,0,0.6746666,0,0.7381227;
racing,killCuboid,1,8,25,-324.5768,-231.0845,1147.368,0,0.9997531,0,0.02221976;
misc,region,[FF0000]level~1~,1,1,1,653.7048,530.1137,1642.21,0,0,0,1;
misc,barrier,1,1,20,-243.9731,-357.9329,-545.5053,0,0.9995283,0,0.03071071;
misc,region,[f0e68c]level~3~,1,1,1,467.0047,23.04815,1801.625,0,0,0,1;
misc,region,[800000]level~4~,1,1,1,387.803,10.89323,1377.275,0,0,0,1;
misc,region,[bc8f8f]level~5~,1,1,1,-26.68224,-367.7843,2166.338,0,0,0,1;
misc,region,[9370db]level~6~,1,1,1,-185.3993,-368.1032,2098.633,0,0,0,1;
custom,cuboid,crystal2,6,1,6,0,1,1,1,1.0,1.0,-122.2595,-275.4621,1312.141,0,0.9995096,0,0.03131342;
racing,checkpointCuboid,5,1,5,-121.121,-265.7561,1312.51,0,0.9993319,0,0.03654877;
misc,region,[8a2be2]level()~7~(),5,5,5,-120.7974,-267.9052,1314.043,0,0,0,1;
custom,cylinder,crystal2,0.3,8,0.3,0,1,1,1,1.0,1.0,-330.2704,-232.0105,1270.103,0,0.9023725,0,-0.430957;
custom,cylinder,crystal2,0.3,8,0.3,0,1,1,1,1.0,1.0,-335.2771,-252.9688,1330.478,0,0.6424251,0,-0.7663486;
custom,cylinder,crystal2,0.3,8,0.3,0,1,1,1,1.0,1.0,-390.7216,-235.2225,1268.628,0,0.7586952,0,-0.6514459;
custom,cylinder,crystal2,0.3,8,0.3,0,1,1,1,1.0,1.0,-392.9016,-244.2657,1326.475,0,0.4882383,0,-0.8727103;
custom,cuboid,crystal2,8,6,1,0,1,1,1,1.0,1.0,-348.5562,-283.3443,1046.205,0,0.9997219,0,0.02358261;
custom,cuboid,crystal2,8,6,1,0,1,1,1,1.0,1.0,-348.4294,-210.3033,1046.056,0,0.9997219,0,0.02358261;
racing,killCuboid,8,6,60,-327.0834,-304.265,734.2455,0,0.99967,0,0.02569074;
racing,killCuboid,8,6,60,-294.0327,-305.769,153.3221,0,0.9995453,0,0.03015331;
racing,killCuboid,1,8,120,-342.1593,-243.0882,438.4445,0,0.9996078,0,0.02800478;
racing,killCuboid,1,8,120,-275.2739,-242.069,427.4136,0,0.9995121,0,0.03123516;
racing,killCuboid,8,1,130,-318.8832,-219.7858,498.4156,0,0.02750852,0,-0.9996216;
racing,killCuboid,8,1,130,-319.2326,-220.6086,723.4698,0,0.9997021,0,0.02440701;
custom,cuboid,crystal2,8,8,1,0,1,1,1,1.0,1.0,-303.994,-250.0326,935.5913,0,0.9996631,0,0.02595582;
custom,cuboid,crystal2,8,8,1,0,1,1,1,1.0,1.0,-400.0659,-249.8726,928.4846,0,0.9996631,0,0.02595582;
custom,cuboid,crystal2,8,8,1,0,1,1,1,1.0,1.0,-344.4164,-282.2358,873.2159,0,0.9993192,0,0.03689449;
custom,cuboid,crystal2,8,8,1,0,1,1,1,1.0,1.0,-347.4059,-187.4342,872.9561,0,0.9993192,0,0.03689449;
custom,cuboid,crystal2,8,8,1,0,1,1,1,1.0,1.0,-327.0911,-308.8166,655.0377,0,0.9996614,0,0.02602184;
custom,cuboid,crystal2,8,8,1,0,1,1,1,1.0,1.0,-327.0703,-215.5357,654.6395,0,0.9996614,0,0.02602184;
custom,cuboid,crystal2,8,8,1,0,1,1,1,1.0,1.0,-293.8541,-242.0158,656.7276,0,0.9996968,0,0.02462603;
custom,cuboid,crystal2,8,8,1,0,1,1,1,1.0,1.0,-388.3676,-241.0158,651.8481,0,0.9996614,0,0.02602184;
custom,cuboid,crystal2,8,8,1,0,1,1,1,1.0,1.0,-325.9826,-309.1284,645.8587,0,0.9998411,0,0.01782639;
custom,cuboid,crystal2,8,8,1,0,1,1,1,1.0,1.0,-327.0676,-309.2553,637.0255,0,0.9999117,0,0.01328909;
custom,cuboid,crystal2,8,8,1,0,1,1,1,1.0,1.0,-345.1295,-256.3323,626.4839,0,0.9988556,0,0.04782874;
custom,cuboid,crystal2,8,8,1,0,1,1,1,1.0,1.0,-351.8992,-254.6789,616.3916,0,0.7357209,0,-0.6772849;
custom,cuboid,crystal2,8,8,1,0,1,1,1,1.0,1.0,-318.7494,-302.5009,614.3834,0,0.6852406,0,0.7283168;
custom,cuboid,crystal2,8,8,1,0,1,1,1,1.0,1.0,-308.8849,-296.4805,620.8537,0,0.686828,0,0.7268201;
custom,cuboid,crystal2,8,8,1,0,1,1,1,1.0,1.0,-298.8354,-291.9373,620.9357,0,0.6791793,0,0.7339724;
custom,cuboid,crystal2,8,8,1,0,1,1,1,1.0,1.0,-290.4562,-291.9228,621.4212,0,-0.6846043,0,-0.728915;
custom,cuboid,crystal2,8,8,1,0,1,1,1,1.0,1.0,-287.099,-231.4249,607.7424,0,0.04138137,0,-0.9991434;
custom,cuboid,crystal2,8,8,1,0,1,1,1,1.0,1.0,-340.4131,-241.1613,575.8555,0,0.03921186,0,-0.9992309;
racing,killCuboid,8.2,8.2,1.2,-349.4772,-294.2036,1045.219,0,0.9996958,0,0.02466515;
racing,killCuboid,8.2,8.2,1.2,-352.4288,-199.3286,1044.985,0,0.9997084,0,0.02414991;
racing,killCuboid,8.2,8.2,1.2,-303.6083,-250.1487,934.8542,0,0.9996714,0,0.02563505;
racing,killCuboid,8.2,8.2,1.2,-400.2987,-250.2687,928.9414,0,0.9995448,0,0.03017113;
racing,killCuboid,8.2,8.2,1.2,-339.4404,-283.1214,873.1292,0,0.9993065,0,0.03723674;
racing,killCuboid,8.2,8.2,1.2,-339.7356,-186.4537,872.6956,0,0.9993512,0,0.0360161;
racing,killCuboid,8.2,8.2,1.2,-293.1881,-243.1554,655.9843,0,0.9996803,0,0.02528431;
racing,killCuboid,8.2,8.2,1.2,-347.9338,-309.5557,653.6465,0,0.9996624,0,0.02598222;
racing,killCuboid,8.2,8.2,1.2,-389.1771,-243.2354,651.1172,0,0.9995235,0,0.03086716;
racing,killCuboid,8.2,8.2,1.2,-338.5183,-214.9548,653.327,0,0.9996912,0,0.02484892;
racing,killCuboid,8.2,8.2,1.2,-295.6693,-292.7664,620.3627,0,0.7281345,0,-0.6854343;
racing,killCuboid,8.2,8.2,1.2,-308.6671,-297.2864,619.6551,0,0.724295,0,-0.6894903;
racing,killCuboid,8.2,8.2,1.2,-318.2247,-302.8061,616.1181,0,0.7286128,0,-0.6849258;
racing,killCuboid,8.2,8.2,1.2,-300.3256,-292.9268,619.9805,0,0.7300457,0,-0.6833983;
racing,killCuboid,8.2,8.2,1.2,-338.6773,-309.9795,642.7321,0,0.9987248,0,0.05048496;
racing,killCuboid,8.2,8.2,1.2,-337.9427,-310.1398,638.2579,0,0.9987248,0,0.05048496;
racing,killCuboid,8.2,8.2,1.2,-341.0017,-244.0719,574.605,0,0.04039235,0,-0.999184;
racing,killCuboid,1.2,8.2,1.2,-310.6578,-246.9483,630.0078,0,0.9991814,0,0.04045317;
racing,killCuboid,1.2,8.2,1.2,-321.4957,-247.8943,604.7347,0,0.03324705,0,-0.9994472;
racing,killCuboid,1.2,8.2,1.2,-305.8574,-241.3198,578.8641,0,0.7241893,0,-0.6896013;
custom,torus,crystal2,1.2,8.2,1.2,0,1,1,1,1.0,1.0,-308.3621,-254.5363,469.9298,-0.01159608,0.678075,0.7348234,0.01070055;
custom,torus,crystal2,1.2,8.2,1.2,0,1,1,1,1.0,1.0,-287.5985,-253.7095,386.3346,-0.04135546,0.6897513,0.7217832,0.03952013;
custom,torus,crystal2,1.2,8.2,1.2,0,1,1,1,1.0,1.0,-296.2462,-254.8763,293.4222,-0.01587542,0.7032192,0.7106223,0.01571004;
custom,torus,crystal2,1.2,8.2,1.2,0,1,1,1,1.0,1.0,-312.6068,-259.1126,173.7015,-0.01128247,0.6995762,0.7143835,0.01104861;
racing,killTorus,1.1,8.3,1.1,-308.46,-254.5272,470.4325,-0.01802017,0.6759098,0.7365848,0.01625129;
racing,killTorus,1.1,8.3,1.1,-287.6712,-253.8327,386.3578,-0.0263561,0.6887637,0.7239423,0.02859331;
racing,killTorus,1.1,8.3,1.1,-296.4832,-255.072,293.7568,-0.0196595,0.7048556,0.7088048,0.01969572;
racing,killTorus,1.1,8.3,1.1,-312.4642,-259.1886,173.8088,-0.01123367,0.7070175,0.7070177,0.01123366;
racing,killCuboid,8,8,1.1,-263.9446,-253.2999,472.2155,0,0.9998736,0,0.01589942;
racing,killCuboid,8,8,1.1,-322.8537,-300.6978,462.7692,0,0.9998736,0,0.01589942;
racing,killCuboid,8,8,1.1,-353.674,-258.9836,472.2048,0,0.01809513,0,-0.9998363;
racing,killCuboid,8,8,1.1,-306.9034,-209.7504,466.7294,0,0.02463941,0,-0.9996964;
racing,killCuboid,8,8,1.1,-334.207,-247.6004,389.5966,0,0.9999556,0,0.009425695;
racing,killCuboid,8,8,1.1,-289.0826,-299.6817,387.6932,0,0.9999556,0,0.009425695;
racing,killCuboid,8,8,1.1,-241.849,-256.9637,387.455,0,0.9990171,0,0.04432628;
racing,killCuboid,8,8,1.1,-290.85,-208.8542,389.7071,0,0.9989177,0,0.04651354;
racing,killCuboid,8,8,1.1,-297.6874,-300.4471,291.5358,0,0.9994404,0,0.03344956;
racing,killCuboid,8,8,1.1,-250.6278,-254.8406,298.7727,0,0.9983499,0,0.05742341;
racing,killCuboid,8,8,1.1,-342.0859,-254.6441,289.7461,0,0.9997926,0,0.02036856;
racing,killCuboid,8,8,1.1,-298.3795,-210.9088,290.5625,0,0.9996942,0,0.0247317;
racing,killCuboid,8,8,1.1,-309.5469,-304.2911,173.7352,0,0.9998343,0,0.01820447;
racing,killCuboid,8,8,1.1,-267.2132,-252.7307,176.0773,0,0.9998343,0,0.01820447;
racing,killCuboid,8,8,1.1,-312.2254,-214.2784,177.9288,0,0.03348693,0,-0.9994392;
racing,killCuboid,8,8,1.1,-357.4677,-259.5548,168.354,0,0.03784745,0,-0.9992836;
racing,checkpointSphere,1,1,1,-284.2458,-254.658,18.92361,0,0.9992739,0,0.03810099;
custom,cuboid,crystal2,8,8,1.1,0,1,1,1,1.0,1.0,-290.0846,-313.2601,68.17023,0,0.9991974,0,0.04005798;
custom,torus,crystal2,1,1,1,0,1,1,1,1.0,1.0,-284.2654,-252.9757,19.59698,-0.0218474,0.7165583,0.6968229,0.02246616;
custom,tube,default,1.2,10,1.2,1,0,0.4772727,0.06818182,1.0,1.0,-268.8648,-305.4549,-219.5528,0,0.9983455,0,0.05750078;
custom,tube,default,1.5,0.5,1.5,1,0,0.4772727,0.06818182,1.0,1.0,-269.0056,-269.4938,-219.449,0,0.9989133,0,0.04660784;
racing,killCuboid,8,8,8,-274.4312,-317.7401,-173.7935,0,0.03355746,0,-0.9994368;
racing,killCuboid,8,8,8,-311.8042,-318.3378,-248.2714,0,0.9986726,0,0.05150812;
racing,killCuboid,8,8,8,-222.6365,-318.3103,-241.0909,0,0.9997647,0,0.02169075;
racing,killCuboid,18,1,18,-272.8808,-284.4363,-314.8413,0,0.9995003,0,0.0316115;
racing,killCuboid,8,8,8,-200.057,-239.9848,-163.8467,0,0.6830822,0,0.7303416;
racing,killCuboid,8,8,8,-145.8682,-241.2641,-238.1425,0,0.6923935,0,0.7215201;
racing,killCuboid,8,8,8,-345.6284,-239.7887,-174.6182,0,0.7435074,0,-0.6687278;
racing,killCuboid,8,8,8,-378.2431,-242.3775,-254.0905,0,0.7379504,0,-0.674855;
racing,killCuboid,18,8,1,-266.6512,-245.7952,-281.8226,0,0.04681559,0,-0.9989036;
racing,killCuboid,18,1,18,-258.6974,-215.4561,-219.3324,0,0.9991879,0,0.04029347;
spawnpoint,playerC,685.3251,518.9773,1497.298,0,0.7058507,0,0.7083607;
spawnpoint,playerM,685.7661,519.9764,1498.014,0,0.7070859,0,0.7071277;
misc,region,[4b0082]level(/\)~8~(/\),1,1,1,-289.6642,-272.6091,68.36426,0,0,0,1;
custom,cuboid,default,80,1,60,1,0,0,0,1.0,1.0,0.2515431,-3.797239,-16.65177,0,-0.007411645,0,0.9999725;
custom,cylinder,default,12,6,12,1,1,0,0,1.0,1.0,7.358153,-45.67228,-7.837294,0,0.0191663,0,0.9998163;
custom,cuboid,crystal1,3,6,12,0,1,0,0,1.0,1.0,-265.1941,-388.9492,-265.3207,0,0.9990861,0,0.04274205;
custom,cuboid,crystal1,3,1,12,0,1,0,0,1.0,1.0,-267.0914,-334.6753,-284.3929,0,0.9996432,0,0.0267123;
racing,killCuboid,1,3,12,-275.1552,-344.8606,-266.016,0,0.04698235,0,-0.9988958;
racing,killCuboid,1,3,12,-255.9859,-345.238,-264.1696,0,0.02938888,0,-0.999568;
racing,killCuboid,2,3,12,-255.9301,-373.9552,-384.7829,0,0.9991156,0,0.04204912;
racing,killCuboid,2,3,12,-256.7005,-324.9563,-384.3011,0,0.9980973,0,0.06165842;
racing,killCuboid,1,3,12,-241.8519,-347.5734,-382.6942,0,0.9992114,0,0.03970702;
racing,killCuboid,1,3,12,-268.1472,-350.0793,-386.8174,0,0.03519151,0,-0.9993806;
racing,killCone,2,2,2,-358.6263,-292.2647,-760.2096,0,0.9815512,0,-0.1911994;
racing,killCuboid,0.5,0.5,0.5,-250.7396,-348.0237,-438.136,0,0.9985535,0,0.05376709;
custom,cuboid,crystal1,3,1,1,0,1,0,0,1.0,1.0,-250.2353,-358.3194,-440.8488,0,0.9992803,0,0.03793386;
custom,cuboid,crystal1,3,1,1,0,1,0,0,1.0,1.0,-233.7453,-351.7193,-439.8374,0,0.9992803,0,0.03793386;
custom,cuboid,crystal1,3,1,1,0,1,0,0,1.0,1.0,-267.4635,-351.8792,-442.1831,0,0.9992803,0,0.03793386;
custom,cuboid,crystal1,3,1,1,0,1,0,0,1.0,1.0,-250.2202,-344.3587,-441.0456,0,0.9992803,0,0.03793386;
racing,killCuboid,3.2,3.2,1.2,-249.6851,-369.226,-441.2078,0,0.9990103,0,0.0444786;
racing,killCuboid,3.2,3.2,1.2,-232.7907,-349.2657,-439.5161,0,0.9993479,0,0.03610785;
racing,killCuboid,3.2,3.2,1.2,-268.2749,-349.3057,-443.0652,0,0.9993095,0,0.03715434;
racing,killCuboid,3.2,3.2,1.2,-249.689,-333.5053,-441.1686,0,0.9990103,0,0.0444786;
custom,cylinder,crystal1,4,8,4,0,1,1,1,1.0,1.0,-426.0201,-248.4399,1793.508,0,0.9665019,0,-0.2566596;
custom,cylinder,crystal1,3.5,8,3.5,0,1,1,1,1.0,1.0,-604.2242,-237.7481,1718.906,0,0.8627691,0,-0.5055983;
custom,cylinder,crystal1,3,8,3,0,1,1,1,1.0,1.0,-578.5786,-243.9544,1425.937,0,0.9840267,0,0.178021;
custom,cylinder,crystal1,2,8,2,0,1,1,1,1.0,1.0,-403.5342,-242.8792,1430.29,0,0.5463976,0,0.8375259;
custom,cylinder,crystal1,1,8,1,0,1,1,1,1.0,1.0,-346.7623,-254.0056,1620.068,0,0.6722844,0,0.740293;
custom,cylinder,crystal1,0.5,8,0.5,0,1,1,1,1.0,1.0,-168.6497,-253.5082,1629.985,0,0.9947357,0,0.1024743;
racing,killCylinder,2,5,2,-229.5693,-223.3501,1306.701,0,0.7346439,0,-0.678453;
racing,killCuboid,2,2,2,-345.7952,-245.4007,1044.929,0,0.9992913,0,0.03764284;
custom,cuboid,crystal2,0.1,1,20,0,1,1,1,1.0,1.0,-244.1426,-358.2914,-546.7535,0,0.9995278,0,0.03072961;
racing,killCuboid,1,1,20,-234.745,-350.5151,-537.2994,0,0.9995715,0,0.02927191;
racing,killCuboid,1,1,20,-253.625,-350.8751,-538.8962,0,0.9994633,0,0.03276089;
racing,killCuboid,1,1,20,-244.1216,-342.6624,-537.7406,0,0.03077886,0,-0.9995263;
custom,cuboid,crystal2,1,5,1,0,1,1,1,1.0,1.0,-238.0967,-347.7041,-650.2928,0,0.03524971,0,-0.9993786;
custom,cuboid,crystal2,1,5,1,0,1,1,1,1.0,1.0,-228.6967,-347.8651,-641.2297,0,0.6842908,0,0.7292092;
custom,cuboid,crystal2,1,5,1,0,1,1,1,1.0,1.0,-248.0527,-347.8047,-642.6208,0,0.7321931,0,-0.6810971;
custom,cuboid,crystal2,1,2,1,0,1,1,1,1.0,1.0,-238.5054,-332.744,-632.8505,0,0.9994726,0,0.03247545;
custom,cuboid,crystal2,1.4,2,0.6,0,1,1,1,1.0,1.0,-244.9382,-332.7488,-648.4689,0,0.3360882,0,0.9418305;
custom,cuboid,crystal2,1.4,2,0.6,0,1,1,1,1.0,1.0,-231.6037,-332.7804,-647.127,0,0.3850486,0,-0.9228963;
custom,cuboid,crystal2,1.4,2,0.6,0,1,1,1,1.0,1.0,-231.493,-332.7486,-634.7912,0,0.939824,0,-0.3416589;
custom,cuboid,crystal2,1.4,2,0.6,0,1,1,1,1.0,1.0,-245.4128,-332.6538,-635.5702,0,0.9076151,0,0.4198033;
custom,cuboid,crystal2,0.1,0.1,1,0,1,1,1,1.0,1.0,-238.5136,-323.3333,-641.4957,0,0.6756254,0,0.7372451;
custom,cuboid,crystal2,1,0.1,0.1,0,1,1,1,1.0,1.0,-238.2388,-323.3332,-641.7527,0,0.6797321,0,0.7334605;
custom,cuboid,crystal2,0.1,7,0.1,0,1,1,1,1.0,1.0,-238.3793,-318.6217,-641.4435,0,0.6669796,0,0.7450761;
racing,killCuboid,20,1,20,-323.5913,-328.8492,-577.9142,0,0.4465796,0,-0.8947439;
racing,killCuboid,20,1,20,-245.0594,-328.8894,-537.3712,0,0.0331936,0,-0.999449;
racing,killCuboid,20,1,20,-129.0672,-328.8969,-632.1395,0,0.6738049,0,0.7389093;
racing,killCuboid,20,1,20,-158.991,-328.9567,-713.7122,0,0.9168521,0,0.3992272;
racing,killCuboid,20,1,20,-310.1166,-328.8667,-724.1218,0,0.9406181,0,-0.3394666;
racing,killCuboid,20,1,20,-343.1542,-328.9404,-651.2584,0,0.740605,0,-0.6719407;
racing,killCuboid,20,1,20,-222.7805,-328.9409,-744.6623,0,0.9992397,0,0.03899011;
racing,killCuboid,20,1,20,-169.277,-329.6944,-556.0516,0,0.3352844,0,0.942117;
custom,cuboid,crystal2,20,15,1,0,1,1,1,1.0,1.0,-402.8561,-251.4191,-516.5458,0,0.4566745,0,-0.8896338;
custom,cuboid,crystal2,20,15,1,0,1,1,1,1.0,1.0,-442.7638,-265.1711,-677.5994,0,0.7431222,0,-0.6691558;
custom,cuboid,crystal2,20,15,1,0,1,1,1,1.0,1.0,-358.6003,-261.7228,-810.9924,0,0.9478979,0,-0.3185744;
custom,cuboid,crystal2,20,15,1,0,1,1,1,1.0,1.0,-247.4194,-255.1083,-441.3824,0,0.04866239,0,-0.9988153;
custom,cuboid,crystal2,20,15,1,0,1,1,1,1.0,1.0,-81.88173,-255.3916,-495.7534,0,0.3493828,0,0.9369801;
custom,cuboid,crystal2,20,15,1,0,1,1,1,1.0,1.0,-28.2403,-255.5465,-632.9933,0,0.6797559,0,0.7334384;
custom,cuboid,crystal2,20,15,1,0,1,1,1,1.0,1.0,-91.4192,-255.3557,-796.1189,0,0.914955,0,0.4035558;
custom,cuboid,crystal2,20,15,1,0,1,1,1,1.0,1.0,-238.4911,-256.1913,-817.0736,0,0.9848857,0,-0.1732057;
racing,killSphere,2,2,2,-207.6207,-248.6449,-870.6514,0,0.9924442,0,0.1226973;
racing,killSphere,2,2,2,-221.4197,-248.7942,-896.2267,0,0.8765286,0,0.4813499;
racing,killSphere,2,2,2,-188.7586,-277.4234,-904.3594,0,0.8817238,0,0.4717661;
racing,killSphere,2,2,2,-21.34379,-277.5445,-1018.302,0,0.885805,0,0.4640578;
racing,killCuboid,1,4,1,74.0393,-239.3697,-1078.995,0.1406817,0.1436594,0.6853742,0.6998806;
racing,checkpointCuboid,1.1,0.1,1.1,-238.5959,-322.2306,-641.6542,0,0.9991428,0,0.04139694;
misc,region,[800080]level{}~9~{},1,1,1,-238.3014,-322.3513,-641.4494,0,0,0,1;
racing,killCuboid,1,15,1,-328.6759,-253.425,-550.1208,0,0.9139562,0,0.405813;
racing,killCuboid,1,15,1,-214.0269,-254.1147,-682.722,0,0.6860527,0,-0.7275519;
racing,killCuboid,1,15,1,-180.0318,-272.5907,-627.4604,0,0.7582009,0,0.652021;
racing,killCuboid,1,15,1,-402.3542,-259.2952,-702.5489,0,0.1638535,0,0.9864847;
racing,killCuboid,1,15,1,-277.3767,-250.6429,-595.2653,0,0.8486937,0,-0.5288848;
racing,killCuboid,1,15,1,-120.5228,-264.0616,-596.722,0,0.5086119,0,-0.8609959;
racing,killCuboid,1,15,1,-187.6885,-264.5136,-589.788,0,0.3493341,0,-0.9369982;
racing,killCuboid,1,15,1,-141.0109,-266.8748,-539.238,0,0.8802954,0,0.474426;
racing,killCuboid,1,15,1,-157.8652,-268.6956,-654.0684,0,0.9533374,0,0.301907;
racing,killCuboid,1,15,1,-198.9272,-274.0121,-756.5883,0,0.9533359,0,0.3019116;
racing,killCuboid,1,15,1,-273.5656,-279.649,-746.1225,0,0.7033648,0,-0.7108291;
racing,killCuboid,1,15,1,-304.1649,-263.5732,-829.1989,0,0.4939226,0,-0.8695059;
racing,killCuboid,60,1,60,-225.0715,-200.1131,-611.7557,0,0.003522778,0,-0.9999938;
custom,cuboid,lava1,5,10,1,0,1,1,1,1.0,1.0,-300.3993,-279.7702,-821.9179,0,0.8659446,0,0.50014;
custom,cuboid,lava1,5,10,1,0,1,1,1,1.0,1.0,-277.9493,-212.9843,-845.7858,0,0.8944718,0,0.4471244;
custom,cuboid,lava1,5,10,1,0,1,1,1,1.0,1.0,-301.3671,-242.5149,-805.0742,0,0.3214658,0,0.9469212;
custom,cuboid,lava1,5,10,1,0,1,1,1,1.0,1.0,-265.2213,-243.5149,-829.8472,0,0.2670127,0,0.963693;
custom,cuboid,crystal1,5,1,5,0,1,1,1,1.0,1.0,-280.6836,-283.6894,-847.0311,0,0.4639016,0,-0.8858867;
racing,checkpointCuboid,1,1,1,-287.3792,-274.559,-840.2813,0,0.469709,0,-0.8828213;
misc,region,[000000]level[/-\]~10~[/-\],1,1,1,-271.9299,-274.8046,-844.5764,0,0,0,1;
misc,region,[FF0000]Final,1,1,1,-278.2975,-272.2497,-856.4246,0,0,0,1;
racing,killCuboid,6,1,60,-9.857094,-283.8215,-1026.092,0,0.8815014,0,0.4721814;
racing,killCuboid,1,6,60,-29.46232,-250.4048,-1037.914,0,0.8814498,0,0.4722776;
racing,killCuboid,1,6,60,-4.86225,-250.6936,-1003.259,0,0.4720559,0,-0.8815686;
racing,killCuboid,6,1,60,-19.15998,-226.3825,-1021.854,0,0.4717253,0,-0.8817456;
racing,killCuboid,6,1,6,-247.9585,-228.4424,-864.6059,0,0.2836077,0,0.9589404;
racing,killCuboid,6,10,1.2,-305.6896,-279.2946,-832.4631,0,0.8677643,0,0.496976;
racing,killCuboid,6,10,1.2,-275.8699,-213.1862,-843.6976,0,0.8937228,0,0.4486197;
custom,cuboid,crystal1,6,6,1,0,1,1,1,1.0,1.0,-220.5258,-282.476,-888.9737,0,0.891731,0,0.4525658;
custom,cuboid,crystal1,6,6,1,0,1,1,1,1.0,1.0,-196.9716,-237.1089,-905.6687,0,0.8907416,0,0.4545102;
custom,cuboid,crystal1,6,6,1,0,1,1,1,1.0,1.0,-22.46465,-236.3643,-1017.332,0,0.8846932,0,0.4661737;
custom,cuboid,crystal1,0.1,0.1,30,0,1,1,1,1.0,1.0,118.3264,-248.4023,-1084.959,0,0.4714808,0,-0.8818763;
custom,cuboid,crystal1,0.1,0.1,30,0,1,1,1,1.0,1.0,87.90456,-247.2702,-1114.392,0,0.4681797,0,-0.8836334;
custom,cuboid,crystal1,6,4,4,0,1,1,1,1.0,1.0,76.30861,-222.5045,-1079.866,0,0.8753251,0,0.483535;
custom,cuboid,crystal1,6,4,4,0,1,1,1,1.0,1.0,76.26982,-268.4251,-1079.846,0,0.8753251,0,0.483535;
custom,cuboid,crystal1,6,4,4,0,1,1,1,1.0,1.0,93.76226,-244.0246,-1053.333,0,0.8753251,0,0.483535;
custom,cuboid,crystal1,6,4,4,0,1,1,1,1.0,1.0,57.45339,-244.4646,-1108.647,0,0.878846,0,0.4771056;
racing,killCuboid,6.2,4.2,4.2,76.36552,-269.1797,-1080.479,0,0.8721399,0,0.4892566;
racing,killCuboid,6.2,4.2,4.2,56.98658,-241.4592,-1109.477,0,0.878386,0,0.477952;
racing,killCuboid,6.2,4.2,4.2,94.13702,-241.3392,-1052.997,0,0.8767123,0,0.4810152;
racing,killCuboid,6.2,4.2,4.2,76.86777,-221.7392,-1080.269,0,0.8765023,0,0.4813977;
racing,killSphere,1,4,1,127.1547,-273.8939,-1052.924,0.3440522,0.3452551,-0.6163465,-0.6185014;
racing,killCuboid,6,1,12,272.1592,-282.2442,-1176.239,0,0.2873184,0,0.9578351;
racing,killCuboid,1,6,40,150.3799,-249.1299,-1048.382,0,0.4849404,0,-0.8745472;
racing,killCuboid,1,6,40,364.2859,-251.1069,-1305.877,0,0.8871751,0,0.4614328;
racing,killCuboid,1,6,40,379.2274,-251.3156,-1071.334,0,0.2902062,0,0.9569641;
racing,killCuboid,6,1,40,94.53761,-283.6263,-1025.235,0,0.47241,0,-0.881379;
racing,killCuboid,20,1,40,125.2448,-231.5447,-1124.259,0,0.875239,0,0.4836907;
custom,cuboid,grass3,1,1,1,0,1,1,1,1.0,1.0,108.9624,-283.088,-1044.92,0,0.4696257,0,-0.8828656;
racing,endCuboid,0.1,3,0.1,109.6521,-271.1171,-1045.248,0,0.4761644,0,-0.8793563;
racing,checkpointCuboid,0.1,3,0.1,114.9541,-276.1735,-1043.831,0,0.4742697,0,-0.8803796;
racing,checkpointCuboid,0.1,3,0.1,110.1605,-276.0135,-1050.921,0,0.4742697,0,-0.8803796;
racing,checkpointCuboid,0.1,3,0.1,107.7327,-277.1553,-1038.937,0,0.9603544,0,-0.2787819;
racing,checkpointCuboid,0.1,3,0.1,103.0592,-276.728,-1046.22,0,0.8834567,0,0.4685129;
custom,cuboid,grass3,0.05,3,0.05,0,1,1,1,1.0,1.0,109.4977,-274.7877,-1045.154,0,0.8751443,0,0.4838621;
racing,killCuboid,3,3,1,80.57846,-267.3467,-1030.615,0,0.4896239,0,-0.8719338;
racing,killCuboid,6.2,3,1.2,-220.4447,-267.2865,-890.4667,0,0.8910254,0,0.4539536;
racing,killCuboid,6.2,6,1.2,-195.8328,-237.5545,-904.3438,0,0.8903906,0,0.4551974;
racing,killCuboid,6.2,6,1.2,-22.45545,-236.5685,-1017.429,0,0.8854427,0,0.4647485;
racing,killCuboid,1,1,1,519.9242,468.7293,1868.987,0,0.03062738,0,-0.9995309;
racing,killCone,1,1,1,558.4397,527.0688,1495.897,0,0.7056723,0,-0.7085384;
racing,killCone,1,1,1,626.2068,522.9371,1499.012,0,0.7056723,0,-0.7085384;
racing,killCone,1,1,1,484.903,527.0239,1497.482,0,0.746178,0,-0.6657465;
racing,killCone,1,1,1,521.5118,527.561,1496.08,0,0.7270039,0,-0.6866333;
racing,killCone,1,1,1,600.6031,528.796,1499.082,0,0.7315449,0,-0.6817933;
racing,killCone,1,1,1,452.237,527.6686,1495.557,0,0.6996008,0,-0.714534;
racing,killCuboid,2,2,2,351.5515,528.0809,1505.12,0,0.0187049,0,-0.9998251;
racing,killCuboid,2,2,2,341.5657,525.3415,1569.643,0,0.01158334,0,0.9999329;
racing,killCylinder,2,2,2,338.9272,527.5489,1669.153,0,0.02134677,0,-0.9997721;
racing,killSphere,2,2,2,346.7091,526.2012,1775.574,0,0.02791105,0,-0.9996104;
racing,killSphere,2,2,2,338.0028,523.4301,1818.197,0,0.0003975312,0,0.9999999;
racing,killCuboid,2,2,2,347.4567,560.04,1880.51,0,0.6693878,0,0.7429132;
racing,killSphere,2,2,2,377.1244,539.7931,1834.154,0,0.8960466,0,0.44396;
racing,killSphere,2,2,2,384.9175,523.0496,1801.206,0,0.9229351,0,-0.3849555;
racing,killSphere,2,2,2,400.8807,530.4,1769.849,0,0.9671049,0,0.2543783;
racing,killSphere,2,2,2,377.8283,529.8043,1737.769,0,0.9691802,0,-0.246353;
racing,killSphere,2,2,2,406.6681,528.8347,1714.241,0,0.9863188,0,0.1648489;
racing,killSphere,2,2,2,381.5299,529.4924,1685.003,0,0.9935495,0,-0.1133997;
racing,killSphere,2,2,2,403.8713,528.6329,1662.651,0,0.9962116,0,0.08696283;
racing,killSphere,2,2,2,386.2361,525.5104,1634.193,0,0.9993843,0,-0.03508698;
racing,killCylinder,2,3,2,425.5276,540.0773,1615.42,0.3263445,0.3129531,0.643768,0.6173512;
racing,killCylinder,2,3,2,489.2222,537.4109,1675.494,0.5953077,0.5891058,0.3883875,0.3843414;
racing,killCylinder,2,2,2,484.7021,523.1407,1587.561,0.7031727,0.5627743,0.01579148,-0.4342626;
racing,killCuboid,1,2,1,455.2055,531.7166,1559.332,0.7037092,0.7037093,-0.06923371,-0.06923369;
racing,killCuboid,1,3,1,531.063,532.5577,1570.252,0.477241,0.5124584,0.5200515,0.4890541;
racing,killCuboid,1,2,1,560.0416,531.8315,1526.544,0.5462972,0.5368453,0.4585687,0.4506344;
racing,killCuboid,1,3,1,572.6626,531.9377,1577.564,0.03445415,0.0361804,0.6887583,0.7232676;
racing,killCylinder,1,3,1,587.335,530.6192,1600.412,0.5163907,0.5218269,0.477603,0.4826309;
racing,killCuboid,1,2,1,639.1816,531.8667,1576.601,0.418152,0.4152427,0.573271,0.5692828;
racing,killCuboid,1,2,1,655.0928,533.8474,1598.467,0,0.01776974,0,-0.9998421;
racing,killCylinder,1,8,1,622.7499,532.2009,1703.687,0.009451364,0.009550858,-0.7033313,-0.7107352;
racing,killCone,1,1,1,518.4885,527.9721,1731.683,0,0.03096196,0,-0.9995206;
racing,killSphere,2,2,2,496.1244,497.5096,1892.976,0,0.9999483,0,-0.01016985;
racing,killSphere,2,2,2,528.014,498.2741,1892.778,0,0.9996939,0,0.02474194;
racing,killCuboid,2,1,2,508.5613,466.0038,1778.013,0.7117633,0.7018933,0.01935433,0.01908595;
racing,killCuboid,2,1,2,510.459,463.1323,1633.489,0.02693424,0.02721777,-0.7028789,-0.7102782;
racing,killCylinder,2,2,2,470.2433,462.7753,1684.656,0.02988703,0.03051965,-0.6990249,-0.7138203;
racing,killSphere,2,2,2,250.4691,15.71845,1454.167,0,0.9980069,0,-0.06310503;
racing,killSphere,2,2,2,230.4816,39.85795,1522.449,0,0.004605189,0,-0.9999894;
racing,killSphere,2,2,2,213.2842,16.28515,1461.349,0,0.9995462,0,-0.03012313;
racing,killCylinder,2,3,2,142.0163,20.0792,1542.773,0.7144551,0.6996459,0.005030256,0.004925991;
racing,killSphere,2,2,2,210.347,39.22684,1635.763,0,0.7384079,0,0.6743545;
racing,killSphere,2,2,2,237.0274,12.27954,1571.011,0,0.7456957,0,0.6662866;
racing,killCylinder,2,5,2,363.1635,32.21335,1674.508,0.1490945,0.1490944,-0.6912096,-0.6912099;
racing,killCylinder,2,4,2,151.6117,17.49173,1707.011,0.5134696,0.5280126,-0.4715802,-0.4849369;
racing,killCylinder,2,2,2,-6.483825,22.51962,1555.937,0.6983821,0.715658,0.006842141,0.00701141;
racing,killCylinder,2,2,2,-7.915387,12.85952,1634.788,0.6980166,0.7152839,0.02360085,0.02418467;
racing,killCylinder,2,2,2,-6.081809,18.88641,1466.99,0.7045134,0.7094488,0.01305679,0.01314826;
racing,killCylinder,2,3,2,-5.803118,-353.2884,2154.166,0.01781943,0.01788175,-0.7056468,-0.7081139;
racing,killCylinder,2,2,2,-353.5295,-368.9772,2049.141,0.0003490817,0.000346653,0.709571,0.7046338;
racing,killCuboid,2,2,2,-378.9254,-371.5275,2093.553,0,0.7345819,0,0.67852;
racing,killCuboid,2,2,2,-415.1137,-323.9409,2002.658,0,0.04113125,0,-0.9991538;
racing,killCuboid,2,2,2,-391.5071,-279.5044,2006.192,0,0.9986286,0,0.05235454;
racing,killPrism,2,2,2,-384.8014,-261.0386,1916.259,0,0.9993102,0,0.03713787;
racing,killPrism,2,2,2,-412.3058,-260.8385,1916.602,0,0.9993102,0,0.03713787;
racing,killPrism,2,2,2,-398.4762,-241.2386,1919.435,0,0.9993102,0,0.03713787;
racing,killCylinder,2,2,2,-399.7073,-223.6447,1917.208,0.6993806,0.7141837,0.01989304,0.0203141;
racing,killCylinder,2,3,2,-603.2582,-229.6294,1765.715,0.5153977,0.5190088,-0.4804939,-0.4838602;
racing,killCylinder,2,3,2,-609.8759,-229.81,1419.697,0.6892141,0.6940423,0.1466068,0.1476338;
racing,killCylinder,2,3,2,-394.9986,-230.3232,1395.048,0.3378869,0.3367094,0.6225576,0.620388;
racing,killCylinder,2,3,2,-373.049,-229.1312,1632.302,0.1095328,0.1142198,0.6834214,0.7126651;
racing,killCylinder,2,3,2,-148.6104,-226.8924,1652.512,0.6122824,0.6429598,0.3173097,0.3332079;
racing,killCuboid,2,2,2,-353.4849,-263.5381,931.0927,0,0.9999999,0,0.0005665581;
racing,killCuboid,2,3,2,-346.7467,-234.0961,870.5488,0.7094481,0.7020574,0.04380973,0.04335335;
racing,killCuboid,2,2,2,-331.5109,-263.5409,659.7803,0,0.9995148,0,0.0311486;
racing,killCuboid,2,2,2,-342.0536,-250.7405,656.3222,0,0.9995148,0,0.0311486;
racing,killCuboid,2,2,2,-308.8683,-254.9148,642.4316,0,0.7096897,0,0.7045144;
racing,killCuboid,2,2,2,-336.9939,-236.2941,613.6297,0,0.7594873,0,-0.6505221;
racing,killCuboid,2,2,2,-299.7445,-253.5539,594.6752,0,0.6845943,0,0.7289243;
racing,killCuboid,2,1,2,-308.3117,-249.0788,473.0469,0,0.99957,0,0.02932291;
racing,killCuboid,2,1,2,-287.3627,-248.139,388.7109,0,0.9986919,0,0.05113167;
racing,killCuboid,2,1,2,-297.0213,-249.5659,300.9319,0,0.9998301,0,0.01843439;
racing,killCuboid,2,1,2,-314.0863,-253.5246,178.5348,0,0.9997401,0,0.02279771;
racing,killCuboid,1,1,1,-267.141,-344.3935,-244.9753,0,0.9987833,0,0.04931436;
racing,killCuboid,1,1,1,-265.7741,-355.9023,-268.5697,0,0.9994199,0,0.03405695;
racing,killCuboid,1,1,1,-261.81,-356.6207,-317.7963,0,0.9991747,0,0.04061864;
racing,killCone,2,2,2,-229.1295,-288.3233,-734.167,0,0.943488,0,0.3314067;
racing,killCone,2,2,2,-328.3412,-287.5636,-664.1739,0,0.8558663,0,-0.5171971;
racing,killCone,2,2,2,-293.7458,-285.4276,-582.2054,0,0.3499376,0,-0.936773;
racing,killCone,2,2,2,-200.5055,-289.8864,-568.1964,0,0.17173,0,0.9851441;
racing,killCone,2,2,2,-171.1422,-289.6013,-652.107,0,0.7591338,0,0.6509346;
racing,killCone,2,2,2,-297.1908,-285.8774,-723.4918,0,0.9581426,0,-0.2862916;
