map,disablebounds;
//Spawnpoint;
spawnpoint,playerC,0,7,0,0,0,0,1;
//End and Start;
racing,startCuboid,5,5,1,0,29.90,24.90,0,0,0,1;
racing,endCuboid,3.50,1,3,182.50,230,-5,0,0,0,1;
//Start object;
custom,cuboid,stone2,4,1,4,0,1,1,1,1.0,1.0,-0.050,0.5,-0.060,0,0,0,1;
//Box;
custom,cuboid,stone2,24,24,1,0,0,0,0,3,3,90,115,-25,0,1,0,0;
custom,cuboid,stone2,24,24,1,0,0,0,0,3,3,90,115,205,0,1,0,0;
custom,cuboid,stone2,24,1,20,0,0,0,0,3,3,90,230,110,0,1,0,0;
custom,cuboid,stone2,24,1,24,0,0,0,0,3,3,90,0,90,0,1,0,0;
custom,cuboid,stone2,1,24,24,0,0,0,0,3,3,-25,115,90,0,1,0,0;
custom,cuboid,stone2,1,24,24,0,0,0,0,3,3,205,115,90,0,1,0,0;
custom,cuboid,stone2,18.50,1,3,0,1,1,1,4.0,0.80,72.50,230,-5,0,0,0,1;
//Inside The Box;
custom,cuboid,stone2,1,6,18,0,0,0,0,3,2,25,25,70,0,1,0,0;
custom,cuboid,stone2,10,6,1,0,0,0,0,2,2,80,25,65,0,1,0,0;
custom,cuboid,stone2,1,6,10,0,0,0,0,2,2,75,25,150,0,1,0,0;
custom,cuboid,stone2,1,6,10,0,0,0,0,2,2,125,25,110,0,1,0,0;
custom,cuboid,stone2,1,6,18,0,0,0,0,4,2,165,25,110,0,1,0,0;
custom,cuboid,stone2,10,6,1,0,0,0,0,4,2,119.90,25,24.80,0,1,0,0;
custom,cuboid,stone2,24,1,19,0,0,0,0,4,4,90,55,75,0,1,0,0;
custom,cuboid,stone2,19,1,3,0,0,0,0,3,0.70,75,55,185,0,1,0,0;
custom,cuboid,stone2,1,5,5,0,0,0,0,1,1,165,84.88,175,0,1,0,0;
custom,cuboid,stone2,8.50,10,1,0,0,0,0,2,2,162.5,110,110,0,1,0,0;
custom,cuboid,stone2,1,5,9.50,0,1,1,1,2.0,1.0,125,85,153,0,0,0,1;
custom,cuboid,stone2,5,1,9.50,0,1,1,1,2.0,1.0,185,105,153,0,0,0,1;
custom,cuboid,stone2,3,1,5,0,1,1,1,2.0,1.0,145,105,135,0,0,0,1;
custom,cuboid,stone2,1,5,5,0,1,1,1,1.0,1.0,125,135,175,0,0,0,1;
custom,cuboid,stone2,5,5,1,0,1,1,1,1.0,1.0,145,135,155,0,0,0,1;
custom,cuboid,stone2,13.50,1,10,0,1,1,1,2.0,1.0,137.5,160,155,0,0,0,1;
custom,cuboid,stone2,5,1,5,0,1,1,1,1.0,1.0,95.20,105,129.99,0,0,0,1;
custom,cuboid,stone2,1,6,10,0,1,1,1,1.0,1.0,75,130,155,0,0,0,1;
custom,cuboid,stone2,5,5,1,0,1,1,1,1.0,1.0,100,130,110,0,0,0,1;
custom,cuboid,stone2,10,5,1,0,1,1,1,2.50,1.0,70,83.70,149.90,0,0,0,1;
custom,cuboid,stone2,10,5,1,0,1,1,1,2.50,1.0,30,83.70,110,0,0,0,1;
custom,cuboid,stone2,1,5,9.50,0,1,1,1,2.0,1.0,125,83.6,57.5,0,0,0,1;
custom,cuboid,stone2,10,5,1,0,1,1,1,1.0,1.0,70,83.6,15,0,0,0,1;
custom,cuboid,stone2,1,5,5,0,1,1,1,1.0,1.0,75,83.6,80,0,0,0,1;
custom,cuboid,stone2,1,5,5,0,1,1,1,1.0,1.0,25,83.6,45,0,0,0,1;
custom,cuboid,stone2,1,5,9.50,0,1,1,1,2.0,1.0,165,75,27.5,0,0,0,1;
custom,cuboid,stone2,9,1,22,0,1,1,1,1.50,3.0,25,105,90,0,0,0,1;
custom,cuboid,stone2,13,1,9.50,0,1,1,1,1.0,1.0,135,105,57.50,0,0,0,1;
custom,cuboid,stone2,10,1,3,0,1,1,1,1.0,1.0,120,105,-5,0,0,0,1;
custom,cuboid,stone2,1,5,10,0,1,1,1,1.0,1.0,165,134,29,0,0,0,1;
custom,cuboid,stone2,1,5,10,0,1,1,1,1.0,1.0,120,134,55,0,0,0,1;
custom,cuboid,stone2,1,5,10,0,1,1,1,1.0,1.0,75,134,30,0,0,0,1;
custom,cuboid,stone2,1,5,10,0,1,1,1,1.0,1.0,25,134,55,0,0,0,1;
custom,cuboid,stone2,5,5,1,0,1,1,1,1.0,1.0,45,134,110,0,0,0,1;
custom,cuboid,stone2,5,5,1,0,1,1,1,1.0,1.0,5,134,155,0,0,0,1;
custom,cuboid,stone2,22,1,12.50,0,1,1,1,3.0,1.0,90,160,42.5,0,0,0,1;
custom,cuboid,stone2,9,1,5.50,0,1,1,1,1.50,1.0,25,160,132.5,0,0,0,1;
custom,cuboid,stone2,5,1,4,0,1,1,1,1.0,1.0,45,160,180,0,0,0,1;
custom,cuboid,stone2,1,6.50,10,0,1,1,1,1.0,1.0,25,197.50,150,0,0,0,1;
custom,cuboid,stone2,10,6.50,1,0,1,1,1,1.0,1.0,30,197.50,63,0,0,0,1;
custom,cuboid,stone2,1,6.50,10,0,1,1,1,1.0,1.0,75,197.5,118,0,0,0,1;
custom,cuboid,stone2,1,6.50,18,0,1,1,1,2.0,1.0,120,197.5,110,0,0,0,0;
custom,cuboid,stone2,10,6.50,1,0,1,1,1,1.0,1.0,65,197.5,25,0,0,0,0;
custom,cuboid,stone2,1,6.50,19,0,1,1,1,2.0,1.0,160,197.5,75,0,0,0,1;
//Kill Objects
racing,killCuboid,3.05,1.05,5.05,145,105,135,0,0,0,0;
racing,killCuboid,3.05,1.05,5.05,145,105,135,0,0,0,0;
racing,killCuboid,1.05,5.05,5.05,125,135,175,0,0,0,0;
racing,killCuboid,5.05,5.05,1.05,145,135,155,0,0,0,0;
racing,killCuboid,13.55,1.05,10.05,137.5,160,155,0,0,0,0;
racing,killCuboid,5.05,1.05,5.05,95.20,105,129.99,0,0,0,0;
racing,killCuboid,1.05,6.05,10.05,75,130,155,0,0,0,0;
racing,killCuboid,5.05,5.05,1.05,100,130,110,0,0,0,0;
racing,killCuboid,10.05,5.05,1.05,70,83.70,149.90,0,0,0,0;
racing,killCuboid,10.05,5.05,1.05,30,83.70,110,0,0,0,0;
racing,killCuboid,1.05,5.05,9.55,125,83.6,57.5,0,0,0,0;
racing,killCuboid,10.05,5.05,1.05,70,83.6,15,0,0,0,0;
racing,killCuboid,1.05,5.05,5.05,75,83.6,80,0,0,0,0;
racing,killCuboid,1.05,5.05,5.05,25,83.6,45,0,0,0,0;
racing,killCuboid,1.05,5.05,9.55,165,75,27.5,0,0,0,0;
racing,killCuboid,9.05,1.05,22.05,25,105,90,0,0,0,0;
racing,killCuboid,13.05,1.05,9.55,135,105,57.50,0,0,0,0;
racing,killCuboid,10.05,1.05,3.05,120,105,-5,0,0,0,0;
racing,killCuboid,1.05,5.05,10.05,165,134,29,0,0,0,0;
racing,killCuboid,1.05,5.05,10.05,120,134,55,0,0,0,0;
racing,killCuboid,1.05,5.05,10.05,75,134,30,0,0,0,0;
racing,killCuboid,1.05,5.05,10.05,25,134,55,0,0,0,0;
racing,killCuboid,5.05,5.05,1.05,45,134,110,0,0,0,0;
racing,killCuboid,5.05,5.05,1.05,5,134,155,0,0,0,0;
racing,killCuboid,24.05,24.05,1.05,90,115,-25,0,0,0,0;
racing,killCuboid,24.05,24.05,1.05,90,115,205,0,0,0,0;
racing,killCuboid,24.05,1.05,20.05,90,230,110,0,0,0,1;
racing,killCuboid,24.05,1.05,24.05,90,0,90,0,0,0,1;
racing,killCuboid,1.05,24.05,24.05,-25,115,90,0,0,0,0;
racing,killCuboid,1.05,24.05,24.05,205,115,90,0,0,0,0;
racing,killCuboid,1.05,6.05,18.05,25,25,70,0,0,0,0;
racing,killCuboid,10.05,6.05,1.05,80,25,65,0,0,0,0;
racing,killCuboid,1.05,6.05,10.05,75,25,150,0,0,0,0;
racing,killCuboid,1.05,6.05,10.05,125,25,110,0,0,0,0;
racing,killCuboid,1.05,6.05,18.05,165,25,110,0,0,0,0;
racing,killCuboid,10.05,6.05,1.05,119.90,25,24.80,0,0,0,0;
racing,killCuboid,24.05,1.05,19.05,90,55,75,0,0,0,0;
racing,killCuboid,19.05,1.05,3.05,75,55,185,0,0,0,0;
racing,killCuboid,1.05,5.05,5.05,165,84.88,175,0,0,0,0;
racing,killCuboid,22.05,1.05,12.55,90,160,42.5,0,0,0,0;
racing,killCuboid,9.05,1.05,5.55,25,160,132.5,0,0,0,0;
racing,killCuboid,5.05,1.05,4.05,45,160,180,0,0,0,0;
racing,killCuboid,1.05,6.55,10.05,25,197.50,150,0,0,0,0;
racing,killCuboid,10.05,6.55,1.05,30,197.50,63,0,0,0,0;
racing,killCuboid,1.05,6.55,10.05,75,197.5,118,0,0,0,0;
racing,killCuboid,1.05,6.55,18.05,120,197.5,110,0,0,0,0;
racing,killCuboid,10.05,6.55,1.05,65,197.5,25,0,0,0,0;
racing,killCuboid,1.05,6.55,19.05,160,197.5,75,0,0,0,0;
racing,killCuboid,18.55,1.05,3.05,72.50,230,-5,0,0,0,0;
racing,killCuboid,8.55,10.05,1.05,162.5,110,110,0,0,0,0;
racing,killCuboid,1.05,5.05,9.55,125,85,153,0,0,0,0;
racing,killCuboid,5.05,1.05,9.55,185,105,153,0,0,0,0;