


spawnpoint,playerM,0,510,-100,0,1,0,0;
spawnpoint,playerC,0,510,-100,0,1,0,0;
map,disablebounds;
spawnpoint,titan,99999,2,99999,0,1,0,0;




custom,cuboid,rock1,100,3,100,0,0,0,0,5,5,-4000,0,-4000,0,1,0,0;
custom,cuboid,rock1,100,3,100,0,0,0,0,5,5,-3000,0,-4000,0,1,0,0;
custom,cuboid,rock1,100,3,100,0,0,0,0,5,5,-2000,0,-4000,0,1,0,0;
custom,cuboid,rock1,100,3,100,0,0,0,0,5,5,-1000,0,-4000,0,1,0,0;
custom,cuboid,rock1,100,3,100,0,0,0,0,5,5,0,0,-4000,0,1,0,0;
custom,cuboid,rock1,100,3,100,0,0,0,0,5,5,1000,0,-4000,0,1,0,0;
custom,cuboid,rock1,100,3,100,0,0,0,0,5,5,2000,0,-4000,0,1,0,0;
custom,cuboid,rock1,100,3,100,0,0,0,0,5,5,3000,0,-4000,0,1,0,0;
custom,cuboid,rock1,100,3,100,0,0,0,0,5,5,4000,0,-4000,0,1,0,0;

custom,cuboid,rock1,100,3,100,0,0,0,0,5,5,-4000,0,-3000,0,1,0,0;
custom,cuboid,rock1,100,3,100,0,0,0,0,5,5,-3000,0,-3000,0,1,0,0;
custom,cuboid,rock1,100,3,100,0,0,0,0,5,5,-2000,0,-3000,0,1,0,0;
custom,cuboid,rock1,100,3,100,0,0,0,0,5,5,-1000,0,-3000,0,1,0,0;
custom,cuboid,rock1,100,3,100,0,0,0,0,5,5,0,0,-3000,0,1,0,0;
custom,cuboid,rock1,100,3,100,0,0,0,0,5,5,1000,0,-3000,0,1,0,0;
custom,cuboid,rock1,100,3,100,0,0,0,0,5,5,2000,0,-3000,0,1,0,0;
custom,cuboid,rock1,100,3,100,0,0,0,0,5,5,3000,0,-3000,0,1,0,0;
custom,cuboid,rock1,100,3,100,0,0,0,0,5,5,4000,0,-3000,0,1,0,0;

custom,cuboid,rock1,100,3,100,0,0,0,0,5,5,-4000,0,-2000,0,1,0,0;
custom,cuboid,rock1,100,3,100,0,0,0,0,5,5,-3000,0,-2000,0,1,0,0;
custom,cuboid,rock1,100,3,100,0,0,0,0,5,5,-2000,0,-2000,0,1,0,0;
custom,cuboid,rock1,100,3,100,0,0,0,0,5,5,-1000,0,-2000,0,1,0,0;
custom,cuboid,rock1,100,3,100,0,0,0,0,5,5,0,0,-2000,0,1,0,0;
custom,cuboid,rock1,100,3,100,0,0,0,0,5,5,1000,0,-2000,0,1,0,0;
custom,cuboid,rock1,100,3,100,0,0,0,0,5,5,2000,0,-2000,0,1,0,0;
custom,cuboid,rock1,100,3,100,0,0,0,0,5,5,3000,0,-2000,0,1,0,0;
custom,cuboid,rock1,100,3,100,0,0,0,0,5,5,4000,0,-2000,0,1,0,0;

custom,cuboid,rock1,100,3,100,0,0,0,0,5,5,-4000,0,-1000,0,1,0,0;
custom,cuboid,rock1,100,3,100,0,0,0,0,5,5,-3000,0,-1000,0,1,0,0;
custom,cuboid,rock1,100,3,100,0,0,0,0,5,5,-2000,0,-1000,0,1,0,0;
custom,cuboid,rock1,100,3,100,0,0,0,0,5,5,-1000,0,-1000,0,1,0,0;
custom,cuboid,rock1,100,3,100,0,0,0,0,5,5,0,0,-1000,0,1,0,0;
custom,cuboid,rock1,100,3,100,0,0,0,0,5,5,1000,0,-1000,0,1,0,0;
custom,cuboid,rock1,100,3,100,0,0,0,0,5,5,2000,0,-1000,0,1,0,0;
custom,cuboid,rock1,100,3,100,0,0,0,0,5,5,3000,0,-1000,0,1,0,0;
custom,cuboid,rock1,100,3,100,0,0,0,0,5,5,4000,0,-1000,0,1,0,0;

custom,cuboid,rock1,100,3,100,0,0,0,0,5,5,-4000,0,0,0,1,0,0;
custom,cuboid,rock1,100,3,100,0,0,0,0,5,5,-3000,0,0,0,1,0,0;
custom,cuboid,rock1,100,3,100,0,0,0,0,5,5,-2000,0,0,0,1,0,0;
custom,cuboid,rock1,100,3,100,0,0,0,0,5,5,-1000,0,0,0,1,0,0;
custom,cuboid,rock1,100,3,100,0,0,0,0,5,5,0,0,0,0,1,0,0;
custom,cuboid,rock1,100,3,100,0,0,0,0,5,5,1000,0,0,0,1,0,0;
custom,cuboid,rock1,100,3,100,0,0,0,0,5,5,2000,0,0,0,1,0,0;
custom,cuboid,rock1,100,3,100,0,0,0,0,5,5,3000,0,0,0,1,0,0;
custom,cuboid,rock1,100,3,100,0,0,0,0,5,5,4000,0,0,0,1,0,0;

custom,cuboid,rock1,100,3,100,0,0,0,0,5,5,-4000,0,1000,0,1,0,0;
custom,cuboid,rock1,100,3,100,0,0,0,0,5,5,-3000,0,1000,0,1,0,0;
custom,cuboid,rock1,100,3,100,0,0,0,0,5,5,-2000,0,1000,0,1,0,0;
custom,cuboid,rock1,100,3,100,0,0,0,0,5,5,-1000,0,1000,0,1,0,0;
custom,cuboid,rock1,100,3,100,0,0,0,0,5,5,0,0,1000,0,1,0,0;
custom,cuboid,rock1,100,3,100,0,0,0,0,5,5,1000,0,1000,0,1,0,0;
custom,cuboid,rock1,100,3,100,0,0,0,0,5,5,2000,0,1000,0,1,0,0;
custom,cuboid,rock1,100,3,100,0,0,0,0,5,5,3000,0,1000,0,1,0,0;
custom,cuboid,rock1,100,3,100,0,0,0,0,5,5,4000,0,1000,0,1,0,0;

custom,cuboid,rock1,100,3,100,0,0,0,0,5,5,-4000,0,2000,0,1,0,0;
custom,cuboid,rock1,100,3,100,0,0,0,0,5,5,-3000,0,2000,0,1,0,0;
custom,cuboid,rock1,100,3,100,0,0,0,0,5,5,-2000,0,2000,0,1,0,0;
custom,cuboid,rock1,100,3,100,0,0,0,0,5,5,-1000,0,2000,0,1,0,0;
custom,cuboid,rock1,100,3,100,0,0,0,0,5,5,0,0,2000,0,1,0,0;
custom,cuboid,rock1,100,3,100,0,0,0,0,5,5,1000,0,2000,0,1,0,0;
custom,cuboid,rock1,100,3,100,0,0,0,0,5,5,2000,0,2000,0,1,0,0;
custom,cuboid,rock1,100,3,100,0,0,0,0,5,5,3000,0,2000,0,1,0,0;
custom,cuboid,rock1,100,3,100,0,0,0,0,5,5,4000,0,2000,0,1,0,0;


custom,cuboid,rock1,100,3,100,0,0,0,0,5,5,-4000,0,3000,0,1,0,0;
custom,cuboid,rock1,100,3,100,0,0,0,0,5,5,-3000,0,3000,0,1,0,0;
custom,cuboid,rock1,100,3,100,0,0,0,0,5,5,-2000,0,3000,0,1,0,0;
custom,cuboid,rock1,100,3,100,0,0,0,0,5,5,-1000,0,3000,0,1,0,0;
custom,cuboid,rock1,100,3,100,0,0,0,0,5,5,0,0,3000,0,1,0,0;
custom,cuboid,rock1,100,3,100,0,0,0,0,5,5,1000,0,3000,0,1,0,0;
custom,cuboid,rock1,100,3,100,0,0,0,0,5,5,2000,0,3000,0,1,0,0;
custom,cuboid,rock1,100,3,100,0,0,0,0,5,5,3000,0,3000,0,1,0,0;
custom,cuboid,rock1,100,3,100,0,0,0,0,5,5,4000,0,3000,0,1,0,0;

custom,cuboid,rock1,100,3,100,0,0,0,0,5,5,-4000,0,4000,0,1,0,0;
custom,cuboid,rock1,100,3,100,0,0,0,0,5,5,-3000,0,4000,0,1,0,0;
custom,cuboid,rock1,100,3,100,0,0,0,0,5,5,-2000,0,4000,0,1,0,0;
custom,cuboid,rock1,100,3,100,0,0,0,0,5,5,-1000,0,4000,0,1,0,0;
custom,cuboid,rock1,100,3,100,0,0,0,0,5,5,0,0,4000,0,1,0,0;
custom,cuboid,rock1,100,3,100,0,0,0,0,5,5,1000,0,4000,0,1,0,0;
custom,cuboid,rock1,100,3,100,0,0,0,0,5,5,2000,0,4000,0,1,0,0;
custom,cuboid,rock1,100,3,100,0,0,0,0,5,5,3000,0,4000,0,1,0,0;
custom,cuboid,rock1,100,3,100,0,0,0,0,5,5,4000,0,4000,0,1,0,0;

custom,cuboid,bombexplosiontex,900,3,900,0,0,0,0,0,0,0,-30,0,0,1,0,0;

custom,cuboid,bombexplosiontex,900,900,3,1,0,0,0,0,0,0,0,-4485,0,1,0,0;
custom,cuboid,bombexplosiontex,900,900,3,1,0,0,0,0,0,0,0,4485,0,1,0,0;
custom,cuboid,bombexplosiontex,3,900,900,1,0,0,0,0,0,-4485,0,0,0,1,0,0;
custom,cuboid,bombexplosiontex,3,900,900,1,0,0,0,0,0,4485,0,0,0,1,0,0;
custom,cuboid,bombexplosiontex,900,3,900,1,0,0,0,0,0,0,4485,0,0,1,0,0;

custom,cuboid,rock3,3,1,3,0,0,0,0,5,5,0,305,500,0,1,0,0;
custom,cuboid,rock1,10,1,30,0,0,0,0,5,5,0,500,0,0,1,0,0;
custom,cuboid,rock1,10,1,10,0,0,0,0,5,5,0,450,200,0,1,0,0;
custom,cuboid,rock1,10,1,10,0,0,0,0,5,5,0,400,100,0,1,0,0;
custom,cuboid,rock1,10,1,10,0,0,0,0,5,5,100,350,100,0,1,0,0;
custom,cuboid,rock1,10,1,10,0,0,0,0,5,5,0,300,100,0,1,0,0;

custom,cuboid,rock1,10,1,10,0,0,0,0,5,5,0,300,500,0,1,0,0;
custom,cuboid,rock1,10,1,10,0,0,0,0,5,5,0,350,500,0,1,0,0;
custom,cuboid,rock1,1,6,1,0,0,0,0,5,5,0,385,545,0,1,0,0;
custom,cuboid,rock1,10,1,10,0,0,0,0,5,5,0,420,500,0,1,0,0;

custom,cuboid,rock1,10,1,10,0,0,0,0,5,5,0,350,1200,0,1,0,0;
custom,cuboid,rock1,1,6,1,0,0,0,0,5,5,0,385,1155,0,1,0,0;
custom,cuboid,rock1,10,1,10,0,0,0,0,5,5,0,420,1200,0,1,0,0;
custom,cuboid,rock1,10,1,10,0,0,0,0,5,5,0,460,1200,0,1,0,0;

custom,cuboid,rock1,20,1,20,0,0,0,0,5,5,0,350,1350,0,1,0,0;
custom,cuboid,rock1,20,1,20,0,0,0,0,5,5,0,420,1350,0,1,0,0;
custom,cuboid,rock1,1,6,20,0,0,0,0,5,5,95,385,1350,0,1,0,0;
custom,cuboid,rock1,1,6,20,0,0,0,0,5,5,-95,385,1350,0,1,0,0;

custom,cuboid,rock1,10,1,10,0,0,0,0,5,5,0,350,1500,0,1,0,0;
custom,cuboid,rock1,10,1,10,0,0,0,0,5,5,0,420,1500,0,1,0,0;

custom,cuboid,rock3,4,1,2,0,0,0,0,1,1,0,389,1565,0,1,0,0;

custom,cuboid,rock1,10,1,11,0,0,0,0,5,5,0,329.04,1599.3,0,1,0.2,0;
custom,cuboid,rock1,10,1,11,0,0,0,0,5,5,0,399.04,1599.3,0,1,0.2,0;
custom,cuboid,rock1,10,1,11,0,0,0,0,5,5,0,329.04,1599.3,0,1,-0.2,0;
custom,cuboid,rock1,10,1,11,0,0,0,0,5,5,0,399.04,1599.3,0,1,-0.2,0;

custom,cuboid,rock1,10,1,11,0,0,0,0,5,5,0,279.04,1699.3,0,1,0.2,0;
custom,cuboid,rock1,10,1,11,0,0,0,0,5,5,0,349.04,1699.3,0,1,0.2,0;
custom,cuboid,rock1,10,1,11,0,0,0,0,5,5,0,279.04,1699.3,0,1,-0.2,0;
custom,cuboid,rock1,10,1,11,0,0,0,0,5,5,0,349.04,1699.3,0,1,-0.2,0;

custom,cuboid,rock1,10,1,11,0,0,0,0,5,5,0,329.04,1799.3,0,1,0.2,0;
custom,cuboid,rock1,10,1,11,0,0,0,0,5,5,0,399.04,1799.3,0,1,0.2,0;
custom,cuboid,rock1,10,1,11,0,0,0,0,5,5,0,329.04,1799.3,0,1,-0.2,0;
custom,cuboid,rock1,10,1,11,0,0,0,0,5,5,0,399.04,1799.3,0,1,-0.2,0;

custom,cuboid,rock1,10,1,10,0,0,0,0,5,5,0,350,1800,0,1,0,0;
custom,cuboid,rock1,10,1,10,0,0,0,0,5,5,0,370,1800,0,1,0,0;

custom,cuboid,rock1,1,1,1,0,0,0,0,1,1,0,360,1800,0,1,0,0;
custom,cuboid,rock1,1,1,1,0,0,0,0,1,1,20,360,1800,0,1,0,0;
custom,cuboid,rock1,1,1,1,0,0,0,0,1,1,-20,360,1800,0,1,0,0;
custom,cuboid,rock1,1,1,1,0,0,0,0,1,1,40,360,1800,0,1,0,0;
custom,cuboid,rock1,1,1,1,0,0,0,0,1,1,-40,360,1800,0,1,0,0;























custom,cuboid,rock1,10,1,30,0,0,0,0,5,5,0,420,1699.3,0,1,0,0;
custom,cuboid,rock1,10,1,10,0,0,0,0,5,5,0,420,1900,0,1,0,0;
custom,cuboid,rock3,4,1,2,0,0,0,0,1,1,0,389,1835,0,1,0,0;

custom,cuboid,rock1,0.5,20,0.5,0,0,0,0,5,5,0,315,1900,0,1,0,0;
custom,cuboid,rock1,10,1,10,0,0,0,0,5,5,0,210,1900,0,1,0,0;
custom,cuboid,rock1,10,1,10,0,0,0,0,5,5,0,210,1500,0,1,0,0;

custom,cuboid,rock1,10,1,10,0,0,0,0,5,5,100,260,1500,0,1,0,0;
custom,cuboid,rock1,10,1,10,0,0,0,0,5,5,200,210,1500,0,1,0,0;
custom,cuboid,rock1,10,1,10,0,0,0,0,5,5,300,260,1500,0,1,0,0;
custom,cuboid,rock1,10,1,10,0,0,0,0,5,5,400,210,1500,0,1,0,0;
custom,cuboid,rock1,10,1,10,0,0,0,0,5,5,500,260,1500,0,1,0,0;
custom,cuboid,rock1,10,1,10,0,0,0,0,5,5,600,210,1500,0,1,0,0;

custom,cuboid,rock1,10,1,10,0,0,0,0,5,5,1000,210,1500,0,1,0,0;
custom,cuboid,rock1,10,1,10,0,0,0,0,5,5,1000,260,1500,0,1,0,0;
custom,cuboid,rock1,10,1,10,0,0,0,0,5,5,1400,210,1500,0,1,0,0;
custom,cuboid,rock1,10,1,10,0,0,0,0,5,5,1400,260,1500,0,1,0,0;
custom,cuboid,rock1,10,1,10,0,0,0,0,5,5,1800,210,1500,0,1,0,0;
custom,cuboid,rock1,10,1,10,0,0,0,0,5,5,1800,260,1500,0,1,0,0;

custom,cuboid,rock3,4,1,2,0,0,0,0,1,1,0,267,1660,0,1,0,0;

custom,pyramid,rock1,2,2,2,0,0,0,0,5,5,100,237.5,1500,0,0,1,0;
custom,pyramid,rock1,2,2,2,0,0,0,0,5,5,100,237.5,1470,0,0,1,0;
custom,pyramid,rock1,2,2,2,0,0,0,0,5,5,100,237.5,1530,0,0,1,0;

custom,pyramid,rock1,2,2,2,0,0,0,0,5,5,200,230,1485,0,1,0,0;
custom,pyramid,rock1,2,2,2,0,0,0,0,5,5,200,230,1515,0,1,0,0;

custom,cuboid,rock1,1,5,1,0,0,0,0,5,5,280,230,1500,0,0,1,0;
custom,cuboid,rock1,1,5,1,0,0,0,0,5,5,280,230,1520,0,0,1,0;
custom,cuboid,rock1,1,5,1,0,0,0,0,5,5,280,230,1540,0,0,1,0;
custom,cuboid,rock1,1,5,1,0,0,0,0,5,5,280,230,1480,0,0,1,0;
custom,cuboid,rock1,1,5,1,0,0,0,0,5,5,280,230,1460,0,0,1,0;

custom,cuboid,rock1,1,5,1,0,0,0,0,5,5,320,230,1510,0,0,1,0;
custom,cuboid,rock1,1,5,1,0,0,0,0,5,5,320,230,1530,0,0,1,0;
custom,cuboid,rock1,1,5,1,0,0,0,0,5,5,320,230,1490,0,0,1,0;
custom,cuboid,rock1,1,5,1,0,0,0,0,5,5,320,230,1470,0,0,1,0;

custom,cuboid,rock1,1,5,1,0,0,0,0,5,5,380,240,1500,0,0,1,0;
custom,cuboid,rock1,1,5,1,0,0,0,0,5,5,380,240,1520,0,0,1,0;
custom,cuboid,rock1,1,5,1,0,0,0,0,5,5,380,240,1540,0,0,1,0;
custom,cuboid,rock1,1,5,1,0,0,0,0,5,5,380,240,1480,0,0,1,0;
custom,cuboid,rock1,1,5,1,0,0,0,0,5,5,380,240,1460,0,0,1,0;

custom,cuboid,rock1,1,5,1,0,0,0,0,5,5,420,240,1510,0,0,1,0;
custom,cuboid,rock1,1,5,1,0,0,0,0,5,5,420,240,1530,0,0,1,0;
custom,cuboid,rock1,1,5,1,0,0,0,0,5,5,420,240,1490,0,0,1,0;
custom,cuboid,rock1,1,5,1,0,0,0,0,5,5,420,240,1470,0,0,1,0;

custom,cylinder,rock1,1,2.5,1,0,0,0,0,5,5,500,230,1500,0,0,1,0;
custom,cylinder,rock1,1,2.5,1,0,0,0,0,5,5,600,240,1500,0,0,1,0;

custom,cuboid,rock1,10,1,9,0,0,0,0,5,5,1000,235,1500,0,1,0.3,0;
custom,cuboid,rock1,10,1,9,0,0,0,0,5,5,1000,235,1500,0,1,-0.3,0;

custom,cuboid,rock1,1,5,1,0,0,0,0,5,5,1400,235,1500,0,1,0,0;
custom,cuboid,rock1,1,5,1,0,0,0,0,5,5,1800,235,1500,0,1,0,0;

custom,cuboid,rock1,10,1,10,0,0,0,0,5,5,2700,210,1500,0,1,0,0;
custom,cuboid,rock1,10,1,10,0,0,0,0,5,5,2700,260,1500,0,1,0,0;
custom,cuboid,rock1,10,1,10,0,0,0,0,5,5,2800,210,1500,0,1,0,0;
custom,cuboid,rock1,10,1,10,0,0,0,0,5,5,2800,260,1500,0,1,0,0;
custom,cuboid,rock1,10,1,10,0,0,0,0,5,5,2900,210,1500,0,1,0,0;
custom,cuboid,rock1,10,1,10,0,0,0,0,5,5,2900,260,1500,0,1,0,0;
custom,cuboid,rock1,10,1,10,0,0,0,0,5,5,3000,210,1500,0,1,0,0;
custom,cuboid,rock1,10,1,10,0,0,0,0,5,5,3000,260,1500,0,1,0,0;

custom,cuboid,rock1,1,2,10,0,0,0,0,5,5,2655,225,1500,0,1,0,0;
custom,cuboid,rock1,1,1,10,0,0,0,0,5,5,2655,250,1500,0,1,0,0;

custom,cuboid,rock1,1,2.5,10,0,0,0,0,5,5,2700,245,1500,0,1,0,0;
custom,cuboid,rock1,1,2.5,10,0,0,0,0,5,5,2745,225,1500,0,1,0,0;

custom,cylinder,rock1,3.1,2.5,3.1,0,0,0,0,5,5,2800,235,1500,0,1,0,0;
custom,cylinder,rock1,3.5,2.5,3.5,0,0,0,0,5,5,2800,235,1532.5,0,1,0,0;
custom,cylinder,rock1,3.5,1,3.5,0,0,0,0,5,5,2800,245,1467.5,0,1,0,0;
custom,cylinder,rock1,3.5,0.5,3.5,0,0,0,0,5,5,2800,220,1467.5,0,1,0,0;

custom,cylinder,rock1,3.1,2.5,3.1,0,0,0,0,5,5,2845,235,1500,0,1,0,0;
custom,cylinder,rock1,3.5,2.5,3.5,0,0,0,0,5,5,2845,235,1467.5,0,1,0,0;
custom,cylinder,rock1,3.5,1,3.5,0,0,0,0,5,5,2845,245,1532.5,0,1,0,0;
custom,cylinder,rock1,3.5,0.5,3.5,0,0,0,0,5,5,2845,220,1532.5,0,1,0,0;

custom,cylinder,rock1,3.1,2.5,3.1,0,0,0,0,5,5,2900,235,1532.5,0,1,0,0;
custom,cylinder,rock1,3.5,2.5,3.5,0,0,0,0,5,5,2900,235,1467.5,0,1,0,0;
custom,cylinder,rock1,3.5,1,3.5,0,0,0,0,5,5,2900,245,1500,0,1,0,0;
custom,cylinder,rock1,3.5,0.5,3.5,0,0,0,0,5,5,2900,220,1500,0,1,0,0;

custom,cylinder,rock1,3.1,2.5,3.1,0,0,0,0,5,5,2945,235,1532.5,0,1,0,0;
custom,cylinder,rock1,3.5,2.5,3.5,0,0,0,0,5,5,2945,235,1467.5,0,1,0,0;
custom,cylinder,rock1,3.5,1,3.5,0,0,0,0,5,5,2945,245,1500,0,1,0,0;
custom,cylinder,rock1,3.5,0.75,3.5,0,0,0,0,5,5,2945,222.5,1500,0,1,0,0;
custom,cylinder,rock1,3.1,2.5,3.1,0,0,0,0,5,5,2980,235,1532.5,0,1,0,0;
custom,cylinder,rock1,3.5,2.5,3.5,0,0,0,0,5,5,2980,235,1467.5,0,1,0,0;
custom,cylinder,rock1,3.5,1,3.5,0,0,0,0,5,5,2980,245,1500,0,1,0,0;
custom,cylinder,rock1,3.5,0.75,3.5,0,0,0,0,5,5,2980,222.5,1500,0,1,0,0;
custom,cylinder,rock1,3.1,2.5,3.1,0,0,0,0,5,5,3015,235,1532.5,0,1,0,0;
custom,cylinder,rock1,3.5,2.5,3.5,0,0,0,0,5,5,3015,235,1467.5,0,1,0,0;
custom,cylinder,rock1,3.5,1,3.5,0,0,0,0,5,5,3015,245,1500,0,1,0,0;
custom,cylinder,rock1,3.5,0.75,3.5,0,0,0,0,5,5,3015,222.5,1500,0,1,0,0;

custom,cuboid,rock1,10,1,10,0,0,0,0,5,5,0,502.5,-100,0,1,0,0;
custom,cuboid,rock1,1,6,1,0,0,0,0,5,5,25,385,850,0,1,0,0;
custom,cuboid,rock1,1,6,1,0,0,0,0,5,5,-25,385,850,0,1,0,0;
custom,cuboid,rock1,1,6,1,0,0,0,0,5,5,0,385,850,0,1,0,0;
custom,cuboid,rock1,1,5,1,0,0,0,0,5,5,0,530,-55,0,1,0,0;

custom,cuboid,rock3,2,1,2,0,0,0,0,1,1,2640,215,1500,0,1,0,0;







racing,killcuboid,10.1,1.1,25.1,0,500,75,0,1,0,0;

racing,killcuboid,10.1,1.1,15.1,0,450,175,0,1,0,0;
racing,killcuboid,15.1,1.1,10.1,25,400,100,0,1,0,0;
racing,killcuboid,15.1,1.1,10.1,75,350,100,0,1,0,0;
racing,killcuboid,10.1,1.1,10.1,0,300,100,0,1,0,0;

racing,killcuboid,10.1,1.1,30.1,0,300,300,0,1,0,0;
racing,killcuboid,10.1,1.1,30.1,0,350,300,0,1,0,0;


racing,killcuboid,20.1,1.1,10.1,-50,300,500,0,1,0,0;
racing,killcuboid,15.1,1.1,10.1,-25,350,500,0,1,0,0;
racing,killcuboid,1.1,6.1,1.1,0,385,545,0,1,0,0;
racing,killcuboid,10.1,1.1,10.1,0,420,500,0,1,0,0;

racing,killcuboid,10.1,1.1,60.1,0,350,850,0,1,0,0;
racing,killcuboid,10.1,1.1,60.1,0,420,850,0,1,0,0;

racing,killcuboid,1.1,6.1,1.1,25,385,850,0,1,0,0;
racing,killcuboid,1.1,6.1,1.1,-25,385,850,0,1,0,0;
racing,killcuboid,1.1,6.1,1.1,0,385,850,0,1,0,0;


racing,killcuboid,20.1,1.1,20.1,0,350,1350,0,1,0,0;
racing,killcuboid,20.1,1.1,20.1,0,420,1350,0,1,0,0;
racing,killcuboid,1.1,6.1,20.1,95,385,1350,0,1,0,0;
racing,killcuboid,1.1,6.1,20.1,-95,385,1350,0,1,0,0;

racing,killcuboid,10.1,1.1,10.1,0,350,1500,0,1,0,0;
racing,killcuboid,10.1,1.1,10.1,0,420,1500,0,1,0,0;

racing,killcuboid,15.1,1.1,10.1,25,350,1200,0,1,0,0;
racing,killcuboid,1.1,6.1,1.1,0,385,1155,0,1,0,0;
racing,killcuboid,11.1,1.1,10.1,5,420,1200,0,1,0,0;
racing,killcuboid,15.1,1.1,10.1,25,460,1200,0,1,0,0;

racing,killcuboid,10.1,1.1,11.1,0,329.04,1599.3,0,1,0.2,0;
racing,killcuboid,10.1,1.1,11.1,0,399.04,1599.3,0,1,0.2,0;
racing,killcuboid,10.1,1.1,11.1,0,329.04,1599.3,0,1,-0.2,0;
racing,killcuboid,10.1,1.1,11.1,0,399.04,1599.3,0,1,-0.2,0;

racing,killcuboid,10.1,1.1,11.1,0,279.04,1699.3,0,1,0.2,0;
racing,killcuboid,10.1,1.1,11.1,0,349.04,1699.3,0,1,0.2,0;
racing,killcuboid,10.1,1.1,11.1,0,279.04,1699.3,0,1,-0.2,0;
racing,killcuboid,10.1,1.1,11.1,0,349.04,1699.3,0,1,-0.2,0;

racing,killcuboid,10.1,1.1,11.1,0,329.04,1799.3,0,1,0.2,0;
racing,killcuboid,10.1,1.1,11.1,0,399.04,1799.3,0,1,0.2,0;
racing,killcuboid,10.1,1.1,11.1,0,329.04,1799.3,0,1,-0.2,0;
racing,killcuboid,10.1,1.1,11.1,0,399.04,1799.3,0,1,-0.2,0;

racing,killcuboid,10.1,1.1,10.1,0,350,1800,0,1,0,0;
racing,killcuboid,10.1,1.1,10.1,0,370,1800,0,1,0,0;

racing,killcuboid,1.1,1.1,1.1,0,360,1800,0,1,0,0;
racing,killcuboid,1.1,1.1,1.1,20,360,1800,0,1,0,0;
racing,killcuboid,1.1,1.1,1.1,-20,360,1800,0,1,0,0;
racing,killcuboid,1.1,1.1,1.1,40,360,1800,0,1,0,0;
racing,killcuboid,1.1,1.1,1.1,-40,360,1800,0,1,0,0;























racing,killcuboid,10.1,1.1,30.1,0,420,1699.3,0,1,0,0;
racing,killcuboid,10.1,1.1,10.1,0,420,1900,0,1,0,0;


racing,killcuboid,0.6,20.1,0.6,0,315,1900,0,1,0,0;
racing,killcuboid,10.1,1.1,10.1,0,210,1900,0,1,0,0;
racing,killcuboid,10.1,1.1,10.1,0,210,1500,0,1,0,0;

racing,killcuboid,10.1,1.1,10.1,100,260,1500,0,1,0,0;
racing,killcuboid,10.1,1.1,10.1,200,210,1500,0,1,0,0;
racing,killcuboid,10.1,1.1,10.1,300,260,1500,0,1,0,0;
racing,killcuboid,10.1,1.1,10.1,400,210,1500,0,1,0,0;
racing,killcuboid,10.1,1.1,10.1,500,260,1500,0,1,0,0;
racing,killcuboid,10.1,1.1,10.1,600,210,1500,0,1,0,0;

racing,killcuboid,10.1,1.1,10.1,1000,210,1500,0,1,0,0;
racing,killcuboid,10.1,1.1,10.1,1000,260,1500,0,1,0,0;
racing,killcuboid,10.1,1.1,10.1,1400,210,1500,0,1,0,0;
racing,killcuboid,10.1,1.1,10.1,1400,260,1500,0,1,0,0;
racing,killcuboid,10.1,1.1,10.1,1800,210,1500,0,1,0,0;
racing,killcuboid,10.1,1.1,10.1,1800,260,1500,0,1,0,0;



racing,killpyramid,2.1,2.1,2.1,100,237.5,1500,0,0,1,0;
racing,killpyramid,2.1,2.1,2.1,100,237.5,1470,0,0,1,0;
racing,killpyramid,2.1,2.1,2.1,100,237.5,1530,0,0,1,0;

racing,killpyramid,2.1,2.1,2.1,200,230,1485,0,1,0,0;
racing,killpyramid,2.1,2.1,2.1,200,230,1515,0,1,0,0;

racing,killcuboid,1.1,5.1,1.1,280,230,1500,0,0,1,0;
racing,killcuboid,1.1,5.1,1.1,280,230,1520,0,0,1,0;
racing,killcuboid,1.1,5.1,1.1,280,230,1540,0,0,1,0;
racing,killcuboid,1.1,5.1,1.1,280,230,1480,0,0,1,0;
racing,killcuboid,1.1,5.1,1.1,280,230,1460,0,0,1,0;

racing,killcuboid,1.1,5.1,1.1,320,230,1510,0,0,1,0;
racing,killcuboid,1.1,5.1,1.1,320,230,1530,0,0,1,0;
racing,killcuboid,1.1,5.1,1.1,320,230,1490,0,0,1,0;
racing,killcuboid,1.1,5.1,1.1,320,230,1470,0,0,1,0;

racing,killcuboid,1.1,5.1,1.1,380,240,1500,0,0,1,0;
racing,killcuboid,1.1,5.1,1.1,380,240,1520,0,0,1,0;
racing,killcuboid,1.1,5.1,1.1,380,240,1540,0,0,1,0;
racing,killcuboid,1.1,5.1,1.1,380,240,1480,0,0,1,0;
racing,killcuboid,1.1,5.1,1.1,380,240,1460,0,0,1,0;

racing,killcuboid,1.1,5.1,1.1,420,240,1510,0,0,1,0;
racing,killcuboid,1.1,5.1,1.1,420,240,1530,0,0,1,0;
racing,killcuboid,1.1,5.1,1.1,420,240,1490,0,0,1,0;
racing,killcuboid,1.1,5.1,1.1,420,240,1470,0,0,1,0;

racing,killcylinder,1.1,2.6,1.1,500,230,1500,0,0,1,0;
racing,killcylinder,1.1,2.6,1.1,600,240,1500,0,0,1,0;

racing,killcuboid,10.1,1.1,9.1,1000,235,1500,0,1,0.3,0;
racing,killcuboid,10.1,1.1,9.1,1000,235,1500,0,1,-0.3,0;

racing,killcuboid,1.1,5.1,1.1,1400,235,1500,0,1,0,0;
racing,killcuboid,1.1,5.1,1.1,1800,235,1500,0,1,0,0;

racing,killcuboid,10.1,1.1,10.1,2700,210,1500,0,1,0,0;
racing,killcuboid,10.1,1.1,10.1,2700,260,1500,0,1,0,0;
racing,killcuboid,10.1,1.1,10.1,2800,210,1500,0,1,0,0;
racing,killcuboid,10.1,1.1,10.1,2800,260,1500,0,1,0,0;
racing,killcuboid,10.1,1.1,10.1,2900,210,1500,0,1,0,0;
racing,killcuboid,10.1,1.1,10.1,2900,260,1500,0,1,0,0;
racing,killcuboid,10.1,1.1,10.1,3000,210,1500,0,1,0,0;
racing,killcuboid,10.1,1.1,10.1,3000,260,1500,0,1,0,0;

racing,killcuboid,1.1,2.1,10.1,2655,225,1500,0,1,0,0;
racing,killcuboid,1.1,1.1,10.1,2655,250,1500,0,1,0,0;

racing,killcuboid,1.1,2.6,10.1,2700,245,1500,0,1,0,0;
racing,killcuboid,1.1,2.6,10.1,2745,225,1500,0,1,0,0;

racing,killcylinder,3.15,2.55,3.15,2800,235,1500,0,1,0,0;
racing,killcylinder,3.55,2.55,3.55,2800,235,1532.5,0,1,0,0;
racing,killcylinder,3.55,1.05,3.55,2800,245,1467.5,0,1,0,0;
racing,killcylinder,3.55,0.55,3.55,2800,220,1467.5,0,1,0,0;

racing,killcylinder,3.15,2.55,3.15,2845,235,1500,0,1,0,0;
racing,killcylinder,3.55,2.55,3.55,2845,235,1467.5,0,1,0,0;
racing,killcylinder,3.55,1.05,3.55,2845,245,1532.5,0,1,0,0;
racing,killcylinder,3.55,0.55,3.55,2845,220,1532.5,0,1,0,0;

racing,killcylinder,3.15,2.55,3.15,2900,235,1532.5,0,1,0,0;
racing,killcylinder,3.55,2.55,3.55,2900,235,1467.5,0,1,0,0;
racing,killcylinder,3.55,1.05,3.55,2900,245,1500,0,1,0,0;
racing,killcylinder,3.55,0.55,3.55,2900,220,1500,0,1,0,0;
















racing,killcuboid,1.1,5.1,40.1,-45,530,50,0,1,0,0;
racing,killcuboid,1.1,5.1,40.1,45,530,50,0,1,0,0;
racing,killcuboid,10.1,1.1,40.1,0,560,50,0,1,0,0;
racing,killcuboid,10.1,5.1,1.1,0,530,-145,0,1,0,0;

racing,killcuboid,1.1,5.1,10.1,-45,480,200,0,1,0,0;
racing,killcuboid,1.1,5.1,10.1,45,480,200,0,1,0,0;
racing,killcuboid,10.1,10.1,1.1,0,505,245,0,1,0,0;

racing,killcuboid,1.1,9.1,10.1,-45,450,100,0,1,0,0;
racing,killcuboid,10.1,9.1,1.1,0,450,55,0,1,0,0;
racing,killcuboid,10.1,5.1,1.1,0,430,145,0,1,0,0;
racing,killcuboid,1.1,5.1,10.1,45,470,100,0,1,0,0;

racing,killcuboid,1.1,10.1,10.1,145,405,100,0,1,0,0;
racing,killcuboid,10.1,1.1,10.1,100,450,100,0,1,0,0;
racing,killcuboid,10.1,10.1,1.1,100,405,145,0,1,0,0;
racing,killcuboid,10.1,10.1,1.1,100,405,55,0,1,0,0;

racing,killcuboid,1.1,9.1,10.1,-45,350,100,0,1,0,0;
racing,killcuboid,10.1,9.1,1.1,0,350,55,0,1,0,0;
racing,killcuboid,10.1,5.1,1.1,0,370,145,0,1,0,0;
racing,killcuboid,1.1,5.1,10.1,45,330,100,0,1,0,0;

racing,killcuboid,1.1,6.1,30.1,45,325,300,0,1,0,0;
racing,killcuboid,1.1,6.1,30.1,-45,325,300,0,1,0,0;

racing,killcuboid,1.1,4.1,10.1,45,325,500,0,1,0,0;
racing,killcuboid,10.1,4.1,1.1,0,325,545,0,1,0,0;
racing,killcuboid,1.1,11.1,10.1,-145,360,500,0,1,0,0;
racing,killcuboid,10.1,11.1,1.1,-100,360,545,0,1,0,0;
racing,killcuboid,10.1,11.1,1.1,-100,360,455,0,1,0,0;
racing,killcuboid,10.1,1.1,10.1,-100,420,500,0,1,0,0;

racing,killcuboid,1.1,6.1,10.1,45,385,500,0,1,0,0;
racing,killcuboid,10.1,6.1,1.1,0,385,455,0,1,0,0;

racing,killcuboid,1.1,6.1,60.1,45,385,850,0,1,0,0;
racing,killcuboid,1.1,6.1,60.1,-45,385,850,0,1,0,0;

racing,killcuboid,1.1,6.1,10.1,-45,385,1200,0,1,0,0;
racing,killcuboid,1.1,10.1,10.1,95,405,1200,0,1,0,0;
racing,killcuboid,6.1,10.1,1.1,70,405,1155,0,1,0,0;
racing,killcuboid,6.1,10.1,1.1,70,405,1245,0,1,0,0;
racing,killcuboid,1.1,3.1,10.1,-45,440,1200,0,1,0,0;
racing,killcuboid,9.1,3.1,1.1,-5,440,1245,0,1,0,0;
racing,killcuboid,9.1,3.1,1.1,-5,440,1155,0,1,0,0;

racing,killcuboid,5.1,6.1,1.1,-65,385,1255,0,1,0,0;
racing,killcuboid,5.1,6.1,1.1,15,385,1245,0,1,0,0;
racing,killcuboid,1.1,6.1,4.1,-5,385,1270,0,1,0,0;
racing,killcuboid,4.1,6.1,1.1,-20,385,1295,0,1,0,0;

racing,killcuboid,1.1,6.1,10.1,-45,385,1340,0,1,0,0;
racing,killcuboid,5.1,6.1,1.1,-65,385,1445,0,1,0,0;
racing,killcuboid,5.1,6.1,1.1,65,385,1445,0,1,0,0;
racing,killcuboid,4.1,6.1,1.1,-20,385,1445,0,1,0,0;
racing,killcuboid,1.1,2.1,5.1,-45,360,1415,0,1,0,0;
racing,killcuboid,1.1,3.1,5.1,-45,400,1415,0,1,0,0;

racing,killcuboid,1.1,6.1,12.1,-5,385,1380,0,1,0,0;
racing,killcuboid,3.1,6.1,1.1,15,385,1325,0,1,0,0;
racing,killcuboid,1.1,6.1,4.1,35,385,1310,0,1,0,0;
racing,killcuboid,3.1,6.1,1.1,55,385,1325,0,1,0,0;
racing,killcuboid,1.1,6.1,4.1,65,385,1350,0,1,0,0;
racing,killcuboid,3.1,6.1,1.1,75,385,1400,0,1,0,0;
racing,killcuboid,3.1,6.1,1.1,45,385,1400,0,1,0,0;
racing,killcuboid,1.1,6.1,5.1,35,385,1370,0,1,0,0;

racing,killcuboid,4.4,6.1,1.1,22.5,385,1422.5,0,1,0,0;

racing,killcuboid,1.1,6.1,50.1,45,385,1700,0,1,0,0;
racing,killcuboid,1.1,6.1,50.1,-45,385,1700,0,1,0,0;
racing,killcuboid,10.1,6.1,1.1,0,385,1945,0,1,0,0;
racing,killcuboid,1.1,6.1,50.1,45,325,1700,0,1,0,0;
racing,killcuboid,1.1,6.1,50.1,-45,325,1700,0,1,0,0;
racing,killcuboid,10.1,6.1,1.1,0,325,1945,0,1,0,0;
racing,killcuboid,1.1,8.1,40.1,45,255,1750,0,1,0,0;
racing,killcuboid,1.1,8.1,50.1,-45,255,1700,0,1,0,0;
racing,killcuboid,10.1,8.1,1.1,0,255,1945,0,1,0,0;

racing,killcuboid,10.1,6.1,1.1,0,325,1455,0,1,0,0;
racing,killcuboid,10.1,8.1,1.1,0,255,1455,0,1,0,0;

racing,killcuboid,10.1,1.1,30.1,0,210,1700,0,1,0,0;
racing,killcuboid,1.1,4.1,10.1,45,275,1500,0,1,0,0;

racing,killcuboid,10.1,1.1,6.1,0,377,1880,0,1,0,0;
racing,killcuboid,10.1,1.1,6.1,0,345,1920,0,1,0,0;
racing,killcuboid,10.1,1.1,6.1,0,307,1880,0,1,0,0;
racing,killcuboid,10.1,1.1,6.1,0,255,1900,0,1,0,0;

racing,killcuboid,10.1,1.1,10.1,100,210,1500,0,1,0,0;
racing,killcuboid,10.1,1.1,10.1,200,260,1500,0,1,0,0;
racing,killcuboid,10.1,1.1,10.1,300,210,1500,0,1,0,0;
racing,killcuboid,10.1,1.1,10.1,400,260,1500,0,1,0,0;
racing,killcuboid,10.1,1.1,10.1,500,210,1500,0,1,0,0;
racing,killcuboid,10.1,1.1,10.1,600,260,1500,0,1,0,0;

racing,killcuboid,30.1,1.1,10.1,800,260,1500,0,1,0,0;
racing,killcuboid,30.1,1.1,10.1,800,210,1500,0,1,0,0;
racing,killcuboid,30.1,1.1,10.1,1200,260,1500,0,1,0,0;
racing,killcuboid,30.1,1.1,10.1,1200,210,1500,0,1,0,0;
racing,killcuboid,30.1,1.1,10.1,1600,260,1500,0,1,0,0;
racing,killcuboid,30.1,1.1,10.1,1600,210,1500,0,1,0,0;

racing,killcuboid,180.1,6.1,1.1,950,235,1545,0,1,0,0;
racing,killcuboid,180.1,6.1,1.1,950,235,1455,0,1,0,0;

racing,killcuboid,80.1,8.1,1.1,2250,255,1455,0,1,0,0;
racing,killcuboid,80.1,8.1,1.1,2250,255,1545,0,1,0,0;
racing,killcuboid,80.1,1.1,10.1,2250,210,1500,0,1,0,0;
racing,killcuboid,80.1,1.1,10.1,2250,300,1500,0,1,0,0;

racing,killcuboid,1.1,4.1,10.1,1845,285,1500,0,1,0,0;
racing,killcuboid,1.1,4.1,10.1,2655,285,1500,0,1,0,0;

racing,killcuboid,40.1,6.1,1.1,2850,235,1455,0,1,0,0;
racing,killcuboid,40.1,6.1,1.1,2850,235,1545,0,1,0,0;
racing,killcuboid,1.1,6.1,1.1,0,325,145,0,1,0,0;






racing,startcuboid,8,5,0.9,0,530,-55,0,1,0,0;
racing,checkpointcuboid,0.5,1,0.5,0,315,500,0,1,0,0;
racing,checkpointcuboid,0.5,1,0.5,0,399,1565,0,1,0,0;
racing,checkpointcuboid,0.5,1,0.5,0,277,1660,0,1,0,0;
racing,checkpointcuboid,0.5,1,0.5,0,399,1835,0,1,0,0;
racing,endcuboid,1,5,8,3055,240,1500,0,1,0,0;
racing,checkpointcuboid,1,5,8,3055,240,1500,0,1,0,0;
racing,checkpointcuboid,0.5,1,0.5,0,435,1200,0,1,0,0;
racing,checkpointcuboid,0.5,1,0.5,2640,225,1500,0,1,0,0;








custom,cuboid,rock1,1,6,1,0,0,0,0,5,5,0,325,145,0,1,0,0;

custom,cuboid,rock3,2,1,2,0,0,0,0,5,5,0,425,1200,0,1,0,0;



custom,cuboid,rock1,1,6,5,0,0,0,0,5,5,35,385,1370,0,1,0,0;




custom,cuboid,rock1,80,1,10,0,0,0,0,5,5,2250,210,1500,0,1,0,0;
















































misc,barrier,19,0.9,19,3150,260,1500,0,1,0,0;


custom,cuboid,grass3,20,1,20,0,0,0,0,5,5,3150,210,1500,0,1,0,0;
custom,cuboid,metal4,20,5,1,0,0,0,0,1,1,3150,240,1595,0,1,0,0;
custom,cuboid,metal4,20,5,1,0,0,0,0,1,1,3150,240,1405,0,1,0,0;
custom,cuboid,metal4,1,5,20,0,0,0,0,1,1,3245,240,1500,0,1,0,0;
custom,cuboid,metal4,1,5,5,0,0,0,0,1,1,3055,240,1565,0,1,0,0;
custom,cuboid,metal4,1,5,5,0,0,0,0,1,1,3055,240,1435,0,1,0,0;

custom,cylinder,wood1,3.25,0.05,3.25,0,0,0,0,6,6,3150,214.55,1500,0,1,0,0;
custom,cylinder,wood1,0.1,0.75,0.1,0,0,0,0,1,1,3135,214.5,1503.5,0,1,0,0;
custom,cylinder,wood1,0.1,0.75,0.1,0,0,0,0,1,1,3135,214.5,1496.5,0,1,0,0;

custom,cylinder,wood1,0.1,0.75,0.1,0,0,0,0,1,1,3140,214.5,1512,0,1,0,0;
custom,cylinder,wood1,0.1,0.75,0.1,0,0,0,0,1,1,3140,214.5,1488,0,1,0,0;
custom,cylinder,wood1,0.1,0.75,0.1,0,0,0,0,1,1,3145,214.5,1514.75,0,1,0,0;
custom,cylinder,wood1,0.1,0.75,0.1,0,0,0,0,1,1,3145,214.5,1485.25,0,1,0,0;
custom,cylinder,wood1,0.1,0.75,0.1,0,0,0,0,1,1,3150,214.5,1515.5,0,1,0,0;
custom,cylinder,wood1,0.1,0.75,0.1,0,0,0,0,1,1,3150,214.5,1484.5,0,1,0,0;
custom,cylinder,wood1,0.1,0.75,0.1,0,0,0,0,1,1,3155,214.5,1514.75,0,1,0,0;
custom,cylinder,wood1,0.1,0.75,0.1,0,0,0,0,1,1,3155,214.5,1485.25,0,1,0,0;
custom,cylinder,wood1,0.1,0.75,0.1,0,0,0,0,1,1,3160,214.5,1512,0,1,0,0;
custom,cylinder,wood1,0.1,0.75,0.1,0,0,0,0,1,1,3160,214.5,1488,0,1,0,0;
custom,cylinder,wood1,0.1,0.75,0.1,0,0,0,0,1,1,3165,214.5,1503.5,0,1,0,0;
custom,cylinder,wood1,0.1,0.75,0.1,0,0,0,0,1,1,3165,214.5,1496.5,0,1,0,0;

custom,cone,wood1,1,0.2,1,0,0,0,0,6,6,3147.5,224,1500,0,1,0,0;

custom,cuboid,wood2,0.5,0.01,0.5,0,0,0,0,99999,99999,3150,215.6,1500,0,1,0,0;
custom,cuboid,wood2,0.025,0.1,0.025,0,0,0,0,99999,99999,3152.38,215.05,1497.625,0,1,0,0;
custom,cuboid,wood2,0.025,0.1,0.025,0,0,0,0,99999,99999,3147.62,215.05,1497.625,0,1,0,0;
custom,cuboid,wood2,0.025,0.1,0.025,0,0,0,0,99999,99999,3152.38,215.05,1502.375,0,1,0,0;
custom,cuboid,wood2,0.025,0.1,0.025,0,0,0,0,99999,99999,3147.62,215.05,1502.375,0,1,0,0;

custom,cylinder,brick2,0.75,0.01,1,0,0,0,0,3,3,3160,215,1500,0,1,0,0;
custom,cylinder,brick2,0.7,0.01,0.95,0,0,0,0,3,3,3160,215.05,1500,0,1,0,0;
custom,cylinder,brick2,0.65,0.01,0.9,0,0,0,0,3,3,3160,215.1,1500,0,1,0,0;
custom,cylinder,brick2,0.6,0.01,0.85,0,0,0,0,3,3,3160,215.15,1500,0,1,0,0;
custom,cylinder,brick2,0.55,0.01,0.8,0,0,0,0,3,3,3160,215.2,1500,0,1,0,0;
custom,cylinder,brick2,0.5,0.01,0.75,0,0,0,0,3,3,3160,215.25,1500,0,1,0,0;

custom,cuboid,brick2,0.1,0.4,0.75,0,0,0,0,3,3,3165,217.5,1500,0,1,0,0;
custom,cuboid,brick2,0.01,0.1,0.01,1,0,0,0,3,3,3158,215.5,1500,0,1,0,0;
custom,cuboid,brick2,0.009,0.015,0.009,0,0,0,0,99999,99999,3158.05,216,1500,0.3,1,0,0;

custom,cuboid,default,0.03,0.1,0.02,1,1,1,1,1,1,3164.5,217.5,1500.5,0,1,0.35,0;
custom,cuboid,default,0.03,0.1,0.02,1,1,1,1,1,1,3164.5,217.5,1500.5,0,1,-0.35,0;

custom,cuboid,default,0.03,0.09,0.02,1,1,1,1,1,1,3164.5,217.5,1499.75,0,1,0,0;
custom,cuboid,default,0.03,0.09,0.02,1,1,1,1,1,1,3164.5,217.5,1499.25,0,1,0,0;
custom,cuboid,default,0.015,0.105,0.025,1,0,0,0,1,1,3164.5,217.5,1500.5,0,1,0.35,0;
custom,cuboid,default,0.015,0.105,0.025,1,0,0,0,1,1,3164.5,217.5,1500.5,0,1,-0.35,0;

custom,cuboid,default,0.015,0.095,0.025,1,0,0,0,1,1,3164.5,217.5,1499.75,0,1,0,0;
custom,cuboid,default,0.015,0.095,0.025,1,0,0,0,1,1,3164.5,217.5,1499.25,0,1,0,0;
custom,cuboid,bombexplosiontex,0.25,0,0.25,1,0,0,0,1,1,3164.45,217.5,1500,1,1,0,0;

custom,cylinder,default,0.15,0.005,0.15,0,0,0,0,99999,99999,3150,215.65,1500,0,1,0,0;
custom,cylinder,default,0.1,0.02,0.1,0,0,0,0,99999,99999,3150,215.9,1500,0,1,0,0;
custom,cylinder,default,0.101,0.002,0.101,0,0,0,0,99999,99999,3150,215.725,1500,0,1,0,0;
custom,cylinder,default,0.101,0.002,0.101,0,0,0,0,99999,99999,3150,215.765,1500,0,1,0,0;
custom,cylinder,default,0.101,0.002,0.101,0,0,0,0,99999,99999,3150,215.805,1500,0,1,0,0;
custom,cylinder,default,0.101,0.002,0.101,0,0,0,0,99999,99999,3150,215.845,1500,0,1,0,0;
custom,cylinder,default,0.101,0.002,0.101,0,0,0,0,99999,99999,3150,215.885,1500,0,1,0,0;
custom,cylinder,default,0.101,0.002,0.101,0,0,0,0,99999,99999,3150,215.925,1500,0,1,0,0;
custom,cylinder,default,0.101,0.002,0.101,0,0,0,0,99999,99999,3150,215.965,1500,0,1,0,0;
custom,cylinder,default,0.101,0.002,0.101,0,0,0,0,99999,99999,3150,216.005,1500,0,1,0,0;
custom,cylinder,default,0.101,0.002,0.101,0,0,0,0,99999,99999,3150,216.045,1500,0,1,0,0;
custom,cylinder,default,0.101,0.002,0.101,1,1,0,0,99999,99999,3150,216.085,1500,0,1,0,0;

custom,cylinder,default,0.075,0.02,0.075,0,0,0,0,99999,99999,3150,216.3,1500,0,1,0,0;
custom,cylinder,default,0.076,0.002,0.076,0,0,0,0,99999,99999,3150,216.125,1500,0,1,0,0;
custom,cylinder,default,0.076,0.002,0.076,0,0,0,0,99999,99999,3150,216.165,1500,0,1,0,0;
custom,cylinder,default,0.076,0.002,0.076,0,0,0,0,99999,99999,3150,216.205,1500,0,1,0,0;
custom,cylinder,default,0.076,0.002,0.076,0,0,0,0,99999,99999,3150,216.245,1500,0,1,0,0;
custom,cylinder,default,0.076,0.002,0.076,0,0,0,0,99999,99999,3150,216.285,1500,0,1,0,0;
custom,cylinder,default,0.076,0.002,0.076,0,0,0,0,99999,99999,3150,216.325,1500,0,1,0,0;
custom,cylinder,default,0.076,0.002,0.076,0,0,0,0,99999,99999,3150,216.365,1500,0,1,0,0;
custom,cylinder,default,0.076,0.002,0.076,0,0,0,0,99999,99999,3150,216.405,1500,0,1,0,0;
custom,cylinder,default,0.076,0.002,0.076,0,0,0,0,99999,99999,3150,216.445,1500,0,1,0,0;
custom,cylinder,default,0.076,0.002,0.076,1,1,1,0,99999,99999,3150,216.485,1500,0,1,0,0;

custom,cylinder,default,0.003,0.005,0.003,0,0,0,0,99999,99999,3150,216.55,1500,0,1,0,0;
racing,killcone,0.0025,0.002,0.0025,3149.999,216.6,1500,0,1,0,0;


custom,cylinder,default,0.075,0.0025,0.075,0,0,0,0,99999,99999,3150.9,215.65,1498,0,1,0,0;
custom,cylinder,default,0.075,0.0025,0.075,0,0,0,0,99999,99999,3150.9,215.65,1502,0,1,0,0;
custom,cylinder,default,0.075,0.0025,0.075,0,0,0,0,99999,99999,3148,215.65,1500,0,1,0,0;
custom,cylinder,default,0.075,0.0025,0.075,0,0,0,0,99999,99999,3148.9,215.65,1498,0,1,0,0;
custom,cylinder,default,0.075,0.0025,0.075,0,0,0,0,99999,99999,3148.9,215.65,1502,0,1,0,0;