spawnpoint,playerM,0,510,-100,0,1,0,0;
spawnpoint,playerC,0,510,-100,0,1,0,0;
map,disablebounds;
spawnpoint,titan,99999,2,99999,0,1,0,0;
custom,cuboid,rock1,100,3,100,0,0,0,0,5,5,-4000,0,-4000,0,1,0,0;
custom,cuboid,rock1,100,3,100,0,0,0,0,5,5,-3000,0,-4000,0,1,0,0;
custom,cuboid,rock1,100,3,100,0,0,0,0,5,5,-2000,0,-4000,0,1,0,0;
custom,cuboid,rock1,100,3,100,0,0,0,0,5,5,-1000,0,-4000,0,1,0,0;
custom,cuboid,rock1,100,3,100,0,0,0,0,5,5,0,0,-4000,0,1,0,0;
custom,cuboid,rock1,100,3,100,0,0,0,0,5,5,1000,0,-4000,0,1,0,0;
custom,cuboid,rock1,100,3,100,0,0,0,0,5,5,2000,0,-4000,0,1,0,0;
custom,cuboid,rock1,100,3,100,0,0,0,0,5,5,3000,0,-4000,0,1,0,0;
custom,cuboid,rock1,100,3,100,0,0,0,0,5,5,4000,0,-4000,0,1,0,0;
custom,cuboid,rock1,100,3,100,0,0,0,0,5,5,-4000,0,-3000,0,1,0,0;
custom,cuboid,rock1,100,3,100,0,0,0,0,5,5,-3000,0,-3000,0,1,0,0;
custom,cuboid,rock1,100,3,100,0,0,0,0,5,5,-2000,0,-3000,0,1,0,0;
custom,cuboid,rock1,100,3,100,0,0,0,0,5,5,-1000,0,-3000,0,1,0,0;
custom,cuboid,rock1,100,3,100,0,0,0,0,5,5,0,0,-3000,0,1,0,0;
custom,cuboid,rock1,100,3,100,0,0,0,0,5,5,1000,0,-3000,0,1,0,0;
custom,cuboid,rock1,100,3,100,0,0,0,0,5,5,2000,0,-3000,0,1,0,0;
custom,cuboid,rock1,100,3,100,0,0,0,0,5,5,3000,0,-3000,0,1,0,0;
custom,cuboid,rock1,100,3,100,0,0,0,0,5,5,4000,0,-3000,0,1,0,0;
custom,cuboid,rock1,100,3,100,0,0,0,0,5,5,-4000,0,-2000,0,1,0,0;
custom,cuboid,rock1,100,3,100,0,0,0,0,5,5,-3000,0,-2000,0,1,0,0;
custom,cuboid,rock1,100,3,100,0,0,0,0,5,5,-2000,0,-2000,0,1,0,0;
custom,cuboid,rock1,100,3,100,0,0,0,0,5,5,-1000,0,-2000,0,1,0,0;
custom,cuboid,rock1,100,3,100,0,0,0,0,5,5,0,0,-2000,0,1,0,0;
custom,cuboid,rock1,100,3,100,0,0,0,0,5,5,1000,0,-2000,0,1,0,0;
custom,cuboid,rock1,100,3,100,0,0,0,0,5,5,2000,0,-2000,0,1,0,0;
custom,cuboid,rock1,100,3,100,0,0,0,0,5,5,3000,0,-2000,0,1,0,0;
custom,cuboid,rock1,100,3,100,0,0,0,0,5,5,4000,0,-2000,0,1,0,0;
custom,cuboid,rock1,100,3,100,0,0,0,0,5,5,-4000,0,-1000,0,1,0,0;
custom,cuboid,rock1,100,3,100,0,0,0,0,5,5,-3000,0,-1000,0,1,0,0;
custom,cuboid,rock1,100,3,100,0,0,0,0,5,5,-2000,0,-1000,0,1,0,0;
custom,cuboid,rock1,100,3,100,0,0,0,0,5,5,-1000,0,-1000,0,1,0,0;
custom,cuboid,rock1,100,3,100,0,0,0,0,5,5,0,0,-1000,0,1,0,0;
custom,cuboid,rock1,100,3,100,0,0,0,0,5,5,1000,0,-1000,0,1,0,0;
custom,cuboid,rock1,100,3,100,0,0,0,0,5,5,2000,0,-1000,0,1,0,0;
custom,cuboid,rock1,100,3,100,0,0,0,0,5,5,3000,0,-1000,0,1,0,0;
custom,cuboid,rock1,100,3,100,0,0,0,0,5,5,4000,0,-1000,0,1,0,0;
custom,cuboid,rock1,100,3,100,0,0,0,0,5,5,-4000,0,0,0,1,0,0;
custom,cuboid,rock1,100,3,100,0,0,0,0,5,5,-3000,0,0,0,1,0,0;
custom,cuboid,rock1,100,3,100,0,0,0,0,5,5,-2000,0,0,0,1,0,0;
custom,cuboid,rock1,100,3,100,0,0,0,0,5,5,-1000,0,0,0,1,0,0;
custom,cuboid,rock1,100,3,100,0,0,0,0,5,5,0,0,0,0,1,0,0;
custom,cuboid,rock1,100,3,100,0,0,0,0,5,5,1000,0,0,0,1,0,0;
custom,cuboid,rock1,100,3,100,0,0,0,0,5,5,2000,0,0,0,1,0,0;
custom,cuboid,rock1,100,3,100,0,0,0,0,5,5,3000,0,0,0,1,0,0;
custom,cuboid,rock1,100,3,100,0,0,0,0,5,5,4000,0,0,0,1,0,0;
custom,cuboid,rock1,100,3,100,0,0,0,0,5,5,-4000,0,1000,0,1,0,0;
custom,cuboid,rock1,100,3,100,0,0,0,0,5,5,-3000,0,1000,0,1,0,0;
custom,cuboid,rock1,100,3,100,0,0,0,0,5,5,-2000,0,1000,0,1,0,0;
custom,cuboid,rock1,100,3,100,0,0,0,0,5,5,-1000,0,1000,0,1,0,0;
custom,cuboid,rock1,100,3,100,0,0,0,0,5,5,0,0,1000,0,1,0,0;
custom,cuboid,rock1,100,3,100,0,0,0,0,5,5,1000,0,1000,0,1,0,0;
custom,cuboid,rock1,100,3,100,0,0,0,0,5,5,2000,0,1000,0,1,0,0;
custom,cuboid,rock1,100,3,100,0,0,0,0,5,5,3000,0,1000,0,1,0,0;
custom,cuboid,rock1,100,3,100,0,0,0,0,5,5,4000,0,1000,0,1,0,0;
custom,cuboid,rock1,100,3,100,0,0,0,0,5,5,-4000,0,2000,0,1,0,0;
custom,cuboid,rock1,100,3,100,0,0,0,0,5,5,-3000,0,2000,0,1,0,0;
custom,cuboid,rock1,100,3,100,0,0,0,0,5,5,-2000,0,2000,0,1,0,0;
custom,cuboid,rock1,100,3,100,0,0,0,0,5,5,-1000,0,2000,0,1,0,0;
custom,cuboid,rock1,100,3,100,0,0,0,0,5,5,0,0,2000,0,1,0,0;
custom,cuboid,rock1,100,3,100,0,0,0,0,5,5,1000,0,2000,0,1,0,0;
custom,cuboid,rock1,100,3,100,0,0,0,0,5,5,2000,0,2000,0,1,0,0;
custom,cuboid,rock1,100,3,100,0,0,0,0,5,5,3000,0,2000,0,1,0,0;
custom,cuboid,rock1,100,3,100,0,0,0,0,5,5,4000,0,2000,0,1,0,0;
custom,cuboid,rock1,100,3,100,0,0,0,0,5,5,-4000,0,3000,0,1,0,0;
custom,cuboid,rock1,100,3,100,0,0,0,0,5,5,-3000,0,3000,0,1,0,0;
custom,cuboid,rock1,100,3,100,0,0,0,0,5,5,-2000,0,3000,0,1,0,0;
custom,cuboid,rock1,100,3,100,0,0,0,0,5,5,-1000,0,3000,0,1,0,0;
custom,cuboid,rock1,100,3,100,0,0,0,0,5,5,0,0,3000,0,1,0,0;
custom,cuboid,rock1,100,3,100,0,0,0,0,5,5,1000,0,3000,0,1,0,0;
custom,cuboid,rock1,100,3,100,0,0,0,0,5,5,2000,0,3000,0,1,0,0;
custom,cuboid,rock1,100,3,100,0,0,0,0,5,5,3000,0,3000,0,1,0,0;
custom,cuboid,rock1,100,3,100,0,0,0,0,5,5,4000,0,3000,0,1,0,0;
custom,cuboid,rock1,100,3,100,0,0,0,0,5,5,-4000,0,4000,0,1,0,0;
custom,cuboid,rock1,100,3,100,0,0,0,0,5,5,-3000,0,4000,0,1,0,0;
custom,cuboid,rock1,100,3,100,0,0,0,0,5,5,-2000,0,4000,0,1,0,0;
custom,cuboid,rock1,100,3,100,0,0,0,0,5,5,-1000,0,4000,0,1,0,0;
custom,cuboid,rock1,100,3,100,0,0,0,0,5,5,0,0,4000,0,1,0,0;
custom,cuboid,rock1,100,3,100,0,0,0,0,5,5,1000,0,4000,0,1,0,0;
custom,cuboid,rock1,100,3,100,0,0,0,0,5,5,2000,0,4000,0,1,0,0;
custom,cuboid,rock1,100,3,100,0,0,0,0,5,5,3000,0,4000,0,1,0,0;
custom,cuboid,rock1,100,3,100,0,0,0,0,5,5,4000,0,4000,0,1,0,0;
custom,cuboid,bombexplosiontex,900,3,900,0,0,0,0,0,0,0,-30,0,0,1,0,0;
custom,cuboid,bombexplosiontex,900,900,3,1,0,0,0,0,0,0,0,-4485,0,1,0,0;
custom,cuboid,bombexplosiontex,900,900,3,1,0,0,0,0,0,0,0,4485,0,1,0,0;
custom,cuboid,bombexplosiontex,3,900,900,1,0,0,0,0,0,-4485,0,0,0,1,0,0;
custom,cuboid,bombexplosiontex,3,900,900,1,0,0,0,0,0,4485,0,0,0,1,0,0;
custom,cuboid,bombexplosiontex,900,3,900,1,0,0,0,0,0,0,4485,0,0,1,0,0;
custom,cuboid,rock3,3,1,3,0,0,0,0,5,5,0,305,500,0,1,0,0;
custom,cuboid,rock1,10,1,30,0,0,0,0,5,5,0,500,0,0,1,0,0;
custom,cuboid,rock1,10,1,10,0,0,0,0,5,5,0,450,200,0,1,0,0;
racing,killCuboid,15,1,2,6.130768,331.3047,149.9221,0,0.001688392,0,-0.9999986;
custom,cuboid,rock1,10,1,10,0,0,0,0,5,5,100,350,100,0,1,0,0;
custom,cuboid,rock1,10,1,10,0,0,0,0,5,5,0,300,100,0,1,0,0;
custom,cuboid,rock1,10,1,10,0,0,0,0,5,5,0,300,500,0,1,0,0;
racing,killCuboid,15,1,2,-3.968102,378.377,858.936,0,0.004528896,0,-0.9999897;
custom,cuboid,rock1,1,6,1,0,0,0,0,5,5,0,385,545,0,1,0,0;
racing,killCuboid,15,1,2,-3.946429,397.6217,856.5319,0,0.004528896,0,-0.9999897;
custom,cuboid,rock1,10,1,10,0,0,0,0,5,5,0,350,1200,0,1,0,0;
custom,cuboid,rock1,1,6,1,0,0,0,0,5,5,0,385,1155,0,1,0,0;
custom,cuboid,rock1,10,1,10,0,0,0,0,5,5,0,420,1200,0,1,0,0;
custom,cuboid,rock1,10,1,10,0,0,0,0,5,5,0,460,1200,0,1,0,0;
custom,cuboid,rock1,20,1,20,0,0,0,0,5,5,0,350,1350,0,1,0,0;
custom,cuboid,rock1,20,1,20,0,0,0,0,5,5,0,420,1350,0,1,0,0;
custom,cuboid,rock1,1,6,20,0,0,0,0,5,5,95,385,1350,0,1,0,0;
custom,cuboid,rock1,1,6,20,0,0,0,0,5,5,-95,385,1350,0,1,0,0;
custom,cuboid,rock1,10,1,10,0,0,0,0,5,5,0,350,1500,0,1,0,0;
custom,cuboid,rock1,10,1,10,0,0,0,0,5,5,0,420,1500,0,1,0,0;
custom,cuboid,rock3,4,1,2,0,0,0,0,1,1,0,389,1565,0,1,0,0;
custom,cuboid,rock1,10,1,11,0,0,0,0,5,5,0,329.04,1599.3,0,1,0.2,0;
custom,cuboid,rock1,10,1,11,0,0,0,0,5,5,0,399.04,1599.3,0,1,0.2,0;
custom,cuboid,rock1,10,1,11,0,0,0,0,5,5,0,329.04,1599.3,0,1,-0.2,0;
custom,cuboid,rock1,10,1,11,0,0,0,0,5,5,0,399.04,1599.3,0,1,-0.2,0;
custom,cuboid,rock1,10,1,11,0,0,0,0,5,5,0,279.04,1699.3,0,1,0.2,0;
custom,cuboid,rock1,10,1,11,0,0,0,0,5,5,0,349.04,1699.3,0,1,0.2,0;
custom,cuboid,rock1,10,1,11,0,0,0,0,5,5,0,279.04,1699.3,0,1,-0.2,0;
custom,cuboid,rock1,10,1,11,0,0,0,0,5,5,0,349.04,1699.3,0,1,-0.2,0;
custom,cuboid,rock1,10,1,11,0,0,0,0,5,5,0,329.04,1799.3,0,1,0.2,0;
custom,cuboid,rock1,10,1,11,0,0,0,0,5,5,0,399.04,1799.3,0,1,0.2,0;
custom,cuboid,rock1,10,1,11,0,0,0,0,5,5,0,329.04,1799.3,0,1,-0.2,0;
custom,cuboid,rock1,10,1,11,0,0,0,0,5,5,0,399.04,1799.3,0,1,-0.2,0;
custom,cuboid,rock1,10,1,10,0,0,0,0,5,5,0,350,1800,0,1,0,0;
custom,cuboid,rock1,10,1,10,0,0,0,0,5,5,0,370,1800,0,1,0,0;
custom,cuboid,rock1,1,1,1,0,0,0,0,1,1,0,360,1800,0,1,0,0;
custom,cuboid,rock1,1,1,1,0,0,0,0,1,1,20,360,1800,0,1,0,0;
custom,cuboid,rock1,1,1,1,0,0,0,0,1,1,-20,360,1800,0,1,0,0;
custom,cuboid,rock1,1,1,1,0,0,0,0,1,1,40,360,1800,0,1,0,0;
custom,cuboid,rock1,1,1,1,0,0,0,0,1,1,-40,360,1800,0,1,0,0;
custom,cuboid,rock1,10,1,30,0,0,0,0,5,5,0,420,1699.3,0,1,0,0;
custom,cuboid,rock1,10,1,10,0,0,0,0,5,5,0,420,1900,0,1,0,0;
custom,cuboid,rock3,4,1,2,0,0,0,0,1,1,0,389,1835,0,1,0,0;
custom,cuboid,rock1,0.5,20,0.5,0,0,0,0,5,5,0,315,1900,0,1,0,0;
custom,cuboid,rock1,10,1,10,0,0,0,0,5,5,0,210,1900,0,1,0,0;
custom,cuboid,rock1,10,1,10,0,0,0,0,5,5,0,210,1500,0,1,0,0;
custom,cuboid,rock1,10,1,10,0,0,0,0,5,5,100,260,1500,0,1,0,0;
custom,cuboid,rock1,10,1,10,0,0,0,0,5,5,200,210,1500,0,1,0,0;
custom,cuboid,rock1,10,1,10,0,0,0,0,5,5,300,260,1500,0,1,0,0;
custom,cuboid,rock1,10,1,10,0,0,0,0,5,5,400,210,1500,0,1,0,0;
custom,cuboid,rock1,10,1,10,0,0,0,0,5,5,500,260,1500,0,1,0,0;
custom,cuboid,rock1,10,1,10,0,0,0,0,5,5,600,210,1500,0,1,0,0;
custom,cuboid,rock1,10,1,10,0,0,0,0,5,5,1000,210,1500,0,1,0,0;
custom,cuboid,rock1,10,1,10,0,0,0,0,5,5,1000,260,1500,0,1,0,0;
custom,cuboid,rock1,10,1,10,0,0,0,0,5,5,1400,210,1500,0,1,0,0;
custom,cuboid,rock1,10,1,10,0,0,0,0,5,5,1400,260,1500,0,1,0,0;
custom,cuboid,rock1,10,1,10,0,0,0,0,5,5,1800,210,1500,0,1,0,0;
custom,cuboid,rock1,10,1,10,0,0,0,0,5,5,1800,260,1500,0,1,0,0;
custom,cuboid,rock3,4,1,2,0,0,0,0,1,1,0,267,1660,0,1,0,0;
custom,pyramid,rock1,2,2,2,0,0,0,0,5,5,100,237.5,1500,0,0,1,0;
custom,pyramid,rock1,2,2,2,0,0,0,0,5,5,100,237.5,1470,0,0,1,0;
custom,pyramid,rock1,2,2,2,0,0,0,0,5,5,100,237.5,1530,0,0,1,0;
custom,pyramid,rock1,2,2,2,0,0,0,0,5,5,200,230,1485,0,1,0,0;
custom,pyramid,rock1,2,2,2,0,0,0,0,5,5,200,230,1515,0,1,0,0;
custom,cuboid,rock1,1,5,1,0,0,0,0,5,5,280,230,1500,0,0,1,0;
custom,cuboid,rock1,1,5,1,0,0,0,0,5,5,280,230,1520,0,0,1,0;
custom,cuboid,rock1,1,5,1,0,0,0,0,5,5,280,230,1540,0,0,1,0;
custom,cuboid,rock1,1,5,1,0,0,0,0,5,5,280,230,1480,0,0,1,0;
custom,cuboid,rock1,1,5,1,0,0,0,0,5,5,280,230,1460,0,0,1,0;
custom,cuboid,rock1,1,5,1,0,0,0,0,5,5,320,230,1510,0,0,1,0;
custom,cuboid,rock1,1,5,1,0,0,0,0,5,5,320,230,1530,0,0,1,0;
custom,cuboid,rock1,1,5,1,0,0,0,0,5,5,320,230,1490,0,0,1,0;
custom,cuboid,rock1,1,5,1,0,0,0,0,5,5,320,230,1470,0,0,1,0;
custom,cuboid,rock1,1,5,1,0,0,0,0,5,5,380,240,1500,0,0,1,0;
custom,cuboid,rock1,1,5,1,0,0,0,0,5,5,380,240,1520,0,0,1,0;
custom,cuboid,rock1,1,5,1,0,0,0,0,5,5,380,240,1540,0,0,1,0;
custom,cuboid,rock1,1,5,1,0,0,0,0,5,5,380,240,1480,0,0,1,0;
custom,cuboid,rock1,1,5,1,0,0,0,0,5,5,380,240,1460,0,0,1,0;
custom,cuboid,rock1,1,5,1,0,0,0,0,5,5,420,240,1510,0,0,1,0;
custom,cuboid,rock1,1,5,1,0,0,0,0,5,5,420,240,1530,0,0,1,0;
custom,cuboid,rock1,1,5,1,0,0,0,0,5,5,420,240,1490,0,0,1,0;
custom,cuboid,rock1,1,5,1,0,0,0,0,5,5,420,240,1470,0,0,1,0;
custom,cylinder,rock1,1,2.5,1,0,0,0,0,5,5,500,230,1500,0,0,1,0;
custom,cylinder,rock1,1,2.5,1,0,0,0,0,5,5,600,240,1500,0,0,1,0;
custom,cuboid,rock1,10,1,9,0,0,0,0,5,5,1000,235,1500,0,1,0.3,0;
custom,cuboid,rock1,10,1,9,0,0,0,0,5,5,1000,235,1500,0,1,-0.3,0;
custom,cuboid,rock1,1,5,1,0,0,0,0,5,5,1400,235,1500,0,1,0,0;
custom,cuboid,rock1,1,5,1,0,0,0,0,5,5,1800,235,1500,0,1,0,0;
custom,cuboid,rock1,10,1,10,0,0,0,0,5,5,2700,210,1500,0,1,0,0;
custom,cuboid,rock1,10,1,10,0,0,0,0,5,5,2700,260,1500,0,1,0,0;
custom,cuboid,rock1,10,1,10,0,0,0,0,5,5,2800,210,1500,0,1,0,0;
custom,cuboid,rock1,10,1,10,0,0,0,0,5,5,2800,260,1500,0,1,0,0;
custom,cuboid,rock1,10,1,10,0,0,0,0,5,5,2900,210,1500,0,1,0,0;
custom,cuboid,rock1,10,1,10,0,0,0,0,5,5,2900,260,1500,0,1,0,0;
custom,cuboid,rock1,10,1,10,0,0,0,0,5,5,3000,210,1500,0,1,0,0;
custom,cuboid,rock1,10,1,10,0,0,0,0,5,5,3000,260,1500,0,1,0,0;
custom,cuboid,rock1,1,2,10,0,0,0,0,5,5,2655,225,1500,0,1,0,0;
custom,cuboid,rock1,1,1,10,0,0,0,0,5,5,2655,250,1500,0,1,0,0;
custom,cuboid,rock1,1,2.5,10,0,0,0,0,5,5,2700,245,1500,0,1,0,0;
custom,cuboid,rock1,1,2.5,10,0,0,0,0,5,5,2745,225,1500,0,1,0,0;
custom,cylinder,rock1,3.1,2.5,3.1,0,0,0,0,5,5,2800,235,1500,0,1,0,0;
custom,cylinder,rock1,3.5,2.5,3.5,0,0,0,0,5,5,2800,235,1532.5,0,1,0,0;
custom,cylinder,rock1,3.5,1,3.5,0,0,0,0,5,5,2800,245,1467.5,0,1,0,0;
custom,cylinder,rock1,3.5,0.5,3.5,0,0,0,0,5,5,2800,220,1467.5,0,1,0,0;
custom,cylinder,rock1,3.1,2.5,3.1,0,0,0,0,5,5,2845,235,1500,0,1,0,0;
custom,cylinder,rock1,3.5,2.5,3.5,0,0,0,0,5,5,2845,235,1467.5,0,1,0,0;
custom,cylinder,rock1,3.5,1,3.5,0,0,0,0,5,5,2845,245,1532.5,0,1,0,0;
custom,cylinder,rock1,3.5,0.5,3.5,0,0,0,0,5,5,2845,220,1532.5,0,1,0,0;
custom,cylinder,rock1,3.1,2.5,3.1,0,0,0,0,5,5,2900,235,1532.5,0,1,0,0;
custom,cylinder,rock1,3.5,2.5,3.5,0,0,0,0,5,5,2900,235,1467.5,0,1,0,0;
custom,cylinder,rock1,3.5,1,3.5,0,0,0,0,5,5,2900,245,1500,0,1,0,0;
custom,cylinder,rock1,3.5,0.5,3.5,0,0,0,0,5,5,2900,220,1500,0,1,0,0;
custom,cylinder,rock1,3.1,2.5,3.1,0,0,0,0,5,5,2945,235,1532.5,0,1,0,0;
custom,cylinder,rock1,3.5,2.5,3.5,0,0,0,0,5,5,2945,235,1467.5,0,1,0,0;
custom,cylinder,rock1,3.5,1,3.5,0,0,0,0,5,5,2945,245,1500,0,1,0,0;
custom,cylinder,rock1,3.5,0.75,3.5,0,0,0,0,5,5,2945,222.5,1500,0,1,0,0;
custom,cylinder,rock1,3.1,2.5,3.1,0,0,0,0,5,5,2980,235,1532.5,0,1,0,0;
custom,cylinder,rock1,3.5,2.5,3.5,0,0,0,0,5,5,2980,235,1467.5,0,1,0,0;
custom,cylinder,rock1,3.5,1,3.5,0,0,0,0,5,5,2980,245,1500,0,1,0,0;
custom,cylinder,rock1,3.5,0.75,3.5,0,0,0,0,5,5,2980,222.5,1500,0,1,0,0;
custom,cylinder,rock1,3.1,2.5,3.1,0,0,0,0,5,5,3015,235,1532.5,0,1,0,0;
custom,cylinder,rock1,3.5,2.5,3.5,0,0,0,0,5,5,3015,235,1467.5,0,1,0,0;
custom,cylinder,rock1,3.5,1,3.5,0,0,0,0,5,5,3015,245,1500,0,1,0,0;
custom,cylinder,rock1,3.5,0.75,3.5,0,0,0,0,5,5,3015,222.5,1500,0,1,0,0;
custom,cuboid,rock1,10,1,10,0,0,0,0,5,5,0,502.5,-100,0,1,0,0;
custom,cuboid,rock1,1,6,1,0,0,0,0,5,5,25,385,850,0,1,0,0;
custom,cuboid,rock1,1,6,1,0,0,0,0,5,5,-25,385,850,0,1,0,0;
custom,cuboid,rock1,1,6,1,0,0,0,0,5,5,0,385,850,0,1,0,0;
racing,killCuboid,15,4,2,-3.378521,518.1142,43.90919,0,0.004032583,0,0.9999919;
custom,cuboid,rock3,2,1,2,0,0,0,0,1,1,2640,215,1500,0,1,0,0;
racing,killcuboid,10.1,1.1,25.1,0,500,75,0,1,0,0;
racing,killcuboid,10.1,1.1,15.1,0,450,175,0,1,0,0;
racing,killcuboid,15.1,1.1,10.1,25,400,100,0,1,0,0;
racing,killcuboid,15.1,1.1,10.1,75,350,100,0,1,0,0;
racing,killcuboid,10.1,1.1,10.1,0,300,100,0,1,0,0;
racing,killcuboid,10.1,1.1,30.1,0,300,300,0,1,0,0;
racing,killcuboid,10.1,1.1,30.1,0,350,300,0,1,0,0;
racing,killcuboid,20.1,1.1,10.1,-50,300,500,0,1,0,0;
racing,killcuboid,15.1,1.1,10.1,-25,350,500,0,1,0,0;
racing,killcuboid,1.1,6.1,1.1,0,385,545,0,1,0,0;
racing,killcuboid,10.1,1.1,10.1,0,420,500,0,1,0,0;
racing,killcuboid,10.1,1.1,60.1,0,350,850,0,1,0,0;
racing,killcuboid,10.1,1.1,60.1,0,420,850,0,1,0,0;
racing,killcuboid,1.1,6.1,1.1,25,385,850,0,1,0,0;
racing,killcuboid,1.1,6.1,1.1,-25,385,850,0,1,0,0;
racing,killcuboid,1.1,6.1,1.1,0,385,850,0,1,0,0;
racing,killcuboid,20.1,1.1,20.1,0,350,1350,0,1,0,0;
racing,killcuboid,20.1,1.1,20.1,0,420,1350,0,1,0,0;
racing,killcuboid,1.1,6.1,20.1,95,385,1350,0,1,0,0;
racing,killcuboid,1.1,6.1,20.1,-95,385,1350,0,1,0,0;
racing,killcuboid,10.1,1.1,10.1,0,350,1500,0,1,0,0;
racing,killcuboid,10.1,1.1,10.1,0,420,1500,0,1,0,0;
racing,killcuboid,15.1,1.1,10.1,25,350,1200,0,1,0,0;
racing,killcuboid,1.1,6.1,1.1,0,385,1155,0,1,0,0;
racing,killcuboid,11.1,1.1,10.1,5,420,1200,0,1,0,0;
racing,killcuboid,15.1,1.1,10.1,25,460,1200,0,1,0,0;
racing,killcuboid,10.1,1.1,11.1,0,329.04,1599.3,0,1,0.2,0;
racing,killcuboid,10.1,1.1,11.1,0,399.04,1599.3,0,1,0.2,0;
racing,killcuboid,10.1,1.1,11.1,0,329.04,1599.3,0,1,-0.2,0;
racing,killcuboid,10.1,1.1,11.1,0,399.04,1599.3,0,1,-0.2,0;
racing,killcuboid,10.1,1.1,11.1,0,279.04,1699.3,0,1,0.2,0;
racing,killcuboid,10.1,1.1,11.1,0,349.04,1699.3,0,1,0.2,0;
racing,killcuboid,10.1,1.1,11.1,0,279.04,1699.3,0,1,-0.2,0;
racing,killcuboid,10.1,1.1,11.1,0,349.04,1699.3,0,1,-0.2,0;
racing,killcuboid,10.1,1.1,11.1,0,329.04,1799.3,0,1,0.2,0;
racing,killcuboid,10.1,1.1,11.1,0,399.04,1799.3,0,1,0.2,0;
racing,killcuboid,10.1,1.1,11.1,0,329.04,1799.3,0,1,-0.2,0;
racing,killcuboid,10.1,1.1,11.1,0,399.04,1799.3,0,1,-0.2,0;
racing,killcuboid,10.1,1.1,10.1,0,350,1800,0,1,0,0;
racing,killcuboid,10.1,1.1,10.1,0,370,1800,0,1,0,0;
racing,killcuboid,1.1,1.1,1.1,0,360,1800,0,1,0,0;
racing,killcuboid,1.1,1.1,1.1,20,360,1800,0,1,0,0;
racing,killcuboid,1.1,1.1,1.1,-20,360,1800,0,1,0,0;
racing,killcuboid,1.1,1.1,1.1,40,360,1800,0,1,0,0;
racing,killcuboid,1.1,1.1,1.1,-40,360,1800,0,1,0,0;
racing,killcuboid,10.1,1.1,30.1,0,420,1699.3,0,1,0,0;
racing,killcuboid,10.1,1.1,10.1,0,420,1900,0,1,0,0;
racing,killcuboid,0.6,20.1,0.6,0,315,1900,0,1,0,0;
racing,killcuboid,10.1,1.1,10.1,0,210,1900,0,1,0,0;
racing,killcuboid,10.1,1.1,10.1,0,210,1500,0,1,0,0;
racing,killcuboid,10.1,1.1,10.1,100,260,1500,0,1,0,0;
racing,killcuboid,10.1,1.1,10.1,200,210,1500,0,1,0,0;
racing,killcuboid,10.1,1.1,10.1,300,260,1500,0,1,0,0;
racing,killcuboid,10.1,1.1,10.1,400,210,1500,0,1,0,0;
racing,killcuboid,10.1,1.1,10.1,500,260,1500,0,1,0,0;
racing,killcuboid,10.1,1.1,10.1,600,210,1500,0,1,0,0;
racing,killcuboid,10.1,1.1,10.1,1000,210,1500,0,1,0,0;
racing,killcuboid,10.1,1.1,10.1,1000,260,1500,0,1,0,0;
racing,killcuboid,10.1,1.1,10.1,1400,210,1500,0,1,0,0;
racing,killcuboid,10.1,1.1,10.1,1400,260,1500,0,1,0,0;
racing,killcuboid,10.1,1.1,10.1,1800,210,1500,0,1,0,0;
racing,killcuboid,10.1,1.1,10.1,1800,260,1500,0,1,0,0;
racing,killpyramid,2.1,2.1,2.1,100,237.5,1500,0,0,1,0;
racing,killpyramid,2.1,2.1,2.1,100,237.5,1470,0,0,1,0;
racing,killpyramid,2.1,2.1,2.1,100,237.5,1530,0,0,1,0;
racing,killpyramid,2.1,2.1,2.1,200,230,1485,0,1,0,0;
racing,killpyramid,2.1,2.1,2.1,200,230,1515,0,1,0,0;
racing,killcuboid,1.1,5.1,1.1,280,230,1500,0,0,1,0;
racing,killcuboid,1.1,5.1,1.1,280,230,1520,0,0,1,0;
racing,killcuboid,1.1,5.1,1.1,280,230,1540,0,0,1,0;
racing,killcuboid,1.1,5.1,1.1,280,230,1480,0,0,1,0;
racing,killcuboid,1.1,5.1,1.1,280,230,1460,0,0,1,0;
racing,killcuboid,1.1,5.1,1.1,320,230,1510,0,0,1,0;
racing,killcuboid,1.1,5.1,1.1,320,230,1530,0,0,1,0;
racing,killcuboid,1.1,5.1,1.1,320,230,1490,0,0,1,0;
racing,killcuboid,1.1,5.1,1.1,320,230,1470,0,0,1,0;
racing,killcuboid,1.1,5.1,1.1,380,240,1500,0,0,1,0;
racing,killcuboid,1.1,5.1,1.1,380,240,1520,0,0,1,0;
racing,killcuboid,1.1,5.1,1.1,380,240,1540,0,0,1,0;
racing,killcuboid,1.1,5.1,1.1,380,240,1480,0,0,1,0;
racing,killcuboid,1.1,5.1,1.1,380,240,1460,0,0,1,0;
racing,killcuboid,1.1,5.1,1.1,420,240,1510,0,0,1,0;
racing,killcuboid,1.1,5.1,1.1,420,240,1530,0,0,1,0;
racing,killcuboid,1.1,5.1,1.1,420,240,1490,0,0,1,0;
racing,killcuboid,1.1,5.1,1.1,420,240,1470,0,0,1,0;
racing,killcylinder,1.1,2.6,1.1,500,230,1500,0,0,1,0;
racing,killcylinder,1.1,2.6,1.1,600,240,1500,0,0,1,0;
racing,killcuboid,10.1,1.1,9.1,1000,235,1500,0,1,0.3,0;
racing,killcuboid,10.1,1.1,9.1,1000,235,1500,0,1,-0.3,0;
racing,killcuboid,1.1,5.1,1.1,1400,235,1500,0,1,0,0;
racing,killcuboid,1.1,5.1,1.1,1800,235,1500,0,1,0,0;
racing,killcuboid,10.1,1.1,10.1,2700,210,1500,0,1,0,0;
racing,killcuboid,10.1,1.1,10.1,2700,260,1500,0,1,0,0;
racing,killcuboid,10.1,1.1,10.1,2800,210,1500,0,1,0,0;
racing,killcuboid,10.1,1.1,10.1,2800,260,1500,0,1,0,0;
racing,killcuboid,10.1,1.1,10.1,2900,210,1500,0,1,0,0;
racing,killcuboid,10.1,1.1,10.1,2900,260,1500,0,1,0,0;
racing,killcuboid,10.1,1.1,10.1,3000,210,1500,0,1,0,0;
racing,killcuboid,10.1,1.1,10.1,3000,260,1500,0,1,0,0;
racing,killcuboid,1.1,2.1,10.1,2655,225,1500,0,1,0,0;
racing,killcuboid,1.1,1.1,10.1,2655,250,1500,0,1,0,0;
racing,killcuboid,1.1,2.6,10.1,2700,245,1500,0,1,0,0;
racing,killcuboid,1.1,2.6,10.1,2745,225,1500,0,1,0,0;
racing,killcylinder,3.15,2.55,3.15,2800,235,1500,0,1,0,0;
racing,killcylinder,3.55,2.55,3.55,2800,235,1532.5,0,1,0,0;
racing,killcylinder,3.55,1.05,3.55,2800,245,1467.5,0,1,0,0;
racing,killcylinder,3.55,0.55,3.55,2800,220,1467.5,0,1,0,0;
racing,killcylinder,3.15,2.55,3.15,2845,235,1500,0,1,0,0;
racing,killcylinder,3.55,2.55,3.55,2845,235,1467.5,0,1,0,0;
racing,killcylinder,3.55,1.05,3.55,2845,245,1532.5,0,1,0,0;
racing,killcylinder,3.55,0.55,3.55,2845,220,1532.5,0,1,0,0;
racing,killcylinder,3.15,2.55,3.15,2900,235,1532.5,0,1,0,0;
racing,killcylinder,3.55,2.55,3.55,2900,235,1467.5,0,1,0,0;
racing,killcylinder,3.55,1.05,3.55,2900,245,1500,0,1,0,0;
racing,killcylinder,3.55,0.55,3.55,2900,220,1500,0,1,0,0;
racing,killcuboid,1.1,5.1,40.1,-45,530,50,0,1,0,0;
racing,killcuboid,1.1,5.1,40.1,45,530,50,0,1,0,0;
racing,killcuboid,10.1,1.1,40.1,0,560,50,0,1,0,0;
racing,killcuboid,10.1,5.1,1.1,0,530,-145,0,1,0,0;
racing,killcuboid,1.1,5.1,10.1,-45,480,200,0,1,0,0;
racing,killcuboid,1.1,5.1,10.1,45,480,200,0,1,0,0;
racing,killcuboid,10.1,10.1,1.1,0,505,245,0,1,0,0;
racing,killcuboid,1.1,9.1,10.1,-45,450,100,0,1,0,0;
racing,killcuboid,10.1,9.1,1.1,0,450,55,0,1,0,0;
racing,killcuboid,10.1,5.1,1.1,0,430,145,0,1,0,0;
racing,killcuboid,1.1,5.1,10.1,45,470,100,0,1,0,0;
racing,killcuboid,1.1,10.1,10.1,145,405,100,0,1,0,0;
racing,killcuboid,10.1,1.1,10.1,100,450,100,0,1,0,0;
racing,killcuboid,10.1,10.1,1.1,100,405,145,0,1,0,0;
racing,killcuboid,10.1,10.1,1.1,100,405,55,0,1,0,0;
racing,killcuboid,1.1,9.1,10.1,-45,350,100,0,1,0,0;
racing,killcuboid,10.1,9.1,1.1,0,350,55,0,1,0,0;
racing,killcuboid,10.1,5.1,1.1,0,370,145,0,1,0,0;
racing,killcuboid,1.1,5.1,10.1,45,330,100,0,1,0,0;
racing,killcuboid,1.1,6.1,30.1,45,325,300,0,1,0,0;
racing,killcuboid,1.1,6.1,30.1,-45,325,300,0,1,0,0;
racing,killcuboid,1.1,4.1,10.1,45,325,500,0,1,0,0;
racing,killcuboid,10.1,4.1,1.1,0,325,545,0,1,0,0;
racing,killcuboid,1.1,11.1,10.1,-145,360,500,0,1,0,0;
racing,killcuboid,10.1,11.1,1.1,-100,360,545,0,1,0,0;
racing,killcuboid,10.1,11.1,1.1,-100,360,455,0,1,0,0;
racing,killcuboid,10.1,1.1,10.1,-100,420,500,0,1,0,0;
racing,killcuboid,1.1,6.1,10.1,45,385,500,0,1,0,0;
racing,killcuboid,10.1,6.1,1.1,0,385,455,0,1,0,0;
racing,killcuboid,1.1,6.1,60.1,45,385.04,850,0,1,0,0;
racing,killcuboid,1.1,6.1,60.1,-45,385,850,0,1,0,0;
racing,killcuboid,1.1,6.1,10.1,-45,385,1200,0,1,0,0;
racing,killcuboid,1.1,10.1,10.1,95,405,1200,0,1,0,0;
racing,killcuboid,6.1,10.1,1.1,70,405,1155,0,1,0,0;
racing,killcuboid,6.1,10.1,1.1,70,405,1245,0,1,0,0;
racing,killcuboid,1.1,3.1,10.1,-45,440,1200,0,1,0,0;
racing,killcuboid,9.1,3.1,1.1,-5,440,1245,0,1,0,0;
racing,killcuboid,9.1,3.1,1.1,-5,440,1155,0,1,0,0;
racing,killcuboid,5.1,6.1,1.1,-65,385,1255,0,1,0,0;
racing,killcuboid,5.1,6.1,1.1,15,385,1245,0,1,0,0;
racing,killcuboid,1.1,6.1,4.1,-5,385,1270,0,1,0,0;
racing,killcuboid,4.1,6.1,1.1,-20,385,1295,0,1,0,0;
racing,killcuboid,1.1,6.1,10.1,-45,385,1340,0,1,0,0;
racing,killcuboid,5.1,6.1,1.1,-65,385,1445,0,1,0,0;
racing,killcuboid,5.1,6.1,1.1,65,385,1445,0,1,0,0;
racing,killcuboid,4.1,6.1,1.1,-20,385,1445,0,1,0,0;
racing,killcuboid,1.1,2.1,5.1,-45,360,1415,0,1,0,0;
racing,killcuboid,1.1,3.1,5.1,-45,400,1415,0,1,0,0;
racing,killcuboid,1.1,6.1,12.1,-5,385,1380,0,1,0,0;
racing,killcuboid,3.1,6.1,1.1,15,385,1325,0,1,0,0;
racing,killcuboid,1.1,6.1,4.1,35,385,1310,0,1,0,0;
racing,killcuboid,3.1,6.1,1.1,55,385,1325,0,1,0,0;
racing,killcuboid,1.1,6.1,4.1,65,385,1350,0,1,0,0;
racing,killcuboid,3.1,6.1,1.1,75,385,1400,0,1,0,0;
racing,killcuboid,3.1,6.1,1.1,45,385,1400,0,1,0,0;
racing,killcuboid,1.1,6.1,5.1,35,385,1370,0,1,0,0;
racing,killcuboid,4.4,6.1,1.1,22.5,385,1422.5,0,1,0,0;
racing,killcuboid,1.1,6.1,50.1,45,385,1700,0,1,0,0;
racing,killcuboid,1.1,6.1,50.1,-45,385,1700,0,1,0,0;
racing,killcuboid,10.1,6.1,1.1,0,385,1945,0,1,0,0;
racing,killcuboid,1.1,6.1,50.1,45,325,1700,0,1,0,0;
racing,killcuboid,1.1,6.1,50.1,-45,325,1700,0,1,0,0;
racing,killcuboid,10.1,6.1,1.1,0,325,1945,0,1,0,0;
racing,killcuboid,1.1,8.1,40.1,45,255,1750,0,1,0,0;
racing,killcuboid,1.1,8.1,50.1,-45,255,1700,0,1,0,0;
racing,killcuboid,10.1,8.1,1.1,0,255,1945,0,1,0,0;
racing,killcuboid,10.1,6.1,1.1,0,325,1455,0,1,0,0;
racing,killcuboid,10.1,8.1,1.1,0,255,1455,0,1,0,0;
racing,killcuboid,10.1,1.1,30.1,0,210,1700,0,1,0,0;
racing,killcuboid,1.1,4.1,10.1,45,275,1500,0,1,0,0;
racing,killcuboid,10.1,1.1,6.1,0,377,1880,0,1,0,0;
racing,killcuboid,10.1,1.1,6.1,0,345,1920,0,1,0,0;
racing,killcuboid,10.1,1.1,6.1,0,307,1880,0,1,0,0;
racing,killcuboid,10.1,1.1,6.1,0,255,1900,0,1,0,0;
racing,killcuboid,10.1,1.1,10.1,100,210,1500,0,1,0,0;
racing,killcuboid,10.1,1.1,10.1,200,260,1500,0,1,0,0;
racing,killcuboid,10.1,1.1,10.1,300,210,1500,0,1,0,0;
racing,killcuboid,10.1,1.1,10.1,400,260,1500,0,1,0,0;
racing,killcuboid,10.1,1.1,10.1,500,210,1500,0,1,0,0;
racing,killcuboid,10.1,1.1,10.1,600,260,1500,0,1,0,0;
racing,killcuboid,30.1,1.1,10.1,800,260,1500,0,1,0,0;
racing,killcuboid,30.1,1.1,10.1,800,210,1500,0,1,0,0;
racing,killcuboid,30.1,1.1,10.1,1200,260,1500,0,1,0,0;
racing,killcuboid,30.1,1.1,10.1,1200,210,1500,0,1,0,0;
racing,killcuboid,30.1,1.1,10.1,1600,260,1500,0,1,0,0;
racing,killcuboid,30.1,1.1,10.1,1600,210,1500,0,1,0,0;
racing,killcuboid,180.1,6.1,1.1,950,235,1545,0,1,0,0;
racing,killcuboid,180.1,6.1,1.1,950,235,1455,0,1,0,0;
racing,killcuboid,80.1,8.1,1.1,2250,255,1455,0,1,0,0;
racing,killcuboid,80.1,8.1,1.1,2250,255,1545,0,1,0,0;
racing,killcuboid,80.1,1.1,10.1,2250,210,1500,0,1,0,0;
racing,killcuboid,80.1,1.1,10.1,2250,300,1500,0,1,0,0;
racing,killcuboid,1.1,4.1,10.1,1845,285,1500,0,1,0,0;
racing,killcuboid,1.1,4.1,10.1,2655,285,1500,0,1,0,0;
racing,killcuboid,40.1,6.1,1.1,2850,235,1455,0,1,0,0;
racing,killcuboid,40.1,6.1,1.1,2850,235,1545,0,1,0,0;
racing,killcuboid,1.1,6.1,1.1,0,325,145,0,1,0,0;
racing,startcuboid,8,5,0.9,0,530,-55,0,1,0,0;
racing,checkpointcuboid,0.5,1,0.5,0,315,500,0,1,0,0;
racing,checkpointcuboid,0.5,1,0.5,0,399,1565,0,1,0,0;
racing,checkpointcuboid,0.5,1,0.5,0,277,1660,0,1,0,0;
racing,checkpointcuboid,0.5,1,0.5,0,399,1835,0,1,0,0;
racing,endcuboid,1,5,8,3055,240,1500,0,1,0,0;
racing,checkpointcuboid,1,5,8,3055,240,1500,0,1,0,0;
racing,checkpointcuboid,0.5,1,0.5,0,435,1200,0,1,0,0;
racing,checkpointcuboid,0.5,1,0.5,2640,225,1500,0,1,0,0;
custom,cuboid,rock1,1,6,1,0,0,0,0,5,5,0,325,145,0,1,0,0;
custom,cuboid,rock3,2,1,2,0,0,0,0,5,5,0,425,1200,0,1,0,0;
custom,cuboid,rock1,1,6,5,0,0,0,0,5,5,35,385,1370,0,1,0,0;
custom,cuboid,rock1,80,1,10,0,0,0,0,5,5,2250,210,1500,0,1,0,0;
misc,barrier,19,0.9,19,3150,260,1500,0,1,0,0;
custom,cuboid,grass3,20,1,20,0,0,0,0,5,5,3150,210,1500,0,1,0,0;
custom,cuboid,metal4,20,5,1,0,0,0,0,1,1,3150,240,1595,0,1,0,0;
custom,cuboid,metal4,20,5,1,0,0,0,0,1,1,3150,240,1405,0,1,0,0;
custom,cuboid,metal4,1,5,20,0,0,0,0,1,1,3245,240,1500,0,1,0,0;
custom,cuboid,metal4,1,5,5,0,0,0,0,1,1,3055,240,1565,0,1,0,0;
custom,cuboid,metal4,1,5,5,0,0,0,0,1,1,3055,240,1435,0,1,0,0;
custom,cylinder,wood1,3.25,0.05,3.25,0,0,0,0,6,6,3150,214.55,1500,0,1,0,0;
custom,cylinder,wood1,0.1,0.75,0.1,0,0,0,0,1,1,3135,214.5,1503.5,0,1,0,0;
custom,cylinder,wood1,0.1,0.75,0.1,0,0,0,0,1,1,3135,214.5,1496.5,0,1,0,0;
custom,cylinder,wood1,0.1,0.75,0.1,0,0,0,0,1,1,3140,214.5,1512,0,1,0,0;
custom,cylinder,wood1,0.1,0.75,0.1,0,0,0,0,1,1,3140,214.5,1488,0,1,0,0;
custom,cylinder,wood1,0.1,0.75,0.1,0,0,0,0,1,1,3145,214.5,1514.75,0,1,0,0;
custom,cylinder,wood1,0.1,0.75,0.1,0,0,0,0,1,1,3145,214.5,1485.25,0,1,0,0;
custom,cylinder,wood1,0.1,0.75,0.1,0,0,0,0,1,1,3150,214.5,1515.5,0,1,0,0;
custom,cylinder,wood1,0.1,0.75,0.1,0,0,0,0,1,1,3150,214.5,1484.5,0,1,0,0;
custom,cylinder,wood1,0.1,0.75,0.1,0,0,0,0,1,1,3155,214.5,1514.75,0,1,0,0;
custom,cylinder,wood1,0.1,0.75,0.1,0,0,0,0,1,1,3155,214.5,1485.25,0,1,0,0;
custom,cylinder,wood1,0.1,0.75,0.1,0,0,0,0,1,1,3160,214.5,1512,0,1,0,0;
custom,cylinder,wood1,0.1,0.75,0.1,0,0,0,0,1,1,3160,214.5,1488,0,1,0,0;
custom,cylinder,wood1,0.1,0.75,0.1,0,0,0,0,1,1,3165,214.5,1503.5,0,1,0,0;
custom,cylinder,wood1,0.1,0.75,0.1,0,0,0,0,1,1,3165,214.5,1496.5,0,1,0,0;
custom,cone,wood1,1,0.2,1,0,0,0,0,6,6,3147.5,224,1500,0,1,0,0;
custom,cuboid,wood2,0.5,0.01,0.5,0,0,0,0,99999,99999,3150,215.6,1500,0,1,0,0;
custom,cuboid,wood2,0.025,0.1,0.025,0,0,0,0,99999,99999,3152.38,215.05,1497.625,0,1,0,0;
custom,cuboid,wood2,0.025,0.1,0.025,0,0,0,0,99999,99999,3147.62,215.05,1497.625,0,1,0,0;
custom,cuboid,wood2,0.025,0.1,0.025,0,0,0,0,99999,99999,3152.38,215.05,1502.375,0,1,0,0;
custom,cuboid,wood2,0.025,0.1,0.025,0,0,0,0,99999,99999,3147.62,215.05,1502.375,0,1,0,0;
custom,cylinder,brick2,0.75,0.01,1,0,0,0,0,3,3,3160,215,1500,0,1,0,0;
custom,cylinder,brick2,0.7,0.01,0.95,0,0,0,0,3,3,3160,215.05,1500,0,1,0,0;
custom,cylinder,brick2,0.65,0.01,0.9,0,0,0,0,3,3,3160,215.1,1500,0,1,0,0;
custom,cylinder,brick2,0.6,0.01,0.85,0,0,0,0,3,3,3160,215.15,1500,0,1,0,0;
custom,cylinder,brick2,0.55,0.01,0.8,0,0,0,0,3,3,3160,215.2,1500,0,1,0,0;
custom,cylinder,brick2,0.5,0.01,0.75,0,0,0,0,3,3,3160,215.25,1500,0,1,0,0;
custom,cuboid,brick2,0.1,0.4,0.75,0,0,0,0,3,3,3165,217.5,1500,0,1,0,0;
custom,cuboid,brick2,0.01,0.1,0.01,1,0,0,0,3,3,3158,215.5,1500,0,1,0,0;
custom,cuboid,brick2,0.009,0.015,0.009,0,0,0,0,99999,99999,3158.05,216,1500,0.3,1,0,0;
custom,cuboid,default,0.03,0.1,0.02,1,1,1,1,1,1,3164.526,217.4597,1500.019,-0.006094947,0.9437933,0.3303587,-0.008961384;
custom,cuboid,default,0.03,0.1,0.02,1,1,1,1,1,1,3164.526,217.46,1499.981,0,0.9438583,-0.3303504,0;
custom,cuboid,bombexplosiontex,0.25,0,0.25,1,0,0,0,1,1,3164.45,217.5,1500,1,1,0,0;
custom,cylinder,default,0.15,0.005,0.15,0,0,0,0,99999,99999,3150,215.65,1500,0,1,0,0;
custom,cylinder,default,0.1,0.02,0.1,0,0,0,0,99999,99999,3150,215.9,1500,0,1,0,0;
custom,cylinder,default,0.101,0.002,0.101,0,0,0,0,99999,99999,3150,215.725,1500,0,1,0,0;
custom,cylinder,default,0.101,0.002,0.101,0,0,0,0,99999,99999,3150,215.765,1500,0,1,0,0;
custom,cylinder,default,0.101,0.002,0.101,0,0,0,0,99999,99999,3150,215.805,1500,0,1,0,0;
custom,cylinder,default,0.101,0.002,0.101,0,0,0,0,99999,99999,3150,215.845,1500,0,1,0,0;
custom,cylinder,default,0.101,0.002,0.101,0,0,0,0,99999,99999,3150,215.885,1500,0,1,0,0;
custom,cylinder,default,0.101,0.002,0.101,0,0,0,0,99999,99999,3150,215.925,1500,0,1,0,0;
custom,cylinder,default,0.101,0.002,0.101,0,0,0,0,99999,99999,3150,215.965,1500,0,1,0,0;
custom,cylinder,default,0.101,0.002,0.101,0,0,0,0,99999,99999,3150,216.005,1500,0,1,0,0;
custom,cylinder,default,0.101,0.002,0.101,0,0,0,0,99999,99999,3150,216.045,1500,0,1,0,0;
custom,cylinder,default,0.101,0.002,0.101,1,1,0,0,99999,99999,3150,216.085,1500,0,1,0,0;
custom,cylinder,default,0.075,0.02,0.075,0,0,0,0,99999,99999,3150,216.3,1500,0,1,0,0;
custom,cylinder,default,0.076,0.002,0.076,0,0,0,0,99999,99999,3150,216.125,1500,0,1,0,0;
custom,cylinder,default,0.076,0.002,0.076,0,0,0,0,99999,99999,3150,216.165,1500,0,1,0,0;
custom,cylinder,default,0.076,0.002,0.076,0,0,0,0,99999,99999,3150,216.205,1500,0,1,0,0;
custom,cylinder,default,0.076,0.002,0.076,0,0,0,0,99999,99999,3150,216.245,1500,0,1,0,0;
custom,cylinder,default,0.076,0.002,0.076,0,0,0,0,99999,99999,3150,216.285,1500,0,1,0,0;
custom,cylinder,default,0.076,0.002,0.076,0,0,0,0,99999,99999,3150,216.325,1500,0,1,0,0;
custom,cylinder,default,0.076,0.002,0.076,0,0,0,0,99999,99999,3150,216.365,1500,0,1,0,0;
custom,cylinder,default,0.076,0.002,0.076,0,0,0,0,99999,99999,3150,216.405,1500,0,1,0,0;
custom,cylinder,default,0.076,0.002,0.076,0,0,0,0,99999,99999,3150,216.445,1500,0,1,0,0;
custom,cylinder,default,0.076,0.002,0.076,1,1,1,0,99999,99999,3150,216.485,1500,0,1,0,0;
custom,cylinder,default,0.003,0.005,0.003,0,0,0,0,99999,99999,3150,216.55,1500,0,1,0,0;
racing,killcone,0.0025,0.002,0.0025,3149.999,216.6,1500,0,1,0,0;
custom,cylinder,default,0.075,0.0025,0.075,0,0,0,0,99999,99999,3150.9,215.65,1498,0,1,0,0;
custom,cylinder,default,0.075,0.0025,0.075,0,0,0,0,99999,99999,3150.9,215.65,1502,0,1,0,0;
custom,cylinder,default,0.075,0.0025,0.075,0,0,0,0,99999,99999,3148,215.65,1500,0,1,0,0;
custom,cylinder,default,0.075,0.0025,0.075,0,0,0,0,99999,99999,3148.9,215.65,1498,0,1,0,0;
custom,cylinder,default,0.075,0.0025,0.075,0,0,0,0,99999,99999,3148.9,215.65,1502,0,1,0,0;
racing,killCuboid,15,1,2,-6.825481,495.627,229.8987,0,0.01382131,0,-0.9999045;
racing,killCuboid,15,1,2,-0.471495,310.1814,150.5793,0,0.001688392,0,-0.9999986;
racing,killCuboid,15,1,2,-3.921068,358.977,853.7369,0,0.004528896,0,-0.9999897;
racing,killCuboid,4,3,3,-25.87662,370.9687,1251.197,0,0.02219105,0,-0.9997538;
racing,killCuboid,4,3,3,-70.7798,401.8982,1303.615,0,0.01264832,0,0.99992;
racing,killCuboid,4,3,3,-69.77353,370.8475,1370.507,0,0.03875867,0,0.9992486;
racing,killCuboid,4,3,3,-26.45159,370.382,1359.611,0,0.9999986,0,-0.001647277;
racing,killCuboid,4,3,3,15.73528,403.0766,1306.223,0,0.708243,0,0.7059688;
racing,killCuboid,4,3,3,46.09917,369.5428,1270.869,0,0.6879202,0,0.7257863;
racing,killCuboid,4,3,3,72.5635,400.067,1326.263,0,0.02678709,0,-0.9996412;
racing,killCuboid,4,3,3,83.28651,365.415,1387.06,0,0.01814972,0,-0.9998353;
racing,killCuboid,4,3,3,51.69641,402.0179,1332.442,0,0.9999995,0,0.0009682932;
racing,killCuboid,4,3,3,20.34047,370.0462,1382.789,0,0.02927695,0,0.9995713;
racing,killCuboid,4,3,3,65.2033,394.7285,1425.593,0,0.6600331,0,0.7512365;
racing,killCuboid,4,3,3,21.82403,364.0677,1464.797,0,0.6554983,0,-0.7551967;
racing,killCuboid,15,1,2,-0.1169103,369.2086,1560.482,0,0.006087894,0,-0.9999815;
racing,killCuboid,15,1,2,-5.366886,347.506,1593.123,0.0005669017,0.009010645,0.06278797,0.9979861;
racing,killCuboid,15,1,2,1.122622,353.6194,1623.055,-0.001426017,0.02205165,-0.06451663,0.997672;
racing,killCuboid,4,1,2,-22.40594,349.9085,1659.411,0,0.008535513,0,0.9999636;
racing,killCuboid,4,1,2,18.26515,340.3565,1639.635,0,0.9997693,0,-0.02148193;
racing,killCuboid,4,1,2,-21.53424,308.1402,1659.573,0,0.01054426,0,0.9999444;
racing,killCuboid,15,1,2,1.634574,322.5117,1692.259,-2.582376E-05,0.01479605,-0.001745109,0.999889;
racing,killCuboid,15,1,2,-4.674328,299.8009,1703.007,0,0.00818387,0,0.9999665;
racing,killCuboid,4,1,2,-18.30409,317.7189,1756.044,0,0.003731659,0,0.999993;
racing,killCuboid,4,1,2,17.61815,334.7856,1756.261,0,0.9984377,0,-0.05587627;
racing,killCuboid,4,1,2,-16.44163,359.9443,1755.551,0,0.0008439142,0,-0.9999996;
racing,killCuboid,4,1,2,14.93581,359.9228,1805.526,0,0.01218621,0,0.9999257;
racing,killCuboid,4,1,2,-4.933802,360.2144,1801.896,0,0.01431099,0,0.9998976;
racing,killCuboid,15,1,1,-5.162941,377.5292,1925.651,0,0.9999992,0,0.001300529;
racing,killCuboid,15,1,1,-0.2813267,344.5816,1868.464,0,0.9999456,0,0.01042593;
racing,killCuboid,15,3,1,-1.36467,246.0516,1750.027,0,0.9998487,0,0.01739553;
racing,killCuboid,15,3,1,3.629848,225.1651,1647.094,0,0.9999137,0,-0.01313808;
racing,killCuboid,15,3,1,78.99915,244.2072,1505.61,0,0.713181,0,0.70098;
racing,killCuboid,15,3,1,196.6013,220.3755,1501.207,0,0.7039342,0,0.7102653;
racing,killCuboid,15,3,1,297.6178,246.4303,1503.246,0,0.7085663,0,0.7056443;
racing,killCuboid,15,3,1,420.2052,224.1788,1498.855,0,0.6977035,0,0.7163866;
racing,killCuboid,15,3,1,600.1469,229.5087,1508.584,0,0.6929976,0,0.7209399;
racing,killCuboid,5,2,4,969.2891,234.8643,1499.846,0,0.7100926,0,0.7041083;
racing,killCuboid,5,2,4,966.8641,236.7113,1540.275,0.5029867,0.5012348,0.4987473,0.4970103;
racing,killCuboid,5,2,4,970.342,234.8018,1458.934,-0.496632,0.5053769,-0.4946008,0.50331;
racing,killCuboid,1,1,1,955.1196,243.8817,1499.911,0,0.7162042,0,0.6978908;
racing,killCuboid,1,1,1,955.2504,226.5158,1499.566,0,0.7177218,0,0.69633;
racing,killCuboid,15,3,2,1401.657,243.3563,1493.701,0,0.7161844,0,0.6979111;
racing,killCuboid,15,3,2,1801.49,230.2367,1504.717,0,0.7115851,0,0.7025999;
racing,killCuboid,7,2,1,2655.113,239.4735,1505.33,0,0.7054232,0,0.7087864;
racing,killCuboid,7,2,1,2699.647,222.8403,1485.672,0,0.7222215,0,0.6916618;
racing,killCuboid,7,2,1,2745.499,241.4472,1510.306,0,0.7176607,0,0.6963929;
racing,killCuboid,3,2,1,2797.368,232.2677,1483.009,0,0.6976011,0,0.7164863;
racing,killCuboid,3,2,1,2839.635,231.5289,1514.769,0,0.7473304,0,0.6644527;
racing,killCuboid,3,2,1,2897.196,219.9999,1500.995,0,0.7084563,0,0.7057546;
racing,killCuboid,2,1,1,3009.65,234.3859,1500.326,0,0.7053642,0,0.7088451;
racing,killCuboid,2,1,1,2958.784,232.2255,1506.596,0,0.7069015,0,0.7073121;
racing,killCuboid,2,1,1,2935.785,232.2255,1495.785,0,0.7069015,0,0.7073121;
 