

Copy;
Text;
spawnpoint,playerM,-0.000007124477463094081,26,-3999.9999989173184,0,1,0,-1.0773568406710597e-9;
spawnpoint,playerC,-0.000007124477463094081,26,-3999.9999989173184,0,1,0,-1.0773568406710597e-9;
map,disablebounds;
spawnpoint,titan,99999.00021696358,2,99998.99978561347,0,1,0,-1.0773568406710597e-9;




custom,cuboid,wood3,100,3,100,0,0,0,0,20,20,-4000.0000071244776,0,-3999.9999902984637,0,1,0,-1.0773568406710597e-9;
custom,cuboid,wood3,100,3,100,0,0,0,0,20,20,-3000.0000071244776,0,-3999.999992453177,0,1,0,-1.0773568406710597e-9;
custom,cuboid,wood3,100,3,100,0,0,0,0,20,20,-2000.0000071244779,0,-3999.999994607891,0,1,0,-1.0773568406710597e-9;
custom,cuboid,wood3,100,3,100,0,0,0,0,20,20,-1000.0000071244774,0,-3999.9999967626045,0,1,0,-1.0773568406710597e-9;
custom,cuboid,wood3,100,3,100,0,0,0,0,20,20,-0.000007124477463094081,0,-3999.9999989173184,0,1,0,-1.0773568406710597e-9;
custom,cuboid,wood3,100,3,100,0,0,0,0,20,20,999.9999928755226,0,-4000.000001072032,0,1,0,-1.0773568406710597e-9;
custom,cuboid,wood3,100,3,100,0,0,0,0,20,20,1999.9999928755226,0,-4000.000003226746,0,1,0,-1.0773568406710597e-9;
custom,cuboid,wood3,100,3,100,0,0,0,0,20,20,2999.9999928755224,0,-4000.0000053814592,0,1,0,-1.0773568406710597e-9;
custom,cuboid,wood3,100,3,100,0,0,0,0,20,20,3999.9999928755224,0,-4000.000007536173,0,1,0,-1.0773568406710597e-9;

custom,cuboid,wood3,100,3,100,0,0,0,0,20,20,-4000.0000049697637,0,-2999.9999902984637,0,1,0,-1.0773568406710597e-9;
custom,cuboid,wood3,100,3,100,0,0,0,0,20,20,-3000.0000049697637,0,-2999.999992453177,0,1,0,-1.0773568406710597e-9;
custom,cuboid,wood3,100,3,100,0,0,0,0,20,20,-2000.000004969764,0,-2999.999994607891,0,1,0,-1.0773568406710597e-9;
custom,cuboid,wood3,100,3,100,0,0,0,0,20,20,-1000.0000049697637,0,-2999.9999967626045,0,1,0,-1.0773568406710597e-9;
custom,cuboid,wood3,100,3,100,0,0,0,0,20,20,-0.000004969763779172354,0,-2999.9999989173184,0,1,0,-1.0773568406710597e-9;
custom,cuboid,wood3,100,3,100,0,0,0,0,20,20,999.9999950302363,0,-3000.000001072032,0,1,0,-1.0773568406710597e-9;
custom,cuboid,wood3,100,3,100,0,0,0,0,20,20,1999.9999950302363,0,-3000.000003226746,0,1,0,-1.0773568406710597e-9;
custom,cuboid,wood3,100,3,100,0,0,0,0,20,20,2999.9999950302363,0,-3000.0000053814592,0,1,0,-1.0773568406710597e-9;
custom,cuboid,wood3,100,3,100,0,0,0,0,20,20,3999.9999950302363,0,-3000.000007536173,0,1,0,-1.0773568406710597e-9;

custom,cuboid,wood3,100,3,100,0,0,0,0,20,20,-4000.00000281505,0,-1999.9999902984637,0,1,0,-1.0773568406710597e-9;
custom,cuboid,wood3,100,3,100,0,0,0,0,20,20,-3000.0000028150507,0,-1999.9999924531774,0,1,0,-1.0773568406710597e-9;
custom,cuboid,wood3,100,3,100,0,0,0,0,20,20,-2000.0000028150505,0,-1999.999994607891,0,1,0,-1.0773568406710597e-9;
custom,cuboid,wood3,100,3,100,0,0,0,0,20,20,-1000.00000281505,0,-1999.9999967626047,0,1,0,-1.0773568406710597e-9;
custom,cuboid,wood3,100,3,100,0,0,0,0,20,20,-0.0000028150500952506263,0,-1999.9999989173184,0,1,0,-1.0773568406710597e-9;
custom,cuboid,wood3,100,3,100,0,0,0,0,20,20,999.99999718495,0,-2000.000001072032,0,1,0,-1.0773568406710597e-9;
custom,cuboid,wood3,100,3,100,0,0,0,0,20,20,1999.99999718495,0,-2000.0000032267458,0,1,0,-1.0773568406710597e-9;
custom,cuboid,wood3,100,3,100,0,0,0,0,20,20,2999.9999971849493,0,-2000.0000053814595,0,1,0,-1.0773568406710597e-9;
custom,cuboid,wood3,100,3,100,0,0,0,0,20,20,3999.9999971849493,0,-2000.0000075361731,0,1,0,-1.0773568406710597e-9;

custom,cuboid,wood3,100,3,100,0,0,0,0,20,20,-4000.000000660337,0,-999.9999902984637,0,1,0,-1.0773568406710597e-9;
custom,cuboid,wood3,100,3,100,0,0,0,0,20,20,-3000.000000660337,0,-999.9999924531774,0,1,0,-1.0773568406710597e-9;
custom,cuboid,wood3,100,3,100,0,0,0,0,20,20,-2000.0000006603366,0,-999.999994607891,0,1,0,-1.0773568406710597e-9;
custom,cuboid,wood3,100,3,100,0,0,0,0,20,20,-1000.0000006603364,0,-999.9999967626046,0,1,0,-1.0773568406710597e-9;
custom,cuboid,wood3,100,3,100,0,0,0,0,20,20,-6.60336411328899e-7,0,-999.9999989173183,0,1,0,-1.0773568406710597e-9;
custom,cuboid,wood3,100,3,100,0,0,0,0,20,20,999.9999993396636,0,-1000.000001072032,0,1,0,-1.0773568406710597e-9;
custom,cuboid,wood3,100,3,100,0,0,0,0,20,20,1999.9999993396636,0,-1000.0000032267457,0,1,0,-1.0773568406710597e-9;
custom,cuboid,wood3,100,3,100,0,0,0,0,20,20,2999.999999339663,0,-1000.0000053814593,0,1,0,-1.0773568406710597e-9;
custom,cuboid,wood3,100,3,100,0,0,0,0,20,20,3999.999999339663,0,-1000.000007536173,0,1,0,-1.0773568406710597e-9;

custom,cuboid,wood3,100,3,100,0,0,0,0,20,20,-3999.999998505623,0,0.000009701536441752978,0,1,0,-1.0773568406710597e-9;
custom,cuboid,wood3,100,3,100,0,0,0,0,20,20,-2999.999998505623,0,0.000007546822757831251,0,1,0,-1.0773568406710597e-9;
custom,cuboid,wood3,100,3,100,0,0,0,0,20,20,-1999.9999985056231,0,0.0000053921090739095234,0,1,0,-1.0773568406710597e-9;
custom,cuboid,wood3,100,3,100,0,0,0,0,20,20,-999.9999985056227,0,0.000003237395389987796,0,1,0,-1.0773568406710597e-9;
custom,cuboid,wood3,100,3,100,0,0,0,0,20,20,0.0000014943772725928284,0,0.0000010826817060660687,0,1,0,-1.0773568406710597e-9;
custom,cuboid,wood3,100,3,100,0,0,0,0,20,20,1000.0000014943773,0,-0.0000010720319778556586,0,1,0,-1.0773568406710597e-9;
custom,cuboid,wood3,100,3,100,0,0,0,0,20,20,2000.0000014943773,0,-0.000003226745661777386,0,1,0,-1.0773568406710597e-9;
custom,cuboid,wood3,100,3,100,0,0,0,0,20,20,3000.000001494377,0,-0.000005381459345699113,0,1,0,-1.0773568406710597e-9;
custom,cuboid,wood3,100,3,100,0,0,0,0,20,20,4000.000001494377,0,-0.000007536173029620841,0,1,0,-1.0773568406710597e-9;

custom,cuboid,wood3,100,3,100,0,0,0,0,20,20,-3999.999996350909,0,1000.0000097015363,0,1,0,-1.0773568406710597e-9;
custom,cuboid,wood3,100,3,100,0,0,0,0,20,20,-2999.999996350909,0,1000.0000075468226,0,1,0,-1.0773568406710597e-9;
custom,cuboid,wood3,100,3,100,0,0,0,0,20,20,-1999.9999963509092,0,1000.000005392109,0,1,0,-1.0773568406710597e-9;
custom,cuboid,wood3,100,3,100,0,0,0,0,20,20,-999.999996350909,0,1000.0000032373953,0,1,0,-1.0773568406710597e-9;
custom,cuboid,wood3,100,3,100,0,0,0,0,20,20,0.0000036490909565145557,0,1000.0000010826816,0,1,0,-1.0773568406710597e-9;
custom,cuboid,wood3,100,3,100,0,0,0,0,20,20,1000.000003649091,0,999.9999989279679,0,1,0,-1.0773568406710597e-9;
custom,cuboid,wood3,100,3,100,0,0,0,0,20,20,2000.000003649091,0,999.9999967732542,0,1,0,-1.0773568406710597e-9;
custom,cuboid,wood3,100,3,100,0,0,0,0,20,20,3000.000003649091,0,999.9999946185405,0,1,0,-1.0773568406710597e-9;
custom,cuboid,wood3,100,3,100,0,0,0,0,20,20,4000.000003649091,0,999.9999924638269,0,1,0,-1.0773568406710597e-9;

custom,cuboid,wood3,100,3,100,0,0,0,0,20,20,-3999.999994196195,0,2000.0000097015363,0,1,0,-1.0773568406710597e-9;
custom,cuboid,wood3,100,3,100,0,0,0,0,20,20,-2999.999994196196,0,2000.0000075468229,0,1,0,-1.0773568406710597e-9;
custom,cuboid,wood3,100,3,100,0,0,0,0,20,20,-1999.9999941961958,0,2000.000005392109,0,1,0,-1.0773568406710597e-9;
custom,cuboid,wood3,100,3,100,0,0,0,0,20,20,-999.9999941961953,0,2000.0000032373955,0,1,0,-1.0773568406710597e-9;
custom,cuboid,wood3,100,3,100,0,0,0,0,20,20,0.000005803804640436283,0,2000.0000010826816,0,1,0,-1.0773568406710597e-9;
custom,cuboid,wood3,100,3,100,0,0,0,0,20,20,1000.0000058038047,0,1999.9999989279681,0,1,0,-1.0773568406710597e-9;
custom,cuboid,wood3,100,3,100,0,0,0,0,20,20,2000.0000058038047,0,1999.9999967732542,0,1,0,-1.0773568406710597e-9;
custom,cuboid,wood3,100,3,100,0,0,0,0,20,20,3000.000005803804,0,1999.9999946185408,0,1,0,-1.0773568406710597e-9;
custom,cuboid,wood3,100,3,100,0,0,0,0,20,20,4000.000005803804,0,1999.9999924638269,0,1,0,-1.0773568406710597e-9;


custom,cuboid,wood3,100,3,100,0,0,0,0,20,20,-3999.999992041482,0,3000.0000097015363,0,1,0,-1.0773568406710597e-9;
custom,cuboid,wood3,100,3,100,0,0,0,0,20,20,-2999.999992041482,0,3000.000007546823,0,1,0,-1.0773568406710597e-9;
custom,cuboid,wood3,100,3,100,0,0,0,0,20,20,-1999.9999920414818,0,3000.000005392109,0,1,0,-1.0773568406710597e-9;
custom,cuboid,wood3,100,3,100,0,0,0,0,20,20,-999.9999920414816,0,3000.0000032373955,0,1,0,-1.0773568406710597e-9;
custom,cuboid,wood3,100,3,100,0,0,0,0,20,20,0.00000795851832435801,0,3000.0000010826816,0,1,0,-1.0773568406710597e-9;
custom,cuboid,wood3,100,3,100,0,0,0,0,20,20,1000.0000079585184,0,2999.999998927968,0,1,0,-1.0773568406710597e-9;
custom,cuboid,wood3,100,3,100,0,0,0,0,20,20,2000.0000079585184,0,2999.999996773254,0,1,0,-1.0773568406710597e-9;
custom,cuboid,wood3,100,3,100,0,0,0,0,20,20,3000.000007958518,0,2999.9999946185408,0,1,0,-1.0773568406710597e-9;
custom,cuboid,wood3,100,3,100,0,0,0,0,20,20,4000.000007958518,0,2999.999992463827,0,1,0,-1.0773568406710597e-9;

custom,cuboid,wood3,100,3,100,0,0,0,0,20,20,-3999.999989886768,0,4000.0000097015363,0,1,0,-1.0773568406710597e-9;
custom,cuboid,wood3,100,3,100,0,0,0,0,20,20,-2999.999989886768,0,4000.0000075468224,0,1,0,-1.0773568406710597e-9;
custom,cuboid,wood3,100,3,100,0,0,0,0,20,20,-1999.9999898867684,0,4000.0000053921094,0,1,0,-1.0773568406710597e-9;
custom,cuboid,wood3,100,3,100,0,0,0,0,20,20,-999.9999898867679,0,4000.0000032373955,0,1,0,-1.0773568406710597e-9;
custom,cuboid,wood3,100,3,100,0,0,0,0,20,20,0.000010113232008279738,0,4000.0000010826816,0,1,0,-1.0773568406710597e-9;
custom,cuboid,wood3,100,3,100,0,0,0,0,20,20,1000.0000101132321,0,3999.9999989279677,0,1,0,-1.0773568406710597e-9;
custom,cuboid,wood3,100,3,100,0,0,0,0,20,20,2000.000010113232,0,3999.9999967732547,0,1,0,-1.0773568406710597e-9;
custom,cuboid,wood3,100,3,100,0,0,0,0,20,20,3000.000010113232,0,3999.9999946185408,0,1,0,-1.0773568406710597e-9;
custom,cuboid,wood3,100,3,100,0,0,0,0,20,20,4000.000010113232,0,3999.999992463827,0,1,0,-1.0773568406710597e-9;

custom,cuboid,bombexplosiontex,900,3,900,0,0,0,0,0,0,0.0000014943772725928284,-30.000000000000004,0.0000010826817060660687,0,1,0,-1.0773568406710597e-9;

custom,cuboid,bombexplosiontex,900,900,3,0,0,0,0,0,0,-0.00000816951359183804,0,-4484.999998917318,0,1,0,-1.0773568406710597e-9;
custom,cuboid,bombexplosiontex,900,900,3,0,0,0,0,0,0,0.000011158268137023697,0,4485.000001082682,0,1,0,-1.0773568406710597e-9;
custom,cuboid,bombexplosiontex,3,900,900,0,0,0,0,0,0,-4484.999998505623,0,0.000010746572570496937,0,1,0,-1.0773568406710597e-9;
custom,cuboid,bombexplosiontex,3,900,900,0,0,0,0,0,0,4485.000001494377,0,-0.0000085812091583648,0,1,0,-1.0773568406710597e-9;
custom,cuboid,bombexplosiontex,900,3,900,0,0,0,0,0,0,0.0000014943772725928284,4485,0.0000010826817060660687,0,1,0,-1.0773568406710597e-9;

custom,cuboid,stone10,10,3,10,0,0,0,0,10,10,-0.000007124477463094081,5,-3999.9999989173184,0,1,0,-1.0773568406710597e-9;

custom,cuboid,stone10,1,10,1,0,0,0,0,10,10,-0.000007027515323443367,55,-3954.9999989173184,0,1,0,-1.0773568406710597e-9;
custom,cuboid,stone10,1,10,1,0,0,0,0,10,10,22.499992972484677,55,-3954.9999989657995,0,1,0,-1.0773568406710597e-9;
custom,cuboid,stone10,1,10,1,0,0,0,0,10,10,-22.50000702751538,55,-3954.9999988688373,0,1,0,-1.0773568406710597e-9;
custom,cuboid,stone10,1,10,1,0,0,0,0,10,10,44.99999297248468,55,-3954.9999990142805,0,1,0,-1.0773568406710597e-9;
custom,cuboid,stone10,1,10,1,0,0,0,0,10,10,-45.00000702751538,55,-3954.9999988203563,0,1,0,-1.0773568406710597e-9;
custom,cuboid,stone10,9.95,0.95,0.95,0,0,0,0,10,10,-0.000007027515323443367,55,-3954.9999989173184,0,1,0,-1.0773568406710597e-9;
custom,cuboid,stone10,9.95,0.95,0.95,0,0,0,0,10,10,-0.000007027515323443367,100,-3954.9999989173184,0,1,0,-1.0773568406710597e-9;

custom,cuboid,stone10,10,10,1,0,0,0,0,10,10,-0.000007221439602744795,55,-4044.9999989173184,0,1,0,-1.0773568406710597e-9;
custom,cuboid,stone10,1,10,9,0,0,0,0,10,10,44.99999287552254,55,-3999.9999990142805,0,1,0,-1.0773568406710597e-9;
custom,cuboid,stone10,1,10,9,0,0,0,0,10,10,-45.00000712447752,55,-3999.9999988203563,0,1,0,-1.0773568406710597e-9;
custom,cuboid,stone10,9,1,9,0,0,0,0,10,10,-0.000007124477463094081,100,-3999.9999989173184,0,1,0,-1.0773568406710597e-9;


racing,killcuboid,2.65,2.65,1,-0.000006693534714941052,29,-3799.9999989173184,0,1,0,-1.0773568406710597e-9;

racing,killcuboid,2.65,2.65,1,-26.250006693534715,29,-3799.999998860757,0,1,0,-1.0773568406710597e-9;

racing,killcuboid,2.65,2.65,1,-0.000006693534714941052,55,-3799.9999989173184,0,1,0,-1.0773568406710597e-9;
racing,killcuboid,2.65,2.65,1,26.249993306465285,55,-3799.9999989738794,0,1,0,-1.0773568406710597e-9;
racing,killcuboid,2.65,2.65,1,-26.250006693534715,55,-3799.999998860757,0,1,0,-1.0773568406710597e-9;

racing,killcuboid,2.65,2.65,1,-0.000006693534714941052,81,-3799.9999989173184,0,1,0,-1.0773568406710597e-9;
racing,killcuboid,2.65,2.65,1,26.249993306465285,81,-3799.9999989738794,0,1,0,-1.0773568406710597e-9;
racing,killcuboid,2.65,2.65,1,-26.250006693534715,81,-3799.999998860757,0,1,0,-1.0773568406710597e-9;

custom,sphere,default,0.5,0.5,0.5,0,0,0,0,10,10,-0.000006693534714941052,55,-3799.9999989173184,0,1,0,-1.0773568406710597e-9;

racing,killcuboid,2.65,2.65,1,-0.000006370327696458844,29,-3649.9999989173184,0,1,0,-1.0773568406710597e-9;
racing,killcuboid,2.65,2.65,1,26.249993629672304,29,-3649.9999989738794,0,1,0,-1.0773568406710597e-9;
racing,killcuboid,2.65,2.65,1,-26.250006370327696,29,-3649.999998860757,0,1,0,-1.0773568406710597e-9;

racing,killcuboid,2.65,2.65,1,-0.000006370327696458844,55,-3649.9999989173184,0,1,0,-1.0773568406710597e-9;
racing,killcuboid,2.65,2.65,1,26.249993629672304,55,-3649.9999989738794,0,1,0,-1.0773568406710597e-9;
racing,killcuboid,2.65,2.65,1,-26.250006370327696,55,-3649.999998860757,0,1,0,-1.0773568406710597e-9;

racing,killcuboid,2.65,2.65,1,-0.000006370327696458844,81,-3649.9999989173184,0,1,0,-1.0773568406710597e-9;
racing,killcuboid,2.65,2.65,1,26.249993629672304,81,-3649.9999989738794,0,1,0,-1.0773568406710597e-9;


custom,sphere,default,0.5,0.5,0.5,0,0,0,0,10,10,-0.000006370327696458844,55,-3649.9999989173184,0,1,0,-1.0773568406710597e-9;

racing,killcuboid,2.65,2.65,1,-0.000006047120621133217,29,-3499.9999989173184,0,1,0,-1.0773568406710597e-9;
racing,killcuboid,2.65,2.65,1,26.24999395287938,29,-3499.9999989738794,0,1,0,-1.0773568406710597e-9;
racing,killcuboid,2.65,2.65,1,-26.250006047120678,29,-3499.999998860757,0,1,0,-1.0773568406710597e-9;


racing,killcuboid,2.65,2.65,1,26.24999395287938,55,-3499.9999989738794,0,1,0,-1.0773568406710597e-9;
racing,killcuboid,2.65,2.65,1,-26.250006047120678,55,-3499.999998860757,0,1,0,-1.0773568406710597e-9;

racing,killcuboid,2.65,2.65,1,-0.000006047120621133217,81,-3499.9999989173184,0,1,0,-1.0773568406710597e-9;
racing,killcuboid,2.65,2.65,1,26.24999395287938,81,-3499.9999989738794,0,1,0,-1.0773568406710597e-9;
racing,killcuboid,2.65,2.65,1,-26.250006047120678,81,-3499.999998860757,0,1,0,-1.0773568406710597e-9;

custom,sphere,default,0.5,0.5,0.5,0,0,0,0,10,10,-0.000006047120621133217,55,-3499.9999989173184,0,1,0,-1.0773568406710597e-9;

racing,killcuboid,1.05,9.95,0.95,-0.000007027515323443367,55,-3954.9999989173184,0,1,0,-1.0773568406710597e-9;
racing,killcuboid,1.05,9.95,0.95,22.499992972484677,55,-3954.9999989657995,0,1,0,-1.0773568406710597e-9;
racing,killcuboid,1.05,9.95,0.95,-22.50000702751538,55,-3954.9999988688373,0,1,0,-1.0773568406710597e-9;
racing,killcuboid,1.05,9.95,0.95,44.99999297248468,55,-3954.9999990142805,0,1,0,-1.0773568406710597e-9;
racing,killcuboid,1.05,9.95,0.95,-45.00000702751538,55,-3954.9999988203563,0,1,0,-1.0773568406710597e-9;
racing,killcuboid,9.95,1,0.9,-0.000007027515323443367,55,-3954.9999989173184,0,1,0,-1.0773568406710597e-9;
racing,killcuboid,9.95,1,0.9,-0.000007027515323443367,100,-3954.9999989173184,0,1,0,-1.0773568406710597e-9;
racing,killcuboid,9.95,1.05,0.9,-0.000007027515323443367,15,-3954.9999989173184,0,1,0,-1.0773568406710597e-9;

racing,killcuboid,1,10,10,44.99999309099388,55,-3899.9999990142805,0,1,0,-1.0773568406710597e-9;
racing,killcuboid,1,10,10,-45.00000690900606,55,-3899.9999988203563,0,1,0,-1.0773568406710597e-9;
racing,killcuboid,1,10,10,44.999993306465285,55,-3799.9999990142805,0,1,0,-1.0773568406710597e-9;
racing,killcuboid,1,10,10,-45.000006693534715,55,-3799.9999988203563,0,1,0,-1.0773568406710597e-9;
racing,killcuboid,1,10,10,44.99999352193663,55,-3699.9999990142805,0,1,0,-1.0773568406710597e-9;
racing,killcuboid,1,10,10,-45.00000647806337,55,-3699.9999988203563,0,1,0,-1.0773568406710597e-9;
racing,killcuboid,1,10,10,44.99999373740803,55,-3599.9999990142805,0,1,0,-1.0773568406710597e-9;
racing,killcuboid,1,10,10,-45.000006262592024,55,-3599.9999988203563,0,1,0,-1.0773568406710597e-9;
racing,killcuboid,1,10,10,44.99999395287938,55,-3499.9999990142805,0,1,0,-1.0773568406710597e-9;
racing,killcuboid,1,10,10,-45.00000604712068,55,-3499.9999988203563,0,1,0,-1.0773568406710597e-9;

racing,killcuboid,10,1,10,-0.000006909006117439276,100,-3899.9999989173184,0,1,0,-1.0773568406710597e-9;
racing,killcuboid,10,1,10,-0.000006693534714941052,100,-3799.9999989173184,0,1,0,-1.0773568406710597e-9;
racing,killcuboid,10,1,10,-0.000006478063369286247,100,-3699.9999989173184,0,1,0,-1.0773568406710597e-9;
racing,killcuboid,10,1,10,-0.0000062625919667880225,100,-3599.9999989173184,0,1,0,-1.0773568406710597e-9;
racing,killcuboid,10,1,10,-0.000006047120621133217,100,-3499.9999989173184,0,1,0,-1.0773568406710597e-9;
racing,killcuboid,10,1,10,-0.000005831649275478412,100,-3399.9999989173184,0,1,0,-1.0773568406710597e-9;

racing,killcuboid,1,10,10,-45.00000583164922,55,-3399.9999988203563,0,1,0,-1.0773568406710597e-9;

racing,killcuboid,10,10,1,-0.0000057346871358276985,55,-3354.9999989173184,0,1,0,-1.0773568406710597e-9;
racing,killcuboid,10,10,1,99.99999426531286,55,-3354.9999991327895,0,1,0,-1.0773568406710597e-9;
racing,killcuboid,10,10,1,199.99999426531286,55,-3354.999999348261,0,1,0,-1.0773568406710597e-9;
racing,killcuboid,10,10,1,299.99999426531286,55,-3354.999999563732,0,1,0,-1.0773568406710597e-9;

racing,killcuboid,10,10,1,99.99999404984152,55,-3454.9999991327895,0,1,0,-1.0773568406710597e-9;
racing,killcuboid,10,10,1,199.99999404984152,55,-3454.999999348261,0,1,0,-1.0773568406710597e-9;


racing,killcuboid,10,1,10,99.99999416835072,100,-3399.9999991327895,0,1,0,-1.0773568406710597e-9;
racing,killcuboid,10,1,10,199.99999416835072,100,-3399.999999348261,0,1,0,-1.0773568406710597e-9;
racing,killcuboid,10,1,10,299.9999941683508,100,-3399.999999563732,0,1,0,-1.0773568406710597e-9;

racing,killcuboid,1,10,10,344.9999941683508,55,-3399.9999996606944,0,1,0,-1.0773568406710597e-9;

custom,cylinder,default,1,5,1,0,0,0,0,10,10,149.99999404984152,55,-3454.9999992405255,0,1,0,-1.0773568406710597e-9;



racing,killcuboid,6.72,10,1,1194.9999945271106,55,-3233.500001492201,0,1,0,-1.0773568406710597e-9;





racing,killcuboid,6.72,10,1,844.9999939884322,55,-3483.5000007380513,0,0.7071067804247412,0,-0.7071067819483537;
racing,killcuboid,6.72,10,1,836.4814504212789,55,-3548.2047619953264,0,0.6087614281539948,0,-0.7933533409470894;
racing,killcuboid,6.72,10,1,811.506344665203,55,-3608.500000665882,0,0.49999999906698106,0,-0.8660254043231175;
racing,killcuboid,6.72,10,1,771.7766889041659,55,-3660.276695876916,0,0.38268343136974253,0,-0.9238795329235732;
racing,killcuboid,6.72,10,1,719.999993521923,55,-3700.0063514148223,0,0.25881904406187384,0,-0.9659258265679089;
racing,killcuboid,6.72,10,1,659.7047547437387,55,-3724.981456911063,0,0.13052619115191186,0,-0.9914448615144337;
racing,killcuboid,6.72,10,1,594.9999934497537,55,-3733.500000199373,0,-1.077356779413637e-9,0,-1;
racing,killcuboid,6.72,10,1,530.2952321924788,55,-3724.9814566322225,0,0.13052619328819148,0,0.9914448612331871;
racing,killcuboid,6.72,10,1,469.99999352192293,55,-3700.006350876144,0,0.2588190461431674,0,0.9659258260102279;
racing,killcuboid,6.72,10,1,418.223298310892,55,-3660.2766951151098,0,0.38268343336043703,0,0.9238795320990003;
racing,killcuboid,6.72,10,1,378.493642772983,55,-3608.4999997328637,0,0.5000000009330179,0,0.8660254032457606;
racing,killcuboid,6.72,10,1,353.51853727674495,55,-3548.20476095468,0,0.6087614298634441,0,0.7933533396353829;
racing,killcuboid,6.72,10,1,344.99999398843215,55,-3483.4999996606944,0,0.7071067819483537,0,0.7071067804247412;
racing,killcuboid,6.72,10,1,953.5185375555855,55,-3418.795239696248,0,0.7933533409470881,0,0.6087614281539964;
racing,killcuboid,6.72,10,1,978.4936433116613,55,-3358.5000010256917,0,0.8660254043231169,0,0.4999999990669817;
racing,killcuboid,6.72,10,1,1018.2232990726953,55,-3306.723305814658,0,0.9238795329235734,0,0.38268343136974176;
racing,killcuboid,6.72,10,1,1069.9999944549413,55,-3266.993650276752,0,0.9659258265679087,0,0.25881904406187417;
racing,killcuboid,6.72,10,1,1130.2952332331256,55,-3242.018544780511,0,0.9914448615144338,0,0.13052619115191183;



racing,killcuboid,9.4,10,1,1194.9999947134934,55,-3147.000001492201,0,1,0,-1.0773568406710597e-9;





racing,killcuboid,9.4,10,1,944.9999939593436,55,-3497.000000953523,0,0.7071067804247412,0,-0.7071067819483537;
racing,killcuboid,9.4,10,1,933.0740329653291,55,-3587.5866667137057,0,0.6087614281539948,0,-0.7933533409470894;
racing,killcuboid,9.4,10,1,898.1088849068217,55,-3672.0000008524858,0,0.49999999906698106,0,-0.8660254043231175;
racing,killcuboid,9.4,10,1,842.4873668413711,55,-3744.4873741479278,0,0.38268343136974253,0,-0.9238795329235732;
racing,killcuboid,9.4,10,1,769.9999933062306,55,-3800.1088919009976,0,0.25881904406187384,0,-0.9659258265679089;
racing,killcuboid,9.4,10,1,685.5866590167727,55,-3835.074039595731,0,0.13052619115191186,0,-0.9914448615144337;
racing,killcuboid,9.4,10,1,594.9999932051937,55,-3847.000000199373,0,-1.077356779413637e-9,0,-1;
racing,killcuboid,9.4,10,1,504.41332744500875,55,-3835.0740392053544,0,0.13052619328819148,0,0.9914448612331871;
racing,killcuboid,9.4,10,1,419.99999330623064,55,-3800.108891146848,0,0.2588190461431674,0,0.9659258260102279;
racing,killcuboid,9.4,10,1,347.5126200107871,55,-3744.487373081399,0,0.38268343336043703,0,0.9238795320990003;
racing,killcuboid,9.4,10,1,291.8911022577156,55,-3671.99999954626,0,0.5000000009330179,0,0.8660254032457606;
racing,killcuboid,9.4,10,1,256.9259545629812,55,-3587.5866652568,0,0.6087614298634441,0,0.7933533396353829;
racing,killcuboid,9.4,10,1,244.9999939593435,55,-3496.9999994452232,0,0.7071067819483537,0,0.7071067804247412;
racing,killcuboid,9.4,10,1,856.9259549533579,55,-3406.4133349778685,0,0.7933533409470881,0,0.6087614281539964;
racing,killcuboid,9.4,10,1,891.8911030118654,55,-3322.0000008390884,0,0.8660254043231169,0,0.4999999990669817;
racing,killcuboid,9.4,10,1,947.5126210773159,55,-3249.5126275436464,0,0.9238795329235734,0,0.38268343136974176;
racing,killcuboid,9.4,10,1,1019.9999946124564,55,-3193.8911097905766,0,0.9659258265679087,0,0.25881904406187417;
racing,killcuboid,9.4,10,1,1104.4133289019162,55,-3158.925962095843,0,0.9914448615144338,0,0.13052619115191183;

racing,killcuboid,9.4,1,11,1194.9999946208407,100,-3190.000001492201,0,1,0,-1.0773568406710597e-9;





racing,killcuboid,9.4,1,11,894.9999939744265,100,-3490.000000845787,0,0.7071067804247412,0,-0.7071067819483537;
racing,killcuboid,9.4,1,11,884.7777416938422,100,-3567.6457143545213,0,0.6087614281539948,0,-0.7933533409470894;
racing,killcuboid,9.4,1,11,854.8076147865515,100,-3640.000000759184,0,0.49999999906698106,0,-0.8660254043231175;
racing,killcuboid,9.4,1,11,807.1320278733067,100,-3702.132035012417,0,0.38268343136974253,0,-0.9238795329235732;
racing,killcuboid,9.4,1,11,744.9999934146155,100,-3749.80762165791,0,0.25881904406187384,0,-0.9659258265679089;
racing,killcuboid,9.4,1,11,672.6457068807945,100,-3779.7777482533975,0,0.13052619115191186,0,-0.9914448615144337;
racing,killcuboid,9.4,1,11,594.9999933280124,100,-3790.000000199373,0,-1.077356779413637e-9,0,-1;
racing,killcuboid,9.4,1,11,517.3542798192824,100,-3779.777747918789,0,0.13052619328819148,0,0.9914448612331871;
racing,killcuboid,9.4,1,11,444.99999341461546,100,-3749.807621011496,0,0.2588190461431674,0,0.9659258260102279;
racing,killcuboid,9.4,1,11,382.86795916137874,100,-3702.1320340982493,0,0.38268343336043703,0,0.9238795320990003;
racing,killcuboid,9.4,1,11,335.19237251588845,100,-3639.999999639562,0,0.5000000009330179,0,0.8660254032457606;
racing,killcuboid,9.4,1,11,305.2222459204022,100,-3567.645713105745,0,0.6087614298634441,0,0.7933533396353829;
racing,killcuboid,9.4,1,11,294.9999939744265,100,-3489.999999552959,0,0.7071067819483537,0,0.7071067804247412;
racing,killcuboid,9.4,1,11,905.2222462550097,100,-3412.354287337053,0,0.7933533409470881,0,0.6087614281539964;
racing,killcuboid,9.4,1,11,935.1923731623015,100,-3340.0000009323903,0,0.8660254043231169,0,0.4999999990669817;
racing,killcuboid,9.4,1,11,982.8679600755463,100,-3277.8679666791572,0,0.9238795329235734,0,0.38268343136974176;
racing,killcuboid,9.4,1,11,1044.9999945342374,100,-3230.192380033664,0,0.9659258265679087,0,0.25881904406187417;
racing,killcuboid,9.4,1,11,1117.3542810680547,100,-3200.2222534381767,0,0.9914448615144338,0,0.13052619115191183;








custom,cuboid,cannonregionmat,0.9,0.9,0.9,0,0,0,0,10,10,894.9999939744265,100,-3490.000000845787,0,0.7071067804247412,0,-0.7071067819483537;

custom,cuboid,cannonregionmat,0.9,0.9,0.9,0,0,0,0,10,10,854.8076147865515,100,-3640.000000759184,0,0.49999999906698106,0,-0.8660254043231175;

custom,cuboid,cannonregionmat,0.9,0.9,0.9,0,0,0,0,10,10,744.9999934146155,100,-3749.80762165791,0,0.25881904406187384,0,-0.9659258265679089;

custom,cuboid,cannonregionmat,0.9,0.9,0.9,0,0,0,0,10,10,594.9999933280124,100,-3790.000000199373,0,-1.077356779413637e-9,0,-1;

custom,cuboid,cannonregionmat,0.9,0.9,0.9,0,0,0,0,10,10,444.99999341461546,100,-3749.807621011496,0,0.2588190461431674,0,0.9659258260102279;

custom,cuboid,cannonregionmat,0.9,0.9,0.9,0,0,0,0,10,10,335.19237251588845,100,-3639.999999639562,0,0.5000000009330179,0,0.8660254032457606;

custom,cuboid,cannonregionmat,0.9,0.9,0.9,0,0,0,0,10,10,294.9999939744265,100,-3489.999999552959,0,0.7071067819483537,0,0.7071067804247412;

custom,cuboid,cannonregionmat,0.9,0.9,0.9,0,0,0,0,10,10,935.1923731623015,100,-3340.0000009323903,0,0.8660254043231169,0,0.4999999990669817;

custom,cuboid,cannonregionmat,0.9,0.9,0.9,0,0,0,0,10,10,1044.9999945342374,100,-3230.192380033664,0,0.9659258265679087,0,0.25881904406187417;



racing,killcuboid,2,4,9.4,1194.9999946208407,83.3970152897733,-3190.000001492201,0,1,0,-1.0773568406710597e-9;





racing,killcuboid,2,4,9.4,894.9999939744265,76.0744041261025,-3490.000000845787,0,0.7071067804247412,0,-0.7071067819483537;
racing,killcuboid,2,4,9.4,884.7777416938422,30,-3567.6457143545213,0,0.6087614281539948,0,-0.7933533409470894;
racing,killcuboid,2,4,9.4,854.8076147865515,75.7118442335276,-3640.000000759184,0,0.49999999906698106,0,-0.8660254043231175;
racing,killcuboid,2,4,9.4,807.1320278733067,29.5870845667898,-3702.132035012417,0,0.38268343136974253,0,-0.9238795329235732;
racing,killcuboid,2,4,9.4,744.9999934146155,49.5086519974364,-3749.80762165791,0,0.25881904406187384,0,-0.9659258265679089;
racing,killcuboid,2,4,9.4,672.6457068807945,68.3645130771813,-3779.7777482533975,0,0.13052619115191186,0,-0.9914448615144337;
racing,killcuboid,2,4,9.4,594.9999933280124,25,-3790.000000199373,0,-1.077356779413637e-9,0,-1;
racing,killcuboid,2,4,9.4,517.3542798192824,74.368724631489,-3779.777747918789,0,0.13052619328819148,0,0.9914448612331871;
racing,killcuboid,2,4,9.4,444.99999341461546,46.5944395275735,-3749.807621011496,0,0.2588190461431674,0,0.9659258260102279;
racing,killcuboid,2,4,9.4,382.86795916137874,20.24367,-3702.1320340982493,0,0.38268343336043703,0,0.9238795320990003;
racing,killcuboid,2,4,9.4,335.19237251588845,51.368144779809,-3639.999999639562,0,0.5000000009330179,0,0.8660254032457606;
racing,killcuboid,2,4,9.4,305.2222459204022,32.7842036194952,-3567.645713105745,0,0.6087614298634441,0,0.7933533396353829;
racing,killcuboid,2,4,9.4,294.9999939744265,26.1784722434156,-3489.999999552959,0,0.7071067819483537,0,0.7071067804247412;
racing,killcuboid,2,4,9.4,905.2222462550097,39.3075350199896,-3412.354287337053,0,0.7933533409470881,0,0.6087614281539964;
racing,killcuboid,2,4,9.4,935.1923731623015,16.2382885219886,-3340.0000009323903,0,0.8660254043231169,0,0.4999999990669817;
racing,killcuboid,2,4,9.4,982.8679600755463,60,-3277.8679666791572,0,0.9238795329235734,0,0.38268343136974176;
racing,killcuboid,2,4,9.4,1044.9999945342374,77.8707235938597,-3230.192380033664,0,0.9659258265679087,0,0.25881904406187417;
racing,killcuboid,2,4,9.4,1117.3542810680547,74.5170445875423,-3200.2222534381767,0,0.9914448615144338,0,0.13052619115191183;



custom,cuboid,default,1,10,10,0,0,0,0,10,10,1237.9999948320026,55,-3092.0000015848536,0,1,0,-1.0773568406710597e-9;

racing,killcuboid,10,10,1,1277.4999945274337,55,-3233.350001669965,0,1,0,-1.0773568406710597e-9;

racing,killcuboid,1,10,10,1321.9999948320026,55,-3092.00000176585,0,1,0,-1.0773568406710597e-9;

racing,killcuboid,1,10,10,1277.4999946423877,55,-3180.000001669965,0,1,0,-1.0773568406710597e-9;
racing,killcuboid,1,4,10,1277.4999948320026,30,-3092.000001669965,0,1,0,-1.0773568406710597e-9;
racing,killcuboid,1,4,10,1277.4999948320026,85,-3092.000001669965,0,1,0,-1.0773568406710597e-9;
racing,killcuboid,8,10,1,1277.4999949289647,55,-3047.000001669965,0,1,0,-1.0773568406710597e-9;

racing,killcuboid,10,10,1,1371.9999947350404,55,-3137.0000018735855,0,1,0,-1.0773568406710597e-9;
racing,killcuboid,10,10,1,1371.9999945274337,55,-3233.3500018735854,0,1,0,-1.0773568406710597e-9;
racing,killcuboid,10,10,1,1471.9999947350404,55,-3137.000002089057,0,1,0,-1.0773568406710597e-9;
racing,killcuboid,10,10,1,1471.9999945274337,55,-3233.350002089057,0,1,0,-1.0773568406710597e-9;
racing,killcuboid,10,10,1,1571.9999947350404,55,-3137.000002304528,0,1,0,-1.0773568406710597e-9;
racing,killcuboid,10,10,1,1571.9999945274337,55,-3233.350002304528,0,1,0,-1.0773568406710597e-9;

racing,killcuboid,10,10,1,1671.9999945274337,55,-3233.3500025199996,0,1,0,-1.0773568406710597e-9;
racing,killcuboid,1,10,10,1671.9999946351695,55,-3183.3500025199996,0,1,0,-1.0773568406710597e-9;

racing,killcuboid,1,10,10,1671.9999948506409,55,-3083.3500025199996,0,1,0,-1.0773568406710597e-9;
racing,killcuboid,1,10,10,1616.9999948506409,55,-3083.35000240149,0,1,0,-1.0773568406710597e-9;
racing,killcuboid,1,10,5,1616.999995008689,55,-3010.0000024014903,0,1,0,-1.0773568406710597e-9;

racing,killcuboid,1,10,10,1726.9999948506409,55,-3083.3500026385086,0,1,0,-1.0773568406710597e-9;
racing,killcuboid,1,10,5,1726.999995008689,55,-3010.0000026385087,0,1,0,-1.0773568406710597e-9;

racing,killcuboid,10,10,1,1771.9999947350404,55,-3137.000002735471,0,1,0,-1.0773568406710597e-9;
racing,killcuboid,10,10,1,1771.9999945274337,55,-3233.3500027354708,0,1,0,-1.0773568406710597e-9;

racing,killcuboid,10,10,1,1671.9999950517833,55,-2990.0000025199997,0,1,0,-1.0773568406710597e-9;

custom,cuboid,default,0.95,10,0.95,0,0,0,0,10,10,1616.9999947350404,55,-3137.0000024014903,0,1,0,-1.0773568406710597e-9;
custom,cuboid,default,0.95,10,0.95,0,0,0,0,10,10,1726.9999947350404,55,-3137.0000026385087,0,1,0,-1.0773568406710597e-9;

racing,killcuboid,10,1,10,1277.4999946165312,100,-3192.000001669965,0,1,0,-1.0773568406710597e-9;
racing,killcuboid,10,1,10,1277.4999948320026,100,-3092.000001669965,0,1,0,-1.0773568406710597e-9;

racing,killcuboid,10,1,10,1371.9999946165312,100,-3192.0000018735855,0,1,0,-1.0773568406710597e-9;
racing,killcuboid,10,1,10,1471.9999946165312,100,-3192.000002089057,0,1,0,-1.0773568406710597e-9;
racing,killcuboid,10,1,10,1571.9999946165312,100,-3192.000002304528,0,1,0,-1.0773568406710597e-9;
racing,killcuboid,10,1,10,1671.9999946165312,100,-3192.0000025199997,0,1,0,-1.0773568406710597e-9;
racing,killcuboid,10,1,10,1771.9999946165312,100,-3192.000002735471,0,1,0,-1.0773568406710597e-9;
racing,killcuboid,10,1,10,1871.9999946165312,100,-3192.0000029509424,0,1,0,-1.0773568406710597e-9;

racing,killcuboid,10,1,10,1671.9999948320026,100,-3092.0000025199997,0,1,0,-1.0773568406710597e-9;
racing,killcuboid,10,1,5.5,1671.9999949979156,100,-3015.0000025199997,0,1,0,-1.0773568406710597e-9;

racing,killcuboid,1,10,10,1914.9999946423877,55,-3180.000003043595,0,1,0,-1.0773568406710597e-9;
racing,killcuboid,10,10,1,1871.9999945274337,55,-3233.3500029509423,0,1,0,-1.0773568406710597e-9;

racing,killcuboid,1,10,10,1914.9999948535497,55,-3082.000003043595,0,1,0,-1.0773568406710597e-9;
racing,killcuboid,1,10,10,1914.999995069021,55,-2982.000003043595,0,1,0,-1.0773568406710597e-9;
racing,killcuboid,1,10,10,1914.9999952844923,55,-2882.000003043595,0,1,0,-1.0773568406710597e-9;
racing,killcuboid,1,10,10,1816.9999948535497,55,-3082.000002832433,0,1,0,-1.0773568406710597e-9;
racing,killcuboid,1,10,10,1816.999995069021,55,-2982.000002832433,0,1,0,-1.0773568406710597e-9;
racing,killcuboid,1,10,10,1816.9999952844923,55,-2882.000002832433,0,1,0,-1.0773568406710597e-9;

racing,killcuboid,10,1,10,1871.9999948320026,100,-3092.0000029509424,0,1,0,-1.0773568406710597e-9;
racing,killcuboid,10,1,10,1871.999995047474,100,-2992.0000029509424,0,1,0,-1.0773568406710597e-9;
racing,killcuboid,10,1,11,1871.999995271564,100,-2888.0000029509424,0,1,0,-1.0773568406710597e-9;

custom,cuboid,default,9,3,9,0,0,0,0,10,10,1865.999995488113,25,-2787.500002938014,0,1,0,-1.0773568406710597e-9;
custom,cuboid,default,9,3,9,0,0,0,0,10,10,1865.999995682037,50,-2697.500002938014,0,1,0,-1.0773568406710597e-9;
custom,cuboid,default,9,3,9,0,0,0,0,10,10,1865.9999958759613,75,-2607.500002938014,0,1,0,-1.0773568406710597e-9;
custom,cuboid,default,9,3,9,0,0,0,0,10,10,1865.9999960698856,100,-2517.500002938014,0,1,0,-1.0773568406710597e-9;
custom,cuboid,default,9,3,9,0,0,0,0,10,10,1865.9999962638099,125,-2427.500002938014,0,1,0,-1.0773568406710597e-9;
custom,cuboid,default,9,3,9,0,0,0,0,10,10,1865.9999964577341,150,-2337.500002938014,0,1,0,-1.0773568406710597e-9;
custom,cuboid,default,9,3,9,0,0,0,0,10,10,1865.9999966516582,175,-2247.500002938014,0,1,0,-1.0773568406710597e-9;

custom,cuboid,default,9,3,9,0,0,0,0,10,10,1865.9999968455825,150,-2157.500002938014,0,1,0,-1.0773568406710597e-9;
custom,cuboid,default,9,3,9,0,0,0,0,10,10,1865.9999970395068,125,-2067.500002938014,0,1,0,-1.0773568406710597e-9;
custom,cuboid,default,9,3,9,0,0,0,0,10,10,1865.999997233431,100,-1977.500002938014,0,1,0,-1.0773568406710597e-9;
custom,cuboid,default,9,3,9,0,0,0,0,10,10,1865.999997427355,75,-1887.500002938014,0,1,0,-1.0773568406710597e-9;
custom,cuboid,default,9,3,9,0,0,0,0,10,10,1865.9999976212794,50,-1797.500002938014,0,1,0,-1.0773568406710597e-9;
custom,cuboid,default,9,3,9,0,0,0,0,10,10,1865.9999978152036,25,-1707.500002938014,0,1,0,-1.0773568406710597e-9;

racing,killcuboid,9,3,9,1865.999995488113,100,-2787.500002938014,0,1,0,-1.0773568406710597e-9;
racing,killcuboid,9,3,9,1865.999995682037,125,-2697.500002938014,0,1,0,-1.0773568406710597e-9;
racing,killcuboid,9,3,9,1865.9999958759613,150,-2607.500002938014,0,1,0,-1.0773568406710597e-9;
racing,killcuboid,9,3,9,1865.9999960698856,175,-2517.500002938014,0,1,0,-1.0773568406710597e-9;
racing,killcuboid,9,3,9,1865.9999962638099,200,-2427.500002938014,0,1,0,-1.0773568406710597e-9;
racing,killcuboid,9,3,9,1865.9999964577341,225,-2337.500002938014,0,1,0,-1.0773568406710597e-9;
racing,killcuboid,9,3,9,1865.9999966516582,250,-2247.500002938014,0,1,0,-1.0773568406710597e-9;

racing,killcuboid,9,3,9,1865.9999968455825,225,-2157.500002938014,0,1,0,-1.0773568406710597e-9;
racing,killcuboid,9,3,9,1865.9999970395068,200,-2067.500002938014,0,1,0,-1.0773568406710597e-9;
racing,killcuboid,9,3,9,1865.999997233431,175,-1977.500002938014,0,1,0,-1.0773568406710597e-9;
racing,killcuboid,9,3,9,1865.999997427355,150,-1887.500002938014,0,1,0,-1.0773568406710597e-9;
racing,killcuboid,9,3,9,1865.9999976212794,125,-1797.500002938014,0,1,0,-1.0773568406710597e-9;
racing,killcuboid,9,3,9,1865.9999978152036,100,-1707.500002938014,0,1,0,-1.0773568406710597e-9;

racing,killcuboid,1,10,10,1914.9999954999637,55,-2782.000003043595,0,1,0,-1.0773568406710597e-9;
racing,killcuboid,1,10,10,1816.9999954999637,55,-2782.000002832433,0,1,0,-1.0773568406710597e-9;

racing,killcuboid,1,10,9,1914.9999956831145,65,-2697.000003043595,0,1,0,-1.0773568406710597e-9;
racing,killcuboid,1,10,9,1914.9999958770386,85,-2607.000003043595,0,1,0,-1.0773568406710597e-9;
racing,killcuboid,1,10,9,1914.9999960709629,115,-2517.000003043595,0,1,0,-1.0773568406710597e-9;
racing,killcuboid,1,10,9,1914.9999962648872,138.333333333333,-2427.000003043595,0,1,0,-1.0773568406710597e-9;
racing,killcuboid,1,10,9,1914.9999964588114,163.333333333333,-2337.000003043595,0,1,0,-1.0773568406710597e-9;
racing,killcuboid,1,10,9,1914.9999966527357,188.333333333333,-2247.000003043595,0,1,0,-1.0773568406710597e-9;
racing,killcuboid,1,10,9,1914.9999968466598,163.333333333333,-2157.000003043595,0,1,0,-1.0773568406710597e-9;

racing,killcuboid,1,10,9,1914.999997040584,138.333333333333,-2067.000003043595,0,1,0,-1.0773568406710597e-9;
racing,killcuboid,1,10,9,1914.9999972345083,115,-1977.000003043595,0,1,0,-1.0773568406710597e-9;
racing,killcuboid,1,10,9,1914.9999974284326,91.666666666667,-1887.000003043595,0,1,0,-1.0773568406710597e-9;
racing,killcuboid,1,10,9,1914.999997622357,68.333333333334,-1797.000003043595,0,1,0,-1.0773568406710597e-9;
racing,killcuboid,1,10,9,1914.999997816281,45.000000000001,-1707.000003043595,0,1,0,-1.0773568406710597e-9;

racing,killcuboid,1,10,9,1816.9999956831145,65,-2697.000002832433,0,1,0,-1.0773568406710597e-9;
racing,killcuboid,1,10,9,1816.9999958770386,85,-2607.000002832433,0,1,0,-1.0773568406710597e-9;
racing,killcuboid,1,10,9,1816.9999960709629,115,-2517.000002832433,0,1,0,-1.0773568406710597e-9;
racing,killcuboid,1,10,9,1816.9999962648872,138.333333333333,-2427.000002832433,0,1,0,-1.0773568406710597e-9;
racing,killcuboid,1,10,9,1816.9999964588114,163.333333333333,-2337.000002832433,0,1,0,-1.0773568406710597e-9;
racing,killcuboid,1,10,9,1816.9999966527357,188.333333333333,-2247.000002832433,0,1,0,-1.0773568406710597e-9;
racing,killcuboid,1,10,9,1816.9999968466598,163.333333333333,-2157.000002832433,0,1,0,-1.0773568406710597e-9;

racing,killcuboid,1,10,9,1816.999997040584,138.333333333333,-2067.000002832433,0,1,0,-1.0773568406710597e-9;
racing,killcuboid,1,10,9,1816.9999972345083,115,-1977.000002832433,0,1,0,-1.0773568406710597e-9;
racing,killcuboid,1,10,9,1816.9999974284326,91.666666666667,-1887.000002832433,0,1,0,-1.0773568406710597e-9;
racing,killcuboid,1,10,9,1816.999997622357,68.333333333334,-1797.000002832433,0,1,0,-1.0773568406710597e-9;
racing,killcuboid,1,10,9,1816.999997816281,45.000000000001,-1707.000002832433,0,1,0,-1.0773568406710597e-9;


racing,killcuboid,9.05,3.05,9.05,1865.999995488113,25,-2787.500002938014,0,1,0,-1.0773568406710597e-9;
racing,killcuboid,9.05,3.05,9.05,1865.999995682037,50,-2697.500002938014,0,1,0,-1.0773568406710597e-9;
racing,killcuboid,9.05,3.05,9.05,1865.9999958759613,75,-2607.500002938014,0,1,0,-1.0773568406710597e-9;
racing,killcuboid,9.05,3.05,9.05,1865.9999960698856,100,-2517.500002938014,0,1,0,-1.0773568406710597e-9;
racing,killcuboid,9.05,3.05,9.05,1865.9999962638099,125,-2427.500002938014,0,1,0,-1.0773568406710597e-9;
racing,killcuboid,9.05,3.05,9.05,1865.9999964577341,150,-2337.500002938014,0,1,0,-1.0773568406710597e-9;
racing,killcuboid,9.05,3.05,9.05,1865.9999966516582,175,-2247.500002938014,0,1,0,-1.0773568406710597e-9;

racing,killcuboid,9.05,3.05,9.05,1865.9999968455825,150,-2157.500002938014,0,1,0,-1.0773568406710597e-9;
racing,killcuboid,9.05,3.05,9.05,1865.9999970395068,125,-2067.500002938014,0,1,0,-1.0773568406710597e-9;
racing,killcuboid,9.05,3.05,9.05,1865.999997233431,100,-1977.500002938014,0,1,0,-1.0773568406710597e-9;
racing,killcuboid,9.05,3.05,9.05,1865.999997427355,75,-1887.500002938014,0,1,0,-1.0773568406710597e-9;
racing,killcuboid,9.05,3.05,9.05,1865.9999976212794,50,-1797.500002938014,0,1,0,-1.0773568406710597e-9;
racing,killcuboid,9.05,3.05,9.05,1865.9999978152036,25,-1707.500002938014,0,1,0,-1.0773568406710597e-9;


racing,killcuboid,1,10,10,1914.9999980145146,55,-1615.000003043595,0,1,0,-1.0773568406710597e-9;
racing,killcuboid,1,10,10,1914.999998229986,55,-1515.000003043595,0,1,0,-1.0773568406710597e-9;
racing,killcuboid,1,10,10,1914.9999984454573,55,-1415.000003043595,0,1,0,-1.0773568406710597e-9;
racing,killcuboid,1,10,10,1914.9999986609287,55,-1315.000003043595,0,1,0,-1.0773568406710597e-9;
racing,killcuboid,1,10,10,1914.9999988764002,55,-1215.000003043595,0,1,0,-1.0773568406710597e-9;
racing,killcuboid,1,10,10,1914.9999990918716,55,-1115.000003043595,0,1,0,-1.0773568406710597e-9;
racing,killcuboid,1,10,10,1914.999999307343,55,-1015.000003043595,0,1,0,-1.0773568406710597e-9;
racing,killcuboid,1,10,10,1914.9999995228143,55,-915.000003043595,0,1,0,-1.0773568406710597e-9;
racing,killcuboid,1,10,10,1914.9999997382856,55,-815.000003043595,0,1,0,-1.0773568406710597e-9;
racing,killcuboid,1,10,10,1914.999999953757,55,-715.000003043595,0,1,0,-1.0773568406710597e-9;
racing,killcuboid,1,10,10,1915.0000001692283,55,-615.000003043595,0,1,0,-1.0773568406710597e-9;

racing,killcuboid,1,10,10,1816.9999980145146,55,-1615.000002832433,0,1,0,-1.0773568406710597e-9;
racing,killcuboid,1,10,10,1816.999998229986,55,-1515.000002832433,0,1,0,-1.0773568406710597e-9;
racing,killcuboid,1,10,10,1816.9999984454573,55,-1415.000002832433,0,1,0,-1.0773568406710597e-9;
racing,killcuboid,1,10,10,1816.9999986609287,55,-1315.000002832433,0,1,0,-1.0773568406710597e-9;
racing,killcuboid,1,10,10,1816.9999988764002,55,-1215.000002832433,0,1,0,-1.0773568406710597e-9;
racing,killcuboid,1,10,10,1816.9999990918716,55,-1115.000002832433,0,1,0,-1.0773568406710597e-9;
racing,killcuboid,1,10,10,1816.999999307343,55,-1015.0000028324331,0,1,0,-1.0773568406710597e-9;
racing,killcuboid,1,10,10,1816.9999995228143,55,-915.0000028324331,0,1,0,-1.0773568406710597e-9;
racing,killcuboid,1,10,10,1816.9999997382856,55,-815.0000028324331,0,1,0,-1.0773568406710597e-9;
racing,killcuboid,1,10,10,1816.999999953757,55,-715.0000028324331,0,1,0,-1.0773568406710597e-9;
racing,killcuboid,1,10,10,1817.0000001692283,55,-615.0000028324331,0,1,0,-1.0773568406710597e-9;


custom,cylinder,default,2,5,2,0,0,0,0,10,10,1949.9999981222504,50,-1565.00000311901,0,1,0,-1.0773568406710597e-9;
custom,cylinder,default,2,5,2,0,0,0,0,10,10,1781.9999983377218,50,-1465.0000027570181,0,1,0,-1.0773568406710597e-9;
custom,cylinder,default,2,5,2,0,0,0,0,10,10,1949.999998553193,50,-1365.00000311901,0,1,0,-1.0773568406710597e-9;
custom,cylinder,default,2,5,2,0,0,0,0,10,10,1781.9999987686645,50,-1265.0000027570181,0,1,0,-1.0773568406710597e-9;
custom,cylinder,default,2,5,2,0,0,0,0,10,10,1949.9999989841358,50,-1165.00000311901,0,1,0,-1.0773568406710597e-9;
custom,cylinder,default,2,5,2,0,0,0,0,10,10,1781.9999991996071,50,-1065.0000027570181,0,1,0,-1.0773568406710597e-9;
custom,cylinder,default,2,5,2,0,0,0,0,10,10,1949.9999994150785,50,-965.00000311901,0,1,0,-1.0773568406710597e-9;
custom,cylinder,default,2,5,2,0,0,0,0,10,10,1781.9999996305498,50,-865.0000027570181,0,1,0,-1.0773568406710597e-9;
custom,cylinder,default,2,5,2,0,0,0,0,10,10,1949.9999998460212,50,-765.00000311901,0,1,0,-1.0773568406710597e-9;
custom,cylinder,default,2,5,2,0,0,0,0,10,10,1782.0000000614928,50,-665.0000027570181,0,1,0,-1.0773568406710597e-9;

racing,killcuboid,7,10,2,1879.9999981545711,55,-1550.00000296818,0,0.980580675479633,0,-0.19611613619461932;
racing,killcuboid,7,10,2,1849.9999983700425,55,-1450.0000029035386,0,0.9805806759022072,0,0.19611613408174872;

racing,killcuboid,9,5,2,1864.9999988009852,55,-1250.0000029358594,0,1,0,-1.0773568406710597e-9;

racing,killcuboid,9,1,2,1864.9999992319279,30,-1050.0000029358594,0,1,0,-1.0773568406710597e-9;
racing,killcuboid,9,1,2,1864.9999992319279,55,-1050.0000029358594,0,1,0,-1.0773568406710597e-9;
racing,killcuboid,9,1,2,1864.9999992319279,80,-1050.0000029358594,0,1,0,-1.0773568406710597e-9;

racing,killcuboid,9,4,2,1864.9999996628706,30,-850.0000029358594,0,1,0,-1.0773568406710597e-9;
racing,killcuboid,9,4,2,1864.9999996628706,85,-850.0000029358594,0,1,0,-1.0773568406710597e-9;

racing,killcuboid,9,3,10,1865.0000001692283,30,-615.0000029358594,0,1,0,-1.0773568406710597e-9;
racing,killcuboid,9,3,10,1865.0000001692283,90,-615.0000029358594,0,1,0,-1.0773568406710597e-9;
racing,killcuboid,3,3,10,1835.0000001692283,60,-615.0000028712179,0,1,0,-1.0773568406710597e-9;
racing,killcuboid,3,3,10,1895.0000001692283,60,-615.0000030005008,0,1,0,-1.0773568406710597e-9;

racing,killcuboid,10,1,10,1865.9999980145146,100,-1615.000002938014,0,1,0,-1.0773568406710597e-9;
racing,killcuboid,10,1,10,1865.999998229986,100,-1515.000002938014,0,1,0,-1.0773568406710597e-9;
racing,killcuboid,10,1,10,1865.9999984454573,100,-1415.000002938014,0,1,0,-1.0773568406710597e-9;
racing,killcuboid,10,1,10,1865.9999986609287,100,-1315.000002938014,0,1,0,-1.0773568406710597e-9;
racing,killcuboid,10,1,10,1865.9999988764002,100,-1215.000002938014,0,1,0,-1.0773568406710597e-9;
racing,killcuboid,10,1,10,1865.9999990918716,100,-1115.000002938014,0,1,0,-1.0773568406710597e-9;
racing,killcuboid,10,1,10,1865.999999307343,100,-1015.0000029380141,0,1,0,-1.0773568406710597e-9;
racing,killcuboid,10,1,10,1865.9999995228143,100,-915.0000029380141,0,1,0,-1.0773568406710597e-9;
racing,killcuboid,10,1,10,1865.9999997382856,100,-815.0000029380141,0,1,0,-1.0773568406710597e-9;
racing,killcuboid,10,1,10,1865.999999953757,100,-715.0000029380141,0,1,0,-1.0773568406710597e-9;

custom,cuboid,wood2,20,1,20,0,0,0,0,10,10,1866.0000006324917,15,-400.00000293801406,0,1,0,-1.0773568406710597e-9;
custom,cuboid,wood1,19,5,1,0,0,0,0,999999,999999,1866.0000008371896,45,-305.00000293801406,0,1,0,-1.0773568406710597e-9;








custom,cuboid,default,0.25,0.2,0.1,1,1,0,0,10,10,1802.2500008221066,45,-312.00000280065103,0,1,0,-1.0773568406710597e-9;



custom,cuboid,default,0.25,0.2,0.1,1,1,0,0,10,10,1802.2500008221066,43,-312.00000280065103,0,1,0,-1.0773568406710597e-9;



custom,cuboid,default,0.25,0.2,0.1,1,1,0,0,10,10,1802.2500008221066,41,-312.00000280065103,0,1,0,-1.0773568406710597e-9;

custom,cuboid,default,0.25,0.2,0.1,1,1,0,0,10,10,1807.2500008221066,39,-312.0000028114246,0,1,0,-1.0773568406710597e-9;
custom,cuboid,default,0.25,0.2,0.1,1,1,0,0,10,10,1804.7500008221066,39,-312.00000280603786,0,1,0,-1.0773568406710597e-9;
custom,cuboid,default,0.25,0.2,0.1,1,1,0,0,10,10,1802.2500008221066,39,-312.00000280065103,0,1,0,-1.0773568406710597e-9;

A;

custom,cuboid,default,0.25,0.2,0.1,1,1,0,0,10,10,1817.2500008221066,45,-312.00000283297175,0,1,0,-1.0773568406710597e-9;
custom,cuboid,default,0.25,0.2,0.1,1,1,0,0,10,10,1814.7500008221066,45,-312.000002827585,0,1,0,-1.0773568406710597e-9;

custom,cuboid,default,0.25,0.2,0.1,1,1,0,0,10,10,1819.7500008221066,43,-312.00000283835857,0,1,0,-1.0773568406710597e-9;


custom,cuboid,default,0.25,0.2,0.1,1,1,0,0,10,10,1812.2500008221066,43,-312.0000028221982,0,1,0,-1.0773568406710597e-9;
custom,cuboid,default,0.25,0.2,0.1,1,1,0,0,10,10,1819.7500008221066,41,-312.00000283835857,0,1,0,-1.0773568406710597e-9;
custom,cuboid,default,0.25,0.2,0.1,1,1,0,0,10,10,1817.2500008221066,41,-312.00000283297175,0,1,0,-1.0773568406710597e-9;
custom,cuboid,default,0.25,0.2,0.1,1,1,0,0,10,10,1814.7500008221066,41,-312.000002827585,0,1,0,-1.0773568406710597e-9;
custom,cuboid,default,0.25,0.2,0.1,1,1,0,0,10,10,1812.2500008221066,41,-312.0000028221982,0,1,0,-1.0773568406710597e-9;
custom,cuboid,default,0.25,0.2,0.1,1,1,0,0,10,10,1819.7500008221066,39,-312.00000283835857,0,1,0,-1.0773568406710597e-9;


custom,cuboid,default,0.25,0.2,0.1,1,1,0,0,10,10,1812.2500008221066,39,-312.0000028221982,0,1,0,-1.0773568406710597e-9;

L;




custom,cuboid,default,0.25,0.2,0.1,1,1,0,0,10,10,1824.2500008221066,45,-312.00000284805475,0,1,0,-1.0773568406710597e-9;



custom,cuboid,default,0.25,0.2,0.1,1,1,0,0,10,10,1824.2500008221066,43,-312.00000284805475,0,1,0,-1.0773568406710597e-9;



custom,cuboid,default,0.25,0.2,0.1,1,1,0,0,10,10,1824.2500008221066,41,-312.00000284805475,0,1,0,-1.0773568406710597e-9;

custom,cuboid,default,0.25,0.2,0.1,1,1,0,0,10,10,1829.2500008221066,39,-312.00000285882834,0,1,0,-1.0773568406710597e-9;
custom,cuboid,default,0.25,0.2,0.1,1,1,0,0,10,10,1826.7500008221066,39,-312.0000028534415,0,1,0,-1.0773568406710597e-9;
custom,cuboid,default,0.25,0.2,0.1,1,1,0,0,10,10,1824.2500008221066,39,-312.00000284805475,0,1,0,-1.0773568406710597e-9;

Y;

custom,cuboid,default,0.25,0.2,0.1,1,1,0,0,10,10,1840.7500008221066,45,-312.0000028836075,0,1,0,-1.0773568406710597e-9;


custom,cuboid,default,0.25,0.2,0.1,1,1,0,0,10,10,1833.2500008221066,45,-312.00000286744717,0,1,0,-1.0773568406710597e-9;
custom,cuboid,default,0.25,0.2,0.1,1,1,0,0,10,10,1840.7500008221066,43,-312.0000028836075,0,1,0,-1.0773568406710597e-9;


custom,cuboid,default,0.25,0.2,0.1,1,1,0,0,10,10,1833.2500008221066,43,-312.00000286744717,0,1,0,-1.0773568406710597e-9;
custom,cuboid,default,0.25,0.2,0.1,1,1,0,0,10,10,1840.7500008221066,41,-312.0000028836075,0,1,0,-1.0773568406710597e-9;
custom,cuboid,default,0.25,0.2,0.1,1,1,0,0,10,10,1838.2500008221066,41,-312.00000287822076,0,1,0,-1.0773568406710597e-9;
custom,cuboid,default,0.25,0.2,0.1,1,1,0,0,10,10,1835.7500008221066,41,-312.00000287283393,0,1,0,-1.0773568406710597e-9;
custom,cuboid,default,0.25,0.2,0.1,1,1,0,0,10,10,1833.2500008221066,41,-312.00000286744717,0,1,0,-1.0773568406710597e-9;

custom,cuboid,default,0.25,0.2,0.1,1,1,0,0,10,10,1837.0000008221066,39,-312.00000287552734,0,1,0,-1.0773568406710597e-9;





R;

custom,cuboid,default,0.25,0.2,0.1,0,0,0,0,10,10,1879.7500008221066,45,-312.00000296764136,0,1,0,-1.0773568406710597e-9;
custom,cuboid,default,0.25,0.2,0.1,0,0,0,0,10,10,1877.2500008221066,45,-312.0000029622546,0,1,0,-1.0773568406710597e-9;
custom,cuboid,default,0.25,0.2,0.1,0,0,0,0,10,10,1874.7500008221066,45,-312.0000029568678,0,1,0,-1.0773568406710597e-9;
custom,cuboid,default,0.25,0.2,0.1,0,0,0,0,10,10,1872.2500008221066,45,-312.000002951481,0,1,0,-1.0773568406710597e-9;
custom,cuboid,default,0.25,0.2,0.1,0,0,0,0,10,10,1879.7500008221066,43,-312.00000296764136,0,1,0,-1.0773568406710597e-9;


custom,cuboid,default,0.25,0.2,0.1,0,0,0,0,10,10,1872.2500008221066,43,-312.000002951481,0,1,0,-1.0773568406710597e-9;
custom,cuboid,default,0.25,0.2,0.1,0,0,0,0,10,10,1879.7500008221066,41,-312.00000296764136,0,1,0,-1.0773568406710597e-9;
custom,cuboid,default,0.25,0.2,0.1,0,0,0,0,10,10,1877.2500008221066,41,-312.0000029622546,0,1,0,-1.0773568406710597e-9;
custom,cuboid,default,0.25,0.2,0.1,0,0,0,0,10,10,1874.7500008221066,41,-312.0000029568678,0,1,0,-1.0773568406710597e-9;
custom,cuboid,default,0.25,0.2,0.1,0,0,0,0,10,10,1872.2500008221066,41,-312.000002951481,0,1,0,-1.0773568406710597e-9;

custom,cuboid,default,0.25,0.2,0.1,0,0,0,0,10,10,1877.2500008221066,39,-312.0000029622546,0,1,0,-1.0773568406710597e-9;

custom,cuboid,default,0.25,0.2,0.1,0,0,0,0,10,10,1872.2500008221066,39,-312.000002951481,0,1,0,-1.0773568406710597e-9;


I;


custom,cuboid,default,0.25,0.2,0.1,0,0,0,0,10,10,1887.2500008221066,45,-312.0000029838017,0,1,0,-1.0773568406710597e-9;
custom,cuboid,default,0.25,0.2,0.1,0,0,0,0,10,10,1884.7500008221066,45,-312.00000297841495,0,1,0,-1.0773568406710597e-9;


custom,cuboid,default,0.25,0.2,0.1,0,0,0,0,10,10,1886.0000008221066,43,-312.0000029811083,0,1,0,-1.0773568406710597e-9;



custom,cuboid,default,0.25,0.2,0.1,0,0,0,0,10,10,1886.0000008221066,41,-312.0000029811083,0,1,0,-1.0773568406710597e-9;



custom,cuboid,default,0.25,0.2,0.1,0,0,0,0,10,10,1887.2500008221066,39,-312.0000029838017,0,1,0,-1.0773568406710597e-9;
custom,cuboid,default,0.25,0.2,0.1,0,0,0,0,10,10,1884.7500008221066,39,-312.00000297841495,0,1,0,-1.0773568406710597e-9;



S;

custom,cuboid,default,0.25,0.2,0.1,0,0,0,0,10,10,1899.7500008221066,45,-312.0000030107356,0,1,0,-1.0773568406710597e-9;
custom,cuboid,default,0.25,0.2,0.1,0,0,0,0,10,10,1897.2500008221066,45,-312.00000300534884,0,1,0,-1.0773568406710597e-9;
custom,cuboid,default,0.25,0.2,0.1,0,0,0,0,10,10,1894.7500008221066,45,-312.0000029999621,0,1,0,-1.0773568406710597e-9;
custom,cuboid,default,0.25,0.2,0.1,0,0,0,0,10,10,1892.2500008221066,45,-312.00000299457525,0,1,0,-1.0773568406710597e-9;



custom,cuboid,default,0.25,0.3,0.1,0,0,0,0,10,10,1892.2500008221066,43,-312.00000299457525,0,1,0,-1.0773568406710597e-9;
custom,cuboid,default,0.25,0.1,0.1,0,0,0,0,10,10,1899.7500008221066,42,-312.0000030107356,0,1,0,-1.0773568406710597e-9;
custom,cuboid,default,0.25,0.1,0.1,0,0,0,0,10,10,1897.2500008221066,42,-312.00000300534884,0,1,0,-1.0773568406710597e-9;
custom,cuboid,default,0.25,0.1,0.1,0,0,0,0,10,10,1894.7500008221066,42,-312.0000029999621,0,1,0,-1.0773568406710597e-9;
custom,cuboid,default,0.25,0.2,0.1,0,0,0,0,10,10,1899.7500008221066,41,-312.0000030107356,0,1,0,-1.0773568406710597e-9;
custom,cuboid,default,0.25,0.2,0.1,0,0,0,0,10,10,1899.7500008221066,39,-312.0000030107356,0,1,0,-1.0773568406710597e-9;
custom,cuboid,default,0.25,0.2,0.1,0,0,0,0,10,10,1897.2500008221066,39,-312.00000300534884,0,1,0,-1.0773568406710597e-9;
custom,cuboid,default,0.25,0.2,0.1,0,0,0,0,10,10,1894.7500008221066,39,-312.0000029999621,0,1,0,-1.0773568406710597e-9;
custom,cuboid,default,0.25,0.2,0.1,0,0,0,0,10,10,1892.2500008221066,39,-312.00000299457525,0,1,0,-1.0773568406710597e-9;


E;

custom,cuboid,default,0.25,0.2,0.1,0,0,0,0,10,10,1910.7500008221066,45,-312.0000030344375,0,1,0,-1.0773568406710597e-9;
custom,cuboid,default,0.25,0.2,0.1,0,0,0,0,10,10,1908.2500008221066,45,-312.0000030290507,0,1,0,-1.0773568406710597e-9;
custom,cuboid,default,0.25,0.2,0.1,0,0,0,0,10,10,1905.7500008221066,45,-312.0000030236639,0,1,0,-1.0773568406710597e-9;
custom,cuboid,default,0.25,0.2,0.1,0,0,0,0,10,10,1903.2500008221066,45,-312.00000301827714,0,1,0,-1.0773568406710597e-9;



custom,cuboid,default,0.25,0.2,0.1,0,0,0,0,10,10,1903.2500008221066,43,-312.00000301827714,0,1,0,-1.0773568406710597e-9;
custom,cuboid,default,0.25,0.2,0.1,0,0,0,0,10,10,1910.7500008221066,42,-312.0000030344375,0,1,0,-1.0773568406710597e-9;
custom,cuboid,default,0.25,0.2,0.1,0,0,0,0,10,10,1908.2500008221066,42,-312.0000030290507,0,1,0,-1.0773568406710597e-9;
custom,cuboid,default,0.25,0.2,0.1,0,0,0,0,10,10,1905.7500008221066,42,-312.0000030236639,0,1,0,-1.0773568406710597e-9;
custom,cuboid,default,0.25,0.2,0.1,0,0,0,0,10,10,1903.2500008221066,41,-312.00000301827714,0,1,0,-1.0773568406710597e-9;
custom,cuboid,default,0.25,0.2,0.1,0,0,0,0,10,10,1910.7500008221066,39,-312.0000030344375,0,1,0,-1.0773568406710597e-9;
custom,cuboid,default,0.25,0.2,0.1,0,0,0,0,10,10,1908.2500008221066,39,-312.0000030290507,0,1,0,-1.0773568406710597e-9;
custom,cuboid,default,0.25,0.2,0.1,0,0,0,0,10,10,1905.7500008221066,39,-312.0000030236639,0,1,0,-1.0773568406710597e-9;
custom,cuboid,default,0.25,0.2,0.1,0,0,0,0,10,10,1903.2500008221066,39,-312.00000301827714,0,1,0,-1.0773568406710597e-9;

S;

custom,cuboid,default,0.25,0.2,0.1,0,0,0,0,10,10,1922.7500008221066,45,-312.00000306029403,0,1,0,-1.0773568406710597e-9;
custom,cuboid,default,0.25,0.2,0.1,0,0,0,0,10,10,1920.2500008221066,45,-312.00000305490727,0,1,0,-1.0773568406710597e-9;
custom,cuboid,default,0.25,0.2,0.1,0,0,0,0,10,10,1917.7500008221066,45,-312.0000030495205,0,1,0,-1.0773568406710597e-9;
custom,cuboid,default,0.25,0.2,0.1,0,0,0,0,10,10,1915.2500008221066,45,-312.0000030441337,0,1,0,-1.0773568406710597e-9;



custom,cuboid,default,0.25,0.3,0.1,0,0,0,0,10,10,1915.2500008221066,43,-312.0000030441337,0,1,0,-1.0773568406710597e-9;
custom,cuboid,default,0.25,0.1,0.1,0,0,0,0,10,10,1922.7500008221066,42,-312.00000306029403,0,1,0,-1.0773568406710597e-9;
custom,cuboid,default,0.25,0.1,0.1,0,0,0,0,10,10,1920.2500008221066,42,-312.00000305490727,0,1,0,-1.0773568406710597e-9;
custom,cuboid,default,0.25,0.1,0.1,0,0,0,0,10,10,1917.7500008221066,42,-312.0000030495205,0,1,0,-1.0773568406710597e-9;
custom,cuboid,default,0.25,0.2,0.1,0,0,0,0,10,10,1922.7500008221066,41,-312.00000306029403,0,1,0,-1.0773568406710597e-9;
custom,cuboid,default,0.25,0.2,0.1,0,0,0,0,10,10,1922.7500008221066,39,-312.00000306029403,0,1,0,-1.0773568406710597e-9;
custom,cuboid,default,0.25,0.2,0.1,0,0,0,0,10,10,1920.2500008221066,39,-312.00000305490727,0,1,0,-1.0773568406710597e-9;
custom,cuboid,default,0.25,0.2,0.1,0,0,0,0,10,10,1917.7500008221066,39,-312.0000030495205,0,1,0,-1.0773568406710597e-9;
custom,cuboid,default,0.25,0.2,0.1,0,0,0,0,10,10,1915.2500008221066,39,-312.0000030441337,0,1,0,-1.0773568406710597e-9;


custom,cylinder,wood3,1,0.1,1,0,0,0,0,10,10,1866.000000578624,21,-425.00000293801406,0,1,0,-1.0773568406710597e-9;

racing,endcylinder,0.7,0.5,0.7,1866.000000578624,27,-425.00000293801406,0,1,0,-1.0773568406710597e-9;

custom,cylinder,wood2,1,0.1,1,0,0,0,0,10,10,1699.9999945669729,16,-3215.0000025803315,0,1,0,-1.0773568406710597e-9;
racing,checkpointcylinder,0.7,0.5,0.7,1699.9999945669729,22,-3215.0000025803315,0,1,0,-1.0773568406710597e-9;

custom,cylinder,wood2,1,0.1,1,0,0,0,0,10,10,1259.9999945669729,16,-3215.0000016322574,0,1,0,-1.0773568406710597e-9;
racing,checkpointcylinder,0.7,0.5,0.7,1259.9999945669729,22,-3215.0000016322574,0,1,0,-1.0773568406710597e-9;

racing,startcuboid,10,10,0.7,-0.000007027515323443367,55,-3954.9999989173184,0,1,0,-1.0773568406710597e-9;