spawnpoint,playerM,0,15,-950,0,1,0,0;
spawnpoint,playerC,0,15,-950,0,1,0,0;
map,disablebounds;
spawnpoint,titan,99999,2,99999,0,1,0,0;
custom,cuboid,brick2,200,5,200,0,0,0,0,150,150,0,-24,0,0,1,0,0;
custom,cuboid,brick3,10,1,10,0,0,0,0,10,10,0,1,-950,0,1,0,0;
custom,cuboid,brick1,1,10,10,0,0,0,0,10,10,45,45,-850,0,1,0,0;
custom,cuboid,brick1,2,10,10,0,0,0,0,12,12,40,45,-750,0,1,0,0;
custom,cuboid,brick1,3,10,10,0,0,0,0,14,14,35,45,-650,0,1,0,0;
custom,cuboid,brick1,4,10,10,0,0,0,0,16,16,30,45,-550,0,1,0,0;
custom,cuboid,brick1,4.5,10,10,0,0,0,0,18,18,27.5,45,-450,0,1,0,0;
custom,cuboid,brick1,1,10,10,0,0,0,0,10,10,-45,45,-850,0,1,0,0;
custom,cuboid,brick1,2,10,10,0,0,0,0,12,12,-40,45,-750,0,1,0,0;
custom,cuboid,brick1,3,10,10,0,0,0,0,14,14,-35,45,-650,0,1,0,0;
custom,cuboid,brick1,4,10,10,0,0,0,0,16,16,-30,45,-550,0,1,0,0;
custom,cuboid,brick1,4.5,10,10,0,0,0,0,18,18,-27.5,45,-450,0,1,0,0;
custom,cuboid,brick1,1,4,1,0,0,0,0,18,18,0,75,-405,0,1,0,0;
custom,cuboid,brick1,1,4,1,0,0,0,0,18,18,0,15,-405,0,1,0,0;
custom,killtube,bombexplosiontex,3,10,3,0,0,0,0,10000,10000,0,45,-370,0,1,1,0;
custom,killtube,bombexplosiontex,3.5,10,3.5,0,0,0,0,10000,10000,0,45,-300,0,1,1,0;
custom,killtube,bombexplosiontex,4,10,4,0,0,0,0,10000,10000,0,45,-230,0,1,1,0;
custom,killtube,bombexplosiontex,4.5,10,4.5,0,0,0,0,10000,10000,0,45,-160,0,1,1,0;
custom,killtube,bombexplosiontex,5,10,5,0,0,0,0,10000,10000,0,45,-90,0,1,1,0;
custom,killtube,bombexplosiontex,5.5,10,5.5,0,0,0,0,10000,10000,0,45,-20,0,1,1,0;
custom,killtube,bombexplosiontex,6,10,6,0,0,0,0,10000,10000,0,45,50,0,1,1,0;
custom,killtube,bombexplosiontex,6.5,10,6.5,0,0,0,0,10000,10000,0,45,120,0,1,1,0;
custom,killtube,bombexplosiontex,7,10,7,0,0,0,0,10000,10000,0,45,190,0,1,1,0;
custom,sphere,ice1,4,4,4,0,0.1,0.1,0.1,1.0,1.0,-80,195,230,0,0,0,0;
custom,sphere,cannonregionmat,4.1,4.1,4.1,1,1,1,1,10000,10000,-80,195,230,0,0,0,0;
custom,sphere,ice1,3,3,3,0,0.1,0.1,0.1,1.0,1.0,-70,50,100,0,0,0,0;
custom,sphere,cannonregionmat,3.1,3.1,3.1,1,1,1,1,10000,10000,-70,50,100,0,0,0,0;
custom,sphere,ice1,3,3,3,0,0.1,0.1,0.1,1.0,1.0,70,50,100,0,0,0,0;
custom,sphere,cannonregionmat,3.1,3.1,3.1,1,1,1,1,10000,10000,70,50,100,0,0,0,0;
custom,sphere,ice1,3,3,3,0,0.1,0.1,0.1,1.0,1.0,-70,50,-100,0,0,0,0;
custom,sphere,cannonregionmat,3.1,3.1,3.1,1,1,1,1,10000,10000,-70,50,-100,0,0,0,0;
custom,sphere,ice1,3,3,3,0,0.1,0.1,0.1,1.0,1.0,70,50,-100,0,0,0,0;
custom,sphere,cannonregionmat,3.1,3.1,3.1,1,1,1,1,10000,10000,70,50,-100,0,0,0,0;
custom,sphere,ice1,3,3,3,0,0.1,0.1,0.1,1.0,1.0,-70,50,-300,0,0,0,0;
custom,sphere,cannonregionmat,3.1,3.1,3.1,1,1,1,1,10000,10000,-70,50,-300,0,0,0,0;
custom,sphere,ice1,3,3,3,0,0.1,0.1,0.1,1.0,1.0,70,50,-300,0,0,0,0;
custom,sphere,cannonregionmat,3.1,3.1,3.1,1,1,1,1,10000,10000,70,50,-300,0,0,0,0;
custom,killtube,bombexplosiontex,7,4.25,7,0,0,0,0,10000,10000,-45,195,392.5,0,1,0,0;
custom,killtube,bombexplosiontex,7,4.25,7,0,0,0,0,10000,10000,-50,221.04722665004,390.221162951831,0,1,-0.087488663525924,0;
custom,killtube,bombexplosiontex,7,4.25,7,0,0,0,0,10000,10000,-55,246.30302149885,383.453893117886,0,1,-0.176326980708465,0;
custom,killtube,bombexplosiontex,7,4.25,7,0,0,0,0,10000,10000,-60,270,372.403810567666,0,1,-0.267949192431123,0;
custom,killtube,bombexplosiontex,7,4.25,7,0,0,0,0,10000,10000,-65,291.418141452981,357.406666467847,0,1,-0.363970234266202,0;
custom,killtube,bombexplosiontex,7,4.25,7,0,0,0,0,10000,10000,-70,309.906666467847,338.918141452981,0,1,-0.466307658154999,0;
custom,killtube,bombexplosiontex,7,4.25,7,0,0,0,0,10000,10000,-75,324.903810567666,317.5,0,1,-0.577350269189626,0;
custom,killtube,bombexplosiontex,7,4.25,7,0,0,0,0,10000,10000,-80,335.953893117886,293.80302149885,0,1,-0.70020753820971,0;
custom,killtube,bombexplosiontex,7,4.25,7,0,0,0,0,10000,10000,-85,342.721162951831,268.54722665004,0,1,-0.83909963117728,0;
custom,killtube,bombexplosiontex,7,4.25,7,0,0,0,0,10000,10000,-90,345,242.5,0,1,-1,0;
custom,killtube,bombexplosiontex,7,4.25,7,0,0,0,0,10000,10000,-95,342.721162951831,216.45277334996,0,1,-1.19175359259421,0;
custom,killtube,bombexplosiontex,7,4.25,7,0,0,0,0,10000,10000,-100,335.953893117886,191.19697850115,0,1,-1.42814800674211,0;
custom,killtube,bombexplosiontex,7,4.25,7,0,0,0,0,10000,10000,-105,324.903810567666,167.5,0,1,-1.73205080756888,0;
custom,killtube,bombexplosiontex,7,4.25,7,0,0,0,0,10000,10000,-110,309.906666467847,146.081858547019,0,1,-2.14450692050956,0;
custom,killtube,bombexplosiontex,7,4.25,7,0,0,0,0,10000,10000,-115,291.418141452981,127.593333532153,0,1,-2.74747741945462,0;
custom,killtube,bombexplosiontex,7,4.25,7,0,0,0,0,10000,10000,-120,270,112.596189432334,0,1,-3.73205080756888,0;
custom,killtube,bombexplosiontex,7,4.25,7,0,0,0,0,10000,10000,-125,246.30302149885,101.546106882114,0,1,-5.67128181961771,0;
custom,killtube,bombexplosiontex,7,4.25,7,0,0,0,0,10000,10000,-130,221.04722665004,94.7788370481688,0,1,-11.4300523027613,0;
custom,killtube,bombexplosiontex,7,4.25,7,0,0,0,0,10000,10000,-135,195,92.5,0,1,-16324552277619100,0;
custom,killtube,bombexplosiontex,7,4.25,7,0,0,0,0,10000,10000,-140,168.95277334996,94.7788370481688,0,1,11.4300523027613,0;
custom,killtube,bombexplosiontex,7,4.25,7,0,0,0,0,10000,10000,-145,143.69697850115,101.546106882114,0,1,5.67128181961771,0;
custom,killtube,bombexplosiontex,7,4.25,7,0,0,0,0,10000,10000,-150,120,112.596189432334,0,1,3.73205080756888,0;
custom,killtube,bombexplosiontex,7,4.25,7,0,0,0,0,10000,10000,-155,98.5818585470191,127.593333532153,0,1,2.74747741945462,0;
custom,killtube,bombexplosiontex,7,4.25,7,0,0,0,0,10000,10000,-160,80.0933335321533,146.081858547019,0,1,2.14450692050956,0;
custom,killtube,bombexplosiontex,7,4.25,7,0,0,0,0,10000,10000,-165,65.0961894323343,167.5,0,1,1.73205080756888,0;
custom,killtube,bombexplosiontex,7,4.25,7,0,0,0,0,10000,10000,-170,54.0461068821137,191.19697850115,0,1,1.42814800674211,0;
custom,killtube,bombexplosiontex,7,4.25,7,0,0,0,0,10000,10000,-175,47.2788370481688,216.45277334996,0,1,1.19175359259421,0;
custom,killtube,bombexplosiontex,7,4.25,7,0,0,0,0,10000,10000,-180,45,242.5,0,1,1,0;
custom,killtube,bombexplosiontex,7,4.25,7,0,0,0,0,10000,10000,-5,47.2788370481688,268.547226650039,0,1,0.83909963117728,0;
custom,killtube,bombexplosiontex,7,4.25,7,0,0,0,0,10000,10000,-10,54.0461068821137,293.80302149885,0,1,0.70020753820971,0;
custom,killtube,bombexplosiontex,7,4.25,7,0,0,0,0,10000,10000,-15,65.0961894323342,317.5,0,1,0.577350269189626,0;
custom,killtube,bombexplosiontex,7,4.25,7,0,0,0,0,10000,10000,-20,80.0933335321533,338.918141452981,0,1,0.466307658154999,0;
custom,killtube,bombexplosiontex,7,4.25,7,0,0,0,0,10000,10000,-25,98.5818585470191,357.406666467847,0,1,0.363970234266203,0;
custom,killtube,bombexplosiontex,7,4.25,7,0,0,0,0,10000,10000,-30,120,372.403810567666,0,1,0.267949192431123,0;
custom,killtube,bombexplosiontex,7,4.25,7,0,0,0,0,10000,10000,-35,143.69697850115,383.453893117886,0,1,0.176326980708465,0;
custom,killtube,bombexplosiontex,7,4.25,7,0,0,0,0,10000,10000,-40,168.95277334996,390.221162951831,0,1,0.087488663525924,0;
custom,killtube,bombexplosiontex,7,4.25,7,0,0,0,0,10000,10000,0,45,242.5,0,1,1,0;
custom,killtube,bombexplosiontex,10,4.25,10,0,0,0,0,10000,10000,-180,45,242.5,0,1,1,0;
custom,cuboid,brick1,8,2,1,0,0,0,0,18,18,-180,85,240,0,1,0,0;
custom,cuboid,brick1,6.84685897435897,10,2,0,0,0,0,10,10,120,45,492.5,0,1,0,0;
custom,cuboid,brick1,6.84685897435897,10,2,0,0,0,0,10,10,184.70476127563,45,483.981456572267,0,1,0,-0.131652497587396;
custom,cuboid,brick1,6.84685897435897,10,2,0,0,0,0,10,10,245,45,459.00635094611,0,1,0,-0.267949192431123;
custom,cuboid,brick1,6.84685897435897,10,2,0,0,0,0,10,10,296.776695296637,45,419.276695296637,0,1,0,-0.414213562373095;
custom,cuboid,brick1,6.84685897435897,10,2,0,0,0,0,10,10,336.50635094611,45,367.5,0,1,0,-0.577350269189626;
custom,cuboid,brick1,6.84685897435897,10,2,0,0,0,0,10,10,361.481456572267,45,307.20476127563,0,1,0,-0.76732698797896;
custom,cuboid,brick1,9.53190171,10,2,0,0,0,0,10,10,370,45,242.5,0,1,0,-1;
custom,cuboid,brick1,6.84685897435897,10,2,0,0,0,0,10,10,-130,45,242.5,0,1,0,1;
custom,cuboid,brick1,6.84685897435897,10,2,0,0,0,0,10,10,-121.481456572267,45,307.20476127563,0,1,0,0.767326987978961;
custom,cuboid,brick1,6.84685897435897,10,2,0,0,0,0,10,10,-96.5063509461096,45,367.5,0,1,0,0.577350269189626;
custom,cuboid,brick1,6.84685897435897,10,2,0,0,0,0,10,10,-56.7766952966369,45,419.276695296637,0,1,0,0.414213562373095;
custom,cuboid,brick1,6.84685897435897,10,2,0,0,0,0,10,10,-5.00000000000011,45,459.00635094611,0,1,0,0.267949192431123;
custom,cuboid,brick1,6.84685897435897,10,2,0,0,0,0,10,10,55.2952387243698,45,483.981456572267,0,1,0,0.131652497587396;
custom,cuboid,brick1,9.53190170940171,10,2,0,0,0,0,10,10,120,45,592.5,0,1,0,0;
custom,cuboid,brick1,9.53190170940171,10,2,0,0,0,0,10,10,210.586665785882,45,580.574039201174,0,1,0,-0.131652497587396;
custom,cuboid,brick1,9.53190170940171,10,2,0,0,0,0,10,10,295,45,545.608891324553,0,1,0,-0.267949192431123;
custom,cuboid,brick1,9.53190170940171,10,2,0,0,0,0,10,10,367.487373415292,45,489.987373415292,0,1,0,-0.414213562373095;
17789;
custom,cuboid,brick1,9.53190170940171,10,2,0,0,0,0,10,10,423.108891324553,45,417.5,0,1,0,-0.577350269189626;
custom,cuboid,brick1,9.53190170940171,10,2,0,0,0,0,10,10,458.074039201174,45,333.086665785882,0,1,0,-0.76732698797896;
custom,cuboid,brick1,9.53190170940171,10,2,0,0,0,0,10,10,470,45,242.5,0,1,0,-1;
custom,cuboid,brick1,9.53190170940171,10,2,0,0,0,0,10,10,-230,45,242.5,0,1,0,1;
custom,cuboid,brick1,9.53190170940171,10,2,0,0,0,0,10,10,-218.074039201174,45,333.086665785882,0,1,0,0.767326987978961;
custom,cuboid,brick1,9.53190170940171,10,2,0,0,0,0,10,10,-183.108891324553,45,417.5,0,1,0,0.577350269189626;
custom,cuboid,brick1,9.53190170940171,10,2,0,0,0,0,10,10,-127.487373415292,45,489.987373415292,0,1,0,0.414213562373095;
custom,cuboid,brick1,9.53190170940171,10,2,0,0,0,0,10,10,-55.0000000000001,45,545.608891324553,0,1,0,0.267949192431123;
custom,cuboid,brick1,9.53190170940171,10,2,0,0,0,0,10,10,29.4133342141178,45,580.574039201174,0,1,0,0.131652497587396;
custom,cuboid,brick1,1,10,1,0,0,0,0,10,10,470,45,145,0,1,0,0;
custom,cuboid,brick1,1,10,1,0,0,0,0,10,10,470,45,45,0,1,0,0;
custom,cuboid,brick1,1,10,1,0,0,0,0,10,10,470,45,-55,0,1,0,0;
custom,cuboid,brick1,1,10,1,0,0,0,0,10,10,470,45,-155,0,1,0,0;
custom,cuboid,brick1,1,10,1,0,0,0,0,10,10,470,45,-255,0,1,0,0;
custom,sphere,brick1,2,2,2,0,0,0,0,10,10,470,100,-555,0,1,0,0;
custom,cuboid,brick1,12.2169444444444,10,2,0,0,0,0,10,10,120,45,692.5,0,1,0,0;
custom,cuboid,brick1,12.2169444444444,10,2,0,0,0,0,10,10,236.468570296134,45,677.166621830081,0,1,0,-0.131652497587396;
custom,cuboid,brick1,12.2169444444444,10,2,0,0,0,0,10,10,345,45,632.211431702997,0,1,0,-0.267949192431123;
custom,cuboid,brick1,12.2169444444444,10,2,0,0,0,0,10,10,438.198051533946,45,560.698051533946,0,1,0,-0.414213562373095;
custom,cuboid,brick1,12.2169444444444,10,2,0,0,0,0,10,10,509.711431702997,45,467.5,0,1,0,-0.577350269189626;
custom,cuboid,brick1,14,10,2,0,0,0,0,10,10,554.666621830081,45,358.968570296134,0,1,0,-0.76732698797896;
custom,cuboid,brick1,9.53190171,10,2,0,0,0,0,10,10,570,45,242.5,0,1,0,-1;
custom,cuboid,brick1,9.53190171,10,2,0,0,0,0,10,10,-330,45,242.5,0,1,0,1;
custom,cuboid,brick1,14,10,2,0,0,0,0,10,10,-314.666621830081,45,358.968570296134,0,1,0,0.767326987978961;
custom,cuboid,brick1,12.2169444444444,10,2,0,0,0,0,10,10,-269.711431702997,45,467.5,0,1,0,0.577350269189626;
custom,cuboid,brick1,12.2169444444444,10,2,0,0,0,0,10,10,-198.198051533946,45,560.698051533946,0,1,0,0.414213562373095;
custom,cuboid,brick1,12.2169444444444,10,2,0,0,0,0,10,10,-105,45,632.211431702997,0,1,0,0.267949192431123;
custom,cuboid,brick1,12.2169444444444,10,2,0,0,0,0,10,10,3.5314297038657,45,677.166621830081,0,1,0,0.131652497587396;
custom,cuboid,brick1,1.5,1.5,10,0,0,1,0,1.0,1.0,-230,45,200,-0.0352236063954659,0.706228927156413,-0.706228927156412,-0.0352236063954659;
custom,cuboid,brick1,1.5,1.5,10,0,0,1,0,1.0,1.0,-250,45,0,-0.0352236063954659,0.706228927156413,-0.706228927156412,-0.0352236063954659;
racing,killcuboid,1,20.0997512422418,10,-240,45,100,-0.0352236063954659,0.706228927156413,-0.706228927156412,-0.0352236063954659;
custom,cuboid,brick1,1.5,1.5,10,0,0,1,0,1.0,1.0,-350,45,-150,-0.20490833661796,0.676766262149984,-0.676766262149984,-0.20490833661796;
racing,killcuboid,1,18.0277563773199,10,-300,45,-75,-0.20490833661796,0.676766262149984,-0.676766262149984,-0.20490833661796;
custom,cuboid,brick1,1.5,1.5,10,0,0,1,0,1.0,1.0,-250,45,-500,0.0980765674857875,0.70027208063024,-0.70027208063024,0.0980765674857875;
racing,killcuboid,1,36.4005494464026,10,-300,45,-325,0.0980765674857875,0.70027208063024,-0.70027208063024,0.0980765674857875;
custom,cuboid,brick1,1.5,1.5,10,0,0,1,0,1.0,1.0,-300,45,-800,-0.058322543171265,0.704697439301461,-0.704697439301461,-0.058322543171265;
racing,killcuboid,1,30.4138126514911,10,-275,45,-650,-0.058322543171265,0.704697439301461,-0.704697439301461,-0.058322543171265;
custom,cuboid,brick1,1.5,1.5,10,0,0,1,0,1.0,1.0,-600,45,-900,-0.413452607315265,0.573634850322232,-0.573634850322232,-0.413452607315265;
racing,killcuboid,1,31.6227766016838,10,-450,45,-850,-0.413452607315265,0.573634850322232,-0.573634850322232,-0.413452607315265;
custom,cuboid,brick1,1.5,1.5,10,0,0,1,0,1.0,1.0,-850,45,-850,0.546835472317356,-0.448297854350714,0.448297854350714,0.546835472317356;
racing,killcuboid,1,25.4950975679639,10,-725,45,-875,0.546835472317356,-0.448297854350714,0.448297854350714,0.546835472317356;
custom,cuboid,brick1,1.5,1.5,10,0,0,1,0,1.0,1.0,-900,45,-650,0.701808823709372,-0.0863966143067367,0.0863966143067367,0.701808823709372;
racing,killcuboid,1,20.6155281280883,10,-875,45,-750,0.701808823709372,-0.0863966143067367,0.0863966143067367,0.701808823709372;
custom,cuboid,brick1,1.5,1.5,10,0,0,1,0,1.0,1.0,-650,45,-350,0.664872408736702,0.240717012486978,-0.240717012486978,0.664872408736702;
racing,killcuboid,1,39.0512483795333,10,-775,45,-500,0.664872408736702,0.240717012486978,-0.240717012486978,0.664872408736702;
custom,cuboid,brick1,1.5,1.5,10,0,0,1,0,1.0,1.0,-750,45,0,0.70027208063024,-0.0980765674857873,0.0980765674857873,0.70027208063024;
racing,killcuboid,1,36.4005494464026,10,-700,45,-175,0.70027208063024,-0.0980765674857873,0.0980765674857873,0.70027208063024;
custom,cuboid,brick1,1.5,1.5,10,0,0,1,0,1.0,1.0,-700,45,400,0.705740369525803,0.0439378062900629,-0.0439378062900629,0.705740369525803;
racing,killcuboid,1,40.3112887414927,10,-725,45,200,0.705740369525803,0.0439378062900629,-0.0439378062900629,0.705740369525803;
custom,cuboid,brick1,1.5,1.5,10,0,0,1,0,1.0,1.0,-730,45,692.5,0.706183658585189,-0.0361198054706407,0.0361198054706406,0.706183658585189;
racing,killcuboid,1,29.403443675869,10,-715,45,546.25,0.706183658585189,-0.0361198054706407,0.0361198054706406,0.706183658585189;
custom,cuboid,brick1,1.5,1.5,10,0,0,1,0,1.0,1.0,-700,45,792.5,0.699611728964922,0.102681199324473,-0.102681199324473,0.699611728964922;
racing,killcuboid,1,10.4403065089105,10,-715,45,742.5,0.699611728964922,0.102681199324473,-0.102681199324473,0.699611728964922;
custom,cuboid,brick1,1.5,1.5,10,0,0,1,0,1.0,1.0,0,45,830,0.513199454737535,0.48644251423688,-0.48644251423688,0.513199454737535;
racing,killcuboid,1,70.1003744640498,10,-350,45,811.25,0.513199454737535,0.48644251423688,-0.48644251423688,0.513199454737535;
custom,cuboid,brick1,1.5,1.5,10,0,0,1,0,1.0,1.0,700,45,792.5,0.48644251423688,0.513199454737535,-0.513199454737535,0.48644251423688;
racing,killcuboid,1,70.1003744640498,10,350,45,811.25,0.48644251423688,0.513199454737535,-0.513199454737535,0.48644251423688;
custom,cuboid,brick1,1.5,1.5,10,0,0,1,0,1.0,1.0,-330,45,200,4.33155390213053E-17,0.707106781186548,-0.707106781186547,4.33155390213053E-17;
custom,cuboid,brick1,1.5,1.5,10,0,0,1,0,1.0,1.0,-330,45,0,4.33155390213053E-17,0.707106781186548,-0.707106781186547,4.33155390213053E-17;
racing,killcuboid,1,20,10,-330,45,100,4.33155390213053E-17,0.707106781186548,-0.707106781186547,4.33155390213053E-17;
custom,cuboid,brick1,1.5,1.5,10,0,0,1,0,1.0,1.0,-430,45,-170,-0.185786022645832,0.682263551561596,-0.682263551561596,-0.185786022645832;
racing,killcuboid,1,19.723082923316,10,-380,45,-85,-0.185786022645832,0.682263551561596,-0.682263551561596,-0.185786022645832;
custom,cuboid,brick1,1.5,1.5,10,0,0,1,0,1.0,1.0,-340,45,-450,0.109511915692695,0.69857507851434,-0.69857507851434,0.109511915692695;
racing,killcuboid,1,29.4108823397055,10,-385,45,-310,0.109511915692695,0.69857507851434,-0.69857507851434,0.109511915692695;
custom,cuboid,brick1,1.5,1.5,10,0,0,1,0,1.0,1.0,-390,45,-700,-0.0696766178661819,0.70366552347172,-0.70366552347172,-0.0696766178661819;
racing,killcuboid,1,25.4950975679639,10,-365,45,-575,-0.0696766178661819,0.70366552347172,-0.70366552347172,-0.0696766178661819;
custom,cuboid,brick1,1.5,1.5,10,0,0,1,0,1.0,1.0,-590,45,-800,-0.371748034460184,0.601500955007546,-0.601500955007546,-0.371748034460184;
racing,killcuboid,1,22.3606797749979,10,-490,45,-750,-0.371748034460184,0.601500955007546,-0.601500955007546,-0.371748034460184;
custom,cuboid,brick1,1.5,1.5,10,0,0,1,0,1.0,1.0,-720,45,-750,0.582876290328589,-0.400318910586026,0.400318910586026,0.582876290328589;
racing,killcuboid,1,13.9283882771841,10,-655,45,-775,0.582876290328589,-0.400318910586026,0.400318910586026,0.582876290328589;
custom,cuboid,brick1,1.5,1.5,10,0,0,1,0,1.0,1.0,-720,45,-650,0.707106781186547,0,0,0.707106781186548;
racing,killcuboid,1,10,10,-720,45,-700,0.707106781186547,0,0,0.707106781186548;
custom,cuboid,brick1,1.5,1.5,10,0,0,1,0,1.0,1.0,-550,45,-350,0.683743772521661,0.180262179998598,-0.180262179998598,0.683743772521661;
racing,killcuboid,1,34.4818792991333,10,-635,45,-500,0.683743772521661,0.180262179998598,-0.180262179998598,0.683743772521661;
custom,cuboid,brick1,1.5,1.5,10,0,0,1,0,1.0,1.0,-650,45,0,0.70027208063024,-0.0980765674857873,0.0980765674857873,0.70027208063024;
racing,killcuboid,1,36.4005494464026,10,-600,45,-175,0.70027208063024,-0.0980765674857873,0.0980765674857873,0.70027208063024;
custom,cuboid,brick1,1.5,1.5,10,0,0,1,0,1.0,1.0,-650,45,400,0.707106781186547,0,0,0.707106781186548;
racing,killcuboid,1,40,10,-650,45,200,0.707106781186547,0,0,0.707106781186548;
custom,cuboid,brick1,1.5,1.5,10,0,0,1,0,1.0,1.0,-550,45,692.5,0.697536584440874,0.115942715884004,-0.115942715884004,0.697536584440875;
racing,killcuboid,1,30.9121739772537,10,-600,45,546.25,0.697536584440874,0.115942715884004,-0.115942715884004,0.697536584440875;
custom,cuboid,brick1,1.5,1.5,10,0,0,1,0,1.0,1.0,700,45,692.5,0.5,0.5,-0.5,0.5;
racing,killcuboid,1,125,10,75,45,692.5,0.5,0.5,-0.5,0.5;
racing,killcuboid,200.1,5.1,200.1,0,-24,0,0,1,0,0;
racing,killcuboid,1.1,10.1,10.1,45,45,-850,0,1,0,0;
racing,killcuboid,2.1,10.1,10.1,40,45,-750,0,1,0,0;
racing,killcuboid,3.1,10.1,10.1,35,45,-650,0,1,0,0;
racing,killcuboid,4.1,10.1,10.1,30,45,-550,0,1,0,0;
racing,killcuboid,4.6,10.1,10.1,27.5,45,-450,0,1,0,0;
racing,killcuboid,1.1,10.1,10.1,-45,45,-850,0,1,0,0;
racing,killcuboid,2.1,10.1,10.1,-40,45,-750,0,1,0,0;
racing,killcuboid,3.1,10.1,10.1,-35,45,-650,0,1,0,0;
racing,killcuboid,4.1,10.1,10.1,-30,45,-550,0,1,0,0;
racing,killcuboid,4.6,10.1,10.1,-27.5,45,-450,0,1,0,0;
racing,killcuboid,1.1,4.1,1.1,0,75,-405,0,1,0,0;
racing,killcuboid,1.1,4.1,1.1,0,15,-405,0,1,0,0;
racing,killtube,2.9,9.9,2.9,0,45,-370,0,1,1,0;
racing,killtube,3.4,9.9,3.4,0,45,-300,0,1,1,0;
racing,killtube,3.9,9.9,3.9,0,45,-230,0,1,1,0;
racing,killtube,4.4,9.9,4.4,0,45,-160,0,1,1,0;
racing,killtube,4.9,9.9,4.9,0,45,-90,0,1,1,0;
17343;
racing,killtube,5.4,9.9,5.4,0,45,-20,0,1,1,0;
racing,killtube,5.9,9.9,5.9,0,45,50,0,1,1,0;
racing,killtube,6.4,9.9,6.4,0,45,120,0,1,1,0;
racing,killtube,6.9,9.9,6.9,0,45,190,0,1,1,0;
racing,killtube,6.9,4.35,6.9,-45,195,392.5,0,1,0,0;
racing,killtube,6.9,4.35,6.9,-50,221.04722665004,390.221162951831,0,1,-0.087488663525924,0;
racing,killtube,6.9,4.35,6.9,-55,246.30302149885,383.453893117886,0,1,-0.176326980708465,0;
racing,killtube,6.9,4.35,6.9,-60,270,372.403810567666,0,1,-0.267949192431123,0;
racing,killtube,6.9,4.35,6.9,-65,291.418141452981,357.406666467847,0,1,-0.363970234266202,0;
racing,killtube,6.9,4.35,6.9,-70,309.906666467847,338.918141452981,0,1,-0.466307658154999,0;
racing,killtube,6.9,4.35,6.9,-75,324.903810567666,317.5,0,1,-0.577350269189626,0;
racing,killtube,6.9,4.35,6.9,-80,335.953893117886,293.80302149885,0,1,-0.70020753820971,0;
racing,killtube,6.9,4.35,6.9,-85,342.721162951831,268.54722665004,0,1,-0.83909963117728,0;
racing,killtube,6.9,4.35,6.9,-90,345,242.5,0,1,-1,0;
racing,killtube,6.9,4.35,6.9,-95,342.721162951831,216.45277334996,0,1,-1.19175359259421,0;
racing,killtube,6.9,4.35,6.9,-100,335.953893117886,191.19697850115,0,1,-1.42814800674211,0;
racing,killtube,6.9,4.35,6.9,-105,324.903810567666,167.5,0,1,-1.73205080756888,0;
racing,killtube,6.9,4.35,6.9,-110,309.906666467847,146.081858547019,0,1,-2.14450692050956,0;
racing,killtube,6.9,4.35,6.9,-115,291.418141452981,127.593333532153,0,1,-2.74747741945462,0;
racing,killtube,6.9,4.35,6.9,-120,270,112.596189432334,0,1,-3.73205080756888,0;
racing,killtube,6.9,4.35,6.9,-125,246.30302149885,101.546106882114,0,1,-5.67128181961771,0;
racing,killtube,6.9,4.35,6.9,-130,221.04722665004,94.7788370481688,0,1,-11.4300523027613,0;
racing,killtube,6.9,4.35,6.9,-135,195,92.5,0,1,-16324552277619100,0;
racing,killtube,6.9,4.35,6.9,-140,168.95277334996,94.7788370481688,0,1,11.4300523027613,0;
racing,killtube,6.9,4.35,6.9,-145,143.69697850115,101.546106882114,0,1,5.67128181961771,0;
racing,killtube,6.9,4.35,6.9,-150,120,112.596189432334,0,1,3.73205080756888,0;
racing,killtube,6.9,4.35,6.9,-155,98.5818585470191,127.593333532153,0,1,2.74747741945462,0;
racing,killtube,6.9,4.35,6.9,-160,80.0933335321533,146.081858547019,0,1,2.14450692050956,0;
racing,killtube,6.9,4.35,6.9,-165,65.0961894323343,167.5,0,1,1.73205080756888,0;
racing,killtube,6.9,4.35,6.9,-170,54.0461068821137,191.19697850115,0,1,1.42814800674211,0;
racing,killtube,6.9,4.35,6.9,-175,47.2788370481688,216.45277334996,0,1,1.19175359259421,0;
racing,killtube,6.9,4.35,6.9,-180,45,242.5,0,1,1,0;
racing,killtube,6.9,4.35,6.9,-5,47.2788370481688,268.547226650039,0,1,0.83909963117728,0;
racing,killtube,6.9,4.35,6.9,-10,54.0461068821137,293.80302149885,0,1,0.70020753820971,0;
racing,killtube,6.9,4.35,6.9,-15,65.0961894323342,317.5,0,1,0.577350269189626,0;
racing,killtube,6.9,4.35,6.9,-20,80.0933335321533,338.918141452981,0,1,0.466307658154999,0;
racing,killtube,6.9,4.35,6.9,-25,98.5818585470191,357.406666467847,0,1,0.363970234266203,0;
racing,killtube,6.9,4.35,6.9,-30,120,372.403810567666,0,1,0.267949192431123,0;
racing,killtube,6.9,4.35,6.9,-35,143.69697850115,383.453893117886,0,1,0.176326980708465,0;
racing,killtube,6.9,4.35,6.9,-40,168.95277334996,390.221162951831,0,1,0.087488663525924,0;
racing,killtube,6.9,4.35,6.9,0,45,242.5,0,1,1,0;
racing,killtube,6.9,4.35,6.9,-180,45,242.5,0,1,1,0;
racing,killcuboid,8.1,2.1,1.1,-180,85,240,0,1,0,0;
racing,killcuboid,6.9482014957265,10.1,2.1,120,45,492.5,0,1,0,0;
racing,killcuboid,6.9482014957265,10.1,2.1,184.70476127563,45,483.981456572267,0,1,0,-0.131652497587396;
racing,killcuboid,6.9482014957265,10.1,2.1,245,45,459.00635094611,0,1,0,-0.267949192431123;
racing,killcuboid,6.9482014957265,10.1,2.1,296.776695296637,45,419.276695296637,0,1,0,-0.414213562373095;
racing,killcuboid,6.9482014957265,10.1,2.1,336.50635094611,45,367.5,0,1,0,-0.577350269189626;
racing,killcuboid,6.9482014957265,10.1,2.1,361.481456572267,45,307.20476127563,0,1,0,-0.76732698797896;
racing,killcuboid,9.63190171,10.1,2.1,370,45,242.5,0,1,0,-1;
racing,killcuboid,6.9482014957265,10.1,2.1,-130,45,242.5,0,1,0,1;
racing,killcuboid,6.9482014957265,10.1,2.1,-121.481456572267,45,307.20476127563,0,1,0,0.767326987978961;
racing,killcuboid,6.9482014957265,10.1,2.1,-96.5063509461096,45,367.5,0,1,0,0.577350269189626;
racing,killcuboid,6.9482014957265,10.1,2.1,-56.7766952966369,45,419.276695296637,0,1,0,0.414213562373095;
racing,killcuboid,6.9482014957265,10.1,2.1,-5.00000000000011,45,459.00635094611,0,1,0,0.267949192431123;
racing,killcuboid,6.9482014957265,10.1,2.1,55.2952387243698,45,483.981456572267,0,1,0,0.131652497587396;
racing,killcuboid,9.63324423076923,10.1,2.1,120,45,592.5,0,1,0,0;
racing,killcuboid,9.63324423076923,10.1,2.1,210.586665785882,45,580.574039201174,0,1,0,-0.131652497587396;
racing,killcuboid,9.63324423076923,10.1,2.1,295,45,545.608891324553,0,1,0,-0.267949192431123;
racing,killcuboid,9.63324423076923,10.1,2.1,367.487373415292,45,489.987373415292,0,1,0,-0.414213562373095;
racing,killcuboid,9.63324423076923,10.1,2.1,423.108891324553,45,417.5,0,1,0,-0.577350269189626;
racing,killcuboid,9.63324423076923,10.1,2.1,458.074039201174,45,333.086665785882,0,1,0,-0.76732698797896;
racing,killcuboid,9.63324423076923,10.1,2.1,470,45,242.5,0,1,0,-1;
racing,killcuboid,9.63324423076923,10.1,2.1,-230,45,242.5,0,1,0,1;
racing,killcuboid,9.63324423076923,10.1,2.1,-218.074039201174,45,333.086665785882,0,1,0,0.767326987978961;
racing,killcuboid,9.63324423076923,10.1,2.1,-183.108891324553,45,417.5,0,1,0,0.577350269189626;
racing,killcuboid,9.63324423076923,10.1,2.1,-127.487373415292,45,489.987373415292,0,1,0,0.414213562373095;
racing,killcuboid,9.63324423076923,10.1,2.1,-55.0000000000001,45,545.608891324553,0,1,0,0.267949192431123;
racing,killcuboid,9.63324423076923,10.1,2.1,29.4133342141178,45,580.574039201174,0,1,0,0.131652497587396;
racing,killcuboid,12.318286965812,10.1,2.1,120,45,692.5,0,1,0,0;
racing,killcuboid,12.318286965812,10.1,2.1,236.468570296134,45,677.166621830081,0,1,0,-0.131652497587396;
racing,killcuboid,12.318286965812,10.1,2.1,345,45,632.211431702997,0,1,0,-0.267949192431123;
racing,killcuboid,12.318286965812,10.1,2.1,438.198051533946,45,560.698051533946,0,1,0,-0.414213562373095;
racing,killcuboid,12.318286965812,10.1,2.1,509.711431702997,45,467.5,0,1,0,-0.577350269189626;
racing,killcuboid,14.1,10.1,2.1,554.666621830081,45,358.968570296134,0,1,0,-0.76732698797896;
racing,killcuboid,12.318286965812,10.1,2.1,570,45,242.5,0,1,0,-1;
racing,killcuboid,9.43190171,10.1,2.1,-330,45,242.5,0,1,0,1;
racing,killcuboid,14.1,10.1,2.1,-314.666621830081,45,358.968570296134,0,1,0,0.767326987978961;
racing,killcuboid,12.318286965812,10.1,2.1,-269.711431702997,45,467.5,0,1,0,0.577350269189626;
racing,killcuboid,12.318286965812,10.1,2.1,-198.198051533946,45,560.698051533946,0,1,0,0.414213562373095;
racing,killcuboid,12.318286965812,10.1,2.1,-105,45,632.211431702997,0,1,0,0.267949192431123;
racing,killcuboid,12.318286965812,10.1,2.1,3.5314297038657,45,677.166621830081,0,1,0,0.131652497587396;
racing,killcuboid,1.1,10.1,75.1,470,45,-180,0,1,0,0;
racing,killcuboid,1.1,10.1,85.1,370,45,-230,0,1,0,0;
racing,killcuboid,1.1,10.1,85.1,570,45,-230,0,1,0,0;
racing,killcuboid,20.1,10.1,1.1,470,45,-650,0,1,0,0;
racing,killcuboid,10.1,5.1,1.1,420,70,145,0,1,0,0;
racing,killcuboid,10.1,5.1,1.1,420,25,45,0,1,0,0;
racing,killcuboid,10.1,2.1,1.1,420,5,-55,0,1,0,0;
racing,killcuboid,10.1,2.1,1.1,420,45,-55,0,1,0,0;
racing,killcuboid,10.1,2.1,1.1,420,85,-55,0,1,0,0;
racing,killcuboid,4.1,10.1,1.1,420,45,-155,0,1,0,0;
racing,killcuboid,10.1,4.1,1.1,420,45,-155,0,1,0,0;
racing,killcuboid,4.1,10.1,1.1,420,45,-255,0.5,1,0,0;
racing,killcuboid,4.1,10.1,1.1,420,45,-255,-0.5,1,0,0;
racing,killcuboid,10.1,2.1,1.1,420,5,-455,0,1,0,0;
racing,killcuboid,10.1,3.1,1.1,420,45,-455,0,1,0,0;
racing,killcuboid,10.1,2.1,1.1,420,85,-455,0,1,0,0;
racing,killcuboid,10.1,2.1,1.1,520,5,-455,0,1,0,0;
racing,killcuboid,10.1,3.1,1.1,520,45,-455,0,1,0,0;
50703;
racing,killcuboid,10.1,2.1,1.1,520,85,-455,0,1,0,0;
racing,killcylinder,7.1,5.1,7.1,535,45,-255,0,1,0,0;
racing,killcylinder,7.1,5.1,7.1,505,45,-155,0,1,0,0;
racing,killcuboid,10.1,5.1,1.1,520,45,-55,0,1,0,0;
racing,killcuboid,7.6,10.1,1.1,510,45,45,0,1,0,0;
racing,killcuboid,7.6,10.1,1.1,530,45,145,0,1,0,0;
racing,killcuboid,1,10,10,45,45,-950,0,1,0,0;
racing,killcuboid,1,10,10,-45,45,-950,0,1,0,0;
custom,cuboid,brick2,200,10,1,0,0,0,0,150,1,0,45,995,0,1,0,0;
custom,cuboid,brick2,200,10,1,0,0,0,0,150,1,0,45,-995,0,1,0,0;
custom,cuboid,brick2,1,10,200,0,0,0,0,150,1,995,45,0,0,1,0,0;
custom,cuboid,brick2,1,10,200,0,0,0,0,150,1,-995,45,0,0,1,0,0;
custom,cuboid,metal4,15,1,20,0,0,0,0,15,15,850,1,745,0,1,0,0;
custom,cuboid,metal4,5,10,20,0,0,0,0,15,15,900,45,745,0,1,0,0;
custom,killcuboid,bombexplosiontex,0,5,20,1,1,1,1,1,1,874.8,50,745,0,1,0,0;
custom,killcuboid,bombexplosiontex,0,5,15,1,1,1,1,1,1,874.8,50,745,0,1,0.3,0;
custom,killcuboid,bombexplosiontex,0,5,15,1,1,1,1,1,1,874.8,50,745,0,1,-0.3,0;
custom,killcuboid,bombexplosiontex,0,5,8,1,1,1,1,1,1,874.8,50,745,0,1,1,0;
custom,killcuboid,bombexplosiontex,0,4,4,1,0.9,0.9,0.9,1,1,874.8,50,745,0,1,0,0;
custom,killcuboid,bombexplosiontex,0,2,2,1,0.8,0.8,0.8,1,1,874.8,50,745,0,1,0,0;
custom,cuboid,default,0.0782609,0.1,0.1,1,1,1,1,1,1,875,62,793.6086957,0,0.7071068,0,-0.7071068;
custom,cuboid,default,0.0782609,0.1,0.1,1,0.9,1,1,1,1,875,62,792.826087,0,0.7071068,0,-0.7071068;
custom,cuboid,default,0.0782609,0.1,0.1,1,0.8,1,1,1,1,875,62,792.0434783,0,0.7071068,0,-0.7071068;
custom,cuboid,default,0.0782609,0.1,0.1,1,0.6,1,1,1,1,875,61,792.826087,0,0.7071068,0,-0.7071068;
custom,cuboid,default,0.0782609,0.1,0.1,1,0.3,1,1,1,1,875,60,792.826087,0,0.7071068,0,-0.7071068;
custom,cuboid,default,0.0782609,0.1,0.1,1,0,1,1,1,1,875,59,792.826087,0,0.7071068,0,-0.7071068;
custom,cuboid,default,0.0782609,0.1,0.1,1,-0.3,1,1,1,1,875,58,792.826087,0,0.7071068,0,-0.7071068;
custom,cuboid,default,0.0782609,0.1,0.1,1,1,1,1,1,1,875,62,789.2608696,0,0.7071068,0,-0.7071068;
custom,cuboid,default,0.0782609,0.1,0.1,1,0.8,1,1,1,1,875,62,787.6956522,0,0.7071068,0,-0.7071068;
custom,cuboid,default,0.0782609,0.1,0.1,1,0.7,1,1,1,1,875,61,789.2608696,0,0.7071068,0,-0.7071068;
custom,cuboid,default,0.0782609,0.1,0.1,1,0.5,1,1,1,1,875,61,787.6956522,0,0.7071068,0,-0.7071068;
custom,cuboid,default,0.0782609,0.1,0.1,1,0.4,1,1,1,1,875,60,789.2608696,0,0.7071068,0,-0.7071068;
custom,cuboid,default,0.0782609,0.1,0.1,1,0.3,1,1,1,1,875,60,788.4782609,0,0.7071068,0,-0.7071068;
custom,cuboid,default,0.0782609,0.1,0.1,1,0.2,1,1,1,1,875,60,787.6956522,0,0.7071068,0,-0.7071068;
custom,cuboid,default,0.0782609,0.1,0.1,1,0.1,1,1,1,1,875,59,789.2608696,0,0.7071068,0,-0.7071068;
custom,cuboid,default,0.0782609,0.1,0.1,1,-0.1,1,1,1,1,875,59,787.6956522,0,0.7071068,0,-0.7071068;
custom,cuboid,default,0.0782609,0.1,0.1,1,-0.2,1,1,1,1,875,58,789.2608696,0,0.7071068,0,-0.7071068;
custom,cuboid,default,0.0782609,0.1,0.1,1,-0.4,1,1,1,1,875,58,787.6956522,0,0.7071068,0,-0.7071068;
custom,cuboid,default,0.0782609,0.1,0.1,1,1,1,1,1,1,875,62,784.9130435,0,0.7071068,0,-0.7071068;
custom,cuboid,default,0.0782609,0.1,0.1,1,0.8,1,1,1,1,875,62,783.3478261,0,0.7071068,0,-0.7071068;
custom,cuboid,default,0.0782609,0.1,0.1,1,0.7,1,1,1,1,875,61,784.9130435,0,0.7071068,0,-0.7071068;
custom,cuboid,default,0.0782609,0.1,0.1,1,0.5,1,1,1,1,875,61,783.3478261,0,0.7071068,0,-0.7071068;
custom,cuboid,default,0.0782609,0.1,0.1,1,0.3,1,1,1,1,875,60,784.1304348,0,0.7071068,0,-0.7071068;
custom,cuboid,default,0.0782609,0.1,0.1,1,0.1,1,1,1,1,875,59,784.9130435,0,0.7071068,0,-0.7071068;
custom,cuboid,default,0.0782609,0.1,0.1,1,-0.1,1,1,1,1,875,59,783.3478261,0,0.7071068,0,-0.7071068;
custom,cuboid,default,0.0782609,0.1,0.1,1,-0.2,1,1,1,1,875,58,784.9130435,0,0.7071068,0,-0.7071068;
custom,cuboid,default,0.0782609,0.1,0.1,1,-0.4,1,1,1,1,875,58,783.3478261,0,0.7071068,0,-0.7071068;
custom,cuboid,default,0.0782609,0.1,0.1,1,1,1,1,1,1,875,62,776.2173913,0,0.7071068,0,-0.7071068;
custom,cuboid,default,0.0782609,0.1,0.1,1,0.9,1,1,1,1,875,62,775.4347826,0,0.7071068,0,-0.7071068;
custom,cuboid,default,0.0782609,0.1,0.1,1,0.8,1,1,1,1,875,62,774.6521739,0,0.7071068,0,-0.7071068;
custom,cuboid,default,0.0782609,0.1,0.1,1,0.7,1,1,1,1,875,61,776.2173913,0,0.7071068,0,-0.7071068;
custom,cuboid,default,0.0782609,0.1,0.1,1,0.4,1,1,1,1,875,60,776.2173913,0,0.7071068,0,-0.7071068;
custom,cuboid,default,0.0782609,0.1,0.1,1,0.3,1,1,1,1,875,60,775.4347826,0,0.7071068,0,-0.7071068;
custom,cuboid,default,0.0782609,0.1,0.1,1,0.1,1,1,1,1,875,59,776.2173913,0,0.7071068,0,-0.7071068;
custom,cuboid,default,0.0782609,0.1,0.1,1,-0.2,1,1,1,1,875,58,776.2173913,0,0.7071068,0,-0.7071068;
custom,cuboid,default,0.0782609,0.1,0.1,1,1,1,1,1,1,875,62,771.8695652,0,0.7071068,0,-0.7071068;
custom,cuboid,default,0.0782609,0.1,0.1,1,0.9,1,1,1,1,875,62,771.0869565,0,0.7071068,0,-0.7071068;
custom,cuboid,default,0.0782609,0.1,0.1,1,0.8,1,1,1,1,875,62,770.3043478,0,0.7071068,0,-0.7071068;
custom,cuboid,default,0.0782609,0.1,0.1,1,0.7,1,1,1,1,875,61,771.8695652,0,0.7071068,0,-0.7071068;
custom,cuboid,default,0.0782609,0.1,0.1,1,0.5,1,1,1,1,875,61,770.3043478,0,0.7071068,0,-0.7071068;
custom,cuboid,default,0.0782609,0.1,0.1,1,0.4,1,1,1,1,875,60,771.8695652,0,0.7071068,0,-0.7071068;
custom,cuboid,default,0.0782609,0.1,0.1,1,0.2,1,1,1,1,875,60,770.3043478,0,0.7071068,0,-0.7071068;
custom,cuboid,default,0.0782609,0.1,0.1,1,0.1,1,1,1,1,875,59,771.8695652,0,0.7071068,0,-0.7071068;
custom,cuboid,default,0.0782609,0.1,0.1,1,-0.1,1,1,1,1,875,59,770.3043478,0,0.7071068,0,-0.7071068;
custom,cuboid,default,0.0782609,0.1,0.1,1,-0.2,1,1,1,1,875,58,771.8695652,0,0.7071068,0,-0.7071068;
custom,cuboid,default,0.0782609,0.1,0.1,1,-0.3,1,1,1,1,875,58,771.0869565,0,0.7071068,0,-0.7071068;
custom,cuboid,default,0.0782609,0.1,0.1,1,-0.4,1,1,1,1,875,58,770.3043478,0,0.7071068,0,-0.7071068;
custom,cuboid,default,0.0782609,0.1,0.1,1,1,1,1,1,1,875,62,767.5217391,0,0.7071068,0,-0.7071068;
custom,cuboid,default,0.0782609,0.1,0.1,1,0.9,1,1,1,1,875,62,766.7391304,0,0.7071068,0,-0.7071068;
custom,cuboid,default,0.0782609,0.1,0.1,1,0.8,1,1,1,1,875,62,765.9565217,0,0.7071068,0,-0.7071068;
custom,cuboid,default,0.0782609,0.1,0.1,1,0.7,1,1,1,1,875,61,767.5217391,0,0.7071068,0,-0.7071068;
custom,cuboid,default,0.0782609,0.1,0.1,1,0.5,1,1,1,1,875,61,765.9565217,0,0.7071068,0,-0.7071068;
custom,cuboid,default,0.0782609,0.1,0.1,1,0.4,1,1,1,1,875,60,767.5217391,0,0.7071068,0,-0.7071068;
custom,cuboid,default,0.0782609,0.1,0.1,1,0.3,1,1,1,1,875,60,766.7391304,0,0.7071068,0,-0.7071068;
custom,cuboid,default,0.0782609,0.1,0.1,1,0.2,1,1,1,1,875,60,765.9565217,0,0.7071068,0,-0.7071068;
custom,cuboid,default,0.0782609,0.1,0.1,1,0.1,1,1,1,1,875,59,767.5217391,0,0.7071068,0,-0.7071068;
custom,cuboid,default,0.0782609,0.1,0.1,1,0,1,1,1,1,875,59,766.7391304,0,0.7071068,0,-0.7071068;
custom,cuboid,default,0.0782609,0.1,0.1,1,-0.2,1,1,1,1,875,58,767.5217391,0,0.7071068,0,-0.7071068;
custom,cuboid,default,0.0782609,0.1,0.1,1,-0.4,1,1,1,1,875,58,765.9565217,0,0.7071068,0,-0.7071068;
custom,cuboid,default,0.0782609,0.1,0.1,1,1,1,1,1,1,875,62,758.826087,0,0.7071068,0,-0.7071068;
custom,cuboid,default,0.0782609,0.1,0.1,1,0.9,1,1,1,1,875,62,758.0434783,0,0.7071068,0,-0.7071068;
custom,cuboid,default,0.0782609,0.1,0.1,1,0.8,1,1,1,1,875,62,757.2608696,0,0.7071068,0,-0.7071068;
custom,cuboid,default,0.0782609,0.1,0.1,1,0.7,1,1,1,1,875,61,758.826087,0,0.7071068,0,-0.7071068;
custom,cuboid,default,0.0782609,0.1,0.1,1,0.5,1,1,1,1,875,61,757.2608696,0,0.7071068,0,-0.7071068;
custom,cuboid,default,0.0782609,0.1,0.1,1,0.4,1,1,1,1,875,60,758.826087,0,0.7071068,0,-0.7071068;
custom,cuboid,default,0.0782609,0.1,0.1,1,0.3,1,1,1,1,875,60,758.0434783,0,0.7071068,0,-0.7071068;
custom,cuboid,default,0.0782609,0.1,0.1,1,0.2,1,1,1,1,875,60,757.2608696,0,0.7071068,0,-0.7071068;
custom,cuboid,default,0.0782609,0.1,0.1,1,0.1,1,1,1,1,875,59,758.826087,0,0.7071068,0,-0.7071068;
custom,cuboid,default,0.0782609,0.1,0.1,1,-0.2,1,1,1,1,875,58,758.826087,0,0.7071068,0,-0.7071068;
custom,cuboid,default,0.0782609,0.1,0.1,1,1,1,1,1,1,875,62,754.4782609,0,0.7071068,0,-0.7071068;
custom,cuboid,default,0.0782609,0.1,0.1,1,0.7,1,1,1,1,875,61,754.4782609,0,0.7071068,0,-0.7071068;
custom,cuboid,default,0.0782609,0.1,0.1,1,0.4,1,1,1,1,875,60,754.4782609,0,0.7071068,0,-0.7071068;
custom,cuboid,default,0.0782609,0.1,0.1,1,0.1,1,1,1,1,875,59,754.4782609,0,0.7071068,0,-0.7071068;
custom,cuboid,default,0.0782609,0.1,0.1,1,-0.2,1,1,1,1,875,58,754.4782609,0,0.7071068,0,-0.7071068;
custom,cuboid,default,0.0782609,0.1,0.1,1,-0.3,1,1,1,1,875,58,753.6956522,0,0.7071068,0,-0.7071068;
custom,cuboid,default,0.0782609,0.1,0.1,1,-0.4,1,1,1,1,875,58,752.9130435,0,0.7071068,0,-0.7071068;
custom,cuboid,default,0.0782609,0.1,0.1,1,1,1,1,1,1,875,62,750.1304348,0,0.7071068,0,-0.7071068;
custom,cuboid,default,0.0782609,0.1,0.1,1,0.9,1,1,1,1,875,62,749.3478261,0,0.7071068,0,-0.7071068;
custom,cuboid,default,0.0782609,0.1,0.1,1,0.8,1,1,1,1,875,62,748.5652174,0,0.7071068,0,-0.7071068;
custom,cuboid,default,0.0782609,0.1,0.1,1,0.7,1,1,1,1,875,61,750.1304348,0,0.7071068,0,-0.7071068;
83425;
custom,cuboid,default,0.0782609,0.1,0.1,1,0.5,1,1,1,1,875,61,748.5652174,0,0.7071068,0,-0.7071068;
custom,cuboid,default,0.0782609,0.1,0.1,1,0.4,1,1,1,1,875,60,750.1304348,0,0.7071068,0,-0.7071068;
custom,cuboid,default,0.0782609,0.1,0.1,1,0.3,1,1,1,1,875,60,749.3478261,0,0.7071068,0,-0.7071068;
custom,cuboid,default,0.0782609,0.1,0.1,1,0.2,1,1,1,1,875,60,748.5652174,0,0.7071068,0,-0.7071068;
custom,cuboid,default,0.0782609,0.1,0.1,1,0.1,1,1,1,1,875,59,750.1304348,0,0.7071068,0,-0.7071068;
custom,cuboid,default,0.0782609,0.1,0.1,1,-0.1,1,1,1,1,875,59,748.5652174,0,0.7071068,0,-0.7071068;
custom,cuboid,default,0.0782609,0.1,0.1,1,-0.2,1,1,1,1,875,58,750.1304348,0,0.7071068,0,-0.7071068;
custom,cuboid,default,0.0782609,0.1,0.1,1,-0.4,1,1,1,1,875,58,748.5652174,0,0.7071068,0,-0.7071068;
custom,cuboid,default,0.0782609,0.1,0.1,1,1,1,1,1,1,875,62,745.7826087,0,0.7071068,0,-0.7071068;
custom,cuboid,default,0.0782609,0.1,0.1,1,0.8,1,1,1,1,875,62,744.2173913,0,0.7071068,0,-0.7071068;
custom,cuboid,default,0.0782609,0.1,0.1,1,0.7,1,1,1,1,875,61,745.7826087,0,0.7071068,0,-0.7071068;
custom,cuboid,default,0.0782609,0.1,0.1,1,0.5,1,1,1,1,875,61,744.2173913,0,0.7071068,0,-0.7071068;
custom,cuboid,default,0.0782609,0.1,0.1,1,0.4,1,1,1,1,875,60,745.7826087,0,0.7071068,0,-0.7071068;
custom,cuboid,default,0.0782609,0.1,0.1,1,0.2,1,1,1,1,875,60,744.2173913,0,0.7071068,0,-0.7071068;
custom,cuboid,default,0.0782609,0.1,0.1,1,0,1,1,1,1,875,59,745,0,0.7071068,0,-0.7071068;
custom,cuboid,default,0.0782609,0.1,0.1,1,-0.3,1,1,1,1,875,58,745,0,0.7071068,0,-0.7071068;
custom,cuboid,default,0.0782609,0.1,0.1,1,1,1,1,1,1,875,62,741.4347826,0,0.7071068,0,-0.7071068;
custom,cuboid,default,0.0782609,0.1,0.1,1,0.9,1,1,1,1,875,62,740.6521739,0,0.7071068,0,-0.7071068;
custom,cuboid,default,0.0782609,0.1,0.1,1,0.8,1,1,1,1,875,62,739.8695652,0,0.7071068,0,-0.7071068;
custom,cuboid,default,0.0782609,0.1,0.1,1,0.6,1,1,1,1,875,61,740.6521739,0,0.7071068,0,-0.7071068;
custom,cuboid,default,0.0782609,0.1,0.1,1,0.3,1,1,1,1,875,60,740.6521739,0,0.7071068,0,-0.7071068;
custom,cuboid,default,0.0782609,0.1,0.1,1,0,1,1,1,1,875,59,740.6521739,0,0.7071068,0,-0.7071068;
custom,cuboid,default,0.0782609,0.1,0.1,1,-0.2,1,1,1,1,875,58,741.4347826,0,0.7071068,0,-0.7071068;
custom,cuboid,default,0.0782609,0.1,0.1,1,-0.3,1,1,1,1,875,58,740.6521739,0,0.7071068,0,-0.7071068;
custom,cuboid,default,0.0782609,0.1,0.1,1,-0.4,1,1,1,1,875,58,739.8695652,0,0.7071068,0,-0.7071068;
custom,cuboid,default,0.0782609,0.1,0.1,1,1,1,1,1,1,875,62,737.0869565,0,0.7071068,0,-0.7071068;
custom,cuboid,default,0.0782609,0.1,0.1,1,0.8,1,1,1,1,875,62,735.5217391,0,0.7071068,0,-0.7071068;
custom,cuboid,default,0.0782609,0.1,0.1,1,0.7,1,1,1,1,875,61,737.0869565,0,0.7071068,0,-0.7071068;
custom,cuboid,default,0.0782609,0.1,0.1,1,0.6,1,1,1,1,875,61,736.3043478,0,0.7071068,0,-0.7071068;
custom,cuboid,default,0.0782609,0.1,0.1,1,0.5,1,1,1,1,875,61,735.5217391,0,0.7071068,0,-0.7071068;
custom,cuboid,default,0.0782609,0.1,0.1,1,0.4,1,1,1,1,875,60,737.0869565,0,0.7071068,0,-0.7071068;
custom,cuboid,default,0.0782609,0.1,0.1,1,0.3,1,1,1,1,875,60,736.3043478,0,0.7071068,0,-0.7071068;
custom,cuboid,default,0.0782609,0.1,0.1,1,0.2,1,1,1,1,875,60,735.5217391,0,0.7071068,0,-0.7071068;
custom,cuboid,default,0.0782609,0.1,0.1,1,0.1,1,1,1,1,875,59,737.0869565,0,0.7071068,0,-0.7071068;
custom,cuboid,default,0.0782609,0.1,0.1,1,0,1,1,1,1,875,59,736.3043478,0,0.7071068,0,-0.7071068;
custom,cuboid,default,0.0782609,0.1,0.1,1,-0.1,1,1,1,1,875,59,735.5217391,0,0.7071068,0,-0.7071068;
custom,cuboid,default,0.0782609,0.1,0.1,1,-0.2,1,1,1,1,875,58,737.0869565,0,0.7071068,0,-0.7071068;
custom,cuboid,default,0.0782609,0.1,0.1,1,-0.4,1,1,1,1,875,58,735.5217391,0,0.7071068,0,-0.7071068;
custom,cuboid,default,0.0782609,0.1,0.1,1,1,1,1,1,1,875,62,732.7391304,0,0.7071068,0,-0.7071068;
custom,cuboid,default,0.0782609,0.1,0.1,1,0.9,1,1,1,1,875,62,731.9565217,0,0.7071068,0,-0.7071068;
custom,cuboid,default,0.0782609,0.1,0.1,1,0.8,1,1,1,1,875,62,731.173913,0,0.7071068,0,-0.7071068;
custom,cuboid,default,0.0782609,0.1,0.1,1,0.7,1,1,1,1,875,61,732.7391304,0,0.7071068,0,-0.7071068;
custom,cuboid,default,0.0782609,0.1,0.1,1,0.5,1,1,1,1,875,61,731.173913,0,0.7071068,0,-0.7071068;
custom,cuboid,default,0.0782609,0.1,0.1,1,0.4,1,1,1,1,875,60,732.7391304,0,0.7071068,0,-0.7071068;
custom,cuboid,default,0.0782609,0.1,0.1,1,0.1,1,1,1,1,875,59,732.7391304,0,0.7071068,0,-0.7071068;
custom,cuboid,default,0.0782609,0.1,0.1,1,0,1,1,1,1,875,59,731.9565217,0,0.7071068,0,-0.7071068;
custom,cuboid,default,0.0782609,0.1,0.1,1,-0.1,1,1,1,1,875,59,731.173913,0,0.7071068,0,-0.7071068;
custom,cuboid,default,0.0782609,0.1,0.1,1,-0.2,1,1,1,1,875,58,732.7391304,0,0.7071068,0,-0.7071068;
custom,cuboid,default,0.0782609,0.1,0.1,1,-0.3,1,1,1,1,875,58,731.9565217,0,0.7071068,0,-0.7071068;
custom,cuboid,default,0.0782609,0.1,0.1,1,-0.4,1,1,1,1,875,58,731.173913,0,0.7071068,0,-0.7071068;
custom,cuboid,default,0.0782609,0.1,0.1,1,1,1,1,1,1,875,62,724.0434783,0,0.7071068,0,-0.7071068;
custom,cuboid,default,0.0782609,0.1,0.1,1,0.9,1,1,1,1,875,62,723.2608696,0,0.7071068,0,-0.7071068;
custom,cuboid,default,0.0782609,0.1,0.1,1,0.8,1,1,1,1,875,62,722.4782609,0,0.7071068,0,-0.7071068;
custom,cuboid,default,0.0782609,0.1,0.1,1,0.6,1,1,1,1,875,61,723.2608696,0,0.7071068,0,-0.7071068;
custom,cuboid,default,0.0782609,0.1,0.1,1,0.3,1,1,1,1,875,60,723.2608696,0,0.7071068,0,-0.7071068;
custom,cuboid,default,0.0782609,0.1,0.1,1,0,1,1,1,1,875,59,723.2608696,0,0.7071068,0,-0.7071068;
custom,cuboid,default,0.0782609,0.1,0.1,1,-0.3,1,1,1,1,875,58,723.2608696,0,0.7071068,0,-0.7071068;
custom,cuboid,default,0.0782609,0.1,0.1,1,1,1,1,1,1,875,62,719.6956522,0,0.7071068,0,-0.7071068;
custom,cuboid,default,0.0782609,0.1,0.1,1,0.8,1,1,1,1,875,62,718.1304348,0,0.7071068,0,-0.7071068;
custom,cuboid,default,0.0782609,0.1,0.1,1,0.7,1,1,1,1,875,61,719.6956522,0,0.7071068,0,-0.7071068;
custom,cuboid,default,0.0782609,0.1,0.1,1,0.5,1,1,1,1,875,61,718.1304348,0,0.7071068,0,-0.7071068;
custom,cuboid,default,0.0782609,0.1,0.1,1,0.4,1,1,1,1,875,60,719.6956522,0,0.7071068,0,-0.7071068;
custom,cuboid,default,0.0782609,0.1,0.1,1,0.3,1,1,1,1,875,60,718.9130435,0,0.7071068,0,-0.7071068;
custom,cuboid,default,0.0782609,0.1,0.1,1,0.2,1,1,1,1,875,60,718.1304348,0,0.7071068,0,-0.7071068;
custom,cuboid,default,0.0782609,0.1,0.1,1,0.1,1,1,1,1,875,59,719.6956522,0,0.7071068,0,-0.7071068;
custom,cuboid,default,0.0782609,0.1,0.1,1,-0.1,1,1,1,1,875,59,718.1304348,0,0.7071068,0,-0.7071068;
custom,cuboid,default,0.0782609,0.1,0.1,1,-0.2,1,1,1,1,875,58,719.6956522,0,0.7071068,0,-0.7071068;
custom,cuboid,default,0.0782609,0.1,0.1,1,-0.4,1,1,1,1,875,58,718.1304348,0,0.7071068,0,-0.7071068;
custom,cuboid,default,0.0782609,0.1,0.1,1,1,1,1,1,1,875,62,715.3478261,0,0.7071068,0,-0.7071068;
custom,cuboid,default,0.0782609,0.1,0.1,1,0.9,1,1,1,1,875,62,714.5652174,0,0.7071068,0,-0.7071068;
custom,cuboid,default,0.0782609,0.1,0.1,1,0.8,1,1,1,1,875,62,713.7826087,0,0.7071068,0,-0.7071068;
custom,cuboid,default,0.0782609,0.1,0.1,1,0.7,1,1,1,1,875,61,715.3478261,0,0.7071068,0,-0.7071068;
custom,cuboid,default,0.0782609,0.1,0.1,1,0.4,1,1,1,1,875,60,715.3478261,0,0.7071068,0,-0.7071068;
custom,cuboid,default,0.0782609,0.1,0.1,1,0.3,1,1,1,1,875,60,714.5652174,0,0.7071068,0,-0.7071068;
custom,cuboid,default,0.0782609,0.1,0.1,1,0.1,1,1,1,1,875,59,715.3478261,0,0.7071068,0,-0.7071068;
custom,cuboid,default,0.0782609,0.1,0.1,1,-0.2,1,1,1,1,875,58,715.3478261,0,0.7071068,0,-0.7071068;
custom,cuboid,default,0.0782609,0.1,0.1,1,-0.3,1,1,1,1,875,58,714.5652174,0,0.7071068,0,-0.7071068;
custom,cuboid,default,0.0782609,0.1,0.1,1,-0.4,1,1,1,1,875,58,713.7826087,0,0.7071068,0,-0.7071068;
custom,cuboid,default,0.0782609,0.1,0.1,1,1,1,1,1,1,875,62,706.6521739,0,0.7071068,0,-0.7071068;
custom,cuboid,default,0.0782609,0.1,0.1,1,0.8,1,1,1,1,875,62,705.0869565,0,0.7071068,0,-0.7071068;
custom,cuboid,default,0.0782609,0.1,0.1,1,0.7,1,1,1,1,875,61,706.6521739,0,0.7071068,0,-0.7071068;
custom,cuboid,default,0.0782609,0.1,0.1,1,0.6,1,1,1,1,875,61,705.8695652,0,0.7071068,0,-0.7071068;
custom,cuboid,default,0.0782609,0.1,0.1,1,0.5,1,1,1,1,875,61,705.0869565,0,0.7071068,0,-0.7071068;
custom,cuboid,default,0.0782609,0.1,0.1,1,0.4,1,1,1,1,875,60,706.6521739,0,0.7071068,0,-0.7071068;
custom,cuboid,default,0.0782609,0.1,0.1,1,0.3,1,1,1,1,875,60,705.8695652,0,0.7071068,0,-0.7071068;
custom,cuboid,default,0.0782609,0.1,0.1,1,0.2,1,1,1,1,875,60,705.0869565,0,0.7071068,0,-0.7071068;
custom,cuboid,default,0.0782609,0.1,0.1,1,0.1,1,1,1,1,875,59,706.6521739,0,0.7071068,0,-0.7071068;
custom,cuboid,default,0.0782609,0.1,0.1,1,-0.1,1,1,1,1,875,59,705.0869565,0,0.7071068,0,-0.7071068;
custom,cuboid,default,0.0782609,0.1,0.1,1,-0.2,1,1,1,1,875,58,706.6521739,0,0.7071068,0,-0.7071068;
custom,cuboid,default,0.0782609,0.1,0.1,1,-0.4,1,1,1,1,875,58,705.0869565,0,0.7071068,0,-0.7071068;
custom,cuboid,default,0.0782609,0.1,0.1,1,1,1,1,1,1,875,62,702.3043478,0,0.7071068,0,-0.7071068;
custom,cuboid,default,0.0782609,0.1,0.1,1,0.9,1,1,1,1,875,62,701.5217391,0,0.7071068,0,-0.7071068;
custom,cuboid,default,0.0782609,0.1,0.1,1,0.8,1,1,1,1,875,62,700.7391304,0,0.7071068,0,-0.7071068;
custom,cuboid,default,0.0782609,0.1,0.1,1,0.7,1,1,1,1,875,61,702.3043478,0,0.7071068,0,-0.7071068;
custom,cuboid,default,0.0782609,0.1,0.1,1,0.5,1,1,1,1,875,61,700.7391304,0,0.7071068,0,-0.7071068;
custom,cuboid,default,0.0782609,0.1,0.1,1,0.4,1,1,1,1,875,60,702.3043478,0,0.7071068,0,-0.7071068;
custom,cuboid,default,0.0782609,0.1,0.1,1,0.3,1,1,1,1,875,60,701.5217391,0,0.7071068,0,-0.7071068;
custom,cuboid,default,0.0782609,0.1,0.1,1,0.2,1,1,1,1,875,60,700.7391304,0,0.7071068,0,-0.7071068;
custom,cuboid,default,0.0782609,0.1,0.1,1,0.1,1,1,1,1,875,59,702.3043478,0,0.7071068,0,-0.7071068;
custom,cuboid,default,0.0782609,0.1,0.1,1,-0.1,1,1,1,1,875,59,700.7391304,0,0.7071068,0,-0.7071068;
94576;
custom,cuboid,default,0.0782609,0.1,0.1,1,-0.2,1,1,1,1,875,58,702.3043478,0,0.7071068,0,-0.7071068;
custom,cuboid,default,0.0782609,0.1,0.1,1,-0.4,1,1,1,1,875,58,700.7391304,0,0.7071068,0,-0.7071068;
custom,cuboid,default,0.0782609,0.1,0.1,1,1,1,1,1,1,875,62,697.9565217,0,0.7071068,0,-0.7071068;
custom,cuboid,default,0.0782609,0.1,0.1,1,0.9,1,1,1,1,875,62,697.173913,0,0.7071068,0,-0.7071068;
custom,cuboid,default,0.0782609,0.1,0.1,1,0.8,1,1,1,1,875,62,696.3913043,0,0.7071068,0,-0.7071068;
custom,cuboid,default,0.0782609,0.1,0.1,1,0.7,1,1,1,1,875,61,697.9565217,0,0.7071068,0,-0.7071068;
custom,cuboid,default,0.0782609,0.1,0.1,1,0.5,1,1,1,1,875,61,696.3913043,0,0.7071068,0,-0.7071068;
custom,cuboid,default,0.0782609,0.1,0.1,1,0.4,1,1,1,1,875,60,697.9565217,0,0.7071068,0,-0.7071068;
custom,cuboid,default,0.0782609,0.1,0.1,1,0.3,1,1,1,1,875,60,697.173913,0,0.7071068,0,-0.7071068;
custom,cuboid,default,0.0782609,0.1,0.1,1,0.2,1,1,1,1,875,60,696.3913043,0,0.7071068,0,-0.7071068;
custom,cuboid,default,0.0782609,0.1,0.1,1,0.1,1,1,1,1,875,59,697.9565217,0,0.7071068,0,-0.7071068;
custom,cuboid,default,0.0782609,0.1,0.1,1,-0.2,1,1,1,1,875,58,697.9565217,0,0.7071068,0,-0.7071068;
custom,cuboid,default,0.0848485,0.1,0.1,1,1,1,1,1,1,875,52,818.5757576,0,0.7071068,0,-0.7071068;
custom,cuboid,default,0.0848485,0.1,0.1,1,0.9,1,1,1,1,875,52,817.7272727,0,0.7071068,0,-0.7071068;
custom,cuboid,default,0.0848485,0.1,0.1,1,0.8,1,1,1,1,875,52,816.8787879,0,0.7071068,0,-0.7071068;
custom,cuboid,default,0.0848485,0.1,0.1,1,0.6,1,1,1,1,875,51,817.7272727,0,0.7071068,0,-0.7071068;
custom,cuboid,default,0.0848485,0.1,0.1,1,0.3,1,1,1,1,875,50,817.7272727,0,0.7071068,0,-0.7071068;
custom,cuboid,default,0.0848485,0.1,0.1,1,0,1,1,1,1,875,49,817.7272727,0,0.7071068,0,-0.7071068;
custom,cuboid,default,0.0848485,0.1,0.1,1,-0.3,1,1,1,1,875,48,817.7272727,0,0.7071068,0,-0.7071068;
custom,cuboid,default,0.0848485,0.1,0.1,1,1,1,1,1,1,875,52,814.030303,0,0.7071068,0,-0.7071068;
custom,cuboid,default,0.0848485,0.1,0.1,1,0.8,1,1,1,1,875,52,812.3333333,0,0.7071068,0,-0.7071068;
custom,cuboid,default,0.0848485,0.1,0.1,1,0.7,1,1,1,1,875,51,814.030303,0,0.7071068,0,-0.7071068;
custom,cuboid,default,0.0848485,0.1,0.1,1,0.5,1,1,1,1,875,51,812.3333333,0,0.7071068,0,-0.7071068;
custom,cuboid,default,0.0848485,0.1,0.1,1,0.4,1,1,1,1,875,50,814.030303,0,0.7071068,0,-0.7071068;
custom,cuboid,default,0.0848485,0.1,0.1,1,0.3,1,1,1,1,875,50,813.1818182,0,0.7071068,0,-0.7071068;
custom,cuboid,default,0.0848485,0.1,0.1,1,0.2,1,1,1,1,875,50,812.3333333,0,0.7071068,0,-0.7071068;
custom,cuboid,default,0.0848485,0.1,0.1,1,0.1,1,1,1,1,875,49,814.030303,0,0.7071068,0,-0.7071068;
custom,cuboid,default,0.0848485,0.1,0.1,1,-0.1,1,1,1,1,875,49,812.3333333,0,0.7071068,0,-0.7071068;
custom,cuboid,default,0.0848485,0.1,0.1,1,-0.2,1,1,1,1,875,48,814.030303,0,0.7071068,0,-0.7071068;
custom,cuboid,default,0.0848485,0.1,0.1,1,-0.4,1,1,1,1,875,48,812.3333333,0,0.7071068,0,-0.7071068;
custom,cuboid,default,0.0848485,0.1,0.1,1,1,1,1,1,1,875,52,809.4848485,0,0.7071068,0,-0.7071068;
custom,cuboid,default,0.0848485,0.1,0.1,1,0.9,1,1,1,1,875,52,808.6363636,0,0.7071068,0,-0.7071068;
custom,cuboid,default,0.0848485,0.1,0.1,1,0.8,1,1,1,1,875,52,807.7878788,0,0.7071068,0,-0.7071068;
custom,cuboid,default,0.0848485,0.1,0.1,1,0.7,1,1,1,1,875,51,809.4848485,0,0.7071068,0,-0.7071068;
custom,cuboid,default,0.0848485,0.1,0.1,1,0.4,1,1,1,1,875,50,809.4848485,0,0.7071068,0,-0.7071068;
custom,cuboid,default,0.0848485,0.1,0.1,1,0.3,1,1,1,1,875,50,808.6363636,0,0.7071068,0,-0.7071068;
custom,cuboid,default,0.0848485,0.1,0.1,1,0.1,1,1,1,1,875,49,809.4848485,0,0.7071068,0,-0.7071068;
custom,cuboid,default,0.0848485,0.1,0.1,1,-0.2,1,1,1,1,875,48,809.4848485,0,0.7071068,0,-0.7071068;
custom,cuboid,default,0.0848485,0.1,0.1,1,-0.3,1,1,1,1,875,48,808.6363636,0,0.7071068,0,-0.7071068;
custom,cuboid,default,0.0848485,0.1,0.1,1,-0.4,1,1,1,1,875,48,807.7878788,0,0.7071068,0,-0.7071068;
custom,cuboid,default,0.0848485,0.1,0.1,1,1,1,1,1,1,875,52,800.3939394,0,0.7071068,0,-0.7071068;
custom,cuboid,default,0.0848485,0.1,0.1,1,0.9,1,1,1,1,875,52,799.5454545,0,0.7071068,0,-0.7071068;
custom,cuboid,default,0.0848485,0.1,0.1,1,0.8,1,1,1,1,875,52,798.6969697,0,0.7071068,0,-0.7071068;
custom,cuboid,default,0.0848485,0.1,0.1,1,0.7,1,1,1,1,875,51,800.3939394,0,0.7071068,0,-0.7071068;
custom,cuboid,default,0.0848485,0.1,0.1,1,0.4,1,1,1,1,875,50,800.3939394,0,0.7071068,0,-0.7071068;
custom,cuboid,default,0.0848485,0.1,0.1,1,0.3,1,1,1,1,875,50,799.5454545,0,0.7071068,0,-0.7071068;
custom,cuboid,default,0.0848485,0.1,0.1,1,0.1,1,1,1,1,875,49,800.3939394,0,0.7071068,0,-0.7071068;
custom,cuboid,default,0.0848485,0.1,0.1,1,-0.2,1,1,1,1,875,48,800.3939394,0,0.7071068,0,-0.7071068;
custom,cuboid,default,0.0848485,0.1,0.1,1,-0.3,1,1,1,1,875,48,799.5454545,0,0.7071068,0,-0.7071068;
custom,cuboid,default,0.0848485,0.1,0.1,1,-0.4,1,1,1,1,875,48,798.6969697,0,0.7071068,0,-0.7071068;
custom,cuboid,default,0.0848485,0.1,0.1,1,1,1,1,1,1,875,52,795.8484848,0,0.7071068,0,-0.7071068;
custom,cuboid,default,0.0848485,0.1,0.1,1,0.8,1,1,1,1,875,52,794.1515152,0,0.7071068,0,-0.7071068;
custom,cuboid,default,0.0848485,0.1,0.1,1,0.7,1,1,1,1,875,51,795.8484848,0,0.7071068,0,-0.7071068;
custom,cuboid,default,0.0848485,0.1,0.1,1,0.6,1,1,1,1,875,51,795,0,0.7071068,0,-0.7071068;
custom,cuboid,default,0.0848485,0.1,0.1,1,0.5,1,1,1,1,875,51,794.1515152,0,0.7071068,0,-0.7071068;
custom,cuboid,default,0.0848485,0.1,0.1,1,0.4,1,1,1,1,875,50,795.8484848,0,0.7071068,0,-0.7071068;
custom,cuboid,default,0.0848485,0.1,0.1,1,0.3,1,1,1,1,875,50,795,0,0.7071068,0,-0.7071068;
custom,cuboid,default,0.0848485,0.1,0.1,1,0.2,1,1,1,1,875,50,794.1515152,0,0.7071068,0,-0.7071068;
custom,cuboid,default,0.0848485,0.1,0.1,1,0.1,1,1,1,1,875,49,795.8484848,0,0.7071068,0,-0.7071068;
custom,cuboid,default,0.0848485,0.1,0.1,1,0,1,1,1,1,875,49,795,0,0.7071068,0,-0.7071068;
custom,cuboid,default,0.0848485,0.1,0.1,1,-0.1,1,1,1,1,875,49,794.1515152,0,0.7071068,0,-0.7071068;
custom,cuboid,default,0.0848485,0.1,0.1,1,-0.2,1,1,1,1,875,48,795.8484848,0,0.7071068,0,-0.7071068;
custom,cuboid,default,0.0848485,0.1,0.1,1,-0.4,1,1,1,1,875,48,794.1515152,0,0.7071068,0,-0.7071068;
custom,cuboid,default,0.0848485,0.1,0.1,1,1,1,1,1,1,875,52,791.3030303,0,0.7071068,0,-0.7071068;
custom,cuboid,default,0.0848485,0.1,0.1,1,0.9,1,1,1,1,875,52,790.4545455,0,0.7071068,0,-0.7071068;
custom,cuboid,default,0.0848485,0.1,0.1,1,0.7,1,1,1,1,875,51,791.3030303,0,0.7071068,0,-0.7071068;
custom,cuboid,default,0.0848485,0.1,0.1,1,0.5,1,1,1,1,875,51,789.6060606,0,0.7071068,0,-0.7071068;
custom,cuboid,default,0.0848485,0.1,0.1,1,0.4,1,1,1,1,875,50,791.3030303,0,0.7071068,0,-0.7071068;
custom,cuboid,default,0.0848485,0.1,0.1,1,0.2,1,1,1,1,875,50,789.6060606,0,0.7071068,0,-0.7071068;
custom,cuboid,default,0.0848485,0.1,0.1,1,0.1,1,1,1,1,875,49,791.3030303,0,0.7071068,0,-0.7071068;
custom,cuboid,default,0.0848485,0.1,0.1,1,-0.1,1,1,1,1,875,49,789.6060606,0,0.7071068,0,-0.7071068;
custom,cuboid,default,0.0848485,0.1,0.1,1,-0.2,1,1,1,1,875,48,791.3030303,0,0.7071068,0,-0.7071068;
custom,cuboid,default,0.0848485,0.1,0.1,1,-0.3,1,1,1,1,875,48,790.4545455,0,0.7071068,0,-0.7071068;
custom,cuboid,default,0.0848485,0.1,0.1,1,1,1,1,1,1,875,52,782.2121212,0,0.7071068,0,-0.7071068;
custom,cuboid,default,0.0848485,0.1,0.1,1,0.9,1,1,1,1,875,52,781.3636364,0,0.7071068,0,-0.7071068;
custom,cuboid,default,0.0848485,0.1,0.1,1,0.8,1,1,1,1,875,52,780.5151515,0,0.7071068,0,-0.7071068;
custom,cuboid,default,0.0848485,0.1,0.1,1,0.7,1,1,1,1,875,51,782.2121212,0,0.7071068,0,-0.7071068;
custom,cuboid,default,0.0848485,0.1,0.1,1,0.4,1,1,1,1,875,50,782.2121212,0,0.7071068,0,-0.7071068;
custom,cuboid,default,0.0848485,0.1,0.1,1,0.3,1,1,1,1,875,50,781.3636364,0,0.7071068,0,-0.7071068;
custom,cuboid,default,0.0848485,0.1,0.1,1,0.1,1,1,1,1,875,49,782.2121212,0,0.7071068,0,-0.7071068;
custom,cuboid,default,0.0848485,0.1,0.1,1,-0.2,1,1,1,1,875,48,782.2121212,0,0.7071068,0,-0.7071068;
custom,cuboid,default,0.0848485,0.1,0.1,1,1,1,1,1,1,875,52,777.6666667,0,0.7071068,0,-0.7071068;
custom,cuboid,default,0.0848485,0.1,0.1,1,0.9,1,1,1,1,875,52,776.8181818,0,0.7071068,0,-0.7071068;
custom,cuboid,default,0.0848485,0.1,0.1,1,0.8,1,1,1,1,875,52,775.969697,0,0.7071068,0,-0.7071068;
custom,cuboid,default,0.0848485,0.1,0.1,1,0.7,1,1,1,1,875,51,777.6666667,0,0.7071068,0,-0.7071068;
custom,cuboid,default,0.0848485,0.1,0.1,1,0.5,1,1,1,1,875,51,775.969697,0,0.7071068,0,-0.7071068;
custom,cuboid,default,0.0848485,0.1,0.1,1,0.4,1,1,1,1,875,50,777.6666667,0,0.7071068,0,-0.7071068;
custom,cuboid,default,0.0848485,0.1,0.1,1,0.2,1,1,1,1,875,50,775.969697,0,0.7071068,0,-0.7071068;
custom,cuboid,default,0.0848485,0.1,0.1,1,0.1,1,1,1,1,875,49,777.6666667,0,0.7071068,0,-0.7071068;
custom,cuboid,default,0.0848485,0.1,0.1,1,-0.1,1,1,1,1,875,49,775.969697,0,0.7071068,0,-0.7071068;
custom,cuboid,default,0.0848485,0.1,0.1,1,-0.2,1,1,1,1,875,48,777.6666667,0,0.7071068,0,-0.7071068;
custom,cuboid,default,0.0848485,0.1,0.1,1,-0.3,1,1,1,1,875,48,776.8181818,0,0.7071068,0,-0.7071068;
custom,cuboid,default,0.0848485,0.1,0.1,1,-0.4,1,1,1,1,875,48,775.969697,0,0.7071068,0,-0.7071068;
custom,cuboid,default,0.0848485,0.1,0.1,1,1,1,1,1,1,875,52,773.1212121,0,0.7071068,0,-0.7071068;
custom,cuboid,default,0.0848485,0.1,0.1,1,0.9,1,1,1,1,875,52,772.2727273,0,0.7071068,0,-0.7071068;
custom,cuboid,default,0.0848485,0.1,0.1,1,0.8,1,1,1,1,875,52,771.4242424,0,0.7071068,0,-0.7071068;
custom,cuboid,default,0.0848485,0.1,0.1,1,0.7,1,1,1,1,875,51,773.1212121,0,0.7071068,0,-0.7071068;
custom,cuboid,default,0.0848485,0.1,0.1,1,0.5,1,1,1,1,875,51,771.4242424,0,0.7071068,0,-0.7071068;
custom,cuboid,default,0.0848485,0.1,0.1,1,0.4,1,1,1,1,875,50,773.1212121,0,0.7071068,0,-0.7071068;
custom,cuboid,default,0.0848485,0.1,0.1,1,0.3,1,1,1,1,875,50,772.2727273,0,0.7071068,0,-0.7071068;
89644;
custom,cuboid,default,0.0848485,0.1,0.1,1,0.2,1,1,1,1,875,50,771.4242424,0,0.7071068,0,-0.7071068;
custom,cuboid,default,0.0848485,0.1,0.1,1,0.1,1,1,1,1,875,49,773.1212121,0,0.7071068,0,-0.7071068;
custom,cuboid,default,0.0848485,0.1,0.1,1,0,1,1,1,1,875,49,772.2727273,0,0.7071068,0,-0.7071068;
custom,cuboid,default,0.0848485,0.1,0.1,1,-0.2,1,1,1,1,875,48,773.1212121,0,0.7071068,0,-0.7071068;
custom,cuboid,default,0.0848485,0.1,0.1,1,-0.4,1,1,1,1,875,48,771.4242424,0,0.7071068,0,-0.7071068;
custom,cuboid,default,0.0848485,0.1,0.1,1,1,1,1,1,1,875,52,764.030303,0,0.7071068,0,-0.7071068;
custom,cuboid,default,0.0848485,0.1,0.1,1,0.7,1,1,1,1,875,51,764.030303,0,0.7071068,0,-0.7071068;
custom,cuboid,default,0.0848485,0.1,0.1,1,0.4,1,1,1,1,875,50,764.030303,0,0.7071068,0,-0.7071068;
custom,cuboid,default,0.0848485,0.1,0.1,1,0.1,1,1,1,1,875,49,764.030303,0,0.7071068,0,-0.7071068;
custom,cuboid,default,0.0848485,0.1,0.1,1,-0.2,1,1,1,1,875,48,764.030303,0,0.7071068,0,-0.7071068;
custom,cuboid,default,0.0848485,0.1,0.1,1,-0.3,1,1,1,1,875,48,763.1818182,0,0.7071068,0,-0.7071068;
custom,cuboid,default,0.0848485,0.1,0.1,1,-0.4,1,1,1,1,875,48,762.3333333,0,0.7071068,0,-0.7071068;
custom,cuboid,default,0.0848485,0.1,0.1,1,1,1,1,1,1,875,52,759.4848485,0,0.7071068,0,-0.7071068;
custom,cuboid,default,0.0848485,0.1,0.1,1,0.9,1,1,1,1,875,52,758.6363636,0,0.7071068,0,-0.7071068;
custom,cuboid,default,0.0848485,0.1,0.1,1,0.8,1,1,1,1,875,52,757.7878788,0,0.7071068,0,-0.7071068;
custom,cuboid,default,0.0848485,0.1,0.1,1,0.7,1,1,1,1,875,51,759.4848485,0,0.7071068,0,-0.7071068;
custom,cuboid,default,0.0848485,0.1,0.1,1,0.5,1,1,1,1,875,51,757.7878788,0,0.7071068,0,-0.7071068;
custom,cuboid,default,0.0848485,0.1,0.1,1,0.4,1,1,1,1,875,50,759.4848485,0,0.7071068,0,-0.7071068;
custom,cuboid,default,0.0848485,0.1,0.1,1,0.3,1,1,1,1,875,50,758.6363636,0,0.7071068,0,-0.7071068;
custom,cuboid,default,0.0848485,0.1,0.1,1,0.2,1,1,1,1,875,50,757.7878788,0,0.7071068,0,-0.7071068;
custom,cuboid,default,0.0848485,0.1,0.1,1,0.1,1,1,1,1,875,49,759.4848485,0,0.7071068,0,-0.7071068;
custom,cuboid,default,0.0848485,0.1,0.1,1,-0.1,1,1,1,1,875,49,757.7878788,0,0.7071068,0,-0.7071068;
custom,cuboid,default,0.0848485,0.1,0.1,1,-0.2,1,1,1,1,875,48,759.4848485,0,0.7071068,0,-0.7071068;
custom,cuboid,default,0.0848485,0.1,0.1,1,-0.4,1,1,1,1,875,48,757.7878788,0,0.7071068,0,-0.7071068;
custom,cuboid,default,0.0848485,0.1,0.1,1,1,1,1,1,1,875,52,754.9393939,0,0.7071068,0,-0.7071068;
custom,cuboid,default,0.0848485,0.1,0.1,1,0.7,1,1,1,1,875,51,754.9393939,0,0.7071068,0,-0.7071068;
custom,cuboid,default,0.0848485,0.1,0.1,1,0.4,1,1,1,1,875,50,754.9393939,0,0.7071068,0,-0.7071068;
custom,cuboid,default,0.0848485,0.1,0.1,1,0.1,1,1,1,1,875,49,754.9393939,0,0.7071068,0,-0.7071068;
custom,cuboid,default,0.0848485,0.1,0.1,1,-0.2,1,1,1,1,875,48,754.9393939,0,0.7071068,0,-0.7071068;
custom,cuboid,default,0.0848485,0.1,0.1,1,-0.3,1,1,1,1,875,48,754.0909091,0,0.7071068,0,-0.7071068;
custom,cuboid,default,0.0848485,0.1,0.1,1,-0.4,1,1,1,1,875,48,753.2424242,0,0.7071068,0,-0.7071068;
custom,cuboid,default,0.0848485,0.1,0.1,1,1,1,1,1,1,875,52,750.3939394,0,0.7071068,0,-0.7071068;
custom,cuboid,default,0.0848485,0.1,0.1,1,0.8,1,1,1,1,875,52,748.6969697,0,0.7071068,0,-0.7071068;
custom,cuboid,default,0.0848485,0.1,0.1,1,0.7,1,1,1,1,875,51,750.3939394,0,0.7071068,0,-0.7071068;
custom,cuboid,default,0.0848485,0.1,0.1,1,0.5,1,1,1,1,875,51,748.6969697,0,0.7071068,0,-0.7071068;
custom,cuboid,default,0.0848485,0.1,0.1,1,0.4,1,1,1,1,875,50,750.3939394,0,0.7071068,0,-0.7071068;
custom,cuboid,default,0.0848485,0.1,0.1,1,0.2,1,1,1,1,875,50,748.6969697,0,0.7071068,0,-0.7071068;
custom,cuboid,default,0.0848485,0.1,0.1,1,0,1,1,1,1,875,49,749.5454545,0,0.7071068,0,-0.7071068;
custom,cuboid,default,0.0848485,0.1,0.1,1,-0.3,1,1,1,1,875,48,749.5454545,0,0.7071068,0,-0.7071068;
custom,cuboid,default,0.0848485,0.1,0.1,1,1,1,1,1,1,875,52,736.7575758,0,0.7071068,0,-0.7071068;
custom,cuboid,default,0.0848485,0.1,0.1,1,0.9,1,1,1,1,875,52,735.9090909,0,0.7071068,0,-0.7071068;
custom,cuboid,default,0.0848485,0.1,0.1,1,0.8,1,1,1,1,875,52,735.0606061,0,0.7071068,0,-0.7071068;
custom,cuboid,default,0.0848485,0.1,0.1,1,0.6,1,1,1,1,875,51,735.9090909,0,0.7071068,0,-0.7071068;
custom,cuboid,default,0.0848485,0.1,0.1,1,0.3,1,1,1,1,875,50,735.9090909,0,0.7071068,0,-0.7071068;
custom,cuboid,default,0.0848485,0.1,0.1,1,0,1,1,1,1,875,49,735.9090909,0,0.7071068,0,-0.7071068;
custom,cuboid,default,0.0848485,0.1,0.1,1,-0.2,1,1,1,1,875,48,736.7575758,0,0.7071068,0,-0.7071068;
custom,cuboid,default,0.0848485,0.1,0.1,1,-0.3,1,1,1,1,875,48,735.9090909,0,0.7071068,0,-0.7071068;
custom,cuboid,default,0.0848485,0.1,0.1,1,-0.4,1,1,1,1,875,48,735.0606061,0,0.7071068,0,-0.7071068;
custom,cuboid,default,0.0848485,0.1,0.1,1,1,1,1,1,1,875,52,732.2121212,0,0.7071068,0,-0.7071068;
custom,cuboid,default,0.0848485,0.1,0.1,1,0.9,1,1,1,1,875,52,731.3636364,0,0.7071068,0,-0.7071068;
custom,cuboid,default,0.0848485,0.1,0.1,1,0.8,1,1,1,1,875,52,730.5151515,0,0.7071068,0,-0.7071068;
custom,cuboid,default,0.0848485,0.1,0.1,1,0.7,1,1,1,1,875,51,732.2121212,0,0.7071068,0,-0.7071068;
custom,cuboid,default,0.0848485,0.1,0.1,1,0.4,1,1,1,1,875,50,732.2121212,0,0.7071068,0,-0.7071068;
custom,cuboid,default,0.0848485,0.1,0.1,1,0.3,1,1,1,1,875,50,731.3636364,0,0.7071068,0,-0.7071068;
custom,cuboid,default,0.0848485,0.1,0.1,1,0.2,1,1,1,1,875,50,730.5151515,0,0.7071068,0,-0.7071068;
custom,cuboid,default,0.0848485,0.1,0.1,1,-0.1,1,1,1,1,875,49,730.5151515,0,0.7071068,0,-0.7071068;
custom,cuboid,default,0.0848485,0.1,0.1,1,-0.2,1,1,1,1,875,48,732.2121212,0,0.7071068,0,-0.7071068;
custom,cuboid,default,0.0848485,0.1,0.1,1,-0.3,1,1,1,1,875,48,731.3636364,0,0.7071068,0,-0.7071068;
custom,cuboid,default,0.0848485,0.1,0.1,1,-0.4,1,1,1,1,875,48,730.5151515,0,0.7071068,0,-0.7071068;
custom,cuboid,default,0.0848485,0.1,0.1,1,1,1,1,1,1,875,52,723.1212121,0,0.7071068,0,-0.7071068;
custom,cuboid,default,0.0848485,0.1,0.1,1,0.9,1,1,1,1,875,52,722.2727273,0,0.7071068,0,-0.7071068;
custom,cuboid,default,0.0848485,0.1,0.1,1,0.8,1,1,1,1,875,52,721.4242424,0,0.7071068,0,-0.7071068;
custom,cuboid,default,0.0848485,0.1,0.1,1,0.6,1,1,1,1,875,51,722.2727273,0,0.7071068,0,-0.7071068;
custom,cuboid,default,0.0848485,0.1,0.1,1,0.3,1,1,1,1,875,50,722.2727273,0,0.7071068,0,-0.7071068;
custom,cuboid,default,0.0848485,0.1,0.1,1,0,1,1,1,1,875,49,722.2727273,0,0.7071068,0,-0.7071068;
custom,cuboid,default,0.0848485,0.1,0.1,1,-0.3,1,1,1,1,875,48,722.2727273,0,0.7071068,0,-0.7071068;
custom,cuboid,default,0.0848485,0.1,0.1,1,1,1,1,1,1,875,52,718.5757576,0,0.7071068,0,-0.7071068;
custom,cuboid,default,0.0848485,0.1,0.1,1,0.8,1,1,1,1,875,52,716.8787879,0,0.7071068,0,-0.7071068;
custom,cuboid,default,0.0848485,0.1,0.1,1,0.7,1,1,1,1,875,51,718.5757576,0,0.7071068,0,-0.7071068;
custom,cuboid,default,0.0848485,0.1,0.1,1,0.5,1,1,1,1,875,51,716.8787879,0,0.7071068,0,-0.7071068;
custom,cuboid,default,0.0848485,0.1,0.1,1,0.4,1,1,1,1,875,50,718.5757576,0,0.7071068,0,-0.7071068;
custom,cuboid,default,0.0848485,0.1,0.1,1,0.3,1,1,1,1,875,50,717.7272727,0,0.7071068,0,-0.7071068;
custom,cuboid,default,0.0848485,0.1,0.1,1,0.2,1,1,1,1,875,50,716.8787879,0,0.7071068,0,-0.7071068;
custom,cuboid,default,0.0848485,0.1,0.1,1,0.1,1,1,1,1,875,49,718.5757576,0,0.7071068,0,-0.7071068;
custom,cuboid,default,0.0848485,0.1,0.1,1,-0.1,1,1,1,1,875,49,716.8787879,0,0.7071068,0,-0.7071068;
custom,cuboid,default,0.0848485,0.1,0.1,1,-0.2,1,1,1,1,875,48,718.5757576,0,0.7071068,0,-0.7071068;
custom,cuboid,default,0.0848485,0.1,0.1,1,-0.4,1,1,1,1,875,48,716.8787879,0,0.7071068,0,-0.7071068;
custom,cuboid,default,0.0848485,0.1,0.1,1,1,1,1,1,1,875,52,714.030303,0,0.7071068,0,-0.7071068;
custom,cuboid,default,0.0848485,0.1,0.1,1,0.9,1,1,1,1,875,52,713.1818182,0,0.7071068,0,-0.7071068;
custom,cuboid,default,0.0848485,0.1,0.1,1,0.8,1,1,1,1,875,52,712.3333333,0,0.7071068,0,-0.7071068;
custom,cuboid,default,0.0848485,0.1,0.1,1,0.7,1,1,1,1,875,51,714.030303,0,0.7071068,0,-0.7071068;
custom,cuboid,default,0.0848485,0.1,0.1,1,0.4,1,1,1,1,875,50,714.030303,0,0.7071068,0,-0.7071068;
custom,cuboid,default,0.0848485,0.1,0.1,1,0.3,1,1,1,1,875,50,713.1818182,0,0.7071068,0,-0.7071068;
custom,cuboid,default,0.0848485,0.1,0.1,1,0.1,1,1,1,1,875,49,714.030303,0,0.7071068,0,-0.7071068;
custom,cuboid,default,0.0848485,0.1,0.1,1,-0.2,1,1,1,1,875,48,714.030303,0,0.7071068,0,-0.7071068;
custom,cuboid,default,0.0848485,0.1,0.1,1,-0.3,1,1,1,1,875,48,713.1818182,0,0.7071068,0,-0.7071068;
custom,cuboid,default,0.0848485,0.1,0.1,1,-0.4,1,1,1,1,875,48,712.3333333,0,0.7071068,0,-0.7071068;
custom,cuboid,default,0.0848485,0.1,0.1,1,1,1,1,1,1,875,52,704.9393939,0,0.7071068,0,-0.7071068;
custom,cuboid,default,0.0848485,0.1,0.1,1,0.7,1,1,1,1,875,51,704.9393939,0,0.7071068,0,-0.7071068;
custom,cuboid,default,0.0848485,0.1,0.1,1,0.4,1,1,1,1,875,50,704.9393939,0,0.7071068,0,-0.7071068;
custom,cuboid,default,0.0848485,0.1,0.1,1,0.1,1,1,1,1,875,49,704.9393939,0,0.7071068,0,-0.7071068;
custom,cuboid,default,0.0848485,0.1,0.1,1,-0.2,1,1,1,1,875,48,704.9393939,0,0.7071068,0,-0.7071068;
custom,cuboid,default,0.0848485,0.1,0.1,1,-0.3,1,1,1,1,875,48,704.0909091,0,0.7071068,0,-0.7071068;
custom,cuboid,default,0.0848485,0.1,0.1,1,-0.4,1,1,1,1,875,48,703.2424242,0,0.7071068,0,-0.7071068;
custom,cuboid,default,0.0848485,0.1,0.1,1,1,1,1,1,1,875,52,700.3939394,0,0.7071068,0,-0.7071068;
custom,cuboid,default,0.0848485,0.1,0.1,1,0.9,1,1,1,1,875,52,699.5454545,0,0.7071068,0,-0.7071068;
custom,cuboid,default,0.0848485,0.1,0.1,1,0.8,1,1,1,1,875,52,698.6969697,0,0.7071068,0,-0.7071068;
custom,cuboid,default,0.0848485,0.1,0.1,1,0.7,1,1,1,1,875,51,700.3939394,0,0.7071068,0,-0.7071068;
custom,cuboid,default,0.0848485,0.1,0.1,1,0.5,1,1,1,1,875,51,698.6969697,0,0.7071068,0,-0.7071068;
custom,cuboid,default,0.0848485,0.1,0.1,1,0.4,1,1,1,1,875,50,700.3939394,0,0.7071068,0,-0.7071068;
24594;
custom,cuboid,default,0.0848485,0.1,0.1,1,0.3,1,1,1,1,875,50,699.5454545,0,0.7071068,0,-0.7071068;
custom,cuboid,default,0.0848485,0.1,0.1,1,0.2,1,1,1,1,875,50,698.6969697,0,0.7071068,0,-0.7071068;
custom,cuboid,default,0.0848485,0.1,0.1,1,0.1,1,1,1,1,875,49,700.3939394,0,0.7071068,0,-0.7071068;
custom,cuboid,default,0.0848485,0.1,0.1,1,-0.1,1,1,1,1,875,49,698.6969697,0,0.7071068,0,-0.7071068;
custom,cuboid,default,0.0848485,0.1,0.1,1,-0.2,1,1,1,1,875,48,700.3939394,0,0.7071068,0,-0.7071068;
custom,cuboid,default,0.0848485,0.1,0.1,1,-0.4,1,1,1,1,875,48,698.6969697,0,0.7071068,0,-0.7071068;
custom,cuboid,default,0.0848485,0.1,0.1,1,1,1,1,1,1,875,52,695.8484848,0,0.7071068,0,-0.7071068;
custom,cuboid,default,0.0848485,0.1,0.1,1,0.9,1,1,1,1,875,52,695,0,0.7071068,0,-0.7071068;
custom,cuboid,default,0.0848485,0.1,0.1,1,0.8,1,1,1,1,875,52,694.1515152,0,0.7071068,0,-0.7071068;
custom,cuboid,default,0.0848485,0.1,0.1,1,0.7,1,1,1,1,875,51,695.8484848,0,0.7071068,0,-0.7071068;
custom,cuboid,default,0.0848485,0.1,0.1,1,0.4,1,1,1,1,875,50,695.8484848,0,0.7071068,0,-0.7071068;
custom,cuboid,default,0.0848485,0.1,0.1,1,0.3,1,1,1,1,875,50,695,0,0.7071068,0,-0.7071068;
custom,cuboid,default,0.0848485,0.1,0.1,1,0.2,1,1,1,1,875,50,694.1515152,0,0.7071068,0,-0.7071068;
custom,cuboid,default,0.0848485,0.1,0.1,1,-0.1,1,1,1,1,875,49,694.1515152,0,0.7071068,0,-0.7071068;
custom,cuboid,default,0.0848485,0.1,0.1,1,-0.2,1,1,1,1,875,48,695.8484848,0,0.7071068,0,-0.7071068;
custom,cuboid,default,0.0848485,0.1,0.1,1,-0.3,1,1,1,1,875,48,695,0,0.7071068,0,-0.7071068;
custom,cuboid,default,0.0848485,0.1,0.1,1,-0.4,1,1,1,1,875,48,694.1515152,0,0.7071068,0,-0.7071068;
custom,cuboid,default,0.0848485,0.1,0.1,1,1,1,1,1,1,875,52,691.3030303,0,0.7071068,0,-0.7071068;
custom,cuboid,default,0.0848485,0.1,0.1,1,0.9,1,1,1,1,875,52,690.4545455,0,0.7071068,0,-0.7071068;
custom,cuboid,default,0.0848485,0.1,0.1,1,0.8,1,1,1,1,875,52,689.6060606,0,0.7071068,0,-0.7071068;
custom,cuboid,default,0.0848485,0.1,0.1,1,0.6,1,1,1,1,875,51,690.4545455,0,0.7071068,0,-0.7071068;
custom,cuboid,default,0.0848485,0.1,0.1,1,0.3,1,1,1,1,875,50,690.4545455,0,0.7071068,0,-0.7071068;
custom,cuboid,default,0.0848485,0.1,0.1,1,0,1,1,1,1,875,49,690.4545455,0,0.7071068,0,-0.7071068;
custom,cuboid,default,0.0848485,0.1,0.1,1,-0.3,1,1,1,1,875,48,690.4545455,0,0.7071068,0,-0.7071068;
custom,cuboid,default,0.0848485,0.1,0.1,1,1,1,1,1,1,875,52,682.2121212,0,0.7071068,0,-0.7071068;
custom,cuboid,default,0.0848485,0.1,0.1,1,0.8,1,1,1,1,875,52,680.5151515,0,0.7071068,0,-0.7071068;
custom,cuboid,default,0.0848485,0.1,0.1,1,0.7,1,1,1,1,875,51,682.2121212,0,0.7071068,0,-0.7071068;
custom,cuboid,default,0.0848485,0.1,0.1,1,0.6,1,1,1,1,875,51,681.3636364,0,0.7071068,0,-0.7071068;
custom,cuboid,default,0.0848485,0.1,0.1,1,0.5,1,1,1,1,875,51,680.5151515,0,0.7071068,0,-0.7071068;
custom,cuboid,default,0.0848485,0.1,0.1,1,0.4,1,1,1,1,875,50,682.2121212,0,0.7071068,0,-0.7071068;
custom,cuboid,default,0.0848485,0.1,0.1,1,0.3,1,1,1,1,875,50,681.3636364,0,0.7071068,0,-0.7071068;
custom,cuboid,default,0.0848485,0.1,0.1,1,0.2,1,1,1,1,875,50,680.5151515,0,0.7071068,0,-0.7071068;
custom,cuboid,default,0.0848485,0.1,0.1,1,0.1,1,1,1,1,875,49,682.2121212,0,0.7071068,0,-0.7071068;
custom,cuboid,default,0.0848485,0.1,0.1,1,-0.1,1,1,1,1,875,49,680.5151515,0,0.7071068,0,-0.7071068;
custom,cuboid,default,0.0848485,0.1,0.1,1,-0.2,1,1,1,1,875,48,682.2121212,0,0.7071068,0,-0.7071068;
custom,cuboid,default,0.0848485,0.1,0.1,1,-0.4,1,1,1,1,875,48,680.5151515,0,0.7071068,0,-0.7071068;
custom,cuboid,default,0.0848485,0.1,0.1,1,1,1,1,1,1,875,52,677.6666667,0,0.7071068,0,-0.7071068;
custom,cuboid,default,0.0848485,0.1,0.1,1,0.9,1,1,1,1,875,52,676.8181818,0,0.7071068,0,-0.7071068;
custom,cuboid,default,0.0848485,0.1,0.1,1,0.8,1,1,1,1,875,52,675.969697,0,0.7071068,0,-0.7071068;
custom,cuboid,default,0.0848485,0.1,0.1,1,0.7,1,1,1,1,875,51,677.6666667,0,0.7071068,0,-0.7071068;
custom,cuboid,default,0.0848485,0.1,0.1,1,0.5,1,1,1,1,875,51,675.969697,0,0.7071068,0,-0.7071068;
custom,cuboid,default,0.0848485,0.1,0.1,1,0.4,1,1,1,1,875,50,677.6666667,0,0.7071068,0,-0.7071068;
custom,cuboid,default,0.0848485,0.1,0.1,1,0.3,1,1,1,1,875,50,676.8181818,0,0.7071068,0,-0.7071068;
custom,cuboid,default,0.0848485,0.1,0.1,1,0.2,1,1,1,1,875,50,675.969697,0,0.7071068,0,-0.7071068;
custom,cuboid,default,0.0848485,0.1,0.1,1,0.1,1,1,1,1,875,49,677.6666667,0,0.7071068,0,-0.7071068;
custom,cuboid,default,0.0848485,0.1,0.1,1,-0.1,1,1,1,1,875,49,675.969697,0,0.7071068,0,-0.7071068;
custom,cuboid,default,0.0848485,0.1,0.1,1,-0.2,1,1,1,1,875,48,677.6666667,0,0.7071068,0,-0.7071068;
custom,cuboid,default,0.0848485,0.1,0.1,1,-0.4,1,1,1,1,875,48,675.969697,0,0.7071068,0,-0.7071068;
custom,cuboid,default,0.0848485,0.1,0.1,1,1,1,1,1,1,875,52,673.1212121,0,0.7071068,0,-0.7071068;
custom,cuboid,default,0.0848485,0.1,0.1,1,0.9,1,1,1,1,875,52,672.2727273,0,0.7071068,0,-0.7071068;
custom,cuboid,default,0.0848485,0.1,0.1,1,0.8,1,1,1,1,875,52,671.4242424,0,0.7071068,0,-0.7071068;
custom,cuboid,default,0.0848485,0.1,0.1,1,0.7,1,1,1,1,875,51,673.1212121,0,0.7071068,0,-0.7071068;
custom,cuboid,default,0.0848485,0.1,0.1,1,0.5,1,1,1,1,875,51,671.4242424,0,0.7071068,0,-0.7071068;
custom,cuboid,default,0.0848485,0.1,0.1,1,0.4,1,1,1,1,875,50,673.1212121,0,0.7071068,0,-0.7071068;
custom,cuboid,default,0.0848485,0.1,0.1,1,0.3,1,1,1,1,875,50,672.2727273,0,0.7071068,0,-0.7071068;
custom,cuboid,default,0.0848485,0.1,0.1,1,0.2,1,1,1,1,875,50,671.4242424,0,0.7071068,0,-0.7071068;
custom,cuboid,default,0.0848485,0.1,0.1,1,0.1,1,1,1,1,875,49,673.1212121,0,0.7071068,0,-0.7071068;
custom,cuboid,default,0.0848485,0.1,0.1,1,-0.2,1,1,1,1,875,48,673.1212121,0,0.7071068,0,-0.7071068;
custom,cuboid,default,0.1,0.1,0.1,1,1,1,1,1,1,875,42,763.5,0,0.7071068,0,-0.7071068;
custom,cuboid,default,0.1,0.1,0.1,1,0.9,1,1,1,1,875,42,762.5,0,0.7071068,0,-0.7071068;
custom,cuboid,default,0.1,0.1,0.1,1,0.8,1,1,1,1,875,42,761.5,0,0.7071068,0,-0.7071068;
custom,cuboid,default,0.1,0.1,0.1,1,0.7,1,1,1,1,875,41,763.5,0,0.7071068,0,-0.7071068;
custom,cuboid,default,0.1,0.1,0.1,1,0.4,1,1,1,1,875,40,763.5,0,0.7071068,0,-0.7071068;
custom,cuboid,default,0.1,0.1,0.1,1,0.3,1,1,1,1,875,40,762.5,0,0.7071068,0,-0.7071068;
custom,cuboid,default,0.1,0.1,0.1,1,0.1,1,1,1,1,875,39,763.5,0,0.7071068,0,-0.7071068;
custom,cuboid,default,0.1,0.1,0.1,1,-0.2,1,1,1,1,875,38,763.5,0,0.7071068,0,-0.7071068;
custom,cuboid,default,0.1,0.1,0.1,1,1,1,1,1,1,875,42,758.5,0,0.7071068,0,-0.7071068;
custom,cuboid,default,0.1,0.1,0.1,1,0.9,1,1,1,1,875,42,757.5,0,0.7071068,0,-0.7071068;
custom,cuboid,default,0.1,0.1,0.1,1,0.8,1,1,1,1,875,42,756.5,0,0.7071068,0,-0.7071068;
custom,cuboid,default,0.1,0.1,0.1,1,0.7,1,1,1,1,875,41,758.5,0,0.7071068,0,-0.7071068;
custom,cuboid,default,0.1,0.1,0.1,1,0.5,1,1,1,1,875,41,756.5,0,0.7071068,0,-0.7071068;
custom,cuboid,default,0.1,0.1,0.1,1,0.4,1,1,1,1,875,40,758.5,0,0.7071068,0,-0.7071068;
custom,cuboid,default,0.1,0.1,0.1,1,0.3,1,1,1,1,875,40,757.5,0,0.7071068,0,-0.7071068;
custom,cuboid,default,0.1,0.1,0.1,1,0.2,1,1,1,1,875,40,756.5,0,0.7071068,0,-0.7071068;
custom,cuboid,default,0.1,0.1,0.1,1,0.1,1,1,1,1,875,39,758.5,0,0.7071068,0,-0.7071068;
custom,cuboid,default,0.1,0.1,0.1,1,0,1,1,1,1,875,39,757.5,0,0.7071068,0,-0.7071068;
custom,cuboid,default,0.1,0.1,0.1,1,-0.2,1,1,1,1,875,38,758.5,0,0.7071068,0,-0.7071068;
custom,cuboid,default,0.1,0.1,0.1,1,-0.4,1,1,1,1,875,38,756.5,0,0.7071068,0,-0.7071068;
custom,cuboid,default,0.1,0.1,0.1,1,1,1,1,1,1,875,42,753.5,0,0.7071068,0,-0.7071068;
custom,cuboid,default,0.1,0.1,0.1,1,0.9,1,1,1,1,875,42,752.5,0,0.7071068,0,-0.7071068;
custom,cuboid,default,0.1,0.1,0.1,1,0.8,1,1,1,1,875,42,751.5,0,0.7071068,0,-0.7071068;
custom,cuboid,default,0.1,0.1,0.1,1,0.7,1,1,1,1,875,41,753.5,0,0.7071068,0,-0.7071068;
custom,cuboid,default,0.1,0.1,0.1,1,0.5,1,1,1,1,875,41,751.5,0,0.7071068,0,-0.7071068;
custom,cuboid,default,0.1,0.1,0.1,1,0.4,1,1,1,1,875,40,753.5,0,0.7071068,0,-0.7071068;
custom,cuboid,default,0.1,0.1,0.1,1,0.2,1,1,1,1,875,40,751.5,0,0.7071068,0,-0.7071068;
custom,cuboid,default,0.1,0.1,0.1,1,0.1,1,1,1,1,875,39,753.5,0,0.7071068,0,-0.7071068;
custom,cuboid,default,0.1,0.1,0.1,1,-0.1,1,1,1,1,875,39,751.5,0,0.7071068,0,-0.7071068;
custom,cuboid,default,0.1,0.1,0.1,1,-0.2,1,1,1,1,875,38,753.5,0,0.7071068,0,-0.7071068;
custom,cuboid,default,0.1,0.1,0.1,1,-0.3,1,1,1,1,875,38,752.5,0,0.7071068,0,-0.7071068;
custom,cuboid,default,0.1,0.1,0.1,1,-0.4,1,1,1,1,875,38,751.5,0,0.7071068,0,-0.7071068;
custom,cuboid,default,0.1,0.1,0.1,1,1,1,1,1,1,875,42,748.5,0,0.7071068,0,-0.7071068;
custom,cuboid,default,0.1,0.1,0.1,1,0.8,1,1,1,1,875,42,746.5,0,0.7071068,0,-0.7071068;
custom,cuboid,default,0.1,0.1,0.1,1,0.7,1,1,1,1,875,41,748.5,0,0.7071068,0,-0.7071068;
custom,cuboid,default,0.1,0.1,0.1,1,0.6,1,1,1,1,875,41,747.5,0,0.7071068,0,-0.7071068;
custom,cuboid,default,0.1,0.1,0.1,1,0.5,1,1,1,1,875,41,746.5,0,0.7071068,0,-0.7071068;
custom,cuboid,default,0.1,0.1,0.1,1,0.4,1,1,1,1,875,40,748.5,0,0.7071068,0,-0.7071068;
custom,cuboid,default,0.1,0.1,0.1,1,0.3,1,1,1,1,875,40,747.5,0,0.7071068,0,-0.7071068;
custom,cuboid,default,0.1,0.1,0.1,1,0.2,1,1,1,1,875,40,746.5,0,0.7071068,0,-0.7071068;
custom,cuboid,default,0.1,0.1,0.1,1,0.1,1,1,1,1,875,39,748.5,0,0.7071068,0,-0.7071068;
custom,cuboid,default,0.1,0.1,0.1,1,-0.1,1,1,1,1,875,39,746.5,0,0.7071068,0,-0.7071068;
53630;
custom,cuboid,default,0.1,0.1,0.1,1,-0.2,1,1,1,1,875,38,748.5,0,0.7071068,0,-0.7071068;
custom,cuboid,default,0.1,0.1,0.1,1,-0.4,1,1,1,1,875,38,746.5,0,0.7071068,0,-0.7071068;
custom,cuboid,default,0.1,0.1,0.1,1,1,1,1,1,1,875,42,738.5,0,0.7071068,0,-0.7071068;
custom,cuboid,default,0.1,0.1,0.1,1,0.8,1,1,1,1,875,42,736.5,0,0.7071068,0,-0.7071068;
custom,cuboid,default,0.1,0.1,0.1,1,0.7,1,1,1,1,875,41,738.5,0,0.7071068,0,-0.7071068;
custom,cuboid,default,0.1,0.1,0.1,1,0.6,1,1,1,1,875,41,737.5,0,0.7071068,0,-0.7071068;
custom,cuboid,default,0.1,0.1,0.1,1,0.5,1,1,1,1,875,41,736.5,0,0.7071068,0,-0.7071068;
custom,cuboid,default,0.1,0.1,0.1,1,0.4,1,1,1,1,875,40,738.5,0,0.7071068,0,-0.7071068;
custom,cuboid,default,0.1,0.1,0.1,1,0.3,1,1,1,1,875,40,737.5,0,0.7071068,0,-0.7071068;
custom,cuboid,default,0.1,0.1,0.1,1,0.2,1,1,1,1,875,40,736.5,0,0.7071068,0,-0.7071068;
custom,cuboid,default,0.1,0.1,0.1,1,0.1,1,1,1,1,875,39,738.5,0,0.7071068,0,-0.7071068;
custom,cuboid,default,0.1,0.1,0.1,1,0,1,1,1,1,875,39,737.5,0,0.7071068,0,-0.7071068;
custom,cuboid,default,0.1,0.1,0.1,1,-0.1,1,1,1,1,875,39,736.5,0,0.7071068,0,-0.7071068;
custom,cuboid,default,0.1,0.1,0.1,1,-0.2,1,1,1,1,875,38,738.5,0,0.7071068,0,-0.7071068;
custom,cuboid,default,0.1,0.1,0.1,1,-0.4,1,1,1,1,875,38,736.5,0,0.7071068,0,-0.7071068;
custom,cuboid,default,0.1,0.1,0.1,1,1,1,1,1,1,875,42,733.5,0,0.7071068,0,-0.7071068;
custom,cuboid,default,0.1,0.1,0.1,1,0.9,1,1,1,1,875,42,732.5,0,0.7071068,0,-0.7071068;
custom,cuboid,default,0.1,0.1,0.1,1,0.8,1,1,1,1,875,42,731.5,0,0.7071068,0,-0.7071068;
custom,cuboid,default,0.1,0.1,0.1,1,0.7,1,1,1,1,875,41,733.5,0,0.7071068,0,-0.7071068;
custom,cuboid,default,0.1,0.1,0.1,1,0.5,1,1,1,1,875,41,731.5,0,0.7071068,0,-0.7071068;
custom,cuboid,default,0.1,0.1,0.1,1,0.4,1,1,1,1,875,40,733.5,0,0.7071068,0,-0.7071068;
custom,cuboid,default,0.1,0.1,0.1,1,0.2,1,1,1,1,875,40,731.5,0,0.7071068,0,-0.7071068;
custom,cuboid,default,0.1,0.1,0.1,1,0.1,1,1,1,1,875,39,733.5,0,0.7071068,0,-0.7071068;
custom,cuboid,default,0.1,0.1,0.1,1,-0.1,1,1,1,1,875,39,731.5,0,0.7071068,0,-0.7071068;
custom,cuboid,default,0.1,0.1,0.1,1,-0.2,1,1,1,1,875,38,733.5,0,0.7071068,0,-0.7071068;
custom,cuboid,default,0.1,0.1,0.1,1,-0.3,1,1,1,1,875,38,732.5,0,0.7071068,0,-0.7071068;
custom,cuboid,default,0.1,0.1,0.1,1,-0.4,1,1,1,1,875,38,731.5,0,0.7071068,0,-0.7071068;
custom,cuboid,default,0.1,0.1,0.1,1,1,1,1,1,1,875,42,728.5,0,0.7071068,0,-0.7071068;
custom,cuboid,default,0.1,0.1,0.1,1,0.9,1,1,1,1,875,42,727.5,0,0.7071068,0,-0.7071068;
custom,cuboid,default,0.1,0.1,0.1,1,0.8,1,1,1,1,875,42,726.5,0,0.7071068,0,-0.7071068;
custom,cuboid,default,0.1,0.1,0.1,1,0.6,1,1,1,1,875,41,727.5,0,0.7071068,0,-0.7071068;
custom,cuboid,default,0.1,0.1,0.1,1,0.3,1,1,1,1,875,40,727.5,0,0.7071068,0,-0.7071068;
custom,cuboid,default,0.1,0.1,0.1,1,0,1,1,1,1,875,39,727.5,0,0.7071068,0,-0.7071068;
custom,cuboid,default,0.1,0.1,0.1,1,-0.3,1,1,1,1,875,38,727.5,0,0.7071068,0,-0.7071068;
custom,killcuboid,bombexplosiontex,5.05,10,20.05,1,1,1,1,10000,10000,900,45,745,0,1,0,0;
racing,startcuboid,10,10,1,0,45,-900,0,1,0,0;
racing,endcuboid,4.98,9.98,19.98,900,45,745,0,1,0,0;
racing,checkpointcuboid,4.98,9.98,19.98,900,45,745,0,1,0,0;
custom,cuboid,bombexplosiontex,10,0.1,1.5,1,1,1,1,10000,10000,420,40,225,0,1,0,0;
custom,cuboid,bombexplosiontex,10,0.1,1.5,1,1,1,1,10000,10000,420,55,225,0,1,0,0;
custom,cuboid,bombexplosiontex,10,0.1,1.5,1,1,1,1,10000,10000,520,40,225,0,1,0,0;
custom,cuboid,bombexplosiontex,10,0.1,1.5,1,1,1,1,10000,10000,520,55,225,0,1,0,0;
racing,checkpointcuboid,10,1.5,1,420,47.5,225,0,1,0,0;
racing,checkpointcuboid,10,1.5,1,520,47.5,225,0,1,0,0;
misc,barrier,10,1,70,0,100,-700,0,1,0,0;
misc,barrier,50,1,90,450,100,-250,0,1,0,0;
misc,barrier,20,1,20,120,100,592.5,0,1,0,0;
misc,barrier,20,1,20,210.586665785882,100,580.574039201174,0,1,0,-0.131652497587396;
misc,barrier,20,1,20,295,100,545.608891324553,0,1,0,-0.267949192431123;
misc,barrier,20,1,20,367.487373415292,100,489.987373415292,0,1,0,-0.414213562373095;
misc,barrier,20,1,20,423.108891324553,100,417.5,0,1,0,-0.577350269189626;
misc,barrier,20,1,20,458.074039201174,100,333.086665785882,0,1,0,-0.76732698797896;
misc,barrier,20,1,20,470,100,242.5,0,1,0,-1;
misc,barrier,10,1,20,-230,100,242.5,0,1,0,1;
misc,barrier,20,1,20,-218.074039201174,100,333.086665785882,0,1,0,0.767326987978961;
misc,barrier,20,1,20,-183.108891324553,100,417.5,0,1,0,0.577350269189626;
misc,barrier,20,1,20,-127.487373415292,100,489.987373415292,0,1,0,0.414213562373095;
misc,barrier,20,1,20,-55.0000000000001,100,545.608891324553,0,1,0,0.267949192431123;
misc,barrier,20,1,20,29.4133342141178,100,580.574039201174,0,1,0,0.131652497587396;
misc,barrier,80,1,200,-600,100,0,0,1,0,0;
misc,barrier,100,1,20,200,100,750,0,1,0,0;