map,disablebounds;
custom,cylinder,rock3,35,1,70,0,1,1,1,1,1,-18,102,241,0,0.01,0,-1;
custom,boulder5,rock3,6,4,6,0,1,1,1,1,1,-162,-6,85,0,0.84,0,-0.54;
custom,boulder5,rock3,6,4,6,0,1,1,1,1,1,-113,-3,-18,0,0.97,0,0.25;
custom,boulder5,rock3,6,4,6,0,1,1,1,1,1,-183,-4,204,0,0.73,0,-0.68;
custom,boulder5,rock3,6,4,6,0,1,1,1,1,1,-183,-5,330,0,0.65,0,-0.76;
custom,boulder5,rock3,6,4,6,0,1,1,1,1,1,-157,-4,444,0,0.51,0,-0.86;
custom,boulder5,rock3,6,4,6,0,1,1,1,1,1,108,-2,471,0,0.54,0,0.84;
custom,boulder5,rock3,6,4,6,0,1,1,1,1,1,143,-3,366,0,0.72,0,0.7;
custom,boulder5,rock3,6,4,6,0,1,1,1,1,1,146,-3,245,0,0.77,0,0.64;
custom,boulder5,rock3,6,4,6,0,1,1,1,1,1,137,-7,134,0,0.82,0,0.58;
custom,boulder5,rock3,6,4,6,0,1,1,1,1,1,98,-5,15,0,0.9,0,0.44;
custom,boulder5,rock3,6,4,6,0,1,1,1,1,1,58,-6,-62,0,1,0,0.04;
custom,boulder5,rock3,6,4,6,0,1,1,1,1,1,-89,-8,-52,0,0.98,0,-0.21;
custom,boulder5,rock3,6,4,6,0,1,1,1,1,1,77,-9,-29,0,0.95,0,0.32;
custom,boulder5,rock3,10,4,6,0,1,1,1,1,1,129,-3,72,0,0.84,0,0.54;
custom,boulder5,rock3,10,4,6,0,1,1,1,1,1,155,-3,195,0,0.74,0,0.68;
custom,boulder5,rock3,10,4,6,0,1,1,1,1,1,158,-4,308,0,0.71,0,0.71;
custom,boulder5,rock3,10,4,6,0,1,1,1,1,1,134,-4,427,0,0.6,0,0.8;
custom,boulder5,rock3,10,4,6,0,1,1,1,1,1,-177,-5,385,0,0.6,0,-0.8;
custom,boulder5,rock3,10,4,6,0,1,1,1,1,1,-190,-5,264,0,0.69,0,-0.72;
custom,boulder5,rock3,10,4,6,0,1,1,1,1,1,-181,-4,141,0,0.77,0,-0.64;
custom,boulder5,rock3,10,4,6,0,1,1,1,1,1,-141,-5,25,0,0.86,0,-0.51;
custom,boulder5,rock3,30,4,6,0,1,1,1,1,1,-155,-5,589,0,0.01,0,-1;
custom,boulder5,rock3,10,4,6,0,1,1,1,1,1,87,-2,463,0,1,0,0.07;
custom,boulder5,rock3,10,4,6,0,1,1,1,1,1,-134,-5,438,0,0.04,0,-1;
custom,boulder3,rock3,10,2,5,0,1,1,1,1,1,-27,89,461,0,0.04,0,-1;
custom,boulder3,rock3,10,2,5,0,1,1,1,1,1,-24,83,462,0,0.03,0,-1;
custom,boulder3,rock3,10,2,5,0,1,1,1,1,1,-24,11,448,0,0.02,0,-1;
custom,boulder3,rock3,16,3,5,0,1,1,1,1,1,-7,-8,53,0,1,0,-0.02;
custom,boulder3,rock3,5,5,5,0,1,1,1,1,1,81,27,56,0,1,0,-0.02;
custom,boulder3,rock3,5,5,5,0,1,1,1,1,1,-106,25,53,-0.14,0.99,0.01,-0.04;
custom,cave2,lava1,1,1,1,0,1,1,1,1,1,-43,92,156,0,0.16,0,-0.99;
custom,cave2,lava1,1,1,1,0,1,1,1,1,1,12,96,251,0,0.17,0,0.98;
custom,cave2,lava1,1,1,1,0,1,1,1,1,1,-77,95,233,0,0.11,0,-0.99;
custom,cave2,lava1,1,1,1,0,1,1,1,1,1,-33,95,297,0,0.03,0,1;
custom,cave2,lava1,1,1,1,0,1,1,1,1,1,25,93,128,0,0.15,0,0.99;
custom,cave2,lava1,1,1,1,0,1,1,1,1,1,40,94,351,0,0.28,0,0.96;
custom,cave2,lava1,1,1,1,0,1,1,1,1,1,-88,93,357,0,0.08,0,-1;
custom,cave2,lava1,1,1,1,0,1,1,1,1,1,-22,93,402,0,0.03,0,-1;
custom,cave2,lava1,1,1,1,0,1,1,1,1,1,-97,96,127,0,0.13,0,-0.99;
custom,cave2,lava1,1,2,1,0,1,1,1,1,1,-13,99,210,0,0.01,0,-1;
custom,cave2,lava1,1,0.5,1,0,1,1,1,1,1,-96,93,184,0,0.2,0,-0.98;
custom,cave2,lava1,1,0.5,1,0,1,1,1,1,1,78,93,210,0,0.07,0,1;
custom,cave2,lava1,1,1,1,0,1,1,1,1,1,61,93,276,0,0.15,0,0.99;
custom,boulder4,rock3,3,2,3,0,1,1,1,1,1,-70,-5,143,0,0.22,0,-0.98;
custom,boulder4,rock3,3,2,3,0,1,1,1,1,1,45,-2,124,0,0.36,0,0.93;
custom,boulder4,rock3,3,2,3,0,1,1,1,1,1,-115,-6,339,0,0.14,0,-0.99;
custom,boulder4,rock3,3,2,3,0,1,1,1,1,1,71,-5,273,0,0.09,0,1;
custom,boulder4,rock3,5,2,5,0,1,1,1,1,1,-19,-2,265,0,0.57,0,0.82;
custom,cuboid,lava1,30,1,70,0,1,1,1,1,2.5,-8,-4,257,0,0.01,0,1;
racing,killcuboid,29.975,0.975,69.975,-8,-4,257,0,0.01,0,1;
custom,boulder3,rock3,7,3,6,0,1,1,1,1,1,-30,1,475,0,1,0,0.04;
custom,boulder3,rock3,8,3,16,0,1,1,1,1,1,15,3,546,0,0.73,0,-0.68;
custom,boulder3,rock3,8,3,16,0,1,1,1,1,1,-99,3,536,0,0.72,0,-0.69;
custom,boulder5,rock3,6,4,6,0,1,1,1,1,1,-291,-7,619,0,0.82,0,0.57;
custom,boulder5,rock3,6,4,6,0,1,1,1,1,1,-324,-3,579,0,0.58,0,-0.82;
custom,boulder5,rock3,20,4,6,0,1,1,1,1,1,-325,-6,488,0,0.72,0,-0.7;
custom,boulder5,rock3,20,4,6,0,1,1,1,1,1,-335,-5,362,0,0.64,0,-0.76;
custom,boulder5,rock3,20,4,6,0,1,1,1,1,1,-258,-11,152,0,0.35,0,-0.94;
custom,boulder5,rock3,20,4,6,0,1,1,1,1,1,-429,-15,157,0,0.84,0,-0.54;
custom,boulder5,rock3,20,4,6,0,1,1,1,1,1,-321,-15,96,0,1,0,-0.1;
custom,boulder5,rock3,6,4,6,0,1,1,1,1,1,-359,-14,274,0,0.13,0,0.99;
custom,boulder5,rock3,6,4,20,0,1,1,1,1,1,-484,-5,302,0,0.03,0,-1;
custom,boulder5,rock3,6,4,50,0,1,1,1,1,1,-637,-3,256,0,1,0,0.02;
custom,boulder5,rock3,20,4,6,0,1,1,1,1,1,-599,-15,525,0,0.37,0,-0.93;
custom,boulder5,rock3,20,4,6,0,1,1,1,1,1,-492,-13,601,0,0.15,0,0.99;
custom,boulder5,rock3,6,4,6,0,1,1,1,1,1,-357,-11,574,0,0.22,0,0.97;
custom,boulder5,rock3,6,4,6,0,1,1,1,1,1,-393,-10,581,0,0.12,0,0.99;
custom,boulder3,rock3,20,2,10,0,1,1,1,1,1,-515,13,59,-0.01,0.06,-0.01,-1;
custom,boulder3,rock3,14,3,10,0,1,1,1,1,1,-164,-9,565,0,0.03,0,1;
custom,boulder3,rock3,14,3,10,0,1,1,1,1,1,-214,-4,534,0,0.07,0,1;
custom,boulder5,rock3,5,4,5,0,1,1,1,1,1,-495,-4,434,0,1,0,-0.09;
custom,boulder5,rock3,5,4,5,0,1,1,1,1,1,-497,-1,408,0,0.68,0,-0.73;
custom,boulder5,rock3,5,4,5,0,1,1,1,1,1,-499,-1,382,0,0.64,0,-0.77;
custom,boulder5,rock3,5,4,5,0,1,1,1,1,1,-414,-10,89,0,0.92,0,0.39;
custom,boulder5,rock3,5,4,5,0,1,1,1,1,1,-423,-10,64,0,0.93,0,0.35;
custom,boulder5,rock3,5,4,5,0,1,1,1,1,1,-619,-7,42,0,0.93,0,-0.37;
custom,boulder5,rock3,5,4,5,0,1,1,1,1,1,-605,-4,19,0,0.89,0,-0.46;
custom,boulder5,rock3,5,10,5,0,1,1,1,1,1,-419,-16,91,0,0.69,0,-0.73;
custom,boulder5,rock3,5,10,5,0,1,1,1,1,1,-632,-19,44,0,0.67,0,-0.74;
custom,boulder5,rock3,5,10,5,0,1,1,1,1,1,-627,-22,68,0,0.65,0,-0.76;
custom,boulder3,rock3,10,2,5,0,1,1,1,1,1,-530,107,72,0,1,0,0.04;
custom,boulder3,rock3,10,2,5,0,1,1,1,1,1,-523,99.11966,76,0,0.009999501,0,-0.9999501;
custom,boulder3,rock3,10,2,5,0,1,1,1,1,1,-520.5669,100.3197,68.5123,0,0.009999501,0,-0.9999501;
custom,cuboid,lava1,60,1,62,0,1,1,1,2.5,2.5,-475,-4,329,0,1,0,-0.02;
racing,killcuboid,59.975,0.975,61.975,-475,-4,329,0,1,0,-0.02;
custom,boulder5,rock3,2,5,2,0,1,1,1,1,1,-445,-8,460,0,0.12,0,-0.99;
custom,boulder5,rock3,2,5,6,0,1,1,1,1,1,-539,-5,182,0,1,0,0.02;
custom,boulder3,rock3,10,0.5,3,0,1,1,1,1,1,-572,51,383,0,1,0,0.02;
custom,boulder3,rock3,2,2,4,0,1,1,1,1,1,-528,52,383,0,1,0,0.03;
custom,boulder3,rock3,2,2,4,0,1,1,1,1,1,-617,54,385,0,0.97,0,-0.24;
custom,boulder5,rock3,4,5,2,0,1,1,1,1,1,-220,-4,380,0,1,0,-0.04;
custom,boulder5,rock3,4,5,2,0,1,1,1,1,1,-320,-9,296,0,1,0,-0.03;
custom,boulder5,rock3,4,5,2,0,1,1,1,1,1,-292,-4,295,0,1,0,0.02;
custom,boulder4,rock3,3,2,3,0,1,1,1,1,1,-352,-15,193,0,0.87,0,0.5;
custom,boulder4,rock3,2,1,2,0,1,1,1,1,1,-413,0,345,0,0.04,0,1;
custom,boulder4,rock3,2,1,2,0,1,1,1,1,1,-555,1,286,0,1,0,0.03;
custom,boulder4,rock3,2,1,2,0,1,1,1,1,1,-589,-1,487,0,0.76,0,-0.65;
custom,boulder4,rock3,2,1,2,0,1,1,1,1,1,-374,0,538,0,0.47,0,0.88;
custom,boulder4,rock3,2,1,2,0,1,1,1,1,1,-255,-4,417,0,0.88,0,-0.47;
custom,boulder5,rock3,10,6,3,0,1,1,1,1,1,65,8,553,0,0.63,0,0.78;
custom,boulder5,rock3,10,6,3,0,1,1,1,1,1,17,10,579,0,0.26,0,0.97;
custom,boulder5,rock3,10,6,3,0,1,1,1,1,1,-270,24,602,0,0.05,0,1;
custom,boulder3,rock3,40,2,70,0,1,1,1,1,1,-494,91,511,0,0.69,0,-0.73;
custom,boulder3,rock3,5,2,5,0,1,1,1,1,1,-107,94,570,0,0.12,0,0.99;
custom,boulder3,rock3,5,2,10,0,1,1,1,1,1,-115,103,552,0,0.2,0,0.98;
custom,cave2,lava1,1,1,1,0,1,1,1,1,1,-239,84,231,0,1,0,0.03;
custom,cave2,lava1,1,1,1,0,1,1,1,1,1,-277,77,465,0,0.75,0,-0.66;
custom,cave2,lava1,1,1,1,0,1,1,1,1,1,-373,85,155,0,0.7,0,-0.72;
custom,cave2,lava1,1,1,1,0,1,1,1,1,1,-440,74,413,0,0.17,0,-0.99;
custom,cave2,lava1,1,1,1,0,1,1,1,1,1,-384,72,440,0,0.01,0,-1;
custom,cave2,lava1,1,1,1,0,1,1,1,1,1,-536,74,518,0,0.74,0,-0.67;
custom,cave2,lava1,1,1,1,0,1,1,1,1,1,-549,80,242,0,1,0,0.05;
custom,boulder3,rock3,4,3,4,0,1,1,1,1,1,-615,104,105,0,0.32,0,-0.95;
custom,boulder3,rock3,4,3,4,0,1,1,1,1,1,-565,115,98,0,0.43,0,0.9;
custom,elevator1,default,1,2,1,0,1,1,1,1.0,1.0,36.97525,64.69563,227.2182,0,0.02008357,0,0.9997983;
custom,elevator1,default,1,2,1,0,1,1,1,1.0,1.0,-56.33129,65.40759,356.1075,0,0.002335765,0,0.9999973;
custom,elevator1,default,1,2,1,0,1,1,1,1.0,1.0,-273.3105,46.6439,547.5041,0,0.1133934,0,-0.9935502;
custom,elevator1,default,1,2,1,0,1,1,1,1.0,1.0,-340.3236,54.81646,156.1034,0,0.8890352,0,-0.4578388;
custom,elevator1,default,1,2,1,0,1,1,1,1.0,1.0,-378.3215,44.6773,529.2665,0,0.1190007,0,0.9928942;
custom,elevator1,default,1,2,1,0,1,1,1,1.0,1.0,-508.6558,55.59204,115.5534,0,0.5871387,0,0.8094864;
custom,sphere,default,1.25,2,1.25,1,1,1,0,1.0,1.0,36.97525,74.69563,227.2182,0,0.02008357,0,0.9997983;
custom,sphere,default,1.25,2,1.25,1,1,1,0,1.0,1.0,-56.33129,75.40759,356.1075,0,0.002335765,0,0.9999973;
custom,sphere,default,1.25,2,1.25,1,1,1,0,1.0,1.0,-273.3105,56.6439,547.5041,0,0.1133934,0,-0.9935502;
custom,sphere,default,1.25,2,1.25,1,1,1,0,1.0,1.0,-340.3236,64.81646,156.1034,0,0.8890352,0,-0.4578388;
custom,sphere,default,1.25,2,1.25,1,1,1,0,1.0,1.0,-378.3215,54.6773,529.2665,0,0.1190007,0,0.9928942;
custom,sphere,default,1.25,2,1.25,1,1,1,0,1.0,1.0,-508.6558,65.59204,115.5534,0,0.5871387,0,0.8094864;
custom,boulder4,crystal2,5,5,5,0,1,1,1,1.0,1.0,-645.3252,7.018956,-57.10446,0,0.009056798,0,0.999959;
custom,boulder2,crystal2,5,5,5,0,1,1,1,1.0,1.0,-433.902,44.2466,-2.82429,0,0.8456629,0,0.5337175;
custom,boulder1,crystal2,10,2,5,0,1,1,1,1.0,1.0,-520.2747,105.93,35.56396,0.01326075,0.02252001,0.0002987342,-0.9996584;
custom,boulder4,rock3,5,5,5,0,1,1,1,1.0,1.0,-583.8325,13.86488,30.21622,0,0.7896647,0,-0.6135387;
custom,boulder4,rock3,5,5,5,0,1,1,1,1.0,1.0,-443.8325,13.86488,30.21622,0,0.7896647,0,-0.6135387;
custom,boulder4,crystal2,2,6,5,0,1,1,1,1,1,-583.0056601,6.86,-807.3332136,0,0.7112668,0,-0.7029222;
custom,boulder4,crystal2,2,6,10,0,1,1,1,1,1,-456.7892796,6.74,-664.545629,0,0.108492,0,0.9940973;
custom,boulder4,crystal2,2,6,5,0,1,1,1,1,1,-438.4500145,8.11,-593.5222205,0,0.9973207,0,-0.073153;
custom,boulder4,crystal2,2,6,40,0,1,1,1,1,1,-671.955986,1.95,-526.7013202,0,-0.0025478,0,0.9999968;
custom,boulder4,crystal2,2,6,30,0,1,1,1,1,1,-455.9646,2.76,-434.6032,0,-0.0284027,0,0.9995966;
custom,boulder4,crystal2,2,6,10,0,1,1,1,1,1,-627.1627159,12.06,-792.3023614,0,0.9649735,0,0.2623473;
custom,boulder4,crystal2,2,6,10,0,1,1,1,1,1,-483.7699948,-0.71,-751.8377295,0,0.39136,0,0.9202376;
custom,boulder4,crystal2,2,6,5,0,1,1,1,1,1,-543.4645098,9.44,-808.0658344,0.0095534,0.862981,0.0030122,-0.5051371;
custom,boulder4,crystal2,2,6,50,0,1,1,1,1,1,-570.9327924,2.18,-306.2483231,0,0.9999501,0,-0.0099887;
custom,boulder4,crystal2,2,6,2,0,1,1,1,1,1,-505.8211719,10.34,-511.3061141,0,0.9980236,0,0.0628397;
custom,boulder4,crystal2,2,6,40,0,1,1,1,1,1,-800.0765091,-5.39,-379.4843442,0,0.9973207,0,-0.073153;
custom,boulder3,crystal2,4,6,4,0,1,1,1,1,1,-452.7653872,36.54,-36.368707,0,0.6724012,0,0.7401868;
custom,boulder5,crystal2,3,3,3,0,1,1,1,1,1,-513.2546493,11.718995,-145.2857463,0,0.9999996,0,0.0008891;
custom,boulder4,crystal2,2,6,2,0,1,1,1,1,1,-543.7545598,11.32,-284.2514375,0,0.9998104,0,-0.0194713;
custom,boulder4,crystal2,2,6,10,0,1,1,1,1,1,-580.1701979,10.05,-578.6499604,0,0.0638575,0,0.997959;
custom,boulder4,crystal2,2,6,2,0,1,1,1,1,1,-603.2250811,11.76,-554.7029259,0,0.0321841,0,0.999482;
custom,boulder4,crystal2,2,6,5,0,1,1,1,1,1,-580.418328,3.58,-649.9338227,0,0.0194713,0,0.9998104;
custom,boulder4,crystal2,2,6,2,0,1,1,1,1,1,-675.0425389,10.97,-199.5463949,0,0.9973207,0,-0.073153;
custom,boulder4,crystal2,2,6,2,0,1,1,1,1,1,-661.7988154,6.81,-329.099526,0,-0.0312601,0,0.9995113;
custom,boulder4,crystal2,2,6,15,0,1,1,1,1,1,-664.5911432,-2.68,-38.105457,0,0.8966323,0,-0.4427759;
custom,boulder4,crystal2,2,6,10,0,1,1,1,1,1,-679.5023686,9.41,-264.745589,0,0.9991336,0,-0.0416169;
custom,boulder3,crystal2,3,6,3,0,1,1,1,1,1,-602.2744643,29.52,-27.5172168,0,0.1266342,0,0.9919495;
custom,boulder3,crystal2,5,6,3,0,1,1,1,1,1,-752.3931186,45.3,-114.7592901,0,0.4490156,0,-0.8935239;
custom,boulder4,crystal2,5,2,3,0,1,1,1,1,1,-647.1098908,-1.72,-112.1493002,0,-0.0435336,0,0.999052;
custom,boulder4,crystal2,3,6,3,0,1,1,1,1,1,-735.3258677,-2.56,-404.3644114,0,0.9986996,0,-0.0509822;
custom,boulder4,crystal2,1,1,1,0,1,1,1,1,1,-687.6611164,41.73,-229.3305099,-0.54115,0.8337306,0.0592608,-0.0924021;
custom,boulder4,crystal2,1,2,1,0,1,1,1,1,1,-771.4728911,24.74,-203.9902314,0.3628758,0.9179733,-0.0533672,-0.1509904;
custom,boulder4,crystal2,1,2,1,0,1,1,1,1,1,-579.5917527,37.57,-208.55776,-0.4647181,0.8852756,0.0107464,-0.0144471;
custom,boulder4,crystal2,2,6,20,0,1,1,1,1,1,-759.5001738,-2.97,-807.2881599,0,0.9566762,0,0.291154;
custom,boulder3,crystal2,5,6,2,0,1,1,1,1,1,-839.3880704,23.13,-680.2077409,0,0.7359379,0,-0.6770491;
custom,boulder3,crystal2,10,6,2,0,1,1,1,1,1,-831.4644774,24.41,-597.7263668,0,0.6420219,0,-0.7666863;
custom,boulder4,crystal2,3,6,3,0,1,1,1,1,1,-825.849509,3.62,-679.7372548,0,0.347957,0,-0.9375105;
custom,boulder4,crystal2,3,6,3,0,1,1,1,1,1,-708.4219357,-12.36,-671.6146002,0,-0.0312601,0,0.9995113;
custom,boulder4,crystal2,3,6,3,0,1,1,1,1,1,-39.7419881,11.05,-1088.5957223,0,0.9504911,0,-0.3107517;
custom,boulder4,crystal2,3,6,3,0,1,1,1,1,1,-74.3794898,6.69,-985.9008126,0,0.8208861,0,-0.571092;
custom,boulder4,crystal2,3,6,10,0,1,1,1,1,1,-123.2170155,6.81,-940.0388187,0,0.4223158,0,-0.9064487;
custom,boulder4,crystal2,3,6,10,0,1,1,1,1,1,-223.2647254,-1.63,-888.3207141,0,0.599643,0,-0.8002677;
custom,boulder4,crystal2,3,6,10,0,1,1,1,1,1,-315.4926921,9.62,-879.0303613,0,0.6726916,0,-0.739923;
custom,boulder4,crystal2,3,6,10,0,1,1,1,1,1,-535.9483376,3.56,-841.3428078,0,0.6247148,0,-0.780853;
custom,boulder4,crystal2,3,6,10,0,1,1,1,1,1,-443.77642,-1.4,-848.1820265,0,0.7691205,0,0.6391038;
custom,boulder4,crystal2,3,6,10,0,1,1,1,1,1,-367.3216682,10.35,-859.4587559,0,0.780853,0,0.6247148;
custom,boulder4,crystal2,3,6,10,0,1,1,1,1,1,-483.3588542,-3.83,-956.8963393,0,0.8313707,0,0.5557183;
custom,boulder4,crystal2,3,6,10,0,1,1,1,1,1,-223.7262053,-5.19,-1039.4461307,0,0.8002677,0,0.599643;
custom,boulder4,crystal2,3,6,10,0,1,1,1,1,1,-293.0056606,0.61,-1031.495303,0,0.599643,0,-0.8002677;
custom,boulder4,crystal2,3,6,10,0,1,1,1,1,1,-395.1100953,2.68,-1005.938018,0,0.5739419,0,-0.818896;
custom,boulder4,crystal2,3,6,10,0,1,1,1,1,1,-502.5355677,1.94,-997.1200209,0,0.9566762,0,0.291154;
custom,boulder4,crystal2,3,6,10,0,1,1,1,1,1,-229.1870751,4.97,-1087.4374976,0,0.5646043,0,0.8253618;
custom,boulder4,crystal2,3,6,10,0,1,1,1,1,1,-316.0263453,3.93,-1111.9249652,0,0.7050348,0,-0.7091727;
custom,boulder4,crystal2,3,6,10,0,1,1,1,1,1,-467.074184,6.24,-1033.2063447,0,0.9229231,0,0.3849843;
custom,boulder4,crystal2,3,6,5,0,1,1,1,1,1,-421.4698449,5.73,-1075.4969376,0,0.3950307,0,-0.9186679;
custom,boulder4,crystal2,3,6,5,0,1,1,1,1,1,-378.3676937,7.32,-1092.4383855,0,0.7945718,0,0.6071702;
custom,boulder4,crystal2,3,6,20,0,1,1,1,1,1,-656.0116797,-8.2,-976.7212211,0,0.9649735,0,0.2623473;
custom,boulder4,crystal2,3,6,20,0,1,1,1,1,1,-521.8691897,6.72,-1145.9804319,0,0.8890679,0,0.4577753;
custom,boulder4,crystal2,3,6,20,0,1,1,1,1,1,-339.1105895,10,-1218.3283847,0,0.6995852,0,0.7145492;
custom,boulder4,crystal2,3,6,10,0,1,1,1,1,1,-69.6595622,7.53,-1105.9307405,0,0.4617486,0,0.8870108;
custom,boulder4,crystal2,3,6,10,0,1,1,1,1,1,-128.5700702,9.77,-1168.0555677,0,0.9028174,0,-0.430024;
custom,boulder4,crystal2,3,6,10,0,1,1,1,1,1,-207.0310107,13.03,-1222.2742527,0,0.7774805,0,-0.628907;
custom,boulder4,crystal2,3,6,10,0,1,1,1,1,1,-628.3109355,-1.61,-1059.4671609,0,-0.2430457,0,0.9700148;
custom,boulder4,crystal2,3,6,10,0,1,1,1,1,1,-445.5307907,11.25,-1210.0394713,0,0.4680487,0,-0.8837027;
custom,boulder4,crystal2,3,6,3,0,1,1,1,1,1,-450.6294722,5.12,-946.9069822,0,0.7945718,0,0.6071702;
custom,boulder4,crystal2,3,6,3,0,1,1,1,1,1,-343.8233626,10.95,-908.4996218,0,0.7607151,0,0.649086;
custom,boulder4,crystal2,3,6,3,0,1,1,1,1,1,-215.9800958,7.96,-1006.1031316,0,0.8078285,0,0.5894176;
custom,boulder4,crystal2,3,6,3,0,1,1,1,1,1,-563.6299327,6.4,-854.9147824,0,0.754726,0,0.6560401;
custom,boulder4,crystal2,5,6,5,0,1,1,1,1,1,-192.2036458,10.02,-646.4414383,0,0.9746595,0,0.2236938;
custom,boulder4,crystal2,5,6,5,0,1,1,1,1,1,-151.6593844,9.85,-608.6642842,0,0.9700148,0,0.2430457;
custom,boulder4,crystal2,3,6,3,0,1,1,1,1,1,6.3365466,9.84,-1059.2976672,0,0.5209675,0,-0.8535765;
custom,boulder4,crystal2,3,6,3,0,1,1,1,1,1,16.8599775,5.75,-950.3850513,0,0.3758025,0,-0.9266998;
custom,boulder4,crystal2,3,6,3,0,1,1,1,1,1,14.3010999,9.23,-1035.6289475,0,0.5636513,0,-0.8260128;
custom,boulder4,crystal2,3,6,3,0,1,1,1,1,1,15.6121995,7.87,-979.1656619,0,0.5894176,0,-0.8078285;
custom,boulder4,crystal2,3,6,3,0,1,1,1,1,1,17.3281122,7.31,-1011.7429998,0,0.7300312,0,-0.6834138;
custom,boulder4,crystal2,3,6,3,0,1,1,1,1,1,17.4806877,5.31,-919.0526205,0,0.9409363,0,0.3385837;
custom,boulder4,crystal2,3,6,3,0,1,1,1,1,1,7.0331582,6.4,-896.4957052,0,0.9266998,0,0.3758025;
custom,boulder4,crystal2,2,6,15,0,1,1,1,1,1,-64.533347,14.28,-866.7806612,0,0.529215,0,-0.8484878;
custom,boulder4,crystal2,2,6,10,0,1,1,1,1,1,-262.0473415,-8.21,-763.5267813,0,0.9785485,0,-0.2060165;
custom,boulder4,crystal2,3,6,3,0,1,1,1,1,1,-275.1039588,5.38,-848.0397462,0,0.7740088,0,-0.6331749;
custom,boulder4,crystal2,3,6,3,0,1,1,1,1,1,-235.0397484,3.14,-686.8732229,0,-0.3007058,0,0.953717;
custom,boulder4,crystal2,3,6,3,0,1,1,1,1,1,-288.6965227,11.85,-819.5790645,0,0.7050348,0,-0.7091727;
custom,boulder4,crystal2,3,6,3,0,1,1,1,1,1,-246.0926585,8.31,-699.8374691,0,0.3291692,0,-0.9442709;
custom,boulder4,crystal2,2,6,8,0,1,1,1,1,1,-118.1354184,-10,-739.3377578,0,0.6605351,0,0.7507951;
custom,boulder4,crystal2,2,6,5,0,1,1,1,1,1,-88.4447253,3.76,-728.2166453,0,0.0099887,0,0.9999501;
custom,boulder4,crystal2,2,6,5,0,1,1,1,1,1,-102.1842056,8.37,-603.6740058,0,0.6560401,0,-0.754726;
custom,boulder4,crystal2,2,6,5,0,1,1,1,1,1,-69.6993622,6.47,-602.523376,0,0.3849843,0,-0.9229231;
custom,boulder4,crystal2,2,6,5,0,1,1,1,1,1,-38.7771524,8.48,-622.3289166,0,-0.3007058,0,0.953717;
custom,boulder4,crystal2,2,6,5,0,1,1,1,1,1,-27.1849944,5.64,-634.2815344,0,-0.2333746,0,0.9723869;
custom,boulder4,crystal2,2,6,5,0,1,1,1,1,1,-3.4119336,3.05,-667.9191634,0,-0.2333746,0,0.9723869;
custom,boulder4,crystal2,2,6,5,0,1,1,1,1,1,15.260937,1.44,-704.0537024,0,-0.1349609,0,0.9908509;
custom,boulder4,crystal2,2,6,5,0,1,1,1,1,1,20.3637547,8.59,-738.0683206,0,0.1176053,0,0.9930604;
custom,boulder4,crystal2,2,6,5,0,1,1,1,1,1,6.2663186,3.67,-760.9284932,0,0.0638575,0,0.997959;
custom,boulder4,crystal1,2,4,2,0,1,1,1,1,1,-121.015349,17.74,-754.6119189,-0.5457227,0.5648315,-0.4346711,0.4406961;
custom,boulder4,crystal1,2,4,2,0,1,1,1,1,1,-132.015819,21.61,-820.5821021,0.4954418,0.6078303,0.3983078,0.4758473;
custom,boulder4,crystal1,2,4,2,0,1,1,1,1,1,-124.5552123,73.22,-837.2344096,0.5463824,0.571923,0.4232939,0.4418061;
custom,boulder4,crystal1,2,4,2,0,1,1,1,1,1,-104.4379551,72.64,-738.6583452,-0.5091475,0.5602594,-0.4431001,0.4801464;
custom,boulder4,crystal1,1,4,1,0,1,1,1,1,1,-125.1292159,9.93,-786.2905521,0.0149829,0.739004,-0.0475198,0.671856;
custom,boulder4,crystal1,1,6,1,0,1,1,1,1,1,-716.6381842,50.76,-664.5007153,-0.7136361,0.6945369,-0.0675243,0.0615024;
custom,boulder4,crystal1,1,6,1,0,1,1,1,1,1,-808.0857289,42.16,-682.4243192,0.6728654,0.7332132,0.0650725,0.0735943;
custom,boulder4,crystal1,1,3,1,0,1,1,1,1,1,-568.9651341,-4.15,-722.9003963,0,0.6049824,0,0.7962388;
custom,boulder4,crystal1,1,3,1,0,1,1,1,1,1,-552.2181889,8.44,-936.1384002,0,0.8586089,0,0.5126311;
custom,boulder4,crystal2,3,6,3,0,1,1,1,1,1,23.3300809,8.16,-772.5534754,0,0.2494464,0,0.9683886;
custom,boulder4,crystal2,3,6,3,0,1,1,1,1,1,45.9817096,8.09,-783.3543513,0,0.2974417,0,0.95474;
custom,boulder4,rock3,3,6,3,0,1,1,1,1,1,64.8696573,7.93,-793.2259232,0,0.3184532,0,0.9479386;
custom,boulder4,crystal2,3,6,3,0,1,1,1,1,1,-13.5210156,11.8,-1081.3934795,0,0.9028174,0,-0.430024;
custom,boulder4,crystal2,2,8,5,0,1,1,1,1,1,39.89727,2.04,-897.5444,0,0.7757429,0,0.6310491;
custom,boulder3,crystal2,15,1,50,0,1,1,1,1,1,-751.1515486,89.15,-711.9718199,0,-0.271972,0,0.9623052;
custom,boulder3,crystal2,15,1,50,0,1,1,1,1,1,-522.581518,94.19,-1019.4698213,0,0.3197162,0,-0.9475133;
custom,boulder3,crystal2,15,1,50,0,1,1,1,1,1,-280.0756684,95.15,-1026.0062867,0,0.9146229,0,-0.4043081;
custom,boulder3,crystal2,15,1,50,0,1,1,1,1,1,-11.7420907,100.69,-1013.4813626,0,0.943397,0,-0.3316655;
custom,boulder3,crystal2,15,1,50,0,1,1,1,1,1,-393.6848085,92.14,-739.9708969,0,0.9955533,0,0.0941994;
custom,boulder3,crystal2,15,1,50,0,1,1,1,1,1,-665.6913489,88.87,-379.4353163,0,0.9999501,0,-0.0099887;
custom,boulder3,crystal2,15,1,50,0,1,1,1,1,1,-557.7728382,88.56,-581.3642334,0,0.9999272,0,0.0120653;
custom,boulder3,crystal2,15,1,40,0,1,1,1,1,1,-567.2572857,92.68,-203.4735272,0,0.9945849,0,0.1039276;
custom,boulder3,crystal2,15,1,50,0,1,1,1,1,1,-26.6242297,91.58,-684.2824578,0,0.5173136,0,0.8557959;
custom,boulder3,crystal2,5,7,1,0,1,1,1,1,1,-466.589,31.6,-246.116,0,0.6827062,0,0.730693;
custom,boulder3,crystal2,5,7,1,0,1,1,1,1,1,-467.0202078,79.02,-314.913613,0,0.7091727,0,0.7050348;
custom,boulder3,crystal2,5,7,1,0,1,1,1,1,1,-468.8695554,53.85,-102.2940402,0,0.7131575,0,0.7010038;
custom,boulder3,crystal2,5,7,1,0,1,1,1,1,1,-470.459198,43.2,-177.726412,0,0.7088423,0,0.705367;
custom,boulder3,crystal2,5,7,1,0,1,1,1,1,1,-519.5506751,42.5,-776.0370893,0,0.9409363,0,0.3385837;
custom,boulder3,crystal2,5,7,1,0,1,1,1,1,1,-652.0170843,35.74,-729.8180884,0,0.7912664,0,-0.6114716;
custom,boulder3,crystal2,5,7,1,0,1,1,1,1,1,-593.4792,21.03,-38.62586,0,0.4341165,0,0.9008568;
custom,boulder3,crystal2,5,7,1,0,1,1,1,1,1,-715.2782404,35.16,-82.3010673,0,0.404187,0,-0.9146764;
custom,boulder3,crystal2,5,7,1,0,1,1,1,1,1,-771.2053931,48.04,-183.538069,0,0.7451144,0,-0.6669367;
custom,boulder3,crystal2,5,7,1,0,1,1,1,1,1,-822.1475171,28.18,-549.4886933,0,0.6890316,0,-0.7247313;
custom,boulder3,crystal2,5,7,1,0,1,1,1,1,1,-842.8573512,41.46,-640.2272483,0,0.7145492,0,-0.6995852;
custom,boulder3,crystal2,5,7,1,0,1,1,1,1,1,-829.4808495,69.88,-711.4076284,0,0.8700899,0,-0.4928931;
custom,boulder3,crystal2,5,7,1,0,1,1,1,1,1,-708.4579971,82.68,-889.1452592,0,0.9256574,0,-0.3783627;
custom,boulder3,crystal2,5,7,1,0,1,1,1,1,1,-156.3723193,90.13,-1203.5272669,0,0.9303909,0,0.366569;
custom,boulder3,crystal2,5,7,1,0,1,1,1,1,1,-176.3070613,32.11,-912.6338932,0,0.3107517,0,0.9504911;
custom,boulder3,crystal2,5,7,1,0,1,1,1,1,1,-258.9496581,32.27,-882.3731449,0,0.0953718,0,0.9954417;
custom,boulder4,crystal2,2,6,2,0,1,1,1,1,1,-479.2941117,6.54,-725.4357187,0,0.9966015,0,-0.0823739;
custom,boulder4,crystal2,2,6,2,0,1,1,1,1,1,-736.5876942,10.49,-385.2150408,0,0.9998104,0,-0.0194713;
custom,boulder4,crystal2,2,6,2,0,1,1,1,1,1,-751.4753096,-5.46,-516.6792618,-0.4263582,0.9033815,0.0227628,-0.0400303;
custom,boulder4,crystal2,2,6,2,0,1,1,1,1,1,-637.599767,2.57,-974.3887612,0,0.9700148,0,0.2430457;
custom,cuboid,crystal2,150,1,75,0,1,1,1,14,10,-630,10.24,-733.4645,0,1,0,1;
custom,cuboid,crystal2,75,1,75,0,1,1,1,8,8,120,10.24,-833.4645,0,0,0,0;
custom,log2,crystal2,2,1,2,0,1,1,1,1.0,1.0,-525.3785,17.62452,1.682446,0,0.7205579,0,-0.6933948;
custom,boulder1,crystal1,2,1,2,0,1,1,1,1.0,1.0,-517.5404,14.21189,-96.00294,0,0.9996747,0,-0.02550366;
custom,boulder2,crystal2,5,5,1,0,1,1,1,1.0,1.0,-566.5091,53.61339,-30.58542,0,0.7264942,0,0.6871727;
custom,boulder1,rock3,2,5,2,0,1,1,1,1.0,1.0,100.5212,54.0651,-794.1056,0,0.9119397,0,-0.4103243;
custom,log2,crystal2,1,1,2,0,1,1,1,1.0,1.0,41.89285,17.58885,-840.3173,0,0.05187342,0,0.9986537;
custom,boulder1,rock3,1,1,5,0,1,1,1,1.0,1.0,53.54921,16.40431,-844.2879,0,0.9976566,0,-0.06842078;
custom,boulder1,rock3,4,1,4,0,1,1,1,1.0,1.0,121.8518,96.99109,-838.8379,0,0.666775,0,-0.745259;
custom,boulder1,crystal1,2,1,2,0,1,1,1,1.0,1.0,-606.4014,12.95218,-936.179,0,0.9337837,0,0.3578381;
custom,boulder1,crystal1,2,1,2,0,1,1,1,1.0,1.0,-742.0892,14.73599,-337.6685,0.01046157,0.9989697,-0.0004624539,-0.04415948;
custom,boulder1,crystal1,2,1,2,0,1,1,1,1.0,1.0,-639.3165,11.94497,-123.8699,0,0.01040979,0,-0.9999458;
custom,boulder1,crystal1,2,1,2,0,1,1,1,1.0,1.0,-513.5457,13.92146,-467.4505,0,0.9999766,0,-0.006834378;
custom,boulder5,rock3,5,8,5,0,1,1,1,1,1,142,7,-765,0,-0.6816037,0,-0.7317216;
custom,boulder5,rock3,3,8,3,0,1,1,1,1,1,172.5749,9.999938,-788.6171,0,0.8485587,0,-0.5291013;
custom,boulder5,rock3,6,8,50,0,1,1,1,1,1,450,10,-817,0,-0.7219882,0,-0.6919054;
custom,boulder5,rock3,6,8,25,0,1,1,1,1,1,358,9,-966,0,-0.8130547,0,-0.5821873;
custom,boulder5,rock3,6,8,25,0,1,1,1,1,1,541,10,-989,0,0.7779412,0,-0.6283371;
custom,boulder5,rock3,25,8,6,0,1,1,1,1,1,204.9867,12,-936.992,0,0.9937001,0,-0.1120719;
custom,boulder1,rock3,6,3,20,0,1,1,1,1,1,431,112,-907,0,-0.7363275,0,-0.6766253;
custom,boulder1,rock3,6,3,8,0,1,1,1,1,1,607,112,-879,0,0.7317216,0,-0.6816037;
custom,boulder1,rock3,10,3,5,0,1,1,1,1,1,801,19,-1243,0,1,0,0;
custom,boulder1,rock3,10,3,5,0,1,1,1,1,1,773,4,-1220,0,0.997559,0,-0.0698291;
custom,boulder1,rock3,5,3,5,0,1,1,1,1,1,877,41,-1263,0,-0.99995,0,-0.0099995;
custom,boulder1,rock3,5,3,5,0,1,1,1,1,1,803,44,-1271,0,0.9998001,0,-0.019996;
custom,boulder1,rock3,10,3,2,0,1,1,1,1,1,825,63,-1264,0,0.9998001,0,-0.019996;
custom,boulder1,rock3,10,3,3,0,1,1,1,1,1,826,-3,-1199,0,-0.99995,0,-0.0099995;
custom,boulder1,rock3,3,8,14,0,1,1,1,1,1,719,45,-1117,0,-0.9950372,0,-0.0995037;
custom,boulder1,rock3,3,8,8,0,1,1,1,1,1,866,48,-926,0,-0.943545,0,-0.3312445;
custom,boulder1,rock3,3,8,8,0,1,1,1,1,1,786,42,-863,0,-0.8130547,0,-0.5821873;
custom,boulder5,rock3,3,5,3,0,1,1,1,1,1,934,111,-1307,0,-0.7121038,0,-0.7020742;
custom,boulder5,rock3,3,5,3,0,1,1,1,1,1,814,104,-1305,0,-0.9982048,0,-0.0598923;
custom,boulder5,rock3,3,5,3,0,1,1,1,1,1,702,6,-982,0,0.8530337,0,-0.5218559;
custom,boulder3,rock3,10,3,4,0,1,1,1,1,1,815,97,-1059,-0.0299895,-0.8996852,0.4298496,-0.0699755;
custom,boulder3,rock3,10,3,4,0,1,1,1,1,1,829,94,-1040,0,-1,0,0;
custom,boulder3,rock3,10,3,4,0,1,1,1,1,1,820,98,-1020,0,-1,0,0;
custom,boulder3,rock3,10,3,4,0,1,1,1,1,1,750,98,-939,0,-0.8411785,0,-0.5407576;
custom,boulder3,rock3,10,3,4,0,1,1,1,1,1,768,100,-956,0,-0.860129,0,-0.5100765;
custom,boulder3,rock3,10,3,4,0,1,1,1,1,1,867,98,-946,0,-0.5174193,0,-0.855732;
custom,boulder3,rock3,10,3,4,0,1,1,1,1,1,843,104,-952,0,-0.4982839,0,-0.8670139;
custom,boulder1,rock3,5,5,5,0,1,1,1,1,1,803,150,-988,0,-0.8924128,0,-0.4512199;
custom,boulder3,rock3,6,1,3,0,1,1,1,1,1,871,185,-1294,0,-0.9959744,0,-0.0896377;
custom,boulder5,rock3,6,8,3,0,1,1,1,1,1,785,72,-1287,0,0.9291641,0,-0.3696674;
custom,boulder5,rock3,6,8,3,0,1,1,1,1,1,750,75,-1259,0,0.9626509,0,-0.2707456;
custom,boulder5,rock3,20,8,3,0,1,1,1,1,1,714,102,-1170,0,0.7828233,0,-0.6222441;
custom,cuboid,rock3,26,2,38,0,1,1,1,1,1,801,176,-1241,0.0099632,-0.9863572,-0.1594113,-0.0398528;
custom,boulder1,rock3,5,1,3,0,1,1,1,1.0,1.0,881.3467,194.9594,-1321.133,0,0.006989096,0,-0.9999756;
custom,boulder3,rock3,10,1,6,0,1,1,1,1,1,725,104,-928,0,-0.8289644,0,-0.5593013;
custom,boulder3,rock3,10,1,6,0,1,1,1,1,1,716,108,-889,0,-0.8713079,0,-0.4907367;
custom,cave1,rock3,1,1,1,0,1,1,1,1,1,829,1,-1131,0,-0.9987523,0,-0.0499376;
custom,cave1,rock3,1,1,1,0,1,1,1,1,1,873,-1,-1101,0,-0.9959744,0,-0.0896377;
custom,cave1,rock3,1,1,1,0,1,1,1,1,1,778,-6,-1100,0,0.99995,0,-0.0099995;
custom,cave1,rock3,1,1,1,0,1,1,1,1,1,887,36,-1232,0,0,0,-1;
custom,cave1,rock3,1,1,1,0,1,1,1,1,1,811,43,-1221,0,0.039968,0,-0.999201;
custom,cave1,rock3,1,0.5,1,0,1,1,1,1,1,770,11,-1022,0,-0.9871905,0,-0.1595459;
custom,cave1,rock3,1,0.5,1,0,1,1,1,1,1,804,9,-1007,0,-0.9855748,0,-0.1692401;
custom,cave1,rock3,1,0.5,1,0,1,1,1,1,1,852,7,-1017,0,-0.9707283,0,-0.2401802;
custom,cave1,rock3,1,0.5,1,0,1,1,1,1,1,823,10,-968,0,-0.8411785,0,-0.5407576;
custom,cave1,rock3,1,0.5,1,0,1,1,1,1,1,760,6,-968,0,-0.9291641,0,-0.3696674;
custom,cave1,rock3,1,0.5,1,0,1,1,1,1,1,779,9,-928,0,-0.8211092,0,-0.5707711;
custom,cave1,rock3,1,0.5,1,0,1,1,1,1,1,734,10,-928,0,-0.8778956,0,-0.4788521;
custom,cave1,rock3,1,0.5,1,0,1,1,1,1,1,692,8,-937,0,-0.8983844,0,-0.4392101;
custom,cave1,rock3,1,0.5,1,0,1,1,1,1,1,709,10,-890,0,-0.8,0,-0.6;
custom,cave1,rock3,1,0.5,1,0,1,1,1,1,1,589,10,-901,0,-0.7169949,0,-0.6970784;
custom,cave2,rock3,2,-1,2,0,1,1,1,1,1,818,-15,-1058,0,-0.9927338,0,-0.1203314;
custom,boulder4,rock3,0.7,10,0.7,0,1,1,1,1,1,461,66,-970,-0.49995,-0.509949,-0.489951,-0.49995;
custom,boulder5,rock3,0.7,10,0.7,0,1,1,1,1,1,534,32,-977,-0.509949,-0.49995,-0.49995,-0.489951;
custom,boulder4,rock3,0.7,10,0.7,0,1,1,1,1,1,371,38,-947,-0.5816016,-0.5615464,-0.4211598,-0.4111322;
custom,cuboid,lava1,20,1,80,0,1,1,1,1.5,7.5,446,11,-913,0,-0.759962,0,-0.6499675;
racing,killcuboid,19.975,0.975,79.975,446,11,-913,0,-0.759962,0,-0.6499675;
custom,cuboid,lava1,30,1,25,0,1,1,1,2.5,2.5,790,10.400001,-1091,0,0.759962,0,-0.6499675;
racing,killcuboid,29.975,0.975,24.975,790,10.400001,-1091,0,0.759962,0,-0.6499675;
custom,boulder3,rock3,6,3,20,0,1,1,1,0.8,0.5,227,114,-863,0,-0.7507135,0,-0.6606279;
custom,boulder3,rock3,3,10,3,0,1,1,1,0.8,0.5,132,153,-793,0,0.5774647,0,-0.8164156;
custom,boulder1,rock3,4,2,2,0,1,1,1,0.8,0.5,159.7062,105.2833,-858.2709,0,0.6015137,0,-0.7988625;
custom,boulder1,rock3,5,3,2,0,1,1,1,0.8,0.5,841,102,-1287,0,-0.999201,0,-0.039968;
custom,boulder1,rock3,2,2,2,0,1,1,1,0.8,0.5,897,120,-1286,0,-0.9707283,0,-0.2401802;
custom,elevator1,default,1,2,1,0,1,1,1,1,1,432.18387,58.99511,-940.0522,0,-0.9458782,0,-0.3245219;
custom,elevator1,default,1,2,1,0,1,1,1,1,1,894.8066,52.29117,-1014.1184,0,-0.850888,0,-0.5253472;
custom,elevator1,default,1,2,1,0,1,1,1,1,1,777.9275,137.4498,-1238.71399,0,0.9591747,0,-0.2828143;
custom,sphere,default,1.25,2,1.25,1,1,1,0,1,1,432.18387,68.99511,-940.0522,0,-0.9458782,0,-0.3245219;
custom,sphere,default,1.25,2,1.25,1,1,1,0,1,1,894.8066,62.29117,-1014.1184,0,-0.850888,0,-0.5253472;
custom,sphere,default,1.25,2,1.25,1,1,1,0,1,1,777.9275,147.4498,-1238.71399,0,0.9591747,0,-0.2828143;
custom,boulder2,rock3,20,10,1,0,1,1,1,2,2,915.4352,134.3466,-1135.60735,0,0.7493052,0,-0.6622248;
custom,boulder2,rock3,2,2,2,0,1,1,1,1,1,917.6752,95.30047,-1277.66294,0.3732024,0.2608139,0.1101721,-0.8834921;
custom,boulder1,rock3,5,1,2,0,1,1,1,1.0,1.0,879.3918,126.0384,-1311.366,0,0.01750276,0,0.9998468;
custom,boulder4,crystal2,3,6,3,0,1,1,1,1,1,803.88,122.97,-1326.45,0,-0.7952035,0,-0.6063427;
custom,boulder4,crystal2,3,6,3,0,1,1,1,1,1,801.18,121.75,-1350.88,0,-0.4392101,0,-0.8983844;
custom,boulder4,crystal2,3,6,3,0,1,1,1,1,1,814.13,123.09,-1381.92,0,-0.3696674,0,-0.9291641;
custom,boulder4,crystal2,3,6,3,0,1,1,1,1,1,922.3646,125.63,-1357.121,0,0.4223026,0,-0.906455;
custom,boulder4,crystal2,3,6,3,0,1,1,1,1,1,921.28,125.57,-1387.36,0,0,0,-1;
custom,boulder4,crystal2,3,6,3,0,1,1,1,1,1,910.98,129.02,-1410.12,0,-0.4392101,0,-0.8983844;
custom,boulder4,crystal2,3,6,3,0,1,1,1,1,1,903.87,127.82,-1428.86,0,-0.5174193,0,-0.855732;
custom,boulder4,crystal2,3,6,3,0,1,1,1,1,1,891.21,127.86,-1449.07,0,-0.5774647,0,-0.8164156;
custom,boulder4,crystal2,3,6,3,0,1,1,1,1,1,818.2,122.61,-1476.95,0,-0.860129,0,-0.5100765;
custom,boulder4,crystal2,3,6,3,0,1,1,1,1,1,869.05,126.03,-1467.94,0,0.9968153,0,-0.0797452;
custom,boulder4,crystal2,3,6,3,0,1,1,1,1,1,843.35,123.08,-1476.19,0,0.9950372,0,-0.0995037;
custom,boulder4,crystal2,3,6,3,0,1,1,1,1,1,785.11,114.88,-1375.08,0,-0.5407576,0,-0.8411785;
custom,boulder4,crystal2,3,6,3,0,1,1,1,1,1,755.75,122.8,-1384.5,0,0.2095291,0,-0.9778024;
custom,boulder4,crystal2,3,6,3,0,1,1,1,1,1,728.35,123.72,-1398.97,0,0.140021,0,-0.9901485;
custom,boulder4,crystal2,3,6,3,0,1,1,1,1,1,696.97,114.12,-1417.41,0,0.0698291,0,-0.997559;
custom,boulder4,crystal2,3,6,3,0,1,1,1,1,1,688.07,120.37,-1437.96,0,0.0896377,0,-0.9959744;
custom,boulder4,crystal2,3,6,3,0,1,1,1,1,1,680.87,108.58,-1455.78,0,0.0797452,0,-0.9968153;
custom,boulder4,crystal2,3,6,3,0,1,1,1,1,1,799.31,123.39,-1579.18,0,-0.6499675,0,-0.759962;
custom,boulder4,crystal2,3,6,3,0,1,1,1,1,1,683.42,122.94,-1475.63,0,0.8713079,0,-0.4907367;
custom,boulder4,crystal2,3,6,3,0,1,1,1,1,1,778.81,125.8,-1582.65,0,0.9778024,0,-0.2095291;
custom,boulder4,crystal2,3,6,3,0,1,1,1,1,1,752.01,127.04,-1576.63,0,0.9242614,0,-0.3817602;
custom,boulder4,crystal2,3,6,3,0,1,1,1,1,1,727.05,125.68,-1568.84,0,0.8883581,0,-0.4591514;
custom,boulder4,crystal2,3,6,3,0,1,1,1,1,1,705.74,121.99,-1556,0,0.8083043,0,-0.5887649;
custom,boulder4,crystal2,3,6,3,0,1,1,1,1,1,689.65,120.37,-1541.05,0,0.8530337,0,-0.5218559;
custom,boulder4,crystal2,3,6,3,0,1,1,1,1,1,671.53,126.22,-1511.97,0,0.7690393,0,-0.6392015;
custom,boulder4,crystal2,3,6,3,0,1,1,1,1,1,688.28,125.9,-1514.15,0,0.8924128,0,-0.4512199;
custom,boulder4,crystal2,3,6,3,0,1,1,1,1,1,800.29,110.46,-1482.13,0,-0.6711756,0,-0.7412984;
custom,boulder4,crystal2,3,6,3,0,1,1,1,1,1,820.46,117.35,-1593.57,0,0.6970784,0,-0.7169949;
custom,boulder4,crystal2,3,6,3,0,1,1,1,1,1,868.35,118.64,-1491.24,0,0.5407576,0,-0.8411785;
custom,boulder4,crystal2,3,6,3,0,1,1,1,1,1,892.96,123.8,-1507.16,0,-0.3902928,0,-0.9206908;
custom,boulder4,crystal2,3,6,3,0,1,1,1,1,1,909.73,124.2,-1528,0,0.0896377,0,-0.9959744;
custom,boulder4,crystal2,3,6,3,0,1,1,1,1,1,924.08,118.82,-1543.12,0,0.0797452,0,-0.9968153;
custom,boulder4,crystal2,3,6,3,0,1,1,1,1,1,929.3,123.25,-1561.22,0,-0.0995037,0,-0.9950372;
custom,boulder4,crystal2,3,6,3,0,1,1,1,1,1,935.66,127.43,-1583.75,0,-0.1903334,0,-0.9817195;
custom,boulder4,crystal2,3,6,3,0,1,1,1,1,1,845.5,116.48,-1687.27,0,-0.6222441,0,-0.7828233;
custom,boulder4,crystal2,3,6,3,0,1,1,1,1,1,933.51,123.12,-1614.26,0,-0.8713079,0,-0.4907367;
custom,boulder4,crystal2,3,6,3,0,1,1,1,1,1,911.92,128.49,-1650.06,0,-0.947681,0,-0.3192189;
custom,boulder4,crystal2,3,6,3,0,1,1,1,1,1,898.7,128.02,-1666.44,0,-0.9659036,0,-0.258902;
custom,boulder4,crystal2,3,6,3,0,1,1,1,1,1,873.83,126,-1684.67,0,-0.9798041,0,-0.19996;
custom,boulder4,crystal2,3,6,3,0,1,1,1,1,1,928.74,126.92,-1635.98,0,-0.8883581,0,-0.4591514;
custom,boulder4,crystal2,3,6,3,0,1,1,1,1,1,699.67,118.4,-1689.92,0,-0.6919054,0,-0.7219882;
custom,boulder4,crystal2,3,6,3,0,1,1,1,1,1,748.21,125.04,-1596.27,0,-0.8211092,0,-0.5707711;
custom,boulder4,crystal2,3,6,3,0,1,1,1,1,1,734.04,127.41,-1619.03,0,-0.8335922,0,-0.5523804;
custom,boulder4,crystal2,3,6,3,0,1,1,1,1,1,721.63,122.73,-1637.96,0,-0.8485587,0,-0.5291013;
custom,boulder4,crystal2,3,6,3,0,1,1,1,1,1,709.39,121.69,-1667.62,0,-0.8335922,0,-0.5523804;
custom,boulder4,crystal2,3,6,3,0,1,1,1,1,1,896.35,119.93,-1792.85,0,-0.0797452,0,-0.9968153;
custom,boulder4,crystal2,3,6,3,0,1,1,1,1,1,873.12,122.52,-1796.65,0,-0.9855748,0,-0.1692401;
custom,boulder4,crystal2,3,6,3,0,1,1,1,1,1,847.78,122.16,-1805.81,0,0.9959744,0,-0.0896377;
custom,boulder4,crystal2,3,6,3,0,1,1,1,1,1,823.02,129.54,-1804.6,0,0.9626509,0,-0.2707456;
custom,boulder4,crystal2,3,6,3,0,1,1,1,1,1,795.47,130.72,-1799.28,0,0.8883581,0,-0.4591514;
custom,boulder4,crystal2,3,6,3,0,1,1,1,1,1,772.18,125.89,-1786.41,0,0.8366185,0,-0.5477859;
custom,boulder4,crystal2,3,6,3,0,1,1,1,1,1,751.87,124.17,-1771.92,0,0.8485587,0,-0.5291013;
custom,boulder4,crystal2,3,6,3,0,1,1,1,1,1,732.72,125.3,-1756.2,0,0.8530337,0,-0.5218559;
custom,boulder4,crystal2,3,6,3,0,1,1,1,1,1,717.07,125.29,-1738.61,0,0.8,0,-0.6;
custom,boulder4,crystal2,3,6,3,0,1,1,1,1,1,706.68,119.78,-1718.5,0,0.8083043,0,-0.5887649;
custom,boulder4,crystal2,3,6,3,0,1,1,1,1,1,842.38,112.95,-1691.13,0,0.999201,0,-0.039968;
custom,boulder4,crystal2,3,6,3,0,1,1,1,1,1,814.72,115.72,-1689.64,0,-0.6332378,0,-0.7739573;
custom,boulder4,crystal2,3,6,3,0,1,1,1,1,1,807.8,116.96,-1693.51,0,-0.6222441,0,-0.7828233;
custom,boulder4,crystal2,3,6,3,0,1,1,1,1,1,922,121.99,-1793.4,0,0.8924128,0,-0.4512199;
custom,boulder4,crystal2,3,6,3,0,1,1,1,1,1,943.37,118.26,-1777.42,0,-0.9778024,0,-0.2095291;
custom,boulder4,crystal2,3,6,3,0,1,1,1,1,1,967.8,115.19,-1764.79,0,-0.9757163,0,-0.2190383;
custom,boulder4,crystal2,3,6,3,0,1,1,1,1,1,992.06,118.19,-1761.13,0,0.935915,0,-0.3522261;
custom,boulder4,crystal2,3,6,3,0,1,1,1,1,1,1013.64,125.27,-1750.2,0,0.9652264,0,-0.2614155;
custom,boulder4,crystal2,3,6,3,0,1,1,1,1,1,1031.8,120.53,-1732.74,0,0.9982048,0,-0.0598923;
custom,boulder4,crystal2,3,6,3,0,1,1,1,1,1,1046.25,125.38,-1715.07,0,-0.9079594,0,-0.4190582;
custom,boulder4,crystal2,3,6,3,0,1,1,1,1,1,1063.17,124.18,-1692.98,0,-0.9079594,0,-0.4190582;
custom,boulder4,crystal2,3,6,10,0,1,1,1,1,1,1077.85,113.84,-1592.55,0,0.5707711,0,-0.8211092;
custom,boulder4,crystal2,3,6,10,0,1,1,1,1,1,994.62,122.69,-1594.26,0,0.7219882,0,0.6919054;
custom,boulder4,crystal2,3,6,10,0,1,1,1,1,1,1147.88,111.23,-1644.27,0,0.9730211,0,0.2307163;
custom,boulder4,crystal2,3,3,3,0,1,1,1,1,1,952.39,105.17,-1699.57,0,-0.4907367,0,-0.8713079;
custom,boulder4,crystal2,3,6,3,0,1,1,1,1,1,1173.87,123.76,-1715.41,0,-0.8820753,0,-0.4711084;
custom,log2,crystal2,4,4,3,0,1,1,1,1,1,1000.29,163.31,-1837.95,0,0.9117339,0,-0.4107812;
custom,log2,crystal2,4,4,5,0,1,1,1,1,1,1151.36,228,-1857.33,0.1097097,-0.4986802,-0.0598416,-0.85773;
custom,boulder4,crystal2,1,4,1,0,1,1,1,1,1,921.59,125.31,-1949.32,0,-0.4311007,0,-0.9023038;
custom,boulder4,crystal2,1,6,5,0,1,1,1,1,1,851.27,123.8,-1921.88,0,-0.4190582,0,-0.9079594;
custom,boulder4,crystal2,1,6,5,0,1,1,1,1,1,956.59,124.75,-2025.93,-0.0802774,-0.531838,-0.1304508,-0.8328784;
custom,boulder4,crystal2,1,6,5,0,1,1,1,1,1,823.83,125.92,-1954.95,0,-0.19996,0,-0.9798041;
custom,boulder4,crystal2,1,6,5,0,1,1,1,1,1,884.13,124.83,-2027.86,0,-0.7071068,0,-0.7071068;
custom,boulder4,crystal2,1,6,5,0,1,1,1,1,1,822.58,124.8,-1988.91,0,0.3312445,0,-0.943545;
custom,boulder4,crystal2,1,6,5,0,1,1,1,1,1,839.54,126.21,-2015.29,0,0.5100765,0,-0.860129;
custom,boulder4,crystal2,1,6,5,0,1,1,1,1,1,917.83,122.72,-2026.31,0,-0.6222441,0,-0.7828233;
custom,boulder3,crystal2,2,6,2,0,1,1,1,1,1,876.75,165.48,-1894.63,0,0.2307163,0,-0.9730211;
custom,boulder4,crystal2,3,6,3,0,1,1,1,1,1,1159.83,115.42,-1749.05,0,-0.9901485,0,-0.140021;
custom,boulder4,crystal2,3,6,3,0,1,1,1,1,1,1150.07,122.79,-1762.85,0,-0.9855748,0,-0.1692401;
custom,boulder4,crystal2,3,6,3,0,1,1,1,1,1,1169.97,122.32,-1685.74,0,-0.6392015,0,-0.7690393;
custom,boulder4,crystal2,3,1,3,0,1,1,1,1,1,929.67,122.91,-1929.92,0,-0.4392101,0,-0.8983844;
custom,boulder4,crystal2,3,1,3,0,1,1,1,1,1,880.12,127.16,-1898.92,0,-0.1498054,0,-0.9887155;
custom,boulder4,crystal2,3,2,3,0,1,1,1,1,1,953.41,114.96,-1953.37,0,0.4107812,0,-0.9117339;
custom,boulder4,crystal2,5,2,3,0,1,1,1,1,1,984.7421,121.22,-2002.002,0,-0.8039547,0,-0.5946907;
custom,boulder4,crystal2,5,2,3,0,1,1,1,1,1,979.3471,111.3598,-1969.283,0,-0.6755217,0,-0.7373401;
custom,boulder4,crystal2,5,2,3,0,1,1,1,1,1,1016.38,126.1,-2006.28,0,-0.9079594,0,-0.4190582;
custom,boulder4,crystal2,5,2,3,0,1,1,1,1,1,1030.56,133.39,-1964.12,0,-0.6111623,0,-0.7915053;
custom,boulder4,crystal2,5,2,3,0,1,1,1,1,1,1031.92,145.43,-1994.33,0,-0.8983844,0,-0.4392101;
custom,boulder3,crystal2,5,2,3,0,1,1,1,1,1,1016.23,169.41,-1993.14,0,0.9325681,0,0.3609941;
custom,boulder4,crystal2,3,1,3,0,1,1,1,1,1,1085.03,119.46,-1741.14,0,0.9403762,0,-0.3401361;
custom,boulder4,crystal2,3,1,3,0,1,1,1,1,1,1061.4,126.46,-1739.35,0,0.9403762,0,-0.3401361;
custom,boulder4,crystal2,3,1,3,0,1,1,1,1,1,1050.65,135.57,-1738.33,0,0.9371461,0,-0.3489374;
custom,boulder4,crystal2,3,1,3,0,1,1,1,1,1,1140.11,181.45,-1775.13,0,0.9927338,0,0.1203314;
custom,boulder3,crystal2,10,0.5,20,0,1,1,1,1,1,845.83,196.63,-1987.71,0,0.8670139,0,-0.4982839;
custom,cave2,crystal2,1,0.5,1,0,1,1,1,1,1,914.57,193.12,-1951.08,-0.01001,-0.4904907,-0.03003,-0.8708713;
custom,cave2,crystal2,1,0.5,1,0,1,1,1,1,1,924.73,196.32,-1939.41,0,0.8820753,0,-0.4711084;
custom,cave2,crystal2,1,0.5,1,0,1,1,1,1,1,889.78,207.02,-1904,0.049816,-0.4284178,0.099632,-0.8966884;
custom,boulder4,crystal2,3,1,3,0,1,1,1,1,1,932.79,199.18,-1985.3,0,0.860129,0,-0.5100765;
custom,boulder4,crystal2,1,6,1,0,1,1,1,1,1,915.25,125.56,-1953.64,0,-0.4190582,0,-0.9079594;
custom,boulder4,crystal2,1,6,1,0,1,1,1,1,1,901.4,126.93,-1963.95,0,-0.4788521,0,-0.8778956;
custom,boulder4,crystal2,2,6,2,0,1,1,1,1,1,1072.05,124.65,-1711.27,0,0.9079594,0,-0.4190582;
custom,boulder4,crystal2,2,3,2,0,1,1,1,1,1,1068.61,179.46,-1716.92,0.3687484,0.8271923,-0.1694249,-0.3886807;
custom,boulder4,crystal2,2,3,2,0,1,1,1,1,1,1135.52,183.98,-1777.16,0,0.9659036,0,-0.258902;
custom,boulder3,crystal2,2,3,2,0,1,1,1,1,1,1167.3,217.71,-1737.15,0,-0.8164156,0,-0.5774647;
custom,boulder4,crystal2,2,6,2,0,1,1,1,1,1,840.28,123.08,-1592.29,0,0.6816037,0,-0.7317216;
custom,boulder4,crystal2,2,6,2,0,1,1,1,1,1,849.23,122.14,-1591.51,0,0.6919054,0,-0.7219882;
custom,boulder4,crystal2,2,6,2,0,1,1,1,1,1,855.38,124.67,-1590.69,0,0.6970784,0,-0.7169949;
custom,boulder4,crystal2,2,6,2,0,1,1,1,1,1,786.01,124.25,-1483.67,0,-0.6816037,0,-0.7317216;
custom,boulder4,crystal2,2,6,2,0,1,1,1,1,1,782,123.17,-1485.7,0,-0.6711756,0,-0.7412984;
custom,boulder4,crystal2,2,6,2,0,1,1,1,1,1,780.75,126.87,-1484.59,0,-0.6766253,0,-0.7363275;
custom,boulder4,crystal2,2,6,2,0,1,1,1,1,1,777.53,121.45,-1484.39,0,-0.7317216,0,-0.6816037;
custom,boulder4,crystal2,2,6,2,0,1,1,1,1,1,770.12,125.97,-1486.68,0,-0.7121038,0,-0.7020742;
custom,boulder4,crystal2,2,6,2,0,1,1,1,1,1,831.86,126.28,-1399.59,0,0.4711084,0,-0.8820753;
custom,boulder3,crystal2,20,1,60,0,1,1,1,1,1,807.13,200.36,-1592.18,0,0.9968153,0,-0.0797452;
custom,boulder3,crystal2,10,1,20,0,1,1,1,1,1,1058.6,196.52,-1694.27,0,0.9079594,0,-0.4190582;
custom,boulder4,crystal2,5,10,3,0,1,1,1,1,1,1395.85,234.21,-1797.13,0,0.9995503,0,-0.0299865;
custom,boulder4,crystal2,5,10,3,0,1,1,1,1,1,1333.41,235.37,-1686.26,0,-0.8924128,0,-0.4512199;
custom,boulder3,crystal2,2,6,2,0,1,1,1,1,1,1367.6,271.25,-1788.14,0.2307512,0.9029393,-0.0902939,-0.3511431;
custom,boulder3,crystal2,2,6,2,0,1,1,1,1,1,1316.51,284.66,-1721.46,0,0.3489374,0,-0.9371461;
custom,boulder3,crystal2,2,1,2,0,1,1,1,1,1,1308.64,253.49,-1722.02,0,0.7915053,0,-0.6111623;
custom,boulder3,crystal2,2,1,2,0,1,1,1,1,1,1314.818,240.8505,-1750.147,0,0.7866638,0,-0.6173817;
custom,boulder3,crystal2,2,1,2,0,1,1,1,1,1,1324.521,239.5192,-1759.252,0,0.7457613,0,-0.6662133;
custom,boulder3,crystal2,2,1,2,0,1,1,1,1,1,1345.06,242.56,-1769.92,-0.19998,0.919908,0.069993,-0.329967;
custom,boulder3,crystal2,2,1,2,0,1,1,1,1,1,1334,238.42,-1765.59,-0.1002509,0.962409,0.0300753,-0.2506274;
custom,boulder3,crystal2,2,1,2,0,1,1,1,1,1,1310.7,235.9893,-1775.75,0,0.9938837,0,-0.1104315;
custom,boulder3,crystal2,2,1,2,0,1,1,1,1,1,1350.22,258.1,-1777.99,-0.3499475,0.8298755,0.1699745,-0.39994;
custom,boulder3,crystal2,5,1,2,0,1,1,1,1,1,1328.01,315.43,-1760.26,0,0.8485587,0,-0.5291013;
custom,boulder3,crystal2,2,1,2,0,1,1,1,1,1,1352.16,311.03,-1788.28,0.1607006,0.8838532,-0.0803503,-0.4318828;
custom,boulder3,crystal2,2,1,2,0,1,1,1,1,1,1361.27,305.52,-1783.86,0.3610667,0.8023705,-0.3309778,-0.3410075;
custom,boulder3,crystal2,2,1,2,0,1,1,1,1,1,1318.04,301.96,-1735.36,-0.3197283,0.8392869,0.1598642,-0.4096519;
custom,boulder3,crystal2,6,3,2,0,1,1,1,1,1,1333.84,343.32,-1762.05,0,0.860129,0,-0.5100765;
custom,boulder3,crystal2,6,3,2,0,1,1,1,1,1,1341.24,374.06,-1756.36,0,0.8670139,0,-0.4982839;
custom,cuboid,crystal2,75,1,75,0,1,1,1,5.0,5.0,900,125,-1700,0,0.9995466,0,-0.03011062;
custom,boulder1,rock3,3,1,1,0,1,1,1,1.0,1.0,1343.523,245.2553,-1741.863,0,0.8498881,0,-0.5269632;
custom,boulder1,rock3,3,1,1,0,1,1,1,1.0,1.0,1356.261,240.5391,-1733.838,0,0.7241998,0,-0.6895903;
custom,boulder1,rock3,1,2,1,0,1,1,1,1.0,1.0,1369.41,257.2542,-1763.95,0.0775752,0.9742295,-0.1079611,-0.182218;
custom,boulder5,rock3,3,8,3,0,1,1,1,1,1,1435.7157288,241,-1624.9777054,0,-0.2495509,0,-0.9683617;
custom,boulder5,rock3,3,8,3,0,1,1,1,1,1,1419.4522728,242,-1618.6137444,0,-0.2591413,0,-0.9658394;
custom,boulder5,rock3,3,8,3,0,1,1,1,1,1,1391.1680015,242,-1601.6431816,0,-0.4102153,0,-0.9119887;
custom,boulder5,rock3,3,8,3,0,1,1,1,1,1,1406.0172439,244,-1610.8355698,0,-0.3266632,0,-0.9451408;
custom,boulder5,rock3,3,8,3,0,1,1,1,1,1,1452.6862915,241,-1627.8061325,0,-0.0233633,0,-0.999727;
custom,boulder5,rock3,3,8,3,0,1,1,1,1,1,1470.363961,242,-1625.6848122,0,-0.0583375,0,-0.9982969;
custom,boulder5,rock3,3,8,3,0,1,1,1,1,1,1486.627417,242,-1620.7350647,0,0.2346232,0,-0.9720864;
custom,boulder5,rock3,3,8,3,0,1,1,1,1,1,1586.721281,241,-1502.323741,0,0.2403767,0,-0.9706797;
custom,boulder1,rock3,5,1,2,0,1,1,1,1,1,1348.268,319.6533,-1744.074,0,0.5299708,0,0.8480159;
custom,boulder5,rock3,3,8,3,0,1,1,1,1,1,1298.5370132,241,-1647.6051224,0,0.8509895,0,-0.5251827;
custom,boulder5,rock3,3,8,3,0,1,1,1,1,1,1306.3151878,241,-1663.8685784,0,0.8341531,0,-0.5515329;
custom,boulder5,rock3,3,8,3,0,1,1,1,1,1,1346.02,243,-1697.014,0,0.8317551,0,-0.5551429;
custom,boulder5,rock3,8,8,3,0,1,1,1,1,1,1352.518,241,-1651.118,0,0.7536232,0,-0.6573068;
custom,boulder5,rock3,8,8,3,0,1,1,1,1,1,1371.354,241,-1641.747,0,0.2904965,0,-0.956876;
custom,boulder5,rock3,3,8,3,0,1,1,1,1,1,1541.7817459,240,-1558.509668,0,0.7991349,0,-0.6011517;
custom,boulder5,rock3,3,8,3,0,1,1,1,1,1,1497.9411255,242,-1609.4213562,0,0.3433399,0,-0.9392112;
custom,boulder5,rock3,3,8,3,0,1,1,1,1,1,1505.0121933,242,-1596.6934342,0,0.4022494,0,-0.9155301;
custom,boulder5,rock3,3,8,3,0,1,1,1,1,1,1515.618795,244,-1583.2584053,0,0.3433399,0,-0.9392112;
custom,boulder5,rock3,3,8,3,0,1,1,1,1,1,1528.3467171,242,-1570.5304833,0,0.2962466,0,-0.9551115;
custom,boulder5,rock3,10,8,3,0,1,1,1,1,1,1572.1873375,241,-1638.4127343,0,0.9291773,0,0.3696344;
custom,boulder5,rock3,20,8,3,0,1,1,1,1,1,1498.6482323,240,-1717.6086938,0,0.9211423,0,0.389226;
custom,boulder5,rock3,5,8,5,0,1,1,1,1,1,1391.431,239,-1796.265,0,0.983555,0,-0.1806091;
custom,boulder5,rock3,5,8,5,0,1,1,1,1,1,1432.1801948,239,-1795.3904397,0,0.9992117,0,0.0396982;
custom,boulder5,rock3,5,8,5,0,1,1,1,1,1,1401.0674965,240,-1796.8046533,0,0.9940757,0,-0.1086898;
custom,boulder5,rock3,1,8,1,0,1,1,1,1,1,1409.5527778,241,-1686.4959954,0,-0.1495841,0,-0.988749;
custom,boulder5,rock3,14,8,3,0,1,1,1,1,1,1642.8980156,241,-1579.0157646,0,0.9265703,0,0.3761217;
custom,boulder5,rock3,14,8,3,0,1,1,1,1,1,1718.5584412,239,-1514.6690476,0,0.9238795,0,0.3826834;
custom,boulder5,rock3,3,8,3,0,1,1,1,1,1,1348.0344879,243,-1489.2132034,0,-0.0047991,0,-0.9999885;
custom,boulder5,rock3,3,8,3,0,1,1,1,1,1,1372.0761184,241,-1484.9705627,0,-0.0140475,0,-0.9999013;
custom,boulder5,rock3,3,8,3,0,1,1,1,1,1,1391.8751083,243,-1480.7279221,0,0.0306068,0,-0.9995315;
custom,boulder5,rock3,8,8,3,0,1,1,1,1,1,1430.0588745,241,-1477.8994949,0,-0.0362542,0,-0.9993426;
custom,boulder5,rock3,8,8,3,0,1,1,1,1,1,1486.627417,242,-1476.4852814,0,-0.0140475,0,-0.9999013;
custom,boulder5,rock3,3,8,3,0,1,1,1,1,1,1602.5929291,243,-1483.5563492,0,0.3826834,0,-0.9238795;
custom,boulder5,rock3,3,8,3,0,1,1,1,1,1,1582.0868325,243,-1478.6066017,0,-0.1086898,0,-0.9940757;
custom,boulder5,rock3,3,8,3,0,1,1,1,1,1,1570.0660172,243,-1476.4852814,0,-0.0772007,0,-0.9970156;
custom,boulder5,rock3,3,8,3,0,1,1,1,1,1,1555.2167748,242,-1474.363961,0,-0.0233633,0,-0.999727;
custom,boulder5,rock3,3,8,3,0,1,1,1,1,1,1542.4888527,241,-1474.363961,0,-0.0456217,0,-0.9989588;
custom,boulder5,rock3,3,8,3,0,1,1,1,1,1,1528.3467171,242,-1474.363961,0,-0.0140475,0,-0.9999013;
custom,boulder5,rock3,3,8,3,0,1,1,1,1,1,1571.6414511,244,-1512.0719858,0,0.999966,0,0.0082504;
custom,boulder5,rock3,3,8,3,0,1,1,1,1,1,1552.0378277,241,-1544.6579482,0,0.8661922,0,-0.499711;
custom,boulder5,rock3,3,8,3,0,1,1,1,1,1,1561.7814127,243,-1528.3857877,0,0.8661922,0,-0.499711;
custom,boulder5,rock3,3,8,3,0,1,1,1,1,1,1337.298,317.0008,-1719.462,0,0.8661922,0,-0.499711;
custom,boulder5,rock3,3,8,3,0,1,1,1,1,1,1349.505,317.2413,-1744.397,0,0.8661922,0,-0.499711;
custom,boulder5,rock3,3,8,3,0,1,1,1,1,1,1362.061,317.7597,-1768.465,0,0.8661922,0,-0.499711;
custom,boulder5,rock3,10,8,3,0,1,1,1,1,1,1642.1909089,243,-1448.2010101,0,0.3364028,0,-0.9417182;
custom,boulder5,rock3,3,8,3,0,1,1,1,1,1,1688.1528496,241,-1414.9669914,0,0.8807429,0,-0.4735947;
custom,boulder5,rock3,3,8,3,0,1,1,1,1,1,1685.3244225,242,-1413.5527778,0,0.2962466,0,-0.9551115;
custom,boulder5,rock3,3,8,3,0,1,1,1,1,1,1678.2533547,241,-1417.7954185,0,0.2888548,0,-0.9573729;
custom,boulder5,rock3,3,8,3,0,1,1,1,1,1,1614.6137444,242,-1471.5355339,0,0.3826834,0,-0.9238795;
custom,boulder5,rock3,3,8,3,0,1,1,1,1,1,1770.1772363,239,-1368.2979439,0,0.5677684,0,0.8231883;
custom,boulder5,rock3,3,8,3,0,1,1,1,1,1,1782.1980515,242,-1381.7329727,0,0.5677684,0,0.8231883;
custom,boulder5,rock3,3,8,3,0,1,1,1,1,1,1792.0975465,242,-1395.8751083,0,0.6108925,0,0.7917135;
custom,boulder5,rock3,3,8,3,0,1,1,1,1,1,1799.1686143,243,-1411.4314575,0,0.7346203,0,0.6784785;
custom,boulder5,rock3,3,8,3,0,1,1,1,1,1,1801.9970414,243,-1424.1593796,0,0.7868167,0,0.6171868;
custom,boulder5,rock3,3,8,3,0,1,1,1,1,1,1800.5828278,242,-1442.5441559,0,0.8848438,0,0.4658879;
custom,boulder5,rock3,3,8,3,0,1,1,1,1,1,1791.3904397,245,-1460.2218254,0,0.9508451,0,0.3096668;
custom,boulder5,rock3,3,8,3,0,1,1,1,1,1,1780.783838,242,-1469.4142136,0,0.9651372,0,0.2617444;
custom,boulder5,rock3,3,8,3,0,1,1,1,1,1,1768.7630227,243,-1480.0208153,0,0.9591781,0,0.2828025;
custom,boulder5,rock3,3,8,3,0,1,1,1,1,1,1672.5965005,240,-1324.4573234,0,0.7234341,0,-0.6903935;
custom,boulder5,rock3,3,8,3,0,1,1,1,1,1,1759.5706345,242,-1350.6202743,0,-0.4283423,0,-0.9036165;
custom,boulder5,rock3,3,8,3,0,1,1,1,1,1,1746.8427125,239,-1336.4781387,0,-0.2878973,0,-0.9576613;
custom,boulder5,rock3,3,8,3,0,1,1,1,1,1,1686.7386361,241,-1317.3862556,0,-0.0047991,0,-0.9999885;
custom,boulder5,rock3,3,8,3,0,1,1,1,1,1,1739.0645379,241,-1330.1141777,0,-0.209487,0,-0.9778114;
custom,boulder5,rock3,3,8,3,0,1,1,1,1,1,1696.638131,241,-1314.5578285,0,-0.130441,0,-0.9914561;
custom,boulder5,rock3,3,8,3,0,1,1,1,1,1,1719.9726548,240,-1320.9217895,0,-0.130441,0,-0.9914561;
custom,boulder5,rock3,6,7,3,0,1,1,1,1,1,1650.6761902,242,-1337.8923523,0,0.9463802,0,0.3230549;
custom,boulder5,rock3,6,7,3,0,1,1,1,1,1,1607.5426766,241,-1358.3984489,0,0.987806,0,0.1556901;
custom,boulder5,rock3,6,7,3,0,1,1,1,1,1,1561.5807358,241,-1367.5908371,0,0.9952167,0,0.0976918;
custom,boulder5,rock3,6,7,3,0,1,1,1,1,1,1520.5685425,240,-1377.490332,0,0.9927804,0,0.1199465;
custom,boulder5,rock3,10,7,3,0,1,1,1,1,1,1467.5355339,238,-1385.2685066,0,0.9985951,0,0.0529884;
custom,boulder5,rock3,10,7,3,0,1,1,1,1,1,1277.3238098,240,-1347.7918472,0,0.856126,0,-0.5167672;
custom,boulder5,rock3,10,7,3,0,1,1,1,1,1,1304.1938675,240,-1417.0883118,0,0.8106629,0,-0.5855131;
custom,boulder5,rock3,5,7,5,0,1,1,1,1,1,1321.1644302,241,-1465.1715729,0,0.779773,0,-0.6260624;
custom,boulder5,rock3,8,20,8,0,1,1,1,1,1,1623.0990258,241,-1280.616703,0,0.7037052,0,0.7104921;
custom,boulder5,rock3,8,20,8,0,1,1,1,1,1,1490.8700577,239,-1128.588745,0,0.5167672,0,0.856126;
custom,boulder1,rock3,2,2,2,0,1,1,1,1,1,1553.0954544,247,-1214.8557723,0,0.3826834,0,0.9238795;
custom,boulder1,rock3,2,2,2,0,1,1,1,1,1,1550.9741341,345,-1191.5212486,0.053573,0.3973143,0.1293367,0.9069417;
custom,boulder1,rock3,2,2,2,0,1,1,1,1,1,1524.1040764,296,-1175.9648994,0,0.3826834,0,0.9238795;
custom,boulder1,rock3,2,2,2,0,1,1,1,1,1,1589.1579003,296,-1249.5040046,0,0.4193033,0,0.9078462;
custom,boulder1,rock3,2,2,2,0,1,1,1,1,1,1526.9325035,314,-1174.5506858,0,0.3919026,0,0.9200067;
custom,boulder1,rock3,2,2,2,0,1,1,1,1,1,1536.1248917,333,-1183.743074,0,0.4283423,0,0.9036165;
custom,boulder1,rock3,2,2,2,0,1,1,1,1,1,1528.3467171,277,-1177.3791129,0,0.4373297,0,0.8993012;
custom,boulder1,rock3,2,2,2,0,1,1,1,1,1,1541.0746391,252,-1194.3496757,0,0.4283423,0,0.9036165;
custom,boulder1,rock3,2,2,2,0,1,1,1,1,1,1565.8233765,255,-1227.5836944,0,0.4193033,0,0.9078462;
custom,boulder1,rock3,2,2,2,0,1,1,1,1,1,1579.9655121,277,-1243.1400436,0,0.4193033,0,0.9078462;
custom,boulder1,rock3,2,2,2,0,1,1,1,1,1,1592.6934342,312,-1245.9684707,0,0.4373297,0,0.8993012;
custom,boulder1,rock3,2,2,2,0,1,1,1,1,1,1584.9152596,333,-1236.7760826,0,0.4193033,0,0.9078462;
custom,boulder1,rock3,2,2,2,0,1,1,1,1,1,1579.2584053,342,-1219.8055198,-0.0820225,0.4123562,-0.171865,0.8908968;
custom,boulder1,rock3,2,2,2,0,1,1,1,1,1,1567.2375901,352,-1206.370491,0,0.446263,0,0.8949019;
custom,boulder4,rock3,1,1,1,0,1,1,1,1,1,1567.9446968,243,-1256.5750724,0,0.508276,0,0.8611942;
custom,boulder3,rock3,8,3,1,0,1,1,1,1,1,1569.2724312,361.8594,-1197.1312216,0,0.9172538,0,-0.3983033;
custom,boulder1,rock3,6,3,1,0,1,1,1,1,1,1575.025947,409,-1203.5928341,0,0.4102153,0,0.9119887;
custom,boulder5,rock3,10,20,2,0,1,1,1,1,1,1304.1938675,240,-1308.1938675,0,0.2481809,0,-0.9687137;
custom,boulder5,rock3,10,20,2,0,1,1,1,1,1,1448.4436508,241,-1193.6425689,0,0.3761217,0,-0.9265703;
custom,boulder5,rock3,10,20,2,0,1,1,1,1,1,1379.854293,242,-1250.9182182,0,0.3629443,0,-0.9318109;
custom,boulder1,rock3,3,1,1,0,1,1,1,1,1,1520.5685425,245,-1204.9562774,0,0.4193033,0,0.9078462;
custom,boulder1,rock3,3,1,1,0,1,1,1,1,1,1541.7817459,244,-1233.2405486,0,0.4193033,0,0.9078462;
custom,boulder1,rock3,3,1,1,0,1,1,1,1,1,1560.873629,245,-1255.1608589,0,-0.364133,0,-0.9313469;
custom,cave1,rock3,2,1.5,2,0,1,1,1,1,1,1478.1421356,219,-1342.1349929,0.0076903,0.473499,0.018566,0.8805651;
custom,cave1,rock3,2,1.5,2,0,1,1,1,1,1,1461.8786797,214,-1241.0187232,0,0.4373297,0,0.8993012;
custom,cave1,rock3,2,1.5,2,0,1,1,1,1,1,1386.2182541,218,-1306.7796539,0,0.4193033,0,0.9078462;
custom,boulder1,rock3,1,1,1,0,1,1,1,1,1,1591.9863274,252,-1236.7760826,0,0.8949019,0,-0.446263;
custom,boulder1,rock3,1,1,1,0,1,1,1,1,1,1534.7106781,252,-1168.1867248,0,0.9036165,0,-0.4283423;
custom,cave1,rock3,0.5,1.5,0.5,0,1,1,1,1,1,1449.8578644,242,-1298.2943725,0,0.9036165,0,-0.4283423;
custom,cave1,rock3,0.5,1.5,0.5,0,1,1,1,1,1,1567.2375901,241,-1320.9217895,0,0.8993012,0,-0.4373297;
custom,cave1,rock3,0.5,1.5,0.5,0,1,1,1,1,1,1339.5492065,241,-1357.6913421,0,0.856126,0,-0.5167672;
custom,cave1,rock3,0.5,1.5,0.5,0,1,1,1,1,1,1406.7243507,240,-1355.5700218,0,0.4102153,0,0.9119887;
custom,boulder4,rock3,4,2,4,0,1,1,1,1,1,1601.1787156,223,-1411.4314575,0,0.6260624,0,0.779773;
custom,boulder4,rock3,4,2,4,0,1,1,1,1,1,1743.3071786,220,-1426.2806999,0,0.9964454,0,0.0842406;
custom,boulder1,lava1,0.5,0.5,0.5,0,1,1,1,1,1,1386.9253609,246,-1393.753788,0,0.6575816,0,0.7533833;
custom,cuboid,lava1,50,1,50,0,1,1,1,5,5,1435.008622,241,-1492.7487373,0,0.9551115,0,0.2962466;
racing,killcuboid,49.975,0.975,49.975,1435.008622,241,-1492.7487373,0,0.9551115,0,0.2962466;
custom,cuboid,lava1,10,1,20,0,1,1,1,1,2,1713.6086938,240.799999,-1372.5405845,0,0.2617443,0,-0.9651372;
racing,killcuboid,9.975,0.975,19.975,1713.6086938,240.799999,-1372.5405845,0,0.2617443,0,-0.9651372;
custom,cuboid,rock3,40,1,70,0,1,1,1,0.8,0.5,1611.7853173,423,-1532.3467171,0,0.5596938,0,0.8286995;
custom,cuboid,rock3,20,1,40,0,1,1,1,0.8,0.5,1437.1299423,424,-1329.4070709,0,0.4551396,0,0.8904201;
custom,cave2,rock3,1.5,2,1.5,0,1,1,1,1,1,1730.5792565,422,-1440.4228355,0,0.5855131,0,0.8106629;
custom,cave2,rock3,1.5,2,1.5,0,1,1,1,1,1,1514.9116882,426,-1422.745166,0,0.6946764,0,-0.7193224;
custom,cave2,rock3,1.5,1.5,1.5,0,1,1,1,1,1,1521.2756493,427,-1248.0897911,0,0.9463802,0,0.3230549;
custom,elevator1,default,1,2,1,0,1,1,1,1,1,1729.553386,291.59962,-1436.9326979,0,0.4189372,0,0.9080152;
custom,elevator1,default,1,2,1,0,1,1,1,1,1,1409.2821681,391.7,-1761.7490568,0,0.9781811,0,0.2077538;
custom,elevator1,default,1,2,1,0,1,1,1,1,1,1519.5155191,298.64901,-1424.8722846,0,0.8012115,0,-0.5983812;
custom,elevator1,default,1,2,1,0,1,1,1,1,1,1521.3747856,322.21573,-1247.3958365,0,0.3986354,0,0.9171095;
custom,sphere,default,1.25,2,1.25,1,1,1,0,1,1,1729.553386,301.59962,-1436.9326979,0,0.4189372,0,0.9080152;
custom,sphere,default,1.25,2,1.25,1,1,1,0,1,1,1409.2821681,401.7,-1761.7490568,0,0.9781811,0,0.2077538;
custom,sphere,default,1.25,2,1.25,1,1,1,0,1,1,1519.5155191,308.64901,-1424.8722846,0,0.8012115,0,-0.5983812;
custom,sphere,default,1.25,2,1.25,1,1,1,0,1,1,1521.3747856,332.21573,-1247.3958365,0,0.3986354,0,0.9171095;
racing,endCuboid,10,10,1,1551.016,301.4255,-1208.182,0,0.4021563,0,0.9155711;
racing,startCuboid,25,10,1,-11.9284,54.59534,52.95041,0,0.01060361,0,0.9999438;
custom,boulder5,rock3,5,5,1,0,1,1,1,1.0,1.0,-55.70892,-11.1891,-50.56111,0,0.9996712,0,-0.0256407;
custom,boulder5,rock3,5,5,1,0,1,1,1,1.0,1.0,9.979349,-8.896266,-55.95628,0,0.9939598,0,0.1097453;
custom,boulder5,rock3,5,5,1,0,1,1,1,1.0,1.0,-19.26752,-33.80017,-57.22629,0,0.9887717,0,-0.1494343;
custom,trunk1,rock3,5,2,5,0,1,1,1,1.0,1.0,6.219865,-16.15685,-49.83413,0,0.9858212,0,0.167799;
spawnpoint,playerC,1.515341,19.3674,-31.82098,0,0.9904811,0,0.1376484;
spawnpoint,playerM,1.515341,19.3674,-31.82098,0,0.9904811,0,0.1376484;
custom,boulder5,rock3,5,10,5,0,1,1,1,1.0,1.0,1616.703,235.4448,-1249.863,0,0.8620294,0,-0.5068582;
custom,boulder5,rock3,10,10,5,0,1,1,1,1.0,1.0,1666.786,235.0888,-1206.188,0,0.948061,0,0.3180886;
custom,boulder5,rock3,10,10,5,0,1,1,1,1.0,1.0,1698.381,234.0345,-1142.268,0,0.6801107,0,0.7331095;
custom,boulder5,rock3,10,10,5,0,1,1,1,1.0,1.0,1685.227,235.6342,-1084.701,0,0.5232748,0,0.852164;
custom,boulder5,rock3,10,10,5,0,1,1,1,1.0,1.0,1620.738,235.5156,-1043.534,0,0.1762635,0,0.9843431;
custom,boulder5,rock3,10,10,5,0,1,1,1,1.0,1.0,1580.79,234.8623,-1048.138,0,0.3510179,0,-0.9363688;
custom,boulder5,rock3,5,10,5,0,1,1,1,1.0,1.0,1516.953,237.1511,-1095.134,0,0.3510179,0,-0.9363688;
custom,cylinder,rock3,25,1,25,0,1,1,1,1.0,1.0,1599.059,461.1795,-1137.903,0,0.8992094,0,-0.4375185;
custom,cylinder,rock3,25,1,25,0,1,1,1,1.0,1.0,1649.179,239.2655,-1110.222,0,0.3938396,0,0.9191792;
