custom,torus,rock1,250,100,250,0,1,1,1,1.0,0.01,0,0,0,0,0,0,0;
custom,cuboid,stone8,205,1,205,0,1,1,1,10,10,0,0,0,0,0,0,0;
racing,killCuboid,2000,-1,2000,0,-5,0,0,0,0,0;
racing,killCuboid,2000,-1,2000,0,-5,0,0,0,0,0;
racing,killCuboid,2000,-1,2000,0,-5,0,0,0,0,0;
racing,killCuboid,2000,-1,2000,0,-5,0,0,0,0,0;
custom,sphere,stone3,4,5.25,4,0,1,1,1,0.01,1,-30,207.5,-25,0,0,0,1;
map,disablebounds;
custom,torus,brick1,250,100,250,0,1,1,1,5,10,3000,0,-2000,0,0,0,0;
custom,cuboid,stone3,205,1,205,0,1,1,1,10,10,3000,0,-2000,0,0,0,0;

custom,house12,default,2,2,2,0,1,1,1,1.0,1.0,2800,4,-2000,0,1,0,1;
custom,house12,brick1,1.9,2.1,1.9,0,1,1,1,1.0,0.5,2800,4,-2000,0,1,0,1;

racing,killcuboid,20,8,1,2800,40,-2000,0,1,0,1;

custom,house12,default,2,2,2,0,1,1,1,1.0,1.0,2837,-50,-2000,0,1,0,1;
custom,house12,brick1,1.9,2.1,1.9,0,1,1,1,1.0,0.5,2837,-50,-2000,0,1,0,1;
custom,house12,default,2,2,2,0,1,1,1,1.0,1.0,2867,-60,-2000,0,1,0,1;
custom,house12,brick1,1.9,2.1,1.9,0,1,1,1,1.0,0.5,2867,-60,-2000,0,1,0,1;
custom,house12,default,2,2,2,0,1,1,1,1.0,1.0,2897,-70,-2000,0,1,0,1;
custom,house12,brick1,1.9,2.1,1.9,0,1,1,1,1.0,0.5,2897,-70,-2000,0,1,0,1;
custom,house12,default,2,2,2,0,1,1,1,1.0,1.0,2927,-80,-2000,0,1,0,1;
custom,house12,brick1,1.9,2.1,1.9,0,1,1,1,1.0,0.5,2927,-80,-2000,0,1,0,1;

spawnpoint,playerC,2837,50,-1990,0,1,0,1;
spawnpoint,playerM,2837,50,-1990,0,1,0,1;
spawnpoint,playerC,2837,50,-2010,0,1,0,1;
spawnpoint,playerM,2837,50,-2010,0,1,0,1;



misc,barrier,205,1,205,3000,85,-2000,0,0,0,0;

custom,tower5,default,2,2,2,0,1,1,1,1,1,3465,-15,-1900,0,1,0,0;
custom,tower5,default,2,2,2,0,1,1,1,1,1,3535,-15,-1900,0,1,0,0;
custom,arch1,tower5mat,1,4,1,0,1,1,1,1,3,3500,90,-1900,0,1,0,1;
custom,arch1,tower5mat,0.9,4,1,0,1,1,1,1,3,3500,110,-1900,0,1,0,1;

custom,house12,default,2,2,2,0,1,1,1,1.0,1.0,2975,4,-1910,0,0,0,0;
custom,house12,default,2,2,2,0,1,1,1,1.0,1.0,2875,4,-1910,0,0,0,0;
custom,house12,default,2,2,2,0,1,1,1,1.0,1.0,2775,4,-1910,0,0,0,0;
custom,house12,default,2,2,2,0,1,1,1,1.0,1.0,2675,4,-1910,0,0,0,0;
custom,house12,default,2,2,2,0,1,1,1,1.0,1.0,2575,4,-1910,0,0,0,0;
custom,house12,default,2,2,2,0,1,1,1,1.0,1.0,2475,4,-1910,0,0,0,0;
custom,house12,default,2,2,2,0,1,1,1,1.0,1.0,2375,4,-1910,0,0,0,0;
custom,house12,default,2,2,2,0,1,1,1,1.0,1.0,2375,4,-1910,0,1,0,1;
custom,house12,default,2,2,2,0,1,1,1,1.0,1.0,2375,4,-1810,0,1,0,1;
custom,house12,default,2,2,2,0,1,1,1,1.0,1.0,2375,4,-1710,0,1,0,1;
custom,house12,default,2,2,2,0,1,1,1,1.0,1.0,2375,4,-1610,0,1,0,1;
custom,house12,default,2,2,2,0,1,1,1,1.0,1.0,2975,4,-1610,0,0,0,0;
custom,house12,default,2,2,2,0,1,1,1,1.0,1.0,2875,4,-1610,0,0,0,0;
custom,house12,default,2,2,2,0,1,1,1,1.0,1.0,2775,4,-1610,0,0,0,0;
custom,house12,default,2,2,2,0,1,1,1,1.0,1.0,2675,4,-1610,0,0,0,0;
custom,house12,default,2,2,2,0,1,1,1,1.0,1.0,2575,4,-1610,0,0,0,0;
custom,house12,default,2,2,2,0,1,1,1,1.0,1.0,2475,4,-1610,0,0,0,0;
custom,house12,default,2,2,2,0,1,1,1,1.0,1.0,2375,4,-1610,0,0,0,0;
custom,house12,default,2,2,2,0,1,1,1,1.0,1.0,3075,4,-1610,0,0,0,0;
custom,house12,default,2,2,2,0,1,1,1,1.0,1.0,3075,4,-1610,0,1,0,1;
custom,house12,default,2,2,2,0,1,1,1,1.0,1.0,3075,4,-1510,0,1,0,1;
custom,house12,default,2,2,2,0,1,1,1,1.0,1.0,3075,4,-1410,0,1,0,1;
custom,house12,default,2,2,2,0,1,1,1,1.0,1.0,3075,4,-1310,0,1,0,1;
custom,house12,default,2,2,2,0,1,1,1,1.0,1.0,3075,4,-1310,0,0,0,1;
custom,house12,default,2,2,2,0,1,1,1,1.0,1.0,3175,4,-1310,0,0,0,1;
custom,house12,default,2,2,2,0,1,1,1,1.0,1.0,3275,4,-1310,0,0,0,1;
custom,house12,default,2,2,2,0,1,1,1,1.0,1.0,3375,4,-1310,0,0,0,1;
custom,house12,default,2,2,2,0,1,1,1,1.0,1.0,3375,4,-1310,0,1,0,1;
custom,house12,default,2,2,2,0,1,1,1,1.0,1.0,3375,4,-1410,0,1,0,1;
custom,house12,default,2,2,2,0,1,1,1,1.0,1.0,3375,4,-1510,0,1,0,1;
custom,house12,default,2,2,2,0,1,1,1,1.0,1.0,3375,4,-1610,0,1,0,1;
custom,house12,default,2,2,2,0,1,1,1,1.0,1.0,3375,4,-1710,0,1,0,1;
custom,house12,default,2,2,2,0,1,1,1,1.0,1.0,3375,4,-1810,0,1,0,1;
custom,house12,default,2,2,2,0,1,1,1,1.0,1.0,3375,4,-1910,0,1,0,1;
custom,house12,default,2,2,2,0,1,1,1,1.0,1.0,3375,4,-2010,0,1,0,1;
custom,house12,default,2,2,2,0,1,1,1,1.0,1.0,3375,4,-2110,0,1,0,1;
custom,house12,default,2,2,2,0,1,1,1,1.0,1.0,3375,4,-2210,0,1,0,1;
custom,house12,default,2,2,2,0,1,1,1,1.0,1.0,3375,4,-2310,0,1,0,1;
custom,house12,default,2,2,2,0,1,1,1,1.0,1.0,3375,4,-2410,0,1,0,1;
custom,house12,default,2,2,2,0,1,1,1,1.0,1.0,3375,4,-2510,0,1,0,1;
custom,house12,default,2,2,2,0,1,1,1,1.0,1.0,3375,4,-2610,0,1,0,1;
custom,house12,default,2,2,2,0,1,1,1,1.0,1.0,3375,4,-2610,0,0,0,1;
custom,house12,default,2,2,2,0,1,1,1,1.0,1.0,3175,4,-1760,0,0,0,0;
custom,house12,default,2,2,2,0,1,1,1,1.0,1.0,3075,4,-1760,0,0,0,0;
custom,house12,default,2,2,2,0,1,1,1,1.0,1.0,2975,4,-1760,0,0,0,0;
custom,house12,default,2,2,2,0,1,1,1,1.0,1.0,2875,4,-1760,0,0,0,0;
custom,house12,default,2,2,2,0,1,1,1,1.0,1.0,2775,4,-1760,0,0,0,0;
custom,house12,default,2,2,2,0,1,1,1,1.0,1.0,2675,4,-1760,0,0,0,0;
custom,house12,default,2,2,2,0,1,1,1,1.0,1.0,2575,4,-1760,0,0,0,0;
custom,house12,default,2,2,2,0,1,1,1,1.0,1.0,2575,4,-1760,0,1,0,1;
custom,house12,default,2,2,2,0,1,1,1,1.0,1.0,3225,4,-1490,0,0,0,1;
custom,house12,default,2,2,2,0,1,1,1,1.0,1.0,3225,4,-1490,0,1,0,1;
custom,house12,default,2,2,2,0,1,1,1,1.0,1.0,3225,4,-1590,0,1,0,1;
custom,house12,default,2,2,2,0,1,1,1,1.0,1.0,3225,4,-1690,0,1,0,1;
custom,house12,default,2,2,2,0,1,1,1,1.0,1.0,3225,4,-1790,0,1,0,1;
custom,house12,default,2,2,2,0,1,1,1,1.0,1.0,3225,4,-1890,0,1,0,1;
custom,house12,default,2,2,2,0,1,1,1,1.0,1.0,3225,4,-1990,0,1,0,1;
custom,house12,default,2,2,2,0,1,1,1,1.0,1.0,3225,4,-2090,0,1,0,1;
custom,house12,default,2,2,2,0,1,1,1,1.0,1.0,3225,4,-2090,0,0,0,1;
custom,house12,default,2,2,2,0,1,1,1,1.0,1.0,3125,4,-2090,0,0,0,1;
custom,house12,default,2,2,2,0,1,1,1,1.0,1.0,3025,4,-2090,0,0,0,1;
custom,house12,default,2,2,2,0,1,1,1,1.0,1.0,2925,4,-2090,0,0,0,1;
custom,house12,default,2,2,2,0,1,1,1,1.0,1.0,2825,4,-2090,0,0,0,1;
custom,house12,default,2,2,2,0,1,1,1,1.0,1.0,2725,4,-2090,0,0,0,1;
custom,house12,default,2,2,2,0,1,1,1,1.0,1.0,2625,4,-2090,0,0,0,1;
custom,house12,default,2,2,2,0,1,1,1,1.0,1.0,2525,4,-2090,0,0,0,1;
custom,house12,default,2,2,2,0,1,1,1,1.0,1.0,2425,4,-2090,0,0,0,1;
custom,house12,default,2,2,2,0,1,1,1,1.0,1.0,2325,4,-2090,0,0,0,1;
custom,house12,default,2,2,2,0,1,1,1,1.0,1.0,2325,4,-2090,0,1,0,1;
custom,house12,default,2,2,2,0,1,1,1,1.0,1.0,2325,4,-2190,0,1,0,1;
custom,house12,default,2,2,2,0,1,1,1,1.0,1.0,2325,4,-2290,0,1,0,1;
custom,house12,default,2,2,2,0,1,1,1,1.0,1.0,2325,4,-2390,0,1,0,1;
custom,house12,default,2,2,2,0,1,1,1,1.0,1.0,2325,4,-2490,0,1,0,1;
custom,house12,default,2,2,2,0,1,1,1,1.0,1.0,2325,4,-2590,0,1,0,1;
custom,house12,default,2,2,2,0,1,1,1,1.0,1.0,2325,4,-2590,0,0,0,1;
custom,house12,default,2,2,2,0,1,1,1,1.0,1.0,2425,4,-2590,0,0,0,1;
custom,house12,default,2,2,2,0,1,1,1,1.0,1.0,2525,4,-2590,0,0,0,1;
custom,house12,default,2,2,2,0,1,1,1,1.0,1.0,2525,4,-2590,0,1,0,1;
custom,house12,default,2,2,2,0,1,1,1,1.0,1.0,2525,4,-2690,0,1,0,1;
custom,house12,default,2,2,2,0,1,1,1,1.0,1.0,2525,4,-2790,0,1,0,1;
custom,house12,default,2,2,2,0,1,1,1,1.0,1.0,2525,4,-2790,0,0,0,1;
custom,house12,default,2,2,2,0,1,1,1,1.0,1.0,2625,4,-2790,0,0,0,1;
custom,house12,default,2,2,2,0,1,1,1,1.0,1.0,2725,4,-2790,0,0,0,1;
custom,house12,default,2,2,2,0,1,1,1,1.0,1.0,2725,4,-2790,0,1,0,1;
custom,house12,default,2,2,2,0,1,1,1,1.0,1.0,2725,4,-2690,0,1,0,1;
custom,house12,default,2,2,2,0,1,1,1,1.0,1.0,2725,4,-2590,0,1,0,1;
custom,house12,default,2,2,2,0,1,1,1,1.0,1.0,2725,4,-2590,0,0,0,1;
custom,house12,default,2,2,2,0,1,1,1,1.0,1.0,3475,4,-2510,0,1,0,1;
custom,house12,default,2,2,2,0,1,1,1,1.0,1.0,3475,4,-2510,0,0,0,1;
custom,house12,default,2,2,2,0,1,1,1,1.0,1.0,3575,4,-2410,0,1,0,1;
custom,house12,default,2,2,2,0,1,1,1,1.0,1.0,3575,4,-2410,0,0,0,1;
custom,house12,default,2,2,2,0,1,1,1,1.0,1.0,3675,4,-2310,0,1,0,1;
custom,house12,default,2,2,2,0,1,1,1,1.0,1.0,3675,4,-2310,0,0,0,1;
custom,house12,default,2,2,2,0,1,1,1,1.0,1.0,3875,4,-2110,0,1,0,1;
custom,house12,default,2,2,2,0,1,1,1,1.0,1.0,3875,4,-2210,0,1,0,1;
custom,house12,default,2,2,2,0,1,1,1,1.0,1.0,3875,4,-2310,0,1,0,1;
custom,house12,default,2,2,2,0,1,1,1,1.0,1.0,3875,4,-2410,0,1,0,1;
custom,house12,default,2,2,2,0,1,1,1,1.0,1.0,3875,4,-2510,0,1,0,1;
custom,house12,default,2,2,2,0,1,1,1,1.0,1.0,3875,4,-2510,0,0,0,1;
custom,house12,default,2,2,2,0,1,1,1,1.0,1.0,3875,4,-2010,0,1,0,1;
custom,house12,default,2,2,2,0,1,1,1,1.0,1.0,3875,4,-1910,0,1,0,1;
custom,house12,default,2,2,2,0,1,1,1,1.0,1.0,3875,4,-1810,0,1,0,1;
custom,house12,default,2,2,2,0,1,1,1,1.0,1.0,3875,4,-1810,0,0,0,1;
custom,house12,default,2,2,2,0,1,1,1,1.0,1.0,3775,4,-1810,0,0,0,1;
custom,house12,default,2,2,2,0,1,1,1,1.0,1.0,3675,4,-1810,0,0,0,1;
custom,house12,default,2,2,2,0,1,1,1,1.0,1.0,3675,4,-1810,0,1,0,1;
custom,house12,default,2,2,2,0,1,1,1,1.0,1.0,3675,4,-1910,0,1,0,1;
custom,house12,default,2,2,2,0,1,1,1,1.0,1.0,3675,4,-1910,0,0,0,1;
custom,house12,default,2,2,2,0,1,1,1,1.0,1.0,3675,4,-2110,0,1,0,1;
custom,house12,default,2,2,2,0,1,1,1,1.0,1.0,3675,4,-2110,0,0,0,1;
custom,house12,default,2,2,2,0,1,1,1,1.0,1.0,3600,4,-1910,0,1,0,1;
custom,house12,default,2,2,2,0,1,1,1,1.0,1.0,3600,4,-1910,0,0,0,1;
custom,house12,default,2,2,2,0,1,1,1,1.0,1.0,3675,4,-2210,0,1,0,1;
custom,house12,default,2,2,2,0,1,1,1,1.0,1.0,3775,4,-2610,0,1,0,1;
custom,house12,default,2,2,2,0,1,1,1,1.0,1.0,3775,4,-2610,0,0,0,1;
custom,house12,default,2,2,2,0,1,1,1,1.0,1.0,3675,4,-2710,0,1,0,1;
custom,house12,default,2,2,2,0,1,1,1,1.0,1.0,3675,4,-2710,0,0,0,1;
custom,house12,default,2,2,2,0,1,1,1,1.0,1.0,3575,4,-2810,0,1,0,1;
custom,house12,default,2,2,2,0,1,1,1,1.0,1.0,3575,4,-2810,0,0,0,1;
custom,house12,default,2,2,2,0,1,1,1,1.0,1.0,3275,4,-2610,0,0,0,1;
custom,house12,default,2,2,2,0,1,1,1,1.0,1.0,3175,4,-2610,0,0,0,1;
custom,house12,default,2,2,2,0,1,1,1,1.0,1.0,3075,4,-2610,0,0,0,1;
custom,house12,default,2,2,2,0,1,1,1,1.0,1.0,2975,4,-2610,0,0,0,1;
custom,house12,default,2,2,2,0,1,1,1,1.0,1.0,2875,4,-2610,0,0,0,1;
custom,house12,default,2,2,2,0,1,1,1,1.0,1.0,2875,4,-2610,0,1,0,1;
custom,house12,default,2,2,2,0,1,1,1,1.0,1.0,2875,4,-2510,0,1,0,1;
custom,house12,default,2,2,2,0,1,1,1,1.0,1.0,2875,4,-2410,0,1,0,1;
custom,house12,default,2,2,2,0,1,1,1,1.0,1.0,2875,4,-2310,0,1,0,1;
custom,house12,default,2,2,2,0,1,1,1,1.0,1.0,2875,4,-2310,0,0,0,1;
custom,house12,default,4,2,4,0,1,1,1,1.0,1.0,3125,4,-2360,0,1,0,1;
custom,house12,default,4,2,4,0,1,1,1,1.0,1.0,3125,4,-2360,0,0,0,1;
custom,house12,default,4,2,4,0,1,1,1,1.0,1.0,3125,4,-2360,0,0.414,0,1;
custom,house12,default,4,2,4,0,1,1,1,1.0,1.0,3125,4,-2360,0,-0.414,0,1;
custom,house12,default,2,2,2,0,1,1,1,1.0,1.0,2775,4,-2310,0,0,0,1;
custom,house12,default,2,2,2,0,1,1,1,1.0,1.0,2675,4,-2310,0,0,0,1;
custom,house12,default,2,2,2,0,1,1,1,1.0,1.0,2575,4,-2310,0,0,0,1;
custom,house12,default,2,2,2,0,1,1,1,1.0,1.0,2575,4,-2310,0,1,0,1;
custom,house12,default,2,2,2,0,1,1,1,1.0,1.0,2525,4,-2360,0,0,0,1;
custom,house12,default,2,2,2,0,1,1,1,1.0,1.0,2525,4,-2360,0,1,0,1;
custom,house12,default,2,2,2,0,1,1,1,1.0,1.0,2475,4,-2410,0,0,0,1;
custom,house12,default,2,2,2,0,1,1,1,1.0,1.0,2475,4,-2410,0,1,0,1;
custom,house12,default,2,2,2,0,1,1,1,1.0,1.0,3375,4,-2710,0,1,0,1;
custom,house12,default,2,2,2,0,1,1,1,1.0,1.0,3375,4,-2710,0,0,0,1;
custom,house12,default,2,2,2,0,1,1,1,1.0,1.0,3275,4,-2825,0,1,0,1;
custom,house12,default,2,2,2,0,1,1,1,1.0,1.0,3275,4,-2825,0,0,0,1;
custom,house12,default,2,2,2,0,1,1,1,1.0,1.0,3075,4,-2825,0,0,0,1;
custom,house12,default,2,2,2,0,1,1,1,1.0,1.0,3175,4,-2825,0,0,0,1;
custom,house12,default,2,2,2,0,1,1,1,1.0,1.0,2975,4,-2825,0,1,0,1;
custom,house12,default,2,2,2,0,1,1,1,1.0,1.0,2975,4,-2825,0,0,0,1;
custom,house12,default,2,2,2,0,1,1,1,1.0,1.0,2875,4,-2710,0,1,0,1;
custom,house12,default,2,2,2,0,1,1,1,1.0,1.0,2875,4,-2710,0,0,0,1;
custom,house12,default,2,2,2,0,1,1,1,1.0,1.0,3125,4,-3010,0,0,0,1;
custom,house12,default,2,2,2,0,1,1,1,1.0,1.0,3225,4,-3010,0,0,0,1;
custom,house12,default,2,2,2,0,1,1,1,1.0,1.0,3025,4,-3010,0,0,0,1;
custom,house12,default,2,2,2,0,1,1,1,1.0,1.0,3325,4,-3010,0,0,0,1;
custom,house12,default,2,2,2,0,1,1,1,1.0,1.0,2925,4,-3010,0,0,0,1;
custom,house12,default,2,2,2,0,1,1,1,1.0,1.0,2825,4,-3010,0,0,0,1;
custom,house12,default,2,2,2,0,1,1,1,1.0,1.0,2725,4,-3010,0,0,0,1;
custom,house12,default,2,2,2,0,1,1,1,1.0,1.0,2725,4,-3010,0,1,0,1;
custom,house12,default,2,2,2,0,1,1,1,1.0,1.0,2725,4,-2900,0,1,0,1;
custom,house12,default,2,2,2,0,1,1,1,1.0,1.0,3425,4,-3010,0,0,0,1;
custom,house12,default,2,2,2,0,1,1,1,1.0,1.0,3425,4,-3010,0,1,0,1;
custom,house12,default,2,2,2,0,1,1,1,1.0,1.0,3500,4,-2910,0,0,0,1;
custom,house12,default,2,2,2,0,1,1,1,1.0,1.0,3500,4,-2910,0,1,0,1;
custom,house12,brick1,1.9,2.1,1.9,0,1,1,1,1.0,0.5,2975,4,-1910,0,0,0,0;
custom,house12,brick1,1.9,2.1,1.9,0,1,1,1,1.0,0.5,2875,4,-1910,0,0,0,0;
custom,house12,brick1,1.9,2.1,1.9,0,1,1,1,1.0,0.5,2775,4,-1910,0,0,0,0;
custom,house12,brick1,1.9,2.1,1.9,0,1,1,1,1.0,0.5,2675,4,-1910,0,0,0,0;
custom,house12,brick1,1.9,2.1,1.9,0,1,1,1,1.0,0.5,2575,4,-1910,0,0,0,0;
custom,house12,brick1,1.9,2.1,1.9,0,1,1,1,1.0,0.5,2475,4,-1910,0,0,0,0;
custom,house12,brick1,1.9,2.1,1.9,0,1,1,1,1.0,0.5,2375,4,-1910,0,0,0,0;
custom,house12,brick1,1.9,2.1,1.9,0,1,1,1,1.0,0.5,2375,4,-1910,0,1,0,1;
custom,house12,brick1,1.9,2.1,1.9,0,1,1,1,1.0,0.5,2375,4,-1810,0,1,0,1;
custom,house12,brick1,1.9,2.1,1.9,0,1,1,1,1.0,0.5,2375,4,-1710,0,1,0,1;
custom,house12,brick1,1.9,2.1,1.9,0,1,1,1,1.0,0.5,2375,4,-1610,0,1,0,1;
custom,house12,brick1,1.9,2.1,1.9,0,1,1,1,1.0,0.5,2975,4,-1610,0,0,0,0;
custom,house12,brick1,1.9,2.1,1.9,0,1,1,1,1.0,0.5,2875,4,-1610,0,0,0,0;
custom,house12,brick1,1.9,2.1,1.9,0,1,1,1,1.0,0.5,2775,4,-1610,0,0,0,0;
custom,house12,brick1,1.9,2.1,1.9,0,1,1,1,1.0,0.5,2675,4,-1610,0,0,0,0;
custom,house12,brick1,1.9,2.1,1.9,0,1,1,1,1.0,0.5,2575,4,-1610,0,0,0,0;
custom,house12,brick1,1.9,2.1,1.9,0,1,1,1,1.0,0.5,2475,4,-1610,0,0,0,0;
custom,house12,brick1,1.9,2.1,1.9,0,1,1,1,1.0,0.5,2375,4,-1610,0,0,0,0;
custom,house12,brick1,1.9,2.1,1.9,0,1,1,1,1.0,0.5,3075,4,-1610,0,0,0,0;
custom,house12,brick1,1.9,2.1,1.9,0,1,1,1,1.0,0.5,3075,4,-1610,0,1,0,1;
custom,house12,brick1,1.9,2.1,1.9,0,1,1,1,1.0,0.5,3075,4,-1510,0,1,0,1;
custom,house12,brick1,1.9,2.1,1.9,0,1,1,1,1.0,0.5,3075,4,-1410,0,1,0,1;
custom,house12,brick1,1.9,2.1,1.9,0,1,1,1,1.0,0.5,3075,4,-1310,0,1,0,1;
custom,house12,brick1,1.9,2.1,1.9,0,1,1,1,1.0,0.5,3075,4,-1310,0,0,0,1;
custom,house12,brick1,1.9,2.1,1.9,0,1,1,1,1.0,0.5,3175,4,-1310,0,0,0,1;
custom,house12,brick1,1.9,2.1,1.9,0,1,1,1,1.0,0.5,3275,4,-1310,0,0,0,1;
custom,house12,brick1,1.9,2.1,1.9,0,1,1,1,1.0,0.5,3375,4,-1310,0,0,0,1;
custom,house12,brick1,1.9,2.1,1.9,0,1,1,1,1.0,0.5,3375,4,-1310,0,1,0,1;
custom,house12,brick1,1.9,2.1,1.9,0,1,1,1,1.0,0.5,3375,4,-1410,0,1,0,1;
custom,house12,brick1,1.9,2.1,1.9,0,1,1,1,1.0,0.5,3375,4,-1510,0,1,0,1;
custom,house12,brick1,1.9,2.1,1.9,0,1,1,1,1.0,0.5,3375,4,-1610,0,1,0,1;
custom,house12,brick1,1.9,2.1,1.9,0,1,1,1,1.0,0.5,3375,4,-1710,0,1,0,1;
custom,house12,brick1,1.9,2.1,1.9,0,1,1,1,1.0,0.5,3375,4,-1810,0,1,0,1;
custom,house12,brick1,1.9,2.1,1.9,0,1,1,1,1.0,0.5,3375,4,-1910,0,1,0,1;
custom,house12,brick1,1.9,2.1,1.9,0,1,1,1,1.0,0.5,3375,4,-2010,0,1,0,1;
custom,house12,brick1,1.9,2.1,1.9,0,1,1,1,1.0,0.5,3375,4,-2110,0,1,0,1;
custom,house12,brick1,1.9,2.1,1.9,0,1,1,1,1.0,0.5,3375,4,-2210,0,1,0,1;
custom,house12,brick1,1.9,2.1,1.9,0,1,1,1,1.0,0.5,3375,4,-2310,0,1,0,1;
custom,house12,brick1,1.9,2.1,1.9,0,1,1,1,1.0,0.5,3375,4,-2410,0,1,0,1;
custom,house12,brick1,1.9,2.1,1.9,0,1,1,1,1.0,0.5,3375,4,-2510,0,1,0,1;
custom,house12,brick1,1.9,2.1,1.9,0,1,1,1,1.0,0.5,3375,4,-2610,0,1,0,1;
custom,house12,brick1,1.9,2.1,1.9,0,1,1,1,1.0,0.5,3375,4,-2610,0,0,0,1;
custom,house12,brick1,1.9,2.1,1.9,0,1,1,1,1.0,0.5,3175,4,-1760,0,0,0,0;
custom,house12,brick1,1.9,2.1,1.9,0,1,1,1,1.0,0.5,3075,4,-1760,0,0,0,0;
custom,house12,brick1,1.9,2.1,1.9,0,1,1,1,1.0,0.5,2975,4,-1760,0,0,0,0;
custom,house12,brick1,1.9,2.1,1.9,0,1,1,1,1.0,0.5,2875,4,-1760,0,0,0,0;
custom,house12,brick1,1.9,2.1,1.9,0,1,1,1,1.0,0.5,2775,4,-1760,0,0,0,0;
custom,house12,brick1,1.9,2.1,1.9,0,1,1,1,1.0,0.5,2675,4,-1760,0,0,0,0;
custom,house12,brick1,1.9,2.1,1.9,0,1,1,1,1.0,0.5,2575,4,-1760,0,0,0,0;
custom,house12,brick1,1.9,2.1,1.9,0,1,1,1,1.0,0.5,2575,4,-1760,0,1,0,1;
custom,house12,brick1,1.9,2.1,1.9,0,1,1,1,1.0,0.5,3225,4,-1490,0,0,0,1;
custom,house12,brick1,1.9,2.1,1.9,0,1,1,1,1.0,0.5,3225,4,-1490,0,1,0,1;
custom,house12,brick1,1.9,2.1,1.9,0,1,1,1,1.0,0.5,3225,4,-1590,0,1,0,1;
custom,house12,brick1,1.9,2.1,1.9,0,1,1,1,1.0,0.5,3225,4,-1690,0,1,0,1;
custom,house12,brick1,1.9,2.1,1.9,0,1,1,1,1.0,0.5,3225,4,-1790,0,1,0,1;
custom,house12,brick1,1.9,2.1,1.9,0,1,1,1,1.0,0.5,3225,4,-1890,0,1,0,1;
custom,house12,brick1,1.9,2.1,1.9,0,1,1,1,1.0,0.5,3225,4,-1990,0,1,0,1;
custom,house12,brick1,1.9,2.1,1.9,0,1,1,1,1.0,0.5,3225,4,-2090,0,1,0,1;
custom,house12,brick1,1.9,2.1,1.9,0,1,1,1,1.0,0.5,3225,4,-2090,0,0,0,1;
custom,house12,brick1,1.9,2.1,1.9,0,1,1,1,1.0,0.5,3125,4,-2090,0,0,0,1;
custom,house12,brick1,1.9,2.1,1.9,0,1,1,1,1.0,0.5,3025,4,-2090,0,0,0,1;
custom,house12,brick1,1.9,2.1,1.9,0,1,1,1,1.0,0.5,2925,4,-2090,0,0,0,1;
custom,house12,brick1,1.9,2.1,1.9,0,1,1,1,1.0,0.5,2825,4,-2090,0,0,0,1;
custom,house12,brick1,1.9,2.1,1.9,0,1,1,1,1.0,0.5,2725,4,-2090,0,0,0,1;
custom,house12,brick1,1.9,2.1,1.9,0,1,1,1,1.0,0.5,2625,4,-2090,0,0,0,1;
custom,house12,brick1,1.9,2.1,1.9,0,1,1,1,1.0,0.5,2525,4,-2090,0,0,0,1;
custom,house12,brick1,1.9,2.1,1.9,0,1,1,1,1.0,0.5,2425,4,-2090,0,0,0,1;
custom,house12,brick1,1.9,2.1,1.9,0,1,1,1,1.0,0.5,2325,4,-2090,0,0,0,1;
custom,house12,brick1,1.9,2.1,1.9,0,1,1,1,1.0,0.5,2325,4,-2090,0,1,0,1;
custom,house12,brick1,1.9,2.1,1.9,0,1,1,1,1.0,0.5,2325,4,-2190,0,1,0,1;
custom,house12,brick1,1.9,2.1,1.9,0,1,1,1,1.0,0.5,2325,4,-2290,0,1,0,1;
custom,house12,brick1,1.9,2.1,1.9,0,1,1,1,1.0,0.5,2325,4,-2390,0,1,0,1;
custom,house12,brick1,1.9,2.1,1.9,0,1,1,1,1.0,0.5,2325,4,-2490,0,1,0,1;
custom,house12,brick1,1.9,2.1,1.9,0,1,1,1,1.0,0.5,2325,4,-2590,0,1,0,1;
custom,house12,brick1,1.9,2.1,1.9,0,1,1,1,1.0,0.5,2325,4,-2590,0,0,0,1;
custom,house12,brick1,1.9,2.1,1.9,0,1,1,1,1.0,0.5,2425,4,-2590,0,0,0,1;
custom,house12,brick1,1.9,2.1,1.9,0,1,1,1,1.0,0.5,2525,4,-2590,0,0,0,1;
custom,house12,brick1,1.9,2.1,1.9,0,1,1,1,1.0,0.5,2525,4,-2590,0,1,0,1;
custom,house12,brick1,1.9,2.1,1.9,0,1,1,1,1.0,0.5,2525,4,-2690,0,1,0,1;
custom,house12,brick1,1.9,2.1,1.9,0,1,1,1,1.0,0.5,2525,4,-2790,0,1,0,1;
custom,house12,brick1,1.9,2.1,1.9,0,1,1,1,1.0,0.5,2525,4,-2790,0,0,0,1;
custom,house12,brick1,1.9,2.1,1.9,0,1,1,1,1.0,0.5,2625,4,-2790,0,0,0,1;
custom,house12,brick1,1.9,2.1,1.9,0,1,1,1,1.0,0.5,2725,4,-2790,0,0,0,1;
custom,house12,brick1,1.9,2.1,1.9,0,1,1,1,1.0,0.5,2725,4,-2790,0,1,0,1;
custom,house12,brick1,1.9,2.1,1.9,0,1,1,1,1.0,0.5,2725,4,-2690,0,1,0,1;
custom,house12,brick1,1.9,2.1,1.9,0,1,1,1,1.0,0.5,2725,4,-2590,0,1,0,1;
custom,house12,brick1,1.9,2.1,1.9,0,1,1,1,1.0,0.5,2725,4,-2590,0,0,0,1;
custom,house12,brick1,1.9,2.1,1.9,0,1,1,1,1.0,0.5,3475,4,-2510,0,1,0,1;
custom,house12,brick1,1.9,2.1,1.9,0,1,1,1,1.0,0.5,3475,4,-2510,0,0,0,1;
custom,house12,brick1,1.9,2.1,1.9,0,1,1,1,1.0,0.5,3575,4,-2410,0,1,0,1;
custom,house12,brick1,1.9,2.1,1.9,0,1,1,1,1.0,0.5,3575,4,-2410,0,0,0,1;
custom,house12,brick1,1.9,2.1,1.9,0,1,1,1,1.0,0.5,3675,4,-2310,0,1,0,1;
custom,house12,brick1,1.9,2.1,1.9,0,1,1,1,1.0,0.5,3675,4,-2310,0,0,0,1;
custom,house12,brick1,1.9,2.1,1.9,0,1,1,1,1.0,0.5,3875,4,-2110,0,1,0,1;
custom,house12,brick1,1.9,2.1,1.9,0,1,1,1,1.0,0.5,3875,4,-2210,0,1,0,1;
custom,house12,brick1,1.9,2.1,1.9,0,1,1,1,1.0,0.5,3875,4,-2310,0,1,0,1;
custom,house12,brick1,1.9,2.1,1.9,0,1,1,1,1.0,0.5,3875,4,-2410,0,1,0,1;
custom,house12,brick1,1.9,2.1,1.9,0,1,1,1,1.0,0.5,3875,4,-2510,0,1,0,1;
custom,house12,brick1,1.9,2.1,1.9,0,1,1,1,1.0,0.5,3875,4,-2510,0,0,0,1;
custom,house12,brick1,1.9,2.1,1.9,0,1,1,1,1.0,0.5,3875,4,-2010,0,1,0,1;
custom,house12,brick1,1.9,2.1,1.9,0,1,1,1,1.0,0.5,3875,4,-1910,0,1,0,1;
custom,house12,brick1,1.9,2.1,1.9,0,1,1,1,1.0,0.5,3875,4,-1810,0,1,0,1;
custom,house12,brick1,1.9,2.1,1.9,0,1,1,1,1.0,0.5,3875,4,-1810,0,0,0,1;
custom,house12,brick1,1.9,2.1,1.9,0,1,1,1,1.0,0.5,3775,4,-1810,0,0,0,1;
custom,house12,brick1,1.9,2.1,1.9,0,1,1,1,1.0,0.5,3675,4,-1810,0,0,0,1;
custom,house12,brick1,1.9,2.1,1.9,0,1,1,1,1.0,0.5,3675,4,-1810,0,1,0,1;
custom,house12,brick1,1.9,2.1,1.9,0,1,1,1,1.0,0.5,3675,4,-1910,0,1,0,1;
custom,house12,brick1,1.9,2.1,1.9,0,1,1,1,1.0,0.5,3675,4,-1910,0,0,0,1;
custom,house12,brick1,1.9,2.1,1.9,0,1,1,1,1.0,0.5,3675,4,-2110,0,1,0,1;
custom,house12,brick1,1.9,2.1,1.9,0,1,1,1,1.0,0.5,3675,4,-2110,0,0,0,1;
custom,house12,brick1,1.9,2.1,1.9,0,1,1,1,1.0,0.5,3600,4,-1910,0,1,0,1;
custom,house12,brick1,1.9,2.1,1.9,0,1,1,1,1.0,0.5,3600,4,-1910,0,0,0,1;
custom,house12,brick1,1.9,2.1,1.9,0,1,1,1,1.0,0.5,3675,4,-2210,0,1,0,1;
custom,house12,brick1,1.9,2.1,1.9,0,1,1,1,1.0,0.5,3775,4,-2610,0,1,0,1;
custom,house12,brick1,1.9,2.1,1.9,0,1,1,1,1.0,0.5,3775,4,-2610,0,0,0,1;
custom,house12,brick1,1.9,2.1,1.9,0,1,1,1,1.0,0.5,3675,4,-2710,0,1,0,1;
custom,house12,brick1,1.9,2.1,1.9,0,1,1,1,1.0,0.5,3675,4,-2710,0,0,0,1;
custom,house12,brick1,1.9,2.1,1.9,0,1,1,1,1.0,0.5,3575,4,-2810,0,1,0,1;
custom,house12,brick1,1.9,2.1,1.9,0,1,1,1,1.0,0.5,3575,4,-2810,0,0,0,1;
custom,house12,brick1,1.9,2.1,1.9,0,1,1,1,1.0,0.5,3275,4,-2610,0,0,0,1;
custom,house12,brick1,1.9,2.1,1.9,0,1,1,1,1.0,0.5,3175,4,-2610,0,0,0,1;
custom,house12,brick1,1.9,2.1,1.9,0,1,1,1,1.0,0.5,3075,4,-2610,0,0,0,1;
custom,house12,brick1,1.9,2.1,1.9,0,1,1,1,1.0,0.5,2975,4,-2610,0,0,0,1;
custom,house12,brick1,1.9,2.1,1.9,0,1,1,1,1.0,0.5,2875,4,-2610,0,0,0,1;
custom,house12,brick1,1.9,2.1,1.9,0,1,1,1,1.0,0.5,2875,4,-2610,0,1,0,1;
custom,house12,brick1,1.9,2.1,1.9,0,1,1,1,1.0,0.5,2875,4,-2510,0,1,0,1;
custom,house12,brick1,1.9,2.1,1.9,0,1,1,1,1.0,0.5,2875,4,-2410,0,1,0,1;
custom,house12,brick1,1.9,2.1,1.9,0,1,1,1,1.0,0.5,2875,4,-2310,0,1,0,1;
custom,house12,brick1,1.9,2.1,1.9,0,1,1,1,1.0,0.5,2875,4,-2310,0,0,0,1;
custom,house12,brick1,3.9,2.1,3.9,0,1,1,1,1.0,0.5,3125,4,-2360,0,1,0,1;
custom,house12,brick1,3.9,2.1,3.9,0,1,1,1,1.0,0.5,3125,4,-2360,0,0,0,1;
custom,house12,brick1,3.9,2.1,3.9,0,1,1,1,1.0,0.5,3125,4,-2360,0,0.414,0,1;
custom,house12,brick1,3.9,2.1,3.9,0,1,1,1,1.0,0.5,3125,4,-2360,0,-0.414,0,1;
custom,house12,brick1,1.9,2.1,1.9,0,1,1,1,1.0,0.5,2775,4,-2310,0,0,0,1;
custom,house12,brick1,1.9,2.1,1.9,0,1,1,1,1.0,0.5,2675,4,-2310,0,0,0,1;
custom,house12,brick1,1.9,2.1,1.9,0,1,1,1,1.0,0.5,2575,4,-2310,0,0,0,1;
custom,house12,brick1,1.9,2.1,1.9,0,1,1,1,1.0,0.5,2575,4,-2310,0,1,0,1;
custom,house12,brick1,1.9,2.1,1.9,0,1,1,1,1.0,0.5,2525,4,-2360,0,0,0,1;
custom,house12,brick1,1.9,2.1,1.9,0,1,1,1,1.0,0.5,2525,4,-2360,0,1,0,1;
custom,house12,brick1,1.9,2.1,1.9,0,1,1,1,1.0,0.5,2475,4,-2410,0,0,0,1;
custom,house12,brick1,1.9,2.1,1.9,0,1,1,1,1.0,0.5,2475,4,-2410,0,1,0,1;
custom,house12,brick1,1.9,2.1,1.9,0,1,1,1,1.0,0.5,3375,4,-2710,0,1,0,1;
custom,house12,brick1,1.9,2.1,1.9,0,1,1,1,1.0,0.5,3375,4,-2710,0,0,0,1;
custom,house12,brick1,1.9,2.1,1.9,0,1,1,1,1.0,0.5,3275,4,-2825,0,1,0,1;
custom,house12,brick1,1.9,2.1,1.9,0,1,1,1,1.0,0.5,3275,4,-2825,0,0,0,1;
custom,house12,brick1,1.9,2.1,1.9,0,1,1,1,1.0,0.5,3075,4,-2825,0,0,0,1;
custom,house12,brick1,1.9,2.1,1.9,0,1,1,1,1.0,0.5,3175,4,-2825,0,0,0,1;
custom,house12,brick1,1.9,2.1,1.9,0,1,1,1,1.0,0.5,2975,4,-2825,0,1,0,1;
custom,house12,brick1,1.9,2.1,1.9,0,1,1,1,1.0,0.5,2975,4,-2825,0,0,0,1;
custom,house12,brick1,1.9,2.1,1.9,0,1,1,1,1.0,0.5,2875,4,-2710,0,1,0,1;
custom,house12,brick1,1.9,2.1,1.9,0,1,1,1,1.0,0.5,2875,4,-2710,0,0,0,1;
custom,house12,brick1,1.9,2.1,1.9,0,1,1,1,1.0,0.5,3125,4,-3010,0,0,0,1;
custom,house12,brick1,1.9,2.1,1.9,0,1,1,1,1.0,0.5,3225,4,-3010,0,0,0,1;
custom,house12,brick1,1.9,2.1,1.9,0,1,1,1,1.0,0.5,3025,4,-3010,0,0,0,1;
custom,house12,brick1,1.9,2.1,1.9,0,1,1,1,1.0,0.5,3325,4,-3010,0,0,0,1;
custom,house12,brick1,1.9,2.1,1.9,0,1,1,1,1.0,0.5,2925,4,-3010,0,0,0,1;
custom,house12,brick1,1.9,2.1,1.9,0,1,1,1,1.0,0.5,2825,4,-3010,0,0,0,1;
custom,house12,brick1,1.9,2.1,1.9,0,1,1,1,1.0,0.5,2725,4,-3010,0,0,0,1;
custom,house12,brick1,1.9,2.1,1.9,0,1,1,1,1.0,0.5,2725,4,-3010,0,1,0,1;
custom,house12,brick1,1.9,2.1,1.9,0,1,1,1,1.0,0.5,2725,4,-2900,0,1,0,1;
custom,house12,brick1,1.9,2.1,1.9,0,1,1,1,1.0,0.5,3425,4,-3010,0,0,0,1;
custom,house12,brick1,1.9,2.1,1.9,0,1,1,1,1.0,0.5,3425,4,-3010,0,1,0,1;
custom,house12,brick1,1.9,2.1,1.9,0,1,1,1,1.0,0.5,3500,4,-2910,0,0,0,1;
custom,house12,brick1,1.9,2.1,1.9,0,1,1,1,1.0,0.5,3500,4,-2910,0,1,0,1;
custom,tower4,default,1,1,1,0,1,1,1,1.0,1.0,3100,40,-1910,0,0,0,1;
custom,tower4,default,1,1,1,0,1,1,1,1.0,1.0,3100,40,-1910,0,1,0,1;
custom,tower4,default,1,1,1,0,1,1,1,1,1,3100,40,-1910,0,1,0,0;
custom,tower4,default,1,1,1,0,1,1,1,1,1,3100,40,-1910,0,1,0,-1;
racing,killcuboid,75,8,1,2725,40,-1910,0,0,0,1;
racing,killcuboid,75,8,1,2725,40,-1610,0,0,0,1;
racing,killcuboid,65,8,1,2900,40,-1760,0,0,0,1;
racing,killcuboid,25,8,1,2375,40,-1760,0,1,0,1;
racing,killcuboid,30,8,1,3075,40,-1460,0,1,0,1;
racing,killcuboid,60,8,1,3225,40,-1790,0,1,0,1;
racing,killcuboid,30,8,1,3225,40,-1310,0,0,0,1;
racing,killcuboid,140,8,1,3375,40,-2010,0,1,0,1;
racing,killcuboid,90,8,1,2775,40,-2090,0,0,0,1;
racing,killcuboid,30,8,1,2725,40,-2310,0,0,0,1;
racing,killcuboid,20,8,1,2625,40,-2790,0,0,0,1;
racing,killcuboid,30,8,1,3125,40,-2810,0,0,0,1;
racing,killcuboid,50,8,1,3125,40,-2610,0,0,0,1;
racing,killcuboid,40,8,1,2875,40,-2510,0,1,0,1;
racing,killcuboid,50,8,1,2325,40,-2340,0,1,0,1;
racing,killcuboid,20,8,1,2425,40,-2590,0,0,0,1;
racing,killcuboid,20,8,1,2525,40,-2690,0,1,0,1;
racing,killcuboid,20,8,1,2725,40,-2690,0,1,0,1;
racing,killcuboid,22,8,1,2725,40,-2900,0,1,0,1;
racing,killcuboid,70,8,1,3075,40,-3010,0,0,0,1;
racing,killcuboid,80,8,1,3625,40,-2760,0,-0.414,0,1;
racing,killcuboid,42.5,8,1,3525,40,-2460,0,-0.414,0,1;
racing,killcuboid,70,8,1,3875,40,-2160,0,1,0,1;
racing,killcuboid,20,8,1,3675,40,-2210,0,1,0,1;
racing,killcuboid,20,8,1,3775,40,-1810,0,0,0,1;
racing,killcuboid,10,8,1,3675,40,-1860,0,1,0,1;
racing,killCuboid,25,8,1,3275,40,-2510,0,-0.414,0,1;
racing,killCuboid,20,6,0.5,3275,40,-2510,0,-0.414,0,1;
racing,killCuboid,25,8,1,2975,40,-2510,0,0.414,0,1;
racing,killCuboid,20,6,0.5,2975,40,-2510,0,0.414,0,1;
racing,killCuboid,27.5,8,1,3175,40,-2227.5,0,1,0,1;
racing,killCuboid,27.5,8,1,3075,40,-2227.5,0,1,0,1;
racing,killCylinder,20,4,20,3125,40,-2360,0,1,0,1;
racing,killCuboid,15,8,1,3300,40,-1375,0,0.414,0,1;
racing,killCuboid,10,6,0.5,3300,40,-1375,0,0.414,0,1;
racing,killCuboid,15,8,1,3150,40,-1375,0,-0.414,0,1;
racing,killCuboid,10,6,0.5,3150,40,-1375,0,-0.414,0,1;
custom,tower4,default,1,1,1,0,1,1,1,1.0,1.0,2725,40,-2410,0,0,0,1;
custom,tower4,default,1,1,1,0,1,1,1,1.0,1.0,2725,40,-2410,0,1,0,1;
custom,tower4,default,1,1,1,0,1,1,1,1,1,2725,40,-2410,0,1,0,0;
custom,tower4,default,1,1,1,0,1,1,1,1,1,2725,40,-2410,0,1,0,-1;
racing,killCuboid,15,8,1,2725,40,-2475,0,1,0,1;
custom,tower4,default,1,1,1,0,1,1,1,1.0,1.0,2625,40,-2650,0,0,0,1;
custom,tower4,default,1,1,1,0,1,1,1,1.0,1.0,2625,40,-2650,0,1,0,1;
custom,tower4,default,1,1,1,0,1,1,1,1,1,2625,40,-2650,0,1,0,0;
custom,tower4,default,1,1,1,0,1,1,1,1,1,2625,40,-2650,0,1,0,-1;
racing,killCuboid,35,8,1,2625,40,-2475,0,1,0,1;
racing,killCuboid,35,8,1,2450,40,-2225,0,-0.414,0,1;
racing,killCuboid,25,6,0.5,2450,40,-2225,0,-0.414,0,1;
racing,killCuboid,25,8,1,2825,40,-2910,0,0.414,0,1;
racing,killCuboid,20,6,0.5,2825,40,-2910,0,0.414,0,1;
custom,tower4,default,1,1,1,0,1,1,1,1.0,1.0,3775,40,-2275,0,0,0,1;
custom,tower4,default,1,1,1,0,1,1,1,1.0,1.0,3775,40,-2275,0,1,0,1;
custom,tower4,default,1,1,1,0,1,1,1,1.0,1.0,3775,40,-2275,0,1,0,0;
custom,tower4,default,1,1,1,0,1,1,1,1.0,1.0,3775,40,-2275,0,1,0,-1;
racing,killCuboid,35,8,1,3775,40,-2100,0,1,0,1;
racing,killCuboid,10,8,1,3725,40,-2275,0,0,0,1;
custom,tower4,default,1,1,1,0,1,1,1,1.0,1.0,3775,40,-1925,0,0,0,1;
custom,tower4,default,1,1,1,0,1,1,1,1.0,1.0,3775,40,-1925,0,1,0,1;
custom,tower4,default,1,1,1,0,1,1,1,1.0,1.0,3775,40,-1925,0,1,0,0;
custom,tower4,default,1,1,1,0,1,1,1,1.0,1.0,3775,40,-1925,0,1,0,-1;
custom,tower4,default,1,1,1,0,1,1,1,1.0,1.0,3550,40,-2250,0,0,0,1;
custom,tower4,default,1,1,1,0,1,1,1,1.0,1.0,3550,40,-2250,0,1,0,1;
custom,tower4,default,1,1,1,0,1,1,1,1.0,1.0,3550,40,-2250,0,1,0,0;
custom,tower4,default,1,1,1,0,1,1,1,1.0,1.0,3550,40,-2250,0,1,0,-1;
racing,killCuboid,35,8,1,3550,40,-2075,0,1,0,1;
custom,tower4,default,1,1,1,0,1,1,1,1.0,1.0,3450,40,-2250,0,0,0,1;
custom,tower4,default,1,1,1,0,1,1,1,1.0,1.0,3450,40,-2250,0,1,0,1;
custom,tower4,default,1,1,1,0,1,1,1,1.0,1.0,3450,40,-2250,0,1,0,0;
custom,tower4,default,1,1,1,0,1,1,1,1.0,1.0,3450,40,-2250,0,1,0,-1;
racing,killCuboid,35,8,1,3450,40,-2075,0,1,0,1;
custom,tower4,default,1,1,1,0,1,1,1,1.0,1.0,2475,40,-1760,0,0,0,1;
custom,tower4,default,1,1,1,0,1,1,1,1.0,1.0,2475,40,-1760,0,1,0,1;
custom,tower4,default,1,1,1,0,1,1,1,1,1,2475,40,-1760,0,1,0,0;
custom,tower4,default,1,1,1,0,1,1,1,1,1,2475,40,-1760,0,1,0,-1;
racing,killCuboid,10,8,1,2525,40,-1760,0,0,0,1;
racing,killCuboid,15,8,1,2790,40,-2135,0,-0.212,0,1;
racing,killCuboid,15,8,1,2657,40,-2135,0,0.212,0,1;
racing,killCuboid,15,8,1,2790,40,-2255,0,1,0,-0.212;
racing,killCuboid,15,8,1,2657,40,-2255,0,1,0,0.212;
racing,killCuboid,15,15,1,3298.5,20,-2061.5,-0.3854337,0.3854337,-0.5928245,-0.5928245;
racing,killCuboid,15,15,1,3298.5,20,-1928.5,-0.5928245,0.5928245,-0.3854337,-0.3854337;
racing,killCuboid,15,15,1,3298.5,10,-1861.5,-0.3854337,0.3854337,-0.5928245,-0.5928245;
racing,killCuboid,15,15,1,3298.5,10,-1728.5,-0.5928245,0.5928245,-0.3854337,-0.3854337;
racing,killCuboid,15,15,1,3298.5,0,-1661.5,-0.3854337,0.3854337,-0.5928245,-0.5928245;
racing,killCuboid,15,15,1,3298.5,0,-1528.5,-0.5928245,0.5928245,-0.3854337,-0.3854337;
racing,killCuboid,50,8,1,3125,40,-2710,0,0,0,0;
racing,killCuboid,35,6,0.5,3125,40,-2710,0,0,0,0;
racing,killCuboid,80,6,1,3100,30,-2980,0,0,0,0;
racing,killarc180,10,16,19,3120,40,-2875,0,-1,0,1;
racing,killarc180,10,12,19,3120,40,-2875,0,-1,0,1;
racing,killcuboid,30,6,1,3125,30,-2795,0,0,0,0;
racing,killCuboid,4,8,4,3525,40,-2760,0,0.414,0,1;
racing,killCuboid,4,8,4,3425,40,-2660,0,0.414,0,1;
racing,killCuboid,4,8,4,3625,40,-2660,0,0.414,0,1;
racing,killCuboid,4,8,4,3525,40,-2560,0,0.414,0,1;
racing,killCuboid,4,8,4,3725,40,-2560,0,0.414,0,1;
racing,killCuboid,4,8,4,3625,40,-2460,0,0.414,0,1;
racing,killCuboid,4,8,4,3825,40,-2460,0,0.414,0,1;
racing,killCuboid,4,8,4,3725,40,-2360,0,0.414,0,1;
racing,killCuboid,4,8,4,3525,40,-2760,0,0,0,1;
racing,killCuboid,4,8,4,3425,40,-2660,0,0,0,1;
racing,killCuboid,4,8,4,3625,40,-2660,0,0,0,1;
racing,killCuboid,4,8,4,3525,40,-2560,0,0,0,1;
racing,killCuboid,4,8,4,3725,40,-2560,0,0,0,1;
racing,killCuboid,4,8,4,3625,40,-2460,0,0,0,1;
racing,killCuboid,4,8,4,3825,40,-2460,0,0,0,1;
racing,killCuboid,4,8,4,3725,40,-2360,0,0,0,1;
racing,endCuboid,9,8,1,3500,40,-1900,0,0,0,0;
racing,startCuboid,11,8,1,3155,40,-1910,0,0,0,0;
custom,field2,default,2,2,2,1,1,1,0,1.0,1.0,3141.268,0.5092918,-2021.466,0,0.7782012,0,0.6280151;
custom,field2,default,2,2,2,1,1,1,0,1.0,1.0,2698.904,-13.06334,-1998.831,0,0.7067424,0,0.707471;
custom,field2,default,2,2,2,1,1,1,0,1.0,1.0,3045.895,-12.62191,-1915.082,0,0.3711614,0,-0.9285684;
custom,field2,default,2,2,2,1,1,1,0,1.0,1.0,2925.161,-17.54166,-1822.774,0,0.712254,0,-0.7019218;
custom,field2,default,2,2,2,1,1,1,0,1.0,1.0,2758.491,-16.84707,-1834.623,0,0.712254,0,-0.7019218;
custom,field2,default,2,2,2,1,1,1,0,1.0,1.0,2447.298,1.869345,-1853.994,0,0.7523592,0,-0.6587531;
custom,field2,default,2,2,2,1,1,1,0,1.0,1.0,2446.166,3.974538,-1693.487,0,0.1077181,0,-0.9941815;
custom,field2,default,2,2,2,1,1,1,0,1.0,1.0,2669.291,-13.67947,-1671.914,0,0.7140266,0,0.7001185;
custom,field2,default,2,2,2,1,1,1,0,1.0,1.0,2838.335,-13.39519,-1684.738,0,0.6970184,0,0.7170533;
custom,field2,default,2,2,2,1,1,1,0,1.0,1.0,3021.02,-16.57429,-1688.77,0,0.7093335,0,0.704873;
custom,field2,default,2,2,2,1,1,1,0,1.0,1.0,3167.539,-14.33706,-1634.295,0,0.03368582,0,0.9994325;
custom,field2,default,2,2,2,1,1,1,0,1.0,1.0,3220.85,-14.27618,-1387.995,0,0.4115698,0,0.9113783;
custom,field2,default,2,2,2,1,1,1,0,1.0,1.0,3300.067,-17.35928,-1691.699,0,0.9992637,0,0.03836711;
custom,field2,default,2,2,2,1,1,1,0,1.0,1.0,3232.225,2.572645,-2201.391,0,0.9997423,0,-0.02270055;
custom,field2,default,2,2,2,1,1,1,0,1.0,1.0,3312.496,2.151853,-2384.485,0,0.9997897,0,-0.02051047;
custom,field2,default,2,2,2,1,1,1,0,1.0,1.0,3135.087,-10.01602,-2517.898,0,0.8773744,0,-0.4798065;
custom,field2,default,2,2,2,1,1,1,0,1.0,1.0,2945.95,3.538254,-2375.967,0,0.3020394,0,-0.9532955;
custom,field2,default,2,2,2,1,1,1,0,1.0,1.0,3025.383,2.644499,-2193.401,0,0.1334366,0,0.9910573;
custom,field2,default,2,2,2,1,1,1,0,1.0,1.0,2811.251,-13.839,-2192.854,0,0.7081678,0,-0.7060443;
custom,field2,default,2,2,2,1,1,1,0,1.0,1.0,2580.706,-16.02879,-2197.147,0,0.7249112,0,-0.6888424;
custom,field2,default,2,2,2,1,1,1,0,1.0,1.0,2417.864,-14.32437,-2286.28,0,0.9604757,0,-0.2783638;
custom,field2,default,2,2,2,1,1,1,0,1.0,1.0,2390.05,3.984572,-2493.173,0,0.9984285,0,0.05604091;
custom,field2,default,2,2,2,1,1,1,0,1.0,1.0,2557.071,3.920831,-2440.804,0,0.6712228,0,0.7412556;
custom,field2,default,2,2,2,1,1,1,0,1.0,1.0,2624.902,-9.617855,-2709.62,0,0.9971323,0,0.07567836;
custom,field2,default,2,2,2,1,1,1,0,1.0,1.0,2785.992,-13.29077,-2373.084,0,0.7478727,0,0.6638421;
custom,field2,default,2,2,2,1,1,1,0,1.0,1.0,2796.447,-11.43776,-2559.716,0,0.9999818,0,0.006031195;
custom,field2,default,2,2,2,1,1,1,0,1.0,1.0,2847.177,-14.93172,-2819.764,0,0.944966,0,0.3271687;
custom,field2,default,2,2,2,1,1,1,0,1.0,1.0,3131.591,-11.46355,-2753.529,0,0.7151089,0,0.6990131;
custom,field2,default,2,2,2,1,1,1,0,1.0,1.0,3379.234,-12.89503,-2886.093,0,0.5810647,0,0.8138574;
custom,field2,default,2,2,2,1,1,1,0,1.0,1.0,3116.227,-17.54806,-2942.112,0,0.690253,0,0.7235681;
custom,field2,default,2,2,2,1,1,1,0,1.0,1.0,3486.809,-11.30423,-2689.203,0,0.2423386,0,0.9701918;
custom,field2,default,2,2,2,1,1,1,0,1.0,1.0,3627.97,-9.738811,-2562.254,0,0.3750043,0,0.9270231;
custom,field2,default,2,2,2,1,1,1,0,1.0,1.0,3782.934,-12.11008,-2393.292,0,0.3239096,0,0.9460881;
custom,field2,default,2,2,2,1,1,1,0,1.0,1.0,3671.568,3.42302,-2407.774,0,0.3539189,0,-0.9352762;
custom,field2,default,2,2,2,1,1,1,0,1.0,1.0,3581.284,3.046253,-2710.279,0,0.9986475,0,0.0519936;
custom,field2,default,2,2,2,1,1,1,0,1.0,1.0,3816.403,-12.1731,-2103.31,0,0.01341752,0,0.99991;
custom,field2,default,2,2,2,1,1,1,0,1.0,1.0,3672.276,-14.13526,-2003.458,0,0.86914,0,-0.4945662;
custom,field2,default,2,2,2,1,1,1,0,1.0,1.0,3789.929,-15.11038,-1876.78,0,0.1713384,0,-0.9852123;
custom,field2,default,2,2,2,1,1,1,0,1.0,1.0,3618.169,-4.804291,-2226.784,0,0.9997147,0,0.02388758;
custom,field2,default,2,2,2,1,1,1,0,1.0,1.0,3469.141,3.581607,-2406.166,0,0.9675729,0,-0.2525918;
custom,field2,default,2,2,2,1,1,1,0,1.0,1.0,3395.642,2.946171,-2234.546,0,0.01526407,0,-0.9998835;
custom,field2,default,2,2,2,1,1,1,0,1.0,1.0,3395.647,3.319844,-1434.98,0,0.01099246,0,-0.9999396;
custom,field2,default,2,2,2,1,1,1,0,1.0,1.0,3497.116,-16.94618,-2134.941,0,0.006367718,0,0.9999797;
custom,field2,default,2,2,2,1,1,1,0,1.0,1.0,3496.732,-18.28859,-1880.851,0,0.0150915,0,0.9998862;
custom,field2,default,2,2,2,1,1,1,0,0.01,1.0,2998.703,-2.110341,-1540.39,0,0.902122,0,0.4314811;
custom,field2,default,2,2,2,1,1,1,0,0.01,1.0,2996.308,-2.179441,-1540.852,0,0.6110218,0,0.7916138;
custom,sphere,stone3,2,2.75,2,0,1,1,1,0.01,1.0,3037.113,14.04559,-1570.093,0,0.8934739,0,0.4491152;
custom,tower3,stone3,3,3,3,0,1,1,1,4.0,4.0,2775,-250,-1450,0,0,0,0;
custom,tower3,crystal2,2.75,3.05,2.75,0,1,1,1,0.01,0.01,2775,-250,-1450,0,0,0,0;
custom,tower3,crystal2,2.95,2.55,2.95,0,1,1,1,0.01,0.01,2775,-207,-1450,0,0,0,0;
custom,tower3,stone3,3.05,2.95,3.05,0,1,1,1,4.0,4.0,2775,-250,-1450,0,0,0,0;
custom,cylinder,stone3,15,1,15,0,1,1,1,7.5,0.5,2775,4.5,-1450,0,0,0,0;
custom,cylinder,crystal2,14.9,1.1,14.9,0,1,1,1,0.01,0.01,2775,4.5,-1450,0,0,0,0;
custom,cylinder,stone3,17.5,0.5,17.5,0,1,1,1,8.75,0.25,2775,4.5,-1450,0,0,0,0;
custom,cylinder,crystal2,17.4,0.6,17.4,0,1,1,1,0.01,0.01,2775,4.5,-1450,0,0,0,0;
custom,cylinder,stone3,20,0.125,20,0,1,1,1,10.0,0.125,2775,4.5,-1450,0,0,0,0;
custom,cylinder,crystal2,19.9,0.135,19.9,0,1,1,1,0.01,0.01,2775,4.5,-1450,0,0,0,0;
custom,field2,default,2,2,2,1,1,1,0,1.0,1.0,2949.228,4.706752,-1333.83,0,0.9588439,0,0.2839338;
custom,field2,default,2,2,2,1,1,1,0,1.0,1.0,2514.579,2.545088,-1536.619,0,0.9161783,0,-0.4007709;
custom,field2,default,2,2,2,1,1,1,0,1.0,1.0,2611.236,3.380421,-1481.047,0,0.6692139,0,-0.7430698;

custom,tower3,stone3,3,3,3,0,1,1,1,4,4,3525,-250,-1650,0,0,0,0;
custom,tower3,crystal2,2.75,3.05,2.75,0,1,1,1,0.01,0.01,3525,-250,-1650,0,0,0,0;
custom,tower3,crystal2,2.95,2.55,2.95,0,1,1,1,0.01,0.01,3525,-207,-1650,0,0,0,0;
custom,tower3,stone3,3.05,2.95,3.05,0,1,1,1,4,4,3525,-250,-1650,0,0,0,0;
custom,cylinder,stone3,15,1,15,0,1,1,1,7.5,0.5,3525,4.5,-1650,0,0,0,0;
custom,cylinder,crystal2,14.9,1.1,14.9,0,1,1,1,0.01,0.01,3525,4.5,-1650,0,0,0,0;
custom,cylinder,stone3,17.5,0.5,17.5,0,1,1,1,8.75,0.25,3525,4.5,-1650,0,0,0,0;
custom,cylinder,crystal2,17.4,0.6,17.4,0,1,1,1,0.01,0.01,3525,4.5,-1650,0,0,0,0;
custom,cylinder,stone3,20,0.125,20,0,1,1,1,10,0.125,3525,4.5,-1650,0,0,0,0;
custom,cylinder,crystal2,19.9,0.135,19.9,0,1,1,1,0.01,0.01,3525,4.5,-1650,0,0,0,0;

racing,killCuboid,6,8,1,3425,40,-1895,0,0,0,0;
racing,killCuboid,6,8,1,3425,40,-2255,0,0,0,0;

