spawnpoint,playerC,644.8448,1500.965422,-3.607632,0,0.7102023,0,-0.7039977;
map,disablebounds;
spawnpoint,playerM,644.9623,1500.9254247,-3.606607,0,0.7102023,0,-0.7039977;
misc,barrier,6,1,50,414.0558,1495.085424,-5.952923,0,0.7102023,0,-0.7039977;
racing,startCuboid,6,6,1,553.4342,1528.805,-4.633636,0,0.7102023,0,-0.7039977;
misc,barrier,1,6,50,413.8244,1529.72551,29.00651,0,0.7102023,0,-0.7039977;
misc,barrier,1,6,50,413.8957,1529.48542,-40.9159,0,0.7102023,0,-0.7039977;
misc,barrier,6,6,1,665.3319,1529.96552,-3.934009,0,0.7102023,0,-0.7039977;
misc,barrier,7,1,50,414.2937,1564.65673,-5.984567,0,0.7105197,0,-0.7036773;
custom,cylinder,metal2,3,5,3,0,1,1,1,1,1,125.8717,1432.52114,-8.924348,0,0.7085943,0,0.7056161;
custom,sphere,metal2,3,3,3,0,1,1,1,1,1,127.0973,1484.0812,-8.053956,0,0.7085943,0,0.7056161;
custom,arc180,metal4,10,3,5,0,1,1,1,1,1,126.1946,1529.75954,-7.847135,0.0013731,-0.0020924,0.7058762,0.7083309;
custom,sphere,metal1,2,2,2,0,1,1,1,1,1,127.1287,1572.86895,-53.27006,0,0.7039495,0,0.7102501;
custom,sphere,metal1,2,2,2,0,1,1,1,1,1,127.1855,1572.10842,36.94176,0,0.7039495,0,0.7102501;
custom,cuboid,brick1,0.2,1,55,0,1,1,1,1.0,1.0,403.7753,1543.418,-37.85383,0.03481156,0.7249515,0.03425483,-0.6870664;
custom,cuboid,brick1,0.2,1,55,0,1,1,1,1.0,1.0,406.4261,1545.023,28.41512,0.03374066,0.6955469,0.03682113,-0.7167429;
custom,sphere,brick4,6,3,1,0,1,1,1,1,1,663.6734,1514.353,-3.039207,0,0.7056689,0,-0.7085418;
custom,tube,rock3,3,3,3,0,1,1,1,1,1,-679.5178,1524.48164,-13.14812,0.5030142,0.5001228,-0.4959499,0.5008869;
custom,tube,rock2,3,3,3,0,1,1,1,1,1,-978.3362,1575.40157,-14.06146,-0.5033405,0.4966431,0.4959339,0.5040273;
custom,tube,rock1,3,3,3,0,1,1,1,1,1,-1127.311,1610.6415,-14.79012,-0.5017779,0.4982217,0.4975151,0.5024668;
custom,cuboid,wood1,60,1,15,0,1,1,1,1,1,-979.5137,1495.077903,-15.01285,0,0.0024509,0,-0.999997;
custom,cuboid,wood3,60,1,15,0,1,1,1,1,1,-979.7856,1554.51782,-15.12291,0,0.0024509,0,-0.999997;
custom,cuboid,wood2,30,1,15,0,1,1,1,1,1,-1129.223,1595.11777,-16.3134,0,0.0010546,0,-0.9999995;
custom,cuboid,wood2,15,1,15,0,1,1,1,1,1,-1203.746,1625.157,-16.34658,0,0.0024509,0,-0.999997;
racing,killCuboid,15,1,15,-1054.088,1595.26127,-16.23492,0,0.7081512,0,-0.7060608;
racing,killCuboid,15,1,55,-955.0676,1495.039,-12.87162,0,0.7066709,0,-0.7075425;
racing,killCuboid,15,0.9,30,-829.3365,1555.05861,-14.35622,0,0.7083741,0,-0.7058372;
custom,cuboid,wood1,60,7,1,0,1,1,1,1,1,-979.9544,1523.71794,54.85654,0,0.0024509,0,-0.999997;
custom,cuboid,wood1,60,7,1,0,1,1,1,1,1,-979.2328,1523.47804,-84.98152,0,0.0024509,0,-0.999997;
custom,cuboid,wood3,30,5,1,0,1,1,1,1,1,-1129.484,1574.75786,53.93909,0,0.0007055,0,-0.9999998;
custom,cuboid,wood3,30,5,1,0,1,1,1,1,1,-1129.382,1574.95799,-85.91785,0,0.0024509,0,-0.999997;
custom,cuboid,wood2,15,4,1,0,1,1,1,1,1,-1204.244,1610.4378,53.96489,0,0.0024509,0,-0.999997;
custom,cuboid,wood2,15,4,1,0,1,1,1,1,1,-1204.073,1610.4777,-86.32574,0,0.0024509,0,-0.999997;
custom,tube,metal4,5,10,5,0,1,1,1,1.0,1.0,-1365.4,1453.711,-16.30782,0,0.7069622,0,0.7072513;
custom,cuboid,metal4,6,1,10,0,1,1,1,1.0,1.0,-1360.433,1486.412,-63.14137,0,0.6991924,0,0.7149336;
custom,cuboid,metal4,15,1,5,0,1,1,1,1.0,1.0,-1412.205,1486.417,-19.25797,0,0.6991991,0,0.714927;
custom,cuboid,metal4,6,1,10,0,1,1,1,1.0,1.0,-1363.706,1486.314,26.56055,0,0.7022929,0,0.7118881;
custom,cuboid,wood1,15,1.5,1,0,1,1,1,1,1,-684.6461,1545.32121,-14.18313,0,0.7090647,0,-0.7051434;
custom,cuboid,wood1,15,1.5,1,0,1,1,1,1,1,-684.5558,1504.905766,-13.15893,0,0.7094339,0,-0.7047721;
custom,cuboid,wood1,6,4,1,0,1,1,1,1,1,-684.4529,1525.66567,-55.59325,0,0.7072163,0,-0.7069973;
custom,cuboid,wood1,6,4,1,0,1,1,1,1,1,-684.9579,1526.06568,29.80827,0,0.7059813,0,-0.7082306;
custom,cuboid,wood3,6,4,1,0,1,1,1,1,1,-984.5029,1578.72836,-52.18872,0,0.7084717,0,-0.7057393;
custom,cuboid,wood3,6,4,1,0,1,1,1,1,1,-985.2185,1571.12847,24.84151,0,0.7084717,0,-0.7057393;
custom,cuboid,wood2,7,3,1,0,1,1,1,1,1,-1134.2,1611.1652,-53.34151,0,0.7074886,0,-0.7067248;
custom,cuboid,wood2,7,3,1,0,1,1,1,1,1,-1134.217,1611.2454,25.2618,0,0.708721,0,-0.7054889;
custom,cuboid,wood2,15,2.7,1,0,1,1,1,1,1,-1273.909,1616.8287,-16.58677,0,0.7052995,0,0.7089095;
custom,cuboid,wood3,15,3.7,1,0,1,1,1,1,1,-1274.348,1581.48703,-16.43765,0,0.7065974,0,0.7076159;
custom,cuboid,wood1,15,4.7,1,0,1,1,1,1,1,-1274.507,1526.72709,-16.43851,0,0.7063503,0,0.7078625;
racing,killCuboid,5,3,1,-1186.443,1614.6592,24.04146,0,0.7095469,0,-0.7046583;
racing,killCuboid,5,3,1,-1186.018,1614.4931,-56.31917,0,0.7075763,0,-0.706637;
racing,killCuboid,3,3,3,-1220.126,1614.6642,-16.36878,0,0.3820895,0,-0.9241253;
racing,killPrism,5,3,3,-1200.003,1615.2256,39.33284,0,0.9224638,0,-0.3860838;
racing,killPrism,5,3,3,-1199.826,1615.097,-72.20689,0,0.393622,0,-0.9192724;
racing,killPrism,5,3,3,-1236.732,1615.1565,21.49354,0,0.00289,0,-0.9999958;
racing,killPrism,5,3,3,-1234.714,1615.2112,-53.37403,0,0.9999995,0,-0.001021;
racing,killPrism,11,3,3,-1266.592,1615.1048,-17.65559,0,0.7084906,0,-0.7057203;
custom,prism,metal1,0.5,1,1,1,0,1,0,1.0,1.0,-732.6912,1526.411,-13.30989,-0.4974111,0.502579,-0.502228,-0.4977588;
racing,killCuboid,12,4,2,-1029.808,1578.82,-9.888615,0,0.7092456,0,-0.7049615;
racing,killCuboid,12,4,3,-1114.484,1577.658,-23.65828,0,0.7092456,0,-0.7049615;
custom,cuboid,metal4,15,1,10,0,1,1,1,1.0,1.0,-1295.085,1486.512,-16.88347,0,0.6976411,0,0.7164474;
racing,killCuboid,12,5,4,-1239.184,1574.96561,-3.246778,0,0.7107911,0,-0.7034032;
custom,cuboid,wood4,15,4,2,0,1,1,1,1,1,-738.5958,1519.837,-14.07926,0,0.7092685,0,-0.7049385;
custom,cuboid,wood4,15,4,2,0,1,1,1,1,1,-795.0526,1539.496,-14.26089,0,0.7077953,0,-0.7064176;
custom,cuboid,wood4,8,6,8,0,1,1,1,1,1,-883.8331,1529.25541,-13.77199,0,0.7077953,0,-0.7064176;
custom,cuboid,wood4,5,6,5,0,1,1,1,1,1,-974.6498,1528.81025,24.82476,0,0.7077953,0,-0.7064176;
custom,cuboid,wood4,5,6,5,0,1,1,1,1,1,-974.4622,1529.37457,-55.08342,0,0.7093599,0,-0.7048465;
custom,cuboid,wood4,8,6,8,0,1,1,1,1,1,-1065.609,1528.44285,-15.15599,0,0.3856302,0,-0.9226534;
custom,cuboid,wood4,1,6,18,0,1,1,1,1,1,-1185.741,1528.44764,25.57327,0,0.8104794,0,-0.5857671;
custom,cuboid,wood4,1,6,18,0,1,1,1,1,1,-1186.566,1526.60826,-57.51031,0,0.5871273,0,-0.8094947;
custom,cuboid,wood4,14,4,4,0,1,1,1,1,1,-1156.05,1539.08879,-15.42112,0,0.7085048,0,-0.705706;
custom,cuboid,wood4,14,4,4,0,1,1,1,1,1,-1221.838,1519.24808,-16.26823,0,0.7092434,0,-0.7049637;
racing,killTube,4,60,4,-1365.787,1194.3138,-16.05763,0,0.7062743,0,0.7079383;
racing,killTube,6,4,6,-1366.267,623.2957,-15.57259,0,0.6953303,0,0.7186904;
racing,endCuboid,0.3,0.3,0.3,-1367.908,621.7176,-15.55331,0,0.2520912,0,0.9677035;
racing,killTube,2,15,2,-1366.224,709.4925,-15.58674,0,0.6969299,0,0.7171393;
racing,killTube,3,30,3,-1365.734,871.7831,-15.93257,0,0.693795,0,0.7201726;
racing,killTube,3,1,3,-1365.995,655.5286,-15.72252,0,0.7062376,0,0.707975;
racing,killTube,4,1,4,-1365.618,648.5919,-15.66407,0,0.7046896,0,0.7095157;
racing,killTube,5,1,5,-1365.822,641.8851,-15.51907,0,0.6858688,0,0.7277253;
custom,sphere,grass2,6,0.1,6,0,1,1,1,1,1,-1364.575,609.7163,-13.54836,0,0.7046524,0,0.7095527;
custom,village2,default,0.2,0.2,0.2,0,1,1,1,1,1,-1363.598,612.1516,2.596866,0,0.8282914,0,-0.5602976;
custom,village1,default,0.2,0.2,0.2,0,1,1,1,1,1,-1364.874,609.9496,-16.34452,0,-0.3798371,0,0.9250534;
custom,windmill1,default,0.2,0.2,0.2,0,1,1,1,1,1,-1385.632,609.5904,-6.317713,0,0.1972539,0,0.9803525;
custom,pillar1,default,0.5,0.2,0.5,0,1,1,1,1,1,-1367.706,610.1637,-15.23056,0,0.2533536,0,0.9673737;
custom,prism,metal1,0.5,1,1,1,0,1,0,1.0,1.0,-788.5779,1538.037,-13.37281,0.4914689,0.5085039,0.496228,-0.5036268;
custom,cuboid,metal4,1,12,16,0,1,1,1,1.0,1.0,-1355.77,1551.572,-88.21393,0,0.6991633,0,0.7149621;
custom,cuboid,metal4,1,12,16,0,1,1,1,1.0,1.0,-1358.843,1550.753,51.93946,0,0.6991357,0,0.7149891;
custom,cuboid,metal4,15,1,16,0,1,1,1,1.0,1.0,-1357.372,1608.619,-18.24987,0,0.6991122,0,0.715012;
custom,cuboid,metal4,15,13,1,0,1,1,1,1.0,1.0,-1431.812,1547.415,-20.15417,0,0.6976879,0,0.7164019;
custom,sphere,brick2,1,2,1,0,1,1,1,1.0,1.0,-1030.74,1571.987,-64.31656,0,0.7075773,0,-0.706636;
custom,sphere,brick2,1,2,1,0,1,1,1,1.0,1.0,-1114.518,1572.648,25.82825,0,0.9999958,0,0.002911997;
custom,sphere,brick2,1,2,1,0,1,1,1,1.0,1.0,-1238.932,1568.002,-55.39758,0,0.7076393,0,-0.7065738;
custom,cuboid,wood4,12,0.1,0.1,1,0,0.4886364,0,1.0,1.0,-1136.398,1519.174,-19.526,0,0.7088706,0,-0.7053386;
custom,cuboid,wood4,12,0.1,0.1,1,0,0.4886364,0,1.0,1.0,-1202.148,1538.817,-21.66535,0,0.7098175,0,-0.7043858;