//heya froggy here, ive found a problem with this map when loading in with less then 20s before race start, keep this in mind
map,disablebounds;
custom,boulder1,rock3,20,1,20,0,1,1,1,1,1,-1018.75267,16.43373,-2889,0,0.9999977,0,-0.0021604;
custom,boulder1,rock3,10,10,10,0,1,1,1,1,1,-1019.51395,30.82759,-3102.355,0,0.5931085,0,-0.8051226;
custom,boulder3,rock3,15,1,15,0,1,1,1,1,1,-1025.73242,148.6652,-3101.2119,0,0.9995961,0,0.028421;
spawnpoint,playerC,-1009.185799,27.76779,-2964.6923,0,-0.0415196,0,0.9991377;
spawnpoint,playerM,-1013.78727,27.80781,-2960.7976,0,-0.0383805,0,0.9992632;
spawnpoint,playerC,-1031.79931,27.51412,-2968.6669,0,-0.1297439,0,0.9915476;
spawnpoint,playerM,-1038.2402,27.95407,-2954.2321,0,-0.1141533,0,0.9934632;
custom,boulder1,rock3,2,6,6,0,1,1,1,1,1,-1094.5382,65.69764,-2958.9609,0,0.9997591,0,0.0219512;
custom,boulder1,rock3,4,7,8,0,1,1,1,1,1,-944.42589,72.83401,-2968.4987,0,0.9999986,0,0.0016688;
custom,boulder2,rock3,5,2,1,0,1,1,1,1,1,-1026.95124,24.37586,-2909.3732,-0.0210567,0.907354,0.4173362,0.0457805;
custom,boulder3,rock3,6,2,2,0,1,1,1,1,1,-1038.88761,21.69616,-2767.0405,-0.0212163,0.9058917,0.4205011,0.0457067;
racing,killCuboid,10,2,14,-1035.26994,20.77089,-2828.5758,-0.0011608,0.9984646,0.0230071,0.0503774;
racing,killCuboid,0.1,6,14,-1082.9202,54.12041,-2850.0453,0,0.9989068,0,0.0467471;
custom,boulder2,rock3,2,6,10,0,1,1,1,1,1,-976.46056,43.85975,-2817.349,0.059707,0.7192098,-0.6895221,0.0610872;
custom,boulder3,rock3,10,3,10,0,1,1,1,1,1,-1032.81159,94.85327,-2820.6308,-0.0020577,0.9964915,-0.0452698,0.0703641;
custom,boulder4,rock3,4,6,6,0,1,1,1,1,1,-1106.5907,4.562555,-2762.5774,0,0.998237,0,0.0593548;
custom,boulder3,rock3,4,6,4,0,1,1,1,1,1,-1001.202059,38.7092,-2730.5021,0,0.9289954,0,-0.3700914;
custom,boulder2,rock3,4,6,4,0,1,1,1,1,1,-1037.68389,36.50903,-2680.0006,0,0.9018645,0,-0.4320191;
custom,boulder1,rock3,10,8,2,0,1,1,1,1,1,-1163.5676,48.70956,-2658.256,0,0.999292,0,0.0376234;
custom,boulder1,rock3,6,6,6,0,1,1,1,1,1,-1269.8042,33.77507,-2699.8912,0,0.6605677,0,0.7507665;
custom,boulder2,rock3,6,1,6,0,1,1,1,1,1,-1014.63603,115.8579,-2877.948,0.0027668,-0.0209424,-0.9997769,-0.000058;
custom,boulder1,rock3,7,3,8,0,1,1,1,1,1,-1013.16325,122.8589,-2992.6581,0,0.9997755,0,-0.0211896;
custom,boulder1,rock3,6,5,6,0,1,1,1,1,1,-905.17564,155.6024,-2963.0025,0,0.0654334,0,-0.997857;
custom,cave1,default,0.4,0.4,0.4,0,1,1,1,1,1,-1065.03788,25.41049,-2852.3728,0,0.0487117,0,-0.9988129;
custom,cave1,default,0.4,0.3,0.4,0,1,1,1,1,1,-1023.88584,27.7705,-2828.4973,0,0.0487117,0,-0.9988129;
custom,cave1,default,0.5,0.3,0.5,0,1,1,1,1,1,-1011.35127,27.4505,-2803.6241,0,0.0487117,0,-0.9988129;
custom,cave1,default,0.5,0.3,0.5,0,1,1,1,1,1,-1040.83795,26.82388,-2808.8709,0,0.9948934,0,0.1009309;
custom,cave1,default,0.5,0.4,0.5,0,1,1,1,1,1,-1056.74205,10.62388,-2797.0148,0,0.9948934,0,0.1009309;
custom,cave2,default,0.5,0.4,0.5,0,1,1,1,1,1,-1050.39909,69.87868,-2831.7218,0,0.0879123,0,-0.9961283;
custom,cave2,default,0.5,0.4,0.5,0,1,1,1,1,1,-1038.41963,25.32094,-2846.7604,-0.9957399,-0.0024547,-0.0878781,0.0278135;
custom,boulder1,rock3,2,7,10,0,1,1,1,1,1,-1255.737,32.83418,-2835.0781,-0.0004342,0.9982334,0.0589565,0.007351;
custom,boulder2,rock3,6,1,10,0,1,1,1,1,1,-1183.9666,97.7483,-2842.7816,0,0.6701374,0,0.7422371;
racing,killCuboid,6,1,15,-1179.4693,107.0103,-2832.8195,0,0.6781852,0,0.734891;
custom,boulder1,rock3,7,2,20,0,1,1,1,1,1,-1008.745748,102.5392,-2719.2881,0,0.657064,0,0.7538348;
custom,boulder5,rock3,7,7,7,0,1,1,1,1,1,-1251.5274,-28.47954,-2918.0132,0,0.6386919,0,0.7694626;
custom,boulder5,rock3,2,2,2,0,1,1,1,1,1,-1187.1567,19.85183,-2872.8575,0,0.0292876,0,-0.999571;
custom,boulder5,rock3,1,2,1,0,1,1,1,1,1,-1155.7245,21.25183,-2828.0921,0,0.0292876,0,-0.999571;
custom,boulder5,rock3,1,1,2,0,1,1,1,1,1,-1148.2831,23.45187,-2896.8763,0,0.2075412,0,-0.9782263;
custom,cave2,rock3,1,1,1,0,1,1,1,1,1,-1181.8873,97.18754,-2808.3847,0,0.9995041,0,0.0314887;
custom,cave2,rock3,1,1,1,0,1,1,1,1,1,-1135.6341,111.0166,-2845.9047,0,0.9995041,0,0.0314887;
custom,cave1,rock3,0.5,0.5,0.5,0,1,1,1,1,1,-1202.9207,21.06037,-2798.1395,0,0.9963009,0,0.0859332;
custom,boulder4,rock3,8,7,8,0,1,1,1,1,1,-1250.1504,-4.963665,-2966.8983,0,0.6844736,0,0.7290376;
custom,boulder1,rock3,15,15,2,0,1,1,1,1,1,-1237.1275,-26.74079,-3156.3604,0,0.0054144,0,-0.9999853;
custom,boulder4,rock3,10,10,10,0,1,1,1,1,1,-1411.4108,-31.29721,-2839.9621,0,0.7016869,0,0.7124855;
custom,boulder4,rock3,10,5,5,0,1,1,1,1,1,-1322.1086,174.9044,-2867.2535,-0.8007551,0.0252575,-0.5982568,-0.0155607;
custom,boulder4,rock3,30,20,3,0,1,1,1,1,1,-1436.4649,-68.44292,-2763.609,0,0.9999272,0,0.0120634;
custom,boulder4,rock3,20,20,5,0,1,1,1,1,1,-1358.7065,-93.80682,-2935.025,0,0.9987885,0,0.0492111;
custom,boulder1,rock3,10,2,10,0,1,1,1,1,1,-1383.9087,201.4449,-2839.587,0.0596821,0.7100156,0.0606201,-0.6990287;
custom,boulder2,rock3,5,5,5,0,1,1,1,1,1,-1499.1125,3.725414,-2822.6914,0.2813801,0.6410035,-0.2734112,0.6596864;
custom,boulder3,rock3,5,5,5,0,1,1,1,1,1,-1528.7397,-26.87457,-2899.9757,0,0.6968783,0,0.7171894;
custom,boulder1,rock3,10,20,5,0,1,1,1,1,1,-1644.5131,61.10121,-2824.5774,0.1928397,0.8175052,-0.1471888,0.5223348;
custom,boulder1,rock3,10,15,5,0,1,1,1,1,1,-1647.0149,16.27344,-3050.0937,0,0.7092212,0,0.704986;
custom,boulder2,rock3,5,5,5,0,1,1,1,1,1,-1530.5621,163.4453,-2913.6743,0.2584057,0.3487017,-0.1006476,0.8952674;
custom,boulder1,rock3,3,3,3,0,1,1,1,1,1,-1655.9612,112.0593,-2938.7407,0,0.6366482,0,0.7711545;
custom,boulder2,rock3,20,2,30,0,1,1,1,1,1,-1554.9641,-17.16368,-2971.7247,0,0.0090092,0,0.9999594;
custom,boulder2,rock3,5,5,5,0,1,1,1,1,1,-1473.0919,164.5735,-2940.434,0.016223,0.9775857,0.0820902,-0.1931951;
custom,boulder3,rock3,5,5,5,0,1,1,1,1,1,-1534.6654,226.1291,-2848.3256,0.2888528,0.7094619,0.4246043,-0.4826378;
custom,boulder3,rock3,20,2,30,0,1,1,1,1,1,-1361.3935,-5.768682,-3094.3168,0,0.7053537,0,-0.7088556;
racing,killCuboid,15,0.5,15,-1331.5166,58.78968,-2839.6683,0,0.7058581,0,0.7083533;
custom,boulder4,rock3,20,20,4,0,1,1,1,1,1,-1508.9277,-40.82375,-3104.2196,0,0.1433302,0,0.9896749;
custom,boulder4,rock3,5,6,5,0,1,1,1,1,1,-1341.0755,9.713003,-3133.3574,0,0.6291215,0,-0.777307;
custom,boulder2,rock3,7,2,7,0,1,1,1,1,1,-1211.0682,132.6233,-3098.242,0,0.716152,0,-0.6979444;
custom,boulder1,rock3,7,2,7,0,1,1,1,1,1,-1292.3906,121.0237,-3015.108,0,0.5111085,0,-0.8595163;
custom,boulder3,rock3,7,2,7,0,1,1,1,1,1,-1306.3695,140.7513,-3136.3505,0,0.1290709,0,-0.9916354;
custom,boulder1,rock3,5,5,5,0,1,1,1,1,1,-1107.1377,110.1513,-3155.6727,0,0.1564076,0,-0.9876926;
custom,boulder3,rock3,2,2,2,0,1,1,1,1,1,-1066.93491,126.6082,-3125.4507,0,0.9517023,0,0.3070225;
custom,boulder2,rock3,2,2,2,0,1,1,1,1,1,-1164.7653,128.582,-3148.2103,0,0.9137651,0,-0.4062431;
custom,boulder1,rock3,8,2,8,0,1,1,1,1,1,-1380.6824,136.4165,-3046.2374,0,-0.1312609,0,-0.9913478;
custom,cave1,rock3,1,0.7,1,0,1,1,1,1,1,-1424.8831,8.134358,-3031.0269,0,0.6175608,0,-0.7865232;
custom,cave1,rock3,1,0.7,1,0,1,1,1,1,1,-1328.1492,2.934432,-3048.2722,0,0.6175608,0,-0.7865232;
custom,boulder2,rock3,6,2,6,0,1,1,1,1,1,-1167.6264,120.247,-3018.6205,0,0.041733,0,-0.9991288;
custom,boulder3,rock3,6,2,6,0,1,1,1,1,1,-1092.79278,135.3415,-3026.7992,0,0.9916776,0,0.1287462;
custom,boulder1,rock3,6,2,6,0,1,1,1,1,1,-1227.0643,112.3174,-2945.2878,0,0.0614424,0,-0.9981107;
custom,boulder1,rock3,4,2,8,0,1,1,1,1,1,-1131.1438,110.7741,-2942.4816,0,0.9991231,0,0.0418693;
racing,killCuboid,30,1,30,-1405.6042,9.33773,-3108.8995,0,0.683268,0,-0.7301678;
custom,boulder4,rock3,3,1,1,0,1,1,1,1,1,-1254.2556,12.53347,-3068.5707,0,0.7136616,0,-0.7004907;
custom,boulder3,rock3,3,1,1,0,1,1,1,1,1,-1259.1049,10.73347,-3113.0698,0.4085363,0.5764232,0.3154125,-0.6335214;
custom,boulder3,rock3,6,1,6,0,1,1,1,1,1,-1566.906,5.604101,-3010.1031,-0.0751329,0.6788509,-0.0701524,-0.7270455;
custom,boulder5,rock3,7,4,4,0,1,1,1,1,1,-886.1089,-18.72767,-2776.4792,0,0.7436112,0,-0.6686122;
custom,boulder1,rock3,6,1,6,0,1,1,1,1,1,-959.08323,103.9267,-2835.9142,0.030723,0.7572021,0.0357087,-0.6514798;
racing,killCuboid,10,1,20,-970.38987,111.4692,-2838.0784,0,0.7495565,0,-0.6619404;
racing,killCuboid,10,10,1,-875.8604,66.46707,-2826.3982,0,0.7495896,0,-0.6619029;
custom,boulder1,rock3,2,2,2,0,1,1,1,1,1,-883.8498,103.8642,-2826.1129,0,0.7496157,0,-0.6618735;
custom,boulder1,rock3,8,1,8,0,1,1,1,1,1,-920.75798,24.01621,-2707.8797,0,0.9999852,0,0.0054446;
custom,boulder4,rock3,8,6,1,0,1,1,1,1,1,-822.6296,22.29164,-2874.7285,0,0.027365,0,-0.9996255;
racing,killCuboid,10,3,10,-821.2142,10.53487,-2820.1556,0,0.7500442,0,-0.6613878;
custom,boulder4,rock3,10,10,10,0,1,1,1,1,1,-742.7905,-9.617021,-2824.6056,0,0.7654662,0,-0.6434761;
custom,boulder4,rock3,15,10,10,0,1,1,1,1,1,-764.5238,-22.40082,-2690.5428,0,0.8974559,0,-0.4411043;
custom,boulder4,rock3,15,10,10,0,1,1,1,1,1,-906.50883,-21.16996,-2609.0054,0,0.9927008,0,0.1206041;
custom,boulder1,rock3,4,4,4,0,1,1,1,1,1,-1025.33012,91.37303,-2671.7809,0,0.952649,0,0.3040722;
custom,cave1,rock3,1,0.4,1,0,1,1,1,1,1,-909.34772,26.87888,-2733.2538,0,0.1765945,0,0.9842837;
custom,cave1,rock3,1,0.4,1,0,1,1,1,1,1,-893.5032,26.87885,-2732.5157,0,0.1765945,0,0.9842837;
custom,cave1,rock3,1,0.4,1,0,1,1,1,1,1,-900.24027,31.11336,-2715.7947,0,0.7411553,0,-0.6713336;
custom,cave1,rock3,1,0.4,1,0,1,1,1,1,1,-929.73711,34.73449,-2704.8479,0,0.8111148,0,-0.584887;
custom,boulder1,rock3,2,2,5,0,1,1,1,1,1,-898.0693,106.2818,-2890.232,0,0.7146078,0,-0.6995254;
custom,boulder3,rock3,2,2,5,0,1,1,1,1,1,-825.83,23.82453,-2772.0351,-0.2134386,0.6784405,0.216518,0.6687918;
custom,boulder4,rock3,4,2,4,0,1,1,1,1,1,-1079.5062,103.3075,-2853.5098,0,0.9996136,0,0.0277963;
custom,boulder3,rock3,6,1,2,0,1,1,1,1,1,-1196.2941,108.3597,-2807.1902,0,0.9985428,0,0.0539648;
custom,boulder4,rock3,2,5,6,0,1,1,1,1,1,-1097.2075,110.3261,-2682.7439,-0.0056512,0.9955354,0.039732,-0.0854332;
custom,boulder4,rock3,2,5,6,0,1,1,1,1,1,-1037.41589,104.7991,-2679.1462,0.0056018,-0.1668754,0.0610807,0.9840683;
custom,boulder1,rock3,7,5,7,0,1,1,1,1,1,-1574.1709,169.8261,-2971.9501,0,0.7375519,0,0.6752906;
custom,boulder3,rock3,5,2,5,0,1,1,1,1,1,-1525.8029,142.9071,-3059.572,0,0.2303498,0,0.9731079;
custom,boulder3,rock3,5,2,5,0,1,1,1,1,1,-1492.4904,135.3532,-3003.7927,0,0.5425626,0,-0.8400154;
custom,boulder4,rock3,20,15,5,0,1,1,1,1,1,-1135.1078,125.504,-2920.3807,0,0.0020207,0,-0.999998;
spawnpoint,playerC,-1025.0816,158.0998,-3091.8929,0,0.6898421,0,0.7239599;
spawnpoint,playerM,-1019.57397,158.3412,-3098.766,0,0.6898421,0,0.7239599;
spawnpoint,playerC,-1028.45652,158.2598,-3107.0337,0,0.6898421,0,0.7239599;
spawnpoint,playerM,-1032.8572,158.5,-3098.0746,0,0.6898421,0,0.7239599;
custom,boulder4,rock3,6,6,6,0,1,1,1,1,1,-1094.30784,145.3189,-3090.7764,0,0.6690118,0,0.7432517;
custom,boulder4,rock3,10,6,4,0,1,1,1,1,1,-1020.37532,148.9128,-3039.253,0,0.0743214,0,-0.9972344;
custom,boulder4,rock3,10,6,4,0,1,1,1,1,1,-1044.64351,142.7699,-3152.015,0,-0.0193686,0,-0.9998124;
custom,boulder1,rock3,10,3,10,0,1,1,1,1,1,-768.0334,158.1932,-3051.4788,0,0.6753438,0,0.7375031;
custom,boulder1,rock3,10,3,10,0,1,1,1,1,1,-606.6161,126.9093,-3025.5314,-0.714752,0.0414012,-0.6968589,-0.0424642;
custom,boulder4,rock3,20,20,5,0,1,1,1,1,1,-371.3981,-28.81463,-3018.7858,0,0.7074645,0,-0.706749;
custom,boulder1,rock3,10,10,10,0,1,1,1,1,1,-319.0708,55.57003,-3126.6755,0,0.6832103,0,0.7302217;
custom,boulder1,rock3,10,10,10,0,1,1,1,1,1,-357.9967,64.76964,-2903.7755,0,0.977765,0,0.2097038;
custom,boulder4,rock3,20,10,5,0,1,1,1,1,1,-894.7242,106.2949,-3158.1956,0,0.0311076,0,-0.9995161;
custom,boulder4,rock3,7,10,20,0,1,1,1,1,1,-858.535,149.9306,-3003.103,0,0.6862637,0,-0.7273529;
custom,boulder1,rock3,10,10,5,0,1,1,1,1,1,-689.2409,142.9053,-3147.3528,0,0.018993,0,0.9998196;
custom,boulder2,rock3,10,10,5,0,1,1,1,1,1,-506.2102,150.5015,-3116.7115,-0.1060738,-0.0316922,0.70282,0.7027006;
custom,boulder2,rock3,10,10,5,0,1,1,1,1,1,-498.5168,183.9984,-2976.4445,-0.6882586,0.7252733,0.0114975,-0.0121158;
custom,boulder4,rock3,10,10,5,0,1,1,1,1,1,-668.1323,141.4372,-2985.2866,0,0.9989144,0,0.0465851;
custom,boulder1,rock3,10,2,10,0,1,1,1,1,1,-972.01616,234.9203,-3087.4824,0,0.6846031,0,0.728916;
custom,boulder2,rock3,5,2,5,0,1,1,1,1,1,-847.4915,248.5634,-3128.0065,0,0.6766096,0,0.736342;
custom,boulder3,rock3,5,2,5,0,1,1,1,1,1,-828.2879,243.1486,-3059.9396,0,0.024801,0,-0.9996924;
custom,boulder2,rock3,6,2,6,0,1,1,1,1,1,-773.6629,235.2411,-3108.698,0.0991016,0.0659212,0.0065798,-0.9928696;
custom,boulder1,rock3,6,2,6,0,1,1,1,1,1,-730.5117,229.3832,-3055.452,0.0094012,0.7392653,0.0103228,-0.6732696;
custom,boulder1,rock3,6,2,6,0,1,1,1,1,1,-639.2071,211.1487,-3049.5343,0,0.7169257,0,-0.6971497;
custom,boulder1,rock3,6,2,6,0,1,1,1,1,1,-548.5632,212.2186,-3049.9975,0,0.7364089,0,-0.6765368;
custom,boulder2,rock3,6,2,6,0,1,1,1,1,1,-461.1383,199.582,-3046.469,0,0.6876621,0,0.7260309;
custom,boulder3,rock3,6,2,6,0,1,1,1,1,1,-412.0886,202.9821,-3043.0807,0,0.7809249,0,0.624625;
custom,boulder1,rock3,10,4,20,0,1,1,1,1,1,-565.8363,1.432798,-3041.5023,0.0134338,0.8056374,-0.0182825,0.5919744;
custom,boulder3,rock3,6,6,6,0,1,1,1,1,1,-483.8718,37.52017,-2970.7167,0,0.9744176,0,-0.2247451;
custom,boulder3,rock3,6,6,6,0,1,1,1,1,1,-478.7084,60.41782,-3114.5054,0,0.9998664,0,-0.0163485;
custom,boulder3,rock3,10,6,6,0,1,1,1,1,1,-625.2742,64.08977,-3096.2031,0,0.987863,0,-0.1553276;
custom,boulder1,rock3,10,6,6,0,1,1,1,1,1,-836.4246,66.07614,-3088.0799,0,0.988861,0,-0.1488419;
custom,boulder1,rock3,10,6,6,0,1,1,1,1,1,-599.3844,56.10984,-2945.9968,0,0.9950866,0,-0.099009;
custom,boulder2,rock3,5,6,6,0,1,1,1,1,1,-705.6913,81.46667,-2911.1484,0,0.4095754,0,0.9122763;
custom,boulder1,rock3,6,2,6,0,1,1,1,1,1,-800.364,130.3012,-2942.3096,-0.0042064,0.9951365,0.0853133,0.049065;
custom,boulder2,rock3,4,4,4,0,1,1,1,1,1,-813.4935,137.5069,-2872.534,0,0.9992619,0,0.0384159;
custom,boulder2,rock3,4,4,4,0,1,1,1,1,1,-792.1383,166.8871,-2826.9804,-0.2893772,0.441114,-0.1527494,-0.8356715;
custom,boulder3,rock3,4,4,4,0,1,1,1,1,1,-763.0555,134.237,-2749.6258,0,0.7807434,0,-0.6248518;
custom,boulder1,rock3,4,4,4,0,1,1,1,1,1,-826.7473,143.6777,-2717.5433,0,0.997619,0,0.0689659;
custom,boulder4,rock3,10,7,4,0,1,1,1,1,1,-921.15326,99.7407,-2751.5372,0,0.9984356,0,0.0559134;
custom,boulder4,rock3,10,7,4,0,1,1,1,1,1,-1172.508,98.89964,-2749.515,0,0.9897538,0,0.1427844;
custom,boulder2,rock3,5,5,5,0,1,1,1,1,1,-808.8064,177.1816,-2781.196,-0.2304254,0.7693594,-0.4107999,-0.431548;
custom,boulder2,rock3,5,5,5,0,1,1,1,1,1,-859.1908,192.8547,-2889.4676,0,0.3699587,0,-0.9290482;
custom,boulder3,rock3,5,5,5,0,1,1,1,1,1,-874.2126,182.8644,-2764.8489,0,0.9979655,0,-0.0637566;
custom,boulder1,rock3,6,2,7,0,1,1,1,1,1,-898.3057,215.7631,-2818.4507,0,0.7295197,0,-0.6839598;
custom,boulder1,rock3,6,3,10,0,1,1,1,1,1,-1187.1165,209.6357,-2831.2254,0,0.6613211,0,0.7501029;
custom,boulder2,rock3,2,2,2,0,1,1,1,1,1,-1246.6017,178.5802,-2776.5303,0,0.9894611,0,0.1447992;
custom,boulder1,rock3,2,2,2,0,1,1,1,1.0,1.0,-1080.154,200.0908,-2882.087,0,0.998357,0,-0.0573002;
custom,boulder2,rock3,4,4,3,0,1,1,1,1,1,-1013.51158,153.007,-2735.5706,0,0.9270417,0,-0.3749582;
custom,boulder2,rock3,4,4,3,0,1,1,1,1,1,-1123.4776,165.8086,-2729.3538,0,0.9046145,0,0.4262308;
custom,boulder1,rock3,4,3,6,0,1,1,1,1,1,-1073.87743,200.7891,-2730.1734,0,0.9997689,0,0.0215018;
custom,bridge1,rock3,1,1,1,0,1,1,1,1,1,-1073.68433,77.9149,-2602.6526,0,0.6834786,0,0.7299706;
racing,killCuboid,200,1,40,-1081.34746,58.41621,-2441.1723,0,0.9998081,0,0.0195928;
custom,boulder4,rock3,40,40,40,0,1,1,1,1,1,-1888.9611,-39.11748,-2452.46713,0,0.6883401,0,0.7253881;
custom,boulder4,rock3,40,40,40,0,1,1,1,1,1,-326.9144,-21.21023,-2367.0064,0,0.6977423,0,0.7163489;
custom,boulder4,rock3,15,10,10,0,1,1,1,1,1,-1386.947,-36.18597,-2664.6743,0,0.934417,0,-0.3561809;
custom,boulder4,rock3,15,10,10,0,1,1,1,1,1,-646.8191,-11.09753,-2524.27569,0,0.8899333,0,0.4560906;
custom,bridge1,rock3,1,1,1,0,1,1,1,1,1,-1098.28427,93.59869,-2466.21271,0,0.5665888,0,0.8240007;
custom,cave1,rock3,0.5,0.8,0.5,0,1,1,1,1,1,-1096.63398,-1.578016,-2468.54285,0,0.6137075,0,0.7895335;
custom,bridge1,rock3,1,1,1,0,1,1,1,1,1,-1107.9489,71.0979,-2271.0166,-0.0818245,0.6765755,-0.0904053,0.7262074;
custom,boulder4,rock3,10,10,10,0,1,1,1,1,1,-1026.81265,-10.01955,-2214.4198,0,0.9999085,0,0.0135291;
custom,boulder4,rock3,10,10,10,0,1,1,1,1,1,-1188.2081,-4.512091,-2224.7776,0,0.0278778,0,0.9996114;
custom,boulder4,rock3,30,30,10,0,1,1,1,1,1,-1390.5035,-13.11615,-2235.435,0,0.9774964,0,0.2109523;
custom,boulder4,rock3,30,30,10,0,1,1,1,1,1,-798.0121,-10.7623,-2231.4236,0,0.1269848,0,0.9919047;
custom,cuboid,earth2,50,1,50,0,1,1,1,1,1,-1127.7022,85.45506,-1973.5074,0,0.0355161,0,-0.9993691;
custom,cuboid,earth2,3,20,3,0,1,1,1,1,1,-1060.33271,182.2066,-2200.8808,0,0.0552032,0,-0.9984751;
custom,cuboid,earth2,3,20,3,0,1,1,1,1,1,-1156.8225,182.2463,-2210.6296,0,0.0552032,0,-0.9984751;
custom,cuboid,earth2,20,3,3,0,1,1,1,1,1,-1108.798,267.0567,-2206.1231,0,0.0508553,0,-0.998706;
custom,cuboid,earth2,10,30,2,0,1,1,1,1,1,-996.927562,132.4313,-2194.9513,0,0.0487027,0,-0.9988133;
custom,cuboid,earth2,10,30,2,0,1,1,1,1,1,-1220.4662,132.3194,-2216.8934,0,0.0487027,0,-0.9988133;
custom,cuboid,earth2,15,2,3,0,1,1,1,1,1,-1103.7469,175.9385,-2232.4417,0,0.0639821,0,-0.9979511;
custom,cuboid,earth2,15,2,3,0,1,1,1,1,1,-1105.4021,187.9386,-2220.212,0,0.0639821,0,-0.9979511;
custom,cuboid,earth2,15,2,3,0,1,1,1,1,1,-1106.911,192.338,-2209.429,0,0.0639821,0,-0.9979511;
custom,statue2,stone8,2,2,2,0,1,1,1,1,1,-1108.7885,197.9719,-2213.3374,0,0.9986664,0,0.0516273;
custom,sphere,stone8,1,1,1,1,1,0,0,1,1,-1103.7334,228.5649,-2224.9193,0,0.0596433,0,-0.9982198;
custom,sphere,stone8,1,1,1,1,1,0,0,1,1,-1112.0744,228.5654,-2225.9195,0,0.0596433,0,-0.9982198;
custom,cuboid,earth2,7,7,1,1,0.3636364,0.375,0.3522727,1,1,-1108.8413,235.4552,-2192.8805,0,0.0531167,0,-0.9985883;
racing,checkpointCuboid,6,6,1,-1105.66,119.6055,-2214.465,0,0.008436804,0,0.9999644;
misc,barrier,50,1,50,-1064.35735,189.2771,-2476.92693,0,0.9983389,0,0.0576155;
custom,boulder1,rock3,3,1,20,0,0.3636364,0.375,0.3522727,1,1,-1082.39627,196.7782,-2733.0687,0,0.7409602,0,-0.671549;
misc,barrier,1,10,50,-1308.3805,144.2455,-2503.685616,0,0.058427,0,-0.9982917;
misc,barrier,1,20,50,-821.27,94.28394,-2448.80229,0,0.0581559,0,-0.9983075;
custom,boulder4,rock3,2,4,4,0,1,1,1,1,1,-1152.5732,77.81064,-2179.768,0,0.9988462,0,0.0480242;
custom,boulder4,rock3,2,6,6,0,1,1,1,1,1,-1160.6326,86.87667,-2119.5875,0,0.0213101,0,0.999773;
custom,boulder1,rock3,6,3,6,0,1,1,1,1,1,-1108.0596,165.3178,-2146.931,0,0.9933127,0,0.1154557;
custom,boulder3,rock3,4,4,4,0,1,1,1,1,1,-1175.181,150.7988,-2177.0561,0,-0.197953,0,-0.9802116;
custom,boulder4,rock3,5,5,2,0,1,1,1,1,1,-1107.5336,87.56886,-2071.1628,0,0.9995937,0,0.0285039;
custom,boulder4,rock3,6,6,3,0,1,1,1,1,1,-1051.61145,85.59477,-2165.279,0,0.6814747,0,-0.7318417;
custom,cuboid,earth1,6,6,1,0,1,1,1,1,1,-1059.02073,119.4235,-2070.4103,0,0.9999971,0,-0.002417;
custom,cuboid,earth1,6,6,1,0,1,1,1,1,1,-1015.94924,120.0122,-2048.0128,0,0.8861077,0,0.4634793;
custom,cuboid,earth1,1,6,12,0,1,1,1,1,1,-955.0402,119.2037,-2062.6331,0,0.9999769,0,0.0067959;
custom,boulder2,rock3,6,6,6,0,1,1,1,1,1,-961.41704,119.6438,-2159.7728,0,0.8950168,0,0.4460324;
custom,cuboid,earth1,1,6,20,0,1,1,1,1,1,-1050.9257,119.1445,-1998.4604,0,0.7088351,0,-0.7053743;
custom,boulder3,earth1,6,6,6,0,1,1,1,1,1,-1073.01404,92.76888,-1979.7571,0,0.7263866,0,0.6872864;
custom,boulder2,rock3,3,4,2,0,1,1,1,1,1,-1149.7221,138.896,-2073.0613,0.0390759,0.937333,-0.1117703,0.3277;
custom,cuboid,earth1,6,1,1,0,1,1,1,1,1,-1146.7133,94.71118,-2033.3305,0,0.7160341,0,0.6980653;
custom,cuboid,earth1,6,1,1,0,1,1,1,1,1,-1145.8756,144.1903,-2033.3539,0,0.7076991,0,0.706514;
custom,cylinder,earth1,1,3,1,0,1,1,1,1,1,-1145.8033,118.711,-2014.6879,0,0.7160341,0,0.6980653;
custom,cylinder,earth1,1,1,1,0,1,1,1,1,1,-1146.5119,106.5388,-2031.2859,-0.060769,0.7088392,-0.0600265,0.7001793;
custom,cylinder,earth1,1,1,1,0,1,1,1,1,1,-1145.729,134.0994,-2031.493,0.2103783,0.6796227,0.2078082,0.6713194;
custom,cuboid,earth1,12,6,1,0,1,1,1,1,1,-1210.4706,119.1327,-1999.2757,0,0.9999966,0,0.002623;
custom,cuboid,earth1,10,6,1,0,1,1,1,1,1,-1228.016,119.2384,-2047.7357,0,0.71903,0,0.694979;
custom,cuboid,earth1,10,6,1,0,1,1,1,1,1,-1273.048,119.3005,-2091.2308,0,0.71903,0,0.694979;
custom,cuboid,earth1,6,6,1,0,1,1,1,1,1,-1300.2112,119.2651,-1999.7976,0,0.9999884,0,0.0048147;
custom,cuboid,earth1,1,6,10,0,1,1,1,1,1,-1320.6417,119.3442,-2044.8129,0,0.9984351,0,0.0559246;
custom,cuboid,earth1,20,6,1,0,1,1,1,1,1,-1368.4209,119.504,-2046.5947,0,0.6817927,0,0.7315454;
custom,cuboid,earth1,4,4,1,0,1,1,1,1,1,-1251.627,109.6732,-2066.2236,0,0.9997721,0,-0.0213489;
custom,cuboid,earth1,4,4,1,0,1,1,1,1,1,-1295.6784,129.3528,-2064.1014,0,0.9997721,0,-0.0213489;
custom,boulder2,rock3,4,4,4,0,1,1,1,1,1,-1376.9576,96.47356,-2046.2237,0,0.6890379,0,-0.7247253;
custom,cuboid,earth1,1,6,20,0,1,1,1,1,1,-1279.103,119.5975,-1961.7266,0,0.7412134,0,0.6712695;
custom,cuboid,earth1,5,5.5,5,0,1,1,1,1,1,-1156.244,121.6347,-1969.444,0,0.7051821,0,0.7090263;
custom,cuboid,earth1,1,6,25,0,1,1,1,1,1,-1204.5903,118.9738,-1921.1918,0,0.7157939,0,-0.6983117;
custom,cuboid,earth1,5,6,1,0,1,1,1,1,1,-1084.03481,118.8978,-1938.5922,0,0.716723,0,-0.697358;
custom,cuboid,lava1,50,1,50,0,1,1,1,1,1,-1124.4875,-3.978505,-2019.5361,0,0.7332746,0,-0.6799327;
racing,killCuboid,50,1,50,-1125.4985,-2.502481,-2019.4098,0,0.6797018,0,0.7334886;
custom,cylinder,earth1,2,4.5,2,0,1,1,1,1,1,-1371.3864,38.51839,-1927.4786,0,0.6814917,0,0.7318258;
custom,cylinder,earth1,2,4.5,2,0,1,1,1,1,1,-1374.1964,39.58192,-1885.7373,0,0.6814917,0,0.7318258;
custom,boulder4,rock3,5,2,5,0,1,1,1,1,1,-1389.5994,-2.058054,-1904.79,0,0.6814917,0,0.7318258;
custom,cave1,default,1,0.6,1,0,1,1,1,1,1,-1275.9637,-2.209745,-1907.9621,0,0.7004,0,0.7137505;
custom,cave1,default,1,0.55,1,0,1,1,1,1,1,-1246.3096,0.2795553,-2020.435,0,0.4707613,0,0.8822606;
custom,cave2,default,1,0.55,1,0,1,1,1,1,1,-1128.4039,81.24263,-2000.5564,0,0.011639,0,-0.9999323;
custom,cave2,default,1,0.7,1,0,1,1,1,1,1,-1169.264,81.32249,-1860.2782,0,0.011639,0,-0.9999323;
custom,boulder4,rock3,4,4,4,0,1,1,1,1,1,-1025.24102,-0.0195146,-1879.3081,0,0.6846393,0,0.728882;
custom,cave1,default,1,0.55,1,0,1,1,1,1,1,-912.6384,-2.182108,-2037.8174,0,0.8903589,0,-0.4552594;
racing,killCuboid,50,0.5,50,-1127.4192,81.59003,-1972.804,0,0.6808531,0,0.73242;
racing,killCuboid,1,9,17,-1299.041,37.26473,-1897.2424,0,0.8331205,0,-0.5530915;
racing,killCuboid,1,9,20,-1290.6681,37.14938,-1846.6326,0,0.5384771,0,0.8426402;
racing,killCuboid,1,9,20,-1199.8515,43.05764,-1904.1259,0,0.9999035,0,0.0138932;
racing,killCuboid,1,9,14,-1257.3644,41.7098,-1916.8589,0,0.2832364,0,0.9590501;
racing,killCuboid,1,9,10,-1250.6053,40.24162,-2001.3647,0,0.6320758,0,0.7749066;
racing,killCuboid,1,9,4,-1311.9529,41.56642,-1989.3249,0,0.4315673,0,0.9020807;
racing,killCuboid,1,9,6,-1324.6083,38.81504,-2027.8323,0,-0.0200578,0,0.9997988;
racing,killCuboid,1,9,20,-1229.4848,42.1838,-2073.6005,0,0.7440113,0,0.668167;
racing,killCuboid,1,9,20,-1137.656,41.58517,-1989.2016,0,-0.0602109,0,0.9981857;
racing,killCuboid,1,9,20,-1075.82211,39.96366,-1874.7925,0,0.7986747,0,-0.6017631;
racing,killCuboid,1,9,25,-1073.07061,39.78078,-1801.9618,0,0.736465,0,-0.6764757;
racing,killCuboid,1,9,25,-956.69602,41.16048,-1912.5075,0,0.999349,0,-0.0360784;
racing,killCuboid,1,9,25,-1047.36106,38.86585,-2040.8251,0,0.2067856,0,-0.9783863;
racing,killCuboid,1,9,25,-928.51817,34.29209,-2029.2002,0,0.9854468,0,-0.1699843;
custom,boulder1,rock3,5,2,5,0,1,1,1,1,1,-859.0543,-3.471198,-2131.7066,0,0.7424521,0,-0.6698991;
custom,boulder1,rock3,7,3,7,0,1,1,1,1,1,-815.9281,8.236553,-2044.9977,0,0.9864759,0,-0.163906;
custom,boulder4,rock3,7,3,3,0,1,1,1,1,1,-883.2591,-12.31496,-1904.6411,0,0.7306768,0,-0.6827236;
custom,cylinder,earth1,2,3.6,2,0,1,1,1,1,1,-891.0615,49.33586,-1913.5679,0,0.733658,0,-0.6795189;
custom,cylinder,earth1,2,3.6,2,0,1,1,1,1,1,-893.7656,48.76286,-1873.6322,0,0.7424953,0,-0.6698513;
racing,killCuboid,1,9,5,-924.52663,41.58707,-1871.7602,0,0.6844894,0,-0.7290229;
custom,boulder4,rock3,20,20,4,0,1,1,1,1,1,-1114.4413,273.2719,-2183.1736,0,0.0471521,0,-0.9988877;
custom,cuboid,earth1,1,6,8,0,1,1,1,1,1,-1358.1136,119.0896,-1901.1505,0,0.4455923,0,-0.895236;
custom,boulder4,rock3,8,8,8,0,1,1,1,1,1,-1482.5932,-5.259929,-1917.4859,0,0.6840699,0,0.7294165;
custom,boulder2,rock3,4,4,4,0,1,1,1,1,1,-1410.5239,96.03174,-1950.7231,0,0.0734686,0,-0.9972975;
custom,boulder2,rock3,4,4,4,0,1,1,1,1,1,-1417.0617,104.4851,-1874.2603,0,0.9996729,0,0.0255748;
custom,boulder4,rock3,4,4,4,0,1,1,1,1,1,-1402.6164,1.085916,-1879.0089,0,0.9991641,0,0.0408801;
custom,boulder4,rock3,4,4,4,0,1,1,1,1,1,-1393.9688,-3.071896,-1949.857,0,0.9991629,0,0.0409099;
custom,boulder4,rock3,2,8,6,0,1,1,1,1,1,-834.6034,-14.90106,-1919.1414,-0.0837338,0.7211674,-0.0885482,-0.6819571;
custom,boulder4,rock3,2,8,6,0,1,1,1,1,1,-833.4783,-20.38306,-1866.8516,-0.1060754,0.7121015,-0.1102392,-0.6852057;
custom,boulder2,rock3,4,4,4,0,1,1,1,1,1,-805.4173,9.807463,-1888.642,0,0.7325914,0,-0.6806687;
custom,boulder2,rock3,4,6,4,0,1,1,1,1,1,-815.4355,91.20139,-1889.9853,0.6254345,0.2826733,0.6790795,-0.2603431;
custom,boulder3,rock3,5,2,2,0,1,1,1,1,1,-884.9248,81.85484,-1896.2273,0,0.68951,0,0.7242762;
custom,cuboid,earth1,1,6,12,0,1,1,1,1,1,-920.78815,119.0249,-1872.2516,0,0.7282065,0,-0.6853578;
custom,cuboid,earth1,1,6,12,0,1,1,1,1,1,-980.04833,119.0962,-1915.2437,0,0.9274582,0,-0.373927;
custom,cuboid,earth1,1,6,12,0,1,1,1,1,1,-911.38044,118.9786,-1959.6671,0,0.4123441,0,0.9110283;
custom,cuboid,earth1,8,1,1,0,1,1,1,1,1,-935.76009,94.49204,-1929.1398,0,0.929705,0,-0.3683053;
custom,cuboid,earth1,8,1,1,0,1,1,1,1,1,-937.13949,144.137,-1927.6138,0,0.9342911,0,-0.3565111;
custom,cuboid,earth1,1,3,1,0,1,1,1,1,1,-921.6368,109.6166,-1942.6832,-0.1284133,0.9254241,0.0490005,-0.3531278;
custom,cuboid,earth1,1,3,1,0,1,1,1,1,1,-935.71406,110.6963,-1929.3201,0,0.9311444,0,-0.3646506;
custom,cuboid,earth1,1,5,1,0,1,1,1,1,1,-951.06264,117.8167,-1914.9808,0.0231031,0.931999,-0.0089639,-0.3616128;
custom,cuboid,earth1,1,2,1,0,1,1,1,1,1,-923.088,134.6991,-1940.7735,0.0864329,0.9456422,-0.0372256,-0.3112947;
custom,cuboid,earth1,1,6,40,0,1,1,1,1,1,-1142.7098,119.0182,-1873.2832,0,0.7070038,0,-0.7072098;
custom,cuboid,earth1,1,6,40,0,1,1,1,1,1,-1188.35,119.1022,-1825.3704,0,0.6788827,0,0.7342468;
custom,cuboid,earth1,1,6,40,0,1,1,1,1,1,-1091.63042,119.2764,-1775.5749,0,0.7357335,0,-0.6772712;
custom,cuboid,earth1,1,6,50,0,1,1,1,1,1,-1145.1485,119.756,-1729.1769,0,0.7319394,0,-0.6813698;
custom,cuboid,earth1,1,6,4,0,1,1,1,1,1,-992.020549,119.2589,-1810.3209,0,0.9634911,0,-0.2677405;
custom,cuboid,earth1,1,6,4,0,1,1,1,1,1,-955.67666,119.0989,-1803.8137,0,0.4643807,0,-0.8856357;
custom,cuboid,earth1,1,6,4,0,1,1,1,1,1,-936.74105,119.0191,-1819.1769,0,0.9464812,0,-0.322759;
custom,cuboid,earth1,12,6,1,0,1,1,1,1,1,-893.0374,119.2581,-1814.377,0,0.733103,0,-0.6801177;
custom,cuboid,earth1,14,6,1,0,1,1,1,1,1,-1385.0351,120.228,-1813.9772,0,0.6837475,0,0.7297188;
custom,cylinder,earth1,2,3,2,0,1,1,1,1,1,-1305.9739,119.9379,-1791.9747,0,0.6883772,0,0.7253529;
custom,cylinder,earth1,2,3,2,0,1,1,1,1,1,-1332.1544,119.8978,-1767.7933,0,0.6883772,0,0.7253529;
custom,cylinder,earth1,2,3,2,0,1,1,1,1,1,-1339.2787,119.2579,-1812.0687,0,0.6883772,0,0.7253529;
custom,boulder2,rock3,2,2,2,0,1,1,1,1,1,-893.5781,70.42682,-1706.6495,0,0.7358134,0,-0.6771844;
custom,boulder1,rock3,2,2,2,0,1,1,1,1,1,-895.984,76.20757,-1740.3178,0,0.7402322,0,-0.6723513;
custom,boulder3,rock3,2,2,2,0,1,1,1,1,1,-862.3135,76.20757,-1759.3763,0,-0.0618985,0,-0.9980825;
custom,boulder2,rock3,2,2,2,0,1,1,1,1,1,-871.6297,66.48769,-1703.8955,0,0.9920023,0,0.1262197;
custom,boulder3,rock3,2,2,2,0,1,1,1,1,1,-839.2276,79.40751,-1742.0828,0.6876854,-0.1466934,-0.6961098,-0.1449179;
custom,boulder1,rock3,2,2,2,0,1,1,1,1,1,-836.3824,74.12413,-1704.8034,0,0.994054,0,0.1088886;
custom,boulder2,rock3,2,2,2,0,1,1,1,1,1,-863.3113,102.8467,-1700.7274,-0.7421238,0.6682114,-0.0389416,0.0350632;
custom,boulder3,rock3,3,3,3,0,1,1,1,1,1,-868.114,98.02939,-1762.0797,0,0.0306774,0,-0.9995294;
custom,boulder2,rock3,2,2,2,0,1,1,1,1,1,-837.7314,113.3617,-1755.1282,0,0.4327087,0,-0.9015338;
custom,boulder1,rock3,3,3,1,0,1,1,1,1,1,-833.2335,110.5091,-1723.1266,-0.084835,0.81839,-0.1252313,-0.5543988;
custom,boulder2,rock3,3,3,1,0,1,1,1,1,1,-876.1417,109.3119,-1707.2924,0,0.9970713,0,0.0764771;
custom,boulder1,rock3,3,3,3,0,1,1,1,1,1,-861.343,164.5547,-1718.6649,0,0.6591794,0,0.7519857;
custom,boulder1,rock3,3,3,3,0,1,1,1,1,1,-853.5851,146.3941,-1752.1752,0,0.1669792,0,0.9859604;
custom,boulder1,rock3,1,10,5,0,1,1,1,1,1,-882.811,-31.16101,-1702.7009,0,0.7073643,0,-0.7068492;
custom,boulder1,rock3,1,10,5,0,1,1,1,1,1,-816.9206,-35.75866,-1740.288,-0.0774932,0.9942083,0.0719814,0.019061;
custom,boulder1,rock3,1,20,5,0,1,1,1,1,1,-897.3404,-165.1711,-1743.7128,0,0.9982482,0,0.0591667;
custom,boulder1,rock3,1,20,5,0,1,1,1,1,1,-838.0035,-122.5318,-1780.5186,0,-0.6701697,0,0.7422079;
custom,boulder2,rock3,2,2,2,0,1,1,1,1,1,-884.4947,61.12171,-1770.407,0,0.87595,0,-0.482402;
custom,boulder1,rock3,6,20,2,0,1,1,1,1,1,-784.4051,-388.9927,-1742.7052,0,0.7288468,0,-0.6846768;
custom,boulder1,rock3,6,20,2,0,1,1,1,1,1,-846.5703,-388.7304,-1687.0415,0,0.9995777,0,0.0290602;
custom,boulder1,rock3,6,20,2,0,1,1,1,1,1,-830.6299,-381.4111,-1801.6577,0,0.1052655,0,-0.9944442;
custom,boulder1,rock3,6,10,2,0,1,1,1,1,1,-905.95783,-407.5214,-1752.8046,0,0.6766479,0,0.7363067;
custom,boulder1,rock3,6,5,2,0,1,1,1,1,1,-791.6638,-163.9398,-1740.2039,-0.0555344,0.7454034,-0.0625933,-0.661341;
custom,boulder1,rock3,6,5,2,0,1,1,1,1,1,-854.9581,-152.5155,-1691.936,0.6373199,0.7660462,-0.0726703,0.0414199;
custom,boulder2,rock3,1,2,1,0,1,1,1,1,1,-875.7972,-204.8097,-1700.2106,0,0.9473754,0,0.3201249;
custom,boulder2,rock3,3,4,3,0,1,1,1,1,1,-792.8013,-247.2067,-1690.9035,0,0.8893834,0,-0.4571621;
custom,cuboid,earth1,6,3,5,0,1,1,1,1,1,-1233.7341,134.7067,-1760.5882,0,0.6787904,0,0.7343321;
custom,cuboid,earth1,5,4,5,0,1,1,1,1,1,-1154.1679,129.5174,-1755.8854,0,0.6765428,0,0.7364033;
custom,cuboid,earth1,5,5,5,0,1,1,1,1,1,-1075.97756,124.7973,-1749.452,0,0.6765428,0,0.7364033;
custom,cuboid,earth1,5,5.5,5,0,1,1,1,1,1,-996.123199,122.0825,-1742.5272,0,0.7304813,0,-0.6829327;
custom,tube,earth1,3,5,3,0,1,1,1,1,1,-1116.4238,112.2341,-1800.6671,-0.4350685,0.55629,-0.3942548,-0.5880647;
custom,cuboid,earth1,4,2,2,0,1,1,1,1,1,-1120.0793,139.1123,-1799.2867,0,0.743769,0,-0.6684367;
custom,pyramid,earth1,3,3,3,0,1,1,1,1,1,-1245.9465,116.268,-1899.3989,0,0.6908221,0,0.7230248;
custom,pyramid,earth1,3,3,3,0,1,1,1,1,1,-1147.6782,121.8716,-1895.8016,-0.7139258,-0.0007332,0.7002205,-0.0007472;
custom,pyramid,earth1,2,2,4,0,1,1,1,1,1,-1215.386,114.1001,-1853.2986,0.5210484,0.4912074,0.5049972,0.4818732;
custom,pyramid,earth1,2,2,4,0,1,1,1,1,1,-1120.5574,121.5885,-1841.6499,-0.5020012,0.4699791,-0.5207928,0.5058551;
custom,cuboid,earth1,50,1,50,0,1,1,1,1,1,-1133.4637,153.2747,-1974.1464,0,0.9993555,0,0.0358971;
custom,boulder1,rock3,2,2,2,0,1,1,1,1,1,-1458.802,109.3692,-1879.771,0,0.6731031,0,0.7395487;
custom,boulder2,rock3,2,2,2,0,1,1,1,1,1,-1414.2962,153.77,-1887.489,0.4220705,0.552718,-0.384149,0.6072798;
custom,boulder2,rock3,4,2,2,0,1,1,1,1,1,-1406.0803,151.7691,-1926.4805,0.4252444,0.5506991,-0.3870378,0.6050616;
custom,boulder2,rock3,4,3,3,0,1,1,1,1,1,-1450.1591,128.7689,-1925.8196,0.2865867,0.6205089,-0.260838,0.6817628;
custom,boulder1,rock3,6,1,6,0,1,1,1,1,1,-836.1522,-563.1935,-1757.3677,0,0.7031202,0,0.7110711;
custom,boulder1,rock3,7,2,7,0,1,1,1,1,1,-966.36893,-591.4979,-1865.0591,-0.1357009,0.0145621,0.0019948,0.9906408;
custom,boulder1,rock3,2,2,2,0,1,1,1,1,1,-935.5023,204.7396,-2898.2359,0,0.4906625,0,-0.8713497;
custom,leaf0,rock3,5,2,10,0,1,1,1,1,1,-1148.6343,-39.60867,-1773.1387,-0.4640287,0.4972403,-0.498105,0.5378856;
custom,leaf0,rock3,2,2,3,0,1,1,1,1,1,-1382.8614,7.53874,-1823.8426,0.5165585,0.4826034,-0.4792455,0.5201779;
custom,leaf0,rock3,2,2,3,0,1,1,1,1,1,-893.0773,9.713874,-1826.683,-0.4931214,0.506668,0.5102174,0.4896908;
custom,leaf0,rock3,5,2,3,0,1,1,1,1,1,-1360.954,12.90159,-2045.324,0.4488725,0.549547,0.4693569,-0.5255623;
custom,boulder1,rock3,5,2,5,0,1,1,1,1,1,-946.57246,-568.5895,-1747.2481,0,0.7005039,0,0.7136487;
custom,boulder1,rock3,7,2,7,0,1,1,1,1,1,-985.12594,-666.7289,-1993.9106,-0.3970178,0.0234983,0.0101686,0.9174538;
custom,boulder1,rock3,7,2,7,0,1,1,1,1,1,-930.80047,-707.019,-2124.7161,-0.9702447,-0.0180275,-0.2290621,0.0763598;
custom,boulder1,rock3,7,2,7,0,1,1,1,1,1,-786.9149,-715.5935,-2176.1157,-0.8190492,0.0678888,-0.5610043,-0.0991153;
custom,boulder1,rock3,7,2,7,0,1,1,1,1,1,-715.4029,-798.7786,-2190.4927,-0.5694028,0.4226235,-0.4315688,-0.5576005;
custom,boulder1,rock3,7,2,7,0,1,1,1,1,1,-780.6201,-874.5488,-2136.677,0,0.9725259,0,-0.2327948;
custom,boulder1,rock3,7,2,7,0,1,1,1,1,1,-694.6602,-882.8812,-2007.5053,0.0224319,0.9493829,0.0697183,-0.3054642;
custom,boulder1,rock3,7,2,7,0,1,1,1,1,1,-699.9833,-968.6602,-1939.2394,0.0020219,0.7107965,-0.7033919,0.0020432;
custom,boulder1,rock3,7,2,7,0,1,1,1,1,1,-694.4564,-1035.589,-2003.765,0,0.8856756,0,0.4643047;
custom,boulder1,rock3,7,2,7,0,1,1,1,1,1,-809.0491,-1036.792,-1963.1738,0,0.4200029,0,0.9075229;
custom,boulder1,rock3,7,2,7,0,1,1,1,1,1,-818.784,-1044.16,-1849.724,0,0.9996757,0,-0.0254663;
custom,boulder1,rock3,7,2,7,0,1,1,1,1,1,-689.4366,-1049.303,-1863.3419,0,0.8559653,0,-0.5170334;
custom,boulder1,rock3,7,2,7,0,1,1,1,1,1,-646.2368,-1037.781,-1739.6349,0.0985399,0.6221567,-0.1214974,-0.7671046;
custom,boulder1,rock3,7,2,7,0,1,1,1,1,1,-771.0563,-1029.947,-1710.006,0.0936948,0.5915657,-0.1252718,-0.790935;
custom,boulder1,rock3,7,2,7,0,1,1,1,1,1,-859.9187,-991.2805,-1665.9413,0.3756842,0.57338,0.2469639,-0.6849129;
custom,boulder1,rock3,7,2,7,0,1,1,1,1,1,-949.53016,-909.5313,-1577.9213,0.1853674,0.3970695,0.0822291,-0.8951051;
custom,boulder1,rock3,7,2,7,0,1,1,1,1,1,-968.1351,-937.1373,-1449.718,0.0437649,0.9121653,0.3947291,-0.1011347;
custom,boulder1,rock3,7,2,7,0,1,1,1,1,1,-914.46888,-977.7034,-1344.382,0,0.9710271,0,-0.2389695;
custom,boulder1,rock3,7,2,7,0,1,1,1,1,1,-782.8949,-993.5121,-1313.927,0.0878883,0.7330092,0.0965025,-0.6675782;
custom,boulder1,rock3,7,2,7,0,1,1,1,1,1,-698.6807,-1070.682,-1322.447,-0.6869516,0.3115375,-0.4909044,-0.4359527;
custom,boulder1,rock3,7,2,7,0,1,1,1,1,1,-625.4689,-1125.012,-1372.815,0,0.7108055,0,-0.7033887;
custom,boulder1,rock3,7,2,7,0,1,1,1,1,1,-622.9547,-1126.212,-1504.7722,0,0.7108055,0,-0.7033887;
custom,boulder1,rock3,7,2,7,0,1,1,1,1,1,-744.3678,-1132.812,-1507.5883,0,0.9997805,0,0.020951;
custom,boulder1,rock3,7,2,7,0,1,1,1,1,1,-846.1577,-1081.941,-1536.2804,0.280078,0.6441303,-0.2747447,0.6566337;
custom,boulder1,rock3,7,2,7,0,1,1,1,1,1,-968.18287,-1043.784,-1520.5227,0.6618205,-0.0364768,0.7487662,0.003495;
custom,boulder1,rock3,7,2,7,0,1,1,1,1,1,-1094.76254,-1019.805,-1538.2772,0,0.6939875,0,0.719987;
custom,boulder1,rock3,7,4,7,0,1,1,1,1,1,-1179.9785,-1005.426,-1530.6046,0,0.6939875,0,0.719987;
custom,boulder1,rock3,8,4,8,0,1,1,1,1,1,-1316.4421,-963.054,-1514.8373,0,0.6986775,0,0.7154367;
custom,boulder1,rock3,8,4,8,0,1,1,1,1,1,-1440.6375,-912.4412,-1506.5264,0,0.9911121,0,-0.1330293;
custom,boulder3,rock3,8,4,8,0,1,1,1,1,1,-1523.8867,-869.1313,-1510.0617,0,0.7139454,0,-0.7002014;
custom,boulder2,rock3,8,4,8,0,1,1,1,1,1,-1582.0776,-831.3328,-1511.1939,0,0.7139454,0,-0.7002014;
custom,boulder1,rock3,8,4,8,0,1,1,1,1,1,-1699.1594,-771.3353,-1503.4512,0,0.7139454,0,-0.7002014;
custom,boulder1,rock3,15,2,15,0,1,1,1,1,1,-1747.1395,-759.0908,-1278.667,0,0.1121315,0,-0.9936934;
custom,boulder1,rock3,7,2,7,0,1,1,1,1,1,-1772.5245,-832.1448,-1066.073,-0.649457,0.0832547,-0.0718635,-0.7524027;
custom,boulder1,rock3,15,4,20,0,1,1,1,1,1,-1804.9227,-986.0697,-808.455,-0.01518,0.9812621,0.1712577,0.0869776;
custom,boulder1,rock3,15,2,20,0,1,1,1,1,1,-1868.0516,-1179.356,-444.863,-0.0857438,-0.2376017,0.9673417,-0.0210607;
custom,boulder1,rock3,5,5,5,0,1,1,1,1,1,-1993.442,-1254.853,-232.233,0,0.9983255,0,0.0578461;
custom,boulder1,rock3,6,3,6,0,1,1,1,1,1,-1918.1125,-1319.65,-152.737,-0.0578453,0.0052268,0.9983119,0.0003029;
custom,boulder1,rock3,6,6,6,0,1,1,1,1,1,-1831.7817,-1258.453,-199.068,0,0.9893135,0,-0.1458035;
custom,boulder1,rock3,8,6,8,0,1,1,1,1,1,-1914.1936,-1165.738,-157.537,0,0.9369264,0,-0.3495269;
custom,boulder4,default,10,50,50,0,1,1,1,1,1,-2090.376,-1425.085,232.573,-0.0607604,0.9934238,-0.0059244,0.0968625;
custom,boulder4,default,50,50,20,0,1,1,1,1,1,-1793.7701,-1438.778,165.021,0.0244331,0.7769917,0.0385762,-0.6278526;
custom,boulder2,default,10,10,3,0,1,1,1,1,1,-1945.0544,-1395.756,-171.209,-0.7384146,0.6424551,-0.1415547,0.1481808;
custom,boulder2,default,30,100,3,0,1,1,1,1,1,-2107.63,-1457.765,1277.395,0.0493284,0.7180046,-0.6924013,0.0511525;
custom,boulder4,default,50,70,10,0,1,1,1,1,1,-1834.1581,-1458.168,856.426,0,0.7541962,0,-0.6566492;
custom,boulder4,default,50,50,20,0,1,1,1,1,1,-2169.27,-1441.002,969.34,0,0.6983215,0,0.7157843;
custom,boulder4,default,50,50,20,0,1,1,1,1,1,-1919.6741,-1497.67,1654.358,0,0.7470728,0,-0.6647422;
custom,boulder5,default,50,25,10,0,1,1,1,1,1,-2282.051,-1489.621,1586.611,0,0.6515867,0,0.7585742;
custom,boulder1,grass4,50,2,50,0,1,1,1,1,1,-2256.53,-1490.213,2925.526,0,0.9954473,0,0.0953136;
custom,tree2,default,3,3,3,0,1,1,1,1,1,-2357.822,-1270.208,2705.131,0,0.9948012,0,0.1018367;
custom,boulder4,default,50,50,50,0,1,1,1,1,1,-2637.726,-1520.954,2036.359,0,0.6431502,0,0.76574;
custom,boulder4,default,50,50,50,0,1,1,1,1,1,-1650.2417,-1577.078,2196.933,0,0.8512549,0,0.5247526;
racing,killCuboid,60,10,300,-2073.961,-1464.288,1238.472,-0.0016169,0.9968863,0.0212299,0.0759233;
custom,boulder4,default,60,60,60,0,1,1,1,1,1,-1471.3109,-1531.968,2454.706,0,0.7574444,0,-0.6528997;
custom,boulder4,default,60,60,60,0,1,1,1,1,1,-2858.063,-1509.079,2359.854,0,0.9938316,0,0.1109002;
custom,tree2,default,4,4,4,0,1,1,1,1,1,-2283.299,-1199.41,2725.001,0,0.9315632,0,0.3635795;
custom,tree2,default,4,4,4,0,1,1,1,1,1,-2488.274,-1203.147,2609.928,0,0.207938,0,-0.978142;
custom,tree2,default,5,5,5,0,1,1,1,1,1,-2455.509,-1138.351,2704.498,0,0.207938,0,-0.978142;
custom,tree2,default,6,6,6,0,1,1,1,1,1,-2369.743,-1064.803,2795.047,0,0.1521531,0,-0.9883569;
custom,tree2,default,6,6,6,0,1,1,1,1,1,-2595.094,-1078.216,2733.783,0,0.9938111,0,0.1110833;
custom,tree2,default,10,6,10,0,1,1,1,1,1,-2528.66,-1079.616,2959.971,0,0.9938111,0,0.1110833;
customb,tree0,default,10,6,10,0,1,1,1,1,1,-2160.827,-1036.132,2858.714,0,0.9840502,0,-0.1778912;
customb,tree0,default,7,6,7,0,1,1,1,1,1,-2315.344,-1027.851,2972.139,0,0.999225,0,0.0393627;
customb,tree0,default,7,6,7,0,1,1,1,1,1,-1968.9719,-1046.538,2866.012,0,0.979068,0,-0.2035333;
customb,tree0,default,7,6,7,0,1,1,1,1,1,-1829.857,-1039.611,2941.688,0,0.979068,0,-0.2035333;
customb,tree0,default,4,4,4,0,1,1,1,1,1,-2047.317,-1177.901,2966.426,0,0.8199666,0,-0.5724115;
customb,tree0,default,5,5,5,0,1,1,1,1,1,-2130.198,-1105.017,3043.377,0,0.3773289,0,0.9260793;
custom,tree2,default,5,5,5,0,1,1,1,1,1,-1987.1552,-1146.998,3057.893,0,0.8924597,0,-0.4511273;
customb,tree0,default,6,4,6,0,1,1,1,1,1,-2236.898,-1178.197,3122.63,0,0.8822587,0,0.4707651;
custom,boulder1,rock3,20,3,50,0,0.1590909,0.1704545,0.2386364,1,1,-1848.831,-860.3984,-670.346,-0.0178112,0.973938,0.2105729,0.08238;
custom,boulder1,rock3,10,1,10,0,1,1,1,1,1,-2169.987,-1509.31,3507.922,0,0.9999591,0,0.0090525;
custom,bridge1,stone1,5,1,1,0,1,1,1,1,1,-2182.569,-1541.37,3798.484,0,0.7294923,0,-0.683989;
custom,tower5,stone1,0.5,0.5,0.5,0,1,1,1,1,1,-2205.81,-1512.079,3989.538,0,0.0374765,0,-0.9992975;
custom,tower5,stone1,0.5,0.5,0.5,0,1,1,1,1,1,-2185.026,-1513.49,3988.344,0.0593159,0.03471,0.0457931,-0.9965841;
custom,tower5,stone1,0.5,0.5,0.5,0,1,1,1,1,1,-2171.668,-1512.37,3802.034,0,0.7074216,0,-0.7067918;
custom,tower5,stone1,0.5,0.5,0.5,0,1,1,1,1,1,-2193.296,-1511.61,3802.794,0,0.7074216,0,-0.7067918;
custom,boulder1,rock3,5,5,10,0,0.1590909,0.1704545,0.2386364,1,1,-2028.749,-1128.132,-467.661,-0.2760786,0.0733208,-0.0265961,-0.9579652;
custom,cuboid,grass2,2,0.2,2,1,0.1590909,0.1704545,0.2386364,1,1,-2210.987,-1512.034,4199.489,0,0.0463609,0,-0.9989248;
custom,cuboid,grass2,2,0.2,2,1,0.1590909,0.1704545,0.2386364,1,1,-2202.09,-1502.792,4200.179,0.0328508,0.0327135,-0.7078246,-0.7048652;
custom,cuboid,grass2,2,0.2,2,1,0.1590909,0.1704545,0.2386364,1,1,-2230.7,-1512.126,4197.974,0,0.0398463,0,-0.9992058;
custom,cuboid,rock3,3,0.1,0.1,1,0,0.07954545,0,1.0,1.0,-2220.504,-1516.147,4191.195,0,0.0457834,0,-0.9989514;
custom,cuboid,grass2,2,2,0.2,1,0.1590909,0.1704545,0.2386364,1,1,-2231.416,-1501.757,4206.853,0,0.0420498,0,-0.9991155;
custom,cuboid,grass2,2,2,0.2,1,0.1590909,0.1704545,0.2386364,1,1,-2229.682,-1502.674,4188.521,0,0.0486162,0,-0.9988176;
custom,cuboid,grass2,2,0.2,4,1,0.1590909,0.1704545,0.2386364,1,1,-2221.267,-1492.57,4198.848,0,0.729597,0,-0.6838774;
custom,cuboid,grass2,1,1,3,1,0.1590909,0.1704545,0.2386364,1,1,-2186.527,-1496.555,4201.711,0,0.7363248,0,-0.6766283;
custom,torus,grass2,2,2,2,1,0.1590909,0.1704545,0.2386364,1,1,-2162.177,-1496.052,4203.549,0.695744,0.0296455,-0.0064115,-0.7176492;
custom,cuboid,grass2,0.1,0.4,0.1,1,0.1590909,0.1704545,0.2386364,1,1,-2161.854,-1493.847,4202.874,0,0.0186432,0,0.9998262;
custom,cuboid,grass2,0.1,0.4,0.1,1,0.1590909,0.1704545,0.2386364,1,1,-2158.462,-1499.335,4202.762,-0.0894272,0.0560976,0.8423885,-0.5284293;
custom,cuboid,grass2,0.1,0.4,0.1,1,0.1590909,0.1704545,0.2386364,1,1,-2164.92,-1499.206,4203.388,0.0434371,0.0228243,-0.8841649,-0.4645909;
custom,sphere,grass2,0.6,0.6,0.6,1,0.1590909,0.1704545,0.2386364,1,1,-2162.027,-1498.082,4203.116,0,0.0032815,0,-0.9999946;
custom,cuboid,grass2,2,2,2,1,0.1590909,0.1704545,0.2386364,1,1,-2250.311,-1501.919,4196.333,0,0.0535374,0,-0.9985659;
custom,cylinder,grass2,0.5,0.1,0.5,1,0.1590909,0.1704545,0.2386364,1,1,-2221.285,-1491.666,4199.342,0,0.7277333,0,-0.6858603;
custom,cylinder,grass2,0.2,0.5,0.2,1,0.1590909,0.1704545,0.2386364,1,1,-2221.233,-1486.291,4199.489,0,0.0405467,0,-0.9991776;
custom,cuboid,grass2,0.6,0.1,5,1,0.1590909,0.1704545,0.2386364,1,1,-2248.27,-1481.846,4196.305,0,0.7483835,0,-0.6632663;
custom,cuboid,grass2,0.6,0.1,5,1,0.1590909,0.1704545,0.2386364,1,1,-2209.05,-1481.875,4223.947,0,-0.2206881,0,-0.9753445;
custom,cuboid,grass2,0.6,0.1,5,1,0.1590909,0.1704545,0.2386364,1,1,-2203.046,-1481.596,4178.904,0,0.9373395,0,0.3484172;
racing,endCuboid,1,1,1,-2210.409,-1506.485,4197.445,0,0.0515601,0,-0.9986699;
racing,checkpointCuboid,1,1,1,-2210.417,-1506.567,4197.523,0,0.0515601,0,-0.9986699;
custom,boulder1,rock3,5,6,10,0,0.1590909,0.1704545,0.2386364,1,1,-2045.513,-1097.655,-317.391,-0.2767701,0.0601829,-0.0173709,-0.9588924;
custom,boulder1,rock3,10,10,5,0,0.1590909,0.1704545,0.2386364,1,1,-2063.617,-1214.267,-179.357,0,0.7621961,0,0.6473462;
custom,boulder1,rock3,10,10,5,0,0.1590909,0.1704545,0.2386364,1,1,-2064.208,-1227.865,-291.89,0,0.6280624,0,0.7781631;
custom,boulder1,rock3,15,15,5,0,0.1590909,0.1704545,0.2386364,1,1,-2077.703,-1017.286,-534.389,0,0.688751,0,0.7249979;
custom,boulder1,rock3,20,20,5,0,0.1590909,0.1704545,0.2386364,1,1,-2043.295,-951.3649,-853.459,0,0.6246223,0,0.780927;
custom,boulder1,rock3,30,30,5,0,0.1590909,0.1704545,0.2386364,1,1,-1982.0453,-793.7963,-1242.227,0,0.6398138,0,0.76853;
custom,boulder2,rock3,6,6,6,0,0.1590909,0.1704545,0.2386364,1,1,-1911.6475,-838.1399,-1138.387,-0.0312915,0.9538215,-0.2789169,-0.1070087;
custom,boulder2,rock3,6,6,6,0,0.1590909,0.1704545,0.2386364,1,1,-1860.4846,-874.7123,-1093.314,-0.021278,0.977065,-0.1758018,-0.1182584;
custom,boulder2,rock3,6,6,6,0,0.1590909,0.1704545,0.2386364,1,1,-1947.2043,-937.4077,-1056.891,0.053507,0.7578207,-0.6472402,0.0626487;
custom,boulder3,rock3,3,3,3,0,0.1590909,0.1704545,0.2386364,1,1,-1875.8079,-787.2703,-1118.811,0.1091532,0.85943,-0.3389526,0.3668471;
custom,boulder1,rock3,30,30,5,0,0.1590909,0.1704545,0.2386364,1,1,-1649.183,-1127.1,-449.394,0.0749003,0.8119658,0.1068973,-0.5689239;
custom,boulder1,rock3,10,10,7,0,0.1590909,0.1704545,0.2386364,1,1,-1627.6763,-988.1385,-594.214,0.114546,0.69613,0.1139957,-0.6994907;
custom,boulder1,rock3,20,20,4,0,0.1590909,0.1704545,0.2386364,1,1,-1630.7249,-928.7411,-765.992,-0.0916604,0.6231002,0.2219377,-0.744371;
custom,boulder2,rock3,5,5,5,0,0.1590909,0.1704545,0.2386364,1,1,-1689.657,-856.0037,-1034.501,0.0736602,0.878379,-0.1438401,0.4498162;
custom,boulder3,rock3,10,7,5,0,0.1590909,0.1704545,0.2386364,1,1,-1664.5752,-753.3161,-1009.442,0,0.8840328,0,0.4674249;
custom,boulder2,rock3,10,10,10,0,0.1590909,0.1704545,0.2386364,1,1,-1858.6458,-713.5338,-1448.139,-0.6809006,0.7072293,0.1242486,-0.1440956;
custom,boulder2,rock3,10,10,10,0,0.1590909,0.1704545,0.2386364,1,1,-1618.7698,-677.7633,-1285.729,0.4128028,-0.474488,-0.6327891,0.4517001;
custom,boulder3,rock3,10,10,10,0,0.1590909,0.1704545,0.2386364,1,1,-1647.6248,-738.4536,-1377.661,0,0.8585215,0,-0.5127776;
custom,boulder3,rock3,10,10,5,0,0.1590909,0.1704545,0.2386364,1,1,-1770.8312,-712.7195,-1569.5081,0,0.428508,0,0.903538;
custom,boulder1,rock3,17,2,17,0,0.1590909,0.1704545,0.2386364,1,1,-1785.9014,-601.1276,-1339.442,0.9936638,-0.0063336,0.0804766,0.078203;
custom,boulder1,rock3,10,10,2,0,0.1590909,0.1704545,0.2386364,1,1,-1497.4909,-785.3208,-1438.631,0,-0.0821796,0,0.9966176;
custom,boulder1,rock3,10,10,4,0,0.1590909,0.1704545,0.2386364,1,1,-1325.2219,-878.4528,-1403.842,0,0.0155737,0,-0.9998788;
custom,boulder1,rock3,10,10,4,0,0.1590909,0.1704545,0.2386364,1,1,-1167.2162,-927.8593,-1433.071,0,0.0885859,0,0.9960686;
custom,boulder2,rock3,6,10,6,0,0.1590909,0.1704545,0.2386364,1,1,-731.0288,-1014.347,-1419.255,0,0.924719,0,-0.3806506;
custom,boulder1,rock3,6,6,6,0,0.1590909,0.1704545,0.2386364,1,1,-982.79217,-991.407,-1395.023,0,0.0787904,0,-0.9968912;
custom,boulder2,rock3,6,10,6,0,0.1590909,0.1704545,0.2386364,1,1,-1064.8261,-909.1424,-1446.434,0,0.1070821,0,-0.9942502;
custom,boulder2,rock3,6,10,6,0,0.1590909,0.1704545,0.2386364,1,1,-782.8411,-1019.971,-1434.993,0,0.1754358,0,-0.9844909;
custom,boulder1,rock3,6,6,6,0,0.1590909,0.1704545,0.2386364,1,1,-872.2567,-1031.615,-1415.854,0,0.0931281,0,0.9956542;
custom,boulder1,rock3,6,6,2,0,0.1590909,0.1704545,0.2386364,1,1,-876.9449,-904.1212,-1515.9689,0,0.7608465,0,-0.6489319;
custom,boulder2,rock3,4,6,4,0,0.1590909,0.1704545,0.2386364,1,1,-859.4036,-932.8113,-1461.167,0,0.1850845,0,-0.9827226;
custom,boulder3,rock3,6,6,4,0,0.1590909,0.1704545,0.2386364,1,1,-918.51819,-993.7507,-1599.6655,0,0.9997302,0,-0.0232305;
custom,boulder3,rock3,8,8,4,0,0.1590909,0.1704545,0.2386364,1,1,-1018.84283,-961.3593,-1598.2521,0,-0.028445,0,-0.9995954;
custom,boulder3,rock3,15,8,5,0,0.1590909,0.1704545,0.2386364,1,1,-1229.3904,-923.7705,-1591.503,0.0390035,0.0637932,-0.1594556,0.9843694;
custom,boulder3,rock3,5,5,5,0,0.1590909,0.1704545,0.2386364,1,1,-1074.28119,-991.4388,-1594.733,0.0374378,0.7918517,0.6076092,-0.0487899;
custom,boulder2,rock3,5,10,5,0,0.1590909,0.1704545,0.2386364,1,1,-1445.734,-845.0646,-1589.1481,0.0157162,0.0290733,0.5614834,0.8268278;
custom,boulder1,rock3,15,15,5,0,0.1590909,0.1704545,0.2386364,1,1,-1570.1409,-666.0748,-1606.6335,0,-0.1191136,0,-0.9928806;
custom,boulder3,rock3,15,5,2,0,0.1590909,0.1704545,0.2386364,1,1,-1337.9907,-828.9723,-1586.2839,-0.0449214,0.004998,0.2290826,-0.972357;
custom,boulder3,rock3,15,10,2,0,0.1590909,0.1704545,0.2386364,1,1,-1169.1335,-900.4445,-1603.877,0,0.0192682,0,0.9998144;
custom,boulder1,rock3,15,10,10,0,0.1590909,0.1704545,0.2386364,1,1,-1161.4571,-811.3392,-1515.2742,0.0054676,-0.0828016,0.2064767,-0.9749264;
custom,boulder1,rock3,10,5,10,0,0.1590909,0.1704545,0.2386364,1,1,-1395.8696,-700.0887,-1485.736,0.1459986,0.5760837,-0.2533093,0.7633128;
custom,boulder2,rock3,10,10,3,0,0.1590909,0.1704545,0.2386364,1,1,-1524.8188,-627.3043,-1469.977,-0.4665713,0.5322031,-0.4741758,-0.5236682;
custom,boulder1,rock3,6,6,6,0,0.1590909,0.1704545,0.2386364,1,1,-1553.4908,-650.7571,-1378.081,0,0.1224568,0,0.9924738;
custom,boulder1,rock3,10,10,4,0,0.1590909,0.1704545,0.2386364,1,1,-1610.3922,-687.7042,-1130.641,0,0.8624473,0,-0.506147;
custom,boulder3,rock3,3,3,4,0,0.1590909,0.1704545,0.2386364,1,1,-698.1251,-1117.147,-1404.379,0,0.7040324,0,-0.7101679;
custom,boulder2,rock3,6,6,3,0,0.1590909,0.1704545,0.2386364,1,1,-1003.32583,-923.8432,-1330.647,0.2706909,0.3702581,-0.5403431,-0.7054536;
custom,boulder1,rock3,10,10,10,0,0.1590909,0.1704545,0.2386364,1,1,-870.5775,-893.5684,-1225.509,0,0.9816832,0,0.1905206;
custom,boulder1,rock3,10,10,5,0,0.1590909,0.1704545,0.2386364,1,1,-588.7229,-1052.7,-1258.414,0,0.1760205,0,0.9843866;
custom,boulder2,rock3,10,10,5,0,0.1590909,0.1704545,0.2386364,1,1,-692.6679,-900.9063,-1277.609,0,0.1242605,0,0.9922497;
custom,boulder2,rock3,20,10,7,0,0.1590909,0.1704545,0.2386364,1,1,-516.6833,-1098.049,-1462.622,0,0.7619506,0,0.6476352;
custom,boulder1,rock3,7,7,7,0,0.1590909,0.1704545,0.2386364,1,1,-621.8651,-946.9863,-1486.8,0,0.9967284,0,-0.0808238;
custom,boulder1,rock3,7,7,7,0,0.1590909,0.1704545,0.2386364,1,1,-642.3134,-960.774,-1611.0441,0,0.6659909,0,0.7459599;
custom,boulder1,rock3,10,7,7,0,0.1590909,0.1704545,0.2386364,1,1,-638.8714,-1092.771,-1615.2413,0,0.9999792,0,0.0064556;
custom,boulder3,rock3,10,20,5,0,0.1590909,0.1704545,0.2386364,1,1,-775.6758,-966.1956,-1603.1189,0,0.0675594,0,0.9977153;
custom,boulder1,rock3,10,4,10,0,0.1590909,0.1704545,0.2386364,1,1,-787.0835,-895.7705,-1525.8637,0,0.7071705,0,-0.7070431;
custom,boulder1,rock3,10,4,10,0,0.1590909,0.1704545,0.2386364,1,1,-613.4382,-966.9556,-1388.403,-0.4978752,0.0630251,-0.8495493,-0.1625242;
custom,boulder2,rock3,10,6,3,0,0.1590909,0.1704545,0.2386364,1,1,-774.1429,-875.3652,-1374.445,-0.6386547,0.1815036,-0.0120652,-0.7476838;
custom,boulder2,rock3,10,6,3,0,0.1590909,0.1704545,0.2386364,1,1,-956.03037,-806.4808,-1511.7091,-0.4467677,0.5473294,-0.4432189,-0.5517121;
custom,boulder3,rock3,10,2,10,0,0.1590909,0.1704545,0.2386364,1,1,-909.4146,-835.5596,-1371.623,0.0637568,0.9097262,0.1522361,-0.3809955;
custom,boulder3,rock3,10,5,3,0,0.1590909,0.1704545,0.2386364,1,1,-863.3895,-820.3228,-1469.927,0,0.6232606,0,-0.7820142;
custom,boulder3,rock3,10,5,4,0,0.1590909,0.1704545,0.2386364,1,1,-996.918353,-859.5042,-1348.33,0,0.8579962,0,0.513656;
custom,boulder3,rock3,10,5,4,0,0.1590909,0.1704545,0.2386364,1,1,-988.79901,-810.1353,-1405.136,-0.135653,0.7762218,-0.5891846,-0.1787162;
custom,boulder2,rock3,10,10,3,0,0.1590909,0.1704545,0.2386364,1,1,-804.3451,-1007.225,-1776.3688,0,0.1081283,0,0.994137;
custom,boulder1,rock3,10,10,10,0,0.1590909,0.1704545,0.2386364,1,1,-970.66433,-950.9814,-1833.7614,0,0.6697989,0,-0.7425426;
custom,boulder1,rock3,20,10,5,0,0.1590909,0.1704545,0.2386364,1,1,-601.7419,-992.5502,-1859.9489,0,0.6682101,0,-0.7439727;
custom,boulder1,rock3,20,10,5,0,0.1590909,0.1704545,0.2386364,1,1,-766.9273,-1044.429,-2041.8461,-0.0290041,0.1154701,-0.2418824,0.9629737;
custom,boulder2,rock3,10,10,5,0,0.1590909,0.1704545,0.2386364,1,1,-721.8822,-1072.488,-2189.8716,-0.5084879,0.4828115,-0.4667575,-0.5389533;
custom,boulder2,rock3,10,10,5,0,0.1590909,0.1704545,0.2386364,1,1,-838.445,-949.3957,-2146.5681,0,0.7899374,0,0.6131876;
custom,boulder2,rock3,20,10,8,0,0.1590909,0.1704545,0.2386364,1,1,-722.2112,-945.9032,-2269.5578,0,0.1227929,0,0.9924324;
custom,boulder1,rock3,5,1,5,0,0.1590909,0.1704545,0.2386364,1,1,-891.1824,157.5981,-1898.8851,0,0.7425579,0,-0.6697819;
custom,boulder2,rock3,10,20,5,0,0.1590909,0.1704545,0.2386364,1,1,-603.1438,-870.3921,-2191.5717,0,0.6236575,0,-0.7816977;
custom,boulder3,rock3,10,10,3,0,0.1590909,0.1704545,0.2386364,1,1,-959.66647,-530.6957,-1700.3589,0,0.9750938,0,0.2217929;
custom,boulder3,rock3,10,10,5,0,0.1590909,0.1704545,0.2386364,1,1,-1039.85252,-542.6104,-1822.3817,0,0.8529606,0,0.5219753;
custom,boulder2,rock3,5,5,5,0,0.1590909,0.1704545,0.2386364,1,1,-1037.66315,-594.6489,-1918.3618,0,0.7242846,0,0.6895012;
custom,boulder1,rock3,7,7,7,0,0.1590909,0.1704545,0.2386364,1,1,-858.0064,-651.5145,-2020.4441,0,0.909734,0,-0.4151917;
custom,boulder1,rock3,8,8,7,0,0.1590909,0.1704545,0.2386364,1,1,-1094.92171,-675.2916,-2059.1036,0,0.5952423,0,0.8035463;
custom,boulder1,rock3,4,10,10,0,0.1590909,0.1704545,0.2386364,1,1,-1106.8719,-573.0838,-1998.956,0,0.1167331,0,0.9931633;
custom,boulder1,rock3,4,10,10,0,0.1590909,0.1704545,0.2386364,1,1,-872.7218,-556.022,-1886.5241,0,0.0789308,0,0.9968801;
custom,boulder1,rock3,15,6,3,0,0.1590909,0.1704545,0.2386364,1,1,-918.74594,-650.7552,-2200.7118,0,0.2126129,0,0.9771366;
custom,boulder1,rock3,6,15,3,0,0.1590909,0.1704545,0.2386364,1,1,-666.1914,-726.6772,-2270.6056,0,0.0810245,0,0.9967121;
custom,boulder2,rock3,6,6,3,0,0.1590909,0.1704545,0.2386364,1,1,-752.7294,-653.1375,-2268.1508,0,0.9922322,0,-0.1243999;
custom,boulder1,rock3,6,6,3,0,0.1590909,0.1704545,0.2386364,1,1,-754.1911,-656.4762,-2121.0257,0,0.9949338,0,-0.1005319;
custom,boulder2,rock3,6,10,3,0,0.1590909,0.1704545,0.2386364,1,1,-652.915,-727.0812,-2123.2917,0,-0.0694548,0,0.9975851;
custom,boulder3,rock3,6,6,3,0,0.1590909,0.1704545,0.2386364,1,1,-633.1666,-868.0154,-2093.4654,0.5075732,-0.2366186,-0.1189911,-0.8198916;
custom,boulder1,rock3,6,3,6,0,0.1590909,0.1704545,0.2386364,1,1,-828.2502,-891.0156,-1982.3984,0.6496327,0.0516206,-0.7571998,0.0442873;
custom,boulder2,rock3,6,6,3,0,0.1590909,0.1704545,0.2386364,1,1,-591.0525,-925.0253,-2068.3007,0,0.535471,0,0.8445536;
custom,boulder1,rock3,8,3,15,0,0.1590909,0.1704545,0.2386364,1,1,-788.5747,-877.0338,-1870.5395,0,0.6626735,0,-0.7489084;
custom,boulder1,rock3,5,5,5,0,0.1590909,0.1704545,0.2386364,1,1,-919.48553,-901.0919,-1971.3719,0,0.5964285,0,0.8026662;
custom,boulder1,rock3,5,2,5,0,0.1590909,0.1704545,0.2386364,1,1,-956.78708,-937.7896,-1685.2079,-0.0920278,0.2916066,-0.1869594,0.9335645;
custom,boulder1,rock3,6,6,2,0,0.1590909,0.1704545,0.2386364,1,1,-1002.441001,-878.5667,-1693.8851,0,0.6391039,0,0.7691205;
custom,boulder2,rock3,4,4,4,0,0.1590909,0.1704545,0.2386364,1,1,-1007.977504,-840.2319,-1595.5918,0,0.8228122,0,0.5683135;
custom,boulder1,rock3,7,7,7,0,0.1590909,0.1704545,0.2386364,1,1,-646.9609,-897.2835,-1760.5585,0,0.6382523,0,-0.7698273;
custom,boulder2,rock3,7,7,3,0,0.1590909,0.1704545,0.2386364,1,1,-755.2051,-889.7379,-1715.3402,0.5292739,0.3747347,-0.7077505,0.2802361;
custom,boulder2,rock3,7,7,3,0,0.1590909,0.1704545,0.2386364,1,1,-880.3748,-821.4121,-1654.6062,0.687125,0.4273776,0.3965716,-0.4335189;
custom,boulder2,rock3,3,3,3,0,0.1590909,0.1704545,0.2386364,1,1,-779.3922,-858.5479,-1636.1995,-0.3207441,0.5374735,-0.2314724,-0.7447591;
custom,boulder2,rock3,5,6,3,0,0.1590909,0.1704545,0.2386364,1,1,-927.80707,-854.85,-1744.1193,0.2949243,0.323817,-0.7566373,0.4854507;
custom,boulder1,rock3,5,5,5,0,0.1590909,0.1704545,0.2386364,1,1,-985.52149,-793.9056,-1636.5979,-0.1901116,0.6064696,0.1523346,0.7568662;
custom,boulder3,rock3,4,4,4,0,0.1590909,0.1704545,0.2386364,1,1,-817.5238,-870.5169,-1756.3674,0.2172372,0.6611379,-0.687024,0.2090521;
custom,boulder2,rock3,4,4,4,0,0.1590909,0.1704545,0.2386364,1,1,-864.959,-850.1765,-1571.7272,0,0.8452863,0,-0.5343137;
custom,boulder1,rock3,8,3,8,0,0.1590909,0.1704545,0.2386364,1,1,-958.39149,-488.1626,-1866.0836,-0.1277108,0.1284385,0.0166813,0.9833185;
custom,boulder1,rock3,5,3,5,0,0.6818182,0.8863636,0.6931818,1.0,1.0,-968.1525,-465.9876,-1719.578,0,0.5506542,0,0.8347335;
custom,boulder1,rock3,10,10,2,0,0.1590909,0.1704545,0.2386364,1,1,-968.74847,-519.798,-2041.3507,0,0.1013144,0,-0.9948545;
custom,boulder1,rock3,7,3,7,0,0.1590909,0.1704545,0.2386364,1,1,-1010.38086,-502.0133,-1984.3544,0,0.9846298,0,-0.1746549;
custom,boulder2,rock3,4,4,4,0,0.1590909,0.1704545,0.2386364,1,1,-901.93172,-498.0046,-1995.4979,0,0.9251761,0,-0.3795382;
custom,boulder1,rock3,10,4,10,0,0.1590909,0.1704545,0.2386364,1,1,-848.5283,-592.5989,-2125.7701,0,0.5309786,0,-0.8473852;
custom,boulder1,rock3,6,2,6,0,0.1590909,0.1704545,0.2386364,1,1,-989.14985,-615.103,-2119.2219,-0.0621904,0.1376509,0.0086603,0.9884886;
custom,boulder1,rock3,8,2,8,0,0.1590909,0.1704545,0.2386364,1,1,-675.2479,-604.6939,-2190.5629,0,0.6733239,0,-0.7393477;
custom,boulder3,rock3,2,2,2,0,0.1590909,0.1704545,0.2386364,1,1,-775.5667,-613.9758,-2237.1534,0,0.0831858,0,0.9965341;
racing,checkpointCuboid,6,1,6,-863.9705,64.74583,-1738.871,0,0.6256379,0,0.7801136;
custom,cave1,default,1,1,1,0,0.1590909,0.1704545,0.2386364,1,1,-1818.559,-923.6564,-860.223,0,0.0560416,0,-0.9984285;
custom,cave1,default,4,2,4,0,0.1590909,0.1704545,0.2386364,1,1,-1867.805,-956.8948,-975.1252,0,0.5267645,0,0.8500113;
custom,cave2,rock3,3,3,3,0,0.1590909,0.1704545,0.2386364,1,1,-1749.06,-856.2774,-548.5316,0,0.0126494,0,-0.99992;
custom,cave2,default,3,3,3,0,0.1590909,0.1704545,0.2386364,1,1,-1749.036,-759.7125,-869.7988,0,0.0952651,0,-0.9954519;
custom,boulder2,rock3,7,7,4,0,0.1590909,0.1704545,0.2386364,1,1,-1979.8502,-1053.754,-682.979,0.0229293,0.8053235,-0.5915691,0.0312145;
custom,cave2,rock3,4,4,4,0,0.1590909,0.1704545,0.2386364,1,1,-1941.384,-869.2169,-568.1447,0,0.06930051,0,-0.9975958;
custom,cave2,rock3,3,3,3,0,0.1590909,0.1704545,0.2386364,1,1,-1839.1824,-1216.791,-452.107,-0.9723815,-0.0207905,-0.0953534,0.2120137;
misc,barrier,15,10,1,-1931.963,-1074.198,-110.9348,0,0.997389,0,0.07221685;
misc,barrier,50,1,100,-1963.5736,-1068.53,385.017,0,0.0739247,0,-0.9972638;
misc,barrier,50,1,100,-2059.491,-1142.691,1374.998,-0.0746957,0.0740843,-0.0065096,-0.9944293;
misc,barrier,50,1,100,-2216.531,-1258.466,2154.274,-0.0661504,0.0608994,-0.0040449,-0.9959413;
misc,barrier,100,1,100,-2334.663,-1320.342,3127.41,0,0.0721587,0,-0.9973932;
misc,barrier,1,20,100,-1906.7504,-1410.541,3175.065,0,0.9759267,0,0.218099;
misc,barrier,1,20,100,-2516.62,-1415.318,3211.219,0,0.9498017,0,-0.3128526;
custom,boulder1,rock3,1,1,1,0,1,1,1,1.0,1.0,-1373.948,-770.5791,-1419.456,0,0.9659131,0,0.2588666;
custom,boulder1,rock3,4,4,4,0,1,1,1,1.0,1.0,-685.4038,-859.3817,-2117.554,0,0.7474053,0,0.6643685;
custom,boulder1,rock3,4,4,4,0,1,1,1,1.0,1.0,-973.5447,-828.9457,-1693.654,0,0.7661774,0,-0.6426291;
custom,boulder2,rock3,4,1,4,0,1,1,1,1.0,1.0,-1200.544,83.92711,-2069.527,0,0.9997722,0,-0.02134428;
racing,killCuboid,12,1,10,-1217.144,89.39552,-2121.296,0,0.9998909,0,-0.01477645;
custom,cuboid,earth1,2,1,2,0,1,1,1,1.0,1.0,-1141.653,92.19549,-1952.975,0,0.7135015,0,-0.7006537;
custom,boulder3,earth1,4,1,2,0,1,1,1,1.0,1.0,-1263.208,84.67918,-1763.461,0,0.6538646,0,0.7566116;
custom,boulder3,earth1,4,1,2,0,1,1,1,1.0,1.0,-1113.618,85.83332,-1751.896,0,0.6571597,0,0.7537513;
racing,killCuboid,5,1,15,-1190.152,87.68564,-1757.454,0,0.6669698,0,0.7450848;
racing,killCuboid,15,1,15,-789.1573,-314.6343,-1795.309,0,0.4233451,0,-0.9059685;
racing,killCuboid,15,1,15,-790.2095,-249.7877,-1690.886,0,0.937731,0,-0.3473625;
racing,killSphere,3,3,3,-864.111,-376.7256,-1735.18,0,0.6421129,0,0.7666101;
racing,killTube,3,3,3,-850.1968,-120.4426,-1739.447,0,0.6829362,0,0.730478;
racing,killCone,1,1,1,-850.9089,-32.07264,-1741.472,0,0.7002615,0,0.7138864;
racing,killCylinder,2,4,2,-942.5017,-537.4484,-1851.223,0,0.9966432,0,-0.08186722;
racing,killCylinder,2,4,2,-961.2984,-536.6469,-1807.954,0,0.9966432,0,-0.08186721;
racing,killCylinder,2,4,2,-989.1269,-532.8821,-1845.779,0,0.9900974,0,-0.1403821;
racing,killCuboid,10,4,2,-817.7853,-650.6728,-2172.03,0,0.5654406,0,-0.824789;
racing,killCuboid,10,4,2,-910.3868,-672.0934,-2124.562,0,0.8135424,0,0.5815057;
racing,killTube,3,3,3,-661.4338,-750.205,-2185.958,0,0.7568967,0,0.6535345;
racing,killTube,3,3,3,-673.6705,-748.7795,-2219.677,0,0.7792442,0,0.6267204;
racing,killTube,3,3,3,-656.6028,-751.9679,-2148.916,0,0.714059,0,0.7000856;
racing,killCuboid,15,3,1,-821.4111,-1010.325,-1930.547,0,0.03377404,0,0.9994295;
racing,killCuboid,15,3,1,-821.772,-961.3861,-1929.944,0,0.04030757,0,0.9991874;
racing,killCuboid,15,3,1,-821.5041,-912.2372,-1929.03,0,0.04030757,0,0.9991874;
racing,killCylinder,3,5,3,-752.5546,-974.7485,-1747.759,0,0.5638359,0,-0.8258869;
racing,killCylinder,3,5,3,-748.0008,-957.7475,-1707.017,0,0.5638359,0,-0.8258869;
racing,killCylinder,3,5,3,-730.6732,-954.7495,-1667.187,0,0.5638359,0,-0.8258869;
racing,killCuboid,50,10,50,-630.4236,-1148.673,-1480.744,0,0.9959283,0,-0.09014896;
custom,cave1,default,2,1,2,0,1,1,1,1.0,1.0,-618.6548,-1131.64,-1453.743,0,0.9920892,0,0.1255351;
custom,cave1,default,2,1,2,0,1,1,1,1.0,1.0,-647.7515,-1118.125,-1397.39,0,0.9552166,0,0.2959073;
custom,cave1,default,2,1,2,0,1,1,1,1.0,1.0,-648.5829,-1115.125,-1505.49,0,0.9552166,0,0.2959073;
racing,killCylinder,5,7,5,-1101.344,-990.8846,-1499.809,0,0.697339,0,-0.7167414;
racing,killCylinder,8,8,8,-1202.73,-940.0834,-1556.059,0,0.7151654,0,0.6989552;
racing,killCylinder,10,8,10,-1332.394,-844.7426,-1478.213,0,0.731728,0,0.6815968;
racing,killCylinder,10,10,10,-1446.671,-792.441,-1528.897,0,0.7212339,0,0.6926916;
racing,killCuboid,50,5,50,-1911.88,-1192.794,-425.2769,-0.0118247,0.9674876,0.2484087,0.04605416;
custom,boulder1,rock3,7,7,7,0,1,1,1,1.0,1.0,-1839.376,-929.5395,-653.7438,0,0.08683999,0,-0.9962223;
custom,cuboid,rock3,3,0.1,0.1,1,0,0.07954545,0,1.0,1.0,-2222.134,-1515.912,4206.444,0,0.05887288,0,-0.9982655;
custom,cuboid,rock3,0.1,0.5,0.1,1,0,0.07954545,0,1.0,1.0,-2227.116,-1513.638,4190.512,0,0.052442,0,-0.998624;
custom,cuboid,rock3,0.1,0.5,0.1,1,0,0.07954545,0,1.0,1.0,-2229.358,-1513.606,4205.906,0,0.04596774,0,-0.9989429;
custom,cuboid,rock3,0.1,0.5,0.1,1,0,0.07954545,0,1.0,1.0,-2215.813,-1513.673,4207.376,0,0.04596774,0,-0.9989429;
custom,cuboid,rock3,0.1,0.5,0.1,1,0,0.07954545,0,1.0,1.0,-2214.148,-1513.751,4191.677,0,0.04599942,0,-0.9989415;
racing,checkpointCuboid,1,1,1,-1891.816,-743.4746,-1358.745,0,0.9215114,0,-0.3883513;
custom,boulder3,rock3,4,1,1,0,0,0.07954545,0,1.0,1.0,-1379.454,84.36044,-1911.8,0,0.7004682,0,0.7136836;
custom,boulder1,rock3,2,2,2,0,1,1,1,1.0,1.0,-2031.988,-1135.531,-360.4183,0,0.5354131,0,0.8445903;
custom,boulder3,rock3,2,2,2,0,1,1,1,1.0,1.0,-1917.25,-779.5828,-1189.126,0,0.3339155,0,-0.942603;
custom,boulder1,rock3,2,2,2,0,1,1,1,1.0,1.0,-768.7399,-868.5153,-1272.066,0,0.3849918,0,-0.92292;
custom,boulder2,rock3,2,2,2,0,1,1,1,1.0,1.0,-815.7704,-1014.85,-1404.066,0,0.6222576,0,0.7828125;
custom,boulder2,rock3,4,4,4,0,1,1,1,1.0,1.0,-1032.651,-929.4011,-1428.604,0,0.6107749,0,-0.7918043;
custom,boulder3,rock3,4,4,4,0,1,1,1,1.0,1.0,-868.8395,-806.3963,-1452.268,0,0.486387,0,0.8737435;
custom,boulder1,rock3,1,1,1,0,1,1,1,1.0,1.0,-1031.582,-824.1308,-1410.9,0,0.5394874,0,-0.8419937;
custom,boulder1,rock3,3,3,3,0,1,1,1,1.0,1.0,-616.4163,-955.9046,-1693.318,0,0.5532981,0,0.8329833;
custom,boulder1,rock3,3,3,3,0,1,1,1,1.0,1.0,-629.4583,-880.8181,-1953.233,0,0.722832,0,-0.6910239;
custom,boulder2,rock3,3,3,3,0,1,1,1,1.0,1.0,-807.8347,-892.1049,-2042.722,0,0.722854,0,-0.6910008;
custom,boulder1,rock3,3,3,3,0,1,1,1,1.0,1.0,-625.8974,-1056.985,-2132.039,0,0.3658022,0,0.9306926;
custom,boulder1,rock3,3,3,3,0,1,1,1,1.0,1.0,-903.6807,-573.6598,-1679.449,0,0.06882387,0,0.9976289;
custom,boulder1,rock3,3,3,3,0,1,1,1,1.0,1.0,-894.9269,-224.3913,-1687.922,0,0.3037161,0,-0.9527626;
custom,boulder1,rock3,3,3,3,0,1,1,1,1.0,1.0,-898.012,-348.2024,-1810.933,0,0.9085593,0,-0.4177561;
custom,boulder1,rock3,3,3,3,0,1,1,1,1.0,1.0,-925.2714,20.52368,-1708.105,0,0.6113405,0,-0.7913677;
custom,boulder1,rock3,4,3,4,0,1,1,1,1.0,1.0,-852.2306,-27.54424,-1890.583,0,0.7321113,0,-0.681185;
custom,boulder2,rock3,3,3,3,0,1,1,1,1.0,1.0,-1382.743,52.62809,-1945.378,0,0.9339188,0,0.3574853;
custom,boulder1,rock3,1,1,1,0,1,1,1,1.0,1.0,-1262.441,166.6043,-2766.413,0,0.1530158,0,0.9882237;
custom,boulder1,rock3,4,2,4,0,1,1,1,1.0,1.0,-1004.336,210.2908,-2783.914,0,0.9071553,0,-0.4207962;
custom,boulder1,rock3,3,2,3,0,1,1,1,1.0,1.0,-1060.105,219.6082,-2817.383,0,0.9995811,0,-0.02894216;
custom,boulder1,rock3,3,3,3,0,1,1,1,1.0,1.0,-969.9084,217.0459,-2889.027,0,0.7485757,0,-0.6630493;
custom,boulder1,rock3,5,5,5,0,1,1,1,1.0,1.0,-1090.285,272.5105,-2862.649,0,0.999957,0,-0.0092794;
custom,boulder1,rock3,6,6,6,0,1,1,1,1.0,1.0,-992.2852,392.0579,-2894.242,0,0.9970452,0,-0.07681727;
custom,boulder2,rock3,6,6,3,0,1,1,1,1.0,1.0,-1009.588,289.7185,-2810.407,0,0.9991194,0,-0.04195845;
custom,boulder2,rock3,6,6,3,0,1,1,1,1.0,1.0,-958.7019,297.7202,-2865.871,-0.6799109,-0.01424194,0.7329957,0.01535424;
custom,boulder2,rock3,6,6,3,0,1,1,1,1.0,1.0,-1098.876,362.0338,-2862.379,0,0.7765912,0,0.6300048;
custom,boulder1,rock3,6,6,6,0,1,1,1,1.0,1.0,-1055.219,556.3356,-2880.208,0,0.9160018,0,0.4011744;
custom,boulder2,rock3,6,6,5,0,1,1,1,1.0,1.0,-965.9591,502.433,-2886.506,0,0.9954022,0,-0.09578358;
custom,boulder2,rock3,6,6,3,0,1,1,1,1.0,1.0,-1022.385,430.3009,-2813.046,0,0.9976009,0,-0.06922727;
custom,boulder2,rock3,9,8,4,0,1,1,1,1.0,1.0,-1044.271,448.6223,-2942.448,0,0.1567554,0,0.9876375;
custom,boulder2,rock3,9,8,4,0,1,1,1,1.0,1.0,-953.4547,512.5592,-2891.179,0,0.7016305,0,-0.7125409;
custom,boulder1,rock3,6,3,6,0,1,1,1,1.0,1.0,-1100.019,580.622,-2892.812,0.688165,-0.003799113,-0.7255354,-0.003603133;
custom,boulder2,rock3,4,4,1,0,1,1,1,1.0,1.0,-1077.607,338.3311,-2808.068,0,0.9843048,0,0.176477;
custom,boulder1,rock3,4,4,4,0,1,1,1,1.0,1.0,-988.9717,312.9566,-2910.163,0,0.110944,0,-0.9938267;
custom,boulder1,rock3,4,4,4,0,1,1,1,1.0,1.0,-1103.784,468.5102,-2902.277,0,0.7758025,0,0.6309758;
custom,boulder1,rock3,4,4,4,0,1,1,1,1.0,1.0,-1082.973,464.5118,-2836.555,0,0.2283832,0,0.9735714;
custom,boulder2,rock3,4,4,2,0,1,1,1,1.0,1.0,-990.3686,541.8524,-2813.879,0,0.9995984,0,-0.0283368;
custom,boulder2,rock3,7,7,3,0,1,1,1,1.0,1.0,-1012.107,606.5447,-2949.143,0,-0.09363738,0,-0.9956064;
custom,boulder2,rock3,7,7,3,0,1,1,1,1.0,1.0,-1000.623,630.9392,-2821.351,-0.7087209,0.7025349,-0.06178509,0.01849451;
custom,boulder3,rock3,7,7,3,0,1,1,1,1.0,1.0,-943.6514,632.884,-2885.485,0,0.7133044,0,-0.7008544;
custom,boulder3,rock3,7,7,3,0,1,1,1,1.0,1.0,-1165.822,627.863,-2896.116,0,0.6977282,0,0.7163627;
custom,boulder1,rock3,7,7,4,0,1,1,1,1.0,1.0,-1115.796,632.4881,-2958.291,0,0.1002799,0,-0.9949593;
custom,boulder1,rock3,7,7,4,0,1,1,1,1.0,1.0,-1129.98,651.6858,-2806.677,0,0.9922644,0,0.1241428;
custom,boulder1,rock3,6,3,6,0,1,1,1,1.0,1.0,-991.5858,681.1481,-2873.634,0,0.7010086,0,-0.7131528;
custom,boulder1,rock3,6,3,6,0,1,1,1,1.0,1.0,-1080.442,686.5479,-2884.112,-0.7128009,0.02201915,-0.7006629,-0.02240077;
custom,boulder2,rock3,6,3,4,0,1,1,1,1.0,1.0,-1144.781,705.4989,-2938.177,-0.5979481,-0.09800709,-0.2216312,-0.7640238;
custom,boulder3,rock3,4,4,4,0,1,1,1,1.0,1.0,-1159.201,705.0862,-2873.823,0,0.6342416,0,0.773135;
spawnpoint,playerC,-1133.667,609.9045,-2877.465,0,0.6786191,0,0.7344904;
spawnpoint,playerM,-1130.62,610.1454,-2885.376,0,0.6786191,0,0.7344904;
spawnpoint,playerC,-1146.692,609.7849,-2891.066,0,0.6786191,0,0.7344904;
spawnpoint,playerM,-1137.721,610.0242,-2882.564,0,0.6786191,0,0.7344904;
racing,startCuboid,7,7,1,-1070.278,637.3604,-2876.959,0,0.6881755,0,0.7255443;
racing,startCuboid,10,10,1,-1026.917,54.62439,-2922.018,0,0.05927273,0,-0.9982418;
racing,startCuboid,10,10,1,-986.0787,189.0652,-3099.349,0,0.684837,0,0.7286963;
photon,spawnPunk,30,0,-2188.497,-1497.999,3545.259,0,0.9997258,0,-0.02341526;
photon,spawnJumper,30,0,-2137.157,-1498.839,3538.45,0,0.9997258,0,-0.02341526;
photon,spawnCrawler,30,0,-2168.508,-1497.592,3561.89,0,0.9997258,0,-0.02341526;
photon,spawnJumper,30,0,-2175.314,-1475.118,3435.066,0,0.9994117,0,-0.03429746;
photon,spawnCrawler,30,0,-2208.937,-1474.593,3424.222,0,0.9994117,0,-0.03429746;
photon,spawnPunk,30,0,-2152.169,-1473.814,3412.002,0,0.9994841,0,-0.03211701;
photon,spawnPunk,30,0,-2290.265,-1470.65,3346.78,0,0.9916484,0,0.1289708;
photon,spawnCrawler,30,0,-2304.6,-1470.806,3325.875,0,0.9916484,0,0.1289708;
photon,spawnJumper,30,0,-2267.52,-1470.654,3326.282,0,0.9916484,0,0.1289708;
photon,spawnPunk,30,0,-2128.07,-1474.333,3382.471,0,0.9916484,0,0.1289708;
photon,spawnJumper,30,0,-2151.419,-1473.375,3376.842,0,0.9916484,0,0.1289708;
photon,spawnCrawler,30,0,-2133.467,-1473.092,3357.971,0,0.9916484,0,0.1289708;
photon,spawnPunk,30,0,-2287.177,-1479.628,3445.818,0,0.9552118,0,-0.2959231;
photon,spawnPunk,30,0,-2071.606,-1472.988,3307.212,0,0.9780123,0,0.2085475;
custom,village2,default,1,1,1,0,1,1,1,1.0,1.0,-2192.354,-1462.387,3300.078,0,0.9614421,0,0.2750075;
custom,village1,default,1,1,1,0,1,1,1,1.0,1.0,-2093.529,-1473.72,3249.221,0,0.6739177,0,-0.7388064;
custom,church1,default,1,1,1,0,1,1,1,1.0,1.0,-2108.497,-1453.444,2672.723,0,-0.2939112,0,-0.9558328;
custom,tower2,default,1,1,1,0,1,1,1,1.0,1.0,-2132.86,-1508.91,2403.907,-0.1416288,0.1485845,0.1219801,-0.971074;
custom,spike1,default,1,1,1,0,1,1,1,1.0,1.0,-2244.012,-1480.543,2350.263,0.1236702,0.07681382,-0.04854405,-0.9881542;
custom,tower2,default,1,1,1,0,1,1,1,1.0,1.0,-2214.171,-1501.143,2413.152,0.1852886,0.2838947,-0.06560836,-0.9384921;
custom,cuboid,stone1,3,0.5,3,0,0,1,0,1.0,1.0,-2195.736,-1570.603,4008.402,0,0.9995335,0,0.03054235;
photon,spawnAnnie,30,0,-1811.929,-883.6495,-1017.907,0,0.9991034,0,0.04233831;
custom,boulder1,rock3,2,2,2,0,1,1,1,1.0,1.0,-837.5262,122.2317,-2892.218,0,0.9762753,0,0.2165333;
custom,boulder1,rock3,2,2,2,0,1,1,1,1.0,1.0,-743.0406,3.277847,-2927.347,0,0.2695214,0,-0.9629945;
custom,boulder1,rock3,2,2,2,0,1,1,1,1.0,1.0,-906.3816,98.62457,-3022.291,0,0.9648613,0,-0.2627598;
custom,boulder1,rock3,2,2,2,0,1,1,1,1.0,1.0,-444.2287,69.44521,-2970.787,0,0.2822473,0,-0.9593417;
custom,boulder1,rock3,2,2,2,0,1,1,1,1.0,1.0,-1060.812,205.0016,-3062.587,0,-0.1818679,0,-0.983323;
custom,boulder1,rock3,2,2,2,0,1,1,1,1.0,1.0,-1091.518,216.1732,-3132.13,0,0.8040934,0,-0.594503;
custom,boulder1,rock3,2,2,2,0,1,1,1,1.0,1.0,-1163.724,146.5601,-3046.342,0,0.3033017,0,-0.9528946;
custom,boulder1,rock3,2,2,2,0,1,1,1,1.0,1.0,-1264.263,132.9993,-3072.778,0,0.3426134,0,-0.9394765;
custom,boulder1,rock3,2,2,2,0,1,1,1,1.0,1.0,-1588.466,127.8979,-3050.371,0,0.7622449,0,-0.6472888;
custom,boulder1,rock3,2,2,2,0,1,1,1,1.0,1.0,-1181.939,117.3007,-2893.555,0,0.999638,0,0.02690678;
custom,boulder1,rock3,2,2,2,0,1,1,1,1.0,1.0,-1092.876,128.382,-2884.023,0,0.9846804,0,0.174369;
custom,boulder1,rock3,2,2,2,0,1,1,1,1.0,1.0,-963.0012,438.3869,-2826.174,0,0.4551557,0,0.8904119;
custom,boulder1,rock3,2,3,2,0,1,1,1,1.0,1.0,-975.4434,447.3068,-2947.345,0,0.8984045,0,0.4391689;
custom,boulder1,rock3,2,3,2,0,1,1,1,1.0,1.0,-1067.527,293.9281,-2813.295,0,0.3936045,0,-0.9192799;
custom,cave1,rock3,1,0.5,1,0,1,1,1,1.0,1.0,-1050.528,118.6245,-2806.954,0,0.1076773,0,-0.9941859;
custom,prism,default,0.5,0.1,1,1,0,1,0,1.0,1.0,-1051.674,162.9773,-2798.728,0.7088994,0.7039867,0.03077615,0.03028801;
custom,prism,default,0.5,0.1,1,1,0,1,0,1.0,1.0,-869.6173,62.0263,-2838.578,-0.477812,0.5210938,-0.5229158,-0.476147;
custom,prism,default,0.5,0.1,1,1,0,1,0,1.0,1.0,-1051.314,163.1102,-2804.25,0.7061856,0.7063602,0.02578323,0.04114043;
custom,boulder1,rock3,2,2,2,0,0.6818182,0.8863636,0.6931818,1.0,1.0,-890.4595,165.4056,-1744.724,0,0.003248534,0,0.9999948;
custom,boulder1,rock3,2,2,2,0,0.6818182,0.8863636,0.6931818,1.0,1.0,-830.668,68.78469,-1769.654,0,0.8096231,0,0.5869502;
custom,boulder1,rock3,2,2,2,0,0.6818182,0.8863636,0.6931818,1.0,1.0,-892.58,22.62023,-1780.583,0,0.9891857,0,-0.1466687;
custom,boulder1,rock3,2,2,2,0,0.6818182,0.8863636,0.6931818,1.0,1.0,-804.3574,61.33929,-1906.239,0,0.9085329,0,0.4178134;
custom,boulder1,rock3,2,2,2,0,0.6818182,0.8863636,0.6931818,1.0,1.0,-858.7283,115.0481,-1855.829,0,0.08589088,0,0.9963046;
custom,boulder1,rock3,3,3,3,0,1,1,1,1.0,1.0,-684.2073,-906.6282,-1323.717,-0.4888012,0.465995,0.6485006,0.3512393;
custom,boulder2,rock3,2,2,1,0,1,1,1,1.0,1.0,-603.6492,-835.6261,-2110.549,0,0.9889671,0,0.1481355;
custom,boulder3,rock3,5,0.5,1,0,1,1,1,1.0,1.0,-862.4117,24.51869,-1744.138,0,0.7165809,0,-0.6975041;
custom,boulder3,rock3,5,0.5,1,0,1,1,1,1.0,1.0,-855.1953,24.32417,-1738.035,-0.03289235,-0.1200704,0.9922124,-0.003980391;
custom,prism,default,0.5,0.1,1,1,0,1,0,1.0,1.0,-846.3857,112.843,-1731.372,-0.6033972,0.3960456,0.5058225,0.472444;
custom,prism,default,0.5,0.1,1,1,0,1,0,1.0,1.0,-836.3533,50.55771,-1895.253,0.5032112,0.4952518,-0.50024,0.5012625;
custom,boulder2,rock3,1,0.1,0.1,0,1,1,1,1.0,1.0,-1181.185,95.30885,-1984.688,0,0.7143998,0,0.6997379;
custom,boulder2,rock3,0.1,0.2,0.1,0,1,1,1,1.0,1.0,-1180.519,92.39281,-1976.124,-0.03866784,0.7200965,0.04025964,0.6916249;
custom,boulder2,rock3,0.1,0.2,0.1,0,1,1,1,1.0,1.0,-1180.684,92.78638,-1993.89,0.01030612,-0.1872801,-0.001855334,0.9822508;
custom,cylinder,earth1,1,2,1,0,1,1,1,1.0,1.0,-1252.12,129.6759,-2066.216,-0.01475324,0.01474502,-0.7071999,0.7067059;
custom,cylinder,earth1,1,2,1,0,1,1,1,1.0,1.0,-1295.655,110.4792,-2064.12,-0.7079065,0.7059779,0.01585518,-0.01457094;
custom,boulder2,rock3,2,2,2,0,1,1,1,1.0,1.0,-951.7654,653.9532,-2954.258,0,0.8697953,0,0.4934128;
custom,prism,default,0.5,0.1,1,1,0,1,0,1.0,1.0,-1075.174,634.0161,-2878.821,-0.5143855,0.4852811,0.4898393,0.5098701;
custom,prism,default,0.5,0.1,1,1,0,1,0,1.0,1.0,-1037.534,156.9881,-2739.062,-0.7037559,0.6569874,-0.1900618,0.1922806;
custom,prism,default,0.5,0.1,1,1,0,1,0,1.0,1.0,-1103.663,158.036,-2738.219,0.6969061,0.6663915,-0.1683969,-0.2046627;
custom,boulder2,rock3,1,1,1,0,0,1,0,1.0,1.0,-800.2815,-559.9811,-1699.54,0,0.5685743,0,0.8226319;
custom,boulder3,rock3,1,1,1,0,0,1,0,1.0,1.0,-1351.295,-935.3025,-1570.169,0,0.8570752,0,-0.5151913;
photon,spawnCrawler,30,0,-2195.991,-1567.921,4007.428,0,0.9991394,0,0.04147932;
misc,barrier,6,6,1,-2194.682,-1549.863,3988.995,0,0.9994604,0,0.03284694;
misc,barrier,1,7,7,-2236.574,-1544.33,4026.656,-0.3254361,0.9451343,-0.009279628,0.02694998;
misc,barrier,1,7,7,-2154.106,-1547.131,4030.663,0.3809155,0.9241696,0.01087204,0.02637754;
misc,barrier,1,7,7,-2199.648,-1553.441,4053.662,-0.3408955,0.6438395,0.3205443,-0.6054028;
misc,barrier,7,1,7,-2196.343,-1573.251,4035.539,0,0.9995249,0,0.03082212;