custom,house5,default,1,1,1,0,1,1,1,1.0,1.0,29.74624,15.80054,7.195672,0,0.0008361996,0,-0.9999996;
customb,house1,default,1,1,1,0,1,1,1,1.0,1.0,-34.74144,16.07892,8.764199,0,0.002232462,0,-0.9999975;
custom,house12,default,1,1,1,0,1,1,1,1.0,1.0,-9.748314,-0.4021199,-34.33551,0,0.002232462,0,-0.9999975;
misc,barrier,40,1,100,-51.5758,42.29726,-29.78689,0,0.9998763,0,0.01572984;
customb,house1,default,1,1,2,0,1,1,1,1.0,1.0,30.12533,16.22892,108.8208,0,0.004597084,0,-0.9999894;
customb,house1,default,1,1,0.5,0,1,1,1,1.0,1.0,-40.49799,15.92126,99.12281,0,0.9999971,0,0.002420379;
custom,house5,default,1,1,1,0,1,1,1,1.0,1.0,-42.4362,15.7612,154.4072,0,0.9999894,0,0.004615486;
custom,house12,default,1,1,1,0,1,1,1,1.0,1.0,26.14314,-0.9452095,205.0043,0,0.6589444,0,0.7521917;
custom,house5,default,1,1,1,0,1,1,1,1.0,1.0,-81.38604,15.94439,184.7319,0,0.7099133,0,0.7042892;
custom,tower5,default,1,1,1,0,0.1022727,0.09090908,0.04545454,1.0,1.0,-213.9436,-46.10613,98.77517,0,0.9971609,0,0.07530072;
customb,house1,default,1,1,0.5,0,0.1022727,0.09090908,0.04545454,1.0,1.0,-212.599,11.54857,74.70746,0,0.9922497,0,-0.1242597;
customb,house1,default,1,1,0.5,0,0.1022727,0.09090908,0.04545454,1.0,1.0,-191.494,11.91189,92.20236,0,0.6522421,0,0.7580108;
custom,tower2,default,1,1,1,0,1,1,1,1.0,1.0,-59.9779,-10.69039,63.2168,0,0.699291,0,0.7148372;
custom,house5,default,1,1,1,0,1,1,1,1.0,1.0,-74.01801,15.69912,242.4776,0,-0.7131431,0,0.7010186;
custom,house12,default,3,1.5,1,0,1,1,1,1.0,1.0,-170.0288,-1.02975,208.0169,0,0.712705,0,-0.701464;
custom,house13,default,1,1,1,0,1,1,1,1.0,1.0,-145.4758,0.03225521,119.6088,0,0.3502787,0,-0.9366456;
custom,house10,default,1,1,1,0,1,1,1,1.0,1.0,-120.1393,21.09931,27.89449,0,0.0006710608,0,-0.9999998;
custom,house13,default,1,1,1,0,1,1,1,1.0,1.0,-172.6908,-0.2534972,78.42931,0,0.3511824,0,-0.9363071;
customb,arch1,default,1,1,1,0,1,1,1,1.0,1.0,-39.17014,34.85799,52.73184,0,0.9999981,0,0.001975779;
customb,arch1,default,1,3,1,0,0.1022727,0.09090908,0.04545454,1.0,1.0,18.52474,23.44861,-63.78161,0,0.01873446,0,-0.9998245;
custom,tower1,default,1,1,1,0,1,1,1,1.0,1.0,-35.45464,55.68132,74.78867,0,0.7179084,0,-0.6961376;
custom,house5,default,1,1,1,0,1,1,1,1.0,1.0,-219.9093,15.5926,160.4843,0,0.6940514,0,0.7199254;
custom,wall4,default,1,1,1,0,1,1,1,1.0,1.0,-248.1925,41.54367,21.62985,0,0.6933965,0,0.7205563;
custom,house5,default,1,1,1,0,1,1,1,1.0,1.0,-198.0043,15.70161,23.23662,0,-0.05151804,0,0.9986721;
custom,house12,default,2,1,1,0,1,1,1,1.0,1.0,-112.8489,-0.6228478,-276.2024,0,0.7343248,0,-0.6787984;
custom,house5,default,1,1,1,0,1,1,1,1.0,1.0,-67.95502,15.7174,-384.1316,0,0.01482376,0,-0.9998901;
custom,house5,default,1,1,1,0,1,1,1,1.0,1.0,-190.914,15.54769,-54.81647,0,-0.05412884,0,0.998534;
custom,house5,default,1,1,1,0,1,1,1,1.0,1.0,-178.4732,15.5241,-139.3098,0,0.0546944,0,-0.9985032;
custom,wall4,default,1,1,1,0,1,1,1,1.0,1.0,-259.272,41.63641,321.6584,0,0.6946294,0,0.7193679;
custom,wall4,default,1,1,1,0,1,1,1,1.0,1.0,-238.1663,41.56677,-278.4076,0,0.6969885,0,0.7170824;
custom,wall4,default,1,1,1,0,1,1,1,1.0,1.0,-86.60049,41.53866,-417.3572,0,0.01208482,0,-0.999927;
custom,wall4,default,1,1,1,0,0.1022727,0.09090908,0.04545454,1.0,1.0,-2.863399,41.61964,-415.4933,0,0.01334595,0,-0.999911;
custom,house5,default,1,1,1,0,1,1,1,1.0,1.0,-216.158,15.63298,-248.3404,0,0.9994934,0,0.03182835;
custom,house5,default,1,1,1,0,1,1,1,1.0,1.0,-206.6656,15.58754,-367.3588,0,0.999177,0,0.04056397;
customb,house1,default,1,1,1,0,1,1,1,1.0,1.0,-147.372,15.96485,-194.9763,0,0.9964517,0,0.08416658;
custom,house5,default,1,1,1,0,1,1,1,1.0,1.0,-151.6911,15.52485,-263.0169,0,0.9964517,0,0.08416658;
custom,house2,default,1,1,1,0,1,1,1,1.0,1.0,-165.2914,0.4042976,-199.7966,0,0.7645152,0,-0.6446057;
custom,house5,default,1,1,1,0,0.1022727,0.09090908,0.04545454,1.0,1.0,-120.7489,15.52713,257.2335,0,-0.7103365,0,0.7038623;
custom,tree2,default,0.5,0.5,0.5,0,1,1,1,1.0,1.0,-202.5439,33.42078,-310.2006,0,0.9909989,0,-0.1338702;
custom,tower1,default,1,1,1,0,1,1,1,1.0,1.0,-35.14671,55.62409,53.23945,0,0.7087513,0,-0.7054585;
custom,house5,default,1,1,1,0,1,1,1,1.0,1.0,-140.2633,15.38092,-336.542,0,0.004680122,0,-0.999989;
customb,arch1,default,1,1,1,0,1,1,1,1.0,1.0,-143.6407,25.29526,-380.5472,0,1,0,0.0002647677;
custom,tower1,default,1,1,1,0,1,1,1,1.0,1.0,-139.6997,-31.68312,-407.0604,0,0.7234781,0,-0.6903473;
custom,tower1,default,1,1,1,0,1,1,1,1.0,1.0,-140.7899,-31.53436,-391.2213,0,0.7279929,0,-0.6855847;
custom,tower1,default,1,1,1,0,1,1,1,1.0,1.0,-141.7857,-31.5344,-374.643,0,0.7279929,0,-0.6855847;
customb,house1,default,1,1,1,0,1,1,1,1.0,1.0,-102.2565,15.97238,-224.3213,0,0.7414334,0,-0.6710264;
custom,house5,default,1,1,1,0,1,1,1,1.0,1.0,-43.14944,15.6559,-314.575,0,0.03021606,0,-0.9995434;
customb,house1,default,1,1,1,0,1,1,1,1.0,1.0,-34.2628,16.21748,-244.0639,0,0.03899125,0,-0.9992396;
customb,house1,default,0.5,0.5,0.5,0,1,1,1,1.0,1.0,-60.51285,7.547804,-221.7465,0,0.7380133,0,-0.6747862;
customb,house1,default,1,1,1,0,1,1,1,1.0,1.0,-40.43009,16.15145,-175.9383,0,0.05225081,0,-0.998634;
customb,house1,default,1,1,1,0,1,1,1,1.0,1.0,-64.99715,16.14981,-174.8822,0,0.7589379,0,-0.6511631;
customb,arch1,default,1,2,0.5,0,1,1,1,1.0,1.0,-120.5075,26.18538,-183.8933,0,0.7492044,0,-0.6623389;
custom,canal1,default,0.5,1,1,0,1,1,1,1.0,1.0,-117.2228,-0.2943059,-184.8814,0,0.9978542,0,0.06547469;
custom,house14,default,1,1,1,0,1,1,1,1.0,1.0,-124.3676,-0.09162606,-134.6077,0,-0.05998751,0,0.9981992;
custom,house12,default,1,1,1,0,1,1,1,1.0,1.0,-49.3536,-0.2800317,-117.4041,0,0.7299731,0,-0.683476;
custom,house13,default,1,1,1,0,1,1,1,1.0,1.0,-151.7611,0.1011534,-54.4275,0,0.3646515,0,-0.9311441;
custom,house10,default,2,1,0.5,0,1,1,1,1.0,1.0,-150.8304,20.94586,16.72444,0,0.3905725,0,0.9205722;
custom,house9,default,1,1,1,0,1,1,1,1.0,1.0,-178.648,18.40565,36.47738,0,0.3972293,0,0.9177195;
customb,arch1,default,1,1,1,0,1,1,1,1.0,1.0,-176.8017,24.95325,-14.01169,0,0.9986832,0,0.05130212;
custom,castle1,default,1,1,1,0,1,1,1,1.0,1.0,-173.8625,-19.89691,-42.3998,0,0.8391469,0,0.5439048;
customb,house1,default,1,1,1,0,0.1022727,0.09090908,0.04545454,1.0,1.0,-18.07121,15.84412,-107.076,0,0.6784584,0,0.7346389;
racing,startCuboid,7,7,1,-11.02732,12.01263,50.47497,0,0.001667587,0,0.9999986;
customb,arch1,default,1,2,0.5,0,0.1022727,0.09090908,0.04545454,1.0,1.0,-24.92838,20.21976,-161.6706,0,0.6782519,0,0.7348295;
misc,barrier,0.2,6,10,-38.27085,14.74272,94.26066,0,0.002849249,0,-0.9999959;
customb,house1,default,1,1,1,0,1,1,1,1.0,1.0,-195.5785,-12.6757,142.1039,0,0.6904637,0,0.723367;
custom,house5,default,1,1,1,0,1,1,1,1.0,1.0,-5.816091,15.58846,252.7019,0,0.731517,0,-0.6818233;
misc,barrier,0.2,6,2,-109.7913,11.61153,16.7723,0,0.5707694,0,-0.8211104;
misc,barrier,0.2,6,7,-220.3344,19.85261,163.0001,0,0.7155034,0,-0.6986093;
misc,barrier,0.2,6,23,-190.6481,19.67347,-58.18747,0,0.05507924,0,-0.998482;
custom,house7,default,1,1,1,0,0.1022727,0.09090908,0.04545454,1.0,1.0,34.42937,0.7974288,-45.64426,0,0.6909519,0,0.7229007;
customb,arch1,default,1,3,1,0,0.1022727,0.09090908,0.04545454,1.0,1.0,54.88787,23.60703,-98.65827,0,0.02099208,0,-0.9997796;
customb,house1,default,2,1,1,0,0.1022727,0.09090908,0.04545454,1.0,1.0,25.26398,-5.549379,-105.9175,0,0.7343826,0,-0.6787358;
custom,house5,default,1,1,1,0,0.1022727,0.09090908,0.04545454,1.0,1.0,30.71082,15.41578,-153.4091,0,0.7366627,0,-0.6762605;
customb,arch1,default,2,0.01,0.3,0,0.1022727,0.09090908,0.04545454,1.0,1.0,34.30396,15.96674,-75.91547,0,0.7337739,0,-0.6793938;
customb,house1,default,1,1,0.5,0,0.1022727,0.09090908,0.04545454,1.0,1.0,74.56942,15.70229,-93.27457,0,0.7428903,0,-0.6694132;
customb,house1,default,1,1,1,0,0.1022727,0.09090908,0.04545454,1.0,1.0,93.44615,15.75351,-62.79099,0,0.00249752,0,0.9999969;
customb,house1,default,1,1,1,0,0.1022727,0.09090908,0.04545454,1.0,1.0,70.05878,15.81337,-12.12309,0,0.7053456,0,-0.7088636;
custom,house5,default,1,1,1,0,0.1022727,0.09090908,0.04545454,1.0,1.0,-23.27201,15.41703,-252.2705,0,0.9999414,0,0.01082538;
custom,house5,default,1,1,1,0,0.1022727,0.09090908,0.04545454,1.0,1.0,-20.36098,15.77814,-370.5298,0,0.9999625,0,0.008660999;
custom,house5,default,1,1,1,0,0.1022727,0.09090908,0.04545454,1.0,1.0,65.96084,15.47923,-193.1491,0,-0.01139463,0,0.9999351;
custom,house5,default,1,1,1,0,0.1022727,0.09090908,0.04545454,1.0,1.0,66.95142,15.59333,-269.6807,0,0.01320673,0,-0.9999128;
custom,house5,default,1,1,1,0,0.1022727,0.09090908,0.04545454,1.0,1.0,69.73048,15.75319,-347.0642,0,0.01320673,0,-0.9999128;
custom,canal1,default,1,1,1,0,0.1022727,0.09090908,0.04545454,1.0,1.0,20.84525,-0.3000417,-304.2204,0,0.7149245,0,-0.6992017;
custom,canal1,default,1,1,1,0,0.1022727,0.09090908,0.04545454,1.0,1.0,19.36479,-0.3000465,-238.256,0,0.7149245,0,-0.6992017;
custom,canal1,default,1,1,1,0,0.1022727,0.09090908,0.04545454,1.0,1.0,22.28105,-0.3400446,-370.1656,0,0.7149245,0,-0.6992017;
custom,wall4,default,1,1,1,0,0.1022727,0.09090908,0.04545454,1.0,1.0,148.7066,41.71177,-275.2787,0,0.7166334,0,-0.6974501;
custom,wall4,default,1,1,1,0,0.1022727,0.09090908,0.04545454,1.0,1.0,140.5799,41.71153,25.16081,0,0.7166334,0,-0.6974501;
custom,house5,default,1,1,1,0,0.1022727,0.09090908,0.04545454,1.0,1.0,117.6824,15.55339,-183.648,0,0.9999725,0,0.007414895;
custom,house5,default,1,1,1,0,0.1022727,0.09090908,0.04545454,1.0,1.0,116.8571,15.31339,-260.0844,0,0.9999443,0,0.01055636;
custom,house5,default,1,1,1,0,0.1022727,0.09090908,0.04545454,1.0,1.0,120.0251,15.37209,-337.5691,0,0.999975,0,0.007066743;
custom,house7,default,0.5,0.5,0.5,0,0.1022727,0.09090908,0.04545454,1.0,1.0,125.1073,8.142065,-391.4017,0,-0.005779812,0,0.9999833;
base,aot_supply,default,0.5,0.5,0.5,0,0.1022727,0.09090908,0.04545454,1.0,1.0,129.6042,-0.0826527,-392.0692,0,0.7082018,0,0.7060101;
custom,house5,default,1,1,1,0,0.1022727,0.09090908,0.04545454,1.0,1.0,112.5148,15.37204,57.79521,0,0.007189363,0,-0.9999742;
custom,church1,default,1,1,1,0,0.1022727,0.09090908,0.04545454,1.0,1.0,-105.5333,20.20571,358.2305,0,0.697299,0,0.7167804;
custom,house5,default,1,1,1,0,0.1022727,0.09090908,0.04545454,1.0,1.0,57.254,15.29279,174.8163,0,0.9999958,0,0.002921057;
custom,wall4,default,1,1,1,0,0.1022727,0.09090908,0.04545454,1.0,1.0,132.9492,41.75526,324.7832,0,0.7153412,0,-0.6987755;
customb,house1,default,1,1,1,0,0.1022727,0.09090908,0.04545454,1.0,1.0,61.33231,15.83894,221.9298,0,0.7169812,0,-0.6970925;
customb,house1,default,1,1,0.5,0,0.1022727,0.09090908,0.04545454,1.0,1.0,121.5654,16.14997,217.6538,0,0.6970813,0,0.7169921;
customb,arch1,default,1,3,0.2,0,0.1022727,0.09090908,0.04545454,1.0,1.0,99.86527,11.96629,223.0202,0.7103583,0.0002459974,-0.7038402,0.0002478728;
customb,arch1,default,1,0.5,1,0,0.1022727,0.09090908,0.04545454,1.0,1.0,93.31236,17.35062,235.2603,0,0.6963785,0,0.7176747;
custom,tower5,default,1,1,1,0,0.1022727,0.09090908,0.04545454,1.0,1.0,35.39061,-14.4497,236.0761,0,0.717167,0,-0.6969014;
customb,house1,default,1,1,1,0,0.1022727,0.09090908,0.04545454,1.0,1.0,58.23829,16.25907,250.557,0,0.6969365,0,0.7171329;
customb,house1,default,1,1,1,0,0.1022727,0.09090908,0.04545454,1.0,1.0,120.3137,15.94243,280.9465,0,0.9998956,0,0.01444965;
customb,house1,default,1,1,1,0,0.1022727,0.09090908,0.04545454,1.0,1.0,91.90971,15.77894,285.176,0,0.01011393,0,-0.9999489;
customb,house1,default,0.1,0.5,0.5,0,0.1022727,0.09090908,0.04545454,1.0,1.0,105.7875,26.91703,244.6437,0,0.7012058,0,0.712959;
custom,house5,default,1,1,1,0,0.1022727,0.09090908,0.04545454,1.0,1.0,94.42797,15.43586,376.4063,0,0.7203676,0,-0.6935925;
custom,house5,default,1,1,1,0,0.1022727,0.09090908,0.04545454,1.0,1.0,13.5525,15.57717,372.619,0,0.726477,0,-0.6871908;
custom,house5,default,1,1,1,0,0.1022727,0.09090908,0.04545454,1.0,1.0,39.76379,15.45078,303.053,0,0.6855924,0,0.7279857;
base,aot_supply,default,1,1,1,0,0.1022727,0.09090908,0.04545454,1.0,1.0,78.72721,-0.1870969,275.0236,0,0.7002254,0,0.7139219;
custom,castle1,default,0.7,0.7,0.7,0,0.1022727,0.09090908,0.04545454,1.0,1.0,-218.5452,8.580289,212.1512,0,0.7261854,0,-0.6874989;
custom,house2,default,0.7,0.7,0.7,0,0.1022727,0.09090908,0.04545454,1.0,1.0,-219.7402,-10.09859,236.1107,-0.05405466,-0.0298517,-0.00161671,0.9980904;
custom,statue2,default,0.01,0.3,0.3,0,0.1022727,0.09090908,0.04545454,1.0,1.0,-230.2388,6.502111,230.949,0,0.686913,0,0.7267397;
custom,statue2,default,0.01,0.3,0.3,0,0.1022727,0.09090908,0.04545454,1.0,1.0,-209.212,6.62212,231.7034,0,0.7288936,0,-0.684627;
custom,wall4,default,1,1,1,0,0.1022727,0.09090908,0.04545454,1.0,1.0,-119.4427,41.62852,461.0145,0,0.9999451,0,0.01047957;
custom,wall3,default,1,1,1,0,0.1022727,0.09090908,0.04545454,1.0,1.0,64.39648,-0.660634,476.0637,0,0.01269703,0,-0.9999194;
racing,endCuboid,5,5,1,62.12186,22.90446,469.0291,0,0.01489766,0,-0.999889;
custom,tower1,default,1,1,1,0,0.1022727,0.09090908,0.04545454,1.0,1.0,-117.3422,-10.13923,114.9974,0,0.9999589,0,-0.009070673;
custom,tower1,default,1,1,1,0,0.1022727,0.09090908,0.04545454,1.0,1.0,-105.7028,-9.979376,114.8707,0,0.9999589,0,-0.009070673;
custom,tower1,default,1,1,1,0,0.1022727,0.09090908,0.04545454,1.0,1.0,-93.50689,-10.17936,114.5291,0,0.9999589,0,-0.009070673;
custom,tower1,default,1,1,1,0,0.1022727,0.09090908,0.04545454,1.0,1.0,-80.43195,-9.939375,114.1311,0,0.9999589,0,-0.009070673;
custom,tower1,default,1,1,1,0,0.1022727,0.09090908,0.04545454,1.0,1.0,-67.59226,-10.13938,114.005,0,0.9999589,0,-0.009070673;
misc,barrier,0.3,0.5,0.1,28.07132,34.1769,-25.45383,0,0.01067633,0,-0.999943;
custom,house11,default,0.7,1,1,0,0.1022727,0.09090908,0.04545454,1.0,1.0,64.1584,-0.06881941,-129.0952,0,0.7004176,0,0.7137333;
customb,arch1,default,1,1,1,0,0.1022727,0.09090908,0.04545454,1.0,1.0,134.2237,14.37665,-61.2632,0,0.7102523,0,0.7039472;
custom,canal1,default,1,1,1,0,0.1022727,0.09090908,0.04545454,1.0,1.0,63.73695,-0.5726707,82.74339,0,0.006504402,0,-0.9999788;
custom,canal1,default,1,1,1,0,0.1022727,0.09090908,0.04545454,1.0,1.0,84.98498,-0.3638341,116.2444,0,0.620941,0,0.7838574;
misc,barrier,0.5,5,10,9.799738,24.36541,370.8647,0,0.7247573,0,-0.6890043;
custom,house5,default,1,1,1,0,0.1022727,0.09090908,0.04545454,1.0,1.0,-93.34482,15.39403,452.5726,0,0.7153542,0,-0.6987621;
custom,house5,default,1,1,1,0,0.1022727,0.09090908,0.04545454,1.0,1.0,-6.170031,15.4893,454.6566,0,0.7160855,0,-0.6980126;
custom,tower2,default,1,1,1,0,1,1,1,1.0,1.0,93.4328,-95.9631,-121.1458,0,0.008672132,0,0.9999624;
customb,arch1,default,1.5,1.5,0.5,0,1,1,1,1.0,1.0,93.36975,32.5932,217.4027,0,0.6977146,0,0.7163758;
custom,house7,default,0.5,1,1,0,1,1,1,1.0,1.0,-44.85004,16.43657,-27.4456,0,-0.3961931,0,0.9181672;
spawnpoint,playerC,-10.71978,1.003008,-9.929769,0,0.001344291,0,0.9999991;
spawnpoint,playerM,-6.520015,1.083009,-10.01216,0,0.001344291,0,0.9999991;
spawnpoint,playerC,-10.71597,1.043008,-8.507341,0,0.001344291,0,0.9999991;
spawnpoint,playerM,-6.476259,1.083008,-8.625418,0,0.001344291,0,0.9999991;
misc,barrier,1,5,20,65.94814,24.27047,-267.4114,0,0.9999126,0,0.0132229;
misc,barrier,1,5,20,119.6328,24.03051,-266.4665,0,0.9999783,0,0.00659099;
racing,killPlane,0.5,5,0.5,111.6165,33.38358,24.94675,-0.7095664,0.002962581,-0.003372354,-0.7046243;
racing,killPlane,0.5,5,0.5,111.785,33.80231,25.17997,-0.4828113,0.4930307,0.5063815,-0.5170995;
custom,plane,default,0.5,5,0.5,0,1,1,1,1.0,1.0,111.8244,33.5498,25.51775,-0.5124341,0.4941604,0.5055286,-0.4875015;
racing,killPlane,0.5,0.5,0.5,26.86538,0.05786602,235.418,0.9995937,6.939799E-05,0.02839787,-0.002442423;
custom,prism,default,0.3,0.1,0.3,1,0,1,0,1.0,1.0,95.90004,-0.4257548,-377.3508,0,0.9998416,0,0.01779601;
misc,barrier,0.5,0.5,0.5,-46.74571,33.98142,-275.7189,0,0.9996383,0,0.02689667;
custom,prism,default,0.3,0.1,0.3,1,0,1,0,1.0,1.0,95.79012,-0.4657665,-373.8227,0,0.9998416,0,0.01779601;
misc,barrier,0.5,0.5,0.5,-70.86177,34.17063,-344.9353,0,0.9997067,0,0.02421972;
misc,barrier,0.5,0.5,0.5,-176.903,33.92897,-169.9605,0,0.04376221,0,-0.999042;
misc,barrier,0.5,0.5,0.5,-154.8235,34.05606,-232.4148,0,0.9963695,0,0.08513381;