customb,house1,default,1.4,1.4,1.4,0,1,1,1,1,1,31.5,22.288028,-10.5,0,0.7071068,0,0.7071068;
customb,house1,default,1.4,1.4,1.4,0,1,1,1,1,1,160.18716,21.028,-10.642492,0,0.7071068,0,0.7071068;
customb,house1,default,1.4,1.4,1.4,0,1,1,1,1,1,31.629073,22.349068,76.65658,0,0.7070213,0,0.7071922;
customb,house1,default,1.4,1.4,1.4,0,1,1,1,1,1,160.02049,22.078889,76.54633,0,0.7070213,0,0.7071922;
customb,house1,default,1.4,1.4,1.4,0,1,1,1,1,1,261.9799,21.366548,44.223284,0,0.8987386,0,0.4384849;
custom,tree2,default,0.7,0.7,0.7,0,1,1,1,1,1,212.91564,47.325229,58.160417,0,0.9970765,0,0.0764113;
custom,tower2,default,1.4,0.7,1.4,0,1,1,1,1,1,98.62727,-8.557122,112.96614,0,1,0,0.0001421;
custom,house2,default,1.4,1.4,1.4,0,1,1,1,1,1,98.35427,-0.1609072,-6.5596622,0,-0.0002487,0,1;
custom,house5,default,1.4,1.4,1.4,0,1,1,1,1,1,316.31593,21.30842,-55.495692,0,0.101292,0,0.9948568;
customb,house1,default,1.4,1.4,1.4,0,1,1,1,1,1,230.53233,22.069348,-90.30812,0,0.619559,0,-0.7849501;
customb,house1,default,1.4,1.4,1.4,0,1,1,1,1,1,139.50181,22.731751,-62.550481,0,0.7115273,0,0.7026585;
customb,house1,default,1.4,1.4,1.4,0,1,1,1,1,1,12.389209,21.65926,-34.818378,0,0.7180161,0,-0.6960264;
customb,house1,default,1.4,1.4,1.4,0,1,1,1,1,1,51.588943,22.579998,-87.51904,0,0.7300879,0,-0.6833532;
customb,house1,default,1.4,1.4,1.4,0,1,1,1,1,1,-29.903769,22.53727,36.732045,0,0.999992,0,-0.004003;
customb,house1,default,0.7,1.4,0.7,0,1,1,1,1,1,-38.994984,21.392084,-71.38425,0,0.3539201,0,0.9352757;
customb,house1,default,1.4,1.4,1.4,0,1,1,1,1,1,-45.796303,22.369963,-131.91143,0,0.6784933,0,0.7346066;
customb,house1,default,1.4,1.4,1.4,0,1,1,1,1,1,-114.62528,22.426495,-65.785447,0,0.999376,0,0.0353228;
customb,house1,default,0.7,1.4,0.7,0,1,1,1,1,1,-87.57581,22.172843,-25.074483,0,0.7309077,0,-0.6824763;
customb,house1,default,1.4,1.4,1.75,0,1,1,1,1,1,-111.93448,22.159795,42.084791,0,0.9990924,0,-0.0425958;
customb,house1,default,0.7,1.4,0.7,0,1,1,1,1,1,-47.133268,22.486576,21.890743,0,0.8239424,0,-0.5666737;
customb,house1,default,0.7,1.4,0.7,0,1,1,1,1,1,-81.43282,21.982534,52.020423,0,0.6649879,0,-0.7468541;
customb,house1,default,0.7,1.4,0.7,0,1,1,1,1,1,-47.482015,22.369879,84.54285,0,0.6792117,0,-0.7339424;
customb,house1,default,0.7,1.4,0.7,0,1,1,1,1,1,-105.31157,22.260413,122.16925,0,0.9999878,0,0.0049468;
customb,house1,default,1.4,1.4,1.4,0,1,1,1,1,1,-51.448124,22.198344,140.81123,0,0.7035972,0,0.7105991;
custom,house7,default,2.8,2.8,2.8,0,1,1,1,1,1,65.910726,43.779729,201.14808,0,0.6847394,0,0.728788;
customb,house1,default,1.4,1.4,1.4,0,1,1,1,1,1,190.42275,21.990339,140.00413,0,0.0203275,0,-0.9997934;
base,aot_supply,default,0.7,0.7,0.7,0,1,1,1,1,1,63.580202,-0.0816346,186.29569,0,0.9995328,0,0.0305639;
customb,house1,default,0.7,1.4,0.7,0,1,1,1,1,1,11.953088,22.221122,290.37379,0,0.9993105,0,0.0371287;
customb,house1,default,1.4,1.4,2.8,0,1,1,1,1,1,102.3533,21.772947,302.01934,0,0.6787539,0,0.7343658;
customb,house1,default,1.4,1.4,1.4,0,1,1,1,1,1,176.8844,21.994952,226.28431,0,0.9990446,0,0.0437032;
customb,house1,default,0.7,1.4,0.7,0,1,1,1,1,1,212.29411,21.605507,297.83481,0,0.905523,0,0.4242972;
customb,house1,default,1.4,1.4,2.1,0,1,1,1,1,1,249.12755,21.880033,205.77207,0,0.0066751,0,-0.9999777;
customb,house1,default,1.4,1.4,0.7,0,1,1,1,1,1,249.17655,21.216727,94.89312,0,0.008554,0,0.9999634;
customb,house1,default,1.4,1.4,4.2,0,1,1,1,1,1,314.31526,21.260057,176.14996,0,-0.0045793,0,0.9999895;
custom,tower2,default,2.1,0.7,2.1,0,1,1,1,1,1,277.38837,-42.465318,225.40294,0,0.9999949,0,0.0032039;
custom,tower2,default,2.1,0.7,2.1,0,1,1,1,1,1,277.00393,93.56151,298.95943,-0.9999918,-0.0022259,0.0033357,-0.0006646;
custom,tower2,default,0.7,0.7,0.7,0,1,1,1,1,1,288.15339,-8.235073,341.14465,0,0.9999592,0,0.0090333;
custom,tower2,default,0.7,0.7,0.7,0,1,1,1,1,1,272.25051,-8.123059,340.83644,0,0.9999592,0,0.0090333;
custom,tower2,default,0.7,0.7,0.7,0,1,1,1,1,1,256.81523,-8.123059,340.64338,0,0.9999592,0,0.0090333;
custom,tower2,default,0.7,0.7,0.7,0,1,1,1,1,1,240.95141,-7.983087,340.46495,0,0.9999592,0,0.0090333;
custom,tower2,default,0.7,0.7,0.7,0,1,1,1,1,1,225.51781,-7.949991,340.60362,0,0.9999983,0,-0.0018716;
custom,tower2,default,0.7,0.7,0.7,0,1,1,1,1,1,209.55214,-7.855603,340.51696,0,0.9994529,0,0.0330753;
customb,tree0,default,2.1,0.7,2.1,0,1,1,1,1,1,310.02111,51.349564,351.68791,0,-0.2406643,0,-0.9706085;
customb,house1,default,1.4,1.4,2.1,0,1,1,1,1,1,255.52716,21.89565,386.1137,0,0.6862465,0,-0.7273691;
customb,house1,default,1.4,1.4,2.1,0,1,1,1,1,1,84.56175,21.429513,385.01631,0,0.7257336,0,-0.6879759;
customb,house1,default,1.4,1.4,2.1,0,1,1,1,1,1,-43.41589,21.622398,334.23803,0,0.9190083,0,-0.3942383;
custom,house12,default,2.1,2.1,2.1,0,1,1,1,1,1,-87.52681,-1.7546025,243.13044,0,0.9987132,0,0.0507145;
customb,house1,default,1.4,1.4,1.4,0,1,1,1,1,1,-156.2624,21.660268,171.67437,0,0.9978597,0,-0.065392;
customb,house1,default,1.4,1.4,0.35,0,1,1,1,1,1,-156.11316,21.448833,90.70145,0,0.0232796,0,0.999729;
customb,arch1,default,1.4,1.4,0.35,0,1,1,1,1,1,-160.28915,47.016746,111.18044,0,0.9994254,0,-0.0338986;
customb,arch1,default,1.4,5.6,0.35,0,1,1,1,1,1,-163.17826,22.230033,112.15442,-0.9990305,0.0003612,0.043223,0.0083456;
customb,arch1,default,1.4,0.7,1.4,0,1,1,1,1,1,-176.46349,27.233577,146.86756,0,0.0642577,0,0.9979333;
customb,house1,default,1.4,1.4,0.7,0,1,1,1,1,1,-170.96905,22.017247,227.46619,0,0.7159631,0,0.6981382;
customb,house1,default,1.4,1.4,2.1,0,1,1,1,1,1,-198.48864,21.664181,154.19782,0,0.0626875,0,0.9980332;
customb,house1,default,0.7,0.7,0.7,0,1,1,1,1,1,-187.94972,41.722828,98.63805,0,0.7495641,0,0.6619318;
custom,tower1,default,0.7,0.35,0.7,0,1,1,1,1,1,-180.41065,6.5472715,188.96339,0,0.999397,0,-0.0347228;
custom,tower1,default,0.7,0.35,0.7,0,1,1,1,1,1,-167.92636,6.5886023,188.21089,0,0.999539,0,-0.030362;
custom,tower1,default,0.7,0.35,0.7,0,1,1,1,1,1,-186.10543,6.5148524,143.60773,0,0.9993193,0,-0.0368904;
custom,tower1,default,0.7,0.35,0.7,0,1,1,1,1,1,-174.041,6.5428188,142.74449,0,0.9993193,0,-0.0368904;
custom,tower1,default,1.4,0.35,1.4,0,1,1,1,1,1,-176.77744,6.4185408,166.90919,0,0.9990565,0,-0.0434301;
customb,house1,default,1.4,1.4,0.7,0,1,1,1,1,1,-159.67189,21.215054,52.950898,0,0.0564337,0,0.9984064;
customb,house1,default,1.4,1.4,2.1,0,1,1,1,1,1,-232.40798,21.199696,39.179189,0,0.6885538,0,-0.7251854;
spawnpoint,playerC,2.3065805,0.4719907,32.181282,0,0.7100332,0,0.7041683;
spawnpoint,playerM,2.8186585,0.4520273,35.159593,0,0.7060342,0,-0.7081777;
spawnpoint,playerC,2.8872326,0.2560192,40.759313,0,0.7060342,0,-0.7081777;
spawnpoint,playerM,6.6924032,0.3960435,37.639826,0,0.7060342,0,-0.7081777;
customb,house1,default,1.4,1.4,2.8,0,0.5113636,0,0,1,1,-276.37099,22.062152,126.76671,0,0.0166234,0,0.9998618;
customb,house1,default,1.4,1.4,2.1,0,0.5113636,0,0,1,1,-233.11687,22.30508,284.33335,0,0.3490202,0,-0.9371152;
custom,house5,default,1.4,1.4,2.1,0,0.5113636,0,0,1,1,-352.1301,21.442596,285.75288,0,0.9415913,0,0.3367579;
custom,house7,default,1.75,1.75,1.75,0,0,0.0909091,0.3409091,1,1,-357.47894,28.87262,388.49195,0,-0.9176821,0,0.3973157;
base,aot_supply,default,0.7,0.7,0.7,0,0.5113636,0,0,1,1,-350.21483,-0.0202082,384.30686,0,0.3553659,0,-0.9347273;
racing,checkpointCuboid,0.07,0.07,0.07,-351.5918,0.5508715,385.77329,0,0.9093615,0,-0.416007;
customb,house1,default,1.4,1.4,2.1,0,0.5113636,0,0,1,1,-207.50485,21.994917,350.9037,0,0.6551485,0,0.7555001;
customb,house1,default,1.4,1.4,1.4,0,0.5113636,0,0,1,1,-74.94914,21.837277,365.65501,0,0.6874791,0,0.7262042;
custom,house5,default,1.4,1.4,1.4,0,0.5113636,0,0,1,1,-274.38047,21.834001,442.30907,0,-0.7317858,0,0.6815347;
customb,house1,default,2.1,2.1,2.1,0,0.5113636,0,0,1,1,-165.41091,32.935126,445.20035,0,0.7074894,0,0.706724;
custom,house5,default,2.1,2.1,2.1,0,0.5113636,0,0,1,1,-11.158777,32.987227,474.5503,0,-0.7352313,0,0.6778163;
custom,house12,default,3.5,2.1,2.1,0,0.5113636,0,0,1,1,129.99679,-1.1295032,465.88451,0,0.9992942,0,0.0375655;
customb,house1,default,1.4,1.4,2.1,0,0.5113636,0,0,1,1,286.93742,22.577632,461.31806,0,0.7113364,0,-0.7028518;
customb,house1,default,1.4,1.4,2.1,0,0.5113636,0,0,1,1,394.30342,22.626576,405.37056,0,0.9360601,0,0.3518401;
customb,house1,default,1.4,1.4,2.8,0,0.5113636,0,0,1,1,440.97648,22.693636,264.89603,0,0.9999999,0,-0.0004056;
custom,tower1,default,1.4,1.4,1.4,0,0.2159091,0.1022727,0,1,1,402.09841,4.3249668,141.52418,0.0169631,0.0169395,-0.707397,-0.7064098;
customb,house1,default,1.4,1.4,2.1,0,0.5113636,0,0,1,1,433.2447,21.847077,-75.94181,0,0.9965609,0,0.0828644;
custom,house2,default,2.1,2.1,2.1,0,0.5113636,0,0,1,1,367.82914,0.463847,-161.11487,0,0.0094915,0,0.999955;
custom,house13,default,1.4,1.4,1.4,0,0.5113636,0,0,1,1,290.76565,-0.4120575,-127.13288,0,0.0024969,0,0.9999969;
custom,house13,default,1.4,1.4,2.1,0,0.5113636,0,0,1,1,338.04519,0.1338099,-236.71508,0,0.71152,0,-0.7026659;
custom,house13,default,1.4,1.4,0.7,0,0.5113636,0,0,1,1,452.7131,-0.127393,-169.08115,0,0.0106491,0,-0.9999433;
custom,house2,default,0.35,0.35,0.07,1,0.2159091,0.1022727,0,1,1,368.19216,4.278589,-165.35428,0,0.9998804,0,-0.015465;
racing,endCuboid,0.35,0.35,0.35,368.19545,6.1595408,-167.11184,0,0.0096913,0,0.999953;
custom,tree2,default,2.1,1.4,2.1,0,0.2159091,0.1022727,0,1,1,401.30139,94.85315,304.67528,0,0.999716,0,0.0238329;
custom,tree2,default,2.1,1.4,2.1,0,0.2159091,0.1022727,0,1,1,349.04527,94.60094,267.98884,0,0.7257867,0,0.6879198;
custom,tree2,default,2.1,1.4,2.1,0,0.2159091,0.1022727,0,1,1,390.61785,69.39821,243.25637,0,0.7726312,0,-0.634855;
custom,tree2,default,2.1,2.1,2.1,0,0.2159091,0.1022727,0,1,1,334.6042,142.02797,215.59258,0,0.1477158,0,-0.9890299;
custom,tree2,default,2.1,2.1,2.1,0,0.2159091,0.1022727,0,1,1,416.77111,87.73814,186.46117,0,0.0239203,0,-0.9997139;
custom,tower1,default,1.4,1.4,1.4,0,0.2159091,0.1022727,0,1,1,401.3226,4.1391917,101.93141,-0.7076043,0.7061236,-0.0185354,0.0184966;
custom,bridge1,brick2,0.7,0.7,0.7,0,0.2159091,0.1022727,0,1,1,381.37603,-3.5788144,120.73943,0,0.6921367,0,0.7217665;
custom,bridge1,brick2,0.7,0.7,0.7,0,0.2159091,0.1022727,0,1,1,379.63492,-10.689553,167.83431,0.1070524,0.6893212,0.1081038,0.7083007;
custom,bridge1,brick2,0.7,0.7,0.7,0,0.2159091,0.1022727,0,1,1,383.02838,-11.062513,75.14647,-0.1108335,0.6888768,-0.1137911,0.7072598;
custom,plane,default,4.2,0.7,17.5,1,0,0.0909091,0.3409091,1,1,398.5653,6.3069391,122.22014,0,0.7245646,0,-0.689207;
misc,barrier,4.2,0.7,17.5,398.07495,2.0979637,121.81309,0,0.7264296,0,-0.6872409;
customb,house1,default,1.4,1.4,1.4,0,0,0.0909091,0.3409091,1,1,430.60745,22.112496,42.414792,0,0.9992694,0,-0.0382186;
custom,cylinder,metal2,0.014,2.1,0.014,0,1,1,1,1,1,-254.17189,14.549682,144.87312,0.501157,-0.0684326,0.1657893,0.8465652;
custom,cylinder,metal2,0.014,3.5,0.014,0,1,1,1,1,1,-12.076463,26.045992,403.4597,-0.1140585,0.2049227,-0.4727716,0.8494024;
custom,cylinder,metal2,0.014,3.5,0.014,0,1,1,1,1,1,-79.14522,16.439486,389.59592,-0.1933653,0.263235,-0.559544,0.7617269;
misc,barrier,2.1,8.4,7,99.65396,27.285797,-6.5710582,0,0.7025396,0,0.7116446;
misc,barrier,2.1,8.4,10.5,450.34682,22.056377,124.20058,0,0.0005016,0,-0.9999999;
misc,barrier,2.1,8.4,5.6,-141.74237,28.556269,25.370807,0,0.744283,0,0.6678644;
misc,barrier,91,0.7,91,86.43145,54.478305,77.43806,0,0.0201297,0,-0.9997974;
custom,pillar1,default,0.35,0.35,0.35,0,0,0.0909091,0.3409091,1,1,-354.88992,-0.4944424,389.63176,0,0.3521758,0,-0.9359339;
racing,startCuboid,10.5,10.5,0.7,27.232198,11.895058,38.586821,0,0.7080488,0,0.7061635;
custom,wagon1,default,0.7,0.7,0.7,0,0,0.0909091,0.3409091,1,1,63.098434,3.627134,36.796221,0,-0.718114,0,0.6959255;
custom,wagon1,default,0.7,0.7,0.7,0,0,0.0909091,0.3409091,1,1,33.678239,3.6087751,-66.960369,0,0.7549725,0,0.6557565;
custom,wagon1,default,0.7,0.7,0.7,0,0,0.0909091,0.3409091,1,1,95.87151,3.7006935,112.22267,0,0.8093339,0,-0.5873489;
misc,barrier,2.1,7,3.5,99.02305,23.684472,80.72631,0,0.7002109,0,0.713936;
custom,wagon1,default,0.7,0.7,0.7,0,0,0.0909091,0.3409091,1,1,148.07373,3.6886675,269.93988,0,-0.9639124,0,0.2662197;
custom,wagon1,default,0.7,0.7,0.7,0,0,0.0909091,0.3409091,1,1,0.7464632,3.602158,322.85414,0,-0.2745133,0,-0.9615833;
custom,wagon1,default,0.7,0.7,0.7,0,0,0.0909091,0.3409091,1,1,-143.64294,3.2571567,-4.4904496,0,-0.0664019,0,-0.997793;
misc,barrier,1.4,8.4,4.9,167.90172,25.922932,384.7221,0,0.7396558,0,-0.6729854;
misc,barrier,1.4,8.4,4.9,310.49368,20.882036,349.26164,0,0.999849,0,-0.0173819;
misc,barrier,1.4,8.4,4.9,217.74641,28.273231,70.68019,0,0.5751026,0,-0.8180814;
custom,cylinder,default,0.035,0.049,0.035,1,0.5113636,0,0,1,1,50.3633605,33.6233365,-63.1040092,-0.2298013,-0.3728257,-0.8545575,0.2791482;
custom,sphere,default,0.14,0.14,0.14,1,0.5113636,0,0,1,1,50.2805974,34.6931705,-63.6005755,0.1103349,-0.8737584,-0.2341229,0.4117754;
custom,cylinder,default,0.07,0.035,0.07,1,0.5113636,0,0,1,1,50.0391979,33.9743608,-63.9259659,0.1103349,-0.8737584,-0.2341229,0.4117754;
custom,cylinder,default,0.035,0.049,0.035,1,0.5113636,0,0,1,1,50.0709396,34.9428192,-64.404831,-0.2812963,-0.717585,0.2679071,0.5780744;
custom,cylinder,default,0.035,0.035,0.035,1,0.5113636,0,0,1,1,50.4969088,33.5284146,-64.3163805,0.5243429,-0.7600351,0.1113925,0.3674273;
custom,cylinder,default,0.035,0.035,0.035,1,0.5113636,0,0,1,1,50.4725046,33.3471568,-64.6726927,-0.1387662,-0.5967409,-0.6697674,0.41959;
custom,cylinder,default,0.035,0.07,0.035,1,0.5113636,0,0,1,1,49.8566914,33.2429175,-64.5585454,0.2059306,-0.7614991,-0.4356983,0.4334497;
custom,cuboid,default,0.14,0.035,0.035,1,0.1704545,0,0,1,1,51.1524986,33.2776137,-62.562723,0.2884222,-0.3246151,-0.2170586,0.8742558;
racing,killCylinder,0.07,3.5,0.07,76.8118614,13.7583108,-46.8136573,0.4177232,-0.0258602,-0.7719249,0.4785087;
racing,killCylinder,0.035,2.8,0.035,70.8433384,17.6912548,-47.688186,-0.058385,-0.4354134,0.4820227,0.7580637;
racing,killCylinder,0.035,2.8,0.035,75.3201428,20.250358,-53.3276241,0.0337314,-0.3587203,0.5231744,0.772315;
racing,killCylinder,0.035,2.1,0.035,67.6111217,24.610959,-51.1351616,-0.0504384,-0.4101293,0.5525154,0.7238623;
racing,killCylinder,0.035,2.1,0.035,62.9689009,19.6465021,-50.3800097,-0.0921012,-0.4962775,0.4247597,0.7515352;
racing,killCylinder,0.035,2.8,0.035,71.873778,21.0577006,-46.5016324,-0.0683939,-0.4288834,0.5347639,0.7248509;
custom,cylinder,default,0.035,0.049,0.035,1,0.5113636,0,0,1,1,-9.722541,7.0108916,-63.3193577,-0.3986141,-0.5167093,-0.3496647,0.6722;
custom,sphere,default,0.14,0.14,0.14,1,0.5113636,0,0,1,1,-10.8589589,7.090989,-63.6357614,0.2793662,-0.53585,0.1973127,0.7719372;
custom,cylinder,default,0.07,0.035,0.07,1,0.5113636,0,0,1,1,-10.4084802,6.4026888,-63.5713284,0.2793662,-0.53585,0.1973127,0.7719372;
custom,cylinder,default,0.035,0.049,0.035,1,0.5113636,0,0,1,1,-11.4114025,6.5059716,-63.9608285,0.0472427,-0.395012,0.7602953,0.5135025;
custom,cylinder,default,0.035,0.035,0.035,1,0.5113636,0,0,1,1,-9.9889651,6.1351116,-64.1309716,0.6861837,-0.1868268,0.2615014,0.6525831;
custom,cylinder,default,0.035,0.035,0.035,1,0.5113636,0,0,1,1,-9.9525794,5.7763203,-64.3051931,-0.1982565,-0.5475747,-0.1178479,0.8043433;
custom,cylinder,default,0.035,0.07,0.035,1,0.5113636,0,0,1,1,-10.0273093,5.5100374,-63.7336774,0.2231487,-0.4526794,-0.0134894,0.8631941;
custom,cuboid,default,0.14,0.035,0.035,1,0.1704545,0,0,1,1,-8.9785041,7.6425392,-63.6069064,0.0534916,0.1411156,0.2047062,0.9671196;
racing,killCylinder,0.07,3.5,0.07,21.9412876,23.02797,-73.3379986,-0.0777754,0.1353509,-0.5272815,0.8352277;
racing,killCylinder,0.035,2.8,0.035,16.1950018,21.2378286,-69.3843029,0.123194,0.045464,0.8484071,0.5127979;
racing,killCylinder,0.035,2.8,0.035,13.577248,20.4333508,-76.5183221,0.1711791,0.1619965,0.8321635,0.5019549;
racing,killCylinder,0.035,2.1,0.035,7.8737959,20.2537054,-69.3986942,0.1530304,0.0748534,0.8777595,0.4477911;
racing,killCylinder,0.035,2.1,0.035,10.9761749,16.259414,-64.7957404,0.105166,-0.0342532,0.8300304,0.546641;
racing,killCylinder,0.035,2.8,0.035,13.9421983,24.162151,-69.8036921,0.1408005,0.0479796,0.8761299,0.4585516;
custom,cylinder,default,0.035,0.049,0.035,1,0.5113636,0,0,1,1,-76.3492136,31.2821525,-8.99745,-0.6001743,-0.3758533,-0.6442942,0.288808;
custom,sphere,default,0.14,0.14,0.14,1,0.5113636,0,0,1,1,-76.7596807,32.1532972,-9.68345,-0.1222873,-0.6935259,-0.1232862,0.699191;
custom,cylinder,default,0.07,0.035,0.07,1,0.5113636,0,0,1,1,-77.1551291,31.4616335,-9.46883,-0.1222873,-0.6935259,-0.1232862,0.699191;
custom,cylinder,default,0.035,0.049,0.035,1,0.5113636,0,0,1,1,-77.4702945,32.2140815,-10.17786,-0.3131341,-0.3713662,0.4369824,0.7570209;
custom,cylinder,default,0.035,0.035,0.035,1,0.5113636,0,0,1,1,-77.0940456,30.8206793,-9.85124,0.3972448,-0.5726515,0.0211038,0.7168134;
custom,cylinder,default,0.035,0.035,0.035,1,0.5113636,0,0,1,1,-77.3578786,30.5600689,-10.00251,-0.4908286,-0.5005791,-0.4788424,0.5284106;
custom,cylinder,default,0.035,0.07,0.035,1,0.5113636,0,0,1,1,-77.7213328,30.6570244,-9.49102,-0.1055021,-0.6269368,-0.3636834,0.6808479;
custom,cuboid,default,0.14,0.035,0.035,1,0.1704545,0,0,1,1,-75.4034339,30.9073094,-9.0131818,0.0003535,-0.033652,-0.305834,0.9514899;
racing,killCylinder,0.07,3.5,0.07,-45.8875952,10.5552386,-7.5822257,0.0070918,-0.017652,-0.884419,0.4663058;
racing,killCylinder,0.035,2.8,0.035,-50.8138961,15.5075593,-5.8323125,-0.0446549,-0.0253407,0.485655,0.8726414;
racing,killCylinder,0.035,2.8,0.035,-51.5205472,15.1225591,-13.4314222,0.0570354,0.0506384,0.4742389,0.8770862;
racing,killCylinder,0.035,2.1,0.035,-55.5733986,21.783013,-8.6918559,-0.0035069,-0.0026425,0.5446336,0.8386626;
racing,killCylinder,0.035,2.1,0.035,-58.3620666,18.6245449,-3.3054182,-0.0994584,-0.0911369,0.4575279,0.8789029;
racing,killCylinder,0.035,2.8,0.035,-49.2681102,18.6788244,-6.9969137,-0.0278593,-0.0213,0.5384394,0.8419342;
custom,cylinder,default,0.035,-0.049,0.035,1,0.5113636,0,0,1,1,-41.9045716,7.8445868,117.1818005,-0.4358141,-0.4915198,-0.6696544,0.3464641;
custom,sphere,default,0.14,-0.14,0.14,1,0.5113636,0,0,1,1,-40.7551472,8.0901117,117.0532965,-0.4795563,0.2236156,-0.8384739,-0.1303202;
custom,cylinder,default,0.07,-0.035,0.07,1,0.5113636,0,0,1,1,-41.1011821,7.3425878,117.1013349,-0.4795563,0.2236156,-0.8384739,-0.1303202;
custom,cylinder,default,0.035,-0.049,0.035,1,0.5113636,0,0,1,1,-40.0720393,7.5848214,116.8767935,-0.3231543,0.0627796,-0.6056942,-0.7244063;
custom,cylinder,default,0.035,-0.035,0.035,1,0.5113636,0,0,1,1,-41.3691984,6.9773831,116.5050266,-0.1733173,0.6648816,-0.7097777,-0.1552717;
custom,cylinder,default,0.035,-0.035,0.035,1,0.5113636,0,0,1,1,-41.319588,6.6077581,116.3589976,-0.4622593,-0.2798623,-0.8291648,0.1431051;
custom,cylinder,default,0.035,-0.07,0.035,1,0.5113636,0,0,1,1,-41.3086871,6.3916578,116.9559091,-0.3924181,0.1527308,-0.9030945,0.0842714;
custom,cuboid,default,0.14,-0.035,0.035,1,0.1704545,0,0,1,1,-42.6718694,8.3281515,116.7206354,0.2273278,0.0463829,-0.9656611,-0.1169163;
racing,killCylinder,0.07,-3.5,0.07,-73.3197888,17.8565367,100.6783767,0.1935625,-0.1430384,-0.7726169,0.5874834;
racing,killCylinder,0.035,-2.8,0.035,-68.1669809,17.2660617,105.6739774,0.1111606,0.1806234,-0.5765086,-0.7890858;
racing,killCylinder,0.035,-2.8,0.035,-64.2294687,16.4772623,99.1726051,0.2214779,0.236438,-0.5561145,-0.7653635;
racing,killCylinder,0.035,-2.1,0.035,-59.9245115,17.6538552,107.1308531,0.133407,0.2174975,-0.5128614,-0.8196771;
racing,killCylinder,0.035,-2.1,0.035,-63.1607332,13.4873874,111.4821421,0.0357345,0.1535933,-0.6149003,-0.772677;
racing,killCylinder,0.035,-2.8,0.035,-66.341312,20.4886524,105.3832622,0.1085776,0.2027,-0.5252942,-0.8192616;
custom,cylinder,default,0.035,0.049,0.035,1,0.5113636,0,0,1,1,90.6304389,41.98812,105.6879589,-0.5914335,0.3621494,0.5914937,0.4113265;
custom,sphere,default,0.14,0.14,0.14,1,0.5113636,0,0,1,1,91.2436178,42.7747531,106.3229331,-0.0591424,0.7372033,0.0640179,0.6700263;
custom,cylinder,default,0.07,0.035,0.07,1,0.5113636,0,0,1,1,91.493222,42.0249285,106.0856557,-0.0591424,0.7372033,0.0640179,0.6700263;
custom,cylinder,default,0.035,0.049,0.035,1,0.5113636,0,0,1,1,91.9943783,42.7112173,106.7535486,0.513016,0.7327007,0.2574434,0.3656325;
custom,cylinder,default,0.035,0.035,0.035,1,0.5113636,0,0,1,1,91.3557476,41.4043189,106.4815539,0.0639797,0.734942,-0.4488609,0.5042725;
custom,cylinder,default,0.035,0.035,0.035,1,0.5113636,0,0,1,1,91.5826855,41.1018536,106.6135472,-0.4111309,0.5912108,0.4637072,0.5161558;
custom,cylinder,default,0.035,0.07,0.035,1,0.5113636,0,0,1,1,91.9114489,41.134223,106.0713403,-0.3004703,0.7369221,0.0636263,0.6021753;
custom,cuboid,default,0.14,0.035,0.035,1,0.1704545,0,0,1,1,89.6391001,41.7832045,105.7904816,-0.2216747,0.9750578,0.0063903,-0.0090468;
racing,killCylinder,0.07,3.5,0.07,57.0369159,26.865699,107.2063811,-0.8399877,0.5418382,0.0280632,-0.0066743;
racing,killCylinder,0.035,2.8,0.035,62.574088,30.8873396,104.9653436,0.5611739,0.8274769,0.0178152,-0.0069645;
racing,killCylinder,0.035,2.8,0.035,63.8630612,30.3854798,112.4807102,0.5460691,0.8292064,-0.0762967,-0.0916734;
racing,killCylinder,0.035,2.1,0.035,68.5782468,36.2409762,107.3105142,0.6152117,0.7873814,-0.0235943,-0.0314369;
racing,killCylinder,0.035,2.1,0.035,70.298264,32.6462452,101.7530192,0.5358569,0.8392252,0.0678276,0.0629119;
racing,killCylinder,0.035,2.8,0.035,61.7076695,34.278849,106.2101953,0.6103191,0.7920802,-0.0007255,-0.0109134;
custom,cylinder,default,0.035,-0.049,0.035,1,0.5113636,0,0,1,1,87.6552145,18.386033,124.7724505,-0.5049742,-0.4704125,-0.5842956,0.4269799;
custom,sphere,default,0.14,-0.14,0.14,1,0.5113636,0,0,1,1,88.7081216,18.7117813,124.3443767,-0.5911759,0.1711757,-0.7769588,-0.1324575;
custom,cylinder,default,0.07,-0.035,0.07,1,0.5113636,0,0,1,1,88.450255,17.943077,124.4974725,-0.5911759,0.1711757,-0.7769588,-0.1324575;
custom,cylinder,default,0.035,-0.049,0.035,1,0.5113636,0,0,1,1,89.362959,18.2522825,124.0079889,-0.3895063,-0.055414,-0.5880417,-0.7066973;
custom,cylinder,default,0.035,-0.035,0.035,1,0.5113636,0,0,1,1,88.0697293,17.5330465,123.999611,-0.2884296,0.6194858,-0.6977905,-0.2147884;
custom,cylinder,default,0.035,-0.035,0.035,1,0.5113636,0,0,1,1,88.111082,17.1622089,123.8540852,-0.5571037,-0.2910122,-0.7505707,0.2039387;
custom,cylinder,default,0.035,-0.07,0.035,1,0.5113636,0,0,1,1,88.2931643,16.9737659,124.4324074,-0.5140175,0.1313802,-0.8424975,0.093398;
custom,cuboid,default,0.14,-0.035,0.035,1,0.1704545,0,0,1,1,86.7572842,18.7897461,124.515564,0.0993268,0.0237381,-0.9916183,-0.0791443;
racing,killCylinder,0.07,-3.5,0.07,52.3265098,25.2695085,116.7713006,0.0869309,-0.0701672,-0.7644562,0.6349223;
racing,killCylinder,0.035,-2.8,0.035,58.620823,25.2879073,120.2695002,0.0408197,0.0708657,-0.6203425,-0.7800558;
racing,killCylinder,0.035,-2.8,0.035,60.8073089,24.5159934,112.9881901,0.1501032,0.1340296,-0.6145034,-0.7628176;
racing,killCylinder,0.035,-2.1,0.035,66.8979426,26.3598467,119.5269305,0.0701792,0.1053593,-0.5620492,-0.8173586;
racing,killCylinder,0.035,-2.1,0.035,65.2512517,22.1545864,124.6621517,-0.0380809,0.0425517,-0.6474214,-0.75999;
racing,killCylinder,0.035,-2.8,0.035,60.032467,28.6233661,119.4420652,0.0445537,0.0895484,-0.5708623,-0.8149308;
custom,cylinder,default,0.035,-0.049,0.035,1,0.5113636,0,0,1,1,196.9724504,37.08812,288.3161132,-0.3951382,-0.6167287,-0.3797466,0.56507;
custom,sphere,default,0.14,-0.14,0.14,1,0.5113636,0,0,1,1,197.6386376,37.8747531,287.7369973,-0.6372322,-0.0665367,-0.7657278,0.0562937;
custom,cylinder,default,0.07,-0.035,0.07,1,0.5113636,0,0,1,1,197.8666119,37.1249285,287.9951262,-0.6372322,-0.0665367,-0.7657278,0.0562937;
custom,cylinder,default,0.035,-0.049,0.035,1,0.5113636,0,0,1,1,198.4240719,37.8112173,287.3734535,-0.3333246,-0.2348209,-0.747952,-0.5237573;
custom,cylinder,default,0.035,-0.035,0.035,1,0.5113636,0,0,1,1,197.7641655,36.5043189,287.5887528,-0.4717348,0.4512245,-0.7562385,-0.0443398;
custom,cylinder,default,0.035,-0.035,0.035,1,0.5113636,0,0,1,1,198.0017438,36.2018536,287.4770408,-0.4898763,-0.4811991,-0.6131625,0.390513;
custom,cylinder,default,0.035,-0.07,0.035,1,0.5113636,0,0,1,1,198.2819996,36.234223,288.0458379,-0.5694581,-0.0766721,-0.7624872,0.297409;
custom,cuboid,default,0.14,-0.035,0.035,1,0.1704545,0,0,1,1,195.9938194,36.8832045,288.1275797,0.0515697,-0.0160535,-0.9737351,0.2211849;
racing,killCylinder,0.07,-3.5,0.07,163.6391002,21.965699,283.8756006,0.0303026,-0.0646762,-0.5410313,0.8379641;
racing,killCylinder,0.035,-2.8,0.035,168.9598823,25.9873396,286.5907065,0.0430518,0.0066798,-0.8263855,-0.5614168;
racing,killCylinder,0.035,-2.8,0.035,170.8989579,25.4854798,279.2162796,0.1277556,0.1000433,-0.8244185,-0.5422213;
racing,killCylinder,0.035,-2.1,0.035,175.1455886,31.3409762,284.777757,0.0657521,0.050407,-0.7852608,-0.613597;
racing,killCylinder,0.035,-2.1,0.035,176.374693,27.7462452,290.4640134,-0.0262455,-0.0443893,-0.8411706,-0.5383055;
racing,killCylinder,0.035,-2.8,0.035,168.2052568,29.378849,285.2750786,0.0454531,0.0273466,-0.7908502,-0.6097066;
custom,cylinder,default,0.035,0.049,0.035,1,0.5113636,0,0,1,1,175.3242933,36.9927191,336.2955412,-0.5259868,-0.427743,-0.6795118,0.2804237;
custom,sphere,default,0.14,0.14,0.14,1,0.5113636,0,0,1,1,174.9659512,37.8247743,335.5357732,-0.0834932,-0.7568923,-0.1003293,0.6403725;
custom,cylinder,default,0.07,0.035,0.07,1,0.5113636,0,0,1,1,174.6000907,37.1012769,335.6891929,-0.0834932,-0.7568923,-0.1003293,0.6403725;
custom,cylinder,default,0.035,0.049,0.035,1,0.5113636,0,0,1,1,174.3494324,37.8233933,334.9250271,-0.3364357,-0.4474624,0.4419467,0.7009077;
custom,cylinder,default,0.035,0.035,0.035,1,0.5113636,0,0,1,1,174.7814363,36.4680856,335.3328597,0.4156775,-0.6150025,0.0889177,0.6641369;
custom,cylinder,default,0.035,0.035,0.035,1,0.5113636,0,0,1,1,174.5712366,36.1854723,335.1421923,-0.4270583,-0.5673584,-0.4944398,0.5012534;
custom,cylinder,default,0.035,0.07,0.035,1,0.5113636,0,0,1,1,174.1175249,36.2503818,335.5815712,-0.0486795,-0.6892071,-0.3391724,0.6384246;
custom,cuboid,default,0.14,0.035,0.035,1,0.1704545,0,0,1,1,176.2870653,36.7017325,336.4493294,0.0248266,-0.1174883,-0.262876,0.9573277;
racing,killCylinder,0.07,3.5,0.07,206.7422507,18.9995823,343.2724312,0.0830612,-0.0612247,-0.8592678,0.5010102;
racing,killCylinder,0.035,2.8,0.035,201.1803176,23.5037026,344.0686207,-0.0889463,-0.1012977,0.5174738,0.8450137;
racing,killCylinder,0.035,2.8,0.035,201.839667,23.0585788,336.4685436,0.0099361,-0.0216913,0.5148707,0.8569358;
racing,killCylinder,0.035,2.1,0.035,196.4688807,29.3404583,340.3342108,-0.0539865,-0.0737365,0.5781921,0.8107665;
racing,killCylinder,0.035,2.1,0.035,193.0687808,25.9509607,345.2042136,-0.1382049,-0.1698147,0.4852307,0.8465303;
racing,killCylinder,0.035,2.8,0.035,202.6268626,26.7976242,343.1411186,-0.0768855,-0.0936719,0.57012,0.8125745;
custom,cylinder,default,0.035,0.049,0.035,1,0.5113636,0,0,1,1,-136.6258712,36.6053851,42.3192937,-0.0460648,0.6817257,0.7283463,0.0513785;
custom,sphere,default,0.14,0.14,0.14,1,0.5113636,0,0,1,1,-135.9398712,37.154585,41.5282464,0.0003546,0.9961865,-0.087155,-0.0040522;
custom,cylinder,default,0.07,0.035,0.07,1,0.5113636,0,0,1,1,-136.1544912,36.3578624,41.5316099,0.0003546,0.9961865,-0.087155,-0.0040522;
custom,cylinder,default,0.035,0.049,0.035,1,0.5113636,0,0,1,1,-135.4454612,36.8519189,40.8824447,0.5829188,0.7480369,-0.2910992,-0.1261262;
custom,cylinder,default,0.035,0.035,0.035,1,0.5113636,0,0,1,1,-135.7720812,35.8333216,41.904987,-0.2305256,0.8041578,-0.5217258,-0.1673031;
custom,cylinder,default,0.035,0.035,0.035,1,0.5113636,0,0,1,1,-135.6208112,35.4757099,41.8068059,0.0132803,0.8802752,0.4739794,-0.0168156;
custom,cylinder,default,0.035,0.07,0.035,1,0.5113636,0,0,1,1,-136.1323012,35.3779486,41.4435677,-0.1664747,0.9791005,0.0811184,-0.0840724;
custom,cuboid,default,0.14,0.035,0.035,1,0.1704545,0,0,1,1,-136.6101394,36.7536513,43.3257845,-0.0411539,0.7287712,0.0283536,-0.6829311;
racing,killCylinder,0.07,3.5,0.07,-138.0410955,33.8861603,79.063286,-0.5268039,0.4911113,0.5106552,-0.4695941;
racing,killCylinder,0.035,2.8,0.035,-139.7910087,35.7118454,72.320824,0.5172752,0.5326246,-0.4655508,-0.4816637;
racing,killCylinder,0.035,2.8,0.035,-132.191899,35.0251,71.9013462,0.4547407,0.4672444,-0.5141175,-0.5572941;
racing,killCylinder,0.035,2.1,0.035,-136.9314653,38.7667965,65.0612469,0.5273892,0.475589,-0.5235659,-0.4706957;
racing,killCylinder,0.035,2.1,0.035,-142.3179031,34.6371488,64.2254237,0.5245999,0.5970183,-0.4220956,-0.4361185;
racing,killCylinder,0.035,2.8,0.035,-138.6264075,39.2311345,72.0738812,0.5369757,0.4961573,-0.5067154,-0.4568638;
custom,cylinder,default,0.035,-0.049,0.035,1,0.5113636,0,0,1,1,-141.9998637,31.0053851,46.7231971,-0.662447,0.171841,0.1689784,0.709282;
custom,sphere,default,0.14,-0.14,0.14,1,0.5113636,0,0,1,1,-142.9150469,31.5545849,46.2144816,-0.9817558,-0.0154835,0.1689954,-0.0857694;
custom,cylinder,default,0.07,-0.035,0.07,1,0.5113636,0,0,1,1,-142.7122196,30.7578624,46.1442379,-0.9817558,-0.0154835,0.1689954,-0.0857694;
custom,cylinder,default,0.035,-0.049,0.035,1,0.5113636,0,0,1,1,-143.6005175,31.2519189,45.7767246,-0.7585741,-0.6246117,0.0056852,-0.1854539;
custom,cylinder,default,0.035,-0.035,0.035,1,0.5113636,0,0,1,1,-142.943865,30.2333216,46.6258894,-0.8209928,0.1364267,-0.0251208,-0.5538299;
custom,cylinder,default,0.035,-0.035,0.035,1,0.5113636,0,0,1,1,-143.1195922,29.8757098,46.5853669,-0.8698218,0.0692272,0.136298,0.4690847;
custom,cylinder,default,0.035,-0.07,0.035,1,0.5113636,0,0,1,1,-142.7631837,29.7779486,46.0690946,-0.9788248,0.1780317,0.0872238,0.050978;
custom,cuboid,default,0.14,-0.035,0.035,1,0.1704545,0,0,1,1,-141.6704066,31.1536513,47.6743696,-0.8362893,0.0454522,-0.5460061,0.0207765;
racing,killCylinder,0.07,-3.5,0.07,-128.1028023,28.2861603,80.7672203,-0.5651944,0.6074749,-0.3771792,0.4114187;
racing,killCylinder,0.035,-2.8,0.035,-128.7644796,30.1118454,73.8328729,-0.6081729,-0.5902586,-0.3818568,-0.3686542;
racing,killCylinder,0.035,-2.8,0.035,-136.0487767,29.4251,76.0377414,-0.5569191,-0.5371077,-0.4676914,-0.427342;
racing,killCylinder,0.035,-2.1,0.035,-133.934493,33.1667965,67.9891234,-0.5500992,-0.6102933,-0.3809596,-0.4240315;
racing,killCylinder,0.035,-2.1,0.035,-129.1587656,29.0371488,65.3614363,-0.6636794,-0.5899262,-0.3258219,-0.3245872;
racing,killCylinder,0.035,-2.8,0.035,-129.9433062,33.6311345,73.9991397,-0.5679531,-0.6168081,-0.3637662,-0.4057724;
custom,cylinder,default,0.035,0.049,0.035,1,0.5113636,0,0,1,1,-137.5779257,16.3165484,38.4153829,0.0432473,0.7131859,0.6982454,-0.0441468;
custom,sphere,default,0.14,0.14,0.14,1,0.5113636,0,0,1,1,-137.1316482,16.794714,37.4304127,-0.0165106,0.9824284,-0.1294778,-0.1334068;
custom,cylinder,default,0.07,0.035,0.07,1,0.5113636,0,0,1,1,-137.3201159,16.0013164,37.5562697,-0.0165106,0.9824284,-0.1294778,-0.1334068;
custom,cylinder,default,0.035,0.049,0.035,1,0.5113636,0,0,1,1,-136.8137671,16.4369143,36.7065073,0.5406173,0.7152143,-0.3974157,-0.1956072;
custom,cylinder,default,0.035,0.035,0.035,1,0.5113636,0,0,1,1,-136.8426344,15.5113136,37.8607358,-0.2937132,0.7508275,-0.5224384,-0.2775765;
custom,cylinder,default,0.035,0.035,0.035,1,0.5113636,0,0,1,1,-136.7137663,15.1465056,37.7572155,0.0706773,0.8902942,0.4295812,-0.1335698;
custom,cylinder,default,0.035,0.07,0.035,1,0.5113636,0,0,1,1,-137.2992778,15.0174581,37.5483028,-0.1562541,0.9613973,0.0592354,-0.2186117;
custom,cuboid,default,0.14,0.035,0.035,1,0.1704545,0,0,1,1,-137.3065667,16.5519718,39.3673251,-0.0116807,0.6337851,-0.0019541,-0.7734185;
racing,killCylinder,0.07,3.5,0.07,-129.4097318,16.8101209,74.3675039,-0.4376974,0.444295,0.5505885,-0.554865;
racing,killCylinder,0.035,2.8,0.035,-132.8796383,18.0412144,68.1787823,0.4694506,0.4475672,-0.5543587,-0.521523;
racing,killCylinder,0.035,2.8,0.035,-125.6321263,17.3205224,65.8661598,0.40482,0.3704893,-0.5919126,-0.5903372;
racing,killCylinder,0.035,2.1,0.035,-132.0582107,20.4518267,60.1959646,0.4717538,0.3900523,-0.6106125,-0.5024539;
racing,killCylinder,0.035,2.1,0.035,-137.3834589,16.2650468,61.1334646,0.4800361,0.5192094,-0.514797,-0.4847382;
racing,killCylinder,0.035,2.8,0.035,-131.8977768,21.5255891,67.3434658,0.4827313,0.4130122,-0.595983,-0.4911168;
custom,cylinder,default,0.035,0.049,0.035,1,0.5113636,0,0,1,1,-171.9569099,68.1545987,146.1394611,0.098833,-0.2194723,-0.966694,-0.0869868;
custom,sphere,default,0.14,0.14,0.14,1,0.5113636,0,0,1,1,-171.2952406,69.1142656,146.3374643,0.0385458,-0.9031728,-0.4208568,-0.0753168;
custom,cylinder,default,0.07,0.035,0.07,1,0.5113636,0,0,1,1,-171.387078,68.7129915,145.6223525,0.0385458,-0.9031728,-0.4208568,-0.0753168;
custom,cylinder,default,0.035,0.049,0.035,1,0.5113636,0,0,1,1,-170.7067546,69.5222134,145.847188,-0.4294524,-0.8252718,-0.1599571,0.3300165;
custom,cylinder,default,0.035,0.035,0.035,1,0.5113636,0,0,1,1,-170.9640134,68.1273671,145.4252452,0.2778786,-0.9562233,0.0742502,-0.0539197;
custom,cylinder,default,0.035,0.035,0.035,1,0.5113636,0,0,1,1,-170.752738,68.0335885,145.0981724,0.0710546,-0.5251998,-0.8476486,-0.0246651;
custom,cylinder,default,0.035,0.07,0.035,1,0.5113636,0,0,1,1,-171.2102178,68.2992815,144.7471157,0.2342888,-0.8033855,-0.5414416,-0.0807554;
custom,cuboid,default,0.14,0.035,0.035,1,0.1704545,0,0,1,1,-172.0511016,67.3570852,146.7642444,0.4095693,-0.6643635,-0.3545936,0.514915;
racing,killCylinder,0.07,3.5,0.07,-176.1319703,34.9737555,161.6674529,0.7483384,-0.181828,-0.6249522,0.1279179;
racing,killCylinder,0.035,2.8,0.035,-177.5444436,41.7257415,159.6006386,-0.2182821,-0.7502981,0.1182921,0.6127093;
racing,killCylinder,0.035,2.8,0.035,-169.9210853,41.7456471,160.1279541,-0.1331753,-0.721067,0.2007736,0.6496281;
racing,killCylinder,0.035,2.1,0.035,-174.5574519,49.5401951,159.1280209,-0.2393353,-0.7296018,0.1955114,0.6100615;
racing,killCylinder,0.035,2.1,0.035,-179.168456,48.1992155,154.2590667,-0.2412011,-0.781089,0.0461901,0.574098;
racing,killCylinder,0.035,2.8,0.035,-176.9053385,43.6992447,162.6827649,-0.2523273,-0.7383273,0.1694027,0.6020851;
custom,cylinder,default,0.035,-0.049,0.035,1,0.5113636,0,0,1,1,-183.1581584,74.1066486,193.9766442,-0.0387595,-0.9463536,-0.3146161,-0.0626833;
custom,sphere,default,0.14,-0.14,0.14,1,0.5113636,0,0,1,1,-182.4978203,75.0656449,194.1821974,0.0857067,-0.3408371,-0.9357759,-0.0284229;
custom,cylinder,default,0.07,-0.035,0.07,1,0.5113636,0,0,1,1,-182.8147861,74.5509449,194.7438525,0.0857067,-0.3408371,-0.9357759,-0.0284229;
custom,cylinder,default,0.035,-0.049,0.035,1,0.5113636,0,0,1,1,-182.1232665,75.3658078,194.905191,0.4290984,-0.0107106,-0.7664938,-0.4777521;
custom,cylinder,default,0.035,-0.035,0.035,1,0.5113636,0,0,1,1,-182.4662855,73.9277532,194.9696184,0.1367349,0.1081147,-0.9409688,0.2901594;
custom,cylinder,default,0.035,-0.035,0.035,1,0.5113636,0,0,1,1,-182.3758427,73.7730958,195.3278216,0.0728478,-0.7981117,-0.5933968,-0.074774;
custom,cylinder,default,0.035,-0.07,0.035,1,0.5113636,0,0,1,1,-182.9331108,73.9885128,195.5426919,0.0801692,-0.5016961,-0.8493291,0.1432272;
custom,cuboid,default,0.14,-0.035,0.035,1,0.1704545,0,0,1,1,-183.0105995,73.4309357,193.230392,0.6557855,-0.3608249,-0.5936117,0.2955941;
racing,killCylinder,0.07,-3.5,0.07,-180.8122757,44.2112335,172.5225304,0.2221711,-0.7267215,-0.2107242,0.6149074;
racing,killCylinder,0.035,-2.8,0.035,-183.0453333,50.5497869,175.1094807,0.7118723,0.2192046,-0.6197868,-0.247086;
racing,killCylinder,0.035,-2.8,0.035,-175.6998452,50.429694,177.2126762,0.7504529,0.2828538,-0.5775341,-0.1525405;
racing,killCylinder,0.035,-2.1,0.035,-180.6331624,58.0746302,177.8968338,0.7038596,0.2967994,-0.5932105,-0.2541517;
racing,killCylinder,0.035,-2.1,0.035,-186.5803965,56.0604216,180.6060164,0.6773212,0.1551165,-0.6629579,-0.2786784;
racing,killCylinder,0.035,-2.8,0.035,-181.4578448,53.0011114,172.8130572,0.6964113,0.2741931,-0.605426,-0.270719;
custom,cylinder,default,0.035,-0.049,0.035,1,0.5113636,0,0,1,1,-258.9483788,33.667629,164.2554376,-0.0061127,-0.8114078,-0.5835786,-0.0318757;
custom,sphere,default,0.14,-0.14,0.14,1,0.5113636,0,0,1,1,-258.3808011,34.4028534,164.987061,0.0911204,-0.0434685,-0.9948841,-0.0036249;
custom,cylinder,default,0.07,-0.035,0.07,1,0.5113636,0,0,1,1,-258.6274039,33.632408,165.1496673,0.0911204,-0.0434685,-0.9948841,-0.0036249;
custom,cylinder,default,0.035,-0.049,0.035,1,0.5113636,0,0,1,1,-258.0158263,34.2776462,165.7643798,0.2683175,0.2391789,-0.7591367,-0.5426883;
custom,cylinder,default,0.035,-0.035,0.035,1,0.5113636,0,0,1,1,-258.2117512,33.0291034,164.9945955,0.210688,0.3889068,-0.8502498,0.2853722;
custom,cylinder,default,0.035,-0.035,0.035,1,0.5113636,0,0,1,1,-258.0953197,32.709088,165.2054086,0.0890078,-0.5816418,-0.8061878,-0.0619007;
custom,cylinder,default,0.035,-0.07,0.035,1,0.5113636,0,0,1,1,-258.6643591,32.708671,165.4870383,0.1450708,-0.2227718,-0.9511116,0.1572065;
custom,cuboid,default,0.14,-0.035,0.035,1,0.1704545,0,0,1,1,-258.7574025,33.5503442,163.2629527,0.7318114,-0.134091,-0.6575563,0.1187072;
racing,killCylinder,0.07,-3.5,0.07,-254.3011979,21.5310145,129.7500133,0.4319327,-0.6190822,-0.384072,0.5316579;
racing,killCylinder,0.035,-2.8,0.035,-257.073395,25.0395685,135.394576,0.5943071,0.429773,-0.5390886,-0.4140987;
racing,killCylinder,0.035,-2.8,0.035,-249.6909571,24.4847921,137.2882187,0.6557769,0.4799783,-0.4750057,-0.3375605;
racing,killCylinder,0.035,-2.1,0.035,-255.3376525,29.8693414,142.0181448,0.580521,0.4954879,-0.4911325,-0.4198523;
racing,killCylinder,0.035,-2.1,0.035,-260.9680524,26.0967351,142.9304711,0.5553459,0.3796315,-0.6008902,-0.4317428;
racing,killCylinder,0.035,-2.8,0.035,-255.8097377,28.5028542,134.9346904,0.5696917,0.4771565,-0.5103423,-0.4328092;
custom,cylinder,default,0.035,0.049,0.035,1,0.5113636,0,0,1,1,-141.2470564,34.8927191,389.2034877,-0.6050435,0.3338563,0.610181,0.387481;
custom,sphere,default,0.14,0.14,0.14,1,0.5113636,0,0,1,1,-140.704282,35.7247743,389.8446215,-0.0885729,0.7336883,0.0958745,0.6668316;
custom,cylinder,default,0.07,0.035,0.07,1,0.5113636,0,0,1,1,-140.3905959,35.0012769,389.6017377,-0.0885729,0.7336883,0.0958745,0.6668316;
custom,cylinder,default,0.035,0.049,0.035,1,0.5113636,0,0,1,1,-139.9506979,35.7233933,390.27499,0.4820794,0.7533169,0.2758718,0.3521474;
custom,cylinder,default,0.035,0.035,0.035,1,0.5113636,0,0,1,1,-140.4735365,34.3680856,389.9928648,0.0339001,0.7387291,-0.4237274,0.5230538;
custom,cylinder,default,0.035,0.035,0.035,1,0.5113636,0,0,1,1,-140.2211508,34.0854723,390.1226318,-0.4344675,0.5710202,0.4879421,0.4970778;
custom,cylinder,default,0.035,0.07,0.035,1,0.5113636,0,0,1,1,-139.8966185,34.1503818,389.580795,-0.3299168,0.7229224,0.0925339,0.5999797;
custom,cuboid,default,0.14,0.035,0.035,1,0.1704545,0,0,1,1,-142.216826,34.6017326,389.3041235,-0.2638676,0.9644729,0.009698,-0.0084732;
racing,killCylinder,0.07,3.5,0.07,-173.4002248,16.8995823,390.5958952,-0.8627583,0.5047154,0.0298063,-0.004694;
racing,killCylinder,0.035,2.8,0.035,-168.233879,21.4037026,388.3873009,0.5246566,0.8510065,0.0206414,-0.0098653;
racing,killCylinder,0.035,2.8,0.035,-166.903717,20.9585788,395.8990639,0.509169,0.8524358,-0.0770552,-0.0903468;
racing,killCylinder,0.035,2.1,0.035,-162.716444,27.2404583,390.7750543,0.5802923,0.8134548,-0.0219446,-0.0327206;
racing,killCylinder,0.035,2.1,0.035,-160.6926492,23.8509607,385.1909821,0.4991189,0.8614534,0.0736872,0.0578675;
racing,killCylinder,0.035,2.8,0.035,-169.391079,24.6976242,389.6575926,0.5752782,0.8178495,0.0018122,-0.0131918;
custom,cylinder,default,0.035,-0.049,0.035,1,0.5113636,0,0,1,1,76.7254317,9.1108916,427.472328,-0.456157,-0.4275725,-0.7146763,0.3135926;
custom,sphere,default,0.14,-0.14,0.14,1,0.5113636,0,0,1,1,77.8995277,9.190989,427.3580681,-0.4665322,0.2955001,-0.8157021,-0.1722135;
custom,cylinder,default,0.07,-0.035,0.07,1,0.5113636,0,0,1,1,77.4447041,8.5026888,427.3432974,-0.4665322,0.2955001,-0.8157021,-0.1722135;
custom,cylinder,default,0.035,-0.049,0.035,1,0.5113636,0,0,1,1,78.5000257,8.6059716,427.1338703,-0.3487542,0.113327,-0.545976,-0.7532846;
custom,cylinder,default,0.035,-0.035,0.035,1,0.5113636,0,0,1,1,77.1287435,8.2351116,426.7193084,-0.1292395,0.7063639,-0.6663828,-0.2007014;
custom,cylinder,default,0.035,-0.035,0.035,1,0.5113636,0,0,1,1,77.1231638,7.8763203,426.5414154,-0.4753879,-0.2077732,-0.8490068,0.1001202;
custom,cylinder,default,0.035,-0.07,0.035,1,0.5113636,0,0,1,1,77.0975157,7.6100374,427.1172253,-0.3757245,0.2211239,-0.899363,0.0328867;
custom,cuboid,default,0.14,-0.035,0.035,1,0.1704545,0,0,1,1,76.0426306,9.7425392,427.0599472,0.2248687,0.0711294,-0.9511404,-0.1992651;
racing,killCylinder,0.07,-3.5,0.07,47.2823665,25.12797,412.1075267,0.2076308,-0.1234351,-0.8202528,0.5184964;
racing,killCylinder,0.035,-2.8,0.035,52.2548013,23.3378286,416.9989889,0.0899843,0.1966688,-0.5068842,-0.8344415;
racing,killCylinder,0.035,-2.8,0.035,56.0715949,22.5333508,410.4279196,0.2051283,0.2430555,-0.4859259,-0.8140777;
racing,killCylinder,0.035,-2.1,0.035,60.4520883,22.3537054,418.4297785,0.1135961,0.2289498,-0.4395632,-0.8610819;
racing,killCylinder,0.035,-2.1,0.035,56.5975469,18.359414,422.4240806,0.01352,0.1771077,-0.5475462,-0.8177061;
racing,killCylinder,0.035,-2.8,0.035,54.5462058,26.262151,416.9771663,0.0877624,0.2166245,-0.452625,-0.8605244;
custom,cylinder,metal2,0.014,2.1,0.014,0,0,0,0,1,1,52.593597,49.853972,-79.41136,0.2959017,0.7039226,-0.2502206,-0.5952519;
custom,cylinder,metal2,0.014,2.8,0.014,0,0,0,0,1,1,-16.780449,10.085684,-91.54439,0.4224294,0.4808412,-0.5071052,-0.5772257;
custom,cylinder,metal2,0.014,1.4,0.014,0,0,0,0,1,1,-83.04513,39.547648,-21.055146,0.2558189,0.4521582,-0.4207584,-0.7436881;
custom,cylinder,metal2,0.014,3.5,0.014,0,0,0,0,1,1,-7.60879,14.759108,105.02569,-0.1202225,0.1203481,-0.6189575,0.7667819;
custom,cylinder,metal2,0.014,2.8,0.014,0,0,0,0,1,1,109.15856,28.628397,106.69554,-0.1970051,0.2909754,-0.5248857,0.7752531;
custom,cylinder,metal2,0.014,2.1,0.014,0,0,0,0,1,1,100.22775,50.111061,124.90072,0.5658322,0.2301005,-0.0769599,0.7880133;
custom,cylinder,metal2,0.014,2.1,0.014,0,0,0,0,1,1,195.94869,39.828537,266.39186,0.4472743,0.4835303,-0.5049241,-0.5578494;
custom,cylinder,metal2,0.014,3.5,0.014,0,0,0,0,1,1,-233.46106,40.344773,190.17026,0.5943646,0.293567,-0.2468564,0.7068318;
custom,cylinder,metal2,0.014,3.5,0.014,0,0,0,0,1,1,-113.72277,47.673941,410.63806,0.5160419,0.3608892,-0.2536371,0.7342533;
custom,cylinder,metal2,0.014,3.5,0.014,0,0,0,0,1,1,108.03422,19.742338,411.46084,0.3012156,0.6955308,-0.4997897,0.4191855;
custom,tower1,default,0.35,0.7,0.35,0,1,1,1,1,1,152.5685,39.05083,384.04611,0,0.0327385,0,-0.999464;
custom,tower1,default,0.35,0.7,0.35,0,1,1,1,1,1,156.84914,38.470733,385.17388,0,0.7313886,0,-0.6819611;
custom,tower1,default,0.35,0.7,0.35,0,1,1,1,1,1,160.35691,39.114586,385.37219,0,0.7313886,0,-0.6819611;
custom,tower1,default,0.35,0.7,0.35,0,1,1,1,1,1,163.98039,39.058614,385.53816,0,0.7313886,0,-0.6819611;
custom,tower1,default,0.35,0.7,0.35,0,1,1,1,1,1,167.57748,39.058628,385.8365,0,0.7313886,0,-0.6819611;
custom,tower1,default,0.35,0.7,0.35,0,1,1,1,1,1,170.61296,39.125877,385.43253,0,0.0241184,0,-0.9997091;
custom,tower1,default,0.35,0.7,0.35,0,1,1,1,1,1,174.25002,38.930003,385.58184,0,0.0241184,0,-0.9997091;
custom,tower1,default,0.35,0.7,0.35,0,1,1,1,1,1,178.24219,39.181821,385.93191,0,0.0241184,0,-0.9997091;
custom,cylinder,default,0.035,0.049,0.035,1,0.5113636,0,0,1,1,-47.1901678,7.0860578,-55.3251448,-0.542099,0.2778974,0.1638299,0.7759262;
custom,sphere,default,0.14,0.14,0.14,1,0.5113636,0,0,1,1,-47.0041745,7.2494908,-54.169001,0.2782817,0.3685527,-0.1139441,0.8796277;
custom,cylinder,default,0.07,0.035,0.07,1,0.5113636,0,0,1,1,-47.0926603,6.5288365,-54.5610054,0.2782817,0.3685527,-0.1139441,0.8796277;
custom,cylinder,default,0.035,0.049,0.035,1,0.5113636,0,0,1,1,-47.0303565,6.7022546,-53.4959818,0.6403785,0.2525651,0.3802852,0.6176645;
custom,cylinder,default,0.035,0.035,0.035,1,0.5113636,0,0,1,1,-47.7590978,6.211237,-54.6866335,0.5591191,0.4542306,-0.4360047,0.5394073;
custom,cylinder,default,0.035,0.035,0.035,1,0.5113636,0,0,1,1,-47.9100093,5.8456376,-54.6236169,-0.245142,0.3806521,0.1195143,0.8835868;
custom,cylinder,default,0.035,0.07,0.035,1,0.5113636,0,0,1,1,-47.3447623,5.6035247,-54.7817259,0.0673844,0.4816435,-0.1841353,0.8541505;
custom,cuboid,default,0.14,0.035,0.035,1,0.1704545,0,0,1,1,-47.8020005,7.645794,-55.9147295,0.1613438,0.8988458,0.0496724,0.4044466;
racing,killCylinder,0.07,3.5,0.07,-70.5496779,20.1502853,-80.6860844,-0.520321,0.754688,-0.2311551,0.3260051;
racing,killCylinder,0.035,2.8,0.035,-64.4457717,18.9554303,-77.0569292,0.7595788,0.491449,0.3448356,0.2502125;
racing,killCylinder,0.035,2.8,0.035,-69.7555532,18.1557487,-71.6199467,0.773212,0.5437213,0.2908243,0.1480932;
racing,killCylinder,0.035,2.1,0.035,-60.9024979,18.6561265,-69.4696504,0.8033725,0.4534192,0.3348141,0.1921021;
racing,killCylinder,0.035,2.1,0.035,-57.792157,14.5601605,-73.9768827,0.7322238,0.4765612,0.3532367,0.3346067;
racing,killCylinder,0.035,2.8,0.035,-64.0593232,22.0406269,-75.0234858,0.7947226,0.4481063,0.3452869,0.2199856;
custom,cylinder,default,0.035,-0.049,0.035,1,0.5113636,0,0,1,1,-75.00255,5.7445867,-44.9264563,-0.0425989,-0.5989007,-0.7978447,0.0542867;
custom,sphere,default,0.14,-0.14,0.14,1,0.5113636,0,0,1,1,-74.31655,5.9901117,-43.9952775,0.003929,0.2588169,-0.9659178,-0.0010528;
custom,cylinder,default,0.07,-0.035,0.07,1,0.5113636,0,0,1,1,-74.53117,5.2425878,-44.2709334,0.003929,0.2588169,-0.9659178,-0.0010528;
custom,cylinder,default,0.035,-0.049,0.035,1,0.5113636,0,0,1,1,-73.82214,5.4848214,-43.4919403,0.0229872,0.4165719,-0.6861237,-0.5959645;
custom,cylinder,default,0.035,-0.035,0.035,1,0.5113636,0,0,1,1,-74.14876,4.8773831,-44.8011965,0.2047917,0.6534402,-0.7013441,0.1979715;
custom,cylinder,default,0.035,-0.035,0.035,1,0.5113636,0,0,1,1,-73.99749,4.5077581,-44.831247,0.0142541,-0.3139205,-0.9492075,-0.0159985;
custom,cylinder,default,0.035,-0.07,0.035,1,0.5113636,0,0,1,1,-74.50898,4.2916578,-44.5233509,0.1117032,0.090133,-0.9783118,0.1493466;
custom,cuboid,default,0.14,-0.035,0.035,1,0.1704545,0,0,1,1,-74.9868182,6.2281515,-45.8215382,0.6797021,0.098627,-0.7226231,-0.078061;
racing,killCylinder,0.07,-3.5,0.07,-76.4177743,15.7565367,-80.3845444,0.5539384,-0.4176166,-0.5723246,0.4372564;
racing,killCylinder,0.035,-2.8,0.035,-78.1676875,15.1660618,-73.4242815,0.3845222,0.5509673,-0.4436908,-0.5930566;
racing,killCylinder,0.035,-2.8,0.035,-70.5685778,14.3772623,-73.2649821,0.4698627,0.587443,-0.3708703,-0.5446053;
racing,killCylinder,0.035,-2.1,0.035,-75.3081441,15.5538552,-65.5576557,0.3719646,0.5981969,-0.3774475,-0.6011125;
racing,killCylinder,0.035,-2.1,0.035,-80.6945818,11.3873874,-66.1846615,0.3383972,0.5193542,-0.5146521,-0.5923612;
racing,killCylinder,0.035,-2.8,0.035,-77.0030863,18.3886524,-71.9885634,0.3566781,0.5851741,-0.4006293,-0.6081514;
custom,cylinder,default,0.035,0.049,0.035,1,0.5113636,0,0,1,1,280.2053851,65.5712609,212.90255,-0.7076929,-0.0254113,-0.7023791,-0.072032;
custom,sphere,default,0.14,0.14,0.14,1,0.5113636,0,0,1,1,280.7545849,66.3623082,212.21655,-0.4526669,-0.5394674,-0.4563645,0.5438741;
custom,cylinder,default,0.07,0.035,0.07,1,0.5113636,0,0,1,1,279.9578624,66.3589447,212.43117,-0.4526669,-0.5394674,-0.4563645,0.5438741;
custom,cylinder,default,0.035,0.049,0.035,1,0.5113636,0,0,1,1,280.4519189,67.00811,211.72214,-0.4568652,-0.1650456,-0.0000726,0.8740905;
custom,cylinder,default,0.035,0.035,0.035,1,0.5113636,0,0,1,1,279.4333216,65.9855677,212.04876,0.0576983,-0.6945531,-0.3401303,0.6313305;
custom,cylinder,default,0.035,0.035,0.035,1,0.5113636,0,0,1,1,279.0757098,66.0837486,211.89749,-0.6753596,-0.1880999,-0.678895,0.2181958;
custom,cylinder,default,0.035,0.07,0.035,1,0.5113636,0,0,1,1,278.9779486,66.446987,212.40898,-0.4048359,-0.4901922,-0.655383,0.4077899;
custom,cuboid,default,0.14,0.035,0.035,1,0.1704545,0,0,1,1,280.3536513,64.5647701,212.8868182,-0.0165199,-0.0293202,-0.7406049,0.6710974;
racing,killCylinder,0.07,3.5,0.07,277.4861603,28.8272686,214.3177743,-0.0026843,-0.0188329,-0.9990822,-0.0383768;
racing,killCylinder,0.035,2.8,0.035,279.3118454,35.5697306,216.0676875,-0.0513426,0.0003817,-0.0157311,0.9985571;
racing,killCylinder,0.035,2.8,0.035,278.6251,35.9892084,208.4685778,0.0747133,0.0153365,-0.0278402,0.9966984;
racing,killCylinder,0.035,2.1,0.035,282.3667965,42.8293076,213.2081441,-0.0043583,-0.000535,0.0523352,0.9986199;
racing,killCylinder,0.035,2.1,0.035,278.2371488,43.6651309,218.5945818,-0.1317019,-0.0291977,-0.0432207,0.9899162;
racing,killCylinder,0.035,2.8,0.035,282.8311345,35.8166734,214.9030863,-0.0347769,-0.0045166,0.0453351,0.9983561;
custom,cylinder,default,0.035,0.049,0.035,1,0.5113636,0,0,1,1,142.6992652,7.0108916,358.6561218,-0.3666219,-0.5733292,-0.3830756,0.6246079;
custom,sphere,default,0.14,0.14,0.14,1,0.5113636,0,0,1,1,141.635055,7.090989,358.1471881,0.2611062,-0.6010897,0.2209102,0.7222973;
custom,cylinder,default,0.07,0.035,0.07,1,0.5113636,0,0,1,1,142.0675013,6.4026888,358.288867,0.2611062,-0.6010897,0.2209102,0.7222973;
custom,cylinder,default,0.035,0.049,0.035,1,0.5113636,0,0,1,1,141.1474515,6.5059716,357.7311286,-0.0192012,-0.4382635,0.7615196,0.4771209;
custom,cylinder,default,0.035,0.035,0.035,1,0.5113636,0,0,1,1,142.5778239,6.1351116,357.810574,0.6607812,-0.2429922,0.3203111,0.6338168;
custom,cylinder,default,0.035,0.035,0.035,1,0.5113636,0,0,1,1,142.6439101,5.7763203,357.6453177,-0.187231,-0.6155941,-0.1346786,0.7535583;
custom,cylinder,default,0.035,0.07,0.035,1,0.5113636,0,0,1,1,142.4710729,5.5100374,358.1951741,0.2234752,-0.5261891,0.0060107,0.8204558;
custom,cuboid,default,0.14,0.035,0.035,1,0.1704545,0,0,1,1,143.4819308,7.6425392,358.5021422,0.0354468,0.0562886,0.2085893,0.9757385;
racing,killCylinder,0.07,3.5,0.07,175.6217679,23.02797,354.2880527,-0.0315238,0.062041,-0.5320536,0.8438461;
racing,killCylinder,0.035,2.8,0.035,169.276229,21.2378286,357.1838509,0.0487817,0.0005977,0.8559157,0.514809;
racing,killCylinder,0.035,2.8,0.035,167.9370542,20.4333508,349.7036453,0.0979999,0.1176318,0.8439161,0.5141637;
racing,killCylinder,0.035,2.1,0.035,161.08394,20.2537054,355.724716,0.0759462,0.035541,0.8877569,0.4526111;
racing,killCylinder,0.035,2.1,0.035,163.3398922,16.259414,360.7964629,0.0324239,-0.0817658,0.8360377,0.5415755;
racing,killCylinder,0.035,2.8,0.035,167.1304768,24.162151,356.3796378,0.063905,0.0078316,0.8850675,0.4609884;
custom,cylinder,default,0.035,0.049,0.035,1,0.5113636,0,0,1,1,-128.8506373,7.2053851,41.6646254,-0.0175901,-0.6836094,-0.7295896,0.0082333;
custom,sphere,default,0.14,0.14,0.14,1,0.5113636,0,0,1,1,-128.3124231,7.7545849,40.7664732,0.0072429,-0.9920425,0.0868543,0.0908601;
custom,cylinder,default,0.07,0.035,0.07,1,0.5113636,0,0,1,1,-128.5231985,6.9578624,40.807054,0.0072429,-0.9920425,0.0868543,0.0908601;
custom,cylinder,default,0.035,0.049,0.035,1,0.5113636,0,0,1,1,-127.9376666,7.4519189,40.0446292,-0.5553296,-0.7341978,0.3407961,0.1908419;
custom,cylinder,default,0.035,0.035,0.035,1,0.5113636,0,0,1,1,-128.0817619,6.4333216,41.1083538,0.2751198,-0.7865164,0.4996489,0.2367534;
custom,cylinder,default,0.035,0.035,0.035,1,0.5113636,0,0,1,1,-127.949839,6.0757098,40.9853966,-0.0545397,-0.8754599,-0.4710184,0.0934727;
custom,cylinder,default,0.035,0.07,0.035,1,0.5113636,0,0,1,1,-128.516634,5.9779486,40.716496,0.1587713,-0.9680473,-0.0953189,0.1690867;
custom,cuboid,default,0.14,0.035,0.035,1,0.1704545,0,0,1,1,-128.6603692,7.3536513,42.6530935,0.0385261,-0.6664767,-0.0318325,0.7438489;
racing,killCylinder,0.07,3.5,0.07,-123.8638339,4.4861603,78.096145,0.4802927,-0.4483147,-0.554626,0.5106103;
racing,killCylinder,0.035,2.8,0.035,-126.7579782,6.3118454,71.7599854,-0.4747314,-0.488618,0.5088628,0.5262521;
racing,killCylinder,0.035,2.8,0.035,-119.3471576,5.6251,70.0273089,-0.408202,-0.416895,0.5517944,0.5958965;
racing,killCylinder,0.035,2.1,0.035,-125.20249,9.3667965,64.1141432,-0.4797506,-0.4327554,0.5675386,0.5103549;
racing,killCylinder,0.035,2.1,0.035,-130.6522348,5.2371488,64.226363,-0.4858155,-0.5567362,0.4662113,0.4864926;
racing,killCylinder,0.035,2.8,0.035,-125.6539511,9.8311345,71.3145633,-0.4907692,-0.4544509,0.5515878,0.4983682;
custom,cylinder,default,0.035,-0.049,0.035,1,0.5113636,0,0,1,1,-143.3699224,47.8053851,42.7859027,-0.6746536,0.1093691,0.1105993,0.72156;
custom,sphere,default,0.14,-0.14,0.14,1,0.5113636,0,0,1,1,-144.1828644,48.3545849,42.1259958,-0.9927488,-0.0079492,0.0827866,-0.0867925;
custom,cylinder,default,0.07,-0.035,0.07,1,0.5113636,0,0,1,1,-143.9709209,47.5578624,42.0920398,-0.9927488,-0.0079492,0.0827866,-0.0867925;
custom,cylinder,default,0.035,-0.049,0.035,1,0.5113636,0,0,1,1,-144.7819055,48.0519189,41.5758587,-0.756183,-0.6060715,-0.0604505,-0.2391867;
custom,cylinder,default,0.035,-0.035,0.035,1,0.5113636,0,0,1,1,-144.282685,47.0333216,42.5261493,-0.8156792,0.184177,-0.0965794,-0.5398321;
custom,cylinder,default,0.035,-0.035,0.035,1,0.5113636,0,0,1,1,-144.4487059,46.6757098,42.4557277,-0.878391,0.0280803,0.0599694,0.4733333;
custom,cylinder,default,0.035,-0.07,0.035,1,0.5113636,0,0,1,1,-144.0080622,46.5779486,42.0091883,-0.9827021,0.1729111,0.0015817,0.0663005;
custom,cuboid,default,0.14,-0.035,0.035,1,0.1704545,0,0,1,1,-143.2106399,47.9536513,43.7798343,-0.7855194,0.0434685,-0.6168157,0.0246589;
racing,killCylinder,0.07,-3.5,0.07,-135.5956713,45.0861603,78.7259201,-0.5301703,0.5693057,-0.425004,0.462798;
racing,killCylinder,0.035,-2.8,0.035,-135.0431594,46.9118454,71.7820219,-0.5725775,-0.5558822,-0.4334095,-0.4186958;
racing,killCylinder,0.035,-2.8,0.035,-142.5996631,46.2251,72.6884885,-0.5140378,-0.4978186,-0.5144504,-0.4725279;
racing,killCylinder,0.035,-2.1,0.035,-139.1198722,49.9667965,65.1292887,-0.5148031,-0.5710141,-0.4274542,-0.4756086;
racing,killCylinder,0.035,-2.1,0.035,-133.9604058,45.8371488,63.3708184,-0.6327567,-0.5593917,-0.3824255,-0.3747676;
racing,killCylinder,0.035,-2.8,0.035,-136.2329489,50.4311345,71.7410616,-0.5340875,-0.5790955,-0.4118823,-0.4579867;
custom,cylinder,default,0.035,0.049,0.035,1,0.5113636,0,0,1,1,-130.9506373,29.6053851,40.9646254,-0.0175901,-0.6836094,-0.7295896,0.0082333;
custom,sphere,default,0.14,0.14,0.14,1,0.5113636,0,0,1,1,-130.4124231,30.1545849,40.0664732,0.0072429,-0.9920425,0.0868543,0.0908601;
custom,cylinder,default,0.07,0.035,0.07,1,0.5113636,0,0,1,1,-130.6231985,29.3578624,40.107054,0.0072429,-0.9920425,0.0868543,0.0908601;
custom,cylinder,default,0.035,0.049,0.035,1,0.5113636,0,0,1,1,-130.0376666,29.8519189,39.3446292,-0.5553296,-0.7341978,0.3407961,0.1908419;
custom,cylinder,default,0.035,0.035,0.035,1,0.5113636,0,0,1,1,-130.1817619,28.8333216,40.4083538,0.2751198,-0.7865164,0.4996489,0.2367534;
custom,cylinder,default,0.035,0.035,0.035,1,0.5113636,0,0,1,1,-130.049839,28.4757098,40.2853966,-0.0545397,-0.8754599,-0.4710184,0.0934727;
custom,cylinder,default,0.035,0.07,0.035,1,0.5113636,0,0,1,1,-130.616634,28.3779486,40.016496,0.1587713,-0.9680473,-0.0953189,0.1690867;
custom,cuboid,default,0.14,0.035,0.035,1,0.1704545,0,0,1,1,-130.7603692,29.7536513,41.9530935,0.0385261,-0.6664767,-0.0318325,0.7438489;
racing,killCylinder,0.07,3.5,0.07,-125.9638339,26.8861603,77.396145,0.4802927,-0.4483147,-0.554626,0.5106103;
racing,killCylinder,0.035,2.8,0.035,-128.8579782,28.7118454,71.0599854,-0.4747314,-0.488618,0.5088628,0.5262521;
racing,killCylinder,0.035,2.8,0.035,-121.4471576,28.0251,69.3273089,-0.408202,-0.416895,0.5517944,0.5958965;
racing,killCylinder,0.035,2.1,0.035,-127.30249,31.7667965,63.4141432,-0.4797506,-0.4327554,0.5675386,0.5103549;
racing,killCylinder,0.035,2.1,0.035,-132.7522348,27.6371488,63.526363,-0.4858155,-0.5567362,0.4662113,0.4864926;
racing,killCylinder,0.035,2.8,0.035,-127.7539511,32.2311345,70.6145633,-0.4907692,-0.4544509,0.5515878,0.4983682;
custom,cylinder,default,0.035,-0.049,0.035,1,0.5113636,0,0,1,1,-129.3676163,45.0053851,41.9404562,-0.6624469,0.171841,0.1689784,0.7092821;
custom,sphere,default,0.14,-0.14,0.14,1,0.5113636,0,0,1,1,-130.2827996,45.5545849,41.4317407,-0.9817558,-0.0154834,0.1689954,-0.0857694;
custom,cylinder,default,0.07,-0.035,0.07,1,0.5113636,0,0,1,1,-130.0799723,44.7578624,41.361497,-0.9817558,-0.0154834,0.1689954,-0.0857694;
custom,cylinder,default,0.035,-0.049,0.035,1,0.5113636,0,0,1,1,-130.9682702,45.2519189,40.9939837,-0.7585741,-0.6246117,0.0056852,-0.1854539;
custom,cylinder,default,0.035,-0.035,0.035,1,0.5113636,0,0,1,1,-130.3116177,44.2333216,41.8431485,-0.8209927,0.1364267,-0.0251208,-0.55383;
custom,cylinder,default,0.035,-0.035,0.035,1,0.5113636,0,0,1,1,-130.4873449,43.8757098,41.802626,-0.8698218,0.0692272,0.136298,0.4690847;
custom,cylinder,default,0.035,-0.07,0.035,1,0.5113636,0,0,1,1,-130.1309364,43.7779486,41.2863537,-0.9788248,0.1780316,0.0872238,0.050978;
custom,cuboid,default,0.14,-0.035,0.035,1,0.1704545,0,0,1,1,-129.0381592,45.1536513,42.8916287,-0.8362893,0.0454523,-0.546006,0.0207765;
racing,killCylinder,0.07,-3.5,0.07,-115.470555,42.2861603,75.9844793,-0.5651944,0.6074749,-0.3771793,0.4114187;
racing,killCylinder,0.035,-2.8,0.035,-116.1322323,44.1118454,69.050132,-0.6081728,-0.5902587,-0.3818568,-0.3686542;
racing,killCylinder,0.035,-2.8,0.035,-123.4165294,43.4251,71.2550005,-0.556919,-0.5371077,-0.4676915,-0.427342;
racing,killCylinder,0.035,-2.1,0.035,-121.3022457,47.1667965,63.2063825,-0.5500992,-0.6102933,-0.3809596,-0.4240316;
racing,killCylinder,0.035,-2.1,0.035,-116.5265183,43.0371488,60.5786954,-0.6636794,-0.5899262,-0.3258219,-0.3245873;
racing,killCylinder,0.035,-2.8,0.035,-117.3110588,47.6311345,69.2163988,-0.5679531,-0.6168081,-0.3637662,-0.4057725;
custom,cylinder,default,0.035,0.049,0.035,1,0.5113636,0,0,1,1,-144.2506373,8.6053851,41.6646254,-0.0175901,-0.6836094,-0.7295896,0.0082333;
custom,sphere,default,0.14,0.14,0.14,1,0.5113636,0,0,1,1,-143.7124231,9.154585,40.7664732,0.0072429,-0.9920425,0.0868543,0.0908601;
custom,cylinder,default,0.07,0.035,0.07,1,0.5113636,0,0,1,1,-143.9231985,8.3578624,40.807054,0.0072429,-0.9920425,0.0868543,0.0908601;
custom,cylinder,default,0.035,0.049,0.035,1,0.5113636,0,0,1,1,-143.3376666,8.8519189,40.0446292,-0.5553296,-0.7341978,0.3407961,0.1908419;
custom,cylinder,default,0.035,0.035,0.035,1,0.5113636,0,0,1,1,-143.4817619,7.8333216,41.1083538,0.2751198,-0.7865164,0.4996489,0.2367534;
custom,cylinder,default,0.035,0.035,0.035,1,0.5113636,0,0,1,1,-143.349839,7.4757098,40.9853966,-0.0545397,-0.8754599,-0.4710184,0.0934727;
custom,cylinder,default,0.035,0.07,0.035,1,0.5113636,0,0,1,1,-143.916634,7.3779486,40.716496,0.1587713,-0.9680473,-0.0953189,0.1690867;
custom,cuboid,default,0.14,0.035,0.035,1,0.1704545,0,0,1,1,-144.0603692,8.7536513,42.6530935,0.0385261,-0.6664767,-0.0318325,0.7438489;
racing,killCylinder,0.07,3.5,0.07,-139.2638339,5.8861603,78.096145,0.4802927,-0.4483147,-0.554626,0.5106103;
racing,killCylinder,0.035,2.8,0.035,-142.1579782,7.7118454,71.7599854,-0.4747314,-0.488618,0.5088628,0.5262521;
racing,killCylinder,0.035,2.8,0.035,-134.7471576,7.0251,70.0273089,-0.408202,-0.416895,0.5517944,0.5958965;
racing,killCylinder,0.035,2.1,0.035,-140.60249,10.7667965,64.1141432,-0.4797506,-0.4327554,0.5675386,0.5103549;
racing,killCylinder,0.035,2.1,0.035,-146.0522348,6.6371488,64.226363,-0.4858155,-0.5567362,0.4662113,0.4864926;
racing,killCylinder,0.035,2.8,0.035,-141.0539511,11.2311345,71.3145633,-0.4907692,-0.4544509,0.5515878,0.4983682;
custom,cylinder,default,0.035,0.049,0.035,1,0.5113636,0,0,1,1,-245.0428289,5.6860578,126.1946988,-0.5564959,-0.1117849,-0.1049946,0.8165737;
custom,sphere,default,0.14,0.14,0.14,1,0.5113636,0,0,1,1,-245.8832051,5.8494909,127.0101925,0.2994524,-0.0792566,0.0274265,0.950418;
custom,cylinder,default,0.07,0.035,0.07,1,0.5113636,0,0,1,1,-245.6128473,5.1288365,126.7128647,0.2994524,-0.0792566,0.0274265,0.950418;
custom,cylinder,default,0.035,0.049,0.035,1,0.5113636,0,0,1,1,-246.4495276,5.3022546,127.3747733,0.3924265,-0.0611777,0.633011,0.6644967;
custom,cylinder,default,0.035,0.035,0.035,1,0.5113636,0,0,1,1,-245.8921917,4.811237,126.0948937,0.6972692,0.1538369,-0.1285684,0.6882005;
custom,cylinder,default,0.035,0.035,0.035,1,0.5113636,0,0,1,1,-246.0303711,4.4456376,126.007419,-0.2726292,-0.0703524,-0.0071835,0.9595167;
custom,cylinder,default,0.035,0.07,0.035,1,0.5113636,0,0,1,1,-245.5766433,4.2035247,126.3797547,0.1447949,0.0328202,-0.1322154,0.980039;
custom,cuboid,default,0.14,0.035,0.035,1,0.1704545,0,0,1,1,-244.9108023,6.245794,125.3553429,0.1201776,0.6105333,0.1185602,0.7737893;
racing,killCylinder,0.07,3.5,0.07,-237.666828,18.7502853,92.513271,-0.3547948,0.518884,-0.4452946,0.6376462;
racing,killCylinder,0.035,2.8,0.035,-237.1386011,17.5554303,99.5948962,0.5145273,0.3203853,0.6566074,0.4488671;
racing,killCylinder,0.035,2.8,0.035,-244.6378821,16.7557487,98.3639029,0.5515597,0.4139048,0.6149939,0.3824228;
racing,killCylinder,0.035,2.1,0.035,-241.3213978,17.2561265,106.8492605,0.5580002,0.3134848,0.6679398,0.3797624;
racing,killCylinder,0.035,2.1,0.035,-235.845271,13.1601605,106.8118603,0.4863838,0.2682107,0.6514281,0.5168512;
racing,killCylinder,0.035,2.8,0.035,-238.5826427,20.6406269,101.0777915,0.5454918,0.2958971,0.6732353,0.4020421;
custom,cylinder,default,0.035,-0.049,0.035,1,0.5113636,0,0,1,1,-107.26686,6.3860578,411.1737153,-0.5330231,-0.4129304,-0.6286293,0.3875566;
custom,sphere,default,0.14,-0.14,0.14,1,0.5113636,0,0,1,1,-106.1726134,6.5494908,410.7567183,-0.5775036,0.2378194,-0.7589899,-0.184027;
custom,cylinder,default,0.07,-0.035,0.07,1,0.5113636,0,0,1,1,-106.5563421,5.8288365,410.8760895,-0.5775036,0.2378194,-0.7589899,-0.184027;
custom,cylinder,default,0.035,-0.049,0.035,1,0.5113636,0,0,1,1,-105.6028527,6.0022546,410.3975344,-0.4086306,-0.0091474,-0.52756,-0.7447266;
custom,cylinder,default,0.035,-0.035,0.035,1,0.5113636,0,0,1,1,-106.998358,5.511237,410.3617518,-0.2400251,0.6571507,-0.663079,-0.266209;
custom,cylinder,default,0.035,-0.035,0.035,1,0.5113636,0,0,1,1,-107.0192398,5.1456376,410.1995503,-0.5748826,-0.2260734,-0.7714478,0.1525421;
custom,cylinder,default,0.035,-0.07,0.035,1,0.5113636,0,0,1,1,-106.8735426,4.9035247,410.7681232,-0.4988943,0.1931581,-0.8441907,0.0337111;
custom,cuboid,default,0.14,-0.035,0.035,1,0.1704545,0,0,1,1,-108.0833716,6.945794,410.938645,0.0991619,0.0376544,-0.9806466,-0.1645641;
racing,killCylinder,0.07,-3.5,0.07,-140.909833,19.4502853,403.6242559,0.0950153,-0.0599743,-0.8165816,0.5661888;
racing,killCylinder,0.035,-2.8,0.035,-134.7149392,18.2554303,407.0958161,0.0290341,0.081153,-0.5507136,-0.8302324;
racing,killCylinder,0.035,-2.8,0.035,-132.661265,17.4557487,399.7789192,0.1436081,0.1347447,-0.5449231,-0.8150334;
racing,killCylinder,0.035,-2.1,0.035,-126.3725261,17.9561265,406.3707418,0.0603443,0.1117287,-0.4887236,-0.863148;
racing,killCylinder,0.035,-2.1,0.035,-128.7207334,13.8601605,411.3179923,-0.0514973,0.0601999,-0.5800174,-0.8107428;
racing,killCylinder,0.035,-2.8,0.035,-132.7607014,21.3406269,406.4137687,0.0335401,0.0983341,-0.4980643,-0.8608934;
custom,cylinder,default,0.035,0.049,0.035,1,0.5113636,0,0,1,1,-33.8745311,5.7445867,391.1100477,0.426552,-0.5838025,-0.4238897,-0.5454774;
custom,sphere,default,0.14,0.14,0.14,1,0.5113636,0,0,1,1,-32.8383764,5.9901117,391.6239284,-0.1671708,-0.7424615,0.1975885,-0.6178702;
custom,cylinder,default,0.07,0.035,0.07,1,0.5113636,0,0,1,1,-33.1471127,5.2425878,391.460436,-0.1671708,-0.7424615,0.1975885,-0.6178702;
custom,cylinder,default,0.035,0.049,0.035,1,0.5113636,0,0,1,1,-32.2568326,5.4848214,392.0234235,-0.7243026,-0.5403772,-0.063966,-0.4234226;
custom,cylinder,default,0.035,0.035,0.035,1,0.5113636,0,0,1,1,-33.6029152,4.8773831,391.9291156,-0.2683682,-0.6688983,0.6278179,-0.2939358;
custom,cylinder,default,0.035,0.035,0.035,1,0.5113636,0,0,1,1,-33.6062414,4.5077581,392.0833057,0.1895286,-0.7362975,-0.2507607,-0.5992195;
custom,cylinder,default,0.035,0.07,0.035,1,0.5113636,0,0,1,1,-33.3918423,4.2916578,391.5261208,0.0564697,-0.8212318,0.165044,-0.5432771;
custom,cuboid,default,0.14,0.035,0.035,1,0.1704545,0,0,1,1,-34.7532828,6.2281515,391.2809699,-0.1231944,-0.9904656,0.025376,0.0561889;
racing,killCylinder,0.07,3.5,0.07,-69.0396822,15.7565367,395.8735563,0.6033966,-0.7944908,-0.0388499,0.0564583;
racing,killCylinder,0.035,2.8,0.035,-62.4890306,15.1660618,392.9415912,-0.8084627,-0.587053,0.040856,0.0093622;
racing,killCylinder,0.035,2.8,0.035,-61.0125798,14.3772623,400.3975913,-0.794793,-0.5861251,0.099942,0.1215449;
racing,killCylinder,0.035,2.1,0.035,-54.2453621,15.5538552,394.3916665,-0.8449924,-0.5282358,0.0718578,0.0423228;
racing,killCylinder,0.035,2.1,0.035,-55.7981873,11.3873874,389.1959392,-0.7876095,-0.6117639,0.0170859,-0.0715847;
racing,killCylinder,0.035,2.8,0.035,-60.8728934,18.3886524,393.8391897,-0.8420137,-0.5361681,0.0573572,0.0157117;
custom,cylinder,default,0.035,-0.049,0.035,1,0.5113636,0,0,1,1,-40.369337,7.886033,418.0556027,-0.5299802,-0.4513401,-0.5617128,0.4470926;
custom,sphere,default,0.14,-0.14,0.14,1,0.5113636,0,0,1,1,-39.3577457,8.2117813,417.5373909,-0.6245037,0.1652351,-0.7504326,-0.139798;
custom,cylinder,default,0.07,-0.035,0.07,1,0.5113636,0,0,1,1,-39.6012879,7.443077,417.7123787,-0.6245037,0.1652351,-0.7504326,-0.139798;
custom,cylinder,default,0.035,-0.049,0.035,1,0.5113636,0,0,1,1,-38.7347183,7.7522825,417.1452104,-0.4147856,-0.086187,-0.570492,-0.7036075;
custom,cylinder,default,0.035,-0.035,0.035,1,0.5113636,0,0,1,1,-40.023757,7.0330465,417.2495767,-0.3185923,0.6095273,-0.6845453,-0.2416055;
custom,cylinder,default,0.035,-0.035,0.035,1,0.5113636,0,0,1,1,-39.9952451,6.6622089,417.1010005,-0.5893129,-0.2818395,-0.7255558,0.2164384;
custom,cylinder,default,0.035,-0.07,0.035,1,0.5113636,0,0,1,1,-39.7634515,6.4737659,417.6612526,-0.5502775,0.1353292,-0.8192745,0.0875784;
custom,cuboid,default,0.14,-0.035,0.035,1,0.1704545,0,0,1,1,-41.2862397,8.2897462,417.8779536,0.0559784,0.0202633,-0.9950071,-0.0801044;
racing,killCylinder,0.07,-3.5,0.07,-76.2609515,14.7695085,413.1639991,0.0535031,-0.0424055,-0.7675205,0.6373787;
racing,killCylinder,0.035,-2.8,0.035,-69.685702,14.7879073,416.1003015,0.0137219,0.0367727,-0.6215326,-0.7824045;
racing,killCylinder,0.035,-2.8,0.035,-68.1421442,14.0159934,408.6561341,0.1231561,0.1006284,-0.6204659,-0.7679379;
racing,killCylinder,0.035,-2.1,0.035,-61.5047985,15.8598467,414.639159,0.0455961,0.0696063,-0.5645754,-0.8211763;
racing,killCylinder,0.035,-2.1,0.035,-62.6976592,11.6545864,419.8983577,-0.0662848,0.0093609,-0.6451441,-0.7611227;
racing,killCylinder,0.035,-2.8,0.035,-68.3515454,18.1233661,415.1529822,0.0196107,0.0539164,-0.5722624,-0.8180612;
custom,cylinder,default,0.035,-0.049,0.035,1,0.5113636,0,0,1,1,-32.1507864,46.6821525,406.10255,-0.3758533,-0.6001743,-0.288808,0.6442942;
custom,sphere,default,0.14,-0.14,0.14,1,0.5113636,0,0,1,1,-31.7403193,47.5532972,405.41655,-0.6935259,-0.1222873,-0.699191,0.1232862;
custom,cylinder,default,0.07,-0.035,0.07,1,0.5113636,0,0,1,1,-31.3448709,46.8616335,405.63117,-0.6935259,-0.1222873,-0.699191,0.1232862;
custom,cylinder,default,0.035,-0.049,0.035,1,0.5113636,0,0,1,1,-31.0297055,47.6140815,404.92214,-0.3713662,-0.3131341,-0.7570209,-0.4369824;
custom,cylinder,default,0.035,-0.035,0.035,1,0.5113636,0,0,1,1,-31.4059544,46.2206793,405.24876,-0.5726515,0.3972448,-0.7168134,-0.0211038;
custom,cylinder,default,0.035,-0.035,0.035,1,0.5113636,0,0,1,1,-31.1421214,45.9600689,405.09749,-0.5005791,-0.4908286,-0.5284106,0.4788424;
custom,cylinder,default,0.035,-0.07,0.035,1,0.5113636,0,0,1,1,-30.7786671,46.0570244,405.60898,-0.6269368,-0.1055021,-0.6808479,0.3636834;
custom,cuboid,default,0.14,-0.035,0.035,1,0.1704545,0,0,1,1,-33.0965661,46.3073094,406.0868182,-0.033652,0.0003535,-0.9514899,0.305834;
racing,killCylinder,0.07,-3.5,0.07,-62.6124047,25.9552386,407.5177743,-0.017652,0.0070918,-0.4663058,0.884419;
racing,killCylinder,0.035,-2.8,0.035,-57.6861039,30.9075593,409.2676875,-0.0253407,-0.0446549,-0.8726414,-0.485655;
racing,killCylinder,0.035,-2.8,0.035,-56.9794528,30.5225591,401.6685778,0.0506384,0.0570354,-0.8770862,-0.4742389;
racing,killCylinder,0.035,-2.1,0.035,-52.9266013,37.183013,406.4081441,-0.0026425,-0.0035069,-0.8386626,-0.5446336;
racing,killCylinder,0.035,-2.1,0.035,-50.1379334,34.0245449,411.7945818,-0.0911369,-0.0994584,-0.8789029,-0.4575279;
racing,killCylinder,0.035,-2.8,0.035,-59.2318898,34.0788244,408.1030863,-0.0213,-0.0278593,-0.8419342,-0.5384394;
custom,cylinder,default,0.035,-0.049,0.035,1,0.5113636,0,0,1,1,421.8057455,33.8053851,248.5292315,-0.6494941,-0.2361678,-0.2134176,0.6905325;
custom,sphere,default,0.14,-0.14,0.14,1,0.5113636,0,0,1,1,421.8800252,34.3545849,247.4848013,-0.9188056,0.0330253,-0.3849678,-0.0806564;
custom,cylinder,default,0.07,-0.035,0.07,1,0.5113636,0,0,1,1,422.0294061,33.5578624,247.638939,-0.9188056,0.0330253,-0.3849678,-0.0806564;
custom,cylinder,default,0.035,-0.049,0.035,1,0.5113636,0,0,1,1,421.9870754,34.0519189,246.6785499,-0.6428296,-0.4271479,-0.4027867,-0.4920139;
custom,cylinder,default,0.035,-0.035,0.035,1,0.5113636,0,0,1,1,421.494984,33.0333216,247.6325517,-0.6789209,0.4126337,-0.4623057,-0.3937935;
custom,cylinder,default,0.035,-0.035,0.035,1,0.5113636,0,0,1,1,421.4574444,32.6757098,247.4561632,-0.8068331,-0.1936534,-0.3524023,0.4328178;
custom,cylinder,default,0.035,-0.07,0.035,1,0.5113636,0,0,1,1,422.0759707,32.5779486,247.560993,-0.8723978,0.1227599,-0.4523583,0.1386507;
custom,cuboid,default,0.14,-0.035,0.035,1,0.1704545,0,0,1,1,421.0829251,33.9536513,249.2298039,-0.4119504,0.0271708,-0.9098348,0.0419442;
racing,killCylinder,0.07,-3.5,0.07,396.8245342,31.0861603,275.5118723,-0.2740218,0.291284,-0.6217885,0.673383;
racing,killCylinder,0.035,-2.8,0.035,402.8295503,32.9118454,271.9816072,-0.3077562,-0.2997414,-0.6488258,-0.6280655;
racing,killCylinder,0.035,-2.8,0.035,397.7527838,32.2251,266.3116096,-0.2184103,-0.2233814,-0.6936793,-0.6490044;
racing,killCylinder,0.035,-2.1,0.035,405.9408438,35.9667965,264.8263085,-0.2592595,-0.2868841,-0.6168662,-0.6855349;
racing,killCylinder,0.035,-2.1,0.035,410.3406468,31.8371488,268.0440789,-0.3846776,-0.3231381,-0.6313901,-0.5907212;
racing,killCylinder,0.035,-2.8,0.035,402.1806678,36.4311345,270.9834949,-0.2835554,-0.3021893,-0.6119582,-0.6736358;
custom,cylinder,default,0.035,0.049,0.035,1,0.5113636,0,0,1,1,342.7014132,40.730641,175.9727771,-0.1965565,-0.603756,-0.761112,0.132487;
custom,sphere,default,0.14,0.14,0.14,1,0.5113636,0,0,1,1,342.8712191,41.4088612,175.0192805,0,-0.9524859,0,0.3045827;
custom,cylinder,default,0.07,0.035,0.07,1,0.5113636,0,0,1,1,342.6179586,40.6236586,175.0317656,0,-0.9524859,0,0.3045827;
custom,cylinder,default,0.035,0.049,0.035,1,0.5113636,0,0,1,1,342.8812811,41.2229356,174.1716731,-0.4757428,-0.6818376,0.3857059,0.3999965;
custom,cylinder,default,0.035,0.035,0.035,1,0.5113636,0,0,1,1,343.0898727,40.0422505,175.0390173,0.3681395,-0.7633115,0.3554009,0.3943591;
custom,cylinder,default,0.035,0.035,0.035,1,0.5113636,0,0,1,1,343.1227088,39.7071206,174.8221809,-0.1762761,-0.7915552,-0.5199547,0.2683546;
custom,cylinder,default,0.035,0.07,0.035,1,0.5113636,0,0,1,1,342.4888039,39.6739203,174.8086265,0.1151934,-0.9026668,-0.2105271,0.3572134;
custom,cuboid,default,0.14,0.035,0.035,1,0.1704545,0,0,1,1,343.2975962,40.7018794,176.7967871,0.0682729,-0.4865385,-0.1177418,0.8629924;
racing,killCylinder,0.07,3.5,0.07,362.0265973,31.6722,206.0393685,0.3736997,-0.2972865,-0.6961068,0.5361013;
racing,killCylinder,0.035,2.8,0.035,356.9664274,34.6409651,201.8635774,-0.325918,-0.3868928,0.5403736,0.6723748;
racing,killCylinder,0.035,2.8,0.035,362.8859062,34.0374944,197.0688259,-0.2439561,-0.3077958,0.5712356,0.7207198;
racing,killCylinder,0.035,2.1,0.035,355.5124399,38.9101169,194.8016064,-0.3175651,-0.3405468,0.6035511,0.6472297;
racing,killCylinder,0.035,2.1,0.035,350.2166882,34.9883471,196.6294567,-0.3513681,-0.4579119,0.4971227,0.6478628;
racing,killCylinder,0.035,2.8,0.035,358.131447,38.1496695,201.4969778,-0.3334096,-0.3625801,0.5890663,0.6406049;
custom,cylinder,metal2,0.014,2.1,0.014,0,1,1,1,1,1,-54.454904,11.507916,-37.622298,-0.0627577,0.1447439,0.5924382,-0.7900175;
custom,cylinder,metal2,0.014,2.1,0.014,0,1,1,1,1,1,-58.465085,17.349801,-39.051222,0.2139752,0.3751384,0.4468713,0.7834487;
custom,cylinder,metal2,0.014,3.5,0.014,0,1,1,1,1,1,117.93852,20.361936,334.90625,0.183911,0.3526576,-0.5171086,-0.7578972;
custom,cylinder,metal2,0.014,3.5,0.014,0,1,1,1,1,1,-9.321088,26.860743,407.9712,0.4296689,0.8333911,0.0979755,0.3335336;
custom,cylinder,metal2,0.014,2.8,0.014,0,1,1,1,1,1,417.3435,36.94033,218.86487,-0.5157722,0.561014,-0.4276174,0.4861951;
custom,cylinder,metal2,0.014,7,0.014,0,1,1,1,1,1,383.65523,46.698435,117.36655,0.605942,0.6514966,-0.3076873,-0.3372165;