custom,cuboid,stone1,133,1,133,0,0.2,0.2,0.2,133,133,0,0,0,0,0,0,1;
custom,cuboid,default,133,10,1,0,1,1,1,133,1,0,0,655,0,0,0,0;
custom,cuboid,default,133,10,1,0,1,1,1,133,1,0,0,-655,0,0,0,0;
custom,cuboid,default,133,10,1,0,1,1,1,133,1,-655,0,0,0,-0.9,0,0.9;
custom,cuboid,default,133,10,1,0,1,1,1,133,1,655,0,0,0,0.9,0,0.9;
spawnpoint,playerM,0,5,0,0,0,0,1;
spawnpoint,playerC,0,5,0,0,0,0,1;
custom,cuboid,default,10,1,10,1,0.7727273,0.7727273,0.7727273,1,1,-50,50,0,0.5,0.5,0.5,-0.5;
custom,cuboid,default,1,10,10,1,0.7727273,0.7727273,0.7727273,1,1,0,50,-50,0,0.7071068,0,-0.7071068;
custom,cuboid,default,1,10,10,1,0.7727273,0.7727273,0.7727273,1,1,50,50,0,0,1,0,0;
racing,startCuboid,1.5,10,10,0,50,57.5,0,0.7071068,0,-0.7071068;
custom,cuboid,default,1,10,25,1,0.7727273,0.7727273,0.7727273,1,1,-31.39717,50.00147,163.432,0,-0.07582248,0,-0.9971213;
custom,cuboid,default,1,10,10,1,0.7727273,0.7727273,0.7727273,1,1,45.08741,50.09447,207.3222,0,-0.3295939,0,0.9441229;
custom,cuboid,default,1,10,13,1,0.7727273,0.7727273,0.7727273,1,1,62.22058,50.06927,109.6985,0,0.09412494,0,0.9955605;
custom,cuboid,default,1,10,10,1,0.7727273,0.7727273,0.7727273,1,1,52.116,50.14622,278.1167,0,0.4306836,0,0.9025031;
custom,cuboid,default,1,10,10,1,0.7727273,0.7727273,0.7727273,1,1,7.250099,50.15448,331.4681,0,0.2052371,0,0.9787124;
custom,cuboid,default,1,10,10,1,0.7727273,0.7727273,0.7727273,1,1,74.63029,49.89285,389.4507,0,0.6194143,0,0.7850643;
custom,cuboid,default,1,10,10,1,0.7727273,0.7727273,0.7727273,1,1,116.3164,50.03751,271.8607,0,0.9390747,0,0.3437133;
custom,cuboid,default,1,10,15,1,0.7727273,0.7727273,0.7727273,1,1,173.9693,49.35474,350.6868,0,0.9204096,0,0.3909556;
custom,cuboid,default,1,10,15,1,0.7727273,0.7727273,0.7727273,1,1,242.787,49.20676,230.7973,0,0.9942143,0,0.1074151;
custom,cuboid,default,1,10,30,1,0.7727273,0.7727273,0.7727273,1,1,121.7843,49.80015,91.19192,0,0.996795,0,-0.07999831;
custom,cuboid,default,1,10,25,1,0.7727273,0.7727273,0.7727273,1,1,269.7729,49.05593,35.34288,0,0.9989719,0,0.04533451;
custom,cylinder,default,2,5,2,1,0.8863636,0.8863636,0,1,1,90.2814,42.30355,307.9459,0,0.9516987,0,0.3070336;
custom,cylinder,default,2,5,2,1,0.8863636,0.8863636,0,1,1,10.34395,43.44203,250.3912,0,0.01753303,0,-0.9998463;
custom,cuboid,default,1,10,15,1,0.7727273,0.7727273,0.7727273,1,1,107.2808,49.93958,-130.3502,0,0.9980019,0,0.0631849;
custom,cuboid,default,1,5,18,1,0.7727273,0.7727273,0.7727273,1,1,191.4546,27.48155,-85.18002,0,0.6845696,0,0.7289476;
custom,cuboid,default,1,10,15,1,0.7727273,0.7727273,0.7727273,1,1,356.4358,49.19411,-83.26819,0,-0.7056097,0,0.7086007;
custom,cuboid,default,1,10,30,1,0.7727273,0.7727273,0.7727273,1,1,262.8799,50.02009,-201.1061,0,0.702766,0,0.7114212;
custom,cuboid,default,1,8,12,1,0.7727273,0.7727273,0.7727273,1,1,420.5024,58.86808,-136.9566,0,0.05009086,0,0.9987447;
custom,cuboid,default,1,5,8,1,0.7727273,0.7727273,0.7727273,1,1,422.5018,-4.351607,-121.3841,0,0.04519133,0,0.9989784;
custom,cuboid,default,1,10,20,1,0.7727273,0.7727273,0.7727273,1,1,432.237,49.2885,44.72902,0,0.6718853,0,-0.7406553;
custom,cuboid,default,1,10,15,1,0.7727273,0.7727273,0.7727273,1,1,553.4669,49.01698,-208.9513,0,0.4793815,0,0.8776066;
custom,cuboid,default,1,10,10,1,0.7727273,0.7727273,0.7727273,1,1,452.522,48.76917,-224.8119,0,0.8721767,0,0.4891909;
custom,cuboid,default,1,10,10,1,0.7727273,0.7727273,0.7727273,1,1,467.7009,49.05695,-108.7429,0,0.5201039,0,0.854103;
custom,cuboid,default,1,10,20,1,0.7727273,0.7727273,0.7727273,1,1,613.7469,49.06528,-72.16696,0,-0.01138102,0,0.9999353;
custom,cuboid,default,1,10,13,1,0.7727273,0.7727273,0.7727273,1,1,448.5638,48.91305,-59.72867,0,0.5404462,0,-0.8413786;
custom,cuboid,default,1,10,12,1,0.7727273,0.7727273,0.7727273,1,1,359.0803,49.10518,16.12794,0,0.9608053,0,0.2772241;
custom,cuboid,default,30,1,30,1,0.7727273,0.7727273,0.7727273,1,1,569.1124,43.36315,-125.0092,0,0.7408789,0,0.6716386;
custom,cuboid,default,1,5,12,1,0.7727273,0.7727273,0.7727273,1,1,573.1396,23.09413,29.82268,0,0.7450142,0,0.6670486;
custom,cuboid,default,1,6,12,1,0.7727273,0.7727273,0.7727273,1,1,556.8375,69.25302,-92.08773,0,0.7396011,0,0.6730456;
custom,cuboid,default,1,10,25,0,1,1,1,1,1,607.1393,49.25959,151.0263,0,0.01816731,0,-0.999835;
custom,cylinder,default,25,5,25,0,1,1,1,1,1,485.4726,49.26286,284.3766,0,0.6307341,0,0.7759991;
custom,cuboid,default,1,10,10,0,1,1,1,1,1,394.7897,49.82558,115.2486,0,0.4802054,0,-0.8771561;
custom,cuboid,default,1,10,6,0,1,1,1,1,1,528.8961,49.68168,67.31938,0,-0.03604791,0,-0.9993501;
custom,cuboid,default,1,10,10,0,1,1,1,1,1,483.1311,49.78495,90.62521,0,0.7132108,0,-0.7009497;
custom,cuboid,default,1,10,10,0,1,1,1,1,1,323.803,49.68058,179.4958,0,0.3255857,0,-0.9455125;
custom,cuboid,default,1,10,10,0,1,1,1,1,1,285.4043,49.81021,265.6999,0,0.09529164,0,-0.9954494;
custom,cuboid,default,1,10,10,0,1,1,1,1,1,299.9803,49.62594,354.4426,0,0.2494714,0,0.9683822;
custom,cuboid,default,1,10,10,0,1,1,1,1,1,363.8809,49.69907,426.9732,0,0.4567295,0,0.8896056;
custom,cuboid,default,1,10,10,0,1,1,1,1,1,449.3494,50.25288,471.2087,0,0.5877231,0,0.8090622;
custom,cuboid,default,1,10,30,0,1,1,1,1,1,589.5551,49.50896,487.2572,0,0.0127014,0,-0.9999194;
custom,cuboid,default,1,10,30,0,1,1,1,1,1,253.9653,50.58915,452.2237,0,0.7142841,0,-0.6998559;
custom,cuboid,default,1,10,50,0,1,1,1,1,1,341.5026,49.79378,599.4047,0,0.6976268,0,-0.7164614;
custom,cylinder,default,3,25,3,1,0.8863636,0.8863636,0,1,1,5,252.1471,520,0,0.7500203,0,-0.6614149;
custom,cylinder,default,28,1,28,0,1,1,1,1,1,5,442.1407,520,0,0.7326441,0,-0.680612;
custom,cuboid,default,1,50,5,0,1,1,1,1,1,88.03703,182.8924,617.2228,0,0.910169,0,0.4142372;
custom,cuboid,default,1,50,5,0,1,1,1,1,1,55.16975,182.8078,638.0632,0,0.8335896,0,0.5523844;
custom,cuboid,default,1,50,5,0,1,1,1,1,1,14.47071,182.8766,648.1519,0,0.7352834,0,0.6777598;
custom,cuboid,default,1,50,5,0,1,1,1,1,1,-22.67335,182.9819,645.1197,0,0.6219319,0,0.7830715;
custom,cuboid,default,1,50,5,0,1,1,1,1,1,-61.94635,183.0107,629.575,0,0.4884874,0,0.8725711;
custom,cuboid,default,1,50,5,0,1,1,1,1,1,-93.2151,182.818,602.1222,0,0.3465933,0,0.9380155;
custom,cuboid,default,1,50,5,0,1,1,1,1,1,-112.9989,182.8983,570.9419,0,0.1923325,0,0.9813299;
custom,cuboid,default,1,50,5,0,1,1,1,1,1,-123.1509,182.8746,529.096,0,0.0422736,0,0.9991061;
custom,cuboid,default,1,50,5,0,1,1,1,1,1,-119.9756,182.8891,490.1075,0,-0.1132215,0,0.9935698;
custom,cuboid,default,1,50,5,0,1,1,1,1,1,-105.5413,182.8156,455.1584,0,-0.271486,0,0.9624425;
custom,cuboid,default,1,50,5,0,1,1,1,1,1,-76.51569,154.3006,421.0857,0,-0.4150925,0,0.9097792;
custom,cuboid,default,1,50,5,0,1,1,1,1,1,-42.35699,153.7814,401.0816,0,-0.554822,0,0.8319691;
custom,cuboid,default,1,50,5,0,1,1,1,1,1,-5.062415,154.0031,392.5978,0,-0.6770735,0,0.7359154;
custom,cuboid,default,1,50,5,0,1,1,1,1,1,37.09811,183.0105,395.3823,0,0.7837269,0,-0.6211056;
custom,cuboid,default,1,50,5,0,1,1,1,1,1,72.43468,182.9732,410.7855,0,0.8718182,0,-0.4898295;
custom,cuboid,default,1,50,5,0,1,1,1,1,1,102.4912,182.8526,436.0371,0,0.9379852,0,-0.3466754;
custom,cuboid,default,1,50,5,0,1,1,1,1,1,122.8206,308.5117,469.1158,0,0.9807202,0,-0.1954175;
custom,cuboid,default,1,50,5,0,1,1,1,1,1,132.5729,308.5658,509.879,0,0.9990308,0,-0.04401598;
custom,cuboid,default,1,50,5,0,1,1,1,1,1,129.4603,308.6723,551.8087,0,0.9929363,0,0.1186489;
custom,cuboid,default,1,50,5,0,1,1,1,1,1,113.9626,309.1732,587.6477,0,-0.2710191,0,0.962574;
custom,cuboid,default,1,20,13,0,1,1,1,1,1,-63.8955,50,585.7864,-0.45,0.9,0,0;
custom,cuboid,default,1,20,13,0,1,1,1,1,1,-57.88478,100,438.0429,-0.3162278,0.6324555,-0.3162278,0.6324555;
custom,cuboid,default,1,20,13,0,1,1,1,1,1,89.34715,150,454.1845,0.4472136,0.8944272,0,0;
custom,cuboid,default,1,20,13,0,1,1,1,1,1,69.83011,200,601.3802,0.3162278,0.6324555,0.3162278,0.6324555;
custom,cuboid,default,1,20,13,0,1,1,1,1,1,-73.29597,250.16,585.2114,-0.4472136,0.8944272,0,0;
custom,cuboid,default,1,20,13,0,1,1,1,1,1,-57.88478,300,438.0429,-0.3162278,0.6324555,-0.3162278,0.6324555;
custom,cuboid,default,1,20,13,0,1,1,1,1,1,89.34715,350,454.1845,0.4472136,0.8944272,0,0;
custom,cuboid,default,1,20,13,0,1,1,1,1,1,69.83011,400,601.3802,0.3162278,0.6324555,0.3162278,0.6324555;
custom,cuboid,default,15,1,30,0,1,1,1,1,1,-65.68788,399.3956,498.4219,0,0.9999985,0,-0.001725852;
custom,cuboid,default,1,5,13,0,1,1,1,1,1,7.634376,414.6532,443.0126,0,0.9999998,0,0.0007300823;
custom,cuboid,default,8,1,13,0,1,1,1,1,1,102.6448,105.7769,481.9432,0,-0.709455,0,-0.7047508;
custom,cuboid,default,1,5,5,0,1,1,1,1,1,11.19654,399.106,648.8593,-0.317344,0.002810325,0.01362362,0.9482085;
custom,cuboid,default,1,5,13,0,1,1,1,1,1,-86.90903,39.9152,525.9708,0.2237949,0.6704137,0.2235369,-0.6711876;
custom,cuboid,default,1,5,13,0,1,1,1,1,1,-58.04179,18.67049,515.0211,0,0.7142333,0,-0.6999078;
custom,cuboid,default,1,5,13,0,1,1,1,1,1,11.60865,69.04755,461.6956,0,0.0003568322,0,0.9999999;
custom,cuboid,default,1,5,13,0,1,1,1,1,1,76.77058,117.9039,524.452,0,0.7077729,0,-0.7064401;
custom,cuboid,default,1,5,13,0,1,1,1,1,1,4.389359,168.8813,583.2574,0,0.9999998,0,0.0007307777;
custom,cuboid,default,1,5,13,0,1,1,1,1,1,-69.76485,218.9173,515.6548,0,0.7073058,0,0.7069077;
custom,cuboid,default,1,5,13,0,1,1,1,1,1,11.30309,269.0237,462.6475,0,-0.0001720548,0,1;
custom,cuboid,default,1,5,13,0,1,1,1,1,1,82.18186,318.2866,524.0768,0,0.7058197,0,-0.7083915;
custom,cuboid,default,1,5,13,0,1,1,1,1,1,4.358263,372.1452,597.252,0,1,0,1.578216E-05;
custom,cuboid,default,1,10,13,0,1,1,1,1,1,68.29339,51.08105,481.7299,0,0.883954,0,0.4675739;
custom,cuboid,default,1,5,13,1,0.8522727,0.8522727,0.8636364,1,1,2.255848,97.44413,407.4687,0.0001433178,0.9488758,0.3156493,-0.0004308286;
custom,cuboid,default,1,5,13,1,0.8522727,0.8522727,0.8636364,1,1,114.7663,143.6678,514.358,-0.2231963,0.6709598,0.2231984,0.6709537;
custom,cuboid,default,1,5,13,1,0.8522727,0.8522727,0.8636364,1,1,10.17138,192.5982,625.6946,-0.316575,0.001792994,0.006566638,0.9485431;
custom,cuboid,default,1,5,13,1,0.8522727,0.8522727,0.8636364,1,1,-114.9965,253.9014,525.0673,0.2222007,0.6714339,0.2251217,-0.6701669;
custom,cuboid,default,1,5,13,1,0.8522727,0.8522727,0.8636364,1,1,2.372426,306.9459,394.0478,-0.0002434621,0.9493154,0.314324,0.0007352998;
custom,cuboid,default,1,5,13,1,0.8522727,0.8522727,0.8636364,1,1,114.2174,342.5396,512.9304,-0.2196924,0.6721579,0.2393552,0.665318;
custom,cuboid,rock3,100,1,100,0,0.8522727,0.8522727,0.8636364,100,100,337.551,399.6723,-95.28532,0,0.6921355,0,0.7217676;
custom,cuboid,default,1,10,10,1,0.8522727,0.8522727,0.8636364,1,1,-102.7788,445.5042,392.062,0,0.0774287,0,0.9969979;
custom,cuboid,default,1,10,10,1,0.8522727,0.8522727,0.8636364,1,1,0.7204157,445.8541,349.2775,0,-0.09255946,0,-0.9957072;
custom,cuboid,default,1,20,20,1,0.8522727,0.8522727,0.8636364,1,1,-119.7923,495.9902,245.4036,0,0.9989826,0,-0.04509759;
custom,cuboid,default,1,20,50,1,0.8522727,0.8522727,0.8636364,1,1,-110.266,495.7744,-96.83237,0,0.9993079,0,0.03720043;
custom,cuboid,default,1,20,20,1,0.8522727,0.8522727,0.8636364,1,1,-1.019087,497.7757,206.5978,0,0.9995589,0,0.02970038;
custom,cuboid,default,1,20,50,1,0.8522727,0.8522727,0.8636364,1,1,23.45984,497.6356,-132.3286,0,0.9993005,0,0.03739557;
custom,cuboid,default,2,7,15,1,0.8522727,0.8522727,0.8636364,1,1,-39.36978,482.5727,407.8744,0,0.8367635,0,0.5475645;
custom,cuboid,default,25,1,100,1,0.625,0.7954545,0.9204544,1,1,-58.90563,503.7875,-151.5537,0,0.004763331,0,-0.9999887;
custom,cuboid,default,15,1,10,1,0.8522727,0.8522727,0.8636364,1,1,-69.82355,423.1715,193.8886,0.3189557,0.004890001,-0.001645665,0.9477556;
custom,cuboid,default,15,1,10,1,0.8522727,0.8522727,0.8636364,1,1,-52.69919,426.2345,-125.3756,-0.0209742,0.8166034,0.5760513,0.02973282;
custom,cuboid,default,15,1,10,1,0.8522727,0.8522727,0.8636364,1,1,-41.3668,483.495,-237.8195,-0.8783697,0.0327859,-0.06088986,-0.4729526;
custom,cuboid,default,15,1,10,1,0.8522727,0.8522727,0.8636364,1,1,-53.97019,474.8244,19.3065,-0.9199594,0.02007118,-0.04751517,-0.3886054;
custom,cylinder,default,15,5,15,1,0.8522727,0.8522727,0.8636364,1,1,12.83503,450.1796,-450.7619,0,0.03911035,0,0.9992349;
custom,cuboid,default,1,10,10,1,0.8522727,0.8522727,0.8636364,1,1,-112.2345,449.4113,-386.4429,0,0.1557777,0,0.9877921;
custom,cuboid,default,1,10,10,1,0.8522727,0.8522727,0.8636364,1,1,-122.9599,449.3695,-475.886,0,0.02383617,0,-0.9997159;
custom,cuboid,default,1,10,10,1,0.8522727,0.8522727,0.8636364,1,1,-90.74013,449.6269,-546.4296,0,0.3105448,0,-0.9505588;
custom,cuboid,default,1,10,10,1,0.8522727,0.8522727,0.8636364,1,1,-17.63844,449.6846,-590.9554,0,0.6493647,0,-0.7604772;
custom,cuboid,default,1,10,10,1,0.8522727,0.8522727,0.8636364,1,1,69.26688,449.9627,-582.2852,0,0.8281572,0,-0.5604959;
custom,cuboid,default,1,10,10,1,0.8522727,0.8522727,0.8636364,1,1,139.7593,450.2086,-528.5791,0,0.9504761,0,-0.310798;
custom,cuboid,default,1,10,10,1,0.8522727,0.8522727,0.8636364,1,1,189.7523,450.2823,-447.7515,0,0.97123,0,-0.2381436;
custom,cuboid,default,1,10,70,0,1,1,1,1,1,113.0528,450.2514,-56.90998,0,0.08090301,0,0.996722;
custom,cuboid,default,1,10,60,0,1,1,1,1,1,262.499,450.3391,-114.5761,0,0.08672761,0,0.9962321;
custom,cuboid,default,1,10,18,0,1,1,1,1,1,154.3158,392.987,-189.1042,-0.2089185,-0.6136948,0.2453735,0.72078;
custom,cuboid,default,1,10,18,0,1,1,1,1,1,184.2931,472.2791,-178.225,0.3264879,-0.5609627,-0.3826679,0.6574891;
custom,cuboid,default,1,10,12,0,1,1,1,1,1,158.632,450.5576,58.16082,0,-0.3411271,0,0.9400172;
custom,cuboid,default,1,10,12,0,1,1,1,1,1,255.7342,450.4421,50.10582,0,0.4139705,0,0.9102903;
custom,cuboid,default,1,10,15,1,0.8181818,0.8181818,0.8181818,1,1,239.7643,450.5143,302.6043,0,0.6016642,0,0.7987491;
custom,cuboid,default,1,10,25,1,0.8181818,0.8181818,0.8181818,1,1,413.9883,450.4967,327.0918,0,0.7007722,0,0.7133852;
custom,cuboid,default,1,10,75,1,0.8181818,0.8181818,0.8181818,1,1,558.4622,449.6562,-41.73884,0,0.9994574,0,0.03293772;
custom,cuboid,default,1,10,60,1,0.8181818,0.8181818,0.8181818,1,1,395.5253,450.615,-126.8306,0,0.9999377,0,0.01117011;
custom,cuboid,default,1,10,8,1,0.8181818,0.8181818,0.8181818,1,1,353.464,450.5318,172.2171,0,0.7347319,0,0.6783577;
custom,pyramid,default,1,3,1,1,0.8181818,0.8181818,0.8181818,1,1,443.7356,423.3869,-33.21775,0,0.9758581,0,-0.2184058;
custom,pyramid,default,1,3,1,1,0.8181818,0.8181818,0.8181818,1,1,434.2523,424.2005,142.1543,0,0.9773671,0,0.2115503;
custom,pyramid,default,1,3,1,1,0.8181818,0.8181818,0.8181818,1,1,552.7924,408.3867,-156.8394,0,0.9999849,0,-0.005504862;
custom,pyramid,default,2,3,2,1,0.8181818,0.8181818,0.8181818,1,1,523.5091,417.4985,34.93279,0,0.9671137,0,0.2543443;
custom,pyramid,default,1,3,1,1,0.8181818,0.8181818,0.8181818,1,1,511.1651,426.4039,161.5774,0,0.9995406,0,-0.03030705;
custom,pyramid,default,1,3,1,1,0.8181818,0.8181818,0.8181818,1,1,469.5555,475.3882,-158.7012,0,0.9832059,0,-0.1825;
custom,pyramid,default,1,3,1,1,0.8181818,0.8181818,0.8181818,1,1,491.0419,415.5868,48.60278,0,0.984148,0,-0.1773494;
custom,cuboid,default,15,15,50,1,0.8181818,0.8181818,0.8181818,1,1,476.4008,352.9004,-88.00111,-0.3712244,0.9222946,0.09651824,0.04742784;
custom,pyramid,default,2,3,2,1,0.8181818,0.8181818,0.8181818,1,1,466.9781,401.298,103.5683,0,0.9765419,0,0.2153274;
custom,pyramid,default,2,3,2,1,0.8181818,0.8181818,0.8181818,1,1,511.338,450.2988,-191.0458,0,0.929553,0,0.3686886;
custom,pyramid,default,2,3,2,1,0.8181818,0.8181818,0.8181818,1,1,417.0441,413.4984,-22.04459,0,0.9988356,0,-0.04824433;
custom,cuboid,default,1,10,10,1,0.8181818,0.8181818,0.8181818,1,1,412.2937,450.4105,-470.2875,0,0.1072396,0,-0.9942333;
custom,cuboid,default,1,10,10,1,0.8181818,0.8181818,0.8181818,1,1,573.6725,449.2975,-463.5568,0,-0.09356488,0,-0.9956132;
custom,cuboid,default,1,10,15,1,0.8181818,0.8181818,0.8181818,1,1,492.5265,449.1391,-511.3837,0,0.7045262,0,-0.7096781;
custom,cuboid,default,1,10,18,1,0.8181818,0.8181818,0.8181818,1,1,497.1874,545.9734,-452.7039,0,0.6986674,0,-0.7154467;
custom,cuboid,default,60,1,100,1,0.625,0.7954545,0.9204544,1,1,360.5758,503.8603,50.96898,0,-0.01851321,0,-0.9998286;
custom,pyramid,default,1,-3,1,1,0.8181818,0.8181818,0.8181818,1,1,433.6108,483.0833,141.5965,0,0.8641348,0,0.5032604;
custom,pyramid,default,1,-3,1,1,0.8181818,0.8181818,0.8181818,1,1,466.5674,474.1224,103.4459,0,0.9425486,0,0.334069;
custom,pyramid,default,1,-3,1,1,0.8181818,0.8181818,0.8181818,1,1,524.84,477.0049,33.97578,0,0.9690333,0,0.2469301;
custom,pyramid,default,2,-3,2,1,0.8181818,0.8181818,0.8181818,1,1,553.0762,473.7674,-156.3226,0,0.9584596,0,0.2852284;
custom,pyramid,default,2,-3,2,1,0.8181818,0.8181818,0.8181818,1,1,431.4519,486.5705,-82.04149,0,0.9411838,0,0.337895;
custom,pyramid,default,2,-3,2,1,0.8181818,0.8181818,0.8181818,1,1,493.8952,474.1579,-29.56184,0,0.9992455,0,0.03884013;
custom,pyramid,default,1,-5,1,1,0.8181818,0.8181818,0.8181818,1,1,405.8251,485.6329,-177.8561,0,0.9619718,0,0.2731491;
custom,pyramid,default,1,-5,1,1,0.8181818,0.8181818,0.8181818,1,1,544.114,481.9249,-251.8884,0,0.9686807,0,0.2483096;
custom,pyramid,default,1,1,1,1,0.8181818,0.8181818,0.8181818,1,1,405.1508,408.4818,-175.1073,0,0.9793293,0,0.2022725;
custom,pyramid,default,1,1,1,1,0.8181818,0.8181818,0.8181818,1,1,493.9084,424.6463,-28.42586,0,0.8456795,0,0.533691;
custom,pyramid,default,1,-4,1,1,0.8181818,0.8181818,0.8181818,1,1,439.5301,490.6275,-260.6652,0,0.999401,0,0.0346063;
custom,pyramid,default,1,4,1,1,0.8181818,0.8181818,0.8181818,1,1,407.4849,476.7291,28.7497,0,0.9633464,0,0.2682605;
custom,pyramid,default,1,4,1,1,0.8181818,0.8181818,0.8181818,1,1,512.8308,469.7763,-38.60071,-0.2291276,-0.1466369,-0.9607438,-0.0544933;
custom,cuboid,default,8,1,8,1,0.8181818,0.8181818,0.8181818,1,1,418.9879,497.5065,-483.2635,0,0.007483159,0,-0.999972;
custom,cuboid,default,8,1,8,1,0.8181818,0.8181818,0.8181818,1,1,547.8954,497.8241,-477.3754,0,-0.01695057,0,-0.9998564;
custom,cuboid,default,1,20,8,1,0.8181818,0.8181818,0.8181818,1,1,452.5936,598.8945,-487.8981,0,0.006249608,0,-0.9999804;
custom,cuboid,default,1,20,8,1,0.8181818,0.8181818,0.8181818,1,1,513.267,598.1438,-489.8382,0,-0.02027805,0,-0.9997944;
custom,cuboid,default,1,20,8,1,0.8181818,0.8181818,0.8181818,1,1,495.3819,597.6736,-513.0386,0,0.7139803,0,0.7001659;
custom,cuboid,default,1,10,15,1,0.8181818,0.8181818,0.8181818,1,1,510.9597,647.7097,-388.6042,0,0.9992743,0,0.03809275;
custom,cuboid,default,1,10,15,1,0.8181818,0.8181818,0.8181818,1,1,448.0731,649.0184,-384.758,0,0.9995812,0,0.0289385;
custom,cuboid,default,1,40,20,1,0.8181818,0.8181818,0.8181818,1,1,497.7923,796.9321,-223.7077,0,0.9989436,0,0.04595353;
custom,cuboid,default,1,40,20,1,0.8181818,0.8181818,0.8181818,1,1,389.5562,797.0444,-138.2062,0,0.6595272,0,0.7516807;
custom,cuboid,default,1,40,20,1,0.8181818,0.8181818,0.8181818,1,1,307.5419,796.8003,-241.9531,0,0.03339853,0,-0.9994421;
custom,cuboid,default,1,40,20,1,0.8181818,0.8181818,0.8181818,1,1,345.5184,795.6208,-333.515,0,0.7279592,0,-0.6856205;
custom,cuboid,default,20,1,20,1,0.8181818,0.8181818,0.8181818,1,1,470.1584,702.021,-224.9326,0,0.7366149,0,-0.6763124;
custom,cuboid,default,20,1,20,1,0.8181818,0.8181818,0.8181818,1,1,337.1619,793.7719,-235.5715,0,0.7338471,0,-0.6793147;
custom,cuboid,default,20,1,20,1,0.8181818,0.8181818,0.8181818,1,1,455.1953,871.4979,-224.7959,0,0.03722163,0,-0.9993071;
custom,cuboid,default,20,1,20,1,0.8181818,0.8181818,0.8181818,1,1,339.6143,993.7438,-239.4551,0,0.03188989,0,-0.9994914;
custom,cuboid,default,1,35,10,1,0.8181818,0.8181818,0.8181818,1,1,471.7831,874.2108,-325.5475,0,0.7400063,0,-0.6726;
custom,cuboid,default,8,1,25,1,0.8181818,0.8181818,0.8181818,1,1,479.497,696.1377,-443.7305,0,0.02212656,0,-0.9997552;
custom,cuboid,grass,80,1,80,0,1,1,1,80,80,140.2445,999.1555,227.5425,0,0.06606884,0,-0.9978151;
custom,cuboid,default,25,1,40,1,0.8181818,0.8181818,0.8181818,1,1,416.3758,596.2985,-256.8938,0,-0.0055392,0,-0.9999847;
custom,cuboid,default,1,10,20,0,1,1,1,80,80,497.8561,1039.601,-219.3542,0,0.04342399,0,-0.9990568;
custom,cuboid,default,1,10,20,1,0.8409091,0.8295454,0.8295454,80,80,434.7047,1035.264,-225.6675,0,0.03385317,0,-0.9994268;
custom,cuboid,default,20,1,20,1,0.625,0.7954545,0.9204544,1,1,456.9364,1064.66,-230.1809,0.06271902,0.04764254,0.002997418,-0.9968889;
custom,cuboid,default,1,10,20,1,0.8409091,0.8295454,0.8295454,1,1,488.0621,1039.492,-28.79947,0,0.9999593,0,0.009026613;
custom,cuboid,default,1,10,20,1,0.8409091,0.8295454,0.8295454,1,1,373.2242,1035.751,-49.28683,0,0.2889352,0,-0.9573487;
custom,cuboid,default,1,10,70,1,0.8409091,0.8295454,0.8295454,1,1,449.2337,1039.001,414.716,0,0.05322214,0,-0.9985828;
custom,cuboid,default,1,10,60,1,0.8409091,0.8295454,0.8295454,1,1,354.7155,1035.298,172.3417,0,0.9986577,0,0.051797;
custom,cuboid,default,1,15,1,1,0.8522727,0.8522727,0.8522727,1,1,382.5341,1043.581,74.0453,0,0.05692803,0,-0.9983783;
custom,cuboid,default,1,15,1,1,0.8522727,0.8522727,0.8522727,1,1,388.6402,1052.687,281.1975,0.01929415,0.04898103,-0.3659935,-0.9291272;
custom,cuboid,default,1,10,70,1,0.8409091,0.8295454,0.8295454,1,1,88.66845,1037.223,542.7425,0,0.7431429,0,-0.6691328;
custom,cuboid,default,1,10,40,1,0.8409091,0.8295454,0.8295454,1,1,128.5785,1036.387,437.3469,0,0.7604994,0,-0.6493387;
custom,cuboid,default,1,15,1,1,0.8522727,0.8522727,0.8522727,1,1,239.6578,1039.704,508.3557,0,0.7506787,0,-0.6606674;
custom,cuboid,default,1,15,1,1,0.8522727,0.8522727,0.8522727,1,1,3.334723,1047.614,472.1107,0.2685122,0.6994981,-0.2373366,-0.6182839;
custom,cuboid,default,1,15,70,1,0.8409091,0.8295454,0.8295454,1,1,-192.5233,1077.185,160.6891,0,0.9982297,0,0.05947638;
custom,cuboid,default,1,20,1,1,0.8409091,0.8295454,0.8295454,1,1,-237.9581,1102.662,415.4539,0,0.998114,0,0.06138821;
custom,cuboid,default,1,1,100,1,0.8409091,0.8295454,0.8295454,1,1,-102.0881,1073.888,28.94092,0,0.998663,0,0.05169412;
custom,cuboid,default,1,15,70,1,0.8409091,0.8295454,0.8295454,1,1,-28.40726,1077.034,61.17874,0,0.9987105,0,0.05076808;
custom,cuboid,default,1,15,1,1,0.8409091,0.8295454,0.8295454,1,1,-226.943,1077.847,406.0819,0,0.9989336,0,0.04617035;
custom,cuboid,default,18,1,100,1,0.625,0.7954545,0.9204544,1,1,-105.0309,1148.508,37.67666,0,0.9987283,0,0.05041611;
custom,cuboid,default,1,25,25,1,0.8409091,0.8295454,0.8295454,1,1,-32.98978,947.0602,-187.3769,0,0.7356371,0,-0.6773759;
custom,cuboid,default,1,25,25,1,0.8409091,0.8295454,0.8295454,1,1,-42.64376,1154.089,386.6028,0.6808406,0.2672358,-0.6184897,0.2872486;
custom,cuboid,default,1,15,15,1,0.8409091,0.8295454,0.8295454,1,1,-145.2797,1071.261,-261.0217,0,-0.03906045,0,0.9992369;
custom,cuboid,default,1,25,25,1,0.8522727,0.8522727,0.8522727,1,1,-118.0285,1196.852,211.9985,0,0.6666934,0,0.7453321;
custom,cuboid,grass,40,1,40,0,0.8409091,0.8295454,0.8295454,25,25,-151.0543,999.3467,-377.5808,0,-0.0633693,0,0.9979902;
custom,cuboid,default,1,15,25,1,0.8409091,0.8295454,0.8295454,1,1,13.48713,1069.532,-395.5579,0,-0.02965865,0,0.9995601;
custom,cuboid,default,1,100,25,1,0.8409091,0.8295454,0.8295454,1,1,-465.2681,650.1537,-334.528,0,0.6572483,0,0.7536741;
custom,cuboid,default,1,15,20,1,0.8409091,0.8295454,0.8295454,1,1,-240.8667,1074.781,-347.1372,0,0.6467908,0,0.7626675;
custom,cuboid,default,1,15,35,1,0.8409091,0.8295454,0.8295454,1,1,-151.6581,1073.496,-464.4614,0,0.6778249,0,0.7352234;
custom,cuboid,default,1,150,25,1,0.8409091,0.8295454,0.8295454,1,1,-440.4774,398.3674,-536.0574,0,0.6693106,0,0.7429829;
custom,cuboid,default,1,150,25,1,0.8409091,0.8295454,0.8295454,1,1,-577.6395,399.5344,-435.9723,0,0.9972147,0,0.07458571;
custom,cuboid,default,1,150,25,1,0.8409091,0.8295454,0.8295454,1,1,-349.7321,247.6191,-420.7844,0,-0.05639,0,0.9984089;
custom,cuboid,default,1,15,5,1,0.8409091,0.8295454,0.8295454,1,1,-337.3441,1075.136,-342.2792,0,-0.07540485,0,0.997153;
custom,cuboid,default,1,15,5,1,0.8409091,0.8295454,0.8295454,1,1,-318.76,1073.486,-498.7951,0,-0.06365591,0,0.997972;
custom,cuboid,default,30,1,50,1,0.625,0.7954545,0.9204544,1,1,-346.8363,1148.699,-403.5869,0,0.6631199,0,0.7485132;
custom,cuboid,default,1,50,80,1,0.8409091,0.8295454,0.8295454,1,1,-602.9429,248.5801,68.79449,0,0.005064777,0,-0.9999872;
custom,cuboid,default,1,50,80,1,0.8409091,0.8295454,0.8295454,1,1,-218.4705,253.0541,103.4041,0,-0.02800358,0,-0.9996079;
custom,cuboid,default,1,50,50,1,0.8409091,0.8295454,0.8295454,1,1,-404.1457,252.713,472.9413,0,0.6880621,0,0.7256519;
custom,cuboid,default,1,50,15,1,0.8409091,0.8295454,0.8295454,1,1,-285.0978,252.9574,-289.7945,0,0.6454768,0,0.7637799;
custom,cuboid,default,80,1,80,1,0.625,0.7954545,0.9204544,1,1,325.8943,95.35535,35.58942,0,0.1098088,0,-0.9939528;
custom,cuboid,default,20,1,50,1,0.625,0.7954545,0.9204544,1,1,406.8985,95.33485,531.9619,0,0.7065852,0,-0.707628;
custom,cuboid,default,10,1,10,0,0.625,0.7954545,0.9204544,1,1,171.823,105.9129,577.0191,0,0.9880079,0,0.1544034;
custom,cuboid,default,10,1,15,1,0.625,0.7954545,0.9204544,1,1,-41.22344,496.305,370.0746,0,0.8131435,0,0.5820633;
custom,cuboid,default,25,1,25,1,0.625,0.7954545,0.9204544,1,1,100.8825,503.8475,-494.7142,0,0.01530507,0,-0.9998829;
custom,cuboid,default,20,1,90,1,0.625,0.7954545,0.9204544,1,1,428.7467,1084.051,150.9543,0,0.9973871,0,0.07224301;
custom,cuboid,default,20,1,50,1,0.625,0.7954545,0.9204544,1,1,174.9697,1083.996,500.5983,0,0.7534983,0,-0.6574498;
custom,cuboid,default,1,10,20,0,0.625,0.7954545,0.9204544,1,1,-152.0794,1102.665,517.5579,0,0.6694501,0,0.7428571;
custom,cuboid,default,1,10,20,0,0.625,0.7954545,0.9204544,1,1,-65.45171,1133.85,471.5988,0,0.9989542,0,0.0457231;
custom,cylinder,default,1,1,1,1,0.8863636,0.8863636,0,1,1,418.214,9.014403,-158.5774,0,0.6976903,0,0.7163995;
custom,cylinder,default,1,3,1,1,0.8863636,0.8863636,0,1,1,512.0151,9.989064,-86.4461,0,0.614089,0,-0.7892368;
custom,cylinder,default,1,3,1,1,0.8863636,0.8863636,0,1,1,531.3016,76.81976,31.47858,0,0.2273641,0,-0.9738098;
custom,cylinder,default,1,5,1,1,0.8863636,0.8863636,0,1,1,533.738,42.44028,95.48329,0,0.928135,0,-0.3722438;
custom,cylinder,default,2,5,2,1,0.8863636,0.8863636,0,1,1,489.2137,48.52834,483.7725,0,0.8002073,0,-0.5997235;
custom,cylinder,default,2,5,2,1,0.8863636,0.8863636,0,1,1,313.9914,451.5179,175.9656,0,0.8383529,0,0.545128;
custom,cylinder,default,2,5,2,1,0.8863636,0.8863636,0,1,1,389.7528,449.8194,168.6697,0,0.9956589,0,-0.09307701;
custom,cylinder,default,1,5,1,1,0.8863636,0.8863636,0,1,1,447.0702,648.1637,-312.8406,0,0.1073559,0,-0.9942207;
custom,cylinder,default,2,5,2,1,0.8863636,0.8863636,0,1,1,321.4777,1038.425,467.1959,0,0.7466843,0,-0.6651787;
custom,cylinder,default,2,10,2,1,0.8863636,0.8863636,0,1,1,-69.91396,1048.806,410.1703,0,0.9002532,0,0.4353669;
custom,cylinder,default,2,10,2,1,0.8863636,0.8863636,0,1,1,-139.3201,1098.706,-330.8183,0,0.5869026,0,-0.8096576;
custom,cylinder,default,1,5,1,1,0.8863636,0.8863636,0,1,1,202.0237,102.2296,-82.82227,0,0.9983248,0,0.05785876;
custom,cylinder,default,2,5,2,1,0.8863636,0.8863636,0,1,1,436.4566,42.74928,-1.959665,0.521121,0.5302128,0.4695106,0.4763058;
custom,cylinder,default,1,8,1,1,0.8863636,0.8863636,0,1,1,-75.88644,455.0292,154.2831,0.7085825,0.7056223,-0.001941797,-0.002088424;
custom,cylinder,default,1,8,1,1,0.8863636,0.8863636,0,1,1,-45.32873,438.4854,-10.33886,0.7100738,0.7026764,0.0321132,0.03177869;
custom,cylinder,default,1,8,1,1,0.8863636,0.8863636,0,1,1,-45.59882,471.4859,-140.0167,0.7061793,0.707162,0.02479248,0.02486422;
custom,cylinder,default,1,8,1,1,0.8863636,0.8863636,0,1,1,-23.16448,442.1545,-260.9118,0.7018245,0.7087148,0.05056125,0.05108212;
custom,cylinder,default,1,3,1,1,0.8863636,0.8863636,0,1,1,481.5738,497.6944,-451.6134,0.7063217,0.7077999,-0.008000393,-0.008068829;
custom,cylinder,default,1,3,1,1,0.8863636,0.8863636,0,1,1,511.9567,494.8931,-485.3417,0.5102396,0.5073984,0.4923895,0.4896479;
custom,cylinder,default,1,3,1,1,0.8863636,0.8863636,0,1,1,456.2697,495.2061,-483.7865,0.4953652,0.50942,-0.4898672,-0.5051087;
custom,cylinder,default,1,3,1,1,0.8863636,0.8863636,0,1,1,483.482,599.6385,-455.1488,-0.0036531,-0.003079935,-0.7093155,-0.704875;
custom,cylinder,default,1,10,1,1,0.8863636,0.8863636,0,1,1,372.0145,700.2194,-238.6652,0.4796113,0.4769592,0.5222692,0.5193438;
custom,cylinder,default,1,10,1,1,0.8863636,0.8863636,0,1,1,436.0028,790.5886,-228.4913,0.5196385,0.5204701,-0.4788297,-0.479384;
custom,cylinder,default,1,12,1,1,0.8863636,0.8863636,0,1,1,357.396,869.9369,-239.5765,0.4826433,0.4815333,0.5177839,0.5167987;
custom,cylinder,default,1,12,1,1,0.8863636,0.8863636,0,1,1,437.8799,985.4097,-232.8861,0.5206093,0.5118628,-0.4875326,-0.478826;
custom,cylinder,default,2,3,2,1,0.8863636,0.8863636,0,1,1,455.6106,997.0141,-127.3652,0.04548582,0.04498121,-0.7081103,-0.7031981;
custom,cylinder,default,2,12,2,1,0.8863636,0.8863636,0,1,1,-347.7438,996.6472,-407.8255,0.4704828,0.4703487,0.5285057,0.5273516;
custom,cylinder,default,2,12,2,1,0.8863636,0.8863636,0,1,1,-472.8319,154.5408,-336.5491,-0.04818967,-0.05280058,0.7007765,0.7097902;
racing,endCuboid,16,24,2,-472.8319,74.5408,-336.5491,-0.04818967,-0.05280058,0.7007765,0.7097902;
custom,cylinder,default,1,5,1,1,0.8863636,0.8863636,0,1,1,149.9213,52.10812,233.3138,0,0.9976314,0,-0.06878607;
custom,cylinder,default,1,10,1,1,0.8863636,0.8863636,0,1,1,-88.94691,435.4957,-341.774,0,0.9834831,0,-0.1810003;
custom,cylinder,default,1,5,1,1,0.8863636,0.8863636,0,1,1,99.93678,9.344076,598.192,0,0.7142659,0,-0.6998745;
custom,cuboid,default,1,5,8,1,0.8409091,0.8409091,0.8409091,1,1,242.9075,70.69456,-82.10168,0,0.6840465,0,0.7294385;
custom,cuboid,default,1,5,8,1,0.8409091,0.8409091,0.8409091,1,1,112.7409,69.2254,-91.39193,0,0.6816205,0,0.7317059;
custom,cuboid,default,1,10,5,1,0.8409091,0.8409091,0.8409091,1,1,179.3525,44.8194,64.9185,0,0.7099181,0,0.7042843;
custom,cuboid,default,1,15,8,1,0.8409091,0.8409091,0.8409091,1,1,16.34921,474.6549,-505.1205,0,0.03982957,0,0.9992065;
custom,cuboid,default,1,15,8,1,0.8409091,0.8409091,0.8409091,1,1,7.554319,470.653,-608.9795,0,0.05290382,0,0.9985996;
custom,cuboid,default,1,5,8,1,0.8409091,0.8409091,0.8409091,1,1,13.61421,413.4307,-538.132,0,0.03546207,0,0.9993711;
custom,cuboid,default,1,5,8,1,0.8409091,0.8409091,0.8409091,1,1,13.38346,487.5405,-547.6065,0,0.01906114,0,0.9998183;
custom,cylinder,default,1,1.5,1,1,0.8977273,0.8977273,0,1,1,12.48594,449.681,-542.1569,0,0.7339302,0,0.679225;
custom,cuboid,default,1,15,1,0,1,1,1,1,1,161.9612,466.2432,-377.1717,0,0.09582804,0,0.9953979;
custom,cuboid,default,1,15,1,0,1,1,1,1,1,133.6309,441.3837,-300.5121,0,0.09799942,0,0.9951865;
custom,cuboid,default,1,15,1,0,1,1,1,1,1,167.3857,450.9612,-113.9404,0,0.01310898,0,-0.9999141;
custom,cuboid,default,1,15,1,0,1,1,1,1,1,225.9416,451.9613,-55.66846,0,0.01310898,0,-0.9999141;
custom,cuboid,default,1,15,1,1,0.8522727,0.8522727,0.8522727,1,1,397.6046,1040.33,77.40491,0,0.08087058,0,-0.9967246;
custom,cuboid,default,1,15,1,1,0.8522727,0.8522727,0.8522727,1,1,413.0876,1040.46,79.77401,0,0.08087058,0,-0.9967246;
custom,cuboid,default,1,15,1,1,0.8522727,0.8522727,0.8522727,1,1,428.1792,1040.46,80.43198,0,0.08087058,0,-0.9967246;
custom,cuboid,default,1,15,1,1,0.8522727,0.8522727,0.8522727,1,1,443.5995,1040.46,83.15172,0,0.08087058,0,-0.9967246;
custom,cuboid,default,1,15,1,1,0.8522727,0.8522727,0.8522727,1,1,460.5415,1040.503,87.39921,0,0.08087058,0,-0.9967246;
custom,cuboid,default,1,15,1,1,0.8522727,0.8522727,0.8522727,1,1,476.8,1035.165,89.95394,0,0.08087058,0,-0.9967246;
custom,cuboid,default,1,15,1,1,0.8522727,0.8522727,0.8522727,1,1,366.2409,1045.177,72.05853,0,0.998616,0,0.05259311;
custom,cuboid,default,1,15,1,1,0.8522727,0.8522727,0.8522727,1,1,410.7438,1054.445,283.408,0.02363667,0.06131959,-0.3588941,-0.9310619;
custom,cuboid,default,1,15,1,1,0.8522727,0.8522727,0.8522727,1,1,360.9131,1054.445,278.8317,0.02429882,0.06106025,-0.368948,-0.9271238;
custom,cuboid,default,1,15,1,1,0.8522727,0.8522727,0.8522727,1,1,339.3161,1054.445,277.3853,0.02301474,0.06155574,-0.3494509,-0.9346471;
custom,cuboid,default,1,15,1,1,0.8522727,0.8522727,0.8522727,1,1,336.3601,1028.851,281.4272,0.02365807,0.06131136,-0.3592192,-0.9309365;
custom,cuboid,default,1,15,1,1,0.8522727,0.8522727,0.8522727,1,1,421.9349,1067.734,281.4218,0.01544194,0.0388039,-0.3694249,-0.9283217;
custom,cuboid,default,1,15,1,1,0.8522727,0.8522727,0.8522727,1,1,438.1792,1073.988,279.9821,0.01018614,0.02681516,-0.3549612,-0.9344409;
custom,cuboid,default,1,15,1,1,0.8522727,0.8522727,0.8522727,1,1,460.8773,1075.076,280.0192,0.01743704,0.04739247,-0.3448583,-0.9372954;
custom,cuboid,default,1,15,1,1,0.8522727,0.8522727,0.8522727,1,1,240.2181,1045.287,489.035,0,0.7448933,0,-0.6671837;
custom,cuboid,default,1,15,1,1,0.8522727,0.8522727,0.8522727,1,1,243.9026,1044.288,470.416,0,0.7448933,0,-0.6671837;
custom,cuboid,default,1,15,1,1,0.8522727,0.8522727,0.8522727,1,1,433.7766,1031.491,7.764088,0,0.4173197,0,-0.9087598;
custom,cuboid,default,1,15,1,1,0.8522727,0.8522727,0.8522727,1,1,235.6713,1045.687,529.1725,0,0.7448933,0,-0.6671837;
custom,cuboid,default,1,15,1,1,0.8522727,0.8522727,0.8522727,1,1,232.3479,1045.487,550.9688,0,0.7448933,0,-0.6671837;
custom,cuboid,default,1,15,1,1,0.8522727,0.8522727,0.8522727,1,1,108.998,1058.184,491.7769,0,0.7197944,0,-0.6941873;
custom,cuboid,default,1,15,1,1,0.8522727,0.8522727,0.8522727,1,1,412.6584,1046.739,192.4058,0,0.4149199,0,-0.909858;
custom,cuboid,default,15,1,1,1,0.8522727,0.8522727,0.8522727,1,1,238.0311,1021.69,504.4835,0,0.7448933,0,-0.6671837;
custom,cuboid,default,15,1,1,1,0.8522727,0.8522727,0.8522727,1,1,237.5638,1042.364,508.0363,0,0.7477974,0,-0.663927;
custom,cuboid,default,15,1,1,1,0.8522727,0.8522727,0.8522727,1,1,240.6553,1062.244,508.405,0,0.7477974,0,-0.663927;
custom,cuboid,default,15,1,1,1,0.8522727,0.8522727,0.8522727,1,1,242.5584,1083.642,494.1282,0,0.7477974,0,-0.663927;
custom,cuboid,default,15,1,1,1,0.8522727,0.8522727,0.8522727,1,1,238.4036,1001.411,509.9477,0,0.7463506,0,-0.665553;
custom,cuboid,default,1,15,1,1,0.8522727,0.8522727,0.8522727,1,1,6.601026,1041.085,456.4286,0.2704294,0.6972088,-0.2400838,-0.6189732;
custom,cuboid,default,1,15,1,1,0.8522727,0.8522727,0.8522727,1,1,6.748263,1034.686,438.3177,0.2631137,0.7000025,-0.2335887,-0.6214532;
custom,cuboid,default,1,15,1,1,0.8522727,0.8522727,0.8522727,1,1,5.723593,1017.285,428.3296,0.2582204,0.7018223,-0.2292445,-0.6230687;
custom,cuboid,default,1,15,1,1,0.8522727,0.8522727,0.8522727,1,1,-1.793808,1041.085,503.1604,0.2643351,0.6995423,-0.234673,-0.6210445;
custom,cuboid,default,1,15,1,1,0.8522727,0.8522727,0.8522727,1,1,-4.533,1041.085,527.8141,0.255769,0.7027194,-0.2270682,-0.6238651;
custom,cuboid,default,1,15,1,1,0.8522727,0.8522727,0.8522727,1,1,-4.03166,1055.816,540.7327,0.2609564,0.7054564,-0.2286179,-0.6180348;
custom,cuboid,default,1,15,1,1,0.8522727,0.8522727,0.8522727,1,1,1.881696,1041.77,477.7786,-0.3155026,0.6828099,0.2764022,-0.5981894;
custom,cuboid,default,1,15,1,1,0.8522727,0.8522727,0.8522727,1,1,6.507713,1050.77,459.6314,-0.3166939,0.6822585,0.2774458,-0.5977058;
custom,cuboid,default,1,15,1,1,0.8522727,0.8522727,0.8522727,1,1,12.71795,1041.77,415.868,-0.3119232,0.6844528,0.2732663,-0.5996282;
custom,cuboid,default,1,15,1,1,0.8522727,0.8522727,0.8522727,1,1,0.8127022,1039.37,504.0687,-0.3143103,0.6833598,0.2753577,-0.5986707;
custom,cuboid,default,1,15,1,1,0.8522727,0.8522727,0.8522727,1,1,-4.149643,1041.77,536.9013,-0.3119232,0.6844528,0.2732663,-0.5996282;
custom,cuboid,default,1,15,1,1,0.8522727,0.8522727,0.8522727,1,1,393.9793,1028.987,529.5248,0,0.1636464,0,-0.9865191;
custom,cuboid,default,1,15,1,1,0.8522727,0.8522727,0.8522727,1,1,-191.2746,1066.555,474.5274,0,0.7468936,0,-0.6649436;
custom,cuboid,default,1,25,25,1,0.8522727,0.8522727,0.8522727,1,1,-222.918,991.5247,279.3809,0.6940469,0.2573102,-0.6038399,0.2957496;
custom,cuboid,default,1,25,25,1,0.8522727,0.8522727,0.8522727,1,1,-94.50706,948.4321,138.5415,0,0.6751232,0,0.737705;
custom,cuboid,default,1,25,25,1,0.8522727,0.8522727,0.8522727,1,1,-187.4015,1094.713,-316.045,0,0.6722157,0,0.7403554;
custom,cuboid,default,1,25,25,1,0.8522727,0.8522727,0.8522727,1,1,0.4827648,1161.521,-89.02171,0.2916072,0.6042481,-0.2527625,0.6971087;
custom,cuboid,default,1,25,25,1,0.8522727,0.8522727,0.8522727,1,1,17.86039,1120.049,81.92862,0,0.6549438,0,0.7556776;
custom,cuboid,default,1,25,25,1,0.8522727,0.8522727,0.8522727,1,1,-218.6942,1107.085,-52.82982,0,0.649394,0,0.7604522;
custom,cuboid,default,15,20,15,0,1,1,1,1,1,-465.1871,457.2853,-433.8431,0,0.93385,0,-0.3576648;
custom,cuboid,default,25,20,25,0,1,1,1,1,1,-666.5074,456.1797,-417.8395,0,0.7437003,0,-0.6685132;
custom,cuboid,default,25,20,25,0,1,1,1,1,1,-454.3216,456.5407,-611.0343,0,0.9987298,0,0.05038614;
custom,cuboid,default,25,20,25,0,1,1,1,1,1,-269.989,456.664,-435.0734,0,0.6866016,0,0.7270339;
custom,cuboid,default,25,20,25,0,1,1,1,1,1,-490.6286,456.2887,-258.4626,0,0.03899043,0,-0.9992396;
spawnpoint,titan,-502.3757,13.77136,-79.29504,0,0.999865,0,-0.01643147;
spawnpoint,titan,-516.1948,9.322568,21.21828,0,0.8676238,0,-0.4972212;
spawnpoint,titan,-348.5801,6.225086,-22.2404,0,0.9684352,0,0.2492656;
custom,cuboid,default,5,2,10,0,1,1,1,1,1,-400.0248,2.776278,411.3913,0,0.7333204,0,-0.6798834;
base,aot_supply,-353.0301,12.77423,417.1689,0,-0.7085201,0,-0.7056907;
base,aot_supply,-447.5966,12.77461,411.7906,0,0.7251992,0,-0.6885391;
custom,cylinder,default,3,1,3,1,0.8,0.5,0.2,1,1,-432.6049,14.22457,449.3903,0,0.03164208,0,-0.9994993;
custom,cylinder,default,3,6,3,1,1,0.843,0,1,1,-402.4924,16.12154,451.8911,0,0.00106016,0,-0.9999995;
custom,cylinder,default,3,3,3,1,0.753,0.753,0.753,1,1,-371.5116,21.06184,453.773,0,0.05993173,0,-0.9982025;
custom,cuboid,default,1,10,1,0,1,1,1,1,1,-395.2247,51.08596,-118.1523,0,0.9530726,0,-0.3027419;
custom,cuboid,default,1,10,1,0,1,1,1,1,1,-518.4855,50.80633,-29.84298,0,0.9510728,0,-0.3089671;
custom,cuboid,default,1,10,1,0,1,1,1,1,1,-509.5882,47.80634,-187.4039,0,0.9950608,0,-0.09926748;
custom,cuboid,default,1,10,1,0,1,1,1,1,1,-492.7403,52.17731,84.55711,0,0.9993889,0,0.03495537;
custom,cuboid,default,1,10,1,0,1,1,1,1,1,-358.9107,51.37744,48.7471,0,0.9993889,0,0.03495537;
custom,cuboid,default,1,10,1,0,1,1,1,1,1,-434.5045,48.37743,0.175359,0,0.9993889,0,0.03495537;
custom,cuboid,default,1,10,1,0,1,1,1,1,1,-285.729,50.45383,-56.29824,0,0.9933159,0,0.1154274;
custom,cuboid,default,1,10,1,0,1,1,1,1,1,-449.1496,49.82248,200.733,0,0.04152907,0,-0.9991373;
custom,cuboid,default,1,10,1,0,1,1,1,1,1,-346.137,48.47345,307.9777,0,0.02191574,0,-0.9997599;
base,aot_supply,34.1566,3.317786,-34.46503,0.003197237,0.706852,-0.7073472,0.003195007;
custom,cuboid,default,1,1,1,1,0,0.625,0,1,1,34.01688,0.1505704,-35.04039,0,0.9999859,0,0.005318702;
custom,cuboid,default,1,1,1,1,0,0.625,0,1,1,70.24416,0.2107488,492.0678,0,0.9531424,0,-0.3025222;
base,aot_supply,70.59198,3.17957,492.6002,-0.2035245,0.6773983,-0.6769263,-0.2036666;
custom,cuboid,default,1,1,1,1,0,0.625,0,1,1,494.3275,399.7778,-501.7207,0,0.9999664,0,-0.008199803;
base,aot_supply,494.1661,403.1357,-500.9936,-0.002856796,0.7018988,-0.7122654,-0.002815219;
custom,cuboid,default,1,1,1,1,0,0.625,0,1,1,-460.8874,0.05531262,-528.3328,0,0.9991201,0,0.04194205;
base,aot_supply,-460.8507,3.214968,-527.7889,0.02639109,0.7115226,-0.7016573,0.02676216;
custom,cuboid,default,1,15,1,0,1,1,1,1,1,-466.9166,83.04655,-337.2871,0,-0.06825157,0,0.9976681;
custom,cuboid,default,1,15,1,1,0.8636364,0.8636364,0.875,1,1,288.096,40.32485,504.7234,0,0.7135537,0,-0.7006006;
custom,cuboid,default,1,40,1,0,1,1,1,1,1,-466.652,150.0488,-438.699,0,0.747812,0,-0.6639106;
custom,cuboid,default,1,15,1,1,0.8636364,0.8636364,0.875,1,1,200.3066,40.12485,566.1558,0,0.7135537,0,-0.7006006;
custom,cuboid,default,1,15,1,1,0.8636364,0.8636364,0.875,1,1,396.1093,40.32485,558.2081,0,0.7135537,0,-0.7006006;
custom,cuboid,default,1,1,1,1,0,0.625,0,1,1,64.85882,9.716348,484.1734,0,0.9556128,0,-0.2946256;
custom,cuboid,default,1,1,1,1,0,0.625,0,1,1,494.1876,409.4432,-511.2703,0,0.9999931,0,-0.003726398;
custom,cuboid,default,1,1,1,1,0,0.625,0,1,1,-459.968,9.94649,-537.8786,0,0.9986535,0,0.0518768;
custom,cuboid,default,0.1,1.5,1,1,0,0,0,1,1,40.49092,45.01926,-49.80745,0,0.9998313,0,-0.01836654;
custom,cuboid,default,1,10,1,1,0.8522727,0.8409091,0.8295454,1,1,346.3514,40.52354,46.9821,0,0.4881684,0,-0.8727494;
custom,cuboid,default,0.1,0.5,1,1,0,0,0,1,1,12.90462,26.20934,-49.66281,0.704583,0.7095193,0.008489205,0.008548678;
custom,cuboid,default,0.1,0.3,1,1,0,0,0,1,1,16.71886,12.45298,-49.71366,0.4314889,0.9013937,0.01560783,0.03260528;
custom,cuboid,default,0.1,0.5,1,1,0,0,0,1,1,16.81976,24.60985,-49.77981,-0.3323233,0.9426331,-0.0105359,0.02988498;
custom,cuboid,default,0.1,0.5,1,1,0,0,0,1,1,17.09105,20.83277,-49.92503,0.2890178,0.9572727,0.002857217,0.009463561;
custom,cuboid,default,0.1,0.5,1,1,0,0,0,1,1,13.52087,18.99274,-49.76556,0.7008751,0.7132156,0.006928818,0.007050815;
custom,cuboid,default,0.1,0.5,1,1,0,0,0,1,1,9.658822,17.15274,-49.86602,0.3567206,0.9341589,0.003526525,0.009235058;
custom,cuboid,default,0.1,0.5,1,1,0,0,0,1,1,9.653441,13.83274,-49.88641,-0.3272021,0.9449027,-0.003234703,0.009341272;
custom,cuboid,default,0.1,0.5,1,1,0,0,0,1,1,13.30933,11.63278,-49.8447,0.7091627,0.70472,0.01488302,0.01538393;
custom,cuboid,default,0.1,1.5,1,1,0,0,0,1,1,30.35874,45.29924,-49.79662,0,0.9998313,0,-0.01836654;
custom,cuboid,default,0.1,0.5,1,1,0,0,0,1,1,3.825733,13.35919,-49.58538,0.2972634,0.9544029,0.008141485,0.0261393;
custom,cuboid,default,0.1,1,1,1,0,0,0,1,1,2.144995,10.95924,-49.71588,-0.2129507,0.9766793,-0.005832318,0.02674941;
custom,cuboid,default,0.1,1.5,1,1,0,0,0,1,1,-2.620562,18.62183,-49.70802,0,0.9996251,0,0.0273801;
custom,cuboid,default,0.1,0.3,1,1,0,0,0,1,1,-9.703612,11.49759,-49.85674,0.7044477,0.7093823,0.01622597,0.01633965;
custom,cuboid,default,0.1,0.3,1,1,0,0,0,1,1,-7.665771,12.53759,-49.76279,0.3105944,0.9502636,0.007154109,0.02188802;
custom,cuboid,default,0.1,0.3,1,1,0,0,0,1,1,-6.937346,14.73758,-49.92899,0,0.9997348,0,0.02302749;
custom,cuboid,default,0.1,0.3,1,1,0,0,0,1,1,-7.749358,16.61758,-49.68679,-0.3673784,0.9297864,-0.008462058,0.02141638;
custom,cuboid,default,0.1,0.3,1,1,0,0,0,1,1,-9.868953,17.41762,-49.74446,0.7106109,0.7032083,0.01636797,0.01619743;
custom,cuboid,default,0.1,0.7,1,1,0,0,0,1,1,-14.90774,14.65517,-49.45183,0,0.9998257,0,0.01867098;
custom,cuboid,default,0.1,0.7,1,1,0,0,0,1,1,-19.91209,14.68968,-49.9669,0,0.9999013,0,-0.01404983;
custom,cuboid,default,0.1,0.7,1,1,0,0,0,1,1,-23.58971,14.74343,-49.70324,0,0.9994955,0,0.03176055;
custom,cuboid,default,0.1,0.7,1,1,0,0,0,1,1,-27.74734,14.59125,-49.57361,0,0.9995624,0,0.02958112;
custom,cuboid,default,0.1,0.7,1,1,0,0,0,1,1,-31.2402,14.71125,-49.48036,0,0.9995624,0,0.02958112;
custom,cuboid,default,0.1,0.7,1,1,0,0,0,1,1,-34.70252,14.59125,-49.76022,0,0.9995624,0,0.02958112;
custom,cuboid,default,0.1,0.4,1,1,0,0,0,1,1,-21.59664,11.68635,-49.78174,0.7011001,0.712449,0.02075084,0.02108674;
custom,cuboid,default,0.1,0.4,1,1,0,0,0,1,1,-33.11404,17.77194,-49.64071,0.7070861,0.7070848,0.005496711,0.005496699;
custom,cuboid,default,0.1,0.4,1,1,0,0,0,1,1,-29.43222,17.81194,-49.74293,0.7120045,0.7021319,0.005534943,0.005458193;
custom,cuboid,default,0.1,0.3,1,1,0,0,0,1,1,9.503073,25.33632,-49.88837,0.4266953,0.9043139,0.005183739,0.01098613;
custom,cuboid,default,0.1,1.5,1,1,0,0,0,1,1,16.94844,45.19266,-49.98272,0,0.9999722,0,-0.007455681;
custom,cuboid,default,0.1,0.9,1,1,0,0,0,1,1,37.82048,48.5873,-49.8899,0.3103306,0.9505799,-0.002991057,-0.009161989;
custom,cuboid,default,0.1,0.9,1,1,0,0,0,1,1,32.88654,49.02729,-49.84455,-0.299027,0.954196,0.00288211,-0.009196826;
custom,cuboid,default,0.1,0.7,1,1,0,0,0,1,1,13.3523,41.20487,-49.85746,0,0.9999536,0,-0.009634629;
custom,cuboid,default,0.1,0.3,1,1,0,0,0,1,1,18.58193,43.88498,-49.80745,0.7033624,0.7107662,-0.006776948,-0.006848293;
custom,cuboid,default,0.1,0.3,1,1,0,0,0,1,1,20.33609,43.0049,-49.9361,-0.2806537,0.9597608,0.00270412,-0.009247368;
custom,cuboid,default,0.1,0.3,1,1,0,0,0,1,1,21.00175,40.68489,-49.90059,0.01082064,0.999895,-0.0001042559,-0.009634102;
custom,cuboid,default,0.1,0.3,1,1,0,0,0,1,1,20.01999,38.60487,-49.8335,0.4162616,0.9091939,-0.004010716,-0.008760162;
custom,cuboid,default,0.1,0.4,1,1,0,0,0,1,1,18.40155,38.20485,-49.89128,0.7095378,0.7046016,-0.006836453,-0.006788894;
custom,cuboid,default,0.1,0.7,1,1,0,0,0,1,1,24.44566,41.28111,-49.92197,0,0.9999723,0,-0.007443403;
custom,cuboid,default,0.1,0.4,1,1,0,0,0,1,1,25.96786,38.16111,-49.96775,0.7033751,0.7107799,-0.005235651,-0.005290768;
custom,cuboid,default,0.1,0.4,1,1,0,0,0,1,1,25.93008,41.04113,-49.85057,0.7083203,0.705852,-0.00527246,-0.005254084;
custom,cuboid,default,0.1,0.3,1,1,0,0,0,1,1,27.41173,39.88113,-49.72437,0,0.9999723,0,-0.007443403;
custom,cuboid,default,0.1,0.3,1,1,0,0,0,1,1,26.16651,44.24113,-49.98203,-0.7046147,0.7095512,0.005244878,-0.005281623;
custom,cuboid,default,0.1,0.3,1,1,0,0,0,1,1,11.77093,41.0057,-49.82848,0.7071025,0.7071022,0.002504161,0.002504161;
custom,cuboid,default,0.1,0.3,1,1,0,0,0,1,1,11.738,44.19139,-49.72543,0.7033464,0.7107505,-0.008250803,-0.008337655;
custom,cuboid,default,0.1,0.3,1,1,0,0,0,1,1,10.65361,42.27138,-49.89928,0,0.9999312,0,-0.01172997;
custom,cuboid,default,0.1,0.3,1,1,0,0,0,1,1,11.57249,38.23135,-49.95827,0.7073051,0.7068111,-0.008297234,-0.008291443;
custom,cuboid,default,0.1,1.5,1,1,0,0,0,1,1,0.8767704,44.86969,-49.86055,0,0.9997441,0,-0.02262404;
custom,cuboid,default,0.1,0.4,1,1,0,0,0,1,1,-0.9592494,44.55312,-49.85088,0.7074442,0.7064568,0.01486769,0.01484695;
custom,cuboid,default,0.1,0.4,1,1,0,0,0,1,1,-0.9224751,38.11313,-49.83897,0.7034878,0.7103968,0.01478454,0.01492977;
custom,cuboid,default,0.1,0.3,1,1,0,0,0,1,1,-2.89355,43.32431,-49.91369,0.1959257,0.980512,0.002834902,0.0141873;
custom,cuboid,default,0.1,0.3,1,1,0,0,0,1,1,-2.71704,39.24429,-49.78874,-0.3040013,0.9525618,-0.004398679,0.01378288;
custom,cuboid,default,0.1,0.3,1,1,0,0,0,1,1,-3.526296,41.32431,-49.87399,0,0.9998953,0,0.01446776;
custom,cuboid,default,0.1,0.5,1,1,0,0,0,1,1,-7.239363,39.86831,-49.91568,0.2906383,0.956602,0.006112368,0.02011819;
custom,cuboid,default,0.1,1,1,1,0,0,0,1,1,-9.129267,37.54198,-49.77919,-0.2085743,0.9779083,0.002892599,-0.01356204;
custom,cuboid,default,2,10,2,1,0.8522727,0.8409091,0.8295454,1,1,592.5626,49.94234,215.7479,0,0.08543745,0,0.9963436;
custom,cuboid,default,2,10,2,1,0.8522727,0.8409091,0.8295454,1,1,581.717,42.66174,367.4058,0,0.9867113,0,0.1624834;
custom,cuboid,default,1,10,1,1,0.8522727,0.8409091,0.8295454,1,1,37.23136,453.8241,-382.1951,0,0.9676699,0,0.2522201;
custom,cuboid,default,20,1,1,1,0.8522727,0.8409091,0.8295454,1,1,188.1694,494.966,-149.8738,-0.0003519414,0.09165795,-0.003823589,0.9957832;
custom,cuboid,default,20,1,1,1,0.8522727,0.8409091,0.8295454,1,1,163.3328,409.555,-207.8185,0,0.07667996,0,0.9970558;
custom,cuboid,default,1,15,1,1,0.8522727,0.8409091,0.8295454,1,1,139.7314,451.2345,69.7153,0,-0.1559237,0,0.9877691;
custom,cuboid,default,1,15,1,1,0.8522727,0.8409091,0.8295454,1,1,286.5042,424.7635,68.21983,0,0.2525578,0,0.9675818;
custom,cylinder,default,2,22,2,1,1,0.4204546,0,1,1,320.4236,819.1304,-328.6169,0,0.9179794,0,-0.3966281;
custom,cylinder,default,2,22,2,1,1,0.4204546,0,1,1,306.0616,817.681,-154.18,0,0.4580062,0,-0.888949;
custom,cylinder,default,2,15,2,1,1,0.4204546,0,1,1,481.1063,717.822,-135.8257,0,0.2183246,0,0.9758762;
custom,cylinder,default,2,22,2,1,1,0.4204546,0,1,1,499.0273,921.2163,-317.3047,0,0.9461699,0,0.3236705;
custom,cylinder,default,1,2,1,1,1,0.4204546,0,1,1,610.2018,23.19756,-165.6525,0,0.64411,0,0.7649329;
custom,cylinder,default,1,2,1,1,1,0.4204546,0,1,1,-92.919,418.7051,437.4716,0,0.9999999,0,0.0005642931;
custom,cuboid,default,1,12,1,0,1,0.4204546,0,1,1,319.2282,442.26,266.7693,0,0.679767,0,0.7334282;
custom,cuboid,default,1,12,1,0,1,0.4204546,0,1,1,192.4064,455.6999,158.8923,0,0.9903876,0,-0.1383202;
custom,cylinder,default,1,8,1,1,1,0.4204546,0,1,1,482.8385,690.3151,-506.9927,0.704546,0.7095689,-0.009210384,-0.006497901;
