custom,plane,lava1,150,1,150,0,1,1,1,1.0,1.0,-29.09404,0.4976051,75.05824,0,0.9999884,0,-0.004814531;
racing,killCuboid,150,1,150,-28.95843,-2.482387,74.5562,0.0001674785,0.004629375,0.0006970983,0.999989;
custom,cuboid,brick4,10,5,10,0,1,1,1,1.0,1.0,-549.5176,15.71301,548.3734,-0.001483936,0.7085264,-0.001477975,0.7056812;
racing,killCuboid,10.5,5.5,10.5,-548.6167,14.12105,548.6797,-0.002480925,0.7097467,-0.002455537,0.7044484;
custom,cuboid,brick4,10,1,15,0,1,1,1,1.0,1.0,-549.2803,68.2197,601.5343,-0.7014101,-0.003665895,0.002447492,-0.7127444;
custom,cuboid,brick4,10,1,15,0,1,1,1,1.0,1.0,-550.2468,66.35452,496.9059,-0.7071056,0.001655819,0.00165582,0.7071042;
custom,cuboid,brick4,11,1,15,0,1,1,1,1.0,1.0,-604.7604,66.5582,547.1866,-0.4990161,0.5078062,0.497929,0.495159;
racing,killCuboid,10,1,10,-551.0149,137.4298,548.7536,-0.004429875,0.7052748,-0.004455793,0.7089062;
spawnpoint,playerC,-557.3631,57.80964,550.579,0,0.7072113,0,-0.7070023;
custom,cuboid,brick4,2,1,8,0,1,1,1,1.0,1.0,-517.6344,41.02993,549.3522,7.225603E-06,0.9999706,-0.005235985,-0.005601373;
custom,cuboid,brick4,2,1,8,0,1,1,1,1.0,1.0,-558.6763,40.3974,550.4145,-1.415391E-08,1,-1.842817E-08,-0.0001400454;
racing,killCuboid,12,1,12,-554.6556,138.9425,548.8583,0.00241769,0.7052862,-0.002522647,-0.7089141;
custom,cuboid,brick4,11,0.6,1.5,0,1,1,1,1.0,1.0,-440.5202,55.44382,601.0468,0.5139725,-0.4902073,0.4950693,-0.5004353;
custom,cuboid,brick4,11,0.6,1.5,0,1,1,1,1.0,1.0,-443.3409,56.43694,494.4009,-0.4848828,-0.5064835,0.5105375,0.4977094;
racing,killCuboid,15,0.6,6,-478.0914,68.72441,601.9285,-0.4936435,-0.5158169,-0.5013344,-0.4887873;
racing,killCuboid,15,0.6,6,-480.8484,65.72723,494.5159,0.4960714,0.5058398,0.5073947,0.4904998;
racing,killCuboid,11,0.6,6,-409.8771,57.06269,505.6039,0.5696495,0.5953869,-0.4063027,-0.3948825;
racing,killCuboid,11,0.6,6,-409.5,55.67849,587.9022,-0.3882911,-0.3853149,0.6040511,0.5795557;
racing,killCuboid,11,0.6,6,-475.4346,123.4631,548.1943,0.137918,0.6852674,0.13442,-0.7023664;
custom,cuboid,brick4,11,0.6,1.5,0,1,1,1,1.0,1.0,-443.0609,112.6868,547.2736,0.0004942873,0.6925662,-0.0004930187,-0.7213541;
custom,cuboid,brick4,10,0.6,1.15,1,0.1931818,0.2954545,0.3068182,1.0,1.0,-429.9551,113.3816,545.4096,-0.003395694,0.6948478,0.00351441,-0.7191403;
custom,cuboid,brick4,9,0.6,1.5,1,0.1931818,0.3636363,0.3068182,1.0,1.0,-417.4098,113.2808,545.8817,-0.003392193,0.6941313,0.00351779,-0.7198318;
custom,cuboid,brick4,8,0.6,1.5,1,0.1931818,0.4886363,0.3068182,1.0,1.0,-402.4751,113.0963,545.6983,-0.001933712,0.692458,0.002014682,-0.7214529;
custom,cuboid,brick4,7,0.6,1.5,1,0.1931818,0.625,0.3068182,1.0,1.0,-391.5257,113.012,545.1927,-0.002181029,0.694241,0.002261125,-0.7197358;
racing,killCuboid,6,0.6,3.5,-384.0075,93.45,544.9997,0.4793904,0.5159497,0.4721635,-0.5301344;
racing,killCuboid,6,0.6,3.5,-386.9221,15.85102,546.9625,0.4955864,0.5041526,0.4885578,-0.5114056;
racing,startCuboid,6,0.6,5,-383.3152,54.09087,545.5058,-0.4832872,-0.5166034,0.492298,-0.5071461;
custom,prism,wood4,1,0.1,1,1,0.9659091,0.625,0.3068182,1.0,1.0,-385.0918,85.99115,545.382,0.4793507,-0.5204325,-0.5100005,-0.4891549;
custom,cuboid,brick4,45,0.5,6,0,1,1,1,1.0,1.0,-159.9,79.71315,537.183,0.002693093,0.9998818,0.001154307,-0.01509518;
racing,killCuboid,45.2,0.6,6.2,-158.877,79.72097,536.9813,-0.0173966,-0.00358456,-0.9998389,-0.002598565;
racing,killCuboid,45,0.5,9,-159.7096,34.47773,567.9965,-0.7180178,0.007140036,0.007208883,0.6959509;
racing,killCuboid,45,0.5,9,-162.7152,35.62685,508.2177,0.7138973,-0.01582976,-0.01243554,-0.6999611;
custom,cuboid,brick4,9,0.3,2,0,1,1,1,1.0,1.0,29.59197,34.3151,500.2004,0.5033093,0.5126338,0.4864158,0.4972786;
racing,killCuboid,9,1,2,74.38149,30.80473,560.1621,0.5034974,0.5155575,0.4833046,0.4970992;
racing,killArc90,9,18,2,94.69444,19.90822,517.9013,0,0.8381457,0,-0.5454465;
racing,killArc90,9,18,2,66.24681,19.65767,457.7232,0,-0.2680495,0,0.9634051;
racing,killArc180,9,18,2,-54.5834,1.58784,479.1284,-0.6413989,0.7671049,0.008049644,-0.009628042;
racing,killArc90,9,18,2,-12.32099,16.97437,453.2733,-0.004743882,0.0008033057,0.02941534,0.9995557;
racing,killCuboid,9,1,4,-80.40309,25.08758,459.5992,-0.4637284,-0.4856331,0.5125489,0.5351731;
racing,killArc90,9,18,2,-133.409,15.6799,462.5417,0,0.4394427,0,0.8982707;
racing,killArc90,9,18,2,-65.23206,15.79358,422.6021,0,0.07102419,0,-0.9974746;
racing,killArc90,9,18,2,-8.293074,17.1801,415.7451,0.006682903,-0.5256144,-0.01382808,0.8505843;
racing,killCuboid,9,0.5,6,-105.2829,27.03444,387.7652,-0.7069035,-0.7034588,0.04304512,0.05983584;
racing,killCuboid,9,0.5,30,-130.4034,30.55883,210.2509,-0.05538669,-0.04235122,-0.7069414,-0.7038271;
racing,killCuboid,9,0.5,11,-43.1219,18.96431,333.0614,0.5405554,-0.463106,0.4691168,0.5227448;
custom,cuboid,brick4,1,0.5,1,0,1,1,1,1.0,1.0,-50.89264,69.38424,284.1744,-0.4689474,-0.5340347,0.527374,-0.4655879;
racing,killCuboid,1,0.5,1,-50.89878,59.52938,284.1461,-0.4819702,0.5163415,0.5287455,0.4706638;
racing,killCuboid,1,0.5,1,-50.53661,49.61759,284.1034,-0.4712313,0.5214831,0.5399202,0.4631228;
racing,killCuboid,4,0.5,1,-50.00898,35.21402,283.7289,0.04911484,0.03823729,0.7137646,0.6976144;
racing,killCuboid,9,0.5,30,-69.75202,31.28676,130.0474,0.05119874,0.04085048,0.7160647,0.6949542;
racing,killPrism,0.1,0.1,0.1,-50.49215,15.78746,283.3652,-0.4765254,0.5229474,0.5156963,0.4832254;
custom,cuboid,brick4,9,0.5,9,0,1,1,1,1.0,1.0,-131.7109,32.81808,-16.29486,-0.7019657,0.04334114,0.04515148,0.7094555;
racing,killArc180,9,18,9,-204.9276,31.28491,1.24911,-6.232523E-05,0.08237704,-0.000343457,0.9966012;
map,disablebounds;
racing,killArc180,9,18,9,-56.57138,30.98958,-115.874,0,0.9974543,0,-0.071309;
racing,killArc180,9,18,9,-232.0621,31.34654,-177.9053,0,0.06518251,0,0.9978734;
racing,killArc180,9,18,9,-105.7169,31.24596,-256.7515,0,0.8994942,0,-0.4369327;
custom,cylinder,brick4,9,0.3,1,0,1,1,1,1.0,1.0,-195.8297,34.20927,-267.8802,-0.06393556,-0.06548242,0.6993015,0.7089441;
custom,cuboid,brick4,3,0.3,3,0,1,1,1,1.0,1.0,-188.5596,32.03329,-253.2377,0.02024938,0.9666952,-0.005342999,-0.2550721;
racing,checkpointCuboid,1.5,1,1.5,-188.9998,39.4192,-251.8402,0,0.9711381,0,-0.238518;
racing,killCuboid,9,2,6,-138.1126,32.76732,-187.257,0.5170558,0.5225811,0.4798033,0.4789063;
racing,killCuboid,9,0.5,6,-56.13376,29.71336,499.569,0.02012501,-0.7059264,0.7078778,0.01311702;
racing,killCuboid,9,5,6,-74.56091,46.44113,471.7259,0.007564504,0.006981108,0.9999471,-5.280989E-05;
racing,killCuboid,30,1,40,-139.4819,82.94022,-118.024,0,0.02076185,0,0.9997845;
racing,killCuboid,30,1,40,-100.3942,76.52106,266.6149,-0.9986433,0.0003425599,0.05164906,0.006623704;
racing,killCuboid,20,1,15,40.23703,77.75381,511.4258,0.0369313,0.004098273,0.999079,-0.02145666;
racing,killCuboid,10,0.5,5,-109.4672,67.61858,484.1297,0,0.03016413,0,0.999545;
custom,cuboid,grass2,3,3,3,0,1,1,1,1.0,1.0,202.2189,14.4967,250.6569,0,0.6989661,0,-0.7151548;
racing,killCuboid,9,1,30,91.20727,29.58916,217.8504,0.4824417,-0.4863404,-0.5197057,0.5105184;
racing,killCuboid,9,1,9,126.4369,26.99502,513.8389,0.40802,-0.5668139,0.515989,0.495981;
racing,killCuboid,9,1,30,101.0742,30.20338,294.0953,0.4866345,0.4790214,-0.5227907,-0.510309;
racing,killCuboid,4,1,4,97.05972,13.71186,257.4016,0.5043918,-0.4941632,0.4952172,0.5061143;
racing,killCuboid,10,1,10,241.5481,23.92422,246.2471,0.5556108,0.4639293,0.4307595,-0.5389922;
racing,killCuboid,20,1,9,47.37455,72.80901,261.431,0.001513976,0.9993919,0.003440235,-0.03466757;
racing,killCuboid,100,1,10,150.0413,574.8121,255.8826,0.7027218,0.7111627,-0.01576032,-0.01346731;
racing,killCuboid,100,1,10,238.1937,572.6096,250.9729,-0.7091089,-0.7050899,-0.0009328643,0.003479014;
custom,cuboid,brick4,100,1,10,0,1,1,1,1.0,1.0,189.1902,665.7209,218.5687,-0.5112785,-0.5150604,-0.4873003,-0.4856394;
racing,killCuboid,100,1,10,190.1667,574.6393,292.5228,0.5068134,0.5029153,0.5008328,0.4892679;
racing,killCylinder,4,4,4,196.7535,270.8574,265.5081,0.02352905,-0.7108948,0.7025044,0.02372161;
racing,killCuboid,100.5,1.5,10.5,189.1772,664.4556,218.4571,-0.4901673,0.4870298,0.5084088,-0.5138662;
racing,killCuboid,10,1,10,191.8534,116.2024,212.2739,-0.7079382,-0.02980487,0.02227369,-0.7052937;
racing,killTorus,5,3,5,193.4925,420.6278,255.4956,0,0.9974379,0,-0.07153753;
racing,killTorus,5,5,5,194.544,456.0363,255.9885,0,0.999246,0,-0.03882593;
racing,killTorus,5,10,5,194.9899,478.1454,254.6077,0,0.9992465,0,-0.0388145;
racing,killSphere,3,3,3,194.7087,519.8882,255.0838,0,0.9991606,0,-0.04096391;
racing,killPrism,3,3,3,194.1691,632.7722,258.4636,0,0.9991643,0,-0.04087303;
racing,killPrism,3,3,3,189.6433,712.9344,255.7331,5.314875E-11,-0.03388272,-1.500048E-09,-0.9994258;
racing,killCuboid,9,1,9,217.7389,901.9589,257.8115,0.7199662,0.6931078,-0.01192731,-0.03328874;
racing,killCuboid,9,1,9,177.1046,932.8583,267.3316,0.636893,0.769871,-0.02601807,-0.03145046;
racing,killCuboid,9,1,1,157.2184,71.19543,250.7788,-0.02610432,0.7119037,-0.02571626,0.7013205;
custom,cuboid,brick4,2,2,2,0,1,1,1,1.0,1.0,185.1368,1135.495,230.4591,0,0.9999254,0,-0.01221869;
custom,boulder1,default,0.1,0.1,0.1,0,0.6590909,0.2840909,0.7386363,1.0,1.0,188.8011,1145.858,232.1585,0,0.9995649,0,-0.02949446;
custom,cuboid,brick4,10,0.5,10,0,1,1,1,1.0,1.0,187.8078,1163.346,267.3021,0,0.9999695,0,-0.007811868;
custom,cuboid,brick4,10,0.5,10,0,1,1,1,1.0,1.0,240.0267,1121.291,263.722,0.503939,0.4979244,0.49494,-0.5031415;
custom,cuboid,brick4,10,0.5,10,0,1,1,1,1.0,1.0,188.9623,1120.888,307.1484,0.008975754,0.7055622,0.708531,-0.00923734;
custom,cuboid,brick4,10,0.5,40,0,1,1,1,1.0,1.0,-62.30363,1115.158,228.5131,-0.5175067,-0.5040104,-0.4967647,-0.4810252;
custom,cuboid,brick4,10,1,1,1,0.3068182,0.5,0,1.0,1.0,-261.9407,1114.539,236.9615,0.5170403,0.5081816,0.4961182,0.4777945;
custom,cuboid,brick4,10,0.5,45,0,0.3068182,0.5,0,1.0,1.0,-77.77052,1117.735,308.3813,0.5064676,-0.4988279,0.5028167,-0.4917689;
custom,cuboid,brick4,10,0.5,45,0,0.3068182,0.5,0,1.0,1.0,-75.93355,1073.56,267.5222,0,0.716858,0,0.6972192;
racing,killCuboid,10,0.5,45,-82.55711,1166.736,268.8392,0,0.7122614,0,0.7019144;
custom,cuboid,brick4,10,0.5,20,0,0.3068182,0.5,0,1.0,1.0,-304.4701,1118.369,210.8648,-0.7049964,-0.7088205,0.01613157,0.01712882;
racing,killCuboid,10,0.5,20,-307.9339,1119.287,209.5875,-0.6954669,-0.7184668,0.01044754,0.004710901;
custom,cuboid,brick4,10,0.5,40,0,0.3068182,0.5,0,1.0,1.0,-107.9409,1120.316,105.0944,-0.5045971,-0.5164284,-0.4886844,-0.4897663;
racing,killCuboid,30,0.51,45,-79.3811,1169.953,211.721,0,0.7112944,0,-0.7028942;
racing,killCuboid,30,0.51,45,-91.7602,1074.538,205.5417,0.7066935,0.001727135,-0.7075177,0.0002545135;
custom,boulder1,default,0.1,0.1,0.1,0,0.6590909,0.2840909,0.7386363,1.0,1.0,188.1917,1146.096,229.9334,0.001346231,0.9319727,-0.0003704243,0.3625257;
custom,cuboid,brick4,10,1,15,0,1,1,1,1.0,1.0,134.4314,1117.74,140.065,0.005169796,-0.004972696,0.7065968,0.7075801;
custom,cuboid,brick4,10,0.5,40,0,1,1,1,1.0,1.0,-69.51427,1117.794,64.51157,-0.5012396,-0.5065085,0.4969078,0.4952682;
custom,boulder1,default,0.1,0.1,0.1,0,0.6590909,0.2840909,0.7386363,1.0,1.0,187.1706,1145.85,228.2618,0,0.8643989,0,0.5028067;
custom,cuboid,brick4,10,0.5,10,0,1,1,1,1.0,1.0,-319.3265,1116.633,61.14269,0.7052995,0.0008620105,0.003651504,-0.7088996;
custom,cuboid,brick4,10,0.5,25,0,1,1,1,1.0,1.0,-362.9674,1115.239,186.8532,-0.013261,-0.006262716,-0.7053114,-0.708746;
custom,cuboid,brick4,10,0.5,5,0,1,1,1,1.0,1.0,-359.0167,1113.63,333.7276,-0.709084,-0.7050112,0.003116339,0.01222062;
racing,killCuboid,10,0.5,50,-104.5181,1115.534,355.735,0.497644,0.5011179,0.501334,0.4998956;
racing,killCuboid,10,0.5,40,-328.9031,1167.826,204.9527,2.799554E-09,0.007548477,-2.313376E-09,0.9999716;
racing,killCuboid,10.5,0.6,45.5,-83.45693,1113.865,310.6539,0.4952332,0.5016335,-0.5138304,-0.4889645;
racing,killCuboid,5,2,1,139.4867,1155.594,336.341,0,0.706199,0,-0.7080134;
racing,killCuboid,5,2,1,145.3796,1137.986,335.6885,0,0.7126157,0,0.7015547;
racing,killCuboid,5,2,1,144.1921,1118.583,336.0782,0,0.6940045,0,0.7199707;
racing,killCuboid,5,2,1,132.6143,1085.495,335.2426,0,0.7156666,0,0.6984421;
racing,killCuboid,5,2,1,138.866,1084.807,334.2768,0,0.7000116,0,-0.7141315;
racing,killCylinder,5,2,1,139.0371,1095.349,340.9094,0.4972845,0.5120841,0.4879031,0.5024228;
racing,killCuboid,30,1,5,-335.3055,1065.642,206.4963,0,0.7164699,0,0.697618;
custom,cuboid,brick4,10,1,5,0,1,1,1,1.0,1.0,187.9032,1075.684,333.9247,0,0.9999643,0,-0.008450366;
custom,cuboid,brick4,10,1,5,0,1,1,1,1.0,1.0,238.8,1116.19,332.9953,0.005090742,0.005101099,0.7075819,0.7065946;
custom,cuboid,brick4,10,1,5,0,1,1,1,1.0,1.0,193.0197,1165.166,336.8416,0,0.9998959,0,-0.01443004;
custom,cuboid,brick4,10,0.7,8,0,1,1,1,1.0,1.0,194.0524,1129.888,356.3492,0.009340728,-0.69485,0.7190371,0.009057024;
custom,cuboid,stone5,10,10,3,0,1,1,1,1.0,1.0,195.8812,1108.896,409.7711,-0.01066331,0.7038118,-0.7102278,-0.01056696;
racing,checkpointCuboid,1,1,1,227.9799,1155.039,314.1302,0,0.7183875,0,0.6956432;
racing,killCuboid,0.1,0,1,2,215.6872,1152.1,318.5198,-0.999915,-0.002421716,-0.0115426,0.00556211;
racing,killCuboid,0.1,0,1,2,225.028,1152.01,328.737,0,0.6891758,0,0.7245942;
racing,killCuboid,0.1,0,1,2,225.3517,1158.039,318.5268,0.0107531,0.005747646,0.7306912,0.6825992;
racing,killSphere,0.4,0.4,0.4,136.8674,1101.75,316.1211,0,0.7145464,0,0.6995881;
custom,cuboid,stone5,10,10,3,0,1,1,1,1.0,1.0,258.3849,1073.539,409.486,0.7093128,0.00468765,0.7048731,0.002710761;
custom,cuboid,stone5,10,10,3,0,1,1,1,1.0,1.0,131.3418,1073.913,412.8087,-0.002252688,0.7148068,-0.00218955,0.699315;
custom,cuboid,stone5,10,10,3,0,1,1,1,1.0,1.0,195.1254,1037.592,410.3907,-0.00554532,0.6948652,-0.7190701,-0.00835257;
racing,killCuboid,10.1,10.1,3.1,194.1247,1108.802,410.6412,0.005816908,0.711189,0.7029241,-0.008615554;
racing,killCuboid,10.1,10.1,3.1,258.2302,1073.281,409.3359,0.004726554,0.7047698,-0.005137868,-0.7094017;
racing,killCuboid,10.1,10.1,3.1,131.4287,1073.803,413.2633,-0.004876221,0.7169798,-0.004495397,0.6970625;
racing,killCuboid,10.1,10.1,3.1,194.9886,1037.444,410.2996,0.006715504,-0.696359,0.7175797,0.01088839;
custom,cuboid,stone5,10,3,3,0,1,1,1,1.0,1.0,193.0772,1065.233,346.8693,3.773035E-07,0.9999666,1.120344E-05,-0.008180172;
custom,sphere,stone5,2,2,2,0,1,1,1,1.0,1.0,193.8006,1064.02,357.0018,0,0.9999321,0,-0.01165273;
racing,killSphere,2.1,2.1,2.1,193.6785,1063.808,356.5629,0,0.9994401,0,-0.03345847;
custom,cuboid,stone5,10,10,3,0,1,1,1,1.0,1.0,196.5513,1088.251,504.038,0.008736649,0.5314358,0.847045,-0.003799645;
custom,cuboid,stone5,10,10,3,0,1,1,1,1.0,1.0,197.0822,1131.121,549.033,-0.0005982119,0.9969126,0.07845762,-0.003057023;
custom,cuboid,stone5,10,10,3,0,1,1,1,1.0,1.0,196.3021,1017.101,488.9954,0.01836181,0.5357001,0.8441283,-0.01165275;
custom,cuboid,stone5,10,10,3,0,1,1,1,1.0,1.0,198.6655,1027.252,565.7648,0.003562604,0.944321,0.3288473,-0.0102304;
custom,cuboid,stone5,10,10,3,0,1,1,1,1.0,1.0,199.1967,1106.822,599.7135,-0.0005565293,0.9979315,0.06348854,-0.0100757;
custom,cuboid,stone5,10,10,3,0,1,1,1,1.0,1.0,199.3348,1202.919,606.4216,-0.000697823,0.9999062,2.075915E-05,-0.01368221;
custom,cuboid,stone5,10,60,3,0,1,1,1,1.0,1.0,195.5277,1268.954,322.7229,-0.01061513,0.7119792,-0.7020721,-0.008236626;
custom,cuboid,stone5,80,60,3,0,1,1,1,1.0,1.0,-143.4072,1266.117,423.7135,-0.4978924,0.4951266,0.5045046,0.5024222;
custom,cuboid,default,40,40,1,1,0.7272727,0.3636363,0.6818182,1.0,1.0,248.7863,1179.423,395.8604,0,0.7034972,0,-0.7106981;
custom,cuboid,default,10,10,1,1,0.7272727,0.3636363,0.6818182,1.0,1.0,191.9822,1210.629,215.6696,0,0.01636259,0,0.9998661;
custom,cuboid,default,15,10,1,1,0.7272727,0.3636363,0.6818182,1.0,1.0,138.0227,1218.336,139.5694,-0.00167299,0.7062474,0.001780897,-0.707961;
racing,killCuboid,40.2,40.2,1.2,248.2087,1178.835,395.9253,0,0.7034277,0,-0.7107668;
racing,killCuboid,10.2,10.2,1.2,192.8605,1210.452,214.8022,0,0.01602371,0,0.9998716;
racing,killCuboid,15.2,10.2,1.2,137.94,1219.746,139.3524,0.0004931486,0.7063857,-0.0004941556,-0.7078269;
racing,killCuboid,70.2,70.2,4,-104.1551,1269.281,371.5375,-0.7103111,0.001207525,-0.002061797,-0.7038839;
racing,killCuboid,15,10,7,220.8518,1153.753,489.6077,-0.9754662,-0.005406882,0.006381347,0.2199904;
racing,killCuboid,15,10,7,217.3601,1177.919,403.1195,0.0002057499,0.007171653,0.009422393,0.9999299;
racing,killCuboid,16,11,1,198.3552,1166.814,285.4046,-0.4958349,-0.5040119,0.4971607,-0.5029423;
racing,killCuboid,30,40,1,144.7898,1178.641,470.2581,-0.001727581,0.7163392,-0.00172799,0.697748;
racing,killCuboid,70,15,1,-20.13664,1235.611,62.32302,-1.530157E-05,-0.007029582,-0.001047086,0.9999748;
racing,killCuboid,40,15,1,-367.0215,1236.624,159.8833,0,0.7189009,0,0.6951126;
racing,killCylinder,5,5,5,114.2348,1211.2,347.7477,0,0.04273609,0,0.9990864;
racing,killCylinder,5,5,5,65.10672,1211.069,348.3415,0,0.7048965,0,0.7093102;
racing,killCylinder,5,5,5,17.12273,1210.832,347.6899,0,0.7063839,0,0.7078289;
racing,killCylinder,5,5,5,-32.03909,1210.875,348.1369,0,0.7079082,0,0.7063044;
racing,killCylinder,5,5,5,-80.5741,1210.279,348.0246,0,0.7016994,0,0.7124731;
racing,killCylinder,5,5,5,-129.3907,1209.445,348.126,0,0.7124586,0,0.7017142;
racing,killCylinder,5,5,5,-178.5818,1208.707,347.9705,0,0.7124409,0,0.7017321;
racing,killCylinder,5,5,5,-227.737,1208.519,349.0152,0,0.7169945,0,0.6970789;
racing,killCylinder,5,5,5,-276.7531,1208.311,348.7399,0,0.7215236,0,0.6923898;
racing,killCylinder,5,5,5,-309.0942,1187.389,348.5343,0.7056233,0.7085851,0.001189127,0.001194118;
racing,killCylinder,5,5,5,-308.8,1244.906,351.7497,0.02355051,-0.005413992,0.711706,0.7020618;
racing,killCuboid,30,10,20,4.6724,1218.612,231.7684,0,0.7012685,0,0.7128974;
racing,killCuboid,20,10,3,-127.9578,1217.528,161.981,0,0.7103423,0,0.7038565;
racing,killCuboid,20,10,3,-173.5,1219.6,226.5576,-0.001704152,0.7182396,-0.002266511,0.6957902;
racing,killCuboid,25,10,2,-218.1823,1218.26,182.108,-0.002302107,0.7178839,-0.002137727,0.6961558;
racing,killCuboid,25,10,2,-249.3182,1215.23,205.3938,0,0.7177897,0,0.69626;
racing,killCuboid,5,10,1,-290.6876,1209.06,387.6717,0,0.6675956,0,-0.7445241;
racing,killCuboid,8,10,1,-332.7419,1209.27,408.8332,-0.0003487291,0.9999217,1.533076E-05,-0.01251729;
racing,killCuboid,8,10,1,-403.4996,1207.924,410.1337,0,0.999965,0,-0.008367246;
racing,killCuboid,35,10,1,-438.1037,1208.529,244.4449,0.001748577,0.7071313,0.001706405,0.7070782;
racing,killCuboid,35,10,1,-545.3213,1214.349,25.22371,7.463494E-05,0.001309913,-0.005936041,-0.9999815;
racing,killCuboid,35,10,1,-555.3104,1209.926,409.8685,-0.003832317,0.9999416,0.0001625764,0.01010579;
racing,killCuboid,40,30,1,-576.7151,1260.531,214.2832,-0.5007455,-0.499029,0.4893681,-0.51063;
racing,killCuboid,40,30,1,-514.3696,1159.37,211.9606,0.4923067,0.5066888,-0.5044848,0.4963827;
racing,killCuboid,35,10,1,-467.4896,1209.452,200.4664,-0.0006446434,0.7040418,-0.001860435,0.7101558;
racing,killCuboid,35,10,1,-495.2221,1207.492,237.6611,0,0.7006747,0,0.7134809;
racing,killCuboid,35,10,1,-526.7128,1207.373,197.3589,0,0.7033473,0,0.7108464;
racing,killCuboid,35,10,1,-556.7802,1206.268,233.0899,0,0.7033083,0,0.710885;
racing,killCuboid,35,10,1,-591.9058,1205.458,184.6111,0,0.7109882,0,0.703204;
custom,sphere,default,0.3,0.3,0.3,0,1,1,1,1.0,1.0,-582.1316,1253.831,188.0327,0,0.6836659,0,-0.7297951;
custom,sphere,default,2,2,2,1,0.7272727,0.3636363,0.6818182,1.0,1.0,-591.8138,1254.663,193.0583,0,0.01449049,0,-0.999895;
custom,sphere,default,0.3,0.3,0.3,0,1,1,1,1.0,1.0,-582.4656,1253.957,196.2051,0,0.7254534,0,-0.6882713;
custom,arc180,default,0.3,0.3,0.3,0,1,1,1,1.0,1.0,-584.9583,1248.743,192.1698,-0.01106092,0.01130175,0.4044969,0.9144027;
custom,sphere,default,1,1,1,1,0.6590909,0.2840909,0.7386363,1.0,1.0,-590.1755,1247.628,209.2784,0,0.6900789,0,-0.7237342;
custom,sphere,default,1,1,1,1,0.6590909,0.2840909,0.7386363,1.0,1.0,-590.0101,1247.909,173.839,0,0.6900789,0,-0.7237342;
custom,pyramid,default,0.2,0.2,0.2,1,0.6590909,0.2840909,0.7386363,1.0,1.0,-581.6992,1251.817,192.1991,0.5113621,0.4855282,0.5392331,-0.4604333;
racing,killCuboid,40,10,1,-723.3978,1209.67,209.8487,0,0.6990577,0,0.7150653;
racing,killCuboid,40,10,1,-699.6478,1120.659,211.4796,-0.1756284,0.6849537,0.167363,0.6870101;
custom,boulder1,default,0.1,0.1,0.1,0,0.6590909,0.2840909,0.7386363,1.0,1.0,185.606,1145.612,227.4468,0,0.8783071,0,0.478097;
custom,boulder1,default,0.1,0.1,0.1,0,0.6590909,0.2840909,0.7386363,1.0,1.0,183.9271,1145.652,226.9684,0,0.8973643,0,0.4412907;
custom,boulder1,default,0.1,0.1,0.1,0,0.6590909,0.2840909,0.7386363,1.0,1.0,182.3727,1145.695,227.5272,0,0.8814138,0,0.472345;
custom,boulder1,default,0.1,0.1,0.1,0,0.6590909,0.2840909,0.7386363,1.0,1.0,181.8163,1145.418,228.9493,0.2722213,0.7950453,0.1755502,0.5128165;
custom,boulder1,default,0.1,0.1,0.1,0,0.6590909,0.2840909,0.7386363,1.0,1.0,181.5618,1145.458,230.2505,0,0.9378143,0,0.3471374;
custom,boulder1,default,0.1,0.1,0.1,0,0.6590909,0.2840909,0.7386363,1.0,1.0,187.7117,1145.556,233.7226,0,0.9999709,0,-0.007636636;
custom,boulder1,default,0.1,0.1,0.1,0,0.6590909,0.2840909,0.7386363,1.0,1.0,186.4097,1145.328,234.6504,0.5803413,0.814209,-0.009497424,-0.01332473;
custom,boulder1,default,0.1,0.1,0.1,0,0.6590909,0.2840909,0.7386363,1.0,1.0,184.7158,1145.704,234.3777,0.002715527,0.9789028,0.003189324,0.2042837;
custom,boulder2,default,0.1,0.1,0.1,0,0.6590909,0.2840909,0.7386363,1.0,1.0,183.101,1145.507,234.1403,0,0.8005962,0,0.5992042;
custom,boulder1,default,0.1,0.1,0.1,0,0.6590909,0.2840909,0.7386363,1.0,1.0,182.562,1145.621,232.9293,0,0.7848518,0,0.6196835;
custom,boulder2,default,0.1,0.1,0.1,0,0.6590909,0.2840909,0.7386363,1.0,1.0,181.922,1145.419,231.8129,0,0.7900157,0,0.6130867;
custom,field2,default,0.1,0.1,0.1,0,0.6590909,0.2840909,0.7386363,1.0,1.0,187.5511,1145.338,228.5075,-0.06874827,0.8622168,0.0261739,0.5011696;
custom,field1,default,0.1,0.1,0.1,0,0.6590909,0.2840909,0.7386363,1.0,1.0,182.2042,1144.57,230.4769,0.039773,0.6697164,-0.0008929475,0.7415507;
custom,cuboid,lava1,0.6,0.6,0.1,0,0.6590909,0.2840909,0.7386363,1.0,1.0,185.2309,1145.335,230.9212,0.3993645,0.5385479,0.5994095,-0.4372441;
racing,killSphere,0.6,0.6,0.1,185.8118,1141.98,231.5726,0,0.9913257,0,-0.1314279;
racing,killSphere,0.1,0.1,0.1,178.5469,1143.207,222.5779,0,0.945227,0,-0.3264139;
racing,killSphere,0.1,0.1,0.1,183.8393,1145.448,229.0194,0,0.9226987,0,-0.3855219;
custom,sphere,lava1,2,2,2,1,0.8409091,0.2840909,0.7386363,1.0,1.0,-255.2967,18.56014,478.6632,0,0.7338465,0,-0.6793153;
custom,sphere,default,0.2,0.2,0.2,0,0.8409091,0.2840909,0.7386363,1.0,1.0,-245.0323,24.14191,483.3285,0,0.7081711,0,-0.7060409;
custom,sphere,default,0.2,0.2,0.2,0,0.8409091,0.2840909,0.7386363,1.0,1.0,-244.8372,23.95323,474.9697,0,0.7081711,0,-0.7060409;
custom,arc90,default,0.5,0.5,0.5,0,0.8409091,0.2840909,0.7386363,1.0,1.0,-245.4209,17.31896,481.3719,-0.6855433,-0.6904271,-0.1690944,0.1573149;
racing,killCuboid,5,5,1,83.26582,29.31705,442.3035,0,0.2434962,0,-0.9699019;
racing,killCuboid,10,10,1,-129.041,28.83295,-16.61109,0.0003381146,0.9978884,0.005122282,-0.06474832;
racing,killCuboid,40,10,1,-561.6658,1123.947,60.32751,0,0.008807696,0,-0.9999612;
racing,killCuboid,40,40,1,-555.1685,1074.957,203.7324,0.4994256,0.5088081,-0.498577,0.4930614;
racing,killCuboid,35,10,1,-551.0223,1112.716,395.6475,-0.008026549,0.9999387,-0.0001741051,-0.00763346;
custom,cylinder,default,3,3,3,1,0.8409091,0.2840909,0.7386363,1.0,1.0,-671.0955,1067.065,77.30511,0,0.7198594,0,-0.6941199;
racing,checkpointCuboid,1,1,1,-670.7318,1104.488,77.36668,0,0.9414509,0,-0.3371502;
racing,killCuboid,30,10,1,-362.1214,1111.839,209.3638,0,0.7171927,0,0.6968749;
racing,killCylinder,3,3,3,-372.9669,1114.224,372.0605,0.1700359,0.3454458,0.6066667,0.6954931;
racing,killCylinder,3,10,3,-466.2477,1077.586,291.1594,-0.03556472,0.1402315,0.8996465,0.4119546;
racing,killCuboid,40,10,1,-184.1256,1119.212,385.3022,7.409683E-11,0.9999998,-5.609368E-12,-0.0006426796;
racing,killCuboid,40,4,1,-166.13,1064.29,369.3104,0.01275367,-0.6997207,0.7142908,0.004136981;
racing,killCuboid,9,4,1,70.69739,1064.683,364.6254,0.007033614,-0.7087705,0.7053869,0.004937556;
racing,killSphere,1,1,1,117.377,1075.292,361.1481,0,0.6958624,0,0.7181752;
racing,killSphere,1,1,1,115.779,1068.987,360.7462,0,0.6974233,0,0.7166595;
racing,killCuboid,8,10,1,55.3929,1118.552,384.0613,0,0.9999241,0,-0.01232633;
racing,killCuboid,50,3,1,-161.1063,1162.126,371.2409,0.00883304,-0.7011353,0.7129449,-0.006392394;
racing,killCuboid,5,5,1,116.6257,1161.678,364.8648,-0.4997584,-0.4896972,-0.5073842,0.5029905;
racing,killSphere,1,1,1,117.4383,1082.254,361.1048,0,0.7138356,0,0.7003133;
racing,killSphere,1,1,1,118.1075,1090.49,361.3198,0,0.7168754,0,0.6972013;
racing,killSphere,1,1,1,119.0715,1098.473,361.3498,0,0.7014951,0,0.7126743;
racing,killSphere,1,1,1,118.7063,1106.43,361.4211,0,0.7092273,0,0.70498;
racing,killSphere,1,1,1,118.6434,1113.993,361.3431,0,0.7198992,0,0.6940786;
racing,killSphere,1,1,1,120.418,1121.026,361.0619,0,0.7122785,0,0.701897;
racing,killSphere,1,1,1,127.2818,1122.658,360.6815,0,0.7304016,0,0.683018;
racing,killSphere,1,1,1,136.4176,1123.76,360.4831,0,0.8760543,0,0.4822126;
racing,killCuboid,3,10,1,102.2475,1120.796,384.3257,0,0.9999869,0,-0.005116842;
custom,sphere,default,1,1,1,1,0.7840909,0.2613637,0.5795454,1.0,1.0,-651.8752,1161.785,333.3995,0,0.9997638,0,-0.02173388;
racing,killCuboid,10,3.5,1,128.5059,1161.519,413.0566,0.487221,-0.5126874,-0.5066373,-0.4930376;
custom,cuboid,bark,1,1,1,0,0.7840909,0.2613637,0.5795454,1.0,1.0,127.0594,1127.854,449.0253,0,0.7203724,0,0.6935875;
custom,sphere,bark,0.3,0.3,0.3,0,0.7840909,0.2613637,0.5795454,1.0,1.0,127.1052,1133.66,452.9728,0,0.01890111,0,0.9998214;
custom,sphere,default,0.05,0.05,0.05,0,0.7840909,0.2613637,0.5795454,1.0,1.0,126.3859,1134.63,451.4717,0,0.005812184,0,0.9999831;
custom,arc180,default,0.05,0.05,0.05,0,0.7840909,0.2613637,0.5795454,1.0,1.0,126.9461,1133.549,451.1967,-0.5022266,-0.4630679,0.515671,0.5171268;
custom,sphere,default,0.05,0.05,0.05,0,0.7840909,0.2613637,0.5795454,1.0,1.0,127.7573,1134.694,451.3611,0,0.02107782,0,0.9997779;
racing,killCuboid,5,5,1,-149.6996,20.76491,456.9223,0,0.5396044,0,0.8419187;
racing,killCuboid,5,5,1,-165.3646,32.15226,477.8626,0,0.6448432,0,0.7643149;
racing,killCuboid,5,5,1,-120.0059,29.10649,398.243,-0.004409387,0.6224828,-0.01507571,0.7824759;
racing,killCuboid,5,3.5,1,126.9025,1138.068,463.0334,0.707442,0.706587,-0.01496682,-0.00604779;
racing,killCuboid,5,3.5,1,114.0211,1139.377,413.9223,0,0.7100023,0,0.7041994;
racing,killCuboid,80,5,1,-280.6908,1131.213,450.6611,-0.002792548,0.9998211,3.908538E-05,-0.01870544;
racing,killCuboid,80,5,1,-281.335,1129.421,475.8747,0.001047765,0.9998847,1.336694E-05,-0.01515268;
racing,killCuboid,80,3,1,-280.8651,1104.466,461.9136,0.01616518,-0.7162704,0.6975531,0.01072498;
custom,sphere,bark,0.5,0.5,0.5,0,1,1,1,1.0,1.0,41.06384,1148.304,452.9184,0,0.6760868,0,-0.736822;
custom,sphere,bark,0.5,0.5,0.5,0,1,1,1,1.0,1.0,-245.6582,1143.885,464.1839,0,0.6967239,0,-0.7173394;
racing,killCuboid,80,3,1,-271.6024,1158.142,463.2503,-0.01193403,-0.7008106,-0.7131513,0.01172752;
racing,killCuboid,5,3,1,-686.1604,1136.316,476.2122,0.2802311,-0.6540978,0.6436182,-0.2817487;
racing,killCuboid,5,3,1,-693.911,1124.176,490.1142,-0.7023397,0.7109905,0.02303562,-0.02609485;
racing,killCuboid,5,3,1,-693.6574,1124.177,465.2179,-0.003453924,-0.003453923,0.7070984,0.7070984;
custom,cuboid,bark,2,2,0.2,0,1,1,1,1.0,1.0,-688.4374,1100.807,477.4141,-0.5244582,0.4728917,0.5401478,0.4577744;
custom,cuboid,bark,3,2,0.5,0,1,1,1,1.0,1.0,-700.3488,1114.629,475.7934,-0.0002439484,0.7161272,-0.0002496723,0.6979698;
custom,cuboid,bark,3,2,0.5,0,1,1,1,1.0,1.0,-704.3873,1097.491,477.8376,-0.4749064,-0.5249246,0.4901859,-0.5085625;
custom,cuboid,bark,3,2,0.1,0,1,1,1,1.0,1.0,-706.8765,1115.893,476.954,-0.5193895,0.4886137,0.499428,0.4919989;
custom,cuboid,bark,3,2,0.3,0,1,1,1,1.0,1.0,-717.5678,1105.824,462.1902,0.9999099,0.01311955,0.001238649,-0.002549967;
custom,cuboid,bark,3,2,0.3,0,1,1,1,1.0,1.0,-723.4448,1114.266,476.3899,-0.5201814,0.488103,0.4858438,0.5050966;
custom,cuboid,bark,3,2,0.3,0,1,1,1,1.0,1.0,-722.3156,1097.38,478.0679,-0.512523,0.4866877,0.5122869,0.4878703;
custom,cuboid,bark,3,2,5,0,1,1,1,1.0,1.0,-756.4246,1104.97,475.2755,-0.7169083,-0.002676759,0.6971297,-0.006756644;
custom,prism,bark,3,2,0.3,1,0.03409089,0.4886364,0.2954545,1.0,1.0,-718.1288,1098.031,499.5727,0.5002767,0.5106939,0.4742747,-0.5137885;
custom,cuboid,bark,3,2,0.3,1,0.03409089,0.4886364,0.2954545,1.0,1.0,-729.6612,1105.781,500.0975,0.006515979,-0.7224301,-0.006809496,-0.6913798;
custom,cuboid,bark,3,2,0.3,1,0.03409089,0.4886364,0.2954545,1.0,1.0,-718.4576,1114.461,499.8733,0.5077528,-0.4939632,0.5074571,0.4905862;
custom,cuboid,bark,2,2,0.2,1,0.03409089,0.4886364,0.2954545,1.0,1.0,-709.5345,1106.218,505.8805,-1.255037E-05,0.7093682,-1.260502E-05,-0.7048382;
racing,endCuboid,1.7,1.7,0.2,-719.109,1106.465,510.6943,0,0.9996498,0,0.02646538;
custom,sphere,default,3,3,3,1,0.7954546,0.375,0.6363636,1.0,1.0,-608.537,101.3523,548.6528,0,0.7011227,0,-0.7130406;
custom,sphere,default,1,1,1,0,0.7954546,0.375,0.6363636,1.0,1.0,-595.9603,108.4278,554.9001,0,0.6980171,0,-0.7160811;
custom,sphere,default,1,1,1,0,0.7954546,0.375,0.6363636,1.0,1.0,-595.7,107.7943,542.4852,0,0.7134798,0,-0.7006758;
custom,sphere,default,0.3,0.3,0.3,1,0,0,0,1.0,1.0,-591.5305,107.7373,556.2728,0,0.707361,0,-0.7068525;
custom,sphere,default,0.3,0.3,0.3,1,0,0,0,1.0,1.0,-591.4871,106.8573,541.8789,0,0.707361,0,-0.7068525;
custom,arc180,default,1,1,1,0,0,0,0,1.0,1.0,-596.1606,96.75698,549.7571,0.0002924103,0.05118926,0.5831009,0.8107854;
custom,cuboid,default,2,0.3,0.3,0,0,0,0,1.0,1.0,-594.6571,103.1054,549.3181,0.2887873,0.6304893,0.2730983,-0.6667103;
custom,cone,default,0.1,0.1,0.1,1,0.5795454,0,0,1.0,1.0,-590.8505,103.7815,549.6674,0.5003788,0.4990862,0.4836483,-0.516351;
racing,killCuboid,3,2,0.5,-718.8904,1105.598,516.0726,0,0.9998172,0,-0.01912112;