racing,killCuboid,1,7,6,-79.14928,15.88462,-169.5689,0,-0.1115484,0,-0.993759;
custom,cuboid,metal3,0.5,5,15,0,1,1,1,1.0,1.0,-33.65716,23.53491,20.03769,0,0.9999442,0,0.01056254;
custom,cuboid,metal3,0.5,5,7,0,1,1,1,1.0,1.0,-0.02706462,24.57224,-59.2837,0,-0.6834762,0,-0.7299728;
map,disablebounds;
custom,cuboid,metal3,0.5,5,15,0,1,1,1,1.0,1.0,29.57599,24.77395,28.42605,0,0.02621285,0,-0.9996564;
racing,startCuboid,0.5,5,7,-1.821053,24.53162,19.80172,0,0.7309211,0,-0.682462;
spawnpoint,playerC,17.71166,1.215273,-16.16986,0,0.9999759,0,-0.006944585;
spawnpoint,playerM,-3.357189,0.4152735,-27.71846,0,0.9999938,0,0.003532001;
racing,killPlane,5.4,1,10,-58.70126,48.86881,-92.51282,0,0.0372812,0,-0.9993049;
custom,cuboid,metal3,1,7,20,0,1,1,1,1.0,1.0,-100.4401,14.68204,53.40114,0,0.9997011,0,0.02444846;
custom,cuboid,metal3,13,7,1,0,1,1,1,1.0,1.0,-46.16273,14.79206,152.0485,0,0.9996401,0,0.02682718;
custom,cuboid,metal3,1,7,15,0,1,1,1,1.0,1.0,-98.26334,14.82758,23.75952,0,0.9995931,0,0.02852378;
custom,cuboid,metal3,16,7,1,0,1,1,1,1.0,1.0,-31.1043,14.93126,14.95614,0,0.7139745,0,-0.7001717;
racing,killCuboid,1,7,6,-34.71289,16.20573,-165.8346,0,0.1800243,0,-0.9836622;
custom,cylinder,metal3,1,7,1,0,1,1,1,1.0,1.0,-63.93917,-19.83648,-42.15581,0,0.1277543,0,-0.9918059;
racing,killCylinder,1,7,1,-63.9529,-19.81817,-42.17522,0,0.05730043,0,0.998357;
racing,killCuboid,1,7,15,-97.73065,16.71196,23.28716,0,0.9995204,0,0.030969;
racing,killCuboid,0.5,7,13,-34.47591,15.78333,30.14618,0,0.9999344,0,0.01145746;
racing,killCuboid,1,7,10,-89.1991,15.06151,-97.54701,0,-0.0394399,0,0.999222;
racing,killCuboid,0.5,7,10,-30.68141,15.64984,-85.10871,0,0.9995611,0,0.0296246;
custom,cuboid,metal3,1,7,3,0,1,1,1,1.0,1.0,-81.66776,15.7424,-143.8723,0,-0.6896743,0,-0.7241198;
custom,cuboid,metal3,1,7,3,0,1,1,1,1.0,1.0,-35.45428,16.08826,-140.9281,0,0.7328445,0,-0.6803961;
racing,killCuboid,1.1,7,3,-81.39417,15.8614,-144.0672,0,-0.6864781,0,-0.7271505;
racing,killCuboid,1.1,7,3,-35.53235,16.44276,-140.7372,0,0.7380047,0,-0.6747956;
racing,killCuboid,1,3,3,-59.31497,24.95867,-142.1269,0,-0.6874509,0,-0.7262309;
racing,killPlane,5.3,1,10,-58.57042,0.9479753,-97.96044,0,0.9996188,0,0.02761238;
custom,cuboid,metal3,1,7,8,0,1,1,1,1.0,1.0,-82.26743,15.98024,-233.6222,0,0.03978267,0,-0.9992084;
custom,cuboid,metal3,1,7,12,0,1,1,1,1.0,1.0,-18.76396,16.21217,-252.2297,0,0.04868835,0,-0.998814;
custom,cuboid,metal3,1,7,8,0,1,1,1,1.0,1.0,-115.8853,16.1087,-270.4764,0,-0.6885375,0,-0.7252008;
custom,cuboid,metal3,1,7,14,0,1,1,1,1.0,1.0,-82.4371,16.09659,-311.5711,0,0.682192,0,0.7311732;
racing,killCuboid,1,7,13,-220.2538,15.94067,-276.1326,0,0.7227994,0,-0.691058;
racing,killCuboid,1,7,9,-196.7048,16.24946,-319.8856,0,0.6777716,0,0.7352726;
racing,killCuboid,1,7,11,-184.4678,16.08227,-413.7051,0,0.999775,0,0.02121235;
racing,killCuboid,1,7,10,-278.1366,15.63104,-323.7325,0,-0.02254928,0,0.9997457;
racing,killCuboid,1,7,9,-226.2929,15.8536,-366.3296,0,-0.687668,0,-0.7260253;
custom,capsule,metal3,1,1,1,0,1,1,1,1.0,1.0,-196.1353,23.9346,-376.7751,0,0.05961872,0,0.9982212;
custom,sphere,metal3,1,1,1,0,1,1,1,1.0,1.0,-195.1509,25.28024,-318.309,0,0.5088086,0,-0.8608797;
racing,killCuboid,1,7,10,-142.0613,16.1228,-370.8582,0,0.03871084,0,-0.9992505;
custom,cuboid,metal3,1,7,15,0,1,1,1,1.0,1.0,-110.4389,16.96184,-460.1324,0,0.7231703,0,-0.6906697;
custom,cuboid,metal3,1.2,7,13,0,1,1,1,1.0,1.0,-78.45443,16.11061,-412.0269,0,0.7225316,0,-0.691338;
racing,killCuboid,10,0.5,13,-214.4616,-1.471059,-320.6903,0,0.6864395,0,0.727187;
racing,killCuboid,4.5,0.5,10,-161.0633,-1.979432,-416.0543,0,0.0280555,0,-0.9996064;
racing,killPrism,6,0.5,9,-56.69828,-1.456506,-160.489,0,-0.9985456,0,-0.05391397;
racing,killCuboid,1.2,9,12,-18.62782,6.820186,-252.1052,0,0.9988278,0,0.04840591;
racing,killCuboid,1.2,7,7,-82.52512,16.14312,-228.8293,0,0.03646359,0,-0.999335;
racing,killCuboid,1.2,7,9,-118.7262,16.59911,-270.6631,0,0.7287972,0,-0.6847297;
racing,killCuboid,1.2,7,15,-79.09328,16.28703,-311.3224,0,-0.6834736,0,-0.7299753;
custom,cuboid,metal3,1,7,9,0,1,1,1,1.0,1.0,-6.466687,16.40062,-447.9593,0,-0.03350382,0,0.9994386;
custom,cuboid,metal3,1,7,14,0,1,1,1,1.0,1.0,-103.9493,17.00554,-522.348,0,0.6959988,0,0.718043;
custom,cuboid,metal3,1,7,14,0,1,1,1,1.0,1.0,-77.05901,16.46807,-490.9325,0,0.6937011,0,0.7202629;
custom,cuboid,metal3,1,7,7,0,1,1,1,1.0,1.0,-178.9835,17.00928,-494.7616,0,0.9997315,0,0.0231714;
misc,barrier,14,0.5,21,-36.1743,49.77606,52.2474,0,0.9996828,0,0.02518347;
racing,killPrism,10,0.1,8,-55.85977,50.65378,-161.5181,0,-0.9999112,0,-0.01332241;
misc,barrier,6,0.3,11,-50.72491,49.86725,-248.7288,0,-0.03880598,0,0.9992468;
misc,barrier,3.5,0.3,8,-113.5364,49.30993,-291.4947,0,0.7342361,0,-0.6788943;
racing,killCuboid,10,0.3,14.5,-211.9303,47.30504,-322.7299,0,0.6858625,0,0.7277312;
racing,killCuboid,4,0.3,7,-162.2401,49.65879,-386.6523,0,0.02518545,0,-0.9996828;
custom,cuboid,metal3,1,7,6,0,1,1,1,1.0,1.0,-1.960651,16.66638,-522.2831,0,0.03134647,0,-0.9995086;
custom,cuboid,metal3,1,7,15,0,1,1,1,1.0,1.0,-71.9515,16.79311,-550.41,0,0.6919407,0,0.7219544;
custom,cuboid,metal3,1,7,7,0,1,1,1,1.0,1.0,-175.9371,17.22671,-563.0001,0,0.9997116,0,0.02401343;
racing,killCuboid,1,7,23,121.322,16.09875,-578.5799,0,0.7262201,0,-0.6874623;
custom,cuboid,metal3,1,7,19,0,1,1,1,1.0,1.0,-83.81776,17.81979,-589.844,0,-0.6845667,0,-0.7289503;
racing,killCuboid,1,7,19,96.70229,16.76121,-541.4177,0,0.7308534,0,-0.6825346;
custom,cylinder,metal3,1,7,1,0,1,1,1,1.0,1.0,165.7106,-21.31544,-515.0431,0,0.9260567,0,-0.3773845;
racing,killCuboid,1,7,17.5,179.7364,18.0057,-442.6547,0,0.9996234,0,0.02744252;
racing,killCuboid,1,7,23,232.3586,13.36383,-467.7664,0,0.01673561,0,-0.99986;
misc,barrier,19,0.3,19,-89.30941,51.76371,-500.6776,0,0.7275341,0,-0.6860715;
racing,killCuboid,4.2,1,19,98.19305,-2.981666,-562.4825,0,0.7139498,0,-0.700197;
racing,killCuboid,5,1,23,211.2431,-3.532967,-467.6975,0,0.9996023,0,0.02820154;
racing,killCuboid,5.2,0.5,11,-49.47795,-1.626483,-250.4162,0,0.9994346,0,0.03362429;
racing,killCuboid,3.4,0.5,9,-117.2039,-1.081906,-292.5612,0,0.7254737,0,-0.6882499;
custom,cuboid,metal3,1,7,7,0,1,1,1,1.0,1.0,235.9297,15.17013,-318.2082,0,0.9991575,0,0.04103981;
custom,cuboid,metal3,1,7,4,0,1,1,1,1.0,1.0,243.978,14.38792,-357.4251,0,0.6838446,0,0.7296277;
custom,cuboid,metal3,1,7,4,0,1,1,1,1.0,1.0,159.3944,16.94528,-361.2599,0,0.6866137,0,0.7270225;
custom,cuboid,metal3,1,7,7,0,1,1,1,1.0,1.0,162.6611,17.00552,-324.1071,0,0.9993407,0,0.03630893;
custom,cuboid,metal3,11,1,7,0,1,1,1,1.0,1.0,200.2028,-1.247975,-322.783,0,0.9990649,0,0.04323553;
custom,cylinder,default,1,7,1,0,1,1,1,1.0,1.0,197.8517,-23.73258,-195.6366,0,0.9927623,0,0.1200957;
racing,killCuboid,7,7,1,165.1734,15.44309,-331.9131,0,0.728875,0,-0.6846469;
racing,killCuboid,1,7,10,215.7596,9.889455,-240.3676,0,0.9816939,0,0.1904656;
racing,killCuboid,1,7,10,171.9198,11.27194,-245.4532,0,0.9928014,0,-0.1197731;
custom,cylinder,default,1,7,1,0,1,1,1,1.0,1.0,183.2403,-23.37994,-198.347,0,0.8888308,0,0.4582356;
racing,killCuboid,7,0.3,19,189.1397,-0.493043,-191.6776,0,0.05807755,0,-0.9983121;
racing,killCuboid,1,7,9,202.836,11.87907,-150.3315,0,0.9983436,0,-0.05753287;
racing,killCuboid,1,7,9,169.2002,11.25349,-156.7226,0,0.99404,0,0.1090166;
racing,killCylinder,1.5,7,1,185.7128,-20.60006,-110.0674,0,0.9992091,0,0.03976461;
custom,cylinder,default,1.3,7,0.8,0,1,1,1,1.0,1.0,185.3955,-21.02423,-110.0392,0,0.9952378,0,-0.09747647;
racing,killCuboid,1,7,1,203.3204,14.15703,-105.6784,0,0.6944858,0,-0.7195064;
racing,killCuboid,1,7,1,167.0793,13.43888,-107.3013,0,0.9995944,0,0.02848036;
racing,killCylinder,1.2,7,0.8,182.5682,-22.77582,-197.1157,0,0.9986591,0,-0.05176975;
racing,killCuboid,1,7,1,207.0904,14.99746,-102.5737,0,0.998614,0,-0.05263234;
racing,killCuboid,1,7,1,161.2808,16.02249,-107.7924,0,0.6721777,0,0.7403899;
custom,cuboid,metal3,1,7,7,0,1,1,1,1.0,1.0,208.052,15.25847,-64.65276,0,0.9999862,0,-0.005254343;
custom,cuboid,metal3,1,7,7,0,1,1,1,1.0,1.0,158.2665,15.47191,-67.61752,0,0.9996638,0,0.02592832;
custom,cuboid,metal3,5,1,7,0,1,1,1,1.0,1.0,182.6312,1.71955,-65.2041,0,0.9999535,0,0.009641931;
racing,killCuboid,7,7,1,236.022,15.16102,-325.305,0,0.6820067,0,0.731346;
racing,checkpointCuboid,1,7,5,184.7485,13.73073,-95.13033,0,0.7180693,0,-0.6959717;
racing,killCuboid,1,7,3,220.7136,17.49091,-289.641,0,0.736957,0,-0.6759397;
racing,killCuboid,1,7,3,179.3017,15.6639,-293.9188,0,0.7334242,0,-0.6797714;
custom,capsule,default,0.5,0.5,0.5,0,1,1,1,1.0,1.0,208.669,27.95681,-292.4689,0,0.07204214,0,-0.9974016;
custom,capsule,default,0.5,0.5,0.5,0,1,1,1,1.0,1.0,191.709,28.48065,-295.1393,0,0.9955914,0,0.09379665;
custom,cuboid,metal3,5,3,0.5,0,1,1,1,1.0,1.0,204.1953,10.50729,-363.1152,0,0.04609468,0,-0.9989371;
custom,cuboid,metal3,5,1,0.5,0,1,1,1,1.0,1.0,200.3271,41.08471,-364.7273,0,0.05480085,0,-0.9984973;
racing,killCuboid,5,3,1,202.5995,10.78054,-362.5848,0,0.05011392,0,-0.9987435;
racing,killCuboid,5,1,1,203.2984,40.82054,-366.3565,0,0.06149002,0,-0.9981077;
racing,killCuboid,3,2,1,202.0956,34.7813,-360.9036,0,0.04866862,0,-0.998815;
racing,killCuboid,2,2,1,199.3689,9.108408,-292.5174,0,0.9992577,0,0.03852292;
racing,killCuboid,3,2.5,1,198.796,44.48198,-291.2744,0,0.04585175,0,-0.9989483;
racing,killCuboid,0.75,7,8,208.0151,15.12148,9.643324,0,0.01891104,0,-0.9998212;
racing,killCuboid,0.75,7,8,156.5031,14.84168,7.657413,0,0.9999233,0,0.01238563;
racing,killSphere,1,1,1,161.7206,21.59577,34.79457,0,0.01352785,0,-0.9999085;
racing,killSphere,1,1,1,196.7606,0.6617059,-15.61456,0,0.08763801,0,-0.9961524;
racing,killSphere,1,1,1,199.8457,31.27304,24.32009,0,0.02448687,0,-0.9997002;
racing,killSphere,1,1,1,190.4387,2.733958,39.29295,0,0.9994474,0,0.03324035;
racing,killSphere,1,1,1,181.7813,26.60977,60.39801,0,0.9982346,0,0.05939451;
racing,killSphere,2,2,2,179.71,29.86464,-2.504437,0,0.9970459,0,0.07680839;
racing,killSphere,2,2,2,170.3731,5.475956,-9.999096,0,0.04853216,0,-0.9988216;
racing,killSphere,2,2,2,201.8295,23.26856,-1.234001,0,0.02778932,0,0.9996138;
racing,killSphere,2,2,2,176.6203,6.172503,20.68541,0,0.9985977,0,0.05293977;
custom,sphere,default,0.5,0.5,0.5,0,1,1,1,1.0,1.0,176.9266,8.399508,23.57452,0.002122988,0.9930223,0.05749308,-0.1029411;
custom,sphere,default,0.5,0.5,0.5,0,1,1,1,1.0,1.0,179.7969,30.30369,2.808667,0,0.01813161,0,-0.9998356;
custom,sphere,default,0.5,0.5,0.5,0,1,1,1,1.0,1.0,180.9745,27.42597,61.32616,0,0.9614667,0,-0.2749217;
custom,sphere,default,0.5,0.5,0.5,0,1,1,1,1.0,1.0,202.7191,26.29023,-1.447542,0,0.2706647,0,0.9626737;
racing,killSphere,2,2,2,193.6343,-0.413502,4.672238,0,0.01973135,0,-0.9998053;
racing,killSphere,2,2,2,203.0984,36.12733,-27.07182,0,0.9986208,0,0.05250228;
racing,killSphere,2,2,2,159.8917,32.47217,-16.49328,0,0.05252581,0,-0.9986196;
racing,killSphere,2,2,2,202.3727,8.141283,31.82487,0,0.99954,0,-0.03032855;
racing,killCuboid,1,7,7,203.3471,8.489222,75.94922,-0.09929135,0.02381659,-0.002377212,-0.9947705;
racing,killCuboid,1,7,7,154.4705,8.38573,72.85258,-0.002812831,0.9949977,0.09545729,0.02931957;
custom,cylinder,metal3,1,15,1,0,1,1,1,1.0,1.0,150.9132,101.9208,109.5077,0,0.5535854,0,0.8327924;
custom,cylinder,metal3,1,15,1,0,1,1,1,1.0,1.0,201.2235,102.7891,114.9212,0,0.6773889,0,-0.7356251;
racing,killCuboid,1,25,5,176.1881,60.45361,112.7816,0,-0.6754355,0,-0.7374191;
custom,cuboid,metal3,1,20,5,0,1,1,1,1.0,1.0,180.1024,146.5351,52.51419,0,0.7256123,0,-0.6881037;
racing,killCuboid,1,25,5.5,201.4681,120.554,86.43447,0,0.03918136,0,-0.9992322;
racing,killCuboid,1,25,5.5,153.7852,119.1602,79.66325,0,0.999129,0,0.04172893;
custom,cuboid,metal3,4,1,5,0,1,1,1,1.0,1.0,178.9176,51.48535,74.7652,0,0.7161718,0,-0.6979241;
custom,cuboid,metal3,4,1,5,0,1,1,1,1.0,1.0,179.3223,83.69337,89.40148,-5.777375E-10,0.721779,-9.507864E-10,-0.6921237;
custom,cuboid,metal3,4,1,5,0,1,1,1,1.0,1.0,179.8741,115.5089,75.91931,0,0.7161803,0,-0.6979154;
custom,cuboid,metal3,4,1,5,0,1,1,1,1.0,1.0,179.6609,180.5534,93.58768,0,0.7127028,0,-0.7014662;
custom,cuboid,metal3,4,1,5,0,1,1,1,1.0,1.0,180.4873,135.3835,76.19992,0,0.7157822,0,-0.6983237;
custom,cuboid,metal3,4,1,5,0,1,1,1,1.0,1.0,179.386,161.3696,93.75894,0,0.7127315,0,-0.701437;
racing,killCuboid,5,0.5,15,182.8634,1.321621,43.72476,0,0.003855132,0,-0.9999926;
racing,killCuboid,5,20,1,179.3462,146.4807,53.56378,0,0.01714494,0,-0.999853;
racing,killCuboid,5,0.3,22,176.2615,142.6344,215.8761,-0.1901171,-0.002371212,0.002263594,-0.981756;
racing,killCylinder,3,3,3,175.9119,91.66508,307.0692,-0.7037889,0.7099423,-0.01699513,-0.01934602;
custom,cylinder,default,1,3,1,0,1,1,1,1.0,1.0,175.7787,90.45998,308.3372,-0.5042766,0.5070472,0.500865,0.4875885;
custom,cuboid,metal3,5,7,1,0,1,1,1,1.0,1.0,176.1939,21.96417,113.3317,0,0.9994776,0,0.03232127;
racing,killCuboid,0.3,25,25,154.0344,123.1735,235.0712,0,0.9998545,0,-0.01705736;
racing,killCuboid,7,0.3,7,171.6129,237.3887,84.79443,0.1620357,0.6703746,-0.1379773,-0.7108479;
racing,killCuboid,25,0.3,6,175.5923,209.145,230.7481,-0.1360917,0.6925752,0.1225205,-0.6977158;
racing,killCuboid,5,7,1,175.2986,21.99423,113.4752,0,0.999348,0,0.03610718;
racing,killCuboid,5,0.3,18,178.8566,58.80783,234.3891,0.1495348,-0.002941016,-0.000444787,-0.988752;
racing,killCuboid,5,13,1,185.0261,101.9199,346.6321,0,0.9991094,0,-0.04219661;
racing,checkpointCuboid,1,1,1,176.0586,189.2243,93.87958,0,0.9995119,0,0.03124189;
racing,killCuboid,5,0.3,20,180.8803,37.40162,270.4849,0.1391268,-0.01662617,0.006967118,-0.9901105;
custom,cuboid,metal3,5.8,1,5,0,1,1,1,1.0,1.0,178.5271,-2.935105,142.0204,0,0.9999027,0,-0.01395403;
racing,killCuboid,7,1,25,179.5107,50.69975,-77.52271,0,0.005829028,0,-0.999983;
racing,checkpointCuboid,1,1,1,176.1413,3.614329,142.1103,0,0.999992,0,-0.004001601;
racing,killCuboid,5,0.3,4.7,176.3757,30.83609,144.6244,0.06022247,0.7076344,-0.07193134,-0.7003233;
custom,arc180,default,5,20,3,0,1,1,1,1.0,1.0,185.82,22.08121,420.5464,0.4844879,-0.5002213,-0.5165832,0.4981888;
custom,arc180,default,5,5,3,0,1,1,1,1.0,1.0,185.8516,23.24461,372.0624,-0.477479,0.5305421,-0.4929076,0.4975752;
custom,arc180,default,5,20,3,0,1,1,1,1.0,1.0,187.2509,20.89623,473.7202,-0.5094467,0.4721717,0.5256603,-0.4911205;
racing,killArc180,5,45,3,184.8596,15.18731,410.7671,-0.4953518,0.4863087,0.5047682,-0.5131663;
misc,barrier,5,0.3,60,181.3437,-0.3541851,231.2338,0,-0.01805289,0,-0.9998371;
racing,killCuboid,5,3,1,182.1597,21.1705,365.7347,0,0.01634214,0,0.9998665;
racing,killCuboid,5,3,1,187.6565,2.136325,391.0515,0,0.9996861,0,-0.02505271;
racing,killCuboid,5,3,1,189.9815,18.25151,415.1893,0,0.9999712,0,-0.007590026;
racing,killCuboid,2.5,5,1,175.915,18.30288,447.2615,0,0.01903295,0,0.9998189;
racing,killCuboid,2.5,5,1,201.3387,16.49053,476.6924,0,0.0005730708,0,-0.9999998;
racing,killCuboid,2.5,5,1,176.0112,13.17665,498.1185,0,0.007175773,0,-0.9999743;
racing,killCuboid,2.5,5,1,206.0567,12.40917,525.0714,0,-0.02353979,0,-0.999723;
custom,cuboid,metal3,0.5,5,15,0,1,1,1,1.0,1.0,221.6084,21.78604,596.8826,0,-0.03724551,0,-0.9993061;
custom,cuboid,metal3,0.5,2,6,0,1,1,1,1.0,1.0,188.9139,36.63684,524.5556,0,0.6992103,0,-0.7149161;
custom,cuboid,metal3,0.5,5,12.5,0,1,1,1,1.0,1.0,166.1981,21.67859,586.5638,0,0.9995326,0,-0.03056986;
racing,killCuboid,0.3,5,15,156.9502,20.83615,705.4521,0,0.6835113,0,-0.7299401;
racing,killCuboid,0.3,5,12,180.6742,20.84668,677.0182,0,0.6780829,0,-0.7349855;
racing,killCuboid,0.3,5,9,123.4444,21.6579,651.0455,0,0.6833082,0,-0.73013;
racing,killCuboid,0.3,5,6,81.79009,21.6406,682.5504,0,0.9993494,0,-0.0360677;
racing,killCuboid,5.2,0.3,15,193.7582,-1.04594,604.957,0,0.9993169,0,-0.03695717;
racing,killCuboid,5.7,0.3,15,155.4122,-0.9890208,678.6728,0,0.6824855,0,-0.7308992;
racing,killCuboid,5.7,0.3,15,155.1949,44.77354,676.8607,0,0.6801265,0,-0.7330948;
racing,killCuboid,5.3,0.3,15,193.412,45.18154,576.8502,0,0.9997636,0,-0.02174373;
custom,sphere,default,0.4,0.4,0.4,0,1,1,1,1.0,1.0,173.5268,23.08796,677.5546,0,0.7927615,0,-0.6095319;
racing,killCuboid,0.3,5,14,302.9174,20.87216,699.6451,0,0.8369564,0,-0.5472697;
racing,killCuboid,0.3,5,12.5,287.93,19.79794,727.1149,0,0.8446063,0,-0.5353878;
custom,cylinder,metal3,1,5,1,0,1,1,1,1.0,1.0,331.9717,-7.893746,760.1588,0,0.9607632,0,0.2773702;
custom,cuboid,default,0.5,5,0.3,1,0,1,1,1.0,1.0,180.2211,25.34959,898.9846,0,0.9073355,0,-0.4204075;
racing,killCuboid,0.3,5,6,385.5136,19.7039,745.6505,0,0.9185293,0,-0.3953531;
racing,killCuboid,0.3,5,5,353.837,18.57956,775.0826,0,-0.21518,0,-0.9765745;
racing,killArc180,5,10,7,413.9854,17.44036,831.6246,0,0.9583737,0,-0.2855169;
racing,killArc180,5,10,9,457.0251,18.92852,821.4681,0,0.9789007,0,-0.2043368;
custom,cylinder,metal3,1,5,1,0,1,1,1,1.0,1.0,408.8428,-4.016838,841.6345,0,0.9193963,0,0.3933324;
racing,killCuboid,30,0.3,40,380.5581,-1.11547,849.7245,0,0.999981,0,-0.006169445;
racing,killCuboid,1,5,9,447.6772,20.38921,942.0923,0,0.9645501,0,0.2638997;
racing,killCuboid,1,5,9,419.7754,21.82343,923.9457,0,0.9673617,0,0.2533996;
misc,barrier,30,0.3,40,381.7904,40.73841,866.6619,0,0.9999928,0,0.003790944;
custom,cylinder,metal3,0.5,5,1,0,1,1,1,1.0,1.0,424.1098,-4.698331,981.4892,0,0.8751924,0,-0.483775;
custom,cylinder,metal3,0.5,5,1,0,1,1,1,1.0,1.0,397.7162,-3.570134,962.5677,0,0.8872763,0,-0.4612385;
custom,cuboid,metal3,0.5,3,3,0,1,1,1,1.0,1.0,416.8102,29.0814,994.0062,0,0.308752,0,-0.9511426;
custom,cuboid,metal3,0.3,5,6,0,1,1,1,1.0,1.0,367.1996,18.81216,972.3718,0,0.4460459,0,0.8950101;
custom,cuboid,metal3,4,4,3,0,1,1,1,1.0,1.0,402.2585,-5.876452,983.6445,0,0.9542868,0,0.2988925;
custom,cuboid,metal3,0.5,3,3.5,0,1,1,1,1.0,1.0,393.5091,28.98837,992.9119,0,0.4598153,0,0.8880146;
racing,killCuboid,0.3,5,6,367.3584,18.55723,971.8997,0,-0.4475525,0,-0.8942577;
racing,killCuboid,0.3,5,7,367.6496,21.6731,939.8044,0,-0.4517196,0,-0.89216;
racing,killCuboid,2.5,0.3,3,377.6526,4.130383,963.4525,-0.2690361,0.4454466,0.1423318,0.8419849;
custom,cuboid,metal3,0.3,5,8,0,1,1,1,1.0,1.0,319.7675,18.70205,984.37,0,0.9383612,0,0.3456564;
racing,killCuboid,0.3,5,8,318.7882,19.08979,984.0718,0,0.9416867,0,0.336491;
custom,cuboid,metal3,0.3,5,7.2,0,1,1,1,1.0,1.0,314.5151,21.21955,943.2363,0,0.9295787,0,0.3686239;
racing,killCuboid,0.3,5,7.2,314.5039,21.74,943.3035,0,0.9295296,0,0.3687476;
racing,killPrism,5,3,7.2,310.6767,-5.386647,972.4867,0,-0.9139459,0,-0.4058362;
racing,killPrism,5,3,7.2,308.9021,29.8672,971.6539,0,-0.9249907,0,-0.3799899;
custom,cuboid,metal3,0.3,5,19,0,1,1,1,1.0,1.0,220.082,18.59731,956.8555,0,0.4394065,0,0.8982883;
custom,cuboid,metal3,0.3,5,13,0,1,1,1,1.0,1.0,241.0809,21.37551,928.5983,0,0.4345805,0,0.900633;
racing,killCuboid,0.3,5,13,240.5743,21.74435,928.8322,0,0.4327178,0,0.9015295;
racing,killCuboid,0.3,5,19,220.0819,18.6031,956.6176,0,0.4397061,0,0.8981418;
racing,killCuboid,30,0.3,40,81.61054,-0.8894642,847.5961,0,0.9999949,0,-0.003194346;
custom,cuboid,metal3,5,0.3,19,0,1,1,1,1.0,1.0,226.0451,44.31384,947.1654,0,0.4296734,0,0.9029844;
racing,killCuboid,5,0.3,19,224.7726,43.88234,946.2668,0,0.4310085,0,0.9023479;
racing,killCuboid,2.4,5,0.3,259.7278,21.59803,959.1062,0,0.9059079,0,-0.4234747;
racing,killCuboid,2.4,5,0.3,226.4186,19.91204,945.4278,0,0.9085886,0,-0.4176922;
racing,killCuboid,2.4,5,0.3,208.3072,20.90726,915.7247,0,0.6191425,0,0.7852786;
racing,killCuboid,2.4,5,0.3,183.5588,19.9476,915.1117,0,0.2296844,0,0.9732652;
racing,checkpointCuboid,3,3,0.3,410.5716,29.06522,973.0606,0,0.9528872,0,0.3033251;
custom,cuboid,metal3,0.3,5,5,0,1,1,1,1.0,1.0,158.9499,21.14751,880.0095,0,0.9452941,0,0.3262194;
custom,cuboid,metal3,0.3,5,5,0,1,1,1,1.0,1.0,194.9289,20.39064,881.8569,0,0.3485141,0,-0.9373036;
racing,killCuboid,0.3,5,5,194.642,20.52541,881.489,0,0.9393926,0,0.3428435;
racing,killCuboid,0.3,5,5,158.9359,21.42829,880.1978,0,0.3247052,0,-0.9458153;
racing,killCuboid,0.3,5,5,193.313,20.63752,847.761,0,0.3971103,0,0.9177709;
racing,killCuboid,0.3,5,5,158.6823,20.75866,847.7951,0,0.939542,0,0.3424338;
racing,killCuboid,0.3,5,5,124.7248,21.35822,881.8627,0,0.4246534,0,0.905356;
racing,killCuboid,0.3,5,5,123.523,20.8029,848.7765,0,0.4237408,0,0.9057835;
racing,killCuboid,0.3,5,5,91.26418,21.63818,884.3526,0,0.9335717,0,0.3583908;
racing,killCuboid,0.3,5,5,89.66147,19.25629,851.3227,0,0.9358788,0,0.3523222;
custom,cuboid,metal3,5,5,0.3,0,1,1,1,1.0,1.0,91.38208,21.78859,884.6718,0,0.9133676,0,-0.4071358;
custom,cuboid,metal3,5,5,0.3,0,1,1,1,1.0,1.0,123.5998,20.99737,848.5339,0,0.3409865,0,-0.9400682;
custom,cuboid,metal3,0.3,5,10,0,1,1,1,1.0,1.0,32.33,21.40123,879.1914,0,0.5115809,0,0.859235;
custom,cuboid,metal3,0.3,5,8,0,1,1,1,1.0,1.0,43.72721,19.35834,845.2376,0,0.4392531,0,0.8983634;
racing,killCuboid,2,5,0.3,167.3089,35.19904,854.9329,0,0.3789173,0,-0.9254306;
racing,killCuboid,4,5,0.3,187.0251,3.299814,874.1177,0,0.3531068,0,-0.9355831;
racing,killCuboid,40,0.3,60,-245.7374,-0.08820119,746.4601,0,0.9999996,0,-0.0008433381;
racing,killCuboid,0.3,5,25,-113.3881,21.25984,794.6447,0,0.4933457,0,0.8698334;
racing,killCuboid,0.3,5,25,-87.94605,20.6612,758.402,0,0.4842561,0,0.8749264;
racing,killCuboid,0.3,5,10,32.71609,21.1314,878.6945,0,0.5108627,0,0.8596624;
racing,killCuboid,0.3,5,8,43.53344,19.20426,845.7534,0,0.4402716,0,0.8978646;
racing,killCuboid,5,0.3,25,-99.88631,45.29431,776.1398,0,0.4971695,0,0.8676535;
racing,killCuboid,4,3.5,0.3,1.475626,26.6071,837.6392,0,0.4394164,0,0.8982835;
racing,killCuboid,4.2,3.5,0.3,-27.83388,11.13212,820.1907,0,0.4417605,0,0.8971331;
custom,cuboid,metal3,4.2,0.5,0.3,0,1,1,1,1.0,1.0,-27.99458,25.49479,820.1687,0,0.4426199,0,0.8967093;
custom,cuboid,metal3,4.2,0.5,0.3,0,1,1,1,1.0,1.0,-0.8798881,11.44431,838.6599,0,0.889515,0,-0.4569059;
custom,cuboid,metal3,4.2,0.5,0.3,0,1,1,1,1.0,1.0,-43.51955,26.28434,808.8661,0,0.4607696,0,0.8875198;
racing,killCuboid,4.2,3,0.3,-43.82362,13.86815,809.0469,0,0.4602027,0,0.8878139;
custom,cuboid,metal3,0.1,5,0.08,0,1,1,1,1.0,1.0,-129.0708,18.53085,760.6644,0,0.8860678,0,-0.4635557;
racing,killCuboid,0.1,5,0.1,-129.0474,18.73077,760.6847,0,0.8860678,0,-0.4635557;
custom,cuboid,metal3,0.3,5,6,0,1,1,1,1.0,1.0,-245.7156,21.4012,715.323,0,0.4836176,0,0.8752794;
custom,cuboid,metal3,0.3,5,9,0,1,1,1,1.0,1.0,-230.6952,21.00478,670.6454,0,-0.4921581,0,-0.8705059;
custom,cuboid,metal3,5,0.3,9,0,1,1,1,1.0,1.0,-242.9975,45.22539,690.3085,0,0.4900868,0,0.8716737;
custom,cuboid,metal3,4.5,0.4,9,0,1,1,1,1.0,1.0,-243.6041,-0.7237284,690.5693,0,0.4889398,0,0.8723176;
custom,cuboid,metal3,5,5,0.3,0,1,1,1,1.0,1.0,-279.2516,21.62902,665.536,0,0.4844379,0,0.8748257;
racing,checkpointCuboid,2.5,5,0.3,-279.4165,19.34459,692.7435,0,0.960143,0,0.2795095;
racing,killCuboid,5,3.5,0.3,-205.0504,15.72736,713.1833,0,0.8811206,0,-0.4728917;
racing,killCuboid,8,5,0.3,-345.1305,21.18078,847.2463,0,0.9701941,0,-0.2423293;
racing,killCuboid,8,5,0.3,-306.0922,20.84431,790.3346,0,0.7492817,0,-0.6622514;
racing,killCuboid,0.2,5,4.5,-347.9107,22.79283,820.2429,0,0.5268026,0,-0.8499877;
racing,killCuboid,8,5,0.3,-359.5151,21.65659,758.7426,0,0.2692685,0,0.9630651;
racing,killCuboid,8,5,0.3,-393.5146,21.20974,817.8314,0,0.7202662,0,-0.6936979;
racing,killCuboid,6,5,0.3,-286.6259,20.49364,726.6218,0,0.8769424,0,-0.4805956;
racing,killCuboid,6,5,0.3,-308.4832,20.40522,712.3101,0,0.4767453,0,0.8790415;
racing,killCuboid,0.2,5,4.5,-365.2264,22.58373,808.4274,0,0.07822331,0,-0.9969359;
racing,killCuboid,0.2,5,4.5,-342.3022,21.26474,777.0906,0,0.524377,0,-0.8514862;
racing,killCuboid,0.2,5,4.5,-325.4294,22.78475,788.764,0,0.06359719,0,-0.9979756;
custom,cylinder,metal3,0.5,5,0.5,0,1,1,1,1.0,1.0,-343.0778,-3.166021,795.5959,0,0.2680505,0,-0.9634049;
custom,cylinder,metal3,0.3,5,0.3,0,1,1,1,1.0,1.0,-392.5915,-7.249454,778.7996,0,0.2520527,0,-0.9677135;
custom,cylinder,metal3,0.3,5,0.3,0,1,1,1,1.0,1.0,-310.9756,-5.783306,829.2603,0,0.3036077,0,-0.9527971;
misc,barrier,24,0.3,15,128.4675,45.22914,857.7979,0,0.9632748,0,0.2685179;
custom,cuboid,metal3,2,2,0.5,0,1,1,1,1.0,1.0,-386.7954,38.16693,859.7975,0,0.9649104,0,0.2625792;
custom,cuboid,metal3,2,2,0.5,0,1,1,1,1.0,1.0,-386.5145,9.755138,859.731,0,0.9645414,0,0.2639315;
custom,cuboid,metal3,1,5,0.3,0,1,1,1,1.0,1.0,-384.038,21.77336,862.4527,0,0.9691786,0,0.2463593;
custom,cuboid,metal3,1,5,7,0,1,1,1,1.0,1.0,-401.6371,21.5576,893.3987,0,0.9659057,0,0.2588941;
racing,killCuboid,0.8,2,7,-408.6591,36.49894,889.2196,0,0.9630094,0,0.269468;
racing,killCuboid,1.3,5,7,-400.534,21.93816,894.0781,0,0.9663002,0,0.2574177;
racing,killCuboid,0.3,5,7,-409.9247,22.59249,946.8525,0,0.8731917,0,-0.487377;
racing,killCuboid,0.8,2,7,-409.4441,9.775471,888.4521,0,0.9664547,0,0.256837;
racing,killCuboid,0.3,5,9,-416.1575,22.56099,891.9409,0,0.9636986,0,0.2669925;
racing,killCuboid,0.3,5,9,-383.8629,22.01242,942.728,0,0.86953,0,-0.4938801;
racing,killCuboid,0.3,5,4,-356.0303,21.83695,980.8267,0,0.2544512,0,-0.9670857;
racing,killCuboid,0.3,5,9.5,-405.6203,22.4598,971.1208,0,0.8752718,0,-0.4836314;
racing,killCuboid,20,0.3,30,-315.2917,46.09051,849.5974,0,0.9617736,0,0.273846;
custom,cuboid,metal3,5,5,0.3,0,0,1,1,1.0,1.0,-454.9795,20.46069,911.5569,0,0.9163659,0,0.4003419;
racing,killCuboid,5,1,5,175.7914,125.439,70.87939,0,0.9999154,0,0.01300613;
racing,killCuboid,5,1,5,175.8897,171.4926,98.7364,0,0.005210156,0,-0.9999865;
racing,killCuboid,5,5,5,175.5784,221.3289,81.54797,0,0.9999879,0,0.004917743;
custom,cuboid,default,4.5,0.2,0.2,1,0,1,1,1.0,1.0,178.6073,9.855587,176.4036,-0.1390261,0.02870678,-0.004683625,0.9898615;
custom,cuboid,default,0.5,5,0.3,1,0,1,1,1.0,1.0,169.9926,21.12575,647.8643,0,-0.03821045,0,-0.9992697;
custom,cuboid,default,0.5,5,0.3,1,0,1,1,1.0,1.0,225.5282,21.62914,669.5463,0,0.7149341,0,0.699192;
custom,cuboid,metal3,5,5,0.3,0,0,1,1,1.0,1.0,-470.347,22.43432,943.4525,0,0.9988946,0,0.04700754;
custom,cuboid,metal3,15,5,0.3,0,0,1,1,1.0,1.0,-561.6165,22.32748,915.7688,0,0.984033,0,0.1779863;
custom,cuboid,metal3,15,5,0.3,0,0,1,1,1.0,1.0,-541.3702,21.43393,865.0123,0,0.9811141,0,0.1934298;
racing,killCuboid,3,5,0.5,-602.6203,23.42686,885.6035,0,0.5388656,0,0.8423918;
custom,cuboid,metal3,3,5,0.3,0,0,1,1,1.0,1.0,-530.343,21.69814,885.3184,0,0.5389348,0,0.8423475;
custom,cuboid,metal3,3,5,0.3,0,0,1,1,1.0,1.0,-565.493,22.4566,903.2374,0,0.5575429,0,0.8301482;
custom,cuboid,metal3,3,5,0.3,0,0,1,1,1.0,1.0,-570.7243,21.90451,864.4349,0,0.554639,0,0.8320912;
custom,cuboid,metal3,3,5,0.3,0,0,1,1,1.0,1.0,-602.5872,22.6289,885.693,0,0.5389287,0,0.8423514;
racing,killCuboid,3,5,0.5,-530.6694,21.9698,885.5056,0,0.5433844,0,0.839484;
racing,killCuboid,4.7,5,0.4,-547.8957,21.67909,862.3878,0,0.9808007,0,0.1950128;
racing,killCuboid,4.7,5,0.4,-589.6999,22.39124,905.6341,0,0.983804,0,0.1792478;
racing,killCuboid,4.7,5,0.4,-588.722,21.70418,845.4925,0,0.9811333,0,0.1933323;
racing,killCuboid,4.7,5,0.4,-546.3705,22.36428,921.5003,0,0.1761722,0,-0.9843594;
custom,cuboid,metal3,0.3,5,3,0,0,1,1,1.0,1.0,-623.6795,21.72308,831.7385,0,0.8257861,0,-0.5639836;
custom,cuboid,metal3,0.3,5,5,0,0,1,1,1.0,1.0,-639.2369,23.33143,913.0753,0,0.9830633,0,0.1832661;
custom,cuboid,metal3,0.3,5,9,0,0,1,1,1.0,1.0,-651.8841,22.11201,867.9253,0,0.9838042,0,0.1792466;
racing,killCuboid,0.4,5,9,-651.8351,22.37568,868.4343,0,0.9833402,0,0.1817751;
racing,killCuboid,0.3,5,5,-669.7951,23.53129,926.4547,0,0.5619426,0,0.8271763;
custom,cuboid,metal3,0.3,5,9,0,0,1,1,1.0,1.0,-676.2564,23.22449,876.6425,0,0.9836007,0,0.1803597;
racing,killCuboid,0.35,5,9,-676.154,23.30292,876.2133,0,0.9833555,0,0.1816924;
racing,killCuboid,0.3,5,5,-650.3488,20.94273,820.994,0,0.5652188,0,0.824941;
custom,cuboid,metal3,0.3,5,12,0,0,1,1,1.0,1.0,-694.2426,21.30256,869.8331,0,0.9829952,0,0.1836315;
racing,killCuboid,0.35,5,12,-694.2911,21.98123,869.8915,0,0.9829931,0,0.183643;
custom,cuboid,metal3,0.3,5,5,0,0,1,1,1.0,1.0,-690.6572,21.75732,934.1846,0,0.8272186,0,-0.5618803;
custom,cuboid,metal3,0.3,5,10,0,0,1,1,1.0,1.0,-654.2117,23.2953,982.6411,0,0.9977865,0,0.06649844;
custom,cuboid,metal3,0.3,5,9,0,1,1,1,1.0,1.0,-687.1622,23.35655,986.4901,0,0.9792428,0,0.2026909;
racing,killCuboid,1,3,10,-720.6777,0.4145264,1062.342,0,0.7916424,0,-0.6109849;
custom,cuboid,metal3,4,5,0.3,0,1,1,1,1.0,1.0,-355.5407,23.58476,981.2859,0,0.8669133,0,-0.498459;
racing,killCuboid,2,5,1,-225.9551,21.78094,716.4506,0,0.4841882,0,0.8749639;
racing,killCuboid,1,5,1,-236.064,21.98088,702.9265,0,0.4595689,0,0.8881421;
racing,killCuboid,1,5,1,-223.6594,21.46012,685.0834,0,0.4456391,0,0.8952128;
racing,killCuboid,1,5,1,-264.1913,19.06142,673.6564,0,0.8810273,0,-0.4730656;
racing,killCuboid,1,5,1,-237.6004,8.835569,696.9918,-0.1994195,0.8853403,0.3371761,0.2504331;
racing,killCuboid,1,5,1,-267.661,25.98117,655.1805,0,0.9064717,0,-0.4222665;
misc,barrier,25.3,0.5,20,-588.8167,44.70039,951.8174,0,0.1801681,0,-0.9836358;
racing,killCuboid,0.3,6,20,-767.9979,18.50629,1103.621,0,0.9924356,0,0.122766;
racing,killCuboid,10,4,1,-730.351,7.567074,1106.775,0,0.9921106,0,0.1253657;
racing,checkpointCuboid,4,5,0.3,-667.122,23.46731,987.196,0,0.987511,0,0.1575498;
racing,killCuboid,1,2,10,-718.994,40.22312,1062.035,0,0.6075757,0,0.7942618;
racing,killCuboid,10,4,1,-736.6373,31.52244,1139.263,0,0.9924899,0,0.1223267;
custom,sphere,metal3,1,1,1,1,0,0,1,1.0,1.0,-739.6227,52.56808,1156.055,0,0.9889188,0,0.1484574;
racing,killCuboid,0.3,6,17,-720.6833,17.56273,1085.164,0,0.9917489,0,0.1281955;
racing,killCuboid,0.3,6,20,-684.6678,18.8135,1124.246,0,0.991896,0,0.127053;
racing,killCuboid,0.3,6,10,-752.1219,19.121,1202.879,0,0.7894289,0,-0.6138421;
custom,sphere,metal3,1,1,1,1,0,0,1,1.0,1.0,-726.481,51.13765,1107.863,0,0.9895557,0,0.1441513;
custom,sphere,metal3,1,1,1,1,0,0,1,1.0,1.0,-739.7302,-22.56952,1156.156,0,0.9927239,0,0.1204133;
custom,sphere,metal3,1,1,1,1,0,0,1,1.0,1.0,-726.577,-21.95783,1108.381,0,0.9892278,0,0.1463843;
custom,sphere,metal3,1,1,1,1,0,0,1,1.0,1.0,-666.4952,17.38581,1132.959,0,0.789849,0,-0.6133015;
custom,sphere,metal3,1,1,1,1,0,0,1,1.0,1.0,-781.5623,17.38263,1098.843,0,0.7965022,0,-0.6046357;
racing,killCuboid,9,1,20,-724.6736,-12.80715,1115.188,0,0.9911003,0,0.1331173;
racing,killCuboid,10,1,20,-725.9555,51.28885,1106.639,0,0.1221831,0,-0.9925076;
custom,cuboid,metal3,7,5,0.4,0,0,1,1,1.0,1.0,-695.8059,22.9277,995.0468,0,0.5768508,0,0.8168496;
custom,cuboid,metal3,0.4,5,7,0,0,1,1,1.0,1.0,-776.1702,23.36674,998.0582,0,0.587464,0,0.8092504;
custom,cuboid,metal3,0.4,5,7,0,0,1,1,1.0,1.0,-717.4147,23.27645,951.6216,0,0.5697206,0,0.8218386;
custom,cuboid,metal3,0.4,5,7,0,0,1,1,1.0,1.0,-797.7831,23.27802,955.8661,0,0.9890785,0,0.14739;
custom,cuboid,metal3,0.4,5,4,0,0,1,1,1.0,1.0,-742.3616,23.34194,922.6334,0,0.9864118,0,0.164292;
custom,cuboid,metal3,0.4,5,7,0,0,1,1,1.0,1.0,-767.7289,23.34942,894.1781,0,0.821719,0,-0.569893;
custom,cuboid,metal3,0.4,5,7,0,0,1,1,1.0,1.0,-819.1578,23.27239,911.9429,0,0.5660037,0,0.8244027;
custom,cuboid,metal3,0.4,5,7,0,0,1,1,1.0,1.0,-837.0356,23.13699,869.125,0,0.202402,0,-0.9793025;
custom,cuboid,metal3,0.4,5,3,0,0,1,1,1.0,1.0,-793.062,23.39446,866.8751,0,0.1878085,0,-0.9822056;
custom,cuboid,metal3,4.4,15,0.4,0,1,1,1,1.0,1.0,-788.5922,74.89174,809.8659,0,0.1781639,0,-0.9840009;
custom,cuboid,metal3,7,7,1.7,0,1,1,1,1.0,1.0,1.190056,14.9566,-54.32272,0,0.03285237,0,-0.9994602;
custom,cuboid,metal3,1,7,20,0,1,1,1,1.0,1.0,28.1908,14.90736,61.16395,0,0.9993411,0,0.03629621;
custom,cuboid,metal3,5,1,0.3,0,1,1,1,1.0,1.0,-271.9931,4.267238,698.3878,0,0.9588149,0,0.2840317;
racing,killCuboid,3,3,0.3,-375.6106,13.69192,783.9669,0,0.1253311,0,-0.992115;
racing,killCuboid,3,3,0.3,-320.2539,31.49393,820.5183,0,0.4282592,0,-0.9036559;
racing,killCuboid,3,3,0.3,-443.6015,6.825571,932.8786,0,0.8048202,0,-0.5935188;
custom,cuboid,metal3,4.4,15,0.4,0,1,1,1,1.0,1.0,-805.8914,122.3609,846.8575,0,0.2104812,0,-0.9775979;
racing,killCuboid,8,15,4.4,-761.7463,121.5348,748.6447,0,0.8400469,0,-0.5425138;
custom,cuboid,metal3,4.4,1,15,0,1,1,1,1.0,1.0,-776.0018,201.4996,780.1839,0,0.9774375,0,0.211225;
racing,killCuboid,4.4,1,15,-776.3361,200.8895,781.4461,0,0.9773048,0,0.2118379;
racing,killCuboid,0.4,15,4.4,-804.4531,127.5576,845.7601,0,0.8255438,0,-0.5643382;
racing,killCuboid,0.5,15,4.4,-787.5376,74.93445,810.3588,0,0.822969,0,-0.5680864;
custom,cuboid,metal3,4.4,1,1,0,1,1,1,1.0,1.0,-763.3035,83.5043,752.0634,0,0.2119795,0,-0.9772741;
racing,killCuboid,4.4,1,15,-775.2778,-3.701985,780.2008,0,0.2087017,0,-0.9779794;
racing,killCuboid,4.4,3,8,-761.5112,9.355952,748.2145,0,0.2095917,0,-0.977789;
racing,killCuboid,15,20,0.4,-793.4248,100.539,768.8677,0,0.5395635,0,0.8419449;
racing,killCuboid,15,20,0.4,-758.6954,99.63886,788.5668,0,0.8377005,0,-0.54613;
racing,killCuboid,0.4,5,10,-707.0173,24.35194,678.4813,0,0.2230486,0,-0.9748074;
racing,killCuboid,0.4,5,10,-740.5982,23.65988,660.489,0,0.2181551,0,-0.9759141;
racing,killCuboid,4.4,0.4,10,-725.3375,48.14867,668.8724,0,0.2279952,0,-0.9736623;
custom,cuboid,metal3,0.4,5,20,0,1,1,1,1.0,1.0,-641.97,25.20886,543.8522,0,0.2224773,0,-0.9749379;
custom,cuboid,metal3,0.4,5,20,0,1,1,1,1.0,1.0,-676.8193,24.39538,525.6512,0,0.97532,0,0.2207963;
racing,killCuboid,4.5,0.4,20,-659.5413,48.51818,534.9102,0,0.2258734,0,-0.9741567;
racing,killCuboid,4.5,0.4,30,-682.2321,-1.041936,578.8127,0,0.2280436,0,-0.973651;
racing,killCuboid,0.5,5,20,-641.3945,25.35231,543.5693,0,0.2222531,0,-0.9749891;
racing,killCuboid,0.5,5,20,-676.6434,24.7373,525.0405,0,0.2199982,0,-0.9755003;
racing,checkpointCuboid,4.4,5,0.4,-700.976,21.54948,622.4936,0,0.9699306,0,0.2433815;
custom,cuboid,metal3,4.4,1,0.4,0,1,1,1,1.0,1.0,-700.7928,2.949526,622.32,0,0.9694189,0,0.2454123;
racing,killCuboid,4.5,1,1,-641.1329,-0.505738,489.6495,0,0.2392245,0,-0.9709643;
racing,killCuboid,4.5,1,1,-641.6596,14.43318,499.9005,0.06060038,0.2467206,-0.2307074,-0.9392713;
racing,killCuboid,4.5,1,1,-647.3732,6.326442,507.9314,-0.05790849,0.2430742,0.2243964,-0.9419171;
racing,killCuboid,4.5,1,1,-645.4924,32.6844,504.7532,0,0.2625429,0,-0.9649203;
racing,killCuboid,4.5,1,1,-636.8834,43.27554,475.3698,0,0.2499102,0,-0.9682691;
racing,killCuboid,4.5,1,1,-648.2773,28.81239,503.6591,-0.1315549,0.9603735,-0.03334741,0.2434419;
racing,killCuboid,4.5,0.4,0.4,-673.3224,1.933244,568.473,0,0.9714282,0,0.2373337;
racing,killCuboid,4.5,0.4,0.4,-673.1263,11.28129,568.4493,0,0.9703817,0,0.241577;
racing,killCuboid,4.5,0.4,0.4,-673.6991,20.46478,569.5243,0,0.970381,0,0.2415797;
racing,killCuboid,4.5,0.4,0.4,-673.8447,30.63133,569.3138,0,0.9734595,0,0.2288592;
racing,killCuboid,0.4,5,0.4,-667.1707,22.29777,571.3798,0,0.9642941,0,0.2648337;
racing,killCuboid,0.4,5,0.4,-682.6119,19.49664,563.9177,0,0.9727645,0,0.2317958;
racing,killCuboid,4.5,0.4,0.4,-672.3166,39.13948,567.3307,0,0.9648636,0,0.2627513;
racing,killCuboid,1,5,1,-694.3145,23.36391,587.4362,0,0.254841,0,-0.966983;
racing,killCuboid,1,5,1,-684.3661,21.78106,605.7922,0,0.9588462,0,0.283926;
racing,killCuboid,15,1,14,-792.5617,48.04723,933.6709,0,0.5648417,0,0.8251994;
custom,cuboid,metal3,15,5,0.4,0,1,1,1,1.0,1.0,-532.1185,25.16674,484.6054,0,0.2100614,0,-0.9776882;
racing,killCuboid,10,5,0.4,-611.3461,24.41473,391.1837,0,0.5295069,0,0.8483056;
racing,killCuboid,15,5,0.4,-527.559,23.66041,375.8991,0,-0.206422,0,0.9784631;
racing,killCuboid,7,5,0.4,-587.2599,25.62974,427.8521,0,0.8430367,0,-0.5378562;
racing,killCuboid,7,5,0.4,-548.9285,22.72067,404.2854,0,0.837149,0,-0.5469749;
racing,killCuboid,7,5,0.4,-543.191,23.47254,446.8628,0,-0.5392458,0,-0.8421485;
racing,killCuboid,7,5,0.4,-510.8632,23.86333,418.5882,0,-0.5475928,0,-0.8367451;
racing,killCuboid,10,5,0.4,-444.5063,23.04125,467.455,0,-0.5446436,0,-0.8386676;
racing,killCuboid,10,5,20,-524.3879,-23.72663,432.8792,0,0.5469561,0,0.8371613;
racing,killCuboid,10,0.4,20,-534.762,47.74174,427.9947,0,0.5450369,0,0.8384122;
racing,killCuboid,0.4,5,7,-474.1081,21.60719,435.4933,0,0.2053474,0,-0.9786892;
racing,killCuboid,0.4,5,7,-508.6702,24.60687,463.835,0,0.2181416,0,-0.9759172;
racing,killCuboid,2,5,0.4,-413.7154,21.47741,369.5653,0,0.9771067,0,0.2127499;
racing,killCuboid,0.4,5,15,-532.3216,26.02768,484.3873,0,0.5426004,0,0.839991;
racing,killCuboid,7,1,11,-657.9788,-2.226699,873.293,0,0.9827493,0,0.1849428;
racing,killCuboid,4,1,5,178.0553,51.80833,75.41508,0,0.6943893,0,0.7195995;
racing,killCuboid,4,1.1,5,178.1005,83.31863,88.9039,0,0.695122,0,0.7188918;
racing,killCuboid,4,1.1,5,180.1422,115.215,76.63879,0,0.7194729,0,-0.6945205;
racing,killCuboid,4,1.1,5,177.1132,135.8304,76.21157,0,0.6976435,0,0.7164451;
racing,killCuboid,4,1.1,5,179.8519,161.3601,93.50254,0,0.7019435,0,0.7122327;
racing,killCuboid,4,1.1,5,178.6182,179.4793,93.33994,0,0.7036816,0,0.7105155;
racing,killCuboid,1,1,1,196.9057,1.565456,321.1318,0,0.03145334,0,-0.9995052;
racing,killCuboid,1,1,1,158.5975,5.134424,174.6223,0,0.9998166,0,-0.01915096;
racing,killCuboid,1,1,1,174.8047,5.799895,188.1614,0,0.9999654,0,-0.008330769;
racing,killCuboid,1,1,1,187.7719,4.040222,174.1955,0,0.007767008,0,0.9999699;
racing,killCuboid,1,1,1,199.8907,4.572943,186.7319,0,0.01204109,0,0.9999275;
racing,killCuboid,1,1,1,181.5441,1.26594,265.0144,0,0.9999799,0,-0.006342221;
racing,killCuboid,1,1,1,203.5109,0.06593399,286.6625,0,0.9999828,0,0.005875006;
racing,killCuboid,1,1,1,156.7309,1.465933,221.8687,0,0.999933,0,-0.01157801;
racing,killCuboid,1,1,1,171.6972,3.57765,241.1363,0,0.0119978,0,-0.9999281;
racing,killCuboid,1,1,1,173.8516,-2.880976,307.7414,0,0.02073464,0,-0.999785;
racing,killCuboid,1,1,1,173.807,1.638199,343.6392,0,0.03159131,0,0.9995009;
racing,killCuboid,1,1,1,189.6874,1.554159,220.3974,0,0.9986212,0,-0.05249474;
racing,killCuboid,2,3.1,1,-387.3374,4.354218,861.577,0,0.246784,0,-0.9690705;
racing,killCuboid,2,2.1,1,-388.0003,38.47718,861.6132,0,0.265833,0,-0.9640191;
racing,killCuboid,1,1,1,-385.7739,24.66058,865.2393,0,0.2616357,0,-0.9651667;
racing,killCuboid,5.4,1,18.3,-532.0696,-2.318146,898.4354,0,0.5627243,0,0.8266447;
racing,killCuboid,4.5,1,1,-684.2131,35.85634,595.9762,0,0.969837,0,0.2437546;
racing,checkpointCuboid,0.1,0.1,0.1,-846.9344,-0.1166806,898.6265,0,0.9807776,0,0.1951291;
racing,killCuboid,4.5,1,1,-691.7804,5.892907,597.5003,0,0.969837,0,0.2437546;
racing,killCuboid,0.4,5,20,-419.5845,24.07294,312.5952,0,0.2054533,0,-0.9786669;
racing,killCuboid,0.4,5,20,-383.1826,23.34369,330.2928,0,0.2083133,0,-0.9780622;
racing,killCuboid,4.5,0.4,20,-402.4825,47.28357,325.1239,0,0.2040046,0,-0.97897;
racing,killCuboid,4.5,0.4,20,-401.7288,-0.6274388,322.8446,0,0.2059543,0,-0.9785617;
racing,killCuboid,2,3.6,0.4,-431.7001,17.44377,360.7187,0,0.9751662,0,0.2214745;
racing,killCuboid,2,5,0.4,-416.1542,24.55263,328.27,0,0.2345786,0,-0.9720972;
racing,killCuboid,2,3.6,0.4,-398.6691,31.5403,337.1358,0,0.2446058,0,-0.9696227;
racing,killCuboid,1.5,5,0.4,-403.8958,24.42522,297.7582,0,0.2202423,0,-0.9754452;
racing,killCuboid,1.5,5,0.4,-382.0626,24.23035,307.8307,0,0.215432,0,-0.9765189;
racing,killCuboid,4.5,1.8,0.4,-393.0215,9.202859,302.9756,0,0.2101459,0,-0.9776701;
racing,killCuboid,4.5,1.8,0.4,-391.0219,40.64295,304.0167,0,0.2101459,0,-0.9776701;
racing,killCuboid,4.5,5,0.4,-378.243,2.282986,269.2577,0,0.2092413,0,-0.9778641;
racing,killCuboid,4.5,2,0.4,-377.8416,42.3629,269.4378,0,0.2136763,0,-0.9769045;
custom,cuboid,default,0.5,0.5,15,1,1,0,0,1.0,1.0,-398.7028,51.84509,316.2833,0,0.2044439,0,-0.9788783;
custom,cuboid,default,200,10,170,0,1,0,0,1.0,1.0,-99.23551,-49.72807,21.02277,0,0.713779,0,0.700371;
misc,barrier,1,7,1,-110.1035,19.06857,148.8205,0,0.7025579,0,0.7116266;
misc,barrier,18,1,18,-93.25671,51.36133,-505.0139,0,0.6870002,0,0.7266573;
racing,killCuboid,40,1,25,125.7482,51.10559,-382.2943,0,0.7225289,0,-0.6913407;
racing,killCuboid,7,1,7,197.7951,0.2915941,-324.0986,0,0.7474697,0,-0.664296;
racing,killCuboid,2.5,5,1,175.2632,12.08917,526.4028,0,-0.02598251,0,-0.9996625;
racing,killCuboid,25,25,0.5,208.6656,127.4299,233.7649,0,0.699452,0,-0.7146795;
racing,killCuboid,4.5,5,0.4,-361.8764,10.39482,232.4079,0,0.2189866,0,-0.9757279;
custom,cuboid,default,5,5,0.4,1,1,0,0,1.0,1.0,-334.4203,23.63199,218.0485,0,0.5623293,0,0.8269135;
custom,cuboid,default,25,5,0.4,1,1,0,0,1.0,1.0,-439.5631,23.81236,150.28,0,0.1936577,0,-0.9810692;
racing,killCuboid,25,5,0.4,-439.9182,23.99433,150.2784,0,-0.1939662,0,0.9810082;
racing,killCuboid,5,5,0.4,-334.8378,24.8117,218.4798,0,0.559173,0,0.8290511;
racing,killCuboid,0.4,5,21,-475.4154,24.41278,183.7929,0,0.5603842,0,0.8282328;
racing,killCuboid,0.4,5,21,-466.5297,24.35837,163.7069,0,0.5578084,0,0.8299698;
custom,cuboid,metal2,5,1,4.5,0,1,0,0,1.0,1.0,-347.6743,-3.852397,210.1089,0,0.5456078,0,0.8380407;
racing,killCuboid,2,5,21,-462.0178,15.00418,152.6485,0,0.8296639,0,-0.5582633;
racing,killCuboid,2,5,21,-468.1167,37.91269,175.4097,0,0.5563687,0,0.8309356;
racing,killCuboid,5,1,25,-451.9976,53.72951,174.1191,0,0.5576158,0,0.8300992;
racing,killCuboid,5,1,21,-467.8362,-3.675199,166.7668,0,0.5519956,0,0.833847;
custom,cylinder,default,1,2,1,0,1,1,1,1.0,1.0,-351.2025,-11.92809,211.2384,0,0.9710048,0,0.23906;
racing,checkpointCylinder,0.3,0.3,0.3,-351.4095,10.07678,210.9791,0,0.8418141,0,-0.5397677;
custom,cuboid,metal3,0.4,5,5,0,1,1,1,1.0,1.0,-595.6328,24.70596,135.0999,0,0.5499887,0,0.8351722;
custom,cuboid,metal3,0.4,5,5,0,1,1,1,1.0,1.0,-606.6928,24.98239,104.5504,0,0.9758202,0,0.2185749;
custom,cuboid,metal3,5,30,0.4,0,1,1,1,1.0,1.0,-575.8802,196.761,93.27793,0,0.216841,0,-0.976207;
racing,killCuboid,5,30,0.4,-556.9435,145.3209,52.17985,0,0.2075952,0,-0.9782149;
racing,killCuboid,0.4,30,5,-437.0872,195.6397,-222.394,0,0.5358498,0,0.8443134;
custom,cuboid,metal3,5,30,0.4,0,1,1,1,1.0,1.0,-436.8187,195.2517,-223.1188,0,0.218838,0,-0.9757613;
custom,cuboid,metal3,5,0.4,35,0,1,1,1,1.0,1.0,-506.2381,344.7866,-65.33495,0,0.9787409,0,0.2051008;
racing,killCuboid,25,5,5,-487.0277,178.2736,-110.0725,0,0.5458677,0,0.8378714;
racing,killCuboid,25,10,5,-509.8152,49.17786,-62.21117,0,0.5441837,0,0.8389662;
racing,killCuboid,25,5,5,-506.5307,270.8472,-61.06115,0,0.5422535,0,0.840215;
racing,killCuboid,0.4,30,5,-575.8791,196.9223,92.90276,0,0.5336177,0,0.8457258;
racing,killCuboid,35,0.4,5,-509.8629,343.4857,-56.70962,0,0.8380945,0,-0.5455251;
racing,killCylinder,6,2,6,-459.2479,267.3781,-165.0693,0.5488867,0.6789791,0.4584092,-0.166048;
racing,killCylinder,6,2,6,-532.547,176.0779,-8.091045,0.3825816,0.5939942,0.596133,-0.38135;
custom,cylinder,metal3,2,2,2,0,1,1,1,1.0,1.0,-531.9349,176.8185,-7.202841,-0.5943741,0.386807,0.3821274,0.5925188;
custom,cylinder,metal3,2,2,2,0,1,1,1,1.0,1.0,-459.6055,268.1879,-165.2598,-0.6016765,0.3872843,0.3667189,0.5945701;
custom,cuboid,metal3,3,3,4.7,0,1,1,1,1.0,1.0,-474.1499,50.70238,-138.1077,0,0.8347585,0,-0.5506163;
racing,killCuboid,35,35,0.4,-526.8226,168.2298,-78.34824,0,0.5462089,0,0.837649;
racing,killCuboid,35,35,0.4,-483.6588,172.9101,-55.73607,0,0.8371423,0,-0.5469853;
racing,killCuboid,5,1,10,-579.9194,-4.498804,98.84362,0,0.9792754,0,0.2025334;
custom,cuboid,metal3,5,25,0.4,0,1,1,1,1.0,1.0,-410.8928,119.353,-281.0876,0,0.2358392,0,-0.9717921;
racing,killCuboid,5,1,40,-330.8548,216.7989,-462.0749,0.05936398,0.2092551,0.01707896,-0.9759081;
racing,killCuboid,5,1,50,-338.8504,294.5024,-448.2122,0.09381086,0.2040253,0.0196454,-0.9742624;
racing,killCuboid,54,35,0.4,-347.2339,171.927,-485.0637,0,0.5458938,0,0.8378544;
racing,killCuboid,54,35,0.4,-305.4162,172.369,-461.5722,0,0.8376769,0,-0.5461661;
racing,killCuboid,5,25,1,-252.0814,71.25231,-637.2122,0,0.2082653,0,-0.9780724;
racing,killCuboid,5,25,1,-238.5728,171.3982,-677.0179,0,0.2065648,0,-0.978433;
custom,cuboid,metal3,1,1,4,0,1,1,1,1.0,1.0,-267.0046,162.9959,-605.5239,0.00265109,0.840053,0.004105306,-0.5424824;
custom,cuboid,metal3,1,1,4,0,1,1,1,1.0,1.0,-228.3971,94.38334,-694.9422,0,-0.5488269,0,-0.835936;
racing,endCuboid,5,5,1,-112.5785,20.69534,-949.5508,0,0.2049349,0,-0.9787756;
racing,killCuboid,0.4,5,25,-186.5172,20.75938,-845.7234,0,0.2123416,0,-0.9771955;
racing,killCuboid,0.4,5,25,-143.1779,20.55752,-821.5997,0,0.218121,0,-0.9759218;
racing,killCuboid,5,1,50,-216.85,-4.335803,-719.7197,0,0.2128712,0,-0.9770803;
racing,killCuboid,5,1,15,-432.2378,-2.937623,-233.4886,0,0.9795301,0,0.2012977;
racing,killCuboid,6,1,30,-176.1712,48.22733,-809.5143,0,0.2066694,0,-0.9784108;
racing,killCuboid,5,1,5,-587.1647,48.92961,116.2414,0,0.5396934,0,0.8418617;
custom,cuboid,default,0.1,0.7,0.1,1,0,1,1,1.0,1.0,24.98028,39.82278,-44.01041,0.1859972,0.7579973,0.2394835,-0.5774885;
custom,cuboid,default,0.1,0.7,0.1,1,0,1,1,1.0,1.0,21.31192,39.70267,-44.79435,-0.2903676,0.9544891,-0.01473969,0.06648423;
custom,cuboid,default,0.1,0.7,0.1,1,0,1,1,1.0,1.0,22.94894,33.79388,-44.56903,0,0.9982458,0,0.0592059;
custom,cuboid,default,0.1,0.7,0.1,1,0,1,1,1.0,1.0,19.46204,33.59344,-45.02243,0,0.9973832,0,0.07229628;
custom,cuboid,default,0.1,0.7,0.1,1,0,1,1,1.0,1.0,15.55312,33.47344,-45.15259,0,0.9973832,0,0.07229628;
custom,cuboid,default,0.5,0.1,0.1,1,0,1,1,1.0,1.0,17.46185,30.52538,-44.84924,0,0.9983547,0,0.05733963;
custom,cuboid,default,0.5,0.1,0.1,1,0,1,1,1.0,1.0,11.97996,30.43884,-45.52517,0,0.9990575,0,0.04340619;
custom,cuboid,default,0.1,0.7,0.1,1,0,1,1,1.0,1.0,13.91938,33.39888,-45.23082,0,0.9984912,0,0.05491136;
custom,cuboid,default,0.1,0.7,0.1,1,0,1,1,1.0,1.0,9.963988,33.51881,-45.58189,0,0.9976869,0,0.06797798;
custom,cuboid,default,0.1,0.7,0.1,1,0,1,1,1.0,1.0,8.036982,33.53551,-45.74359,0,0.9987206,0,0.05056913;
custom,cuboid,default,0.1,0.5,0.1,1,0,1,1,1.0,1.0,6.23717,34.70366,-45.77311,-0.3581161,0.9329239,-0.01343704,0.03500468;
custom,cuboid,default,0.1,0.4,0.1,1,0,1,1,1.0,1.0,6.391376,31.78363,-45.86269,0.354989,0.933417,0.008430005,0.05142526;
custom,cuboid,default,0.1,0.7,0.1,1,0,1,1,1.0,1.0,3.077869,33.64783,-46.01267,0,0.9997014,0,0.02443471;
custom,cuboid,default,0.1,0.7,0.1,1,0,1,1,1.0,1.0,-4.302189,33.43257,-46.39764,0,0.9985863,0,0.05315412;
custom,cuboid,default,0.1,0.7,0.1,1,0,1,1,1.0,1.0,0.655002,33.51154,-46.31676,0,0.9991211,0,0.04191704;
custom,cuboid,default,0.3,0.1,0.1,1,0,1,1,1.0,1.0,-1.270425,33.34814,-46.36501,0,0.9997001,0,0.02448822;
custom,cuboid,default,0.1,0.7,0.1,1,0,1,1,1.0,1.0,-2.478356,33.49194,-46.32102,0,0.9999818,0,-0.006045826;
custom,cuboid,default,0.1,0.7,0.1,1,0,1,1,1.0,1.0,-7.724789,33.40928,-46.8047,0,0.9992911,0,0.03764725;
custom,cuboid,default,0.5,0.1,0.1,1,0,1,1,1.0,1.0,-7.733814,36.56935,-46.68513,0,0.9992911,0,0.03764725;
custom,cuboid,default,0.5,0.1,0.1,1,0,1,1,1.0,1.0,-14.09313,36.56504,-47.02424,0,0.9992908,0,0.03765415;
custom,cuboid,default,0.5,0.1,0.1,1,0,1,1,1.0,1.0,-14.08057,30.60504,-47.0311,0,0.9991818,0,0.04044457;
custom,cuboid,default,0.1,0.7,0.1,1,0,1,1,1.0,1.0,-12.01872,33.57477,-46.93196,0,0.9992235,0,0.03940139;
custom,cuboid,default,0.1,0.7,0.1,1,0,1,1,1.0,1.0,-16.06776,33.61972,-47.20325,0,0.9999962,0,0.002777768;