map,disablebounds;
custom,cuboid,rock3,1050,10,1050,0,1,0,0,525,525,-0.4666191,1.799999,-0.7695882,0,1,0,0;
custom,cuboid,earth1,1,5,5.999999999999986,0,1,1,1,0.5999999999999985,1.0,1015.0,75,1210.0,0,-0.374606593415912,0,0.9271838545667874;
racing,startCuboid,1,5,24.801392966632502,1222.4880013149495,75,1410.3688337770022,0,0.27563735581699916,0,0.9612616959383189;
spawnpoint,playerC,1118.7440006574748,75,1310.1844168885011,0,-0.374606593415912,0,0.9271838545667874;
custom,canal1,default,1,1,1,0,1,1,1,1.0,1.0,955.9778,34.80704,1053.822,0,0.6352384,0,-0.7723162;
custom,cylinder,earth1,1.5,2.5,1.5,1,1,0.5,0,1.0,1.0,1288.201680879132,75,1515.5327042139027,0,1,0,0;
custom,cylinder,earth1,1.1,2.5,1.1,1,1,0.5,0,1.0,1.0,1156.7743217507673,75,1305.204963340102,0,1,0,0;
custom,cuboid,earth1,1,5,40.876569300693916,0,1,1,1,4.087656930069391,1.0,1141.180964882681,75,1373.5564491120313,0,-0.9205048534524404,0,0.3907311284892737;
custom,cuboid,earth1,1,5,16.81188369947884,0,1,1,1,1.681188369947884,1.0,1096.3070364322684,75,1246.8123846649712,0,-0.9205048534524404,0,0.3907311284892737;
custom,cylinder,earth1,1.5,2.5,1.5,1,1,0.5,0,1.0,1.0,1121.3344313808923,75,1001.9681175394551,0,1,0,0;
custom,cylinder,earth1,1.1,2.5,1.1,1,1,0.5,0,1.0,1.0,1079.5550775411368,75,1067.5485666830073,0,1,0,0;
custom,cuboid,earth1,1,5,53.9993762594721,0,1,1,1,5.39993762594721,1.0,1204.7680561300122,75,1258.7504108766789,0,0.15643446504023095,0,0.9876883405951377;
custom,cuboid,earth1,1,5,24.98867234335207,0,1,1,1,2.498867234335207,1.0,1118.164699645952,75,1186.3767650115547,0,0.15643446504023095,0,0.9876883405951377;
custom,cylinder,earth1,1.1,2.5,1.1,1,1,0.5,0,1.0,1.0,793.1074212975104,75,1042.2693268490164,0,1,0,0;
custom,cylinder,earth1,1.5,2.5,1.5,1,1,0.5,0,1.0,1.0,745.8495230778212,75,1108.522456658646,0,1,0,0;
custom,cuboid,earth1,1,5,33.06919376399877,0,1,1,1,3.3069193763998768,1.0,957.2209263392015,75,1022.1187221942358,0,0.7489557207890022,0,0.6626200482157374;
custom,cuboid,earth1,1,5,33.62116249319834,0,1,1,1,3.362116249319834,1.0,912.702300309479,75,1088.0355116708267,0,0.7489557207890022,0,0.6626200482157374;
custom,cylinder,earth1,1.5,2.5,1.5,1,1,0.5,0,1.0,1.0,731.7495283099481,75,753.6031360455736,0,1,0,0;
custom,cylinder,earth1,1.1,2.5,1.1,1,1,0.5,0,1.0,1.0,679.416850129064,75,795.9813032507867,0,1,0,0;
custom,cuboid,earth1,1,5,29.511516522341374,0,1,1,1,2.9511516522341372,1.0,762.4285,75.39999,897.9362,0,0.1045285,0,0.9945219;
custom,cuboid,earth1,1,5,31.95235086947932,0,1,1,1,3.1952350869479322,1.0,712.6332,74.8,952.2519,0,0.1045285,0,0.9945219;
custom,cylinder,earth1,1.5,2.5,1.5,1,1,0.5,0,1.0,1.0,374.82525484262254,75,594.6902110150119,0,1,0,0;
custom,cylinder,earth1,1.1,2.5,1.1,1,1,0.5,0,1.0,1.0,358.12448272741403,75,652.9327249128833,0,1,0,0;
custom,cuboid,earth1,1,5,39.07022584167478,0,1,1,1,3.9070225841674775,1.0,553.2873915762854,75,674.1466735302927,0,0.5446390350150271,0,0.838670567945424;
custom,cuboid,earth1,1,5,35.16982813649393,0,1,1,1,3.5169828136493932,1.0,518.7707,74.60001,724.457,0,0.5446391,0,0.8386706;
custom,cylinder,earth1,1.1,2.5,1.1,1,1,0.5,0,1.0,1.0,35.499334948133736,75,547.0010629968834,0,1,0,0;
custom,cylinder,earth1,1.5,2.5,1.5,1,1,0.5,0,1.0,1.0,14.519670341130961,75,604.6422177723563,0,1,0,0;
custom,cuboid,earth1,1,5,34.26606699796987,0,1,1,1,3.426606699796987,1.0,205.16229489537812,75,570.8456370059477,0,0.656059028990507,0,0.7547095802227721;
custom,cuboid,earth1,1,5,34.69816135977555,0,1,1,1,3.469816135977555,1.0,186.32207653427253,75,628.7874713426197,0,0.656059028990507,0,0.7547095802227721;
custom,cylinder,earth1,1.5,2.5,1.5,1,1,0.5,0,1.0,1.0,-292.9512066693218,75,341.76238592211644,0,1,0,0;
custom,cylinder,earth1,1.1,2.5,1.1,1,1,0.5,0,1.0,1.0,-293.56529002099876,75,412.129368257861,0,1,0,0;
custom,cuboid,earth1,1,5,38.7301785247887,0,1,1,1,3.8730178524788696,1.0,-128.725935860594,75,444.38172445949994,0,0.48480962024633706,0,0.8746197071393957;
custom,cuboid,earth1,1,5,36.32871316596911,0,1,1,1,3.632871316596911,1.0,-139.5228098399339,75,508.3857930151086,0,0.48480962024633706,0,0.8746197071393957;
custom,cylinder,earth1,1.1,2.5,1.1,1,1,0.5,0,1.0,1.0,-530.1598920520698,75,484.29174345991,0,1,0,0;
custom,cylinder,earth1,1.5,2.5,1.5,1,1,0.5,0,1.0,1.0,-548.0628913242441,75,565.0469545179577,0,1,0,0;
custom,cuboid,earth1,1,5,27.67355744770587,0,1,1,1,2.767355744770587,1.0,-411.55554936069575,75,413.02706469101327,0,0.870355695939901,0,0.4924235601034648;
custom,cuboid,earth1,1,5,29.690540119155752,0,1,1,1,2.969054011915575,1.0,-420.81409067262143,75,488.58816138790934,0,0.870355695939901,0,0.4924235601034648;
custom,cylinder,earth1,1.5,2.5,1.5,1,1,0.5,0,1.0,1.0,-681.2140583059031,75,260.3447324407418,0,1,0,0;
custom,cylinder,earth1,1.1,2.5,1.1,1,1,0.5,0,1.0,1.0,-716.7145143636199,75,315.01064092345473,0,1,0,0;
custom,cuboid,earth1,1,5,27.012890420512235,0,1,1,1,2.7012890420512234,1.0,-605.6869751789864,75,372.3182379503259,0,0.29237170472273605,0,0.9563047559630357;
custom,cuboid,earth1,1,5,30.159828923544037,0,1,1,1,3.015982892354404,1.0,-632.388702843932,75,440.0287977207062,0,0.29237170472273605,0,0.9563047559630357;
custom,cylinder,earth1,1.1,2.5,1.1,1,1,0.5,0,1.0,1.0,-830.387170015882,75,234.0414880500323,0,1,0,0;
custom,cylinder,earth1,1.5,2.5,1.5,1,1,0.5,0,1.0,1.0,-1289.6275130870652,75,213.99062164991648,0,1,0,0;
custom,cuboid,earth1,1,5,15.147434740811804,0,1,1,1,1.5147434740811803,1.0,-755.8006141608926,75,247.19311024538706,0,0.6427876096865335,0,0.7660444431189829;
custom,cuboid,earth1,1,5,58.175110519905026,0,1,1,1,5.817511051990502,1.0,-1003.1710137253425,75,264.5006312866856,0,0.6427876096865335,0,0.7660444431189829;
custom,cylinder,earth1,1.5,2.5,1.5,1,1,0.5,0,1.0,1.0,-761.7131313579707,75,228.0332881889251,0,1,0,0;
custom,cylinder,earth1,1.1,2.5,1.1,1,1,0.5,0,1.0,1.0,-773.7525988576558,75,168.85741485743466,0,1,0,0;
custom,cuboid,earth1,1,5,6.8936362329029865,0,1,1,1,0.6893636232902987,1.0,-796.0501506869264,75,231.0373881194787,0,-0.675590207615666,0,0.7372773368101188;
custom,cuboid,earth1,1,5,51.78454725944539,0,1,1,1,5.178454725944539,1.0,-1031.6900559723606,75,191.42401825367557,0,-0.675590207615666,0,0.7372773368101188;
custom,cylinder,earth1,1.1,2.5,1.1,1,1,0.5,0,1.0,1.0,-515.8798304132006,75,148.15720672201763,0,1,0,0;
custom,cylinder,earth1,1.5,2.5,1.5,1,1,0.5,0,1.0,1.0,-501.4752859338424,75,80.389153051117,0,1,0,0;
custom,cuboid,earth1,1,5,25.848442940322343,0,1,1,1,2.5848442940322345,1.0,-638.7964808855857,75,188.09524745547137,0,-0.587785252292473,0,0.8090169943749475;
custom,cuboid,earth1,1,5,28.62893090564917,0,1,1,1,2.862893090564917,1.0,-637.6139423957491,75,124.62328395427583,0,-0.587785252292473,0,0.8090169943749475;
custom,cylinder,earth1,1.5,2.5,1.5,1,1,0.5,0,1.0,1.0,-303.4637302053275,75,339.41752242316124,0,1,0,0;
custom,cylinder,earth1,1.1,2.5,1.1,1,1,0.5,0,1.0,1.0,-289.5806391793664,75,271.1799499539087,0,1,0,0;
custom,cuboid,earth1,1,5,28.58340567350614,0,1,1,1,2.8583405673506137,1.0,-409.671780309264,75,243.78736457258947,0,-0.9135454576426006,0,0.40673664307580076;
custom,cuboid,earth1,1,5,28.513237190120392,0,1,1,1,2.851323719012039,1.0,-395.5279625566044,75,175.78455150251287,0,-0.9135454576426006,0,0.40673664307580076;
custom,cylinder,earth1,1.5,2.5,1.5,1,1,0.5,0,1.0,1.0,79.4783093993324,75,207.56000389781235,0,1,0,0;
custom,cylinder,earth1,1.1,2.5,1.1,1,1,0.5,0,1.0,1.0,56.97106840283183,75,151.85262760067346,0,1,0,0;
custom,cuboid,earth1,1,5,40.50074207816934,0,1,1,1,4.050074207816934,1.0,-111.99271040299756,75,273.4887631604868,0,-0.5807029557109398,0,0.8141155183563191;
custom,cuboid,earth1,1,5,36.652025303948804,0,1,1,1,3.6652025303948803,1.0,-116.30478538826729,75,211.5162887772911,0,-0.5807029557109398,0,0.8141155183563191;
custom,cylinder,earth1,1.1,2.5,1.1,1,1,0.5,0,1.0,1.0,422.488347531675,75,47.61179629266337,0,1,0,0;
custom,cylinder,earth1,1.5,2.5,1.5,1,1,0.5,0,1.0,1.0,435.9190355396919,75,-24.853711517514938,0,1,0,0;
custom,cuboid,earth1,1,5,37.846970205770894,0,1,1,1,3.7846970205770893,1.0,250.9833284655037,75,127.58590009523786,0,-0.5372996083468243,0,0.8433914458128854;
custom,cuboid,earth1,1,5,41.81228193745361,0,1,1,1,4.181228193745361,1.0,246.44505197126188,75,63.49945804157926,0,-0.5372996083468243,0,0.8433914458128854;
custom,cylinder,earth1,1.1,2.5,1.1,1,1,0.5,0,1.0,1.0,620.7908704059151,75,252.96007003008654,0,1,0,0;
custom,cylinder,earth1,1.5,2.5,1.5,1,1,0.5,0,1.0,1.0,669.068857805895,75,216.57999709402162,0,1,0,0;
custom,cuboid,earth1,1,5,28.546769362789238,0,1,1,1,2.8546769362789237,1.0,521.6396089687951,75,150.28593316137494,0,-0.9271838545667873,0,0.3746065934159124;
custom,cuboid,earth1,1,5,33.56323513558883,0,1,1,1,3.356323513558883,1.0,552.494,74.8,95.86314,0.001886088,-0.923889,9.191707E-06,0.382656;
custom,cylinder,earth1,1.5,2.5,1.5,1,1,0.5,0,1.0,1.0,821.1548443483448,75,600.0006529047819,0,1,0,0;
custom,cylinder,earth1,1.1,2.5,1.1,1,1,0.5,0,1.0,1.0,802.4407976006984,75,447.58697312263894,0,1,0,0;
custom,cuboid,earth1,1,5,40.07279478848598,0,1,1,1,4.007279478848598,1.0,720.9728573771301,75,426.48036146743425,0,-0.9659258262890683,0,0.2588190451025205;
custom,cuboid,earth1,1,5,26.674387958960708,0,1,1,1,2.6674387958960706,1.0,735.7548277032968,75,332.08348510833025,0,-0.9659258262890683,0,0.2588190451025205;
custom,cylinder,earth1,1.5,2.5,1.5,1,1,0.5,0,1.0,1.0,957.2961440510378,75,125.21951791833615,0,1,0,0;
custom,cylinder,earth1,1.1,2.5,1.1,1,1,0.5,0,1.0,1.0,882.1927722540418,75,169.45878479173658,0,1,0,0;
custom,cuboid,earth1,1,5,49.39145468841306,0,1,1,1,4.939145468841306,1.0,889.2254941996913,75,362.610085411559,0,-0.13917310096006527,0,0.9902680687415704;
custom,cuboid,earth1,1,5,28.933659741784723,0,1,1,1,2.8933659741784723,1.0,842.3168,75.59999,308.5229,0,-0.1391731,0,0.9902681;
custom,cylinder,earth1,1.1,2.5,1.1,1,1,0.5,0,1.0,1.0,618.2565809998598,75,46.94606727670916,0,1,0,0;
custom,cylinder,earth1,1.5,2.5,1.5,1,1,0.5,0,1.0,1.0,584.0569655517249,75,100.62871038861289,0,1,0,0;
custom,cuboid,earth1,1,5,34.795769626390054,0,1,1,1,3.4795769626390056,1.0,787.7763625254488,75,86.08279259752265,0,0.6225146366376193,0,0.7826081568524141;
custom,cuboid,earth1,1,5,30.597800309888406,0,1,1,1,3.0597800309888408,1.0,733.1248689028835,75,135.04374759017475,0,0.6225146366376193,0,0.7826081568524141;
custom,cylinder,earth1,1.1,2.5,1.1,1,1,0.5,0,1.0,1.0,468.13959561752137,75,-145.1949120134654,0,1,0,0;
custom,cylinder,earth1,1.5,2.5,1.5,1,1,0.5,0,1.0,1.0,417.95173386506065,75,-111.97629097222574,0,1,0,0;
custom,cuboid,earth1,1,5,24.38304025811148,0,1,1,1,2.438304025811148,1.0,543.1980883086906,75,-49.12442236837812,0,0.325568154457157,0,0.9455185755993167;
custom,cuboid,earth1,1,5,26.979961934243462,0,1,1,1,2.697996193424346,1.0,501.0043497083928,75,-5.6737902918064265,0,0.325568154457157,0,0.9455185755993167;
custom,cylinder,earth1,1.1,2.5,1.1,1,1,0.5,0,1.0,1.0,299.50296217517945,75,-449.4234520316522,0,1,0,0;
custom,cylinder,earth1,1.5,2.5,1.5,1,1,0.5,0,1.0,1.0,209.11680786066384,75,-488.7244704527319,0,1,0,0;
custom,cuboid,earth1,1,5,34.7840938792955,0,1,1,1,3.47840938792955,1.0,383.82127889635046,75,-297.3091820225588,0,0.2503800040544415,0,0.9681476403781077;
custom,cuboid,earth1,1,5,43.075656357290434,0,1,1,1,4.307565635729043,1.0,313.53427086286223,75,-300.3503807124788,0,0.2503800040544415,0,0.9681476403781077;
custom,cylinder,earth1,1.5,2.5,1.5,1,1,0.5,0,1.0,1.0,664.2507224434968,75,-540.3652826408747,0,1,0,0;
custom,cylinder,earth1,1.1,2.5,1.1,1,1,0.5,0,1.0,1.0,554.732685631277,75,-574.8961870081714,0,1,0,0;
custom,cuboid,earth1,1,5,37.59140130073771,0,1,1,1,3.759140130073771,1.0,481.87684230933814,75,-494.8943673362635,0,-0.6156614753256585,0,0.7880107536067218;
custom,cuboid,earth1,1,5,35.619643415012234,0,1,1,1,3.5619643415012234,1.0,381.9247467459704,75,-531.8103287304517,0,-0.6156614753256585,0,0.7880107536067218;
custom,cylinder,earth1,1.1,2.5,1.1,1,1,0.5,0,1.0,1.0,378.21914114458775,75,-869.4069772346072,0,1,0,0;
custom,cylinder,earth1,1.5,2.5,1.5,1,1,0.5,0,1.0,1.0,317.4308548827536,75,-847.8807160769799,0,1,0,0;
custom,cuboid,earth1,1,5,43.59845206902069,0,1,1,1,4.359845206902069,1.0,521.2349317940423,75,-704.886129937741,0,0.35020738125946765,0,0.9366721892483976;
custom,cuboid,earth1,1,5,36.17080479993775,0,1,1,1,3.617080479993775,1.0,436.0817702570153,75,-711.3884515425757,0,0.35020738125946765,0,0.9366721892483976;
custom,cylinder,earth1,1.5,2.5,1.5,1,1,0.5,0,1.0,1.0,389.99815716946074,75,-1206.713863546374,0,1,0,0;
custom,cylinder,earth1,1.1,2.5,1.1,1,1,0.5,0,1.0,1.0,329.12422356554515,75,-1182.7349834079037,0,1,0,0;
custom,cuboid,earth1,1,5,33.75124898012713,0,1,1,1,3.375124898012713,1.0,384.1086491570243,75,-1038.0604203904904,0,-0.0174524064372844,0,0.9998476951563913;
custom,cuboid,earth1,1,5,33.50583758405114,0,1,1,1,3.350583758405114,1.0,323.27753922414934,75,-1015.3078497424417,0,-0.0174524064372844,0,0.9998476951563913;
custom,cylinder,earth1,1.5,2.5,1.5,1,1,0.5,0,1.0,1.0,86.62809586219154,75,-1510.0839248536427,0,1,0,0;
custom,cylinder,earth1,1.1,2.5,1.1,1,1,0.5,0,1.0,1.0,116.22743522174517,75,-1395.6317717517027,0,1,0,0;
custom,cuboid,earth1,1,5,42.90300551186971,0,1,1,1,4.290300551186971,1.0,238.31312651582613,75,-1358.3988942000083,0,0.38268343236509006,0,0.9238795325112866;
custom,cuboid,earth1,1,5,30.108152546147558,0,1,1,1,3.010815254614756,1.0,222.67582939364516,75,-1289.1833775798032,0,0.38268343236509006,0,0.9238795325112866;
custom,cylinder,earth1,1.1,2.5,1.1,1,1,0.5,0,1.0,1.0,-22.72228262377112,75,-1128.7338354822268,0,1,0,0;
custom,cylinder,earth1,1.5,2.5,1.5,1,1,0.5,0,1.0,1.0,32.92277843037823,75,-1105.113908418285,0,1,0,0;
custom,cuboid,earth1,1,5,39.67182828388554,0,1,1,1,3.967182828388554,1.0,31.95290661921021,75,-1319.4088801679345,0,0.9902680687415703,0,0.1391731009600657;
custom,cuboid,earth1,1,5,30.22255693334728,0,1,1,1,3.022255693334728,1.0,74.5751068260617,75,-1250.3728400849939,0,0.9902680687415703,0,0.1391731009600657;
custom,cylinder,earth1,1.5,2.5,1.5,1,1,0.5,0,1.0,1.0,-183.8350321346593,75,-849.6783675822476,0,1,0,0;
custom,cylinder,earth1,1.1,2.5,1.1,1,1,0.5,0,1.0,1.0,-111.63825240231958,75,-854.7268582215199,0,1,0,0;
custom,cuboid,earth1,1,5,32.222549902177896,0,1,1,1,3.2222549902177895,1.0,-103.2786573792152,75,-989.2061015322372,0,0.9659258262890689,0,0.2588190451025184;
custom,cuboid,earth1,1,5,28.912206166539693,0,1,1,1,2.8912206166539693,1.0,-39.357736985970675,75,-979.9203833199024,0,0.9659258262890689,0,0.2588190451025184;
custom,cylinder,earth1,1.1,2.5,1.1,1,1,0.5,0,1.0,1.0,-9.120552305728893,75,-626.054031102243,0,1,0,0;
custom,cylinder,earth1,1.5,2.5,1.5,1,1,0.5,0,1.0,1.0,66.50491283925348,75,-626.7140045381766,0,1,0,0;
custom,cuboid,earth1,1,5,28.378335632664587,0,1,1,1,2.8378335632664586,1.0,-96.47779222019409,75,-737.8661993422453,0,-0.9455185755993164,0,0.325568154457158;
custom,cuboid,earth1,1,5,28.935246459484002,0,1,1,1,2.8935246459484003,1.0,-22.56666978153305,75,-740.7204313798482,0,-0.9455185755993164,0,0.325568154457158;
custom,cylinder,earth1,1.1,2.5,1.1,1,1,0.5,0,1.0,1.0,-167.8330741648186,75,-415.43540084282057,0,1,0,0;
custom,cylinder,earth1,1.5,2.5,1.5,1,1,0.5,0,1.0,1.0,-131.30003643772412,75,-364.2179709092767,0,1,0,0;
custom,cuboid,earth1,1,5,26.372309721984408,0,1,1,1,2.6372309721984406,1.0,-88.47681323527375,75,-520.7447159725318,0,0.9483236552061998,0,0.3173046564050908;
custom,cuboid,earth1,1,5,32.86806438313218,0,1,1,1,3.286806438313218,1.0,-32.39756,75.2,-495.466,0,0.9483237,0,0.3173047;
custom,cylinder,earth1,1.5,2.5,1.5,1,1,0.5,0,1.0,1.0,-420.7369646169644,75,-333.26194558098933,0,1,0,0;
custom,cylinder,earth1,1.1,2.5,1.1,1,1,0.5,0,1.0,1.0,-375.58684874126754,75,-284.84437406190494,0,1,0,0;
custom,cuboid,earth1,1,5,26.591888717332424,0,1,1,1,2.6591888717332424,1.0,-294.28501939089153,75,-374.34867321190495,0,0.8090169943749472,0,0.5877852522924735;
custom,cuboid,earth1,1,5,25.68583550167597,0,1,1,1,2.568583550167597,1.0,-253.44344258949582,75,-324.5311724855908,0,0.8090169943749472,0,0.5877852522924735;
racing,endCuboid,1,5,6.0000000000000036,-497.814478321024,75,-62.40438984143566,0,-0.8290375725550417,0,0.5591929034707468;
custom,cylinder,earth1,1.5,2.5,1.5,1,1,0.5,0,1.0,1.0,-525.6299939580276,75,-73.64258764391309,0,1,0,0;
custom,cylinder,earth1,1.1,2.5,1.1,1,1,0.5,0,1.0,1.0,-469.9989626840204,75,-51.16619203895823,0,1,0,0;
custom,cuboid,earth1,1,5,28.000849740678383,0,1,1,1,2.8000849740678384,1.0,-473.183479287496,75,-203.4522666124512,0,0.9816271834476641,0,0.19080899537654425;
custom,cuboid,earth1,1,5,25.20300379174847,0,1,1,1,2.520300379174847,1.0,-422.792905712644,75,-168.0052830504316,0,0.9816271834476641,0,0.19080899537654425;
custom,canal1,default,1,1,1,0,1,1,1,1.0,1.0,955.5649,47.66437,1053.964,0,0.6318943,0,-0.7750546;
custom,canal1,default,1,1,1,0,1,1,1,1.0,1.0,954.6307,59.89342,1054.132,0,0.6244327,0,-0.7810786;
custom,canal1,default,1,1,1,0,1,1,1,1.0,1.0,954.7639,71.94303,1054.165,0,0.6200023,0,-0.7846001;
racing,killTube,5,5,5,536.8323,77.87082,701.7792,0.486005,0.1929329,-0.5676686,0.6358683;
racing,killTorus,5,5,5,482.3906,77.50905,672.3188,0.7376654,0.5968346,0.117329,0.2930396;
custom,wall3,default,0.5,0.5,0.5,0,1,1,1,1.0,1.0,-25.17305,47.16848,545.8693,0,0.8812301,0,-0.4726876;
custom,wall3,default,0.5,0.5,0.5,0,1,1,1,1.0,1.0,-118.7059,102.1339,487.0275,0.4882694,-0.004796542,0.8726075,-0.01123438;
custom,wall3,default,0.5,0.5,0.5,0,1,1,1,1.0,1.0,-181.5408,47.35346,445.4175,0,0.4572242,0,0.8893515;
custom,elevator1,default,1,1,1,0,1,1,1,1.0,1.0,-18.81597,50.92507,548.3571,0,0.7697337,0,0.6383651;
custom,elevator1,default,1,1,1,0,1,1,1,1.0,1.0,-120.3862,98.44239,483.1413,0.609827,0.0007355592,-0.7925085,0.006374704;
custom,elevator1,default,1,1,1,0,1,1,1,1.0,1.0,-186.2275,50.61642,443.8515,0.0122003,0.9920327,0.000638612,-0.125387;
racing,checkpointCuboid,10,10,1,740.6122,48.96266,956.3986,0,0.9928121,0,-0.1196834;
custom,cuboid,earth1,1,6,1,0,0,1,0,1.0,1.0,-638.0863,55.72485,155.1306,-0.5658069,0.5677852,-0.4220395,0.4235153;
custom,tube,default,1,1,1,1,0,1,0,1.0,1.0,-639.3597,74.76732,157.1508,-0.7223798,0.6756718,0.08458002,-0.1203382;
custom,cuboid,earth1,1,6,1,0,0,1,0,1.0,1.0,-637.7142,64.6301,156.5796,-0.5660231,0.5712819,-0.4197181,0.4208227;
custom,cuboid,earth1,1,6,1,0,0,1,0,1.0,1.0,-628.6683,66.94299,188.8903,-0.5618163,0.5598586,-0.4314021,0.4298989;
custom,cuboid,earth1,1,6,1,0,0,1,0,1.0,1.0,-637.5838,84.47381,157.6693,-0.5646984,0.5666732,-0.4235212,0.4250024;
custom,cuboid,earth1,1,6,1,0,0,1,0,1.0,1.0,-637.9341,94.17501,156.7395,-0.5754278,0.5642847,-0.4088255,0.4281676;
custom,cuboid,earth1,1,6,1,0,0,1,0,1.0,1.0,-627.1563,74.74776,190.551,-0.5678959,0.5678959,-0.4213006,0.4213007;
custom,cuboid,earth1,1,6,1,0,0,1,0,1.0,1.0,-627.6118,82.34053,188.5991,-0.5703514,0.5690079,-0.4116592,0.4259883;
custom,cuboid,earth1,1,6,1,0,0,1,0,1.0,1.0,-647.9429,82.85311,125.4181,-0.575942,0.577956,-0.4081,0.4095267;
custom,cuboid,earth1,1,6,1,0,0,1,0,1.0,1.0,-647.2791,74.96329,123.7125,-0.5742602,0.5742599,-0.4125838,0.4125837;
custom,cuboid,earth1,1,6,1,0,0,1,0,1.0,1.0,-648.1075,66.00679,124.8124,-0.5754436,0.5694489,-0.4172535,0.4129069;
racing,checkpointPlane,2,2,2,-638.7263,70.58136,156.0004,0.6790705,-0.5279354,0.2576682,0.4401757;
custom,cuboid,rock3,0.5,8,0.5,0,1,1,1,1.0,1.0,134.7636,70.16685,157.9865,-0.4097564,0.730177,-0.2675723,0.4768085;
custom,cuboid,rock3,0.5,8,0.5,0,1,1,1,1.0,1.0,126.1241,69.57372,137.6564,0.4243859,0.7175973,0.2811046,0.475322;
custom,cuboid,rock3,0.5,8,0.5,0,1,1,1,1.0,1.0,218.2975,61.98645,109.0435,-0.6003417,0.600342,-0.373617,0.373617;
custom,cuboid,rock3,0.5,8,0.5,0,1,1,1,1.0,1.0,240.6143,75.58629,100.9622,-0.5979996,0.6042947,-0.3703522,0.3742507;
custom,cuboid,rock3,0.5,8,0.5,0,1,1,1,1.0,1.0,259.0724,88.62692,93.2969,-0.594556,0.5945563,-0.3827571,0.3827572;
custom,cuboid,rock3,0.5,8,0.5,0,1,1,1,1.0,1.0,303.8511,67.83167,72.05689,-0.5980828,0.5959985,-0.3795294,0.3782068;
custom,cuboid,rock3,0.5,8,0.5,0,1,1,1,1.0,1.0,303.3322,83.95293,71.22751,-0.6011884,0.6075172,-0.3651529,0.368997;
custom,cuboid,rock3,2,8,0.5,0,1,1,1,1.0,1.0,-281.0026,60.27217,283.4855,0,0.8151179,0,0.5792951;
custom,cuboid,rock3,2,8,0.5,0,1,1,1,1.0,1.0,-280.5081,60.95015,287.1273,0,0.8163784,0,0.5775174;
custom,cuboid,rock3,2,8,0.5,0,1,1,1,1.0,1.0,-194.5497,58.71746,286.0951,0,0.8022844,0,0.5969421;
custom,cuboid,rock3,2,8,0.5,0,1,1,1,1.0,1.0,-196.8932,60.07385,280.6902,0,0.8061741,0,0.5916784;
custom,cuboid,rock3,2,8,0.5,0,1,1,1,1.0,1.0,-122.657,58.70419,226.2715,0,0.8074399,0,0.5899498;
custom,cuboid,rock3,2,8,0.5,0,1,1,1,1.0,1.0,-112.6871,60.25188,261.6239,0,0.7957008,0,0.6056899;
custom,cuboid,rock3,2,8,0.5,0,1,1,1,1.0,1.0,-19.81787,55.26159,216.9993,-0.5655825,0.5596902,-0.4305258,0.4260409;
custom,cuboid,rock3,2,8,0.5,0,1,1,1,1.0,1.0,-19.95823,92.61018,220.232,-0.5645074,0.5645074,-0.4258303,0.4258303;
racing,checkpointCuboid,10,10,0.2,67.26485,49.44109,176.2713,0,0.8228737,0,0.5682243;
custom,cuboid,rock3,1,10,1,0,1,1,1,1.0,1.0,842.6979,83.8633,328.6172,0.7037108,-0.1174326,0.1081261,0.6923218;
custom,arc180,rock3,1,1,1,0,1,1,1,1.0,1.0,832.957,69.82227,375.986,-0.09792303,0.7141666,0.6747479,0.1584059;
custom,cuboid,rock3,1,10,1,0,1,1,1,1.0,1.0,852.3705,83.08205,330.6628,-0.4085121,0.4197326,-0.5695547,0.5766715;
custom,cuboid,rock3,1,10,1,0,1,1,1,1.0,1.0,853.9532,77.61575,330.5731,0.7095381,0.1004208,0.1106867,-0.6886362;
custom,cuboid,rock3,1,10,1,0,1,1,1,1.0,1.0,854.5095,68.75896,332.2273,0.7008536,0.09058092,0.1076803,-0.6992884;
custom,cuboid,rock3,1,10,1,0,1,1,1,1.0,1.0,853.7866,60.0672,332.507,0.5713007,0.5713007,-0.4166719,-0.416672;
custom,cuboid,rock3,1,10,1,0,1,1,1,1.0,1.0,845.3783,58.53193,327.9865,0.08216545,0.7071316,-0.6919838,0.1198847;
custom,cylinder,rock3,1,10,1,0,1,1,1,1.0,1.0,876.2193,-0.5113202,380.2817,0,0.9865682,0,0.1633504;
custom,cylinder,rock3,1,10,1,0,1,1,1,1.0,1.0,851.975,-1.640939,362.3283,0,0.9886211,0,0.1504277;
custom,cylinder,rock3,1,10,1,0,1,1,1,1.0,1.0,875.7301,-0.7917265,335.2252,0,0.9872706,0,0.1590498;
custom,cylinder,rock3,1,10,1,0,1,1,1,1.0,1.0,886.4993,-0.07067995,274.5015,0,0.1310385,0,-0.9913773;
racing,checkpointCuboid,10,10,1,649.0587,49.73111,238.4084,-0.008203675,0.9364191,0.002975418,-0.350775;
custom,prism,rock3,0.3,3,0.3,0,1,1,1,1.0,1.0,850.0443,73.02537,299.4241,0.1118237,0.1130011,-0.6944499,-0.701759;
racing,killPyramid,3,3,3,851.4761,74.05394,133.579,0.5654343,0.5674117,-0.4225385,-0.4240156;
racing,killPyramid,3,3,3,754.6348,73.28725,106.8301,-0.4401679,-0.414793,-0.5795736,-0.5461624;
racing,killPyramid,3,3,3,671.5221,71.29546,92.23456,-0.4355326,0.4220604,-0.5709788,0.553317;
racing,killSphere,0.5,0.5,0.5,373.0664,65.74547,-242.2774,0,0.9710097,0,-0.2390402;
racing,killSphere,0.5,0.5,0.5,375.0652,75.45719,-248.3726,0,0.9710097,0,-0.2390402;
racing,killSphere,0.5,0.5,0.5,393.9249,78.63121,-243.5437,0,0.9755169,0,-0.2199247;
racing,killSphere,0.5,0.5,0.5,329.521,78.7273,-301.7835,0,0.2936955,0,0.9558991;
racing,killSphere,0.5,0.5,0.5,430.2863,82.09689,-135.8728,0,0.975037,0,-0.2220427;
racing,killSphere,0.5,0.5,0.5,420.4,59.49693,-199.874,0,0.975037,0,-0.2220427;
racing,killSphere,0.5,0.5,0.5,395.2821,58.03587,-195.3492,0,0.975037,0,-0.2220427;
racing,killSphere,0.5,0.5,0.5,414.6016,71.83584,-195.315,0,0.975037,0,-0.2220427;
racing,killSphere,0.5,0.5,0.5,343.102,66.94833,-336.6863,0,0.1878699,0,0.9821939;
racing,killSphere,0.5,0.5,0.5,307.7437,64.03883,-353.7105,0,0.1964342,0,0.980517;
racing,killSphere,0.5,0.5,0.5,339.3922,57.6131,-318.5174,0,0.2156475,0,0.9764713;
racing,killSphere,0.5,0.5,0.5,320.4171,71.39172,-350.8357,0,0.2156475,0,0.9764713;
racing,killSphere,0.5,0.5,0.5,339.8268,74.90522,-326.1415,0,0.2156475,0,0.9764713;
racing,killSphere,0.5,0.5,0.5,281.0239,76.48447,-398.8997,0,0.1921539,0,0.9813648;
racing,killSphere,0.5,0.5,0.5,352.0239,70.21357,-265.2157,0,0.9559063,0,-0.2936719;
racing,killSphere,0.5,0.5,0.5,389.9761,69.299,-265.8072,0,0.9715372,0,-0.2368872;
racing,killSphere,0.5,0.5,0.5,376.4903,88.69804,-254.749,0,0.9559065,0,-0.2936714;
racing,killSphere,0.5,0.5,0.5,407.4547,89.41782,-177.0628,0,0.9620855,0,-0.2727482;
racing,killSphere,0.5,0.5,0.5,448.187,84.22523,-156.2912,0,0.9774054,0,-0.2113736;
racing,checkpointCuboid,10,10,1,409.431,49.39954,-508.4958,0,0.7757208,0,0.6310762;
racing,killCuboid,10,10,10,413.7759,34.8698,-767.2682,0,0.9200606,0,-0.3917761;
racing,killCuboid,10,5,10,355.2231,83.56733,-1016.38,0,0.9974892,0,0.07081842;
racing,checkpointCuboid,10,5,1,274.8141,74.44889,-1287.082,0,0.936334,0,-0.3511106;
custom,cuboid,rock3,8,8,1,0,1,1,1,1.0,1.0,-137.3238,15.9543,-829.2479,0,0.2890531,0,0.9573131;
custom,cuboid,rock3,8,8,1,0,1,1,1,1.0,1.0,-131.9899,22.12907,-822.9832,0,0.2848733,0,0.9585652;
custom,cuboid,rock3,8,8,1,0,1,1,1,1.0,1.0,-128.7932,28.3368,-817.2472,0,0.2890529,0,0.9573131;
custom,cuboid,rock3,8,8,1,0,1,1,1,1.0,1.0,-126.8478,37.37901,-809.4672,0,0.3036382,0,0.9527874;
custom,cuboid,rock3,8,1,1,0,1,1,1,1.0,1.0,-119.2927,93.57866,-809.1879,0,0.3036382,0,0.9527874;
custom,cuboid,rock3,8,1,1,0,1,1,1,1.0,1.0,-112.1897,93.74348,-810.103,0,0.9514571,0,-0.3077812;
custom,cuboid,rock3,8,1,1,0,1,1,1,1.0,1.0,-109.9791,94.78781,-803.8486,0,0.9573277,0,-0.2890045;
custom,cuboid,rock3,8,1,1,0,1,1,1,1.0,1.0,-110.8301,95.01543,-793.1742,0,0.9634127,0,-0.2680224;
custom,cuboid,rock3,8,1,1,0,1,1,1,1.0,1.0,-105.4819,87.23478,-791.7515,0,0.9482066,0,-0.3176543;
custom,cuboid,rock3,8,1,1,0,1,1,1,1.0,1.0,-106.1977,78.64846,-793.1889,0,0.9563257,0,-0.2923035;
custom,cuboid,rock3,8,1,1,0,1,1,1,1.0,1.0,-98.88418,70.80292,-797.5092,0,0.9603136,0,-0.2789225;
racing,killCuboid,8,1,1,-111.7292,46.69744,-807.9881,0,0.9585965,0,-0.284768;
racing,killCuboid,8,1,1,-109.3278,46.89745,-804.3035,0,0.9585965,0,-0.284768;
racing,killCuboid,8,1,1,-104.7293,46.81117,-797.2454,0,0.9585965,0,-0.284768;
racing,checkpointCuboid,8,10,1,-8.36914,49.94332,-672.2686,0,0.3509075,0,0.9364102;
custom,pyramid,rock3,8,10,1,0,1,1,1,1.0,1.0,-20.63906,11.33074,-1123.944,0,0.2875937,0,-0.9577525;
custom,pyramid,rock3,8,10,1,0,1,1,1,1.0,1.0,5.639236,10.88061,-1066.603,0,0.3084506,0,-0.9512404;
custom,pyramid,rock3,15,10,1,0,1,1,1,1.0,1.0,-54.30661,8.880611,-1063.623,0,0.3084506,0,-0.9512404;
custom,pyramid,rock3,15,10,1,0,1,1,1,1.0,1.0,-48.54589,9.991809,-975.0286,0,0.2750731,0,-0.9614233;
custom,cylinder,rock3,1,10,1,0,1,1,1,1.0,1.0,-46.30046,-0.4758054,-1022.953,0,0.3043139,0,-0.9525718;
custom,cylinder,rock3,1,10,1,0,1,1,1,1.0,1.0,-5.991395,0.3887926,-1097.689,0,0.3146898,0,-0.9491946;
custom,arc180,rock3,1,10,1,0,1,1,1,1.0,1.0,-104.0137,55.894,-447.5246,0.2065737,-0.2020014,0.6717069,-0.682153;
custom,cuboid,rock3,1,10,1,0,1,1,1,1.0,1.0,-107.2976,49.97109,-480.292,0,0.3477676,0,-0.9375808;
custom,cuboid,rock3,1,10,1,0,1,1,1,1.0,1.0,-100.9508,50.03364,-473.7459,0,0.3803049,0,-0.9248612;
custom,cuboid,rock3,1,10,1,0,1,1,1,1.0,1.0,-113.4499,67.73506,-436.1092,-0.4932554,-0.4827231,0.5295438,-0.4932148;
custom,cuboid,rock3,0.3,10,0.3,0,1,1,1,1.0,1.0,-90.09248,66.45187,-461.8735,-0.3409097,0.2310223,0.6156228,-0.6718764;
custom,cuboid,rock3,0.3,10,0.3,0,1,1,1,1.0,1.0,-75.79369,46.84515,-451.4161,0,0.3884302,0,-0.9214782;
custom,cuboid,rock3,0.3,10,0.3,0,1,1,1,1.0,1.0,-89.52583,79.24507,-462.6327,-0.1890443,0.3616084,0.4229721,-0.8090712;
custom,cuboid,rock3,0.3,10,0.3,0,1,1,1,1.0,1.0,-88.66947,81.15793,-463.4614,-0.2702465,0.2818104,0.637204,-0.6644704;
custom,cuboid,rock3,0.3,10,0.3,0,1,1,1,1.0,1.0,-85.37698,71.80886,-456.4158,0.1165837,0.3477426,-0.3140802,-0.8756924;
custom,cuboid,rock3,0.3,10,0.3,0,1,1,1,1.0,1.0,-122.3578,62.20766,-408.6739,-0.5591143,-0.3683457,-0.6635697,0.3337484;
custom,cuboid,rock3,0.3,10,0.3,0,1,1,1,1.0,1.0,-110.2322,77.79063,-428.4059,0.7839087,0.4386385,0.22346,0.3783504;
custom,cuboid,rock3,0.3,10,0.3,0,1,1,1,1.0,1.0,-100.8993,83.89529,-428.1858,-0.4511543,-0.6641471,-0.4142111,0.4287164;
custom,cuboid,rock3,0.3,10,0.3,0,1,1,1,1.0,1.0,-87.58053,82.93707,-443.2562,-0.5309796,0.7991884,-0.1558942,0.2346395;
custom,cuboid,rock3,0.3,10,0.3,0,1,1,1,1.0,1.0,-104.4344,94.94694,-445.4175,-0.2605271,0.2745382,0.637148,-0.6714141;
misc,barrier,10000,2,1000,-3218.435,109.0442,-438.8575,0,0.7716561,0,-0.63604;
racing,killCuboid,1,10,1,-237.4768,49.63247,-364.624,0,0.582632,0,-0.8127361;
racing,killCuboid,1,10,1,-261.0913,48.58376,-339.5288,0,0.57016,0,-0.8215337;
racing,killCuboid,1,10,1,-286.0537,50.05655,-362.1512,0,0.5755247,0,-0.8177844;
racing,killCuboid,1,10,1,-346.6389,48.85564,-326.0889,0,0.5611704,0,-0.8277004;
racing,killPrism,1,10,1,-447.1623,58.33937,-213.0165,-0.1268412,0.1281765,0.6918638,-0.699147;
racing,killPrism,1,10,1,-447.7802,79.90517,-194.2134,-0.12917,0.1319042,0.6876367,-0.7021911;
racing,killPrism,1,10,1,-468.6891,65.97355,-159.3437,-0.1509908,0.1494177,0.6945775,-0.6873414;
racing,killCuboid,1,10,1,-314.6774,52.6412,-325.8289,0,0.8049887,0,0.5932903;
racing,killCuboid,1,10,1,-327.3884,52.44124,-343.8754,0,0.8049887,0,0.5932903;
custom,cuboid,rock3,15,10,1,0,1,1,1,1.0,1.0,-824.9295,17.3443,242.0297,0,0.6928047,0,0.7211253;
photon,spawnCrawler,30,0,-706.7157,54.15981,170.8645,0,0.8061859,0,0.5916624;
photon,spawnCrawler,30,0,-760.1763,58.66523,192.3108,0,0.8512686,0,0.5247301;
photon,spawnPunk,30,0,-938.7709,61.81239,235.1846,0,0.7104762,0,-0.7037213;
photon,spawnPunk,30,0,-907.6836,66.65612,227.2975,0,0.4360347,0,0.8999299;
photon,spawnPunk,30,0,-981.1125,69.83846,218.3143,0,0.6864551,0,0.7271723;
photon,spawnCrawler,30,0,-731.3083,61.0907,185.1793,0,0.8512686,0,0.5247301;
racing,checkpointCuboid,10,10,1,-599.7256,49.54825,435.6582,0,0.9530779,0,-0.3027252;