//barriers;

map,disablebounds;

misc,barrier,60,0.25,10,-150,150.8799,50,0,1,0,0;

misc,barrier,15,0.25,10,-514,182.5,50,0.25,1,0,0;

misc,barrier,40,0.25,10,-764.5,208.8397,50,0,1,0,0;

misc,barrier,15,0.25,10,-1027.445,244.5996,49.91187,0,0,-0.2376859,0.9713421;

misc,barrier,40,0.25,10,-1251.5,256.8,50,0,0,0,1;

misc,barrier,26,0.25,26,-1571.6,256.84,63.8,0,0.3799952,0,0.9249884;

misc,barrier,45,0.25,8.5,-1360,256.84,-224,0,0.3868917,0,0.9221252;

misc,barrier,23,0.25,7,-1112.6,256.5599,-387.8,0,0,0,1;

misc,barrier,23,0.25,5.5,-911.9,203.4598,-386.6,0,0,-0.2376859,0.9713421;

misc,barrier,38,0.25,13,-621.5,150.8399,-409,0,0,0,1;

//spawn;

spawnpoint,playerC,96.6655,113.996,48.00534,0,0.7055222,0,0.7086878;


//floor;

custom,cuboid,default,999,0.25,999,0,0,0,0,0,0,0,100,0,0,1,0,0;
racing,killcuboid,999,0.4,999,0,101,0,0,1,0,0;

//start,finish;

racing,startcuboid,10,5,0.25,50,125,50,0,1,0,1;
racing,endcuboid,1,5,5.5,-555.5,124.9,-441.4,-0.014,0,0.9999,0;

//Checpoints;

racing,checkpointCuboid,0.6,2.5,5.2,-755.1307,137.5,-387.5,1,0,0,0;

//Cylinders;

custom,cylinder,default,1,2.6,1,0,1,1,1,1.0,1.0,-812.0263,149.8563,-387.5,0.4956933,0.494668,-0.5053061,-0.5042396;

//tubes;

custom,tube,default,1.5,2,1.5,0,0,0,0,0,0,-1515.307,231,87.38732,0.1833963,0.1826293,0.6844425,0.6815797;
custom,tube,default,2,2,2,0,0,0,0,0,0,-1515.307,231,87.38732,0.1833963,0.1826293,0.6844425,0.6815797;
custom,tube,default,2.5,2,2.5,0,0,0,0,0,0,-1515.307,231,87.38732,0.1833963,0.1826293,0.6844425,0.6815797;
custom,tube,default,3,2,3,0,0,0,0,0,0,-1515.307,231,87.38732,0.1833963,0.1826293,0.6844425,0.6815797;
custom,tube,default,3.5,2,3.5,0,0,0,0,0,0,-1515.307,231,87.38732,0.1833963,0.1826293,0.6844425,0.6815797;
custom,tube,default,4,2,4,0,0,0,0,0,0,-1515.307,231,87.38732,0.1833963,0.1826293,0.6844425,0.6815797;
custom,tube,default,4.5,2,4.5,0,0,0,0,0,0,-1515.307,231,87.38732,0.1833963,0.1826293,0.6844425,0.6815797;
custom,tube,default,5,2,5,0,0,0,0,0,0,-1515.307,231,87.38732,0.1833963,0.1826293,0.6844425,0.6815797;
custom,tube,default,5.5,2,5.5,0,0,0,0,0,0,-1515.307,231,87.38732,0.1833963,0.1826293,0.6844425,0.6815797;
custom,tube,default,6,2,6,0,0,0,0,0,0,-1515.307,231,87.38732,0.1833963,0.1826293,0.6844425,0.6815797;
custom,tube,default,6.5,2,6.5,0,0,0,0,0,0,-1515.307,231,87.38732,0.1833963,0.1826293,0.6844425,0.6815797;
custom,tube,default,7,2,7,0,0,0,0,0,0,-1515.307,231,87.38732,0.1833963,0.1826293,0.6844425,0.6815797;
custom,tube,default,7.5,2,7.5,0,0,0,0,0,0,-1515.307,231,87.38732,0.1833963,0.1826293,0.6844425,0.6815797;
custom,tube,default,8,2,8,0,0,0,0,0,0,-1515.307,231,87.38732,0.1833963,0.1826293,0.6844425,0.6815797;
custom,tube,default,8.5,2,8.5,0,0,0,0,0,0,-1515.307,231,87.38732,0.1833963,0.1826293,0.6844425,0.6815797;


//spiral;

custom,cuboid,bombexplosiontex,6,0.25,12,1,1,1,1,99999,99999,-320,210,-410,0,0,1,6.12323399573677E-17;
custom,cuboid,bombexplosiontex,8,0.25,12,1,1,1,1,99999,99999,-350,250,-410,0,0,0.707106781186548,-0.707106781186548;
custom,cuboid,bombexplosiontex,10,0.25,12,1,1,1,1,99999,99999,-300,290,-410,0,0,1.22464679914735E-16,-1;
custom,cuboid,bombexplosiontex,12,0.25,12,1,1,1,1,99999,99999,-250,230,-410,0,0,-0.707106781186548,-0.707106781186548;
custom,cuboid,bombexplosiontex,14,0.25,12,1,1,1,1,99999,99999,-320,170,-410,0,0,-1,-1.83697019872103E-16;
custom,cuboid,bombexplosiontex,16,0.25,12,1,1,1,1,99999,99999,-390,250,-410,0,0,-0.707106781186548,0.707106781186547;
custom,cuboid,bombexplosiontex,18,0.25,12,1,1,1,1,99999,99999,-300,330,-410,0,0,-2.44929359829471E-16,1;
custom,cuboid,bombexplosiontex,20,0.25,12,1,1,1,1,99999,99999,-210,230,-410,0,0,0.707106781186547,0.707106781186548;
custom,cuboid,bombexplosiontex,22,0.25,12,1,1,1,1,99999,99999,-320,130,-410,0,0,1,3.06161699786838E-16;
custom,cuboid,bombexplosiontex,24,0.25,12,1,1,1,1,99999,99999,-430,250,-410,0,0,0.707106781186548,-0.707106781186547;
custom,cuboid,bombexplosiontex,26,0.25,12,1,1,1,1,99999,99999,-300,370,-410,0,0,3.67394039744206E-16,-1;
custom,cuboid,bombexplosiontex,28,0.25,12,1,1,1,1,99999,99999,-170,230,-410,0,0,-0.707106781186548,-0.707106781186547;

racing,killcuboid,6.1,0.35,12.1,-320,210,-410,0,0,1,6.12323399573677E-17;
racing,killcuboid,8.1,0.35,12.1,-350,250,-410,0,0,0.707106781186548,-0.707106781186548;
racing,killcuboid,10.1,0.35,12.1,-300,290,-410,0,0,1.22464679914735E-16,-1;
racing,killcuboid,12.1,0.35,12.1,-250,230,-410,0,0,-0.707106781186548,-0.707106781186548;
racing,killcuboid,14.1,0.35,12.1,-320,170,-410,0,0,-1,-1.83697019872103E-16;
racing,killcuboid,16.1,0.35,12.1,-390,250,-410,0,0,-0.707106781186548,0.707106781186547;
racing,killcuboid,18.1,0.35,12.1,-300,330,-410,0,0,-2.44929359829471E-16,1;
racing,killcuboid,20.1,0.35,12.1,-210,230,-410,0,0,0.707106781186547,0.707106781186548;
racing,killcuboid,22.1,0.35,12.1,-320,130,-410,0,0,1,3.06161699786838E-16;
racing,killcuboid,24.1,0.35,12.1,-430,250,-410,0,0,0.707106781186548,-0.707106781186547;
racing,killcuboid,26.1,0.35,12.1,-300,370,-410,0,0,3.67394039744206E-16,-1;
racing,killcuboid,28.1,0.35,12.1,-170,230,-410,0,0,-0.707106781186548,-0.707106781186547;

custom,cuboid,default,31,30,0.5,0,0,0,0,0,0,-314,238,-467.7,0,0,0,1;
custom,cuboid,default,31,30,0.5,0,0,0,0,0,0,-314,238,-352.3,0,0,0,1;
custom,cuboid,default,30,13,0.5,0,0,0,0,0,0,-321,322,-410,0,0,0,1;
custom,cuboid,default,30,13,0.5,0,0,0,0,0,0,-312,152,-410,0,0,0,1;
custom,cuboid,default,13,30,0.5,0,0,0,0,0,0,-406,237,-410,0,0,0,1;
custom,cuboid,default,13,30,0.5,0,0,0,0,0,0,-224,237,-410,0,0,0,1;

racing,killcuboid,31.1,30.1,0.6,-314,238,-467.7,0,0,0,1;
racing,killcuboid,31.1,30.1,0.6,-314,238,-352.3,0,0,0,1;
racing,killcuboid,30.1,13.1,0.6,-321,322,-410,0,0,0,1;
racing,killcuboid,30.1,13.1,0.6,-312,152,-410,0,0,0,1;
racing,killcuboid,13.1,30.1,0.6,-406,237,-410,0,0,0,1;
racing,killcuboid,13.1,30.1,0.6,-224,237,-410,0,0,0,1;

//lavacoating;

racing,killcuboid,60.1,5.1,0.35,-150,125,100,0,1,0,0;
racing,killcuboid,60.1,5.1,0.35,-150,125,0,0,1,0,0;
racing,killcuboid,10.1,5.1,0.35,150,125,50,0,1,0,1;
racing,killcuboid,15.1,5.1,0.35,-510,150,0,0.25,1,0,0;
racing,killcuboid,15.1,5.1,0.35,-510,150,100,0.25,1,0,0;
racing,killcuboid,40.1,5.1,0.35,-764.5,182.5,100,0,1,0,0;
racing,killcuboid,40.1,5.1,0.35,-764.5,182.5,0,0,1,0,0;
racing,killcuboid,15.1,0.35,10.1,-515,125,50,0.25,1,0,0;
racing,killcuboid,38.6,0.35,10.1,-772.5,160,50,0,1,0,0;
racing,killcuboid,15.1,5.1,0.35,-1000,200,100,0,0,-0.237685892326173,0.971342069813261;
racing,killcuboid,15.1,5.1,0.35,-1000,200,0,0,0,-0.237685892326173,0.971342069813261;
racing,killcuboid,15.1,0.35,10.1,-1002.5,177.5,50,0,0,-0.237685892326173,0.971342069813261;
racing,killcuboid,40.1,5.1,0.35,-1251.5,231,100,0,0,0,1;
racing,killcuboid,40.1,5.1,0.35,-1251.5,231,0,0,0,0,1;
racing,killcuboid,38.6,0.35,10.1,-1259,211.5,50,0,0,0,1;
racing,killcuboid,65.1,5.1,0.35,-1392.6,231,-131.1,0,0.38268343236509,0,0.923879532511287;
racing,killcuboid,72.1,5.1,0.35,-1472,231,-160.3,0,0.38268343236509,0,0.923879532511287;
racing,killcuboid,20.1,5.1,0.35,-1536.8,231,149.5,0,0.258819045102521,0,0.965925826289068;
racing,killcuboid,20.1,5.1,0.35,-1536.8,231,49.2,0,0.258819045102521,0,0.965925826289068;
racing,killcuboid,15.1,5.1,0.35,-1673.7,231,145.8,0,0.923879532511287,0,0.38268343236509;
racing,killcuboid,21.6,0.35,9.1,-1508.3,211.5,85.5,0,0.258819045102521,0,0.965925826289068;
racing,killcuboid,7.6,0.35,16.1,-1647.3,211.5,127.4,0,0.36,0,0.933;
racing,killcuboid,66.1,0.35,8,-1424.25,211.5,-154.2,0,0.38268343236509,0,0.923879532511287;
racing,killcuboid,15.1,5.1,0.35,-1089.3,231,-360,0,0,0,1;
racing,killcuboid,20.6,5.1,0.35,-1116.5,231,-414.75,0,0,0,1;
racing,killcuboid,25.1,5.1,0.35,-914.7,176.1,-414.75,0,0,-0.237685892326173,0.971342069813261;
racing,killcuboid,25.1,5.1,0.35,-914.7,176.1,-360,0,0,-0.237685892326173,0.971342069813261;
racing,killcuboid,15.1,5.1,0.35,-737.5,125,-414.75,0,0,0,1;
racing,killcuboid,15.1,5.1,0.35,-737.5,125,-360,0,0,0,1;
racing,killcuboid,20.1,0.35,5.6,-1117,211.5,-387.9,0,0,0,1;
racing,killcuboid,26.1,0.35,5.6,-902.3,151.65,-386.8,0,0,-0.237685892326173,0.971342069813261;
racing,killcuboid,0.6,5.1,20.1,-563.4,125,-355.8,0,0.72,0,-0.695;
racing,killcuboid,0.6,5.1,20.1,-563.7,125,-413,0,0.7,0,0.72;
racing,killcuboid,0.6,5.1,20.1,-563.7,125,-470.5,0,0.7,0,0.72;
racing,killcuboid,1.1,5.1,6.1,-658.7,125,-443.9,0,0,0,1;
racing,killcuboid,1.1,5.1,1.1,-40,125,20,0,0,0,1;
racing,killcuboid,1.1,5.1,1.1,-40,125,40,0,0,0,1;
racing,killcuboid,1.1,5.1,1.1,-40,125,60,0,0,0,1;
racing,killcuboid,1.1,5.1,1.1,-40,125,80,0,0,0,1;
racing,killcuboid,1.1,10.1,1.1,-120,140,50,0.707106781186548,0,0,0.707106781186548;
racing,killcuboid,1.1,10.1,1.1,-120,110,50,0.707106781186548,0,0,0.707106781186548;
racing,killcuboid,1.1,5.1,1.1,-200,125,20,0,0,0,1;
racing,killcuboid,1.1,5.1,1.1,-200,125,40,0,0,0,1;
racing,killcuboid,1.1,5.1,1.1,-200,125,60,0,0,0,1;
racing,killcuboid,1.1,5.1,1.1,-200,125,80,0,0,0,1;
racing,killcuboid,1.1,10.1,1.1,-200,140,50,0.707106781186548,0,0,0.707106781186548;
racing,killcuboid,1.1,10.1,1.1,-200,110,50,0.707106781186548,0,0,0.707106781186548;
racing,killcuboid,1.1,10.1,1.1,-320,140,50,0.707106781186548,0,0,0.707106781186548;
racing,killcuboid,1.1,10.1,1.1,-320,110,50,0.707106781186548,0,0,0.707106781186548;
racing,killcuboid,1.1,5.1,1.1,-400,125,20,0,0,0,1;
racing,killcuboid,1.1,5.1,1.1,-400,125,40,0,0,0,1;
racing,killcuboid,1.1,5.1,1.1,-400,125,60,0,0,0,1;
racing,killcuboid,1.1,5.1,1.1,-400,125,80,0,0,0,1;
racing,killcuboid,1.1,5.1,1.1,-120,125,25,0,0,0,1;
racing,killcuboid,1.1,5.1,1.1,-120,125,75,0,0,0,1;
racing,killcuboid,1.1,5.1,1.1,-320,125,25,0,0,0,1;
racing,killcuboid,1.1,5.1,1.1,-320,125,75,0,0,0,1;
racing,killcuboid,1.1,5.1,1.1,-120,125,50,0,0,0,1;
racing,killcuboid,1.1,5.1,1.1,-320,125,50,0,0,0,1;
racing,killcuboid,0.6,2.1,10.1,-460.7,140.4,50,0,0,-0.237685892326173,0.971342069813261;
racing,killcuboid,0.6,2.1,10.1,-568,166.6,50,0,0,-0.237685892326173,0.971342069813261;
racing,killcuboid,0.35,5.1,5.1,-640,182.5,25,0,0,0,1;
racing,killcuboid,0.35,5.1,5.1,-680,182.5,75,0,0,0,1;
racing,killcuboid,0.35,5.1,5.1,-720,182.5,25,0,0,0,1;
racing,killcuboid,0.35,5.1,5.1,-760,182.5,75,0,0,0,1;
racing,killcuboid,0.35,5.1,5.1,-800,182.5,25,0,0,0,1;
racing,killcuboid,0.35,5.1,5.1,-840,182.5,75,0,0,0,1;
racing,killcuboid,0.35,5.1,5.1,-880,182.5,25,0,0,0,1;
racing,killcuboid,0.35,5.1,5.1,-920,182.5,75,0,0,0,1;
racing,killcuboid,0.6,5.1,8.1,-1100,231,40,0,0,0,1;
racing,killcuboid,0.6,5.1,8.1,-1250,231,60,0,0,0,1;
racing,killcuboid,0.6,5.1,4.1,-1400,231,20,0,0,0,1;
racing,killcuboid,0.6,5.1,4.1,-1400,231,80,0,0,0,1;
racing,killtube,1.4,2.1,1.4,-1515.307,231,87.38732,0.1833963,0.1826293,0.6844425,0.6815797;
racing,killtube,1.6,2.1,1.6,-1515.307,231,87.38732,0.1833963,0.1826293,0.6844425,0.6815797;
racing,killtube,2.1,2.1,2.1,-1515.307,231,87.38732,0.1833963,0.1826293,0.6844425,0.6815797;
racing,killtube,2.6,2.1,2.6,-1515.307,231,87.38732,0.1833963,0.1826293,0.6844425,0.6815797;
racing,killtube,3.1,2.1,3.1,-1515.307,231,87.38732,0.1833963,0.1826293,0.6844425,0.6815797;
racing,killtube,3.6,2.1,3.6,-1515.307,231,87.38732,0.1833963,0.1826293,0.6844425,0.6815797;
racing,killtube,4.1,2.1,4.1,-1515.307,231,87.38732,0.1833963,0.1826293,0.6844425,0.6815797;
racing,killtube,4.6,2.1,4.6,-1515.307,231,87.38732,0.1833963,0.1826293,0.6844425,0.6815797;
racing,killtube,5.1,2.1,5.1,-1515.307,231,87.38732,0.1833963,0.1826293,0.6844425,0.6815797;
racing,killtube,5.6,2.1,5.6,-1515.307,231,87.38732,0.1833963,0.1826293,0.6844425,0.6815797;
racing,killtube,6.1,2.1,6.1,-1515.307,231,87.38732,0.1833963,0.1826293,0.6844425,0.6815797;
racing,killtube,6.6,2.1,6.6,-1515.307,231,87.38732,0.1833963,0.1826293,0.6844425,0.6815797;
racing,killtube,7.1,2.1,7.1,-1515.307,231,87.38732,0.1833963,0.1826293,0.6844425,0.6815797;
racing,killtube,7.6,2.1,7.6,-1515.307,231,87.38732,0.1833963,0.1826293,0.6844425,0.6815797;
racing,killtube,8.1,2.1,8.1,-1515.307,231,87.38732,0.1833963,0.1826293,0.6844425,0.6815797;
racing,killtube,8.6,2.1,8.6,-1515.307,231,87.38732,0.1833963,0.1826293,0.6844425,0.6815797;
racing,killcylinder,1.05,2.65,1.05,-812.0263,149.8563,-387.5,0.4956933,0.494668,-0.5053061,-0.5042396;
racing,killcuboid,0.35,2.3,8,-1505.2,222.5,-72.4,0,0.38268343236509,0,0.923879532511287;
racing,killcuboid,0.35,2.3,8,-1285.4,244.5,-293.35,0,0.38268343236509,0,0.923879532511287;

//walls;

custom,cuboid,default,10,5,0.25,0,0,0,0,0,0,100,125,100,0,1,0,0;
custom,cuboid,default,10,5,0.25,0,0,0,0,0,0,100,125,0,0,1,0,0;
custom,cuboid,default,10,5,0.25,0,0,0,0,0,0,150,125,50,0,1,0,1;
custom,cuboid,default,50,5,0.25,0,0,0,0,0,0,-200,125,0,0,1,0,0;
custom,cuboid,default,50,5,0.27,0,0,0,0,0,0,-200,125,100,0,1,0,0;
custom,cuboid,default,15,5,0.25,0,0,0,0,0,0,-510,150,0,0.25,1,0,0;
custom,cuboid,default,15,5,0.25,0,0,0,0,0,0,-510,150,100,0.25,1,0,0;
custom,cuboid,default,40,5,0.25,0,0,0,0,0,0,-764.5,182.5,100,0,1,0,0;
custom,cuboid,default,40,5,0.25,0,0,0,0,0,0,-764.5,182.5,0,0,1,0,0;
custom,cuboid,default,15,0.25,10,0,0,0,0,0,0,-515,125,50,0.25,1,0,0;
custom,cuboid,default,38.5,0.25,10,0,0,0,0,0,0,-772.5,160,50,0,1,0,0;
custom,cuboid,default,10,0.25,10,0,0,0,0,0,0,100,103,50,0,1,0,0;
custom,cuboid,default,15,5,0.25,0,0,0,0,0,0,-1000,200,100,0,0,-0.237685892326173,0.971342069813261;
custom,cuboid,default,15,5,0.25,0,0,0,0,0,0,-1000,200,0,0,0,-0.237685892326173,0.971342069813261;
custom,cuboid,default,15,0.25,10,0,0,0,0,0,0,-1002.5,177.5,50,0,0,-0.237685892326173,0.971342069813261;
custom,cuboid,default,40,5,0.25,0,0,0,0,0,0,-1251.2,231,100,0,0,0,1;
custom,cuboid,default,40,5,0.25,0,0,0,0,0,0,-1251.5,231,0,0,0,0,1;
custom,cuboid,default,38.5,0.25,10,0,0,0,0,0,0,-1259,211.5,50,0,0,0,1;
custom,cuboid,default,20,5,0.25,0,0,0,0,0,0,-1536.8,231,149.5,0,0.258819045102521,0,0.965925826289068;
custom,cuboid,default,20,5,0.25,0,0,0,0,0,0,-1536.8,231,49.2,0,0.258819045102521,0,0.965925826289068;
custom,cuboid,default,15,5,0.25,0,0,0,0,0,0,-1673.7,231,145.8,0,0.923879532511287,0,0.38268343236509;
custom,cuboid,default,65,5,0.25,0,0,0,0,0,0,-1392.6,231,-131.1,0,0.38268343236509,0,0.923879532511287;
custom,cuboid,default,72,5,0.25,0,0,0,0,0,0,-1472,231,-160.3,0,0.38268343236509,0,0.923879532511287;
custom,cuboid,default,21.5,0.25,9,0,0,0,0,0,0,-1508.3,211.5,85.5,0,0.258819045102521,0,0.965925826289068;
custom,cuboid,default,7.5,0.25,16,0,0,0,0,0,0,-1647.3,211.5,127.4,0,0.36,0,0.933;
custom,cuboid,default,66,0.25,7.9,0,0,0,0,0,0,-1424.25,211.5,-154.2,0,0.38268343236509,0,0.923879532511287;
custom,cuboid,default,15,5,0.25,0,0,0,0,0,0,-1089.3,231,-360,0,0,0,1;
custom,cuboid,default,20.5,5,0.25,0,0,0,0,0,0,-1116.5,231,-414.75,0,0,0,1;
custom,cuboid,default,25,5,0.25,0,0,0,0,0,0,-914.7,176.1,-414.75,0,0,-0.237685892326173,0.971342069813261;
custom,cuboid,default,25,5,0.25,0,0,0,0,0,0,-914.7,176.1,-360,0,0,-0.237685892326173,0.971342069813261;
custom,cuboid,default,15,5,0.25,0,0,0,0,0,0,-737.5,125,-414.75,0,0,0,1;
custom,cuboid,default,15,5,0.25,0,0,0,0,0,0,-737.5,125,-360,0,0,0,1;
custom,cuboid,default,20,0.25,5.5,0,0,0,0,0,0,-1117,211.5,-387.9,0,0,0,1;
custom,cuboid,default,26,0.25,5.5,0,0,0,0,0,0,-902.3,151.65,-386.8,0,0,-0.237685892326173,0.971342069813261;
custom,cuboid,default,0.5,5,20,0,0,0,0,0,0,-563.4,125,-355.8,0,0.72,0,-0.695;
custom,cuboid,default,0.5,5,20,0,0,0,0,0,0,-563.7,125,-413,0,0.7,0,0.72;
custom,cuboid,default,0.5,5,20,0,0,0,0,0,0,-563.7,125,-470.5,0,0.7,0,0.72;
custom,cuboid,default,1,5,6,0,0,0,0,0,0,-658.7,125,-443.9,0,0,0,1;
custom,cuboid,default,6,1,11,0,0,0,0,0,0,-605.2,100,-444.1,0,0.7,0,0.72;
custom,cuboid,default,1,5,1,0,0,0,0,0,0,-40,125,20,0,0,0,1;
custom,cuboid,default,1,5,1,0,0,0,0,0,0,-40,125,40,0,0,0,1;
custom,cuboid,default,1,5,1,0,0,0,0,0,0,-40,125,60,0,0,0,1;
custom,cuboid,default,1,5,1,0,0,0,0,0,0,-40,125,80,0,0,0,1;
custom,cuboid,default,1,10,1,0,0,0,0,0,0,-120,140,50,0.707106781186548,0,0,0.707106781186548;
custom,cuboid,default,1,10,1,0,0,0,0,0,0,-120,110,50,0.707106781186548,0,0,0.707106781186548;
custom,cuboid,default,1,5,1,0,0,0,0,0,0,-200,125,20,0,0,0,1;
custom,cuboid,default,1,5,1,0,0,0,0,0,0,-200,125,40,0,0,0,1;
custom,cuboid,default,1,5,1,0,0,0,0,0,0,-200,125,60,0,0,0,1;
custom,cuboid,default,1,5,1,0,0,0,0,0,0,-200,125,80,0,0,0,1;
custom,cuboid,default,1,10,1,0,0,0,0,0,0,-200,140,50,0.707106781186548,0,0,0.707106781186548;
custom,cuboid,default,1,10,1,0,0,0,0,0,0,-200,110,50,0.707106781186548,0,0,0.707106781186548;
custom,cuboid,default,1,10,1,0,0,0,0,0,0,-320,140,50,0.707106781186548,0,0,0.707106781186548;
custom,cuboid,default,1,10,1,0,0,0,0,0,0,-320,110,50,0.707106781186548,0,0,0.707106781186548;
custom,cuboid,default,1,5,1,0,0,0,0,0,0,-400,125,20,0,0,0,1;
custom,cuboid,default,1,5,1,0,0,0,0,0,0,-400,125,40,0,0,0,1;
custom,cuboid,default,1,5,1,0,0,0,0,0,0,-400,125,60,0,0,0,1;
custom,cuboid,default,1,5,1,0,0,0,0,0,0,-400,125,80,0,0,0,1;
custom,cuboid,default,1,5,1,0,0,0,0,0,0,-120,125,25,0,0,0,1;
custom,cuboid,default,1,5,1,0,0,0,0,0,0,-120,125,75,0,0,0,1;
custom,cuboid,default,1,5,1,0,0,0,0,0,0,-320,125,25,0,0,0,1;
custom,cuboid,default,1,5,1,0,0,0,0,0,0,-320,125,75,0,0,0,1;
custom,cuboid,default,1,5,1,0,0,0,0,0,0,-120,125,50,0,0,0,1;
custom,cuboid,default,1,5,1,0,0,0,0,0,0,-320,125,50,0,0,0,1;
custom,cuboid,default,0.5,2,10,0,0,0,0,0,0,-460.7,140.4,50,0,0,-0.237685892326173,0.971342069813261;
custom,cuboid,default,0.5,2,10,0,0,0,0,0,0,-568,166.6,50,0,0,-0.237685892326173,0.971342069813261;
custom,cuboid,default,0.25,5,5,0,0,0,0,0,0,-640,182.5,25,0,0,0,1;
custom,cuboid,default,0.25,5,5,0,0,0,0,0,0,-680,182.5,75,0,0,0,1;
custom,cuboid,default,0.25,5,5,0,0,0,0,0,0,-720,182.5,25,0,0,0,1;
custom,cuboid,default,0.25,5,5,0,0,0,0,0,0,-760,182.5,75,0,0,0,1;
custom,cuboid,default,0.25,5,5,0,0,0,0,0,0,-800,182.5,25,0,0,0,1;
custom,cuboid,default,0.25,5,5,0,0,0,0,0,0,-840,182.5,75,0,0,0,1;
custom,cuboid,default,0.25,5,5,0,0,0,0,0,0,-880,182.5,25,0,0,0,1;
custom,cuboid,default,0.25,5,5,0,0,0,0,0,0,-920,182.5,75,0,0,0,1;
custom,cuboid,default,0.5,5,8,0,0,0,0,0,0,-1100,231,40,0,0,0,1;
custom,cuboid,default,0.5,5,8,0,0,0,0,0,0,-1250,231,60,0,0,0,1;
custom,cuboid,default,0.5,5,4,0,0,0,0,0,0,-1400,231,20,0,0,0,1;
custom,cuboid,default,0.5,5,4,0,0,0,0,0,0,-1400,231,80,0,0,0,1;
custom,cuboid,default,0.5,0.5,5.2,0,1,1,1,1.0,1.0,-755.1307,127.5,-387.5,1,0,0,0;
custom,cuboid,default,0.25,2.2,7.9,0,0,0,0,0,0,-1505.2,222.5,-72.4,0,0.38268343236509,0,0.923879532511287;
custom,cuboid,default,0.25,2.2,7.9,0,0,0,0,0,0,-1285.4,244.5,-293.35,0,0.38268343236509,0,0.923879532511287;