map,disablebounds;
custom,cuboid,ice1,135,3,135,1,0,0,0.875,1.0,1.0,-10.28333,-14.85748,8.304568,0,0.7072278,0,0.7069858;
base,aot_supply,ice1,1,1,1,0,1,1,1,5,5,8.650326,6.903429,-9.556438,0,0.6847333,0,0.7287937;
custom,cylinder,barriereditormat,5,0.3,5,0,1,1,1,1.0,1.0,-9.677297,4.300796,-10.04888,0,0.9999862,0,0.005255037;
custom,cylinder,regioneditormat,5,0.3,5,0,1,1,1,1.0,1.0,-9.677297,4.300796,-10.04888,0,0.9999862,0,0.005255037;
custom,tube,ice1,5,0.3,5,0,1,1,1,1.0,1.0,-10.0248,6.498139,-10.64269,0,0.9999843,0,-0.005599632;
custom,tube,ice1,15,1,15,0,1,1,1,1.0,1.0,-9.254922,3.826404,-11.58391,0,0.9830392,0,-0.1833957;
custom,pillar1,ice1,1,1,1,1,1,1,1,5,5,67.03421,0.730618,65.0013,0,0.9999855,0,0.005398442;
custom,pillar1,ice1,1,1,1,1,1,1,1,5,5,-82.69247,-0.5834876,61.0647,0,0.9999946,0,-0.003294982;
custom,pillar1,ice1,1,1,1,1,1,1,1,5,5,-81.23032,0.460477,-83.09382,0,0.001085194,0,-0.9999994;
custom,pillar1,ice1,1,1,1,1,1,1,1,5,5,66.96158,0.04030456,-82.2005,0,0.001085194,0,-0.9999994;
custom,bridge1,ice1,0.5,0.3,0.5,1,1,1,1,5,5,-9.088548,-1.217008,-53.87781,0,0.7103636,0,-0.7038349;
custom,bridge1,ice1,0.5,0.3,0.5,1,1,1,1,5,5,-9.516655,-1.137008,34.30929,0,0.7103636,0,-0.7038349;
spawnpoint,playerC,-9.857878,6.825297,-10.06714,0,0.6984795,0,0.7156301;
spawnpoint,playerM,-9.857878,6.825297,-10.06714,0,0.6984795,0,0.7156301;
custom,cuboid,ice1,3,0.3,30,1,1,1,1,5,5,-11.12949,6.103635,223.1101,0,0.9999939,0,0.003484318;
custom,cuboid,ice1,3,0.3,30,1,1,1,1,5,5,-7.911152,6.10234,-236.3922,0,0.003520632,0,-0.9999938;
custom,cuboid,empty,55,0.8,40,1,1,1,1,5,5,-15.29064,2.398409,572.2628,0,-0.001589443,0,-0.9999987;
custom,cuboid,empty,55,0.8,40,1,1,1,1,5,5,-14.57983,3.000518,-648.749,0,0.7102571,0,-0.7039424;
custom,boulder2,ice1,30,15,10,1,1,1,1,5,5,-483.4794,-39.81985,-560.4083,0,0.1674098,0,0.9858875;
custom,boulder2,ice1,30,8,10,1,1,1,1,5,5,-652.9809,75.38001,-3.975227,0,0.760828,0,0.6489536;
custom,boulder2,ice1,30,8,10,1,1,1,1,5,5,-565.1155,76.85966,-483.9744,0,0.885109,0,-0.4653839;
custom,boulder2,ice1,30,8,10,1,1,1,1,5,5,-574.4787,40.48418,240.1451,0,0.2688003,0,-0.963196;
custom,boulder2,ice1,30,8,10,1,1,1,1,5,5,-314.7171,30.58825,614.2817,0,0.6962207,0,-0.7178279;
custom,boulder2,ice1,30,8,10,1,1,1,1,5,5,440.8584,55.72789,-548.1426,0,0.982459,0,0.1864787;
custom,boulder2,ice1,30,8,10,1,1,1,1,5,5,655.1337,77.64778,-330.3422,0,0.8322161,0,0.5544514;
custom,boulder2,ice1,30,8,10,1,1,1,1,5,5,659.8514,63.50724,28.67959,0,0.6623181,0,0.7492229;
custom,boulder2,ice1,30,8,10,1,1,1,1,5,5,533.2028,62.53783,224.4466,0,0.2415055,0,0.9703995;
custom,boulder2,ice1,30,8,10,1,1,1,1,5,5,292.8628,43.74768,610.0136,0,-0.7217529,0,-0.6921509;
customb,tree0,default,1,1,1,1,0,0,0,1.0,1.0,-150.0251,81.43598,-438.2148,0,0.9999793,0,-0.006429314;
customb,tree0,default,1,1,1,1,0,0,0,1.0,1.0,-37.513,81.02507,-620.934,0,0.4424251,0,-0.8968055;
customb,tree0,default,1,1,1,1,0,0,0,1.0,1.0,17.83724,80.6515,-491.6072,0,0.835182,0,-0.5499737;
customb,tree0,default,1,1,1,1,0,0,0,1.0,1.0,132.3713,80.26992,-422.9186,0,0.8870922,0,-0.4615924;
customb,tree0,default,1,1,1,1,0,0,0,1.0,1.0,13.65335,81.00957,-767.554,0,0.0481821,0,-0.9988386;
customb,tree0,default,1,1,1,1,0,0,0,1.0,1.0,-43.98575,80.56078,-861.1691,0,0.03074939,0,-0.9995272;
customb,tree0,default,1,1,1,1,0,0,0,1.0,1.0,119.2875,76.96857,-849.7206,0,0.03075035,0,-0.9995271;
customb,tree0,default,1,1,1,1,0,0,0,1.0,1.0,-158.8361,80.81384,-833.7589,0,0.9852365,0,-0.1711992;
custom,boulder2,ice1,15,8,5,1,1,1,1,5,5,201.9523,28.34497,-776.8653,0,0.702809,0,0.7113786;
custom,boulder2,ice1,15,8,5,1,1,1,1,5,5,-222.2223,49.24264,-800.3564,0,0.6993645,0,-0.7147653;
misc,barrier,50,20,1,-6.195776,97.23749,-921.0269,0,0.9999778,0,-0.006674831;
misc,barrier,50,20,1,-238.9212,97.15607,-890.692,0,0.7172551,0,0.6968107;
misc,barrier,50,20,1,-464.9173,96.75245,-563.5683,0,0.9856999,0,-0.1685103;
misc,barrier,50,20,1,-658.0611,106.7234,-250.2314,0,0.8391361,0,-0.5439216;
misc,barrier,50,20,1,-633.9472,100.6662,72.41039,0,0.5717971,0,-0.8203951;
misc,barrier,50,20,1,-534.8632,96.48914,266.8441,0,0.3074182,0,-0.9515746;
misc,barrier,50,20,1,-307.7109,83.01315,608.7419,0,0.607105,0,-0.7946217;
misc,barrier,50,20,1,-5.716846,85.48719,773.7652,0,0.001451494,0,-0.999999;
misc,barrier,50,20,1,244.1634,79.67079,613.0464,0,0.6987917,0,0.7153252;
misc,barrier,50,20,1,464.9738,90.34344,237.327,0,0.2656398,0,0.9640723;
misc,barrier,50,20,1,656.8318,95.25756,-98.53838,0,0.6384903,0,0.7696299;
misc,barrier,50,20,1,522.5038,93.53166,-503.3606,0,0.9339184,0,0.3574863;
misc,barrier,50,20,1,532.6344,87.69308,-546.8777,0,0.9985391,0,0.05403362;
misc,barrier,50,20,1,208.3116,84.60242,-898.6166,0,0.674979,0,0.737837;
misc,barrier,50,20,1,417.459,85.43208,-597.6548,0,0.9860747,0,0.1663031;
misc,barrier,170,1,170,127.7333,155.2988,-272.363,0,0.7061353,0,0.7080769;
base,aot_supply,default,3000,0,3000,0,0,0,0,0,0,300,0,7300,0,0,-7,0;
base,aot_supply,default,3000,0,3000,0,0,0,0,0,0,300,0,7300,0,0,-7,0;
base,aot_supply,default,3000,0,3000,0,0,0,0,0,0,300,0,7300,0,0,-7,0;
base,aot_supply,default,3000,0,3000,0,0,0,0,0,0,300,0,7300,0,0,-7,0;
base,aot_supply,default,3000,0,3000,0,0,0,0,0,0,300,0,7300,0,0,-7,0;
base,aot_supply,default,3000,0,3000,0,0,0,0,0,0,300,5,7300,0,0,-7,0;
base,aot_supply,default,3000,0,3000,0,0,0,0,0,0,300,5,7300,0,0,-7,0;
base,aot_supply,default,3000,0,3000,0,0,0,0,0,0,300,5,7300,0,0,-7,0;
base,aot_supply,default,3000,0,3000,0,0,0,0,0,0,300,5,7300,0,0,-7,0;
base,aot_supply,default,3000,0,3000,0,0,0,0,0,0,300,5,7300,0,0,-7,0;
base,aot_supply,default,3000,0,3000,0,0,0,0,0,0,300,10,7300,0,0,-7,0;
base,aot_supply,default,3000,0,3000,0,0,0,0,0,0,300,10,7300,0,0,-7,0;
base,aot_supply,default,3000,0,3000,0,0,0,0,0,0,300,10,7300,0,0,-7,0;
base,aot_supply,default,3000,0,3000,0,0,0,0,0,0,300,10,7300,0,0,-7,0;
base,aot_supply,default,3000,0,3000,0,0,0,0,0,0,300,10,7300,0,0,-7,0;
base,aot_supply,default,3000,0,3000,0,0,0,0,0,0,300,15,7300,0,0,-7,0;
base,aot_supply,default,3000,0,3000,0,0,0,0,0,0,300,15,7300,0,0,-7,0;
base,aot_supply,default,3000,0,3000,0,0,0,0,0,0,300,15,7300,0,0,-7,0;
base,aot_supply,default,3000,0,3000,0,0,0,0,0,0,300,15,7300,0,0,-7,0;
base,aot_supply,default,3000,0,3000,0,0,0,0,0,0,300,15,7300,0,0,-7,0;
base,aot_supply,default,3000,0,3000,0,0,0,0,0,0,300,20,7300,0,0,-7,0;
base,aot_supply,default,3000,0,3000,0,0,0,0,0,0,300,20,7300,0,0,-7,0;
base,aot_supply,default,3000,0,3000,0,0,0,0,0,0,300,20,7300,0,0,-7,0;
base,aot_supply,default,3000,0,3000,0,0,0,0,0,0,300,20,7300,0,0,-7,0;
base,aot_supply,default,3000,0,3000,0,0,0,0,0,0,300,20,7300,0,0,-7,0;
base,aot_supply,default,3000,0,3000,0,0,0,0,0,0,300,25,7300,0,0,-7,0;
base,aot_supply,default,3000,0,3000,0,0,0,0,0,0,300,25,7300,0,0,-7,0;
base,aot_supply,default,3000,0,3000,0,0,0,0,0,0,300,25,7300,0,0,-7,0;
base,aot_supply,default,3000,0,3000,0,0,0,0,0,0,300,25,7300,0,0,-7,0;
base,aot_supply,default,3000,0,3000,0,0,0,0,0,0,300,25,7300,0,0,-7,0;
base,aot_supply,default,3000,0,3000,0,0,0,0,0,0,300,30,7300,0,0,-7,0;
base,aot_supply,default,3000,0,3000,0,0,0,0,0,0,300,30,7300,0,0,-7,0;
base,aot_supply,default,3000,0,3000,0,0,0,0,0,0,300,30,7300,0,0,-7,0;
base,aot_supply,default,3000,0,3000,0,0,0,0,0,0,300,30,7300,0,0,-7,0;
base,aot_supply,default,3000,0,3000,0,0,0,0,0,0,300,30,7300,0,0,-7,0;
base,aot_supply,default,3000,0,3000,0,0,0,0,0,0,300,35,7300,0,0,-7,0;
base,aot_supply,default,3000,0,3000,0,0,0,0,0,0,300,35,7300,0,0,-7,0;
base,aot_supply,default,3000,0,3000,0,0,0,0,0,0,300,35,7300,0,0,-7,0;
base,aot_supply,default,3000,0,3000,0,0,0,0,0,0,300,35,7300,0,0,-7,0;
base,aot_supply,default,3000,0,3000,0,0,0,0,0,0,300,35,7300,0,0,-7,0;
base,aot_supply,default,3000,0,3000,0,0,0,0,0,0,300,40,7300,0,0,-7,0;
base,aot_supply,default,3000,0,3000,0,0,0,0,0,0,300,40,7300,0,0,-7,0;
base,aot_supply,default,3000,0,3000,0,0,0,0,0,0,300,40,7300,0,0,-7,0;
base,aot_supply,default,3000,0,3000,0,0,0,0,0,0,300,40,7300,0,0,-7,0;
base,aot_supply,default,3000,0,3000,0,0,0,0,0,0,300,40,7300,0,0,-7,0;
base,aot_supply,default,3000,0,3000,0,0,0,0,0,0,300,45,7300,0,0,-7,0;
base,aot_supply,default,3000,0,3000,0,0,0,0,0,0,300,45,7300,0,0,-7,0;
base,aot_supply,default,3000,0,3000,0,0,0,0,0,0,300,45,7300,0,0,-7,0;
base,aot_supply,default,3000,0,3000,0,0,0,0,0,0,300,45,7300,0,0,-7,0;
base,aot_supply,default,3000,0,3000,0,0,0,0,0,0,300,45,7300,0,0,-7,0;
base,aot_supply,default,3000,0,3000,0,0,0,0,0,0,300,50,7300,0,0,-7,0;
base,aot_supply,default,3000,0,3000,0,0,0,0,0,0,300,50,7300,0,0,-7,0;
base,aot_supply,default,3000,0,3000,0,0,0,0,0,0,300,50,7300,0,0,-7,0;
base,aot_supply,default,3000,0,3000,0,0,0,0,0,0,300,50,7300,0,0,-7,0;
base,aot_supply,default,3000,0,3000,0,0,0,0,0,0,300,50,7300,0,0,-7,0;
base,aot_supply,default,3000,0,3000,0,0,0,0,0,0,300,55,7300,0,0,-7,0;
base,aot_supply,default,3000,0,3000,0,0,0,0,0,0,300,55,7300,0,0,-7,0;
base,aot_supply,default,3000,0,3000,0,0,0,0,0,0,300,55,7300,0,0,-7,0;
base,aot_supply,default,3000,0,3000,0,0,0,0,0,0,300,55,7300,0,0,-7,0;
base,aot_supply,default,3000,0,3000,0,0,0,0,0,0,300,55,7300,0,0,-7,0;
base,aot_supply,default,3000,0,3000,0,0,0,0,0,0,300,60,7300,0,0,-7,0;
base,aot_supply,default,3000,0,3000,0,0,0,0,0,0,300,60,7300,0,0,-7,0;
base,aot_supply,default,3000,0,3000,0,0,0,0,0,0,300,60,7300,0,0,-7,0;
base,aot_supply,default,3000,0,3000,0,0,0,0,0,0,300,60,7300,0,0,-7,0;
base,aot_supply,default,3000,0,3000,0,0,0,0,0,0,300,60,7300,0,0,-7,0;
base,aot_supply,default,3000,0,3000,0,0,0,0,0,0,300,65,7300,0,0,-7,0;
base,aot_supply,default,3000,0,3000,0,0,0,0,0,0,300,65,7300,0,0,-7,0;
base,aot_supply,default,3000,0,3000,0,0,0,0,0,0,300,65,7300,0,0,-7,0;
base,aot_supply,default,3000,0,3000,0,0,0,0,0,0,300,65,7300,0,0,-7,0;
base,aot_supply,default,3000,0,3000,0,0,0,0,0,0,300,65,7300,0,0,-7,0;
base,aot_supply,default,3000,0,3000,0,0,0,0,0,0,300,70,7300,0,0,-7,0;
base,aot_supply,default,3000,0,3000,0,0,0,0,0,0,300,70,7300,0,0,-7,0;
base,aot_supply,default,3000,0,3000,0,0,0,0,0,0,300,70,7300,0,0,-7,0;
base,aot_supply,default,3000,0,3000,0,0,0,0,0,0,300,70,7300,0,0,-7,0;
base,aot_supply,default,3000,0,3000,0,0,0,0,0,0,300,70,7300,0,0,-7,0;
base,aot_supply,default,3000,0,3000,0,0,0,0,0,0,300,75,7300,0,0,-7,0;
base,aot_supply,default,3000,0,3000,0,0,0,0,0,0,300,75,7300,0,0,-7,0;
base,aot_supply,default,3000,0,3000,0,0,0,0,0,0,300,75,7300,0,0,-7,0;
base,aot_supply,default,3000,0,3000,0,0,0,0,0,0,300,75,7300,0,0,-7,0;
base,aot_supply,default,3000,0,3000,0,0,0,0,0,0,300,75,7300,0,0,-7,0;
base,aot_supply,default,3000,0,3000,0,0,0,0,0,0,300,80,7300,0,0,-7,0;
base,aot_supply,default,3000,0,3000,0,0,0,0,0,0,300,80,7300,0,0,-7,0;
base,aot_supply,default,3000,0,3000,0,0,0,0,0,0,300,80,7300,0,0,-7,0;
base,aot_supply,default,3000,0,3000,0,0,0,0,0,0,300,80,7300,0,0,-7,0;
base,aot_supply,default,3000,0,3000,0,0,0,0,0,0,300,80,7300,0,0,-7,0;
base,aot_supply,default,3000,0,3000,0,0,0,0,0,0,300,85,7300,0,0,-7,0;
base,aot_supply,default,3000,0,3000,0,0,0,0,0,0,300,85,7300,0,0,-7,0;
base,aot_supply,default,3000,0,3000,0,0,0,0,0,0,300,85,7300,0,0,-7,0;
base,aot_supply,default,3000,0,3000,0,0,0,0,0,0,300,85,7300,0,0,-7,0;
base,aot_supply,default,3000,0,3000,0,0,0,0,0,0,300,85,7300,0,0,-7,0;
base,aot_supply,default,3000,0,3000,0,0,0,0,0,0,300,90,7300,0,0,-7,0;
base,aot_supply,default,3000,0,3000,0,0,0,0,0,0,300,90,7300,0,0,-7,0;
base,aot_supply,default,3000,0,3000,0,0,0,0,0,0,300,90,7300,0,0,-7,0;
base,aot_supply,default,3000,0,3000,0,0,0,0,0,0,300,90,7300,0,0,-7,0;
base,aot_supply,default,3000,0,3000,0,0,0,0,0,0,300,90,7300,0,0,-7,0;
base,aot_supply,default,3000,0,3000,0,0,0,0,0,0,300,95,7300,0,0,-7,0;
base,aot_supply,default,3000,0,3000,0,0,0,0,0,0,300,95,7300,0,0,-7,0;
base,aot_supply,default,3000,0,3000,0,0,0,0,0,0,300,95,7300,0,0,-7,0;
base,aot_supply,default,3000,0,3000,0,0,0,0,0,0,300,95,7300,0,0,-7,0;
base,aot_supply,default,3000,0,3000,0,0,0,0,0,0,300,95,7300,0,0,-7,0;
base,aot_supply,default,3000,0,3000,0,0,0,0,0,0,300,100,7300,0,0,-7,0;
base,aot_supply,default,3000,0,3000,0,0,0,0,0,0,300,100,7300,0,0,-7,0;
base,aot_supply,default,3000,0,3000,0,0,0,0,0,0,300,100,7300,0,0,-7,0;
base,aot_supply,default,3000,0,3000,0,0,0,0,0,0,300,100,7300,0,0,-7,0;
base,aot_supply,default,3000,0,3000,0,0,0,0,0,0,300,100,7300,0,0,-7,0;
base,aot_supply,default,3000,0,3000,0,0,0,0,0,0,300,105,7300,0,0,-7,0;
base,aot_supply,default,3000,0,3000,0,0,0,0,0,0,300,105,7300,0,0,-7,0;
base,aot_supply,default,3000,0,3000,0,0,0,0,0,0,300,105,7300,0,0,-7,0;
base,aot_supply,default,3000,0,3000,0,0,0,0,0,0,300,105,7300,0,0,-7,0;
base,aot_supply,default,3000,0,3000,0,0,0,0,0,0,300,105,7300,0,0,-7,0;
base,aot_supply,default,3000,0,3000,0,0,0,0,0,0,300,110,7300,0,0,-7,0;
base,aot_supply,default,3000,0,3000,0,0,0,0,0,0,300,110,7300,0,0,-7,0;
base,aot_supply,default,3000,0,3000,0,0,0,0,0,0,300,110,7300,0,0,-7,0;
base,aot_supply,default,3000,0,3000,0,0,0,0,0,0,300,110,7300,0,0,-7,0;
base,aot_supply,default,3000,0,3000,0,0,0,0,0,0,300,110,7300,0,0,-7,0;
base,aot_supply,default,3000,0,3000,0,0,0,0,0,0,300,115,7300,0,0,-7,0;
base,aot_supply,default,3000,0,3000,0,0,0,0,0,0,300,115,7300,0,0,-7,0;
base,aot_supply,default,3000,0,3000,0,0,0,0,0,0,300,115,7300,0,0,-7,0;
base,aot_supply,default,3000,0,3000,0,0,0,0,0,0,300,115,7300,0,0,-7,0;
base,aot_supply,default,3000,0,3000,0,0,0,0,0,0,300,115,7300,0,0,-7,0;
base,aot_supply,default,3000,0,3000,0,0,0,0,0,0,300,120,7300,0,0,-7,0;
base,aot_supply,default,3000,0,3000,0,0,0,0,0,0,300,120,7300,0,0,-7,0;
base,aot_supply,default,3000,0,3000,0,0,0,0,0,0,300,120,7300,0,0,-7,0;
base,aot_supply,default,3000,0,3000,0,0,0,0,0,0,300,120,7300,0,0,-7,0;
base,aot_supply,default,3000,0,3000,0,0,0,0,0,0,300,120,7300,0,0,-7,0;
base,aot_supply,default,3000,0,3000,0,0,0,0,0,0,300,125,7300,0,0,-7,0;
base,aot_supply,default,3000,0,3000,0,0,0,0,0,0,300,125,7300,0,0,-7,0;
base,aot_supply,default,3000,0,3000,0,0,0,0,0,0,300,125,7300,0,0,-7,0;
base,aot_supply,default,3000,0,3000,0,0,0,0,0,0,300,125,7300,0,0,-7,0;
base,aot_supply,default,3000,0,3000,0,0,0,0,0,0,300,125,7300,0,0,-7,0;
base,aot_supply,default,3000,0,3000,0,0,0,0,0,0,300,130,7300,0,0,-7,0;
base,aot_supply,default,3000,0,3000,0,0,0,0,0,0,300,130,7300,0,0,-7,0;
base,aot_supply,default,3000,0,3000,0,0,0,0,0,0,300,130,7300,0,0,-7,0;
base,aot_supply,default,3000,0,3000,0,0,0,0,0,0,300,130,7300,0,0,-7,0;
base,aot_supply,default,3000,0,3000,0,0,0,0,0,0,300,130,7300,0,0,-7,0;
base,aot_supply,default,3000,0,3000,0,0,0,0,0,0,300,135,7300,0,0,-7,0;
base,aot_supply,default,3000,0,3000,0,0,0,0,0,0,300,135,7300,0,0,-7,0;
base,aot_supply,default,3000,0,3000,0,0,0,0,0,0,300,135,7300,0,0,-7,0;
base,aot_supply,default,3000,0,3000,0,0,0,0,0,0,300,135,7300,0,0,-7,0;
base,aot_supply,default,3000,0,3000,0,0,0,0,0,0,300,135,7300,0,0,-7,0;
base,aot_supply,default,3000,0,3000,0,0,0,0,0,0,300,140,7300,0,0,-7,0;
base,aot_supply,default,3000,0,3000,0,0,0,0,0,0,300,140,7300,0,0,-7,0;
base,aot_supply,default,3000,0,3000,0,0,0,0,0,0,300,140,7300,0,0,-7,0;
base,aot_supply,default,3000,0,3000,0,0,0,0,0,0,300,140,7300,0,0,-7,0;
base,aot_supply,default,3000,0,3000,0,0,0,0,0,0,300,140,7300,0,0,-7,0;
base,aot_supply,default,3000,0,3000,0,0,0,0,0,0,300,145,7300,0,0,-7,0;
base,aot_supply,default,3000,0,3000,0,0,0,0,0,0,300,145,7300,0,0,-7,0;
base,aot_supply,default,3000,0,3000,0,0,0,0,0,0,300,145,7300,0,0,-7,0;
base,aot_supply,default,3000,0,3000,0,0,0,0,0,0,300,145,7300,0,0,-7,0;
base,aot_supply,default,3000,0,3000,0,0,0,0,0,0,300,145,7300,0,0,-7,0;
base,aot_supply,default,3000,0,3000,0,0,0,0,0,0,300,0,7300,0,0,-7,0;
base,aot_supply,default,3000,0,3000,0,0,0,0,0,0,300,0,7300,0,0,-7,0;
base,aot_supply,default,3000,0,3000,0,0,0,0,0,0,300,0,7300,0,0,-7,0;
base,aot_supply,default,3000,0,3000,0,0,0,0,0,0,300,0,7300,0,0,-7,0;
base,aot_supply,default,3000,0,3000,0,0,0,0,0,0,300,0,7300,0,0,-7,0;
base,aot_supply,default,3000,0,3000,0,0,0,0,0,0,300,5,7300,0,0,-7,0;
base,aot_supply,default,3000,0,3000,0,0,0,0,0,0,300,5,7300,0,0,-7,0;
base,aot_supply,default,3000,0,3000,0,0,0,0,0,0,300,5,7300,0,0,-7,0;
base,aot_supply,default,3000,0,3000,0,0,0,0,0,0,300,5,7300,0,0,-7,0;
base,aot_supply,default,3000,0,3000,0,0,0,0,0,0,300,5,7300,0,0,-7,0;
base,aot_supply,default,3000,0,3000,0,0,0,0,0,0,300,10,7300,0,0,-7,0;
base,aot_supply,default,3000,0,3000,0,0,0,0,0,0,300,10,7300,0,0,-7,0;
base,aot_supply,default,3000,0,3000,0,0,0,0,0,0,300,10,7300,0,0,-7,0;
base,aot_supply,default,3000,0,3000,0,0,0,0,0,0,300,10,7300,0,0,-7,0;
base,aot_supply,default,3000,0,3000,0,0,0,0,0,0,300,10,7300,0,0,-7,0;
base,aot_supply,default,3000,0,3000,0,0,0,0,0,0,300,15,7300,0,0,-7,0;
base,aot_supply,default,3000,0,3000,0,0,0,0,0,0,300,15,7300,0,0,-7,0;
base,aot_supply,default,3000,0,3000,0,0,0,0,0,0,300,15,7300,0,0,-7,0;
base,aot_supply,default,3000,0,3000,0,0,0,0,0,0,300,15,7300,0,0,-7,0;
base,aot_supply,default,3000,0,3000,0,0,0,0,0,0,300,15,7300,0,0,-7,0;
base,aot_supply,default,3000,0,3000,0,0,0,0,0,0,300,20,7300,0,0,-7,0;
base,aot_supply,default,3000,0,3000,0,0,0,0,0,0,300,20,7300,0,0,-7,0;
base,aot_supply,default,3000,0,3000,0,0,0,0,0,0,300,20,7300,0,0,-7,0;
base,aot_supply,default,3000,0,3000,0,0,0,0,0,0,300,20,7300,0,0,-7,0;
base,aot_supply,default,3000,0,3000,0,0,0,0,0,0,300,20,7300,0,0,-7,0;
base,aot_supply,default,3000,0,3000,0,0,0,0,0,0,300,25,7300,0,0,-7,0;
base,aot_supply,default,3000,0,3000,0,0,0,0,0,0,300,25,7300,0,0,-7,0;
base,aot_supply,default,3000,0,3000,0,0,0,0,0,0,300,25,7300,0,0,-7,0;
base,aot_supply,default,3000,0,3000,0,0,0,0,0,0,300,25,7300,0,0,-7,0;
base,aot_supply,default,3000,0,3000,0,0,0,0,0,0,300,25,7300,0,0,-7,0;
base,aot_supply,default,3000,0,3000,0,0,0,0,0,0,300,30,7300,0,0,-7,0;
base,aot_supply,default,3000,0,3000,0,0,0,0,0,0,300,30,7300,0,0,-7,0;
base,aot_supply,default,3000,0,3000,0,0,0,0,0,0,300,30,7300,0,0,-7,0;
base,aot_supply,default,3000,0,3000,0,0,0,0,0,0,300,30,7300,0,0,-7,0;
base,aot_supply,default,3000,0,3000,0,0,0,0,0,0,300,30,7300,0,0,-7,0;
base,aot_supply,default,3000,0,3000,0,0,0,0,0,0,300,35,7300,0,0,-7,0;
base,aot_supply,default,3000,0,3000,0,0,0,0,0,0,300,35,7300,0,0,-7,0;
base,aot_supply,default,3000,0,3000,0,0,0,0,0,0,300,35,7300,0,0,-7,0;
base,aot_supply,default,3000,0,3000,0,0,0,0,0,0,300,35,7300,0,0,-7,0;
base,aot_supply,default,3000,0,3000,0,0,0,0,0,0,300,35,7300,0,0,-7,0;
base,aot_supply,default,3000,0,3000,0,0,0,0,0,0,300,40,7300,0,0,-7,0;
base,aot_supply,default,3000,0,3000,0,0,0,0,0,0,300,40,7300,0,0,-7,0;
base,aot_supply,default,3000,0,3000,0,0,0,0,0,0,300,40,7300,0,0,-7,0;
base,aot_supply,default,3000,0,3000,0,0,0,0,0,0,300,40,7300,0,0,-7,0;
base,aot_supply,default,3000,0,3000,0,0,0,0,0,0,300,40,7300,0,0,-7,0;
base,aot_supply,default,3000,0,3000,0,0,0,0,0,0,300,45,7300,0,0,-7,0;
base,aot_supply,default,3000,0,3000,0,0,0,0,0,0,300,45,7300,0,0,-7,0;
base,aot_supply,default,3000,0,3000,0,0,0,0,0,0,300,45,7300,0,0,-7,0;
base,aot_supply,default,3000,0,3000,0,0,0,0,0,0,300,45,7300,0,0,-7,0;
base,aot_supply,default,3000,0,3000,0,0,0,0,0,0,300,45,7300,0,0,-7,0;
base,aot_supply,default,3000,0,3000,0,0,0,0,0,0,300,50,7300,0,0,-7,0;
base,aot_supply,default,3000,0,3000,0,0,0,0,0,0,300,50,7300,0,0,-7,0;
base,aot_supply,default,3000,0,3000,0,0,0,0,0,0,300,50,7300,0,0,-7,0;
base,aot_supply,default,3000,0,3000,0,0,0,0,0,0,300,50,7300,0,0,-7,0;
base,aot_supply,default,3000,0,3000,0,0,0,0,0,0,300,50,7300,0,0,-7,0;
base,aot_supply,default,3000,0,3000,0,0,0,0,0,0,300,55,7300,0,0,-7,0;
base,aot_supply,default,3000,0,3000,0,0,0,0,0,0,300,55,7300,0,0,-7,0;
base,aot_supply,default,3000,0,3000,0,0,0,0,0,0,300,55,7300,0,0,-7,0;
base,aot_supply,default,3000,0,3000,0,0,0,0,0,0,300,55,7300,0,0,-7,0;
base,aot_supply,default,3000,0,3000,0,0,0,0,0,0,300,55,7300,0,0,-7,0;
base,aot_supply,default,3000,0,3000,0,0,0,0,0,0,300,60,7300,0,0,-7,0;
base,aot_supply,default,3000,0,3000,0,0,0,0,0,0,300,60,7300,0,0,-7,0;
base,aot_supply,default,3000,0,3000,0,0,0,0,0,0,300,60,7300,0,0,-7,0;
base,aot_supply,default,3000,0,3000,0,0,0,0,0,0,300,60,7300,0,0,-7,0;
base,aot_supply,default,3000,0,3000,0,0,0,0,0,0,300,60,7300,0,0,-7,0;
base,aot_supply,default,3000,0,3000,0,0,0,0,0,0,300,65,7300,0,0,-7,0;
base,aot_supply,default,3000,0,3000,0,0,0,0,0,0,300,65,7300,0,0,-7,0;
base,aot_supply,default,3000,0,3000,0,0,0,0,0,0,300,65,7300,0,0,-7,0;
base,aot_supply,default,3000,0,3000,0,0,0,0,0,0,300,65,7300,0,0,-7,0;
base,aot_supply,default,3000,0,3000,0,0,0,0,0,0,300,65,7300,0,0,-7,0;
base,aot_supply,default,3000,0,3000,0,0,0,0,0,0,300,70,7300,0,0,-7,0;
base,aot_supply,default,3000,0,3000,0,0,0,0,0,0,300,70,7300,0,0,-7,0;
base,aot_supply,default,3000,0,3000,0,0,0,0,0,0,300,70,7300,0,0,-7,0;
base,aot_supply,default,3000,0,3000,0,0,0,0,0,0,300,70,7300,0,0,-7,0;
base,aot_supply,default,3000,0,3000,0,0,0,0,0,0,300,70,7300,0,0,-7,0;
base,aot_supply,default,3000,0,3000,0,0,0,0,0,0,300,75,7300,0,0,-7,0;
base,aot_supply,default,3000,0,3000,0,0,0,0,0,0,300,75,7300,0,0,-7,0;
base,aot_supply,default,3000,0,3000,0,0,0,0,0,0,300,75,7300,0,0,-7,0;
base,aot_supply,default,3000,0,3000,0,0,0,0,0,0,300,75,7300,0,0,-7,0;
base,aot_supply,default,3000,0,3000,0,0,0,0,0,0,300,75,7300,0,0,-7,0;
base,aot_supply,default,3000,0,3000,0,0,0,0,0,0,300,80,7300,0,0,-7,0;
base,aot_supply,default,3000,0,3000,0,0,0,0,0,0,300,80,7300,0,0,-7,0;
base,aot_supply,default,3000,0,3000,0,0,0,0,0,0,300,80,7300,0,0,-7,0;
base,aot_supply,default,3000,0,3000,0,0,0,0,0,0,300,80,7300,0,0,-7,0;
base,aot_supply,default,3000,0,3000,0,0,0,0,0,0,300,80,7300,0,0,-7,0;
base,aot_supply,default,3000,0,3000,0,0,0,0,0,0,300,85,7300,0,0,-7,0;
base,aot_supply,default,3000,0,3000,0,0,0,0,0,0,300,85,7300,0,0,-7,0;
base,aot_supply,default,3000,0,3000,0,0,0,0,0,0,300,85,7300,0,0,-7,0;
base,aot_supply,default,3000,0,3000,0,0,0,0,0,0,300,85,7300,0,0,-7,0;
base,aot_supply,default,3000,0,3000,0,0,0,0,0,0,300,85,7300,0,0,-7,0;
base,aot_supply,default,3000,0,3000,0,0,0,0,0,0,300,90,7300,0,0,-7,0;
base,aot_supply,default,3000,0,3000,0,0,0,0,0,0,300,90,7300,0,0,-7,0;
base,aot_supply,default,3000,0,3000,0,0,0,0,0,0,300,90,7300,0,0,-7,0;
base,aot_supply,default,3000,0,3000,0,0,0,0,0,0,300,90,7300,0,0,-7,0;
base,aot_supply,default,3000,0,3000,0,0,0,0,0,0,300,90,7300,0,0,-7,0;
base,aot_supply,default,3000,0,3000,0,0,0,0,0,0,300,95,7300,0,0,-7,0;
base,aot_supply,default,3000,0,3000,0,0,0,0,0,0,300,95,7300,0,0,-7,0;
base,aot_supply,default,3000,0,3000,0,0,0,0,0,0,300,95,7300,0,0,-7,0;
base,aot_supply,default,3000,0,3000,0,0,0,0,0,0,300,95,7300,0,0,-7,0;
base,aot_supply,default,3000,0,3000,0,0,0,0,0,0,300,95,7300,0,0,-7,0;
base,aot_supply,default,3000,0,3000,0,0,0,0,0,0,300,100,7300,0,0,-7,0;
base,aot_supply,default,3000,0,3000,0,0,0,0,0,0,300,100,7300,0,0,-7,0;
base,aot_supply,default,3000,0,3000,0,0,0,0,0,0,300,100,7300,0,0,-7,0;
base,aot_supply,default,3000,0,3000,0,0,0,0,0,0,300,100,7300,0,0,-7,0;
base,aot_supply,default,3000,0,3000,0,0,0,0,0,0,300,100,7300,0,0,-7,0;
base,aot_supply,default,3000,0,3000,0,0,0,0,0,0,300,105,7300,0,0,-7,0;
base,aot_supply,default,3000,0,3000,0,0,0,0,0,0,300,105,7300,0,0,-7,0;
base,aot_supply,default,3000,0,3000,0,0,0,0,0,0,300,105,7300,0,0,-7,0;
base,aot_supply,default,3000,0,3000,0,0,0,0,0,0,300,105,7300,0,0,-7,0;
base,aot_supply,default,3000,0,3000,0,0,0,0,0,0,300,105,7300,0,0,-7,0;
base,aot_supply,default,3000,0,3000,0,0,0,0,0,0,300,110,7300,0,0,-7,0;
base,aot_supply,default,3000,0,3000,0,0,0,0,0,0,300,110,7300,0,0,-7,0;
base,aot_supply,default,3000,0,3000,0,0,0,0,0,0,300,110,7300,0,0,-7,0;
base,aot_supply,default,3000,0,3000,0,0,0,0,0,0,300,110,7300,0,0,-7,0;
base,aot_supply,default,3000,0,3000,0,0,0,0,0,0,300,110,7300,0,0,-7,0;
base,aot_supply,default,3000,0,3000,0,0,0,0,0,0,300,115,7300,0,0,-7,0;
base,aot_supply,default,3000,0,3000,0,0,0,0,0,0,300,115,7300,0,0,-7,0;
base,aot_supply,default,3000,0,3000,0,0,0,0,0,0,300,115,7300,0,0,-7,0;
base,aot_supply,default,3000,0,3000,0,0,0,0,0,0,300,115,7300,0,0,-7,0;
base,aot_supply,default,3000,0,3000,0,0,0,0,0,0,300,115,7300,0,0,-7,0;
base,aot_supply,default,3000,0,3000,0,0,0,0,0,0,300,120,7300,0,0,-7,0;
base,aot_supply,default,3000,0,3000,0,0,0,0,0,0,300,120,7300,0,0,-7,0;
base,aot_supply,default,3000,0,3000,0,0,0,0,0,0,300,120,7300,0,0,-7,0;
base,aot_supply,default,3000,0,3000,0,0,0,0,0,0,300,120,7300,0,0,-7,0;
base,aot_supply,default,3000,0,3000,0,0,0,0,0,0,300,120,7300,0,0,-7,0;
base,aot_supply,default,3000,0,3000,0,0,0,0,0,0,300,125,7300,0,0,-7,0;
base,aot_supply,default,3000,0,3000,0,0,0,0,0,0,300,125,7300,0,0,-7,0;
base,aot_supply,default,3000,0,3000,0,0,0,0,0,0,300,125,7300,0,0,-7,0;
base,aot_supply,default,3000,0,3000,0,0,0,0,0,0,300,125,7300,0,0,-7,0;
base,aot_supply,default,3000,0,3000,0,0,0,0,0,0,300,125,7300,0,0,-7,0;
base,aot_supply,default,3000,0,3000,0,0,0,0,0,0,300,130,7300,0,0,-7,0;
base,aot_supply,default,3000,0,3000,0,0,0,0,0,0,300,130,7300,0,0,-7,0;
base,aot_supply,default,3000,0,3000,0,0,0,0,0,0,300,130,7300,0,0,-7,0;
base,aot_supply,default,3000,0,3000,0,0,0,0,0,0,300,130,7300,0,0,-7,0;
base,aot_supply,default,3000,0,3000,0,0,0,0,0,0,300,130,7300,0,0,-7,0;
base,aot_supply,default,3000,0,3000,0,0,0,0,0,0,300,135,7300,0,0,-7,0;
base,aot_supply,default,3000,0,3000,0,0,0,0,0,0,300,135,7300,0,0,-7,0;
base,aot_supply,default,3000,0,3000,0,0,0,0,0,0,300,135,7300,0,0,-7,0;
base,aot_supply,default,3000,0,3000,0,0,0,0,0,0,300,135,7300,0,0,-7,0;
base,aot_supply,default,3000,0,3000,0,0,0,0,0,0,300,135,7300,0,0,-7,0;
base,aot_supply,default,3000,0,3000,0,0,0,0,0,0,300,140,7300,0,0,-7,0;
base,aot_supply,default,3000,0,3000,0,0,0,0,0,0,300,140,7300,0,0,-7,0;
base,aot_supply,default,3000,0,3000,0,0,0,0,0,0,300,140,7300,0,0,-7,0;
base,aot_supply,default,3000,0,3000,0,0,0,0,0,0,300,140,7300,0,0,-7,0;
base,aot_supply,default,3000,0,3000,0,0,0,0,0,0,300,140,7300,0,0,-7,0;
base,aot_supply,default,3000,0,3000,0,0,0,0,0,0,300,145,7300,0,0,-7,0;
base,aot_supply,default,3000,0,3000,0,0,0,0,0,0,300,145,7300,0,0,-7,0;
base,aot_supply,default,3000,0,3000,0,0,0,0,0,0,300,145,7300,0,0,-7,0;
base,aot_supply,default,3000,0,3000,0,0,0,0,0,0,300,145,7300,0,0,-7,0;
base,aot_supply,default,3000,0,3000,0,0,0,0,0,0,300,145,7300,0,0,-7,0;
custom,cuboid,ice1,30,10,15,0,1,1,1,5,5,-11.06797,-39.51246,559.1253,0,-0.01190487,0,0.9999291;
customb,tree0,empty,1,1,1,1,0,0,0,5,5,-131.3632,82.77268,-547.6863,0,0.9913902,0,-0.1309412;
customb,tree0,empty,1,1,1,1,0,0,0,5,5,102.9839,80.88168,-642.5654,0,0.136654,0,-0.9906188;
custom,arena1,default,1,1,1,0,0,0,0,5,5,-10.64691,11.3039,613.2472,0,0.008416227,0,-0.9999646;
spawnpoint,titan,-459.0749,6.902753,-117.9045,0,0.8724217,0,-0.4887539;
spawnpoint,titan,-342.1293,7.794699,203.179,0,0.4960909,0,-0.8682706;
spawnpoint,titan,413.9956,1.559028,-335.8488,0,0.8266684,0,0.5626895;
spawnpoint,titan,440.1356,7.601859,79.29247,0,0.5057772,0,0.8626641;
spawnpoint,titan,-70.07632,12.28116,-505.0527,0,0.9982735,0,0.05873679;
spawnpoint,titan,-89.89146,16.01198,-727.2798,0,0.996907,0,-0.07859025;
spawnpoint,titan,62.8519,9.460377,-693.863,0,0.8778352,0,0.4789629;