custom,cuboid,default,500,1,25,1,0,0,0,1,1,0,0,0,0,0,0,0;
custom,cuboid,bombexplosiontex,550,1,1,1,0,1,1,1,1,-146.1666,0.1400001,8.004465,0,0,0,1;
custom,cuboid,bombexplosiontex,500,1,1,1,0,1,0,1,1,0,0.1,100,0,0,0,0;
custom,cuboid,bombexplosiontex,500,1,1,1,0,1,0,1,1,0,0.1,-100,0,0,0,0;
misc,barrier,500,1.1,25,0,-0.12,0,0,0,0,1;
map,disablebounds;
custom,cylinder,bombexplosiontex,1,1,1,1,0,1,0,1,1,0,20,100,0,0,0,0;
custom,cylinder,bombexplosiontex,1,1,1,1,0,1,0,1,1,0,20,-100,0,0,0,0;
custom,cylinder,bombexplosiontex,1,1,1,1,0,1,0,1,1,500,20,100,0,0,0,0;
custom,cylinder,bombexplosiontex,1,1,1,1,0,1,0,1,1,-500,20,100,0,0,0,0;
custom,cylinder,bombexplosiontex,1,1,1,1,0,1,0,1,1,1000,20,100,0,0,0,0;
custom,cylinder,bombexplosiontex,1,1,1,1,0,1,0,1,1,1500,20,100,0,0,0,0;
custom,cylinder,bombexplosiontex,1,1,1,1,0,1,0,1,1,2000,20,100,0,0,0,0;
custom,cylinder,bombexplosiontex,1,1,1,1,0,1,0,1,1,1000,20,-100,0,0,0,0;
custom,cylinder,bombexplosiontex,1,1,1,1,0,1,0,1,1,-1000,20,100,0,0,0,0;
custom,cylinder,bombexplosiontex,1,1,1,1,0,1,0,1,1,-1500,20,100,0,0,0,0;
custom,cylinder,bombexplosiontex,1,1,1,1,0,1,0,1,1,-2000,20,100,0,0,0,0;
custom,cylinder,bombexplosiontex,1,1,1,1,0,1,0,1,1,-500,20,-100,0,0,0,0;
custom,cylinder,bombexplosiontex,1,1,1,1,0,1,0,1,1,-1000,20,-100,0,0,0,0;
custom,cylinder,bombexplosiontex,1,1,1,1,0,1,0,1,1,-1500,20,-100,0,0,0,0;
custom,cylinder,bombexplosiontex,1,1,1,1,0,1,0,1,1,-2000,20,-100,0,0,0,0;
custom,cylinder,bombexplosiontex,1,1,1,1,0,1,0,1,1,500,20,-100,0,0,0,0;
custom,cylinder,bombexplosiontex,1,1,1,1,0,1,0,1,1,1500,20,-100,0,0,0,0;
custom,cylinder,bombexplosiontex,1,1,1,1,0,1,0,1,1,2000,20,-100,0,0,0,0;
custom,cylinder,bombexplosiontex,1,1,1,1,0,1,0,1,1,2500,20,-100,0,0,0,0;
custom,cylinder,bombexplosiontex,1,1,1,1,0,1,0,1,1,2500,20,100,0,0,0,0;
spawnpoint,playerC,-1991.692,6.001468,-0.6183597,0,0.719313,0,0.6946861;
misc,barrier,1,25,25,-2020.173,17.62416,0.2887879,0,1,0,8.304516E-05;
misc,barrier,1,25,500,-2.694912,19.56524,-130.5946,0,0.7068977,0,0.7073159;
misc,barrier,1,25,500,-0.5981951,19.72524,129.2602,0,0.7068977,0,0.7073159;
custom,cuboid,default,240,1,350,1,0,0,0,1,1,3696.828,-0.2799989,0.5554692,0,0,0,1;
misc,barrier,350,1,350,4247.139,-4.589558E-06,0.3007881,0,0,0,1;
custom,cuboid,bombexplosiontex,330,1,1,1,0,1,1,1.0,1.0,2606.867,-0.1069045,16.63816,0,0.7079163,0,0.7062964;
custom,cuboid,bombexplosiontex,1,1,165,1,0,1,0,1.0,1.0,2502.889,-0.0120655,-923.3067,0,1,0,-0.0001196992;
custom,cuboid,bombexplosiontex,305,1,1,1,0,1,0,1.0,1.0,2708.521,-0.1469045,9.438697,0,0.7079163,0,0.7062964;
custom,cuboid,bombexplosiontex,1,1,165,1,0,1,0,1.0,1.0,2503.083,0.4279345,922.0369,0,1,0,-0.0001196992;
custom,arc180,default,8,5,8,1,0,0,0,1.0,1.0,2836.617,13.41757,5.971808,0,0.9997301,0,-0.02323432;
custom,cylinder,default,15,3,15,1,0,0,0,1.0,1.0,2795.593,-21.67148,8.9374,0,0.9999999,0,0.000567631;
custom,torus,default,7.5,3,7.5,1,0,1,0,1.0,1.0,2772.137,4.153542,10.26618,0,0.06695696,0,0.9977559;
custom,torus,default,1,1,1,1,0,1,0,1.0,1.0,2802.957,7.114028,60.51538,0,0.4631224,0,0.8862944;
custom,torus,cannonregionmat,1,1,1,1,0,1,0,1.0,1.0,2798.57,7.169272,-49.35687,0,0.9815055,0,0.1914342;
custom,torus,cannonregionmat,1,1,1,1,0,1,0,1.0,1.0,2832.373,7.116314,26.78164,0,0.5658813,0,0.8244867;
custom,torus,cannonregionmat,1,1,1,1,0,1,0,1.0,1.0,2830.922,7.063729,-13.27109,0,0.8286815,0,0.5597204;
custom,cuboid,cannonregionmat,0.1,0.1,2,1,0,1,0,1.0,1.0,2794.589,8.083846,47.63191,0,0.2814772,0,0.9595679;
custom,cuboid,cannonregionmat,0.1,0.1,2,1,0,1,0,1.0,1.0,2817.991,8.252525,21.55826,0,0.5712602,0,0.8207691;
custom,cuboid,cannonregionmat,0.1,0.1,2,1,0,1,0,1.0,1.0,2816.281,7.841769,-8.436127,0,0.8047699,0,0.5935869;
custom,cuboid,cannonregionmat,0.1,0.1,2,1,0,1,0,1.0,1.0,2792.454,7.830901,-35.29593,0,0.9770921,0,0.2128168;
custom,arc180,cannonregionmat,7.9,0.1,7.9,1,0,1,0,1.0,1.0,2835.885,16.4369,5.43417,0,0.9997628,0,-0.02178014;
custom,checkpointCylinder,bombexplosiontex,.5,0.25,.5,1,0,1,0,1.0,1.0,2803.329,10.94445,59.98207,0,0.4357107,0,0.9000868;
custom,checkpointCylinder,bombexplosiontex,.5,0.25,.5,1,0,1,0,1.0,1.0,2831.721,10.8552,26.75578,0,0.5853886,0,0.8107529;
custom,checkpointCylinder,bombexplosiontex,.5,0.25,.5,1,0,1,0,1.0,1.0,2830.572,10.84938,-13.29296,0,0.8273779,0,0.5616457;
custom,checkpointCylinder,bombexplosiontex,.5,0.25,.5,1,0,1,0,1.0,1.0,2797.618,10.83285,-49.15775,0,0.9818925,0,0.1894389;
base,aot_supply,default,0,0,0,0,0,1,0,1.0,1.0,2797.186,8.013986,-48.73892,0,0.5030825,0,0.8642384;
base,aot_supply,default,0,0,0,0,0,1,0,1.0,1.0,2830.631,7.763541,-12.61212,0,0.8382326,0,0.5453129;
base,aot_supply,default,0,0,0,0,0,1,0,1.0,1.0,2831.287,8.153219,27.22021,0,0.5693361,0,0.8221049;
base,aot_supply,default,0,0,0,0,0,1,0,1.0,1.0,2803.043,7.468538,59.90085,0,0.2895146,0,0.9571736;
custom,cylinder,default,15.5,0.025,15.5,1,0,1,0,1.0,1.0,2797.147,5.623363,10.07156,0,0.7073382,0,0.7068753;
custom,cuboid,bombexplosiontex,1,1,240,1,0,1,0,1.0,1.0,3695.197,-0.07868345,-1743.478,0,0.7068415,0,0.707372;
custom,cuboid,bombexplosiontex,1,1,215,1,0,1,1,1.0,1.0,3679.159,0.1213156,-1627.896,0,0.7068415,0,0.707372;
custom,cuboid,bombexplosiontex,1,1,190,1,0,1,0,1.0,1.0,3659.216,-0.07868357,-1508.619,0,0.7068415,0,0.707372;
custom,cuboid,default,50,1,50,1,0,0,0,1.0,1.0,3149.475,147.0858,-2035.166,0,0.9801856,0,0.1980814;
custom,cuboid,cannonregionmat,50.1,0.01,50.1,1,0,1,0,1.0,1.0,3149.382,148.8174,-2035.193,0,0.8328321,0,-0.5535257;
custom,cuboid,default,0.1,3,20,1,0,0,0,1.0,1.0,2946.734,166.1832,-1877.342,0,0.5572065,0,0.830374;
custom,cuboid,default,0.1,3,20,1,0,0,0,1.0,1.0,3179.309,165.4708,-1780.784,0,0.8323157,0,-0.5543019;
custom,cuboid,default,0.1,3,45,1,0,0,0,1.0,1.0,2942.006,165.3847,-2121.761,0,0.9800088,0,0.1989542;
custom,cuboid,default,0.1,3,45,1,0,0,0,1.0,1.0,3237.479,166.7674,-2243.268,0,0.8318356,0,-0.5550221;
custom,cuboid,default,0.1,3,45,1,0,0,0,1.0,1.0,3357.968,166.8021,-1949.759,0,0.1974006,0,-0.9803229;
custom,cuboid,default,43,1,45,1,0,0,0,1.0,1.0,3145.971,181.1801,-2027.782,0,0.8332842,0,-0.552845;
custom,cuboid,default,43,1,45,1,0,0,0,1.0,1.0,3141.601,181.3113,-2039.242,0,0.1970333,0,-0.9803968;
custom,torus,cannonregionmat,10,1,10,1,0,1,0,1.0,1.0,3145.514,150.6848,-2050.331,0,0.8320906,0,-0.5546397;
custom,cuboid,cannonregionmat,0.1,1,18,1,0,1,0,1.0,1.0,3278.938,147.1854,-1993.951,0,0.5589364,0,0.8292106;
custom,cuboid,cannonregionmat,0.1,1,19,1,0,1,0,1.0,1.0,3016.811,147.1462,-2104.011,0,0.8359995,0,-0.5487303;
custom,cylinder,bombexplosiontex,.5,0.5,.5,1,0,1,0,1.0,1.0,3101.337,166.7441,-1817.164,0,0.181348,0,-0.983419;
custom,cylinder,bombexplosiontex,.5,0.5,.5,1,0,1,0,1.0,1.0,3029.215,166.9756,-1846.922,0,0.2240734,0,-0.9745723;
custom,cylinder,bombexplosiontex,.5,0.5,.5,1,0,1,0,1.0,1.0,3266.85,164.6513,-1749.953,0,0.2364298,0,0.9716486;
custom,cylinder,bombexplosiontex,1,2.5,1,1,0,1,0,1.0,1.0,3427.94,178.1164,-2149.545,0,0.7775024,0,0.62888;
custom,cylinder,bombexplosiontex,.5,0.5,.5,1,0,1,0,1.0,1.0,3034.832,163.9779,-2314.071,0,0.9948797,0,-0.1010664;
custom,cylinder,bombexplosiontex,.5,0.5,.5,1,0,1,0,1.0,1.0,2859.799,166.2228,-1917.919,0,0.5493969,0,-0.8355615;
custom,cuboid,cannonregionmat,0.11,0.01,20,1,0,1,0,1.0,1.0,2946.734,167.3032,-1877.342,0,0.5572065,0,0.830374;
custom,cuboid,cannonregionmat,0.11,0.01,20,1,0,1,0,1.0,1.0,3179.603,152.1907,-1781.797,0,0.8323157,0,-0.5543019;
custom,cuboid,cannonregionmat,0.11,0.01,45,1,0,1,0,1.0,1.0,2942.372,167.3047,-2122.71,0,0.9800088,0,0.1989542;
custom,cuboid,cannonregionmat,0.11,0.01,45,1,0,1,0,1.0,1.0,3236.324,152.0875,-2243.049,0,0.8318356,0,-0.5550221;
custom,cuboid,cannonregionmat,0.11,0.01,45,1,0,1,0,1.0,1.0,3355.012,152.0422,-1945.327,0,0.1974006,0,-0.9803229;
custom,cuboid,bombexplosiontex,0.1,3,45,1,0,1,0,1000,1000,3062.577,196.9512,-1829.059,0,0.8323157,0,-0.5543019;
custom,cuboid,bombexplosiontex,0.1,3,45,1,0,1,0,1000,1000,2942.475,197.585,-2122.784,0,0.9800088,0,0.1989542;
custom,cuboid,bombexplosiontex,0.1,3,45,1,0,1,0,1000,1000,3237.479,195.6876,-2243.268,0,0.8318356,0,-0.5550221;
custom,cuboid,bombexplosiontex,0.1,3,45,1,0,1,0,1000,1000,3357.441,196.3622,-1950.286,0,0.1974006,0,-0.9803229;
custom,cuboid,cannonregionmat,.1,2,.1,1,0,1,0,1.0,1.0,3362.28,157.2733,-1960.233,0,0.5597147,0,0.8286854;
custom,cuboid,cannonregionmat,.1,2,.1,1,0,1,0,1.0,1.0,2947.316,157.4536,-2134.144,0,0.8395215,0,-0.5433264;
custom,sphere,cannonregionmat,1,1,1,1,0,1,0,1.0,1.0,3149.687,167.2363,-2045.849,0,0.9982923,0,0.0584175;
custom,cuboid,bombexplosiontex,3,0,3,1,0,1,0,1.0,1.0,3148.857,162.0777,-2044.348,0,0.9953542,0,-0.09628109;
custom,cuboid,bombexplosiontex,2,0,2,1,0,1,0,1.0,1.0,3149.146,157.8042,-2045.413,0,0.9918952,0,-0.1270589;
custom,cuboid,bombexplosiontex,1,0,1,1,0,1,0,1.0,1.0,3149.397,154.3999,-2045.678,0,0.9895911,0,-0.1439082;
custom,killCuboid,bombexplosiontex,0.1,3,6,1,0,1,0,1000,1000,3062.348,161.3835,-1829.804,0,0.8327525,0,-0.5536455;
custom,killCuboid,empty,0.1,3,0.1,1,0,0,0,1.0,1.0,3063.029,161.4159,-1829.452,0,0.9816142,0,0.1908759;
custom,killCuboid,empty,0.1,3,0.1,1,0,0,0,1.0,1.0,3062.173,161.3694,-1829.811,0,0.9807719,0,0.1951578;
custom,cuboid,cannonregionmat,0.11,0.01,20,1,0,1,0,1.0,1.0,2947.749,152.063,-1877.889,0,0.5572065,0,0.830374;
custom,cuboid,cannonregionmat,0.11,0.01,20,1,0,1,0,1.0,1.0,3179.309,166.8708,-1780.784,0,0.8323157,0,-0.5543019;
custom,cuboid,cannonregionmat,0.11,0.01,45,1,0,1,0,1.0,1.0,2943.763,152.1451,-2122.966,0,0.9800088,0,0.1989542;
custom,cuboid,cannonregionmat,0.11,0.01,45,1,0,1,0,1.0,1.0,3237.479,167.3674,-2243.268,0,0.8318356,0,-0.5550221;
custom,cuboid,cannonregionmat,0.11,0.01,45,1,0,1,0,1.0,1.0,3357.997,167.2421,-1949.728,0,0.1974006,0,-0.9803229;
custom,arc180,default,.5,.5,.5,1,0,0,0,1.0,1.0,3068.538,165.2591,-1826.206,-0.1335234,0.7004749,0.6939218,0.09989563;
custom,cuboid,default,.1,1,0.1,1,0,0,0,1.0,1.0,3059.479,164.7958,-1830.81,0,0.1933224,0,-0.9811353;
custom,killCuboid,empty,.1,1,0.1,1,0,0,0,1.0,1.0,3057.458,164.5677,-1831.318,-0.03632818,0.1811465,0.1932458,-0.9635986;
custom,killCuboid,empty,.1,1,0.1,1,0,0,0,1.0,1.0,3055.733,165.139,-1831.765,0,0.9827836,0,0.1847604;
custom,arc180,cannonregionmat,5,2,5,1,0,1,0,1.0,1.0,3188.02,181.2165,-2013.844,0,0.9831808,0,0.1826351;
custom,cuboid,cannonregionmat,1,1,10,1,0,1,0,1.0,1.0,3117.437,181.3695,-2039.469,0,0.9853954,0,0.1702821;
custom,cuboid,cannonregionmat,1,1,10,1,0,1,0,1.0,1.0,3135.577,181.4276,-2031.446,0,0.9360669,0,0.3518223;
custom,cuboid,cannonregionmat,1,1,10,1,0,1,0,1.0,1.0,3152.324,181.4468,-2026.08,0,0.9847204,0,0.1741429;
custom,torus,cannonregionmat,20,2,20,1,0,1,0,1.0,1.0,3154.998,183.423,-2039.624,1.106007E-10,0.9869211,8.693475E-12,0.1612042;
custom,torus,cannonregionmat,1,1,1,1,0,1,0,1.0,1.0,2968.484,184.9665,-2104.56,0,0.9732589,0,0.229711;
custom,torus,cannonregionmat,1,1,1,1,0,1,0,1.0,1.0,3043.252,184.9068,-1932.703,0,0.9709482,0,-0.2392896;
custom,torus,cannonregionmat,5,1,5,1,0,1,0,1.0,1.0,3327.555,184.8779,-2082.397,0,0.9999999,0,0.0005335371;
custom,torus,cannonregionmat,5,1,5,1,0,1,0,1.0,1.0,2997.696,184.8512,-1940.872,0,0.9037514,0,-0.4280576;
custom,cuboid,bombexplosiontex,1,1,0.01,1,0,1,0,1000,1000,3341.793,193.1145,-2075.872,0,0.8846635,0,0.46623;
custom,cuboid,bombexplosiontex,1,3,0.01,1,0,1,0,1000,1000,3331.109,193.7834,-2085.491,0,0.1756386,0,-0.9844548;
custom,cuboid,bombexplosiontex,3,1,0.01,1,0,1,0,1000,1000,3321.27,193.1874,-2088.622,0,-0.1768057,0,-0.9842458;
custom,cuboid,default,.5,.5,0.01,1,0,1,0,1.0,1.0,3338.031,192.6714,-2077.821,0,0.8989238,0,0.4381051;
custom,cuboid,default,.5,.5,0.01,1,0,1,0,1.0,1.0,3339.364,194.6972,-2075.381,0,0.9486362,0,0.3163691;
custom,cuboid,default,.5,.5,0.01,1,0,1,0,1.0,1.0,3331.662,193.0446,-2085.541,0,0.9850531,0,0.1722511;
custom,cuboid,default,.5,.5,0.01,1,0,1,0,1.0,1.0,3310.402,192.7694,-2084.409,0,0.9817744,0,-0.1900501;
custom,cuboid,default,48,3,48,1,0,0,0,1.0,1.0,3162.067,225.9465,-2041.052,0,0.9797125,0,0.2004081;
custom,cuboid,cannonregionmat,45,3,45,1,0,1,0,1.0,1.0,3153.335,236.9437,-2039.394,0,0.9802991,0,0.1975189;
custom,cuboid,default,48,3,48,1,0,0,0,1.0,1.0,3161.069,260.0378,-2044.043,0,0.9807081,0,0.1954782;
custom,cylinder,default,50,.5,50,1,0,0,0,1.0,1.0,2222.637,31.35301,-1602.2,0,0.9998099,0,-0.01949751;
custom,arc180,default,20,3,20,1,0,0,0,1.0,1.0,2194.276,42.94844,-1715.279,0,0.6637183,0,-0.7479827;
custom,arc180,default,20,3,20,1,0,0,0,1.0,1.0,2185.164,43.2694,-1517.3,0,0.6002885,0,0.7997836;
custom,arc180,default,19.9,.1,19.9,1,1,0,0,1.0,1.0,2194.986,46.10842,-1714.802,0,0.6637183,0,-0.7479827;
custom,arc180,bombexplosiontex,19.9,.1,19.9,1,1,0,0,1.0,1.0,2185.164,46.54944,-1517.3,0,0.6002884,0,0.7997836;
custom,arc180,bombexplosiontex,20.1,.1,20.1,1,1,0,0,1.0,1.0,2194.637,45.98842,-1715.895,0,0.6637183,0,-0.7479827;
custom,arc180,default,20.1,.1,20.1,1,1,0,0,1.0,1.0,2185.164,46.54944,-1517.3,0,0.6002884,0,0.7997836;
custom,tube,default,35,2,35,1,0,0,0,1.0,1.0,2218.107,56.78816,-1614.662,0,0.7504469,0,0.6609308;
custom,arc180,bombexplosiontex,15,1,15,1,1,0,0,1000,1000,2132.516,46.03944,-1613.57,0.007439984,0.01205859,0.1120232,-0.9936046;
custom,cuboid,bombexplosiontex,0.1,0.1,5,1,1,0,0,1000,1000,2438.644,36.11171,-1641.613,0,0.6903606,0,-0.7234654;
custom,cuboid,bombexplosiontex,0.1,0.1,5,1,1,0,0,1000,1000,2435.134,36.06301,-1549.848,0,0.7992029,0,-0.6010614;
custom,cuboid,bombexplosiontex,0.1,3,8.5,1,1,0,0,1000,1000,2394.148,79.20572,-1518.615,0,0.2284521,0,-0.9735552;
custom,cuboid,bombexplosiontex,0.1,3,8.5,1,1,0,0,1000,1000,2415.158,79.11733,-1595.045,0,0.03804232,0,-0.9992762;
custom,cuboid,bombexplosiontex,0.1,3,8.5,1,1,0,0,1000,1000,2405.222,79.36435,-1675.099,0,0.9869604,0,-0.1609639;
custom,cuboid,bombexplosiontex,0.1,3,8.5,1,1,0,0,1000,1000,2364.551,79.26991,-1745.317,0,0.9354007,0,-0.3535895;
custom,cuboid,bombexplosiontex,0.1,3,8.5,1,1,0,0,1000,1000,2303.166,79.52174,-1792.626,0,0.853448,0,-0.5211781;
custom,cuboid,bombexplosiontex,0.1,3,8.5,1,1,0,0,1000,1000,2344.396,78.98204,-1454.314,0,0.9096382,0,0.4154017;
custom,cuboid,bombexplosiontex,0.1,3,8.5,1,1,0,0,1000,1000,2276.626,79.28983,-1416.008,0,0.8136092,0,0.5814122;
custom,cuboid,bombexplosiontex,0.1,3,8.5,1,1,0,0,1000,1000,2198.022,77.78667,-1405.96,0,0.7301079,0,-0.6833319;
custom,cuboid,bombexplosiontex,0.1,3,8.5,1,1,0,0,1000,1000,2119.209,78.02789,-1427.634,0,0.8521893,0,-0.5232337;
custom,cuboid,bombexplosiontex,0.1,3,8.5,1,1,0,0,1000,1000,2057.835,78.17439,-1474.76,0,0.93551,0,-0.3533002;
custom,cuboid,bombexplosiontex,0.1,3,8.5,1,1,0,0,1000,1000,2016.919,78.27861,-1545.032,0,0.9868579,0,-0.1615908;
custom,cuboid,bombexplosiontex,0.1,3,8.5,1,1,0,0,1000,1000,2006.758,77.9696,-1624.298,0,0.9993932,0,0.03483233;
custom,cuboid,bombexplosiontex,0.1,3,8.5,1,1,0,0,1000,1000,2027.838,78.076,-1701.193,0,0.9728302,0,0.2315197;
custom,cuboid,bombexplosiontex,0.1,3,8.5,1,1,0,0,1000,1000,2077.439,78.43729,-1764.739,0,0.9102372,0,0.4140872;
custom,cuboid,bombexplosiontex,0.1,3,8.5,1,1,0,0,1000,1000,2145.644,78.74289,-1803.802,0,0.8116561,0,0.5841357;
custom,cuboid,bombexplosiontex,0.1,3,8.5,1,1,0,0,1000,1000,2225.519,78.51474,-1814.081,0,0.682483,0,0.7309016;
custom,torus,bombexplosiontex,20,1,20,1,1,0,0,1.0,1.0,2205.998,34.48608,-1618.715,0,0.6714552,0,-0.7410452;
custom,cylinder,bombexplosiontex,50.1,.01,50.1,1,1,0,0,1000,1000,2222.637,31.35301,-1602.2,0,0.9998099,0,-0.01949751;
custom,tube,bombexplosiontex,35.1,0.1,35.1,1,1,0,0,1000,1000,2218.107,56.78816,-1614.662,0,0.7504469,0,0.6609308;
custom,torus,bombexplosiontex,15,1,15,1,1,0,0,1000,1000,2220.233,34.99848,-1609.391,0,0.9995677,0,0.02939917;
custom,torus,bombexplosiontex,1,1,1,1,0,0,0,1000,1000,2176.844,39.75248,-1494.112,0.01828614,0.8057991,-0.01342878,-0.5917543;
custom,torus,bombexplosiontex,1,1,1,1,0,0,0,1000,1000,2143.038,47.51392,-1509.58,0,0.7224686,0,-0.6914038;
custom,torus,bombexplosiontex,1,1,1,1,0,0,0,1000,1000,2104.218,55.61047,-1549.755,0,0.4424456,0,-0.8967954;
custom,torus,bombexplosiontex,1,1,1,1,0,0,0,1000,1000.0,2089.777,58.46622,-1590.551,0,0.7072418,0,-0.7069718;
custom,torus,bombexplosiontex,1,1,1,1,0,0,0,1000,1000,2089.597,57.93037,-1640.268,0,0.6805464,0,-0.732705;
custom,torus,bombexplosiontex,1,1,1,1,0,0,0,1000,1000,2107.277,53.37174,-1685.202,0,0.8860938,0,-0.463506;
custom,torus,bombexplosiontex,1,1,1,1,0,0,0,1000,1000,2139.834,45.46274,-1718.397,0,0.8860938,0,-0.463506;
custom,torus,bombexplosiontex,1,1,1,1,0,0,0,1000,1000,2175.809,37.25445,-1732.252,0,0.8789152,0,-0.4769781;
custom,torus,bombexplosiontex,3,3,3,1,1,0,0,1000,1000,2428.002,32.14142,-1517.655,0,0.9847654,0,0.1738885;
custom,torus,bombexplosiontex,3,3,3,1,1,0,0,1000,1000,2364.725,32.23374,-1434.959,0,0.9206009,0,-0.3905049;
custom,torus,bombexplosiontex,3,3,3,1,1,0,0,1000,1000,2268.67,32.40873,-1391.342,0,0.9940834,0,-0.1086195;
custom,torus,bombexplosiontex,3,3,3,1,1,0,0,1000,1000,2421.6,32.39138,-1695.742,0,0.5077631,0,-0.8614967;
custom,torus,bombexplosiontex,3,3,3,1,1,0,0,1000,1000,2381.249,32.35929,-1760.527,0,0.5077631,0,-0.8614967;
custom,torus,bombexplosiontex,3,3,3,1,1,0,0,1000,1000,2314.778,32.76653,-1807.295,0,0.3484211,0,-0.9373381;
custom,cylinder,default,45,1.5,45,1,0,0,0,1.0,1.0,2219.701,102.8893,-1601.454,0,0.782798,0,-0.6222759;
custom,killCuboid,bombexplosiontex,0.1,3,10,1,1,0,0,1000,1000,2388.662,41.50012,-1607.466,0,0.0007993349,0,-0.9999997;
custom,cuboid,default,35,10,35,1,0,0,0,1.0,1.0,2890.964,45.49247,-1324.294,0,0.7025493,0,0.7116351;
custom,cuboid,default,35.1,0.1,35.1,1,0,1,1,1.0,1.0,2890.964,45.49247,-1324.294,0,0.7025493,0,0.7116351;
custom,cuboid,default,35.1,0.1,35.1,1,0,1,1,1.0,1.0,2890.964,45.49247,-1324.294,0,0.7025493,0,0.7116351;
custom,cuboid,default,35.1,3,35.1,1,0,1,1,1.0,1.0,2890.964,69.25242,-1324.294,0,0.7025493,0,0.7116351;
custom,cuboid,default,5,25,5,1,0,0,0,1.0,1.0,2738.678,125.9456,-1113.929,0,0.7081756,0,0.7060363;
custom,cuboid,default,.1,1,.1,1,0,1,1,1.0,1.0,2714.109,234.5673,-1093.204,0,0.7173402,0,0.696723;
custom,cuboid,default,.1,1,.1,1,0,1,1,1.0,1.0,2714.017,234.5881,-1103.37,0,0.7004148,0,0.7137361;
custom,cuboid,default,.1,1,.1,1,0,1,1,1.0,1.0,2729.315,209.7294,-1089.234,0,0.9992861,0,0.03778031;
custom,cuboid,default,.1,1,.1,1,0,1,1,1.0,1.0,2718.988,210.1498,-1089.313,0,0.9966866,0,0.0813371;
custom,cuboid,default,.1,1,.1,1,0,1,1,1.0,1.0,2713.68,218.902,-1135.097,0,0.6388846,0,0.7693027;
custom,cuboid,default,.1,1,.1,1,0,1,1,1.0,1.0,2714.04,218.6934,-1126.27,0,0.7065953,0,0.7076179;
custom,cuboid,default,.1,1,.1,1,0,1,1,1.0,1.0,2714.027,208.9375,-1126.209,0,0.6798541,0,0.7333475;
custom,cuboid,default,.1,1,.1,1,0,1,1,1.0,1.0,2714.095,208.9377,-1117.08,0,0.6798541,0,0.7333475;
custom,torus,default,10,5,10,1,0,1,1,1.0,1.0,2879.606,88.60444,-1320.595,0,0.7173005,0,0.696764;
custom,cuboid,default,.1,1,.1,1,0,1,1,1.0,1.0,2714.097,176.7327,-1111.761,0,0.6750041,0,0.737814;
custom,cuboid,default,.1,1,.1,1,0,1,1,1.0,1.0,2713.787,176.4082,-1103.432,0,0.6925132,0,0.7214053;
custom,cuboid,default,.1,1,.1,1,0,1,1,1.0,1.0,2755.773,101.8354,-1089.45,0,0.9999866,0,0.005176596;
custom,cuboid,default,.1,1,.1,1,0,1,1,1.0,1.0,2746.002,102.2693,-1087.94,0,0.9994909,0,-0.03190624;
custom,cuboid,default,.1,1,.1,1,0,1,1,1.0,1.0,2713.931,99.5759,-1123.183,0,0.7202845,0,0.6936788;
custom,cuboid,default,.1,1,.1,1,0,1,1,1.0,1.0,2713.929,99.82941,-1131.629,0,0.6813973,0,0.7319138;
custom,cuboid,default,.1,1,.1,1,0,1,1,1.0,1.0,2763.703,191.9117,-1122.656,0,0.6316648,0,-0.7752416;
custom,cuboid,default,.1,1,.1,1,0,1,1,1.0,1.0,2764.28,192.129,-1114.526,0,0.6076962,0,-0.7941696;
custom,cuboid,default,.1,1,.1,1,0,1,1,1.0,1.0,2763.95,153.4065,-1105.499,0,0.769387,0,-0.6387829;
custom,cuboid,default,.1,1,.1,1,0,1,1,1.0,1.0,2763.54,153.5078,-1097.188,0,0.769387,0,-0.6387829;
custom,cuboid,default,.1,1,.1,1,0,1,1,1.0,1.0,2735.583,159.7273,-1138.598,0,0.02095337,0,0.9997805;
custom,cuboid,default,.1,1,.1,1,0,1,1,1.0,1.0,2743.264,159.9686,-1139.165,0,0.02095337,0,0.9997805;
custom,cuboid,default,1,.1,.1,1,0,1,1,1.0,1.0,2713.76,239.3419,-1098.7,0,0.69503,0,0.7189808;
custom,cuboid,default,1,.1,.1,1,0,1,1,1.0,1.0,2713.957,229.7381,-1098.455,0,0.6940207,0,0.719955;
custom,cuboid,default,1,.1,.1,1,0,1,1,1.0,1.0,2713.88,223.2588,-1130.549,0,0.7156835,0,0.6984248;
custom,cuboid,default,1,.1,.1,1,0,1,1,1.0,1.0,2713.923,203.8307,-1121.736,0,0.7156835,0,0.6984248;
custom,cuboid,default,2,.1,.1,1,0,1,1,1.0,1.0,2713.984,213.7932,-1126.249,0,0.7156835,0,0.6984248;
custom,cuboid,default,1,.1,.1,1,0,1,1,1.0,1.0,2713.977,171.6493,-1107.697,0,0.7002736,0,0.7138746;
custom,cuboid,default,1,.1,.1,1,0,1,1,1.0,1.0,2714.048,181.6953,-1107.566,0,0.7033754,0,0.7108186;
custom,cuboid,default,1,.1,.1,1,0,1,1,1.0,1.0,2713.656,104.9522,-1127.639,0,0.6716981,0,0.7408251;
custom,cuboid,default,1,.1,.1,1,0,1,1,1.0,1.0,2713.615,94.39149,-1127.361,0,0.6716981,0,0.7408251;
custom,cuboid,default,1,.1,.1,1,0,1,1,1.0,1.0,2724.524,214.3821,-1088.734,0,0.9999861,0,0.005269817;
custom,cuboid,default,1,.1,.1,1,0,1,1,1.0,1.0,2723.932,204.8504,-1089.085,0,0.9997814,0,-0.02090866;
custom,cuboid,default,1,.1,.1,1,0,1,1,1.0,1.0,2751.128,106.5465,-1088.511,0,0.9997334,0,-0.02308859;
custom,cuboid,default,1,.1,.1,1,0,1,1,1.0,1.0,2750.372,97.62959,-1089.103,0,0.9999258,0,-0.01218234;
custom,cuboid,default,1,.1,.1,1,0,1,1,1.0,1.0,2763.482,196.9207,-1118.827,0,0.6762981,0,-0.7366281;
custom,cuboid,default,1,.1,.1,1,0,1,1,1.0,1.0,2763.51,187.3137,-1118.749,0,0.6762981,0,-0.7366281;
custom,cuboid,default,1,.1,.1,1,0,1,1,1.0,1.0,2763.425,158.1912,-1101.664,0,0.6890522,0,-0.7247118;
custom,cuboid,default,1,.1,.1,1,0,1,1,1.0,1.0,2763.396,148.7077,-1101.903,0,0.6890522,0,-0.7247118;
custom,cuboid,default,1,.1,.1,1,0,1,1,1.0,1.0,2739.416,164.0266,-1138.588,0,0.01865523,0,0.999826;
custom,cuboid,default,1,.1,.1,1,0,1,1,1.0,1.0,2738.82,154.6536,-1138.554,0,0.01865523,0,0.999826;
custom,cuboid,default,0.1,3,18,1,0,0,0,1.0,1.0,3168.371,19.44674,-1497.564,0,0.7079713,0,-0.7062413;
custom,cuboid,default,0.1,3,18,1,0,0,0,1.0,1.0,3387.37,18.99051,-1497.481,0,0.7064219,0,0.7077911;
custom,torus,bombexplosiontex,5,.1,5,1,1,1,0,1000,1000,3274.8,13.542,-1498.012,0.4993792,0.4976392,-0.50236,-0.5006098;
custom,cuboid,default,0.1,3,40,1,0,0,0,1.0,1.0,3078.923,19.52731,-1298.157,0,-0.0001561328,0,-1;
custom,cuboid,default,0.1,3,40,1,0,0,0,1.0,1.0,3477.926,19.18978,-1297.736,0,0.0007491237,0,0.9999997;
custom,cuboid,default,0.1,3,40,1,0,0,0,1.0,1.0,3277.705,18.8555,-1098.153,0,0.7075081,0,-0.7067052;
custom,cuboid,bombexplosiontex,40.1,.1,35,1,1,1,0,1000,1000,3303.084,33.69177,-1297.652,0,0.7074321,0,-0.7067814;
custom,cuboid,bombexplosiontex,40.1,.1,35,1,1,1,0,1000,1000,3278.164,32.95508,-1323.237,0,-0.0004161655,0,0.9999999;
custom,cuboid,bombexplosiontex,0.2,.1,18.1,1,1,1,0,1000,1000,3168.371,19.44674,-1497.564,0,0.7079713,0,-0.7062413;
custom,cuboid,bombexplosiontex,0.2,.1,18.1,1,1,1,0,1000,1000,3387.37,20.19054,-1497.481,0,0.7064219,0,0.7077911;
custom,cuboid,bombexplosiontex,0.2,.1,40.1,1,1,1,0,1000,1000,3078.923,19.52731,-1298.157,0,-0.0001561328,0,-1;
custom,cuboid,bombexplosiontex,0.2,.1,40.1,1,1,1,0,1000,1000,3477.926,20.0698,-1297.736,0,0.0007491238,0,0.9999998;
custom,cuboid,bombexplosiontex,0.2,.1,40.1,1,1,1,0,1000,1000,3277.705,18.8555,-1098.153,0,0.7075081,0,-0.7067052;
custom,killCylinder,empty,5,.05,5,1,0,0,0,1.0,1.0,3277.488,10.89425,-1495.954,0.503894,0.4799031,-0.5217844,-0.4934826;
custom,torus,bombexplosiontex,15,5,15,1,1,1,0,1000,1000,3284.174,-1.231621,-1289.639,0,0.01113549,0,0.999938;
custom,cuboid,default,40,2,40,1,0,0,0,1.0,1.0,3278.444,-4.256157,-1297.254,0,0.001282479,0,0.9999992;
custom,cuboid,default,0.1,1,0.1,1,1,1,0,1.0,1.0,3277.154,18.73297,-1496.702,0,0.02621994,0,0.9996562;
custom,cuboid,default,1,.1,0.1,1,1,1,0,1.0,1.0,3276.585,23.94677,-1496.835,0,0.002217431,0,0.9999976;
custom,cuboid,bombexplosiontex,0.099,12,40,1,1,1,0,1000,1000,3079.064,19.48731,-1298.249,0,-0.0001561328,0,-1;
custom,cuboid,bombexplosiontex,0.075,12,40,1,1,1,0,1000,1000,3477.839,20.0698,-1297.758,0,0.0007491237,0,0.9999997;
custom,cuboid,bombexplosiontex,0.075,12,40,1,1,1,0,1000,1000,3277.705,18.8555,-1098.153,0,0.7075081,0,-0.7067052;
custom,cuboid,bombexplosiontex,.099,4,40,1,1,1,0,1000,1000,3277.707,52.73425,-1497.543,0,0.7076491,0,-0.7065641;
custom,cuboid,default,41,3,41,1,0,0,0,1.0,1.0,3273.724,77.32066,-1301.728,0,0.7068113,0,-0.7074022;
custom,cylinder,metal4,100,1,100,0,0,0,0,50,50,4016.47,-3.430955,-1001.099,0,-0.1233205,0,0.9923669;
custom,arc180,metal4,53,5,53,1,0,0,0,1.0,1.0,3749.724,12.32699,-926.4686,0,0.02045356,0,-0.9997908;
custom,arc180,metal4,53,5,53,1,0,0,0,1.0,1.0,4259.949,13.15308,-911.0454,0,0.998514,0,0.0544965;
custom,cuboid,metal4,10,.1,2.5,1,0,0,0,1.0,1.0,4042.826,13.38717,-1434.33,0.09191934,0.6925597,-0.08078324,-0.7109051;
custom,cuboid,metal4,10,1,25,1,0,0,0,1.0,1.0,4177.677,29.66795,-1407.467,0,0.6233896,0,0.7819114;
custom,cuboid,metal4,10,1,25,1,0,0,0,1.0,1.0,4365.395,28.99251,-1301.8,0,0.3489472,0,0.9371424;
custom,cuboid,metal4,10,1,25,1,0,0,0,1.0,1.0,4483.486,28.69234,-1106.833,0,0.1873439,0,0.9822944;
custom,cuboid,metal4,10,1,25,1,0,0,0,1.0,1.0,4510.385,28.55101,-891.3945,0,0.06631907,0,-0.9977985;
custom,cuboid,metal4,10,1,25,1,0,0,0,1.0,1.0,4434.954,28.7847,-683.5507,0,0.2786264,0,-0.9603996;
custom,cuboid,metal4,10,1,25,1,0,0,0,1.0,1.0,4278.53,28.59943,-524.7617,0,0.4764496,0,-0.8792018;
custom,cuboid,metal4,10,1,25,1,0,0,0,1.0,1.0,4068.008,28.52575,-436.4948,0,0.626668,0,-0.7792864;
custom,cuboid,metal4,10,1,25,1,0,0,0,1.0,1.0,3844.642,28.51073,-433.9291,0,0.7722481,0,-0.6353211;
custom,cuboid,metal4,10,1,25,1,0,0,0,1.0,1.0,3657.989,28.16957,-532.3203,0,0.9217478,0,-0.3877899;
custom,cuboid,metal4,10,1,25,1,0,0,0,1.0,1.0,3532.237,28.36728,-718.3235,0,0.9806424,0,-0.1958075;
custom,cuboid,metal4,10,1,25,1,0,0,0,1.0,1.0,3498.867,28.56451,-933.6292,0,0.9990983,0,0.04245717;
custom,cuboid,metal4,10,1,25,1,0,0,0,1.0,1.0,3568.217,28.97603,-1143.731,0,0.9621772,0,0.2724246;
custom,cuboid,metal4,10,1,25,1,0,0,0,1.0,1.0,3716.219,29.32793,-1325.745,0,0.9182095,0,0.3960951;
custom,cuboid,metal4,10,1,25,1,0,0,0,1.0,1.0,3903.694,29.56747,-1413.205,0,0.7566009,0,0.653877;
custom,cuboid,metal4,10,.5,6,1,0,0,0,1.0,1.0,4049.706,32.20909,-1434.613,0,0.7140163,0,0.7001291;
custom,arc180,metal4,45,5,45,1,0,0,0,1.0,1.0,4036.562,14.39006,-693.2592,0,0.727802,0,0.6857874;
custom,cuboid,metal4,5,2,5,1,0,0,0,1.0,1.0,3629.862,18.7019,-910.603,0,-0.05150157,0,-0.9986729;
custom,cuboid,metal4,2,2,5,1,0,0,0,1.0,1.0,4381.539,19.74538,-954.7441,0,0.9980425,0,-0.06253941;
custom,cuboid,bombexplosiontex,0.5,7,25,0,0,0,0,1000,1000,4398.15,64.8457,-1337.186,0,0.3486727,0,0.9372446;
custom,cuboid,bombexplosiontex,0.5,7,25,0,0,0,0,1000,1000,4527.028,64.94288,-1126.573,0,0.186801,0,0.9823978;
custom,cuboid,bombexplosiontex,0.5,7,25,0,0,0,0,1000,1000,4557.997,64.68169,-888.0394,0,0.0660153,0,-0.9978186;
custom,cuboid,bombexplosiontex,0.5,7,25,0,0,0,0,1000,1000,4476.364,64.87036,-659.8215,0,0.2782575,0,-0.9605066;
custom,cuboid,bombexplosiontex,0.5,7,25,0,0,0,0,1000,1000,4306.324,65.37431,-486.0905,0,0.4766547,0,-0.8790906;
custom,cuboid,bombexplosiontex,0.5,7,25,0,0,0,0,1000,1000,4080.953,69.67474,-389.5715,0,0.6259034,0,-0.7799006;
custom,cuboid,bombexplosiontex,0.5,7,25,0,0,0,0,1000,1000,3837.374,68.84901,-386.8546,0,0.7724988,0,-0.6350163;
custom,cuboid,bombexplosiontex,0.5,7,25,0,0,0,0,1000,1000,3626.383,69.1316,-497.8254,0,0.9217915,0,-0.3876861;
custom,cuboid,bombexplosiontex,0.5,7,25,0,0,0,0,1000,1000,3489.913,69.00794,-700.2407,0,0.9806308,0,-0.1958658;
custom,cuboid,bombexplosiontex,0.5,7,25,0,0,0,0,1000,1000,3452.361,69.04202,-937.92,0,0.9989982,0,0.04475151;
custom,cuboid,bombexplosiontex,0.5,7,25,0,0,0,0,1000,1000,3528.299,69.10896,-1167.543,0,0.9624069,0,0.2716118;
custom,cuboid,bombexplosiontex,0.5,7,25,0,0,0,0,1000,1000,3684.73,69.08469,-1358.977,0,0.9175442,0,0.3976339;
custom,cuboid,bombexplosiontex,0.5,7,25,0,0,0,0,1000,1000,3898.199,69.04108,-1461.208,0,0.7549723,0,0.6557567;
custom,cuboid,bombexplosiontex,0.5,7,25,0,0,0,0,1000,1000,4199.936,68.03628,-1456.024,0,0.6228269,0,0.7823597;
custom,cuboid,bombexplosiontex,0.5,7,6,0,0,0,0,1000,1000,4049.647,68.41199,-1481.223,0,0.739253,0,0.6734278;
custom,killCuboid,cannonregionmat,.1,.5,5,1,0,1,0,1.0,1.0,4033.531,27.62008,-1385.724,0,0.7425609,0,0.6697786;
custom,arc180,default,45,5,45,1,0,0,0,1.0,1.0,3983.421,12.62477,-1169.667,0,0.679305,0,-0.7338561;
custom,killCuboid,empty,.5,1,5,1,0,0,0,1.0,1.0,4375.963,7.202845,-956.5432,0,0.004954734,0,0.9999877;
custom,killCuboid,empty,5,1,5,1,1,1,1,1.0,1.0,4403.372,19.956,-957.4429,0,0.01916681,0,0.9998163;
custom,killCuboid,empty,5,.5,5,1,1,1,1,1.0,1.0,3601.219,22.3397,-911.097,0,0.9971581,0,-0.07533778;
custom,cuboid,bombexplosiontex,.5,10,15,1,1,1,1,1000,1000,4290.065,71.04179,-1164.377,0,0.9449894,0,-0.3271011;
custom,cuboid,bombexplosiontex,.5,10,15,1,1,1,1,1000,1000,4189.83,70.59885,-1252.573,0,0.8628004,0,-0.5055448;
custom,cuboid,bombexplosiontex,.5,10,15,1,1,1,1,1000,1000,4054.243,70.47073,-1299.374,0,0.6624345,0,0.7491199;
custom,cuboid,bombexplosiontex,.5,10,15,1,1,1,1,1000,1000,3911.875,69.86042,-1288.273,0,0.7974834,0,0.6033409;
custom,cuboid,bombexplosiontex,.5,10,15,1,1,1,1,1000,1000,3791.518,70.30069,-1229.214,0,0.9032516,0,0.4291114;
custom,cuboid,bombexplosiontex,.5,10,15,1,1,1,1,1000,1000,3698.14,70.63869,-1118.693,0,0.2565047,0,-0.966543;
custom,cuboid,bombexplosiontex,.5,10,15,1,1,1,1,1000,1000,3658.408,71.96176,-1010.694,0,0.9981472,0,0.06084457;
custom,cuboid,bombexplosiontex,.5,10,15,1,1,1,1,1000,1000,3671.737,73.90632,-815.3297,0,0.9911898,0,-0.1324491;
custom,cuboid,bombexplosiontex,.5,10,15,1,1,1,1,1000,1000,3727.379,72.18933,-701.2565,0,0.9375187,0,-0.3479349;
custom,cuboid,bombexplosiontex,.5,10,15,1,1,1,1,1000,1000,3835.079,72.2486,-609.9742,0,0.8659342,0,-0.500158;
custom,cuboid,bombexplosiontex,.5,10,15,1,1,1,1,1000,1000,3963.214,71.99313,-564.5229,0,0.7491893,0,-0.662356;
custom,cuboid,bombexplosiontex,.5,10,15,1,1,1,1,1000,1000,4104.279,71.88524,-572.2143,0,0.6109905,0,-0.791638;
custom,cuboid,bombexplosiontex,.5,10,15,1,1,1,1,1000,1000,4352.465,70.61344,-1047.007,0,0.9918767,0,-0.1272032;
custom,cuboid,bombexplosiontex,.5,10,15,1,1,1,1,1000,1000,3652.298,73.08248,-903.6472,0,0.9994164,0,-0.03416152;
custom,cuboid,bombexplosiontex,.5,10,15,1,1,1,1,1000,1000,4366.25,72.55501,-861.0903,0,0.9976324,0,0.06877171;
custom,cuboid,bombexplosiontex,.5,10,15,1,1,1,1,1000,1000,4226.888,73.37587,-630.9303,0,0.4429803,0,-0.8965314;
custom,cuboid,bombexplosiontex,.5,10,15,1,1,1,1,1000,1000,4320.248,73.03413,-731.3649,0,0.2793234,0,-0.9601971;
custom,cuboid,bombexplosiontex,.5,10,15,1,1,1,1,1000,1000,4372.983,72.19099,-948.1054,0,0.05324844,0,0.9985813;
custom,cylinder,default,135,1,135,1,0,0,0,1.0,1.0,4090.388,107.4832,-924.9232,0,0.7625557,0,0.6469226;
custom,cuboid,default,5,1,5,1,1,1,1,1.0,1.0,3540.679,26.71754,-1043.204,0,0.9842973,0,0.176519;
custom,cuboid,default,5,1,5,1,1,1,1,1.0,1.0,3653.583,24.61343,-1228.932,0,0.9406293,0,0.3394356;
custom,cuboid,default,5,1,5,1,1,1,1,1.0,1.0,3810.198,28.6393,-1367.43,0,0.8508677,0,0.52538;
custom,cuboid,default,5,1,5,1,1,1,1,1.0,1.0,4278.768,26.80482,-1351.323,0,0.5151165,0,0.8571203;
custom,cuboid,default,5,1,5,1,1,1,1,1.0,1.0,4420.251,26.55836,-1194.878,0,0.2752995,0,0.9613585;
custom,cuboid,default,5,1,5,1,1,1,1,1.0,1.0,4494.149,24.22119,-991.4819,0,0.9998539,0,-0.01709384;
custom,cuboid,default,5,1,5,1,1,1,1,1.0,1.0,4469.139,27.20069,-796.075,0,0.1576743,0,-0.9874912;
custom,cuboid,default,5,1,5,1,1,1,1,1.0,1.0,4347.449,27.09464,-602.7899,0,0.4067011,0,-0.9135613;
custom,cuboid,default,5,1,5,1,1,1,1,1.0,1.0,4159.354,26.64572,-484.4233,0,0.5824512,0,-0.8128657;
custom,cuboid,default,5,1,5,1,1,1,1,1.0,1.0,3955.004,27.05948,-442.2804,0,0.7024456,0,-0.7117375;
custom,cuboid,default,5,1,5,1,1,1,1,1.0,1.0,3747.034,26.5784,-487.2456,0,0.859841,0,-0.5105619;
custom,cuboid,default,5,1,5,1,1,1,1,1.0,1.0,3599.184,24.95555,-633.8477,0,0.9589381,0,-0.2836155;
custom,cuboid,default,5,1,5,1,1,1,1,1.0,1.0,3521.262,26.37112,-823.5914,0,0.9973766,0,-0.07238694;
custom,cuboid,default,5,.1,.1,1,1,1,1,1.0,1.0,4037.279,13.26083,-1434.978,0.0003308878,-0.6731811,0.1686205,-0.7199961;
custom,cuboid,default,5,.1,.1,1,1,1,1,1.0,1.0,4049.602,13.32547,-1434.583,0.01413028,-0.6590472,0.1524028,-0.736363;
custom,cuboid,metal4,.1,3,35,1,0,0,0,1.0,1.0,2895.071,18.62949,1532.171,0,0.7115048,0,0.7026814;
custom,cuboid,metal4,.1,3,35,1,0,0,0,1.0,1.0,2889.96,18.11344,1183.4,0,0.7121781,0,0.7019989;
custom,cuboid,metal4,.1,3,35,1,0,0,0,1.0,1.0,3066.897,18.65642,1355.83,0,0.9999624,0,-0.008668717;
custom,cuboid,metal4,.1,3,16,1,0,0,0,1.0,1.0,2718.726,18.23624,1454.071,0,0.9999748,0,-0.007094826;
custom,cuboid,bombexplosiontex,.2,.1,35.1,1,1,1,0,1000,1000,2889.96,19.87344,1183.4,0,0.7121781,0,0.7019989;
custom,cuboid,bombexplosiontex,.2,.1,35.1,1,1,1,0,1000,1000,3066.897,19.69642,1355.83,0,0.9999624,0,-0.008668716;
custom,cuboid,bombexplosiontex,.2,.1,16.1,1,1,1,0,1000,1000,2718.726,19.79624,1454.071,0,0.9999748,0,-0.007094825;
custom,cuboid,bombexplosiontex,.2,.1,16.1,1,1,1,0,1000,1000,2716.492,19.65028,1266.022,0,0.005957296,0,0.9999823;
custom,cuboid,metal4,35,1,35,1,0,0,0,1.0,1.0,2891.649,0.8122,1358.066,0,0.7120176,0,0.7021617;
custom,cuboid,bombexplosiontex,.2,.1,35.1,1,1,1,0,1000,1000,2895.355,19.62935,1531.738,0,0.7114564,0,0.7027302;
custom,killCuboid,bombexplosiontex,.1,3,3,1,1,1,0,1000,1000,2717.672,18.04367,1360.484,0,0.9999943,0,-0.003384712;
custom,cuboid,metal4,.1,3,16,1,0,0,0,1.0,1.0,2716.213,18.95088,1266.85,0,0.9999806,0,-0.006221357;
custom,cuboid,metal4,15,1,35,1,0,0,0,1.0,1.0,2791.915,32.85849,1359.007,0,0.006824402,0,0.9999768;
custom,cuboid,metal4,15,1,35,1,0,0,0,1.0,1.0,2992.548,32.85359,1356.588,0,-0.008270609,0,-0.9999658;
custom,cuboid,metal4,15,1,35,1,0,0,0,1.0,1.0,2894.012,32.83438,1459.345,0,0.7003124,0,-0.7138366;
custom,cylinder,bombexplosiontex,3,4,3,1,1,1,0,1.0,1.0,2892.565,46.12076,1358.155,0,0.6677612,0,-0.7443756;
custom,sphere,bombexplosiontex,3,3,3,1,1,1,0,1.0,1.0,2888.461,51.23994,1239.019,0,0.6975148,0,0.7165704;
custom,sphere,bombexplosiontex,3,3,3,1,1,1,0,1.0,1.0,3003.784,52.53712,1353.294,0,0.7089247,0,-0.7052842;
custom,sphere,bombexplosiontex,3,3,3,1,1,1,0,1.0,1.0,2886.545,63.35519,1487.771,0,0.9998894,0,-0.01487562;
custom,sphere,bombexplosiontex,3,3,3,1,1,1,0,1.0,1.0,2771.418,50.53415,1360.979,0,0.7021813,0,0.7119982;
custom,cuboid,bombexplosiontex,.1,4,35,1,1,1,0,1000,1000,2889.038,57.84569,1182.329,0,0.7005346,0,-0.7136186;
custom,cuboid,bombexplosiontex,.1,4,35,1,1,1,0,1000,1000,3066.808,57.95887,1353.938,0,0.008106377,0,0.9999672;
custom,cuboid,bombexplosiontex,.1,4,35,1,1,1,0,1000,1000,2895.145,58.20152,1532.384,0,0.7009271,0,-0.7132331;
custom,cuboid,bombexplosiontex,.1,4,35,1,1,1,0,1000,1000,2718.499,58.10659,1359.581,0,0.9999687,0,-0.007914843;
custom,cuboid,metal4,36,2,36,1,0,0,0,1.0,1.0,2887.119,85.93674,1357.421,0,0.7162644,0,0.6978289;
custom,cuboid,metal4,15,1,35,1,0,0,0,1.0,1.0,2891.117,32.88414,1256.916,0,0.713628,0,0.7005249;
custom,torus,default,15,1,15,1,1,1,0,1.0,1.0,2895.821,4.408836,1355.701,0,0.7279307,0,0.6856508;
custom,torus,default,15,1,15,1,1,1,0,1.0,1.0,2908.491,36.41504,1368.567,0,0.708194,0,0.706018;
custom,cuboid,default,.1,1,.1,1,0,0,0,1.0,1.0,2717.126,19.68527,1363.457,0,0.714322,0,0.6998173;
custom,cuboid,default,.5,.1,.1,1,0,0,0,1.0,1.0,2717.353,15.19573,1360.437,0,0.7158433,0,0.698261;
custom,cuboid,metal4,10,1,10,0,1,1,1,1.0,1.0,2768.739,0.637045,1121.333,0,0.7095182,0,0.7046872;
custom,cuboid,metal4,.1,35,10,1,0,0,0,1.0,1.0,2818.196,179.4214,1120.943,0,0.0007929812,0,0.9999997;
custom,cuboid,metal4,.1,35,10,1,0,0,0,1.0,1.0,2768.55,179.2361,1071.68,0,0.7085834,0,0.7056271;
custom,cuboid,metal4,.1,34,10,1,0,0,0,1.0,1.0,2719.174,182.8671,1122.052,0,-0.003156903,0,0.999995;
custom,killCuboid,bombexplosiontex,.1,1,10,1,0,1,1,1000,1000,2719.504,10.15856,1121.879,0,-0.004757725,0,0.9999887;
custom,cylinder,bombexplosiontex,2,17,2,1,0,1,1,1.0,1.0,2768.465,177.2341,1127.899,0,0.6961296,0,0.7179161;
custom,cuboid,metal4,.1,35,10,1,0,0,0,1.0,1.0,2767.819,178.007,1170.959,0,0.7095045,0,0.7047009;
custom,sphere,bombexplosiontex,1,1,1,1,0,1,1,1.0,1.0,2769.372,10.16759,1101.237,0,0.6976175,0,0.7164704;
custom,sphere,bombexplosiontex,1,1,1,1,0,1,1,1.0,1.0,2797.081,28.98247,1133.116,0,0.7311882,0,0.6821758;
custom,sphere,bombexplosiontex,1,1,1,1,0,1,1,1.0,1.0,2765.711,54.36743,1151.858,0,0.6850032,0,0.7285401;
custom,sphere,bombexplosiontex,1,1,1,1,0,1,1,1.0,1.0,2741.48,69.96473,1126.322,0,0.7084683,0,0.7057427;
custom,sphere,bombexplosiontex,1,1,1,1,0,1,1,1.0,1.0,2763.241,88.32799,1096.642,0,0.6673132,0,0.7447773;
custom,sphere,bombexplosiontex,1,1,1,1,0,1,1,1.0,1.0,2787.346,114.4947,1125.14,0,0.04335028,0,0.99906;
custom,sphere,bombexplosiontex,1,1,1,1,0,1,1,1.0,1.0,2773.145,139.0563,1152.913,0,0.7444228,0,0.6677086;
custom,sphere,bombexplosiontex,1,1,1,1,0,1,1,1.0,1.0,2746.775,160.6799,1127.541,0,0.6849774,0,0.7285643;
custom,sphere,bombexplosiontex,1,1,1,1,0,1,1,1.0,1.0,2768.816,190.8996,1108.099,0,0.01555777,0,-0.999879;
custom,sphere,bombexplosiontex,1,1,1,1,0,1,1,1.0,1.0,2782.104,209.7825,1127.797,0,0.6995691,0,-0.714565;
custom,sphere,bombexplosiontex,1,1,1,1,0,1,1,1.0,1.0,2768.846,227.2704,1149.442,0,0.9996493,0,0.02648266;
custom,sphere,bombexplosiontex,1,1,1,1,0,1,1,1.0,1.0,2746.875,253.8157,1129.891,0,0.7053442,0,0.708865;
custom,sphere,bombexplosiontex,1,1,1,1,0,1,1,1.0,1.0,2768.535,279.8066,1104.245,0,0.04174989,0,-0.9991281;
custom,sphere,bombexplosiontex,1,1,1,1,0,1,1,1.0,1.0,2786.567,314.6532,1128.896,0,0.7285897,0,-0.6849504;
custom,sphere,bombexplosiontex,1,1,1,1,0,1,1,1.0,1.0,2769.405,340.5822,1145.264,0,0.9997197,0,-0.02367387;
custom,cuboid,metal4,3,1,9,0,0,0,0,1.0,1.0,2763.941,349.0748,1086.682,0,0.7051669,0,0.7090415;
custom,cuboid,metal4,3,1,9,0,0,0,0,1.0,1.0,2734.177,348.8813,1125.881,0,-0.002225763,0,-0.9999976;
custom,cuboid,metal4,3,1,9,0,0,0,0,1.0,1.0,2803.093,348.9962,1116.378,0,-0.001087044,0,-0.9999994;
custom,cuboid,metal4,3,1,9,0,0,0,0,1.0,1.0,2772.497,349.0295,1155.604,0,0.7043052,0,-0.7098973;
custom,cuboid,bombexplosiontex,.1,3,10,1,0,1,1,1000,1000,2768.505,368.9275,1072.064,0,0.7110451,0,0.7031464;
custom,cuboid,bombexplosiontex,.1,3,10,1,0,1,1,1000,1000,2719.486,368.2053,1121.393,0,-0.003743027,0,-0.999993;
custom,cuboid,bombexplosiontex,.1,3,10,1,0,1,1,1000,1000,2818.084,368.917,1121.255,0,-0.0006812354,0,-0.9999998;
custom,cuboid,bombexplosiontex,.1,3,10,1,0,1,1,1000,1000,2768.779,368.7591,1170.593,0,0.7056483,0,-0.7085623;
custom,cuboid,bombexplosiontex,12,1,12,1,0,0,0,1000,1000,2773.14,387.0837,1123.989,0,0.695034,0,-0.718977;
base,aot_supply,default,0,0,0,0,1,1,1,1.0,1.0,3860.618,34.2191,-1449.584,0,0.8880103,0,0.4598237;
base,aot_supply,default,0,0,0,0,1,1,1,1.0,1.0,3732.535,34.12773,-1384.208,0,0.9053907,0,-0.4245794;
base,aot_supply,default,0,0,0,0,1,1,1,1.0,1.0,3586.278,33.49546,-1171.404,0,0.8515091,0,-0.5243399;
base,aot_supply,default,0,0,0,0,1,1,1,1.0,1.0,3492.95,33.73473,-959.0547,0,0.6691477,0,-0.7431295;
base,aot_supply,default,0,0,0,0,1,1,1,1.0,1.0,3503.286,33.74528,-773.9302,0,0.498134,0,-0.8671001;
base,aot_supply,default,0,0,0,0,1,1,1,1.0,1.0,3690.861,33.0406,-527.9064,0,0.3563634,0,-0.9343475;
base,aot_supply,default,0,0,0,0,1,1,1,1.0,1.0,3783.817,33.00756,-417.59,0,0.06109261,0,-0.9981321;
base,aot_supply,default,0,0,0,0,1,1,1,1.0,1.0,4014.224,33.13458,-419.3667,0,0.1757524,0,0.9844344;
base,aot_supply,default,0,0,0,0,1,1,1,1.0,1.0,4232.848,33.10575,-506.3835,0,0.3337637,0,0.9426568;
base,aot_supply,default,0,0,0,0,1,1,1,1.0,1.0,4394.629,33.65507,-671.5406,0,0.4904809,0,0.8714519;
base,aot_supply,default,0,0,0,0,1,1,1,1.0,1.0,4465.335,33.1728,-865.8204,0,0.7162666,0,0.6978268;
base,aot_supply,default,0,0,0,0,1,1,1,1.0,1.0,4154.087,34.97466,-1427.132,0,0.9896431,0,0.1435499;
base,aot_supply,default,0,0,0,0,1,1,1,1.0,1.0,4334.293,33.8536,-1299.051,0,0.8787874,0,0.4772136;
base,aot_supply,default,0,0,0,0,1,1,1,1.0,1.0,4459.157,33.72736,-1085.427,0,0.8203655,0,0.5718396;
base,aot_supply,default,0,0,0,0,1,1,1,1.0,1.0,4507.356,33.13261,-921.0602,0,0.6560105,0,0.7547518;