custom,cuboid,bark4,1.25,0.1,10,1,1,1,1,0.3,1,43.75,34,0,0,1,0,0;
custom,cuboid,wood2,5,0.1,2.5,1,1,1,1,1,1,12.5,34,0,0,1,0,0;
custom,cuboid,wood2,1.5,0.1,10,1,1,1,1,0.25,1,-18.75,34,0,0,1,0,0;
custom,cuboid,wood2,2.5,0.1,2.5,1,1,1,1,0.3,0.3,-37.5,34,-37.5,0,1,0,0;
custom,cuboid,wood4,5,0.1,3.75,1,0.7,0.7,0.7,1,1,12.5,34,-31.25,0,1,0,0;
custom,cuboid,wood4,5,0.1,3.75,1,0.7,0.7,0.7,1,1,12.5,34,31.25,0,1,0,0;
custom,cuboid,metal4,2.5,0.1,2.5,1,1,1,0.7,0.7,1,-37.5,34,37.5,0,1,0,0;
custom,cuboid,bark2,2.5,0.34,0.25,1,0.7,0.7,0.7,1,0.3,-37.5,32.3,-23.75,0,1,0,0;
custom,cuboid,bark2,2.5,0.34,0.25,1,0.7,0.7,0.7,1,0.3,-37.5,30.6,-21.25,0,1,0,0;
custom,cuboid,bark2,2.5,0.34,0.25,1,0.7,0.7,0.7,1,0.3,-37.5,28.9,-18.75,0,1,0,0;
custom,cuboid,bark2,2.5,0.34,0.25,1,0.7,0.7,0.7,1,0.3,-37.5,27.2,-16.25,0,1,0,0;
custom,cuboid,bark2,2.5,0.34,0.25,1,0.7,0.7,0.7,1,0.3,-37.5,25.5,-13.75,0,1,0,0;
custom,cuboid,bark2,2.5,0.34,0.25,1,0.7,0.7,0.7,1,0.3,-37.5,23.8,-11.25,0,1,0,0;
custom,cuboid,bark2,2.5,0.34,0.25,1,0.7,0.7,0.7,1,0.3,-37.5,22.1,-8.75,0,1,0,0;
custom,cuboid,bark2,2.5,0.34,0.25,1,0.7,0.7,0.7,1,0.3,-37.5,20.4,-6.25,0,1,0,0;
custom,cuboid,bark2,2.5,0.34,0.25,1,0.7,0.7,0.7,1,0.3,-37.5,18.7,-3.75,0,1,0,0;
custom,cuboid,bark2,2.5,0.34,0.25,1,0.7,0.7,0.7,1,0.3,-37.5,17,-1.25,0,1,0,0;
custom,cuboid,bark2,2.5,0.34,0.25,1,0.7,0.7,0.7,1,0.3,-37.5,15.3,1.25,0,1,0,0;
custom,cuboid,bark2,2.5,0.34,0.25,1,0.7,0.7,0.7,1,0.3,-37.5,13.6,3.75,0,1,0,0;
custom,cuboid,bark2,2.5,0.34,0.25,1,0.7,0.7,0.7,1,0.3,-37.5,11.9,6.25,0,1,0,0;
custom,cuboid,bark2,2.5,0.34,0.25,1,0.7,0.7,0.7,1,0.3,-37.5,10.2,8.75,0,1,0,0;
custom,cuboid,bark2,2.5,0.34,0.25,1,0.7,0.7,0.7,1,0.3,-37.5,8.5,11.25,0,1,0,0;
custom,cuboid,bark2,2.5,0.34,0.25,1,0.7,0.7,0.7,1,0.3,-37.5,6.8,13.75,0,1,0,0;
custom,cuboid,bark2,2.5,0.34,0.25,1,0.7,0.7,0.7,1,0.3,-37.5,5.1,16.25,0,1,0,0;
custom,cuboid,bark2,2.5,0.34,0.25,1,0.7,0.7,0.7,1,0.3,-37.5,3.4,18.75,0,1,0,0;
custom,cuboid,bark2,2.5,0.34,0.25,1,0.7,0.7,0.7,1,0.3,-37.5,1.7,21.25,0,1,0,0;
custom,cuboid,bark2,2.5,0.34,0.25,1,0.7,0.7,0.7,1,0.3,-37.5,0,23.75,0,1,0,0;
custom,cuboid,earth2,0.05,3.4,3.75,1,1,1,1,0.3,0.3,37.5,51,-31.25,0,1,0,0;
custom,cuboid,rock1,0.05,3.4,3.75,1,1,1,1,0.01,0.01,37.495,51,-31.25,0,1,0,0;
custom,cuboid,earth2,0.05,3.4,3.75,1,1,1,1,0.3,0.3,37.5,51,31.25,0,1,0,0;
custom,cuboid,rock1,0.05,3.4,3.75,1,1,1,1,0.01,0.01,37.495,51,31.25,0,1,0,0;
custom,cuboid,rock1,0.05,3.4,3.75,1,1,1,1,0.01,0.01,-12.5,51,-31.25,0,1,0,0;
custom,cuboid,rock1,0.05,3.4,3.75,1,1,1,1,0.01,0.01,-12.5,51,31.25,0,1,0,0;
custom,cuboid,rock1,2,3.4,0.05,1,1,1,1,0.01,0.01,27.5,51,-12.5,0,1,0,0;
custom,cuboid,rock1,2,3.4,0.05,1,1,1,1,0.01,0.01,27.5,51,12.5,0,1,0,0;
custom,cuboid,rock1,1.75,3.4,0.05,1,1,1,1,0.01,0.01,-3.75,51,-12.5,0,1,0,0;
custom,cuboid,rock1,1.75,3.4,0.05,1,1,1,1,0.01,0.01,-3.75,51,12.5,0,1,0,0;
custom,cuboid,rock1,0.05,3.4,5,1,1,1,1,0.01,0,-26.25,51,0,0,1,0,0;
custom,cuboid,rock1,0.05,3.4,1.25,1,1,1,1,0.01,0.01,-26.25,51,43.75,0,1,0,0;
custom,cuboid,metal4,0.05,3.4,1.25,1,1,1,1,0.1,0.1,-26.5,51,43.75,0,1,0,0;
custom,cuboid,earth2,8.75,3.4,0.05,1,1,1,1,0.3,0.3,-6.25,51,-50,0,1,0,0;
custom,cuboid,rock1,8.75,3.4,0.05,1,1,1,1,0.01,0.01,-6.25,51,-49.9,0,1,0,0;
custom,cuboid,earth2,8.75,3.4,0.05,1,1,1,1,0.3,0.3,-6.25,51,50,0,1,0,0;
custom,cuboid,rock1,8.75,3.4,0.05,1,1,1,1,0.01,0.01,-6.25,51,49.9,0,1,0,0;
custom,cuboid,earth2,0.05,3.4,10,1,1,1,1,0.3,0.3,-50,51,0,0,1,0,0;
custom,cuboid,rock1,0.05,3.4,10,1,1,1,1,0.01,0.01,-49.9,51,0,0,1,0,0;
custom,cuboid,metal4,0.05,3.4,2.5,1,1,1,1,0.1,0.1,-49.5,51,37.5,0,1,0,0;
custom,cuboid,rock1,2.3,3.4,0.05,1,1,1,1,0.01,0.01,-37.5,51,25,0,1,0,0;
custom,cuboid,metal4,2.3,3.4,0.05,1,1,1,1,0.1,0.1,-37.5,51,25.1,0,1,0,0;
custom,cuboid,metal4,2.3,3.4,0.05,1,1,1,1,0.1,0.1,-37.5,51,49.5,0,1,0,0;
custom,cuboid,metal1,0.1,0.1,10,1,1,1,1,1,1,50,44,0,0,1,0,0;
custom,cuboid,metal1,1.25,0.1,0.1,1,1,1,1,1,1,43.75,44,50,0,1,0,0;
custom,cuboid,metal1,1.25,0.1,0.1,1,1,1,1,1,1,43.75,44,-50,0,1,0,0;
custom,cuboid,metal1,0.1,1,0.1,1,1,1,1,1,1,50,39,0,0,1,0,0;
custom,cuboid,metal1,0.1,1,0.1,1,1,1,1,1,1,50,39,5,0,1,0,0;
custom,cuboid,metal1,0.1,1,0.1,1,1,1,1,1,1,50,39,10,0,1,0,0;
custom,cuboid,metal1,0.1,1,0.1,1,1,1,1,1,1,50,39,15,0,1,0,0;
custom,cuboid,metal1,0.1,1,0.1,1,1,1,1,1,1,50,39,20,0,1,0,0;
custom,cuboid,metal1,0.1,1,0.1,1,1,1,1,1,1,50,39,25,0,1,0,0;
custom,cuboid,metal1,0.1,1,0.1,1,1,1,1,1,1,50,39,30,0,1,0,0;
custom,cuboid,metal1,0.1,1,0.1,1,1,1,1,1,1,50,39,35,0,1,0,0;
custom,cuboid,metal1,0.1,1,0.1,1,1,1,1,1,1,50,39,40,0,1,0,0;
custom,cuboid,metal1,0.1,1,0.1,1,1,1,1,1,1,50,39,45,0,1,0,0;
custom,cuboid,metal1,0.1,1,0.1,1,1,1,1,1,1,50,39,50,0,1,0,0;
custom,cuboid,metal1,0.1,1,0.1,1,1,1,1,1,1,50,39,-5,0,1,0,0;
custom,cuboid,metal1,0.1,1,0.1,1,1,1,1,1,1,50,39,-10,0,1,0,0;
custom,cuboid,metal1,0.1,1,0.1,1,1,1,1,1,1,50,39,-15,0,1,0,0;
custom,cuboid,metal1,0.1,1,0.1,1,1,1,1,1,1,50,39,-20,0,1,0,0;
custom,cuboid,metal1,0.1,1,0.1,1,1,1,1,1,1,50,39,-25,0,1,0,0;
custom,cuboid,metal1,0.1,1,0.1,1,1,1,1,1,1,50,39,-30,0,1,0,0;
custom,cuboid,metal1,0.1,1,0.1,1,1,1,1,1,1,50,39,-35,0,1,0,0;
custom,cuboid,metal1,0.1,1,0.1,1,1,1,1,1,1,50,39,-40,0,1,0,0;
custom,cuboid,metal1,0.1,1,0.1,1,1,1,1,1,1,50,39,-45,0,1,0,0;
custom,cuboid,metal1,0.1,1,0.1,1,1,1,1,1,1,50,39,-50,0,1,0,0;
custom,cuboid,metal1,0.1,1,0.1,1,1,1,1,1,1,43.75,39,-50,0,1,0,0;
custom,cuboid,metal1,0.1,1,0.1,1,1,1,1,1,1,43.75,39,50,0,1,0,0;
custom,cuboid,ice1,0.07,1.6,1.8,1,1,1,1,0.3,0.3,37.5,51,-31.25,0,1,0,0;
custom,cuboid,metal2,0.075,1.8,0.1,1,1,1,1,0.3,0.3,37.5,51,-31.25,0,1,0,0;
custom,cuboid,default,0.08,1.8,0.025,1,1,1,1,0.3,0.3,37.5,51,-31.25,0,1,0,0;
custom,cuboid,metal2,0.075,0.1,2,1,1,1,1,0.3,0.3,37.5,51,-31.25,0,1,0,0;
custom,cuboid,default,0.08,0.025,2,1,1,1,1,0.3,0.3,37.5,51,-31.25,0,1,0,0;
custom,cuboid,metal2,0.055,1.8,2,1,1,1,1,0.3,0.3,37.5,51,-31.25,0,1,0,0;
custom,cuboid,default,0.06,1.725,1.925,1,1,1,1,0.3,0.3,37.5,51,-31.25,0,1,0,0;
custom,cuboid,metal2,0.065,1.675,1.875,1,1,1,1,0.3,0.3,37.5,51,-31.25,0,1,0,0;
custom,cuboid,ice1,0.07,1.6,1.8,1,1,1,1,0.3,0.3,37.5,51,31.25,0,1,0,0;
custom,cuboid,metal2,0.075,1.8,0.1,1,1,1,1,0.3,0.3,37.5,51,31.25,0,1,0,0;
custom,cuboid,default,0.08,1.8,0.025,1,1,1,1,0.3,0.3,37.5,51,31.25,0,1,0,0;
custom,cuboid,metal2,0.075,0.1,2,1,1,1,1,0.3,0.3,37.5,51,31.25,0,1,0,0;
custom,cuboid,default,0.08,0.025,2,1,1,1,1,0.3,0.3,37.5,51,31.25,0,1,0,0;
custom,cuboid,metal2,0.055,1.8,2,1,1,1,1,0.3,0.3,37.5,51,31.25,0,1,0,0;
custom,cuboid,default,0.06,1.725,1.925,1,1,1,1,0.3,0.3,37.5,51,31.25,0,1,0,0;
custom,cuboid,metal2,0.065,1.675,1.875,1,1,1,1,0.3,0.3,37.5,51,31.25,0,1,0,0;
custom,cuboid,brick3,0.05,3.4,1.25,1,1,1,1,0.3,1,31.8,51,-9.8,0,1,0,0.7;
custom,cuboid,brick3,0.06,3.2,1.05,1,0,0,0,0.3,1,31.8,51,-9.8,0,1,0,0.7;
custom,cuboid,brick3,0.07,3.1,0.95,1,1,1,1,0.3,1,31.8,51,-9.8,0,1,0,0.7;
custom,cuboid,brick3,0.08,2.9,0.75,1,0,0,0,0.3,1,31.8,51,-9.8,0,1,0,0.7;
custom,cuboid,brick3,0.09,2.8,0.65,1,1,1,1,0.3,1,31.8,51,-9.8,0,1,0,0.7;
custom,cuboid,ice1,0.1,2.8,0.65,1,1,1,1,0.3,1,31.8,51,-9.8,0,1,0,0.7;
custom,cuboid,brick3,0.11,2.8,0.05,1,0,0,0,0.3,1,31.8,51,-9.8,0,1,0,0.7;
custom,cuboid,brick3,0.11,0.05,0.65,1,0,0,0,0.3,1,31.8,51,-9.8,0,1,0,0.7;
custom,sphere,metal1,0.1,0.1,0.1,1,1,1,1,1,1,27,46,-7.5,0,1,0,0;
custom,sphere,metal1,0.1,0.1,0.1,1,1,1,1,1,1,26.7,46,-8.5,0,1,0,0;
custom,cuboid,brick3,0.05,3.4,1.25,1,1,1,1,0.3,1,31.8,51,9.8,0,1,0,-0.7;
custom,cuboid,brick3,0.06,3.2,1.05,1,0,0,0,0.3,1,31.8,51,9.8,0,1,0,-0.7;
custom,cuboid,brick3,0.07,3.1,0.95,1,1,1,1,0.3,1,31.8,51,9.8,0,1,0,-0.7;
custom,cuboid,brick3,0.08,2.9,0.75,1,0,0,0,0.3,1,31.8,51,9.8,0,1,0,-0.7;
custom,cuboid,brick3,0.09,2.8,0.65,1,1,1,1,0.3,1,31.8,51,9.8,0,1,0,-0.7;
custom,cuboid,ice1,0.1,2.8,0.65,1,1,1,1,0.3,1,31.8,51,9.8,0,1,0,-0.7;
custom,cuboid,brick3,0.11,2.8,0.05,1,0,0,0,0.3,1,31.8,51,9.8,0,1,0,-0.7;
custom,cuboid,brick3,0.11,0.05,0.65,1,0,0,0,0.3,1,31.8,51,9.8,0,1,0,-0.7;
custom,sphere,metal1,0.1,0.1,0.1,1,1,1,1,1,1,27,46,7.5,0,1,0,0;
custom,sphere,metal1,0.1,0.1,0.1,1,1,1,1,1,1,26.7,46,8.5,0,1,0,0;
custom,cuboid,bark4,2,0.4,3,1,0.6,0.6,0.6,0.6,0.6,27.5,36,35,0,1,0,0;
custom,cuboid,grass,2.1,0.1,3,0,0.3,0.3,0.3,0.005,0.005,27.5,38,35,0,1,0,0;
custom,capsule,grass,0.2,0.6,0.6,0,0,0.8,0,0.01,0.01,27.5,39,23,1,1,0,0;
custom,cylinder,grass3,0.2,1,2.2,0,0,0.8,0,0.01,0.01,27.5,38.5,38.5,1,1,0,0;
custom,capsule,default,0.03,0.1,0.03,1,1,0.6,0.8,0.01,0.01,29,39.5,42,1,1,0,0.3;
custom,cuboid,default,0.15,0.1,0.25,0.4,0.4,0.4,1,1,1,27,39.5,30,0,1,-0.05,-0.3;
custom,cuboid,default,0.05,0.12,0.15,1,0,0,0,1,1,27,39.5,30,0,1,-0.05,-0.3;
custom,cuboid,default,0.01,0.17,0.12,0,0,0,0,1,1,27,39.5,30,0.1,1,-0.13,-0.3;
custom,cuboid,bark3,2,0.4,0.75,1,1,1,1,0.1,0.1,27.5,36,16.25,0,1,0,0;
custom,cuboid,bark3,2,0.05,0.75,1,1,1,1,0.1,0.1,27.5,58,16.25,0,1,0,0;
custom,cuboid,bark3,0.05,2,0.75,1,1,1,1,0.1,0.1,37,48,16.25,0,1,0,0;
custom,cuboid,bark3,0.05,2,0.75,1,1,1,1,0.1,0.1,17.75,48,16.25,0,1,0,0;
custom,cuboid,bark3,2,1.2,0.05,1,1,1,1,0.1,0.1,27.5,52,13,0,1,0,0;
custom,cuboid,bark3,2,0.05,0.75,1,1,1,1,0.1,0.1,27.5,46,16.25,0,1,0,0;
custom,cuboid,bark3,2,0.05,0.75,1,1,1,1,0.1,0.1,27.5,52,16.25,0,1,0,0;
custom,cylinder,default,0.1,0.25,0.4,1,1,0.3,0.6,1,1,18.25,48.5,16.25,0,1,0.05,0;
custom,cylinder,rock1,0.1,0.25,0.4,1,1,0.3,0.6,1,1,19.25,48.5,16.25,0,1,0,0;
custom,cylinder,grass,0.1,0.25,0.4,1,1,0.3,0.6,1,1,20.25,48.5,16.25,0,1,0,0;
custom,cylinder,ice1,0.1,0.25,0.4,1,1,0.3,0.6,1,1,21.25,48.5,16.25,0,1,0.1,0;
custom,cylinder,lava1,0.1,0.25,0.4,1,1,0.3,0.6,1,1,22.25,48.5,16.25,0,1,-0.03,0;
custom,cylinder,earth2,0.1,0.25,0.4,1,1,0.3,0.6,1,1,23.25,48.5,16.25,0,1,0,0;
custom,cylinder,wood2,0.1,0.25,0.4,1,1,0.3,0.6,1,1,24.25,48.5,16.25,0,1,0,0;
custom,cylinder,metal4,0.1,0.25,0.4,1,1,0.3,0.6,1,1,25.25,48.5,16.25,0,1,0.01,0;
custom,cylinder,metal1,0.1,0.25,0.4,1,1,0.3,0.6,1,1,26.25,48.5,16.25,0,1,0.02,0;
custom,cylinder,metal2,0.1,0.25,0.4,1,1,0.3,0.6,1,1,27.25,48.5,16.25,0,1,-0.06,0;
custom,cylinder,crystal2,0.1,0.25,0.4,1,1,0.3,0.6,1,1,28.25,48.5,16.25,0,1,0,0;
custom,cylinder,bark4,0.1,0.25,0.4,1,1,0.3,0.6,1,1,29.25,48.5,16.25,0,1,0,0;
custom,cylinder,stone1,0.1,0.25,0.4,1,1,0.3,0.6,1,1,30.25,48.5,16.25,0,1,0,0;
custom,cylinder,stone4,0.1,0.25,0.4,1,1,0.3,0.6,1,1,31.25,48.5,16.25,0,1,0,0;
custom,cylinder,grass3,0.1,0.25,0.4,1,1,0.3,0.6,1,1,33,48.5,16.25,-0.3,1,0,0;
custom,cylinder,brick2,0.1,0.25,0.4,1,1,0.3,0.6,1,1,34.3,48.5,16.25,-0.4,1,0,0;
custom,cylinder,default,0.1,0.25,0.4,1,0,0.9,0.6,1,1,18.25,54.5,16.25,0,1,0.05,0;
custom,cylinder,rock1,0.1,0.25,0.4,1,0,0.9,0.6,1,1,19.25,54.5,16.25,0,1,0,0;
custom,cylinder,grass,0.1,0.25,0.4,1,0,0.9,0.6,1,1,20.25,54.5,16.25,0,1,0,0;
custom,cylinder,metal2,0.1,0.25,0.4,1,0,0.9,0.6,1,1,22.25,54.5,16.25,-0.32,1,-0.06,0;
custom,cylinder,crystal2,0.1,0.25,0.4,1,0,0.9,0.6,1,1,23.25,54.5,16.25,-0.32,1,0,0;
custom,cylinder,bark4,0.1,0.25,0.4,1,0,0.9,0.6,1,1,24.5,54.5,16.25,-0.4,1,0,0;
custom,cylinder,stone1,0.1,0.25,0.4,1,0,0.9,0.6,1,1,26.5,54,16.25,-0.5,1,0,0;
custom,cylinder,stone4,0.1,0.25,0.4,1,0,0.9,0.6,1,1,30.25,53.2,16.25,-0.7,1,0,0;
custom,cylinder,brick2,0.1,0.25,0.4,1,0,0.9,0.6,1,1,34.3,53,16.25,-0.9,1,0,0;
custom,cone,metal1,0.1,0.03,0.1,1,1,1,1,0.1,0.1,33,38.3,16.25,0,1,0,0;
custom,cylinder,metal1,0.03,0.3,0.03,1,1,1,1,0.1,0.01,33.2,40,16.25,0,1,0,0;
custom,cylinder,metal1,0.03,0.1,0.03,1,1,1,1,0.1,0.01,33.2,43.35,17.1,0,1,0.6,0;
custom,cone,metal1,0.1,0.03,0.1,1,1,1,1,0.1,0.1,33,43.3,18,0,1,-0.7,0;
custom,sphere,rock1,0.2,0.2,0.2,1,1,1,1,0.01,0.01,33.2,43,18.5,0,1,-0.7,0;
custom,cuboid,metal1,0.4,0.5,0.1,1,1,1,1,0.1,0.1,23,40.5,16.25,0,1,-0.2,0;
custom,cuboid,metal2,0.3,0.4,0.12,1,1,1,1,0.1,0.1,23,40.5,16.25,0,1,-0.2,0;
custom,cuboid,ice1,0.25,0.35,0.14,1,1,1,1,0.1,0.1,23,40.5,16.25,0,1,-0.2,0;
custom,cuboid,metal3,0.3,0.4,0.1,1,1,1,1,0.1,0.1,27.5,40,16.25,0,1,-0.2,0;
custom,cuboid,metal1,0.25,0.35,0.12,1,1,1,1,0.1,0.1,27.5,40,16.25,0,1,-0.2,0;
custom,cuboid,ice1,0.22,0.32,0.14,1,1,1,1,0.1,0.1,27.5,40,16.25,0,1,-0.2,0;
custom,cuboid,default,1.6,0.8,0.4,1,1,1,1,1,1,27.5,63,48,0,1,0,0;
custom,cylinder,default,0.1,0.8,0.4,1,1,1,1,1,1,27.5,59,48,1,1,0,0;
custom,cylinder,default,0.1,0.8,0.4,1,1,1,1,1,1,27.5,67,48,1,1,0,0;
custom,cuboid,default,1.4,0.01,0.41,1,0.4,0.4,0.4,1,1,27.5,63,48,0,1,0,0;
custom,cuboid,default,1.4,0.01,0.41,1,0.4,0.4,0.4,1,1,27.5,63.3,48,0,1,0,0;
custom,cuboid,default,1.4,0.01,0.41,1,0.4,0.4,0.4,1,1,27.5,63.6,48,0,1,0,0;
custom,cuboid,default,1.4,0.01,0.41,1,0.4,0.4,0.4,1,1,27.5,63.9,48,0,1,0,0;
custom,cuboid,default,1.4,0.01,0.41,1,0.4,0.4,0.4,1,1,27.5,64.2,48,0,1,0,0;
custom,cuboid,default,1.4,0.01,0.41,1,0.4,0.4,0.4,1,1,27.5,64.5,48,0,1,0,0;
custom,cuboid,default,1.4,0.01,0.41,1,0.4,0.4,0.4,1,1,27.5,64.8,48,0,1,0,0;
custom,cuboid,default,1.4,0.01,0.41,1,0.4,0.4,0.4,1,1,27.5,65.1,48,0,1,0,0;
custom,cuboid,default,1.4,0.01,0.41,1,0.4,0.4,0.4,1,1,27.5,65.4,48,0,1,0,0;
custom,cuboid,default,1.4,0.01,0.41,1,0.4,0.4,0.4,1,1,27.5,65.7,48,0,1,0,0;
custom,cuboid,default,1.4,0.01,0.41,1,0.4,0.4,0.4,1,1,27.5,62.7,48,0,1,0,0;
custom,cuboid,default,1.4,0.01,0.41,1,0.4,0.4,0.4,1,1,27.5,62.4,48,0,1,0,0;
custom,cuboid,default,1.4,0.01,0.41,1,0.4,0.4,0.4,1,1,27.5,62.1,48,0,1,0,0;
custom,cylinder,default,0.1,0.7,0.21,1,0.4,0.4,0.4,1,1,27.5,59,47,1,1,0,0;
custom,cuboid,default,1.4,0.1,0.41,1,0.4,0.4,0.4,1,1,27.5,59.5,48,0,1,0,0;
custom,cuboid,metal1,0.1,0.1,2.4,1,1,1,1,0.1,0.1,37,60.5,31.25,0,1,0,0;
custom,cuboid,grass,0.05,2,0.6,1,1,1,1,0.1,0.1,37,50.5,39.25,0,1,0,0;
custom,cuboid,grass,0.05,2,0.6,1,1,1,1,0.1,0.1,37,50.5,23.25,0,1,0,0;
custom,cuboid,metal1,1.2,1.6,0.05,1,1,1,1,1,1,27.5,50,49.8,0,1,0,0;
custom,cuboid,metal2,1.1,1.5,0.05,1,1,1,1,1,1,27.5,50,49.6,0,1,0,0;
custom,cuboid,lava1,1.05,1.45,0.05,1,1,1,1,0.1,0.1,27.5,50,49.4,0,1,0,0;
custom,cuboid,wood2,3,3,1.2,1,1,1,1,0.1,0.1,2.5,49,44,0,1,0,0;
custom,cuboid,wood4,2.8,2,1.22,1,0,0,0,0.1,0.1,2.5,53,44,0,1,0,0;
custom,cuboid,wood4,2.7,1.9,1.24,1,1,1,1,0.1,0.1,2.5,53,44,0,1,0,0;
custom,cuboid,wood4,0.05,2,0.86,1,0,0,0,0.1,0.1,2.5,53,42,0,1,0,0;
custom,capsule,metal4,0.3,0.3,1.08,1,1,1,1,0.1,0.1,1,53,41.8,0,1,0,0;
custom,capsule,metal4,0.3,0.3,1.08,1,1,1,1,0.1,0.1,4,53,41.8,0,1,0,0;
custom,capsule,metal1,0.2,0.2,1.12,1,1,1,1,0.1,0.1,1,53,41.8,0,1,0,0;
custom,capsule,metal1,0.2,0.2,1.12,1,1,1,1,0.1,0.1,4,53,41.8,0,1,0,0;
custom,cuboid,wood4,2.8,0.7,1.22,1,0,0,0,0.1,0.1,2.5,39,44,0,1,0,0;
custom,cuboid,wood4,2.7,0.6,1.24,1,1,1,1,0.1,0.1,2.5,39,44,0,1,0,0;
custom,cuboid,wood4,0.05,0.65,0.86,1,0,0,0,0.1,0.1,2.5,39,42,0,1,0,0;
custom,capsule,metal4,0.3,0.3,1.08,1,1,1,1,0.1,0.1,-4,39,41.8,1,1,0,0;
custom,capsule,metal4,0.3,0.3,1.08,1,1,1,1,0.1,0.1,9.5,39,41.8,1,1,0,0;
custom,capsule,metal1,0.2,0.2,1.12,1,1,1,1,0.1,0.1,-4,39,41.8,1,1,0,0;
custom,capsule,metal1,0.2,0.2,1.12,1,1,1,1,0.1,0.1,9.5,39,41.8,1,1,0,0;
custom,cuboid,earth2,1.75,0.05,0.7,1,1,1,1,0.3,0.3,-3.75,42,16,0,1,0,0;
custom,cuboid,earth2,1.75,0.02,0.7,1,0.4,0.4,0.4,0.1,0.1,-3.75,40.5,16,0,1,0,0;
custom,cuboid,earth2,1.65,0.02,0.7,1,0.4,0.4,0.4,0.1,0.1,-3.75,40.7,18,0,1,0,0;
custom,cuboid,earth2,1.65,0.08,0.05,1,0.4,0.4,0.4,0.1,0.1,-3.75,40.9,21.5,0,1,0,0;
custom,cuboid,metal4,1.2,0.02,0.4,0,0.4,0.4,0.1,0.4,0.4,-3.75,40.9,19,0,1,0.1,0;
custom,cuboid,earth2,1.75,0.05,0.7,1,1,1,1,0.3,0.3,-3.75,50,16,0,1,0,0;
custom,cuboid,earth2,0.05,1.6,0.7,1,1,1,1,0.3,0.3,-12.25,42,16,0,1,0,0;
custom,cuboid,earth2,0.05,1.6,0.7,1,1,1,1,0.3,0.3,4.75,42,16,0,1,0,0;
custom,cuboid,default,0.9,0.6,0.05,0,0.4,0.4,0.4,0.1,0.4,-3.75,46,14,0,1,-0.1,0;
custom,cuboid,default,0.8,0.5,0.06,1,0,0,0,0.1,0.4,-3.75,46,14,0,1,-0.1,0;
custom,cuboid,default,0.8,0.05,0.07,1,0.4,0.4,1,0.1,0.4,-3.75,43.75,14.5,0,1,-0.1,0;
custom,cuboid,default,0.2,0.05,0.08,1,0.4,1,0.4,0.1,0.4,-0.75,43.75,14.5,0,1,-0.1,0;
custom,cuboid,default,0.09,0.09,0.07,1,1,0,0,0.1,0.4,-3.2,46.8,14,0,1,-0.1,0;
custom,cuboid,default,0.09,0.09,0.07,1,0,1,0,0.1,0.4,-4.2,46.8,14,0,1,-0.1,0;
custom,cuboid,default,0.09,0.09,0.07,1,0,0,1,0.1,0.4,-3.2,45.8,14.25,0,1,-0.1,0;
custom,cuboid,default,0.09,0.09,0.07,1,1,1,0,0.1,0.4,-4.2,45.8,14.25,0,1,-0.1,0;
custom,cuboid,default,0.3,0.6,0.05,0,0.4,0.4,0.4,0.1,0.4,-3.75,45,13,0,1,0,0;
custom,cuboid,default,0.6,0.09,0.3,1,1,1,1,0.1,0.4,-3.75,42,14.5,0,1,0,0;
custom,cuboid,default,0.3,0.07,0.5,0.4,0.6,0.6,1,0.1,0.4,-9,42,16,0,1,0,0;
custom,capsule,default,0.15,0.1,0.1,0.6,1,0.6,1,0.1,0.4,-9,42.5,16,0,1,1,0;
custom,capsule,default,0.15,0.15,0.1,1,1,1,1,0.1,0.4,3,43.5,15,0,1,0,0;
custom,capsule,default,0.12,0.1,0.12,1,0,0,0,0.1,0.4,3,43.8,15,0,1,0,0;
custom,capsule,default,0.11,0.09,0.13,0,0,0,0,0.1,0.4,3,43.8,15,0,1,0,0;
custom,capsule,default,0.1,0.08,0.14,1,0,0,0,0.1,0.4,3,43.8,15,0,1,0,0;
custom,capsule,default,0.15,0.15,0.1,1,1,1,1,0.1,0.4,1.5,43.5,15,0,1,0,0;
custom,capsule,default,0.12,0.1,0.12,1,0,0,0,0.1,0.4,1.5,43.8,15,0,1,0,0;
custom,capsule,default,0.11,0.09,0.13,0,0,0,0,0.1,0.4,1.5,43.8,15,0,1,0,0;
custom,capsule,default,0.1,0.08,0.14,1,0,0,0,0.1,0.4,1.5,43.8,15,0,1,0,0;
custom,capsule,brick4,0.6,0.3,0.05,1,0,1,1,0.1,0.1,-3.75,42,22.5,0,1,0.1,0;
custom,capsule,metal1,0.2,0.3,0.05,0,0,0,0,0.1,0.1,-3.75,41,22.7,0,1,0.1,0;
custom,capsule,brick4,0.6,0.05,0.6,1,0,1,1,0.1,0.1,-3.75,39,19,0,1,0.1,0;
custom,cuboid,metal1,0.1,0.4,0.1,0,0,1,1,0.1,0.1,-3.75,37,20,0,1,0,0;
custom,cuboid,metal1,0.7,0.05,0.05,0,0,1,1,0.1,0.1,-3.75,35,20,0,1,0,0.414;
custom,cuboid,metal1,0.7,0.05,0.05,0,0,1,1,0.1,0.1,-3.75,35,20,0,1,0,-0.414;
custom,sphere,metal1,0.05,0.05,0.05,1,0,0,0,0.1,0.1,-1.4,34.5,22.3,0,1,0,-0.414;
custom,sphere,metal1,0.05,0.05,0.05,1,0,0,0,0.1,0.1,-6.1,34.5,22.3,0,1,0,-0.414;
custom,sphere,metal1,0.05,0.05,0.05,1,0,0,0,0.1,0.1,-1.4,34.5,17.7,0,1,0,-0.414;
custom,sphere,metal1,0.05,0.05,0.05,1,0,0,0,0.1,0.1,-6.1,34.5,17.7,0,1,0,-0.414;
custom,cuboid,ice1,1,1.4,1,1,1,1,1,0.01,0.01,-18.75,41,43,0,1,0,0;
custom,cuboid,default,0.9,1.1,1.1,1,0,0,0,0.01,0.01,-18.75,40.5,43,0,1,0,0;
custom,cuboid,ice1,0.85,1.05,1.2,0,0,0,0,0.01,0.01,-18.75,40.5,43,0,1,0,0;
custom,sphere,metal3,0.7,0.7,0.1,0,0,0,0,0.01,0.01,-18.55,40,37,0,1,0,0;
custom,sphere,default,0.65,0.65,0.4,0,0,0,0,0.01,0.01,-18.55,40,37,0,1,0,0;
custom,sphere,metal1,0.55,0.55,0.5,0,0,0,0,0.01,0.01,-18.55,40,37,0,1,0,0;
custom,sphere,default,0.5,0.5,0.52,1,0,0,0,0.01,0.01,-18.55,40,36.9,0,1,0,0;
custom,cuboid,default,0.25,0.15,0.5,0,0,0,0,0.01,0.01,-17,40,36.8,0,1,0,0;
custom,sphere,bark4,0.1,0.1,0.2,0,0,0,0,0.01,0.01,-17.6,40,35,0,1,0,0;
custom,sphere,default,0.09,0.09,0.21,1,0.4,0.8,1,0.01,0.01,-17.6,40,35,0,1,0,0;
custom,sphere,metal1,0.07,0.07,0.22,0,0.4,0.8,1,0.01,0.01,-17.6,40,35,0,1,0,0;
custom,cuboid,metal1,0.9,0.15,1.1,0,0,0,0,0.01,0.01,-18.75,47,43,0,1,0,0;
custom,cuboid,default,0.87,0.12,1.15,1,0,0,0,0.01,0.01,-18.75,47,43,0,1,0,0;
custom,cuboid,ice1,0.84,0.09,1.2,1,0,0,0,0.01,0.01,-18.75,47,43,0,1,0,0;
custom,cuboid,default,0.28,0.09,1.25,1,0,0,0,0.01,0.01,-18.75,47,43,0,1,0,0;
custom,cuboid,metal1,0.25,0.06,1.3,0,0,0,0,0.01,0.01,-18.75,47,43,0,1,0,0;
custom,cuboid,bark4,1,0.05,1,1,1,1,1,0.01,0.01,-18.75,66,45,0,1,0,0;
custom,cuboid,bark4,1,0.05,1,1,1,1,1,0.01,0.01,-18.75,61,45,0,1,0,0;
custom,cuboid,bark4,1,0.05,1,1,1,1,1,0.01,0.01,-18.75,56,45,0,1,0,0;
custom,cuboid,bark4,1,0.05,1,1,1,1,1,0.01,0.01,-18.75,51,45,0,1,0,0;
custom,cuboid,bark4,0.05,1.5,1,1,1,1,1,0.01,0.01,-14,58.5,45,0,1,0,0;
custom,cuboid,bark4,0.05,1.5,1,1,1,1,1,0.01,0.01,-23.5,58.5,45,0,1,0,0;
custom,cuboid,wood4,1,1.5,0.05,1,1,1,1,0.01,0.01,-18.75,58.5,49,0,1,0,0;
custom,cuboid,default,0.3,0.2,0.5,1,1,0.4,0.7,1,1,-20,52,45,0,1,0,0.3;
custom,cuboid,default,0.2,0.4,0.5,1,0.4,0.4,0.7,1,1,-15,53,45,0,1,0,-0.1;
custom,cylinder,default,0.2,0.2,0.2,0,0.4,0.4,0.7,1,1,-15,58,43,0,1,0,0;
custom,cylinder,default,0.2,0.2,0.2,0,0.4,0.4,0.7,1,1,-17,58,44.5,0,1,0,0;
custom,cylinder,default,0.2,0.2,0.2,0,0.4,0.4,0.7,1,1,-19,58,44,0,1,0,0;
custom,cylinder,default,0.2,0.2,0.2,0,0.4,0.4,0.7,1,1,-21,58,45,0,1,0,0;
custom,cylinder,default,0.2,0.2,0.2,0,0.4,0.4,0.7,1,1,-22,58,42,0,1,0,0;
custom,cylinder,default,0.2,0.1,0.2,1,0,1,0,1,1,-20,62.5,42,0,1,0,0;
custom,capsule,default,0.2,0.1,0.2,1,0,1,0,1,1,-20,63,42,0,1,0,0;
custom,cylinder,default,0.05,0.1,0.05,1,0,0,0,1,1,-20,63.5,42,0,1,0,0;
custom,cylinder,default,0.1,0.02,0.1,1,0,1,1,1,1,-20,64.5,42,0,1,0,0;
custom,cylinder,default,0.03,0.07,0.03,1,0,1,1,1,1,-20,64.5,42,0,1,1,0.4;
custom,cylinder,default,0.02,0.09,0.02,1,0,0,0,1,1,-20,64.5,42,0,1,1,0.4;
custom,cylinder,default,0.2,0.1,0.2,1,1,1,0,1,1,-16,62.5,42,0,1,0,0;
custom,capsule,default,0.2,0.1,0.2,1,1,1,0,1,1,-16,63,42,0,1,0,0;
custom,cylinder,default,0.05,0.1,0.05,1,0,0,0,1,1,-16,63.5,42,0,1,0,0;
custom,cylinder,default,0.1,0.02,0.1,1,1,1,1,1,1,-16,64.5,42,0,1,0,0;
custom,cylinder,default,0.03,0.07,0.03,1,1,1,0,1,1,-16,64.5,42,0,1,1,0.4;
custom,cylinder,default,0.02,0.09,0.02,1,0,0,0,1,1,-16,64.5,42,0,1,1,0.4;
custom,cylinder,default,0.2,0.1,0.2,1,0,1,1,1,1,-18,62.5,42,0,1,0,0;
custom,capsule,default,0.2,0.1,0.2,1,0,1,1,1,1,-18,63,42,0,1,0,0;
custom,cylinder,default,0.05,0.1,0.05,1,1,0,0,1,1,-18,63.5,42,0,1,0,0;
custom,cylinder,default,0.1,0.02,0.1,1,0,1,1,1,1,-18,64.5,42,0,1,0,0;
custom,cylinder,default,0.03,0.07,0.03,1,0,1,0,1,1,-18,64.5,42,0,1,1,0.4;
custom,cylinder,default,0.02,0.09,0.02,1,0,0,0,1,1,-18,64.5,42,0,1,1,0.4;
custom,cuboid,default,1.25,0.8,0.4,1,1,1,1,1,1,-43.75,38,27,0,1,0,0;
custom,cuboid,default,1.25,0.8,0.2,1,1,1,1,1,1,-43.75,38,49,0,1,0,0;
custom,cuboid,default,0.2,0.8,2.5,1,1,1,1,1,1,-49,38,37.5,0,1,0,0;
custom,cuboid,default,0.2,0.8,2.5,1,1,1,1,1,1,-37,38,37.5,0,1,0,0;
custom,cuboid,default,1.2,0.1,2.5,1,1,1,1,1,1,-43.75,34.5,37.5,0,1,0,0;
custom,cylinder,metal1,0.2,0.05,0.2,0,0,0,0,1,1,-43,34.6,46,0,1,0,0;
custom,cylinder,default,0.15,0.05,0.15,0,0,0,0,1,1,-43,34.7,46,0,1,0,0;
custom,cylinder,default,0.13,0.05,0.13,1,0,0,0,1,1,-43,34.8,46,0,1,0,0;
custom,cuboid,metal3,0.6,0.1,0.1,1,1,1,1,1,1,-43.75,44,48,0,1,0,0;
custom,cylinder,metal1,0.15,0.03,0.15,1,1,1,1,0.1,0.1,-41.75,45,48,0,1,0,0;
custom,cylinder,metal3,0.12,0.04,0.12,1,1,0,0,0.1,0.1,-41.75,45,48,0,1,0,0;
custom,cylinder,metal1,0.15,0.03,0.15,1,1,1,1,0.1,0.1,-45.75,45,48,0,1,0,0;
custom,cylinder,metal3,0.12,0.04,0.12,1,0,0,1,0.1,0.1,-45.75,45,48,0,1,0,0;
custom,cuboid,metal1,0.2,0.1,0.2,1,1,1,1,1,1,-43.75,50,49,0,1,0,0;
custom,cuboid,metal3,0.1,0.11,0.1,1,0,0,0,1,1,-43.75,50,49,0,1,0,0;
custom,cuboid,metal3,0.1,0.2,0.4,1,1,1,1,1,1,-43.75,44,48,0,1,0,0;
custom,cylinder,metal1,0.08,0.08,0.08,1,1,1,1,0.1,0.1,-43.75,43,46.5,0,1,0,0;
custom,cylinder,metal1,0.08,0.08,0.08,1,1,1,1,0.1,0.1,-43.75,45,48.5,0,1,0,0;
custom,cylinder,default,0.05,0.5,0.05,1,1,1,1,0.1,0.1,-43.75,50,48.5,0,1,0,0;
custom,cuboid,metal1,0.2,0.05,0.2,1,1,1,1,1,1,-43.75,54,49,0,1,0,0;
custom,cuboid,metal3,0.1,0.06,0.1,1,0,0,0,1,1,-43.75,54,49,0,1,0,0;
custom,cylinder,default,0.05,0.1,0.05,1,1,1,1,0.1,0.1,-43.75,55.3,47.5,0,1,-0.6,0;
custom,capsule,metal1,0.15,0.1,0.08,1,1,1,1,0.1,0.1,-43.75,55.7,46.5,0,1,-0.6,0;
custom,capsule,default,0.1,0.05,0.04,0,0,0,0,0.1,0.1,-43.75,55.55,46,0,1,-0.6,0;
custom,capsule,metal1,0.07,0.05,0.02,1,0,0,0,0.1,0.1,-43.75,55.45,46,0,1,-0.6,0;
custom,cuboid,metal3,0.6,0.9,0.3,0,0,0,0,0.1,0.1,-43.75,58,26.5,0,1,0,0;
custom,capsule,metal1,1,0.6,0.5,0,0,0,0,0.1,0.1,-43.75,58,27.5,0,1,0,0;
custom,capsule,default,0.9,0.55,0.5,0,0,0,0,0.1,0.1,-43.75,58,27.6,0,1,0,0;
custom,capsule,default,0.8,0.5,0.5,1,1,0.7,0.9,0.1,0.1,-43.75,58,27.7,0,1,0,0;
custom,capsule,default,0.2,0.45,0.4,1,0,0,0.3,0.1,0.1,-43.75,58,28.5,0,1,0,0;
custom,capsule,default,0.1,0.6,0.1,0,0,0,0,0.1,0.1,-41.75,47,25.5,0,1,0,0;
custom,capsule,default,0.12,0.1,0.12,1,1,0,0,0.1,0.1,-41.75,47,25.5,0,1,0,0;
custom,capsule,default,0.1,0.6,0.1,0,0,0,0,0.1,0.1,-45.75,47,25.5,0,1,0,0;
custom,capsule,default,0.12,0.1,0.12,1,0,0,1,0.1,0.1,-45.75,47,25.5,0,1,0,0;
custom,cylinder,default,0.2,0.1,0.2,1,0,1,0,1,1,-47.75,43,27,0,1,0,0;
custom,capsule,default,0.2,0.1,0.2,1,0,1,0,1,1,-47.75,43.5,27,0,1,0,0;
custom,cylinder,default,0.05,0.1,0.05,1,0,0,0,1,1,-47.75,44,27,0,1,0,0;
custom,cylinder,default,0.1,0.02,0.1,1,0,1,1,1,1,-47.75,45,27,0,1,0,0;
custom,cylinder,default,0.03,0.07,0.03,1,0,1,1,1,1,-47.75,45,27,0,1,1,0.4;
custom,cylinder,default,0.02,0.09,0.02,1,0,0,0,1,1,-47.75,45,27,0,1,1,0.4;
custom,cylinder,bark4,0.2,0.1,0.2,1,0,1,0,1,1,-43.75,43,26,0,1,0,0;
custom,capsule,bark4,0.2,0.1,0.2,1,0,1,0,1,1,-43.75,43.5,26,0,1,0,0;
custom,cylinder,bark4,0.05,0.1,0.05,1,0,0,0,1,1,-43.75,44,26,0,1,0,0;
custom,cylinder,bark4,0.1,0.02,0.1,1,0,1,1,1,1,-43.75,45,26,0,1,0,0;
custom,cylinder,bark4,0.03,0.07,0.03,1,0,1,1,1,1,-43.75,45,26,0,1,1,0.4;
custom,cylinder,bark4,0.02,0.09,0.02,1,0,0,0,1,1,-43.75,45,26,0,1,1,0.4;
custom,cylinder,default,0.6,0.3,0.6,0,0,1,0,1,1,-31.25,37,45,0,1,0,0;
custom,cylinder,default,0.6,0.15,0.8,0,0,1,0,1,1,-31.25,38.5,43.5,0,1,0,0;
custom,cylinder,default,0.7,0.05,0.8,0,0,1,0,1,1,-31.25,40,42,0,1,0,0;
custom,cylinder,default,0.5,0.052,0.6,1,0,0,0,1,1,-31.25,40,42,0,1,0,0;
custom,cylinder,ice1,0.2,0.054,0.2,1,0,0,0,1,1,-31.25,40,43,0,1,0,0;
custom,cylinder,default,0.7,0.01,0.8,0,0,1,0,1,1,-31.25,44,44.5,0,1,0.8,0;
custom,cuboid,default,0.3,0.6,0.3,0,0,1,0,1,1,-31.25,37,47.5,0,1,0,0;
custom,cuboid,default,0.6,0.6,0.3,0,0,1,0,1,1,-31.25,43,47.5,0,1,0,0;
custom,cuboid,default,0.7,0.1,0.4,0,0,1,0,1,1,-31.25,45.5,47,0,1,0,0;
custom,cylinder,metal1,0.1,0.055,0.1,0,0,1,0,1,1,-31.25,45.5,47,0,1,0,0;
custom,cylinder,metal3,0.07,0.06,0.07,0,0,1,0,1,1,-31.25,45.5,47,0,1,0,0;
custom,cylinder,default,0.1,0.065,0.1,0,0,1,0,1,1,-28,44,40,0,1,1,0;
custom,cylinder,default,0.05,0.07,0.05,1,0,0,0,1,1,-28,44,40,0,1,1,0;
custom,cylinder,metal1,0.02,0.09,0.02,0,0,0,0,1,1,-28,44,40,0,1,1,0;
custom,cuboid,default,0.005,0.13,0.1,0,0,1,0,1,1,-28.475,43.5,40,0,1,1,0;
custom,cuboid,metal1,0.1,0.14,0.01,0,0,1,0,1,1,-28,44,41,0,1,0,0;
custom,cuboid,metal1,0.1,0.14,0.01,0,0,1,0,1,1,-28,44,39,0,1,0,0;
custom,cuboid,metal1,0.1,0.01,0.2,0,0,1,0,1,1,-28,44.7,40,0,1,0,0;
custom,cuboid,metal1,0.1,0.14,0.2,0,0,1,0,1,1,-27,44,40,0,1,0,0;
custom,cuboid,ice1,0.6,0.1,0.4,1,0.3,0.3,0.3,0.1,0.1,-31.25,44,27,0,1,0,0;
custom,cuboid,ice1,0.6,0.2,0.05,0,0,1,0,1,0.1,-31.25,44.5,28.75,0,1,0,0;
custom,cuboid,ice1,0.6,0.2,0.05,0,0,1,0,1,0.1,-31.25,44.5,25.5,0,1,0,0;
custom,cuboid,ice1,0.05,0.2,0.4,0,0,1,0,1,0.1,-34.25,44.5,27,0,1,0,0;
custom,cuboid,ice1,0.05,0.2,0.4,0,0,1,0,1,0.1,-28.25,44.5,27,0,1,0,0;
custom,cylinder,metal1,0.1,0.06,0.1,0,0.3,0.3,0.3,0.1,0.1,-31.25,44,27,0,1,0,0;
custom,cylinder,metal1,0.05,0.07,0.05,1,0.3,0.3,0.3,0.1,0.1,-31.25,44,27,0,1,0,0;
custom,cuboid,rock1,0.1,0.1,0.2,0,0,1,0,0.01,0.01,-31.25,49,27.75,0,1,0,0;
custom,cuboid,rock1,0.2,0.1,0.1,0,0,1,0,0.01,0.01,-31.25,49,27.25,0,1,0,0;
custom,cylinder,metal4,0.1,0.1,0.1,0,0,1,0,0.01,0.01,-31.25,49,27.25,0,1,0,0;
custom,cylinder,metal1,0.06,0.11,0.06,0,0,1,0,0.01,0.01,-31.25,49,27.25,0,1,0,0;
custom,cuboid,metal1,0.06,0.01,0.2,0,0,1,0,0.01,0.01,-31.7,50.6,28,0,1,-0.3,0.3;
custom,cylinder,metal3,0.06,0.06,0.06,0,0,1,0,1,0.1,-31.25,48.5,28.25,0,1,0,0;
custom,cuboid,ice1,0.5,0.2,0.3,1,0.3,0.3,0.3,0.1,0.1,-31.25,43,26.75,0,1,0,0;
custom,cuboid,metal1,0.8,1,0.05,0,0,1,0,1,0.1,-31.25,55,25.5,0,1,0,0;
custom,cuboid,ice1,0.7,0.9,0.05,0,0,1,0,0.1,0.1,-31.25,55,25.6,0,1,0,0;
custom,cuboid,default,0.6,0.6,0.3,0,0,0,0,1,1,-31.25,60,49,0,1,0,0;
custom,cuboid,default,0.47,0.01,0.31,1,0.3,0.3,0.3,1,1,-31.25,60,49,0,1,0,0;
custom,cuboid,default,0.45,0.01,0.31,1,0.3,0.3,0.3,1,1,-31.25,60.5,49,0,1,0,0;
custom,cuboid,default,0.4,0.01,0.31,1,0.3,0.3,0.3,1,1,-31.25,61,49,0,1,0,0;
custom,cuboid,default,0.32,0.01,0.31,1,0.3,0.3,0.3,1,1,-31.25,61.5,49,0,1,0,0;
custom,cuboid,default,0.2,0.01,0.31,1,0.3,0.3,0.3,1,1,-31.25,62,49,0,1,0,0;
custom,cuboid,default,0.45,0.01,0.31,1,0.3,0.3,0.3,1,1,-31.25,59.5,49,0,1,0,0;
custom,cuboid,default,0.4,0.01,0.31,1,0.3,0.3,0.3,1,1,-31.25,59,49,0,1,0,0;
custom,cuboid,default,0.32,0.01,0.31,1,0.3,0.3,0.3,1,1,-31.25,58.5,49,0,1,0,0;
custom,cuboid,default,0.2,0.01,0.31,1,0.3,0.3,0.3,1,1,-31.25,58,49,0,1,0,0;
custom,cuboid,metal1,0.8,0.8,0.12,0,0,0,0,1,1,-31.25,52,49.8,0,1,0,0;
custom,cuboid,metal1,0.7,0.7,0.125,1,0,0,0,1,1,-31.25,52,49.8,0,1,0,0;
custom,cuboid,ice1,0.65,0.65,0.13,1,0,0,0,1,1,-31.25,52,49.8,0,1,0,0;
custom,cuboid,bark2,1.25,2.4,0.05,1,1,1,1,0.1,0.1,0,46,8.5,0,1,0,0.3;
custom,cuboid,ice1,1.1,2.25,0.06,1,0,0,0,0.1,0.1,0,46,8.5,0,1,0,0.3;
custom,cuboid,bark2,1,2.15,0.07,0,0,0,0,0.1,0.1,0,46,8.5,0,1,0,0.3;
custom,cuboid,ice1,0.9,2.05,0.08,1,0,0,0,0.1,0.1,0,46,8.5,0,1,0,0.3;
custom,cuboid,bark2,0.8,1.95,0.09,0,0,0,0,0.1,0.1,0,46,8.5,0,1,0,0.3;
custom,cuboid,ice1,0.3,2.05,0.1,1,0,0,0,0.1,0.1,0,46,8.5,0,1,0,0.3;
custom,cuboid,bark2,0.2,1.95,0.11,0,0,0,0,0.1,0.1,0,46,8.5,0,1,0,0.3;
custom,sphere,metal1,0.1,0.1,0.1,1,1,1,1,1,1,-4.5,46,6,0,1,0,0;
custom,sphere,metal1,0.1,0.1,0.1,1,1,1,1,1,1,-4,46,5,0,1,0,0;
custom,cuboid,bark2,1.25,2.4,0.05,1,1,1,1,0.1,0.1,-1.25,46,-12.2,0,1,0,0;
custom,cuboid,ice1,1.1,2.25,0.06,1,0,0,0,0.1,0.1,-1.25,46,-12.2,0,1,0,0;
custom,cuboid,bark2,1,2.15,0.07,0,0,0,0,0.1,0.1,-1.25,46,-12.2,0,1,0,0;
custom,cuboid,ice1,0.9,2.05,0.08,1,0,0,0,0.1,0.1,-1.25,46,-12.2,0,1,0,0;
custom,cuboid,bark2,0.8,1.95,0.09,0,0,0,0,0.1,0.1,-1.25,46,-12.2,0,1,0,0;
custom,cuboid,ice1,0.3,2.05,0.1,1,0,0,0,0.1,0.1,-1.25,46,-12.2,0,1,0,0;
custom,cuboid,bark2,0.2,1.95,0.105,0,0,0,0,0.1,0.1,-1.25,46,-12.2,0,1,0,0;
custom,sphere,metal1,0.1,0.1,0.1,1,1,1,1,1,1,-6.5,46,-11.5,0,1,0,0;
custom,cuboid,bark4,2,0.4,3,1,0.6,0.6,0.6,0.6,0.6,27.5,36,-35,0,1,0,0;
custom,cuboid,rock1,2.1,0.1,3,0,0.3,0.3,0.3,0.005,0.005,27.5,38,-35,0,1,0,0;
custom,capsule,crystal2,0.2,0.6,0.6,0,0,0.8,0,0.01,0.01,27.5,39,-23,1,1,0,0;
custom,cylinder,brick4,0.2,1,2.2,0,0,0.8,0,0.01,0.01,27.5,38.5,-38.5,1,1,0,0;
custom,cuboid,bark,2,0.4,0.75,1,1,1,1,0.1,0.1,27.5,36,-16.25,0,1,0,0;
custom,cuboid,bark,2,0.05,0.75,1,1,1,1,0.1,0.1,27.5,58,-16.25,0,1,0,0;
custom,cuboid,bark,0.05,2,0.75,1,1,1,1,0.1,0.1,37,48,-16.25,0,1,0,0;
custom,cuboid,bark,0.05,2,0.75,1,1,1,1,0.1,0.1,17.75,48,-16.25,0,1,0,0;
custom,cuboid,bark,2,1.2,0.05,1,1,1,1,0.1,0.1,27.5,52,-13,0,1,0,0;
custom,cuboid,bark,2,0.05,0.75,1,1,1,1,0.1,0.1,27.5,46,-16.25,0,1,0,0;
custom,cuboid,bark,2,0.05,0.75,1,1,1,1,0.1,0.1,27.5,52,-16.25,0,1,0,0;
custom,cuboid,default,0.4,0.2,0.4,1,0,0.3,0.6,1,1,21.25,47,-16.25,0,1,0,0.03;
custom,cuboid,earth2,0.4,0.2,0.4,1,0,0.3,0.6,1,1,33.3,47,-16.25,0,1,0,-0.1;
custom,cylinder,wood2,0.1,0.25,0.4,0,1,0.3,0.6,1,1,24.25,48.5,-16.25,0,1,0,0;
custom,cylinder,metal4,0.1,0.25,0.4,0,1,0.3,0.6,1,1,25.25,48.5,-16.25,0,1,0.01,0;
custom,cylinder,metal1,0.1,0.25,0.4,0,1,0.3,0.6,1,1,26.25,48.5,-16.25,0,1,0.02,0;
custom,cylinder,metal2,0.1,0.25,0.4,0,1,0.3,0.6,1,1,27.25,48.5,-16.25,0,1,-0.06,0;
custom,cylinder,crystal2,0.1,0.25,0.4,0,1,0.3,0.6,1,1,28.25,48.5,-16.25,0,1,0,0;
custom,cylinder,bark4,0.1,0.25,0.4,0,1,0.3,0.6,1,1,29.25,48.5,-16.25,0,1,0,0;
custom,cylinder,stone1,0.1,0.25,0.4,0,1,0.3,0.6,1,1,30.25,48.5,-16.25,0,1,0,0;
custom,cylinder,stone4,0.1,0.25,0.4,0,1,0.3,0.6,1,1,31.25,48.5,-16.25,0,1,0,0;
custom,cuboid,grass,0.3,0.4,0.3,0,0,0,0,1,1,19.25,53.9,-16.25,0,1,0,0;
custom,cylinder,metal2,0.1,0.25,0.4,0,0,0.9,0.6,1,1,22.25,54.5,-16.25,-0.32,1,-0.06,0;
custom,cylinder,crystal2,0.1,0.25,0.4,0,0,0.9,0.6,1,1,23.25,54.5,-16.25,-0.32,1,0,0;
custom,cylinder,bark4,0.1,0.25,0.4,0,0,0.9,0.6,1,1,24.5,54.5,-16.25,-0.4,1,0,0;
custom,cylinder,stone1,0.1,0.25,0.4,0,0,0.9,0.6,1,1,26.5,54,-16.25,-0.5,1,0,0;
custom,cylinder,stone4,0.1,0.25,0.4,0,0,0.9,0.6,1,1,30.25,53.2,-16.25,-0.7,1,0,0;
custom,cylinder,brick2,0.1,0.25,0.4,0,0,0.9,0.6,1,1,34.3,53,-16.25,-0.9,1,0,0;
custom,cuboid,metal3,0.4,0.5,0.1,1,1,1,1,0.1,0.1,24,40.5,-16.25,0,1,0.2,0;
custom,cuboid,metal2,0.3,0.4,0.12,1,1,1,1,0.1,0.1,24,40.5,-16.25,0,1,0.2,0;
custom,cuboid,ice1,0.25,0.35,0.14,1,1,1,1,0.1,0.1,24,40.5,-16.25,0,1,0.2,0;
custom,cuboid,metal1,0.3,0.4,0.1,1,1,1,1,0.1,0.1,34,40,-16.25,0,1,0.2,0;
custom,cuboid,metal2,0.25,0.35,0.12,1,1,1,1,0.1,0.1,34,40,-16.25,0,1,0.2,0;
custom,cuboid,ice1,0.22,0.32,0.14,1,1,1,1,0.1,0.1,34,40,-16.25,0,1,0.2,0;
custom,cuboid,default,1.6,0.8,0.4,1,1,1,1,1,1,27.5,63,-48,0,1,0,0;
custom,cylinder,default,0.1,0.8,0.4,1,1,1,1,1,1,27.5,59,-48,1,1,0,0;
custom,cylinder,default,0.1,0.8,0.4,1,1,1,1,1,1,27.5,67,-48,1,1,0,0;
custom,cuboid,default,1.4,0.01,0.41,1,0.4,0.4,0.4,1,1,27.5,63,-48,0,1,0,0;
custom,cuboid,default,1.4,0.01,0.41,1,0.4,0.4,0.4,1,1,27.5,63.3,-48,0,1,0,0;
custom,cuboid,default,1.4,0.01,0.41,1,0.4,0.4,0.4,1,1,27.5,63.6,-48,0,1,0,0;
custom,cuboid,default,1.4,0.01,0.41,1,0.4,0.4,0.4,1,1,27.5,63.9,-48,0,1,0,0;
custom,cuboid,default,1.4,0.01,0.41,1,0.4,0.4,0.4,1,1,27.5,64.2,-48,0,1,0,0;
custom,cuboid,default,1.4,0.01,0.41,1,0.4,0.4,0.4,1,1,27.5,64.5,-48,0,1,0,0;
custom,cuboid,default,1.4,0.01,0.41,1,0.4,0.4,0.4,1,1,27.5,64.8,-48,0,1,0,0;
custom,cuboid,default,1.4,0.01,0.41,1,0.4,0.4,0.4,1,1,27.5,65.1,-48,0,1,0,0;
custom,cuboid,default,1.4,0.01,0.41,1,0.4,0.4,0.4,1,1,27.5,65.4,-48,0,1,0,0;
custom,cuboid,default,1.4,0.01,0.41,1,0.4,0.4,0.4,1,1,27.5,65.7,-48,0,1,0,0;
custom,cuboid,default,1.4,0.01,0.41,1,0.4,0.4,0.4,1,1,27.5,62.7,-48,0,1,0,0;
custom,cuboid,default,1.4,0.01,0.41,1,0.4,0.4,0.4,1,1,27.5,62.4,-48,0,1,0,0;
custom,cuboid,default,1.4,0.01,0.41,1,0.4,0.4,0.4,1,1,27.5,62.1,-48,0,1,0,0;
custom,cylinder,default,0.1,0.7,0.21,1,0.4,0.4,0.4,1,1,27.5,59,-47,1,1,0,0;
custom,cuboid,default,1.4,0.1,0.41,1,0.4,0.4,0.4,1,1,27.5,59.5,-48,0,1,0,0;
custom,cuboid,metal3,0.1,0.1,2.4,1,1,1,1,0.1,0.1,37,60.5,-31.25,0,1,0,0;
custom,cuboid,crystal1,0.05,2,0.6,1,1,1,1,0.1,0.1,37,50.5,-39.25,0,1,0,0;
custom,cuboid,crystal1,0.05,2,0.6,1,1,1,1,0.1,0.1,37,50.5,-23.25,0,1,0,0;
custom,cuboid,metal3,1.2,1.6,0.05,1,1,1,1,1,1,27.5,50,-49.8,0,1,0,0;
custom,cuboid,metal2,1.1,1.5,0.05,1,1,1,1,1,1,27.5,50,-49.6,0,1,0,0;
custom,cuboid,metal1,1.05,1.45,0.05,1,1,1,1,0.1,0.1,27.5,50,-49.4,0,1,0,0;
custom,cuboid,rock2,3,3,1.2,1,1,1,1,0.01,0.01,2.5,49,-44,0,1,0,0;
custom,cuboid,bark4,2.8,2,1.22,1,0,0,0,0.1,0.1,2.5,53,-44,0,1,0,0;
custom,cuboid,bark4,2.7,1.9,1.24,1,1,1,1,0.1,0.1,2.5,53,-44,0,1,0,0;
custom,cuboid,bark4,0.05,2,0.86,1,0,0,0,0.1,0.1,2.5,53,-42,0,1,0,0;
custom,capsule,metal1,0.3,0.3,1.08,1,1,1,1,0.1,0.1,1,53,-43.5,0,1,0,0;
custom,capsule,metal1,0.3,0.3,1.08,1,1,1,1,0.1,0.1,4,53,-43.5,0,1,0,0;
custom,capsule,metal4,0.2,0.2,1.12,1,1,1,1,0.1,0.1,1,53,-43.5,0,1,0,0;
custom,capsule,metal4,0.2,0.2,1.12,1,1,1,1,0.1,0.1,4,53,-43.5,0,1,0,0;
custom,cuboid,bark4,2.8,0.7,1.22,1,0,0,0,0.1,0.1,2.5,39,-44,0,1,0,0;
custom,cuboid,bark4,2.7,0.6,1.24,1,1,1,1,0.1,0.1,2.5,39,-44,0,1,0,0;
custom,cuboid,bark4,0.05,0.65,0.86,1,0,0,0,0.1,0.1,2.5,39,-42,0,1,0,0;
custom,capsule,metal1,0.3,0.3,1.08,1,1,1,1,0.1,0.1,-4,39,-43.5,1,1,0,0;
custom,capsule,metal1,0.3,0.3,1.08,1,1,1,1,0.1,0.1,9.5,39,-43.5,1,1,0,0;
custom,capsule,metal4,0.2,0.2,1.12,1,1,1,1,0.1,0.1,-4,39,-43.5,1,1,0,0;
custom,capsule,metal4,0.2,0.2,1.12,1,1,1,1,0.1,0.1,9.5,39,-43.5,1,1,0,0;
custom,cuboid,rock2,1.75,0.05,0.7,1,1,1,1,0.3,0.3,-3.75,42,-16,0,1,0,0;
custom,cuboid,rock2,1.75,0.02,0.7,1,0.4,0.4,0.4,0.1,0.1,-3.75,40.5,-16,0,1,0,0;
custom,cuboid,rock2,1.65,0.02,0.7,1,0.4,0.4,0.4,0.1,0.1,-3.75,40.7,-18,0,1,0,0;
custom,cuboid,rock2,1.65,0.08,0.05,1,0.4,0.4,0.4,0.1,0.1,-3.75,40.9,-21.5,0,1,0,0;
custom,cuboid,metal3,1.2,0.02,0.4,0,0.4,0.4,0.1,0.4,0.4,-5,40.9,-19,0,1,-0.1,0;
custom,cuboid,rock2,1.75,0.05,0.7,1,1,1,1,0.3,0.3,-3.75,50,-16,0,1,0,0;
custom,cuboid,rock2,0.05,1.6,0.7,1,1,1,1,0.3,0.3,-12.25,42,-16,0,1,0,0;
custom,cuboid,rock2,0.05,1.6,0.7,1,1,1,1,0.3,0.3,4.75,42,-16,0,1,0,0;
custom,cuboid,default,0.9,0.6,0.05,0,0.4,0.4,0.4,0.1,0.4,-3.75,46,-14,0,1,0.1,0;
custom,cuboid,default,0.8,0.5,0.06,1,0,0,0,0.1,0.4,-3.75,46,-14,0,1,0.1,0;
custom,cuboid,default,0.3,0.6,0.05,0,0.4,0.4,0.4,0.1,0.4,-3.75,45,-13,0,1,0,0;
custom,cuboid,default,0.6,0.09,0.3,1,1,1,1,0.1,0.4,-3.75,42,-14.5,0,1,0,0;
custom,cuboid,default,0.3,0.07,0.5,0.4,0.6,0.6,1,0.1,0.4,3,40.5,-16,0,1,0,0;
custom,capsule,default,0.15,0.1,0.1,0.6,1,0.6,1,0.1,0.4,3,41,-16,0,1,1,0;
custom,capsule,default,0.15,0.15,0.1,1,1,1,1,0.1,0.4,-9,43.5,-15,0,1,0,0;
custom,capsule,default,0.12,0.1,0.12,1,0,0,0,0.1,0.4,-9,43.8,-15,0,1,0,0;
custom,capsule,default,0.11,0.09,0.13,0,0,0,0,0.1,0.4,-9,43.8,-15,0,1,0,0;
custom,capsule,default,0.1,0.08,0.14,1,0,0,0,0.1,0.4,-9,43.8,-15,0,1,0,0;
custom,capsule,default,0.15,0.15,0.1,1,1,1,1,0.1,0.4,1.5,43.5,-15,0,1,0,0;
custom,capsule,default,0.12,0.1,0.12,1,0,0,0,0.1,0.4,1.5,43.8,-15,0,1,0,0;
custom,capsule,default,0.11,0.09,0.13,0,0,0,0,0.1,0.4,1.5,43.8,-15,0,1,0,0;
custom,capsule,default,0.1,0.08,0.14,1,0,0,0,0.1,0.4,1.5,43.8,-15,0,1,0,0;
custom,capsule,brick3,0.6,0.3,0.05,1,0,1,1,0.1,0.1,-3.75,42,-32.5,0,1,-0.1,0;
custom,capsule,metal3,0.2,0.3,0.05,0,0,0,0,0.1,0.1,-3.75,41,-32.7,0,1,-0.1,0;
custom,capsule,brick3,0.6,0.05,0.6,1,0,1,1,0.1,0.1,-3.75,39,-29,0,1,-0.1,0;
custom,cuboid,metal3,0.1,0.4,0.1,0,0,1,1,0.1,0.1,-3.75,37,-30,0,1,0,0;
custom,cuboid,metal3,0.7,0.05,0.05,0,0,1,1,0.1,0.1,-3.75,35,-30,0,1,0,0.414;
custom,cuboid,metal3,0.7,0.05,0.05,0,0,1,1,0.1,0.1,-3.75,35,-30,0,1,0,-0.414;
custom,sphere,metal3,0.05,0.05,0.05,1,0,0,0,0.1,0.1,-1.4,34.5,-32.3,0,1,0,-0.414;
custom,sphere,metal3,0.05,0.05,0.05,1,0,0,0,0.1,0.1,-6.1,34.5,-32.3,0,1,0,-0.414;
custom,sphere,metal3,0.05,0.05,0.05,1,0,0,0,0.1,0.1,-1.4,34.5,-27.7,0,1,0,-0.414;
custom,sphere,metal3,0.05,0.05,0.05,1,0,0,0,0.1,0.1,-6.1,34.5,-27.7,0,1,0,-0.414;
custom,sphere,metal1,1,0.1,1,0,0,0,0,1,1,12.5,68,-31.25,0,1,0,0;
custom,sphere,metal1,0.9,0.13,0.9,1,0,0,0,1,1,12.5,68,-31.25,0,1,0,0;
custom,sphere,rock1,0.85,0.14,0.85,1,1,1,0,0.01,0.01,12.5,68,-31.25,0,1,0,0;
custom,sphere,metal1,1,0.1,1,0,0,0,0,1,1,12.5,68,31.25,0,1,0,0;
custom,sphere,metal1,0.9,0.13,0.9,1,0,0,0,1,1,12.5,68,31.25,0,1,0,0;
custom,sphere,rock1,0.85,0.14,0.85,1,1,1,0,0.01,0.01,12.5,68,31.25,0,1,0,0;
custom,sphere,metal3,1,0.1,1,0,0,0,0,1,1,-37.5,68,37.5,0,1,0,0;
custom,sphere,metal1,0.9,0.13,0.9,1,0,0,0,1,1,-37.5,68,37.5,0,1,0,0;
custom,sphere,default,0.85,0.14,0.85,0,0,0,0,0.01,0.01,-37.5,68,37.5,0,1,0,0;
custom,cuboid,default,10,0.01,10,1,0,0,0,1,1,0,68,0,0,1,0,0;
custom,cuboid,default,5,0.015,3.75,0,1,1,0,0.01,0.01,12.5,68,-31.25,0,1,0,0;
custom,cuboid,default,5,0.015,3.75,1,0.3,0.7,0,1,1,12.5,68,31.25,0,1,0,0;
custom,cuboid,metal3,2.5,0.015,2.5,1,0,0.7,1,1,1,-37.5,68,37.5,0,1,0,0;
custom,cylinder,default,0.5,0.01,0.5,0,0,0,0,1,1,0,68,0,0,1,0,0;
custom,cylinder,default,0.5,0.01,0.5,0,0,0,0,1,1,18.75,68,0,0,1,0,0;
custom,cylinder,default,0.5,0.01,0.5,0,0,0,0,1,1,-18.75,68,0,0,1,0,0;
custom,cylinder,default,0.5,0.01,0.5,0,0,0,0,1,1,-18.75,68,25,0,1,0,0;
custom,cylinder,default,0.5,0.01,0.5,0,0,0,0,1,1,-18.75,68,-25,0,1,0,0;
custom,cylinder,default,0.5,0.01,0.5,0,0,0,0,1,1,-37.5,68,15,0,1,0,0;
custom,cylinder,default,0.5,0.01,0.5,0,0,0,0,1,1,-37.5,68,-10,0,1,0,0;
custom,cylinder,default,0.5,0.01,0.5,0,0,0,0,1,1,-37.5,68,-35,0,1,0,0;
custom,cuboid,metal1,0.1,1.6,1.6,0,0,0,0,1,1,-49.8,51,-37.5,0,1,0,0;
custom,cuboid,metal1,0.11,1.4,1.4,1,0,0,0,1,1,-49.8,51,-37.5,0,1,0,0;
custom,cuboid,ice1,0.12,1.3,1.3,1,0,0,0,1,1,-49.8,51,-37.5,0,1,0,0;
custom,cuboid,earth2,10,0.2,10,0,0,0,0,1,1,0,69,0,0,1,0,0;
custom,cuboid,rock1,1.25,1,0.05,0,0,0,0,0.01,0.01,11.25,63,12.5,0,1,0,0;
custom,cuboid,rock1,1.25,1,0.05,0,0,0,0,0.01,0.01,11.25,63,-12.5,0,1,0,0;
custom,cuboid,bark,0.05,2.4,0.06,0,0,0,0,0.01,0.01,17.5,46,12.5,0,1,0,0;
custom,cuboid,bark,0.05,2.4,0.06,0,0,0,0,0.01,0.01,17.5,46,-12.5,0,1,0,0;
custom,cuboid,bark,0.05,2.4,0.06,0,0,0,0,0.01,0.01,5,46,12.5,0,1,0,0;
custom,cuboid,bark,0.05,2.4,0.06,0,0,0,0,0.01,0.01,5,46,-12.5,0,1,0,0;
custom,cuboid,bark,1.3,0.05,0.07,0,0,0,0,0.01,0.01,11.25,58,12.5,0,1,0,0;
custom,cuboid,bark,1.3,0.05,0.07,0,0,0,0,0.01,0.01,11.25,58,-12.5,0,1,0,0;
custom,cuboid,default,0.2,0.2,0.07,0,0,0,0,1,1,3,51.5,12.8,0,1,0,0;
custom,cuboid,default,0.2,0.2,0.07,0,0,0,0,1,1,3,51.5,-12.8,0,1,0,0;
custom,cuboid,default,0.17,0.17,0.08,1,0,0,0,1,1,3,51.5,-12.8,0,1,0,0;
custom,cuboid,default,0.15,0.15,0.09,0,0,0,0,1,1,3,51.5,-12.8,0,1,0,0;
custom,cuboid,default,0.07,0.17,0.1,1,0,0,0,1,1,3,51.5,-12.8,0,1,0,0;
custom,cuboid,default,0.05,0.15,0.11,0,0,0,0,1,1,3,51.5,-12.8,0,1,0,0;
custom,cuboid,default,0.17,0.17,0.08,1,0,0,0,1,1,3,51.5,12.8,0,1,0,0;
custom,cuboid,default,0.15,0.15,0.09,0,0,0,0,1,1,3,51.5,12.8,0,1,0,0;
custom,cuboid,default,0.07,0.17,0.1,1,0,0,0,1,1,3,51.5,12.8,0,1,0,0;
custom,cuboid,default,0.05,0.15,0.11,0,0,0,0,1,1,3,51.5,12.8,0,1,0,0;
custom,cuboid,default,0.07,0.2,0.2,0,0,0,0,1,1,-26,50,39,0,1,0,0;
custom,cuboid,default,0.08,0.17,0.17,1,0,0,0,1,1,-26,50,39,0,1,0,0;
custom,cuboid,default,0.09,0.15,0.15,0,0,0,0,1,1,-26,50,39,0,1,0,0;
custom,cuboid,default,0.1,0.17,0.07,1,0,0,0,1,1,-26,50,39,0,1,0,0;
custom,cuboid,default,0.11,0.15,0.05,0,0,0,0,1,1,-26,50,39,0,1,0,0;
custom,cylinder,metal1,0.05,1.25,0.05,0,0,0,0,0.1,0.1,-37.5,58,37.5,0,1,1,0;
custom,cuboid,crystal2,0.02,2,0.2,0,0,0,0,0.1,0.1,-37.5,48,26.5,0,1,0,0;
custom,cuboid,crystal1,0.1,2.4,0.025,0,0,0,0,0.1,0.1,-26,46,25.5,0,1,0,0.2;
custom,cuboid,crystal1,0.1,2.4,0.025,0,0,0,0,0.1,0.1,-26,46,25.7,0,1,0,-0.2;
custom,cuboid,crystal1,0.1,2.4,0.025,0,0,0,0,0.1,0.1,-26,46,25.9,0,1,0,0.2;
custom,cuboid,rock1,0.05,1,1.25,0,0,0,0,0.01,0.01,-26.25,63,31.25,0,1,0,0;
custom,cuboid,metal4,0.05,1,1.25,0,0,0,0,0.1,0.1,-26.5,63,31.25,0,1,0,0;
custom,cuboid,grass,0.8,0.01,1.2,0,0,0,0,0.01,0.01,-22,34.5,31.25,0,1,0,0;
custom,cuboid,default,0.6,0.012,1,1,0,0,0,0.01,0.01,-22,34.5,31.25,0,1,0,0;
custom,cuboid,grass3,0.5,0.014,0.9,0,0,0,0,0.01,0.01,-22,34.5,31.25,0,1,0,0;
custom,cuboid,bark,7.5,0.1,10,0,0,0,0,0.1,0.1,12.5,33.9,0,0,1,0,0;
custom,cuboid,bark,5,0.1,10,0,0,0,0,0.1,0.1,-75,33.9,0,0,1,0,0;
custom,cuboid,bark,2.5,0.1,2.5,0,0,0,0,0.1,0.1,-37.5,33.9,37.5,0,1,0,0;
custom,cuboid,bark,2.5,0.1,2.5,0,0,0,0,0.1,0.1,-37.5,33.9,-37.5,0,1,0,0;
custom,cuboid,wood2,10,0.1,10,0,0,0,0,0.6,0.2,0,0,0,0,1,0,0;
custom,cuboid,bark2,5,0.1,10,0,0,0,0,0.6,0.2,-75,0,0,0,1,0,0;
custom,cuboid,rock1,0.05,3.4,7.5,0,0,0,0,0.01,0.01,-25,17,-12.5,0,1,0,0;
custom,cuboid,rock1,2.5,3.4,0.05,0,0,0,0,0.01,0.01,-37.5,17,-25,0,1,0,0;
custom,cuboid,rock1,0.05,3.4,5,0,0,0,0,0.01,0.01,-50,17,0,0,1,0,0;
custom,cuboid,crystal1,2,0.5,4.2,0,0,0,0,0.1,0.1,-15,2.5,-29,0,1,0,0;
custom,cuboid,crystal1,2,0.05,4.2,0,0,0,0,0.1,0.1,-15,30,-29,0,1,0,0;
custom,cuboid,crystal1,2,0.05,4.2,0,0,0,0,0.1,0.1,-15,25,-29,0,1,0,0;
custom,cuboid,crystal1,2,3,0.02,0,0,0,0,0.1,0.1,-15,15,-49.5,0,1,0,0;
custom,cuboid,crystal1,2,3,0.02,0,0,0,0,0.1,0.1,-15,15,-8,0,1,0,0;
custom,cuboid,crystal1,0.02,3,4.2,0,0,0,0,0.1,0.1,-24.75,15,-29,0,1,0,0;
custom,cuboid,crystal1,2,2,0.02,0,0,0,0,0.1,0.1,-15,15,-43,0,1,0,0;
custom,cuboid,crystal1,2,2,0.02,0,0,0,0,0.1,0.1,-15,15,-15,0,1,0,0;
custom,cuboid,crystal1,2,0.05,0.7,0,0,0,0,0.1,0.1,-15,15,-46.5,0,1,0,0;
custom,cuboid,crystal1,2,0.05,0.7,0,0,0,0,0.1,0.1,-15,15,-11.5,0,1,0,0;
custom,cuboid,metal1,1.4,0.9,0.6,0,0,0,0,0.1,0.1,-15,9.5,-46.5,0,1,0,0;
custom,cuboid,metal4,1.42,0.8,0.5,0,0,0,0,0.1,0.1,-15,9.5,-46.5,0,1,0,0;
custom,cuboid,metal1,1.44,0.75,0.45,1,0,0,0,0.1,0.1,-15,9.5,-46.5,0,1,0,0;
custom,cylinder,default,0.4,0.73,0.4,0,0,0,0,0.1,0.1,-15,11,-46.5,1,1,0,0;
custom,cylinder,metal1,0.35,0.74,0.35,0,0,0,0,0.1,0.1,-15,11,-46.5,1,1,0,0;
custom,cylinder,default,0.25,0.75,0.25,0,0,0,0,0.1,0.1,-15,11,-46.5,1,1,0,0;
custom,cylinder,metal4,0.2,0.76,0.2,0,0,0,0,0.1,0.1,-15,11,-46.5,1,1,0,0;
custom,cylinder,metal4,0.15,0.77,0.15,1,0,0,0,0.1,0.1,-15,11,-46.5,1,1,0,0;
custom,cylinder,default,0.1,0.78,0.1,0,0,0,0,0.1,0.1,-15,11,-46.5,1,1,0,0;
custom,cylinder,default,0.25,0.73,0.25,0,0,0,0,0.1,0.1,-15,7.5,-46.5,1,1,0,0;
custom,cylinder,metal1,0.225,0.74,0.225,0,0,0,0,0.1,0.1,-15,7.5,-46.5,1,1,0,0;
custom,cylinder,default,0.175,0.75,0.175,0,0,0,0,0.1,0.1,-15,7.5,-46.5,1,1,0,0;
custom,cylinder,metal4,0.15,0.76,0.15,0,0,0,0,0.1,0.1,-15,7.5,-46.5,1,1,0,0;
custom,cylinder,metal4,0.125,0.77,0.125,1,0,0,0,0.1,0.1,-15,7.5,-46.5,1,1,0,0;
custom,cylinder,default,0.075,0.78,0.075,0,0,0,0,0.1,0.1,-15,7.5,-46.5,1,1,0,0;
custom,cuboid,default,0.05,1.4,2.4,0,0,0,0,0.1,0.1,-17,13,-29,0,1,0,0;
custom,cuboid,metal1,0.052,1.35,2.35,0,0,0,0,0.1,0.1,-17,13,-29,0,1,0,0;
custom,cuboid,default,0.054,1.3,2.3,0,0,0,0,0.1,0.1,-17,13,-29,0,1,0,0;
custom,cuboid,metal1,0.056,1.25,2.25,1,0,0,0,0.1,0.1,-17,13,-29,0,1,0,0;
custom,cuboid,metal1,0.058,0.075,1,0,0,0,0,0.1,0.1,-17,6.375,-29,0,1,0,0;
custom,cuboid,metal1,0.06,0.055,0.97,1,0,0,0,0.1,0.1,-17,6.375,-29,0,1,0,0;
custom,cuboid,default,0.062,0.035,0.95,0,0,0,0,0.1,0.1,-17,6.375,-29,0,1,0,0;
custom,sphere,metal1,0.035,0.035,0.035,1,1,0,0,0.1,0.1,-16.6,6.375,-29,0,1,0,0;
custom,cuboid,metal1,0.05,1.4,1.4,0,0,0,0,0.1,0.1,-18,12,-29,0,1,0,0;
custom,cuboid,default,0.8,0.04,1.6,0,0,0,0,0.1,0.1,-17,5,-29,0,1,0,0;
custom,cuboid,crystal1,2,0.4,4.1,1,0,0,0,0.1,0.1,-14.9,2.5,-29,0,1,0,0;
custom,cuboid,crystal1,2,0.35,4.05,0,0,0,0,0.1,0.1,-14.8,2.5,-29,0,1,0,0;
custom,cuboid,crystal1,2,0.4,1.4,1,0,0,0,0.1,0.1,-14.7,2.5,-29,0,1,0,0;
custom,cuboid,crystal1,2,0.35,1.35,0,0,0,0,0.1,0.1,-13,2.5,-29,0,1,0,0;
custom,cuboid,crystal1,1.95,0.36,1.3,1,0,0,0,0.1,0.1,-13,2.5,-29,0,1,0,0;
custom,cuboid,metal1,2,0.05,0.4,0,0,0,0,0.1,0.1,-12.5,2.5,-29,0,1,0,0;
custom,cuboid,metal1,2,0.02,0.3,1,0,0,0,0.1,0.1,-12.4,2.5,-29,0,1,0,0;
custom,cuboid,metal1,2,0.05,0.4,0,0,0,0,0.1,0.1,-14.2,2.5,-43,0,1,0,0;
custom,cuboid,metal1,2,0.02,0.3,1,0,0,0,0.1,0.1,-14.1,2.5,-43,0,1,0,0;
custom,cuboid,metal1,2,0.05,0.4,0,0,0,0,0.1,0.1,-14.2,2.5,-15,0,1,0,0;
custom,cuboid,metal1,2,0.02,0.3,1,0,0,0,0.1,0.1,-14.1,2.5,-15,0,1,0,0;
custom,cuboid,metal1,0.2,0.4,0.2,1,0,0.5,1,0.1,0.1,-13,17,-9,0,1,0,0;
custom,cuboid,bark2,0.3,0.2,0.3,1,1,1,0,0.1,0.1,-13,16,-11.5,0,1,0,0;
custom,cuboid,earth2,0.2,0.3,0.2,1,1,0.3,0,0.1,0.1,-13,16.5,-14,0,1,0,0;
custom,cuboid,bark4,0.4,0.7,0.4,1,0.3,1,0,0.1,0.1,-16.5,18.5,-13,0,1,0,0;
custom,cuboid,rock2,0.2,0.5,0.2,1,1,0.7,0.3,0.1,0.1,-16.5,17.5,-10,0,1,0,0;
custom,cuboid,ice1,0.4,0.1,0.4,1,1,0.7,0.3,0.1,0.1,-7,15.75,-11.5,0,1,0,0.3;
custom,cuboid,metal1,0.2,0.4,0.2,0,0,0.5,1,0.1,0.1,-13,17,-44,0,1,0,0;
custom,cuboid,earth2,0.2,0.3,0.2,0,1,0.3,0,0.1,0.1,-13,16.5,-48,0,1,0,0;
custom,cuboid,bark4,0.4,0.7,0.4,0,0.3,1,0,0.1,0.1,-16.5,18.5,-47,0,1,0,0;
custom,cuboid,grass3,0.3,0.15,0.3,0,1,0.7,0.3,0.1,0.1,-7,15.75,-46.5,0,1,0,-0.3;
custom,cuboid,metal1,1.4,0.9,0.6,0,0,0,0,0.1,0.1,-15,9.5,-11.5,0,1,0,0;
custom,cuboid,metal4,1.42,0.8,0.5,0,0,0,0,0.1,0.1,-15,9.5,-11.5,0,1,0,0;
custom,cuboid,metal1,1.44,0.75,0.45,1,0,0,0,0.1,0.1,-15,9.5,-11.5,0,1,0,0;
custom,cylinder,default,0.4,0.73,0.4,0,0,0,0,0.1,0.1,-15,11,-11.5,1,1,0,0;
custom,cylinder,metal1,0.35,0.74,0.35,0,0,0,0,0.1,0.1,-15,11,-11.5,1,1,0,0;
custom,cylinder,default,0.25,0.75,0.25,0,0,0,0,0.1,0.1,-15,11,-11.5,1,1,0,0;
custom,cylinder,metal4,0.2,0.76,0.2,0,0,0,0,0.1,0.1,-15,11,-11.5,1,1,0,0;
custom,cylinder,metal4,0.15,0.77,0.15,1,0,0,0,0.1,0.1,-15,11,-11.5,1,1,0,0;
custom,cylinder,default,0.1,0.78,0.1,0,0,0,0,0.1,0.1,-15,11,-11.5,1,1,0,0;
custom,cylinder,default,0.25,0.73,0.25,0,0,0,0,0.1,0.1,-15,7.5,-11.5,1,1,0,0;
custom,cylinder,metal1,0.225,0.74,0.225,0,0,0,0,0.1,0.1,-15,7.5,-11.5,1,1,0,0;
custom,cylinder,default,0.175,0.75,0.175,0,0,0,0,0.1,0.1,-15,7.5,-11.5,1,1,0,0;
custom,cylinder,metal4,0.15,0.76,0.15,0,0,0,0,0.1,0.1,-15,7.5,-11.5,1,1,0,0;
custom,cylinder,metal4,0.125,0.77,0.125,1,0,0,0,0.1,0.1,-15,7.5,-11.5,1,1,0,0;
custom,cylinder,default,0.075,0.78,0.075,0,0,0,0,0.1,0.1,-15,7.5,-11.5,1,1,0,0;
custom,cuboid,bark,1,0.4,3.3,0,0,0,0,0.1,0.1,-20,2,8.5,0,1,0,0;
custom,cuboid,bark,1,0.02,3.3,0,0,0,0,0.1,0.1,-20,32,8.5,0,1,0,0;
custom,cuboid,bark,1,0.02,3.3,0,0,0,0,0.1,0.1,-20,24,8.5,0,1,0,0;
custom,cuboid,bark,1,0.02,3.3,0,0,0,0,0.1,0.1,-20,20,8.5,0,1,0,0;
custom,cuboid,bark,1,0.02,3.3,0,0,0,0,0.1,0.1,-20,16,8.5,0,1,0,0;
custom,cuboid,bark,1,0.02,3.3,0,0,0,0,0.1,0.1,-20,12,8.5,0,1,0,0;
custom,cuboid,bark,1,3.2,0.02,0,0,0,0,0.1,0.1,-20,16,-7.9,0,1,0,0;
custom,cuboid,bark,1,3.2,0.02,0,0,0,0,0.1,0.1,-20,16,25,0,1,0,0;
custom,cuboid,bark,1,3.2,0.02,0,0,0,0,0.1,0.1,-20,16,8.5,0,1,0,0;
custom,cuboid,bark,0.02,3.2,3.3,0,0,0,0,0.1,0.1,-24.75,16,8.5,0,1,0,0;
custom,cylinder,metal1,0.05,0.1,0.05,0,0,0,0,0.1,0.1,-15,14,8.5,0,1,0,0.2;
custom,cylinder,metal1,0.05,0.1,0.05,0,0,0,0,0.1,0.1,-15,22,8.5,0,1,0,0.2;
custom,cuboid,bark,0.02,1.2,0.825,0,0,0,0,0.1,0.1,-13.5,18,4.5,0,1,0,0.2;
custom,cuboid,ice1,0.021,1.1,0.725,0,0,0,0,0.1,0.1,-13.5,18,4.5,0,1,0,0.2;
custom,cuboid,bark,0.022,1,0.625,0,0,0,0,0.1,0.1,-13.5,18,4.5,0,1,0,0.2;
custom,cuboid,ice1,0.023,0.7,0.325,0,0,0,0,0.1,0.1,-13.5,18,4.5,0,1,0,0.2;
custom,cuboid,bark,0.024,0.675,0.3,0,0,0,0,0.1,0.1,-13.5,18,4.5,0,1,0,0.2;
custom,cuboid,ice1,0.025,0.625,0.25,0,0,0,0,0.1,0.1,-13.5,18,4.5,0,1,0,0.2;
custom,cuboid,rock1,0.026,0.6,0.225,0,0,0,0,0.1,0.1,-13.5,18,4.5,0,1,0,0.2;
custom,cylinder,metal1,0.05,0.1,0.05,0,0,0,0,0.1,0.1,-15,22,-8,0,1,0,0.2;
custom,cylinder,metal1,0.05,0.1,0.05,0,0,0,0,0.1,0.1,-15,14,-8,0,1,0,0.2;
custom,cuboid,bark,0.02,1.2,0.825,0,0,0,0,0.1,0.1,-13.5,18,-4,0,1,0,-0.2;
custom,cuboid,ice1,0.021,1.1,0.725,0,0,0,0,0.1,0.1,-13.5,18,-4,0,1,0,-0.2;
custom,cuboid,bark,0.022,1,0.625,0,0,0,0,0.1,0.1,-13.5,18,-4,0,1,0,-0.2;
custom,cuboid,ice1,0.023,0.7,0.325,0,0,0,0,0.1,0.1,-13.5,18,-4,0,1,0,-0.2;
custom,cuboid,bark,0.024,0.675,0.3,0,0,0,0,0.1,0.1,-13.5,18,-4,0,1,0,-0.2;
custom,cuboid,ice1,0.025,0.625,0.25,0,0,0,0,0.1,0.1,-13.5,18,-4,0,1,0,-0.2;
custom,cuboid,rock1,0.026,0.6,0.225,0,0,0,0,0.1,0.1,-13.5,18,-4,0,1,0,-0.2;
custom,cylinder,metal1,0.05,0.1,0.05,0,0,0,0,0.1,0.1,-15,14,8.5,0,1,0,0.2;
custom,cylinder,metal1,0.05,0.1,0.05,0,0,0,0,0.1,0.1,-15,22,8.5,0,1,0,0.2;
custom,cuboid,bark,0.02,1.2,0.825,0,0,0,0,0.1,0.1,-13.5,18,12.5,0,1,0,-0.2;
custom,cuboid,ice1,0.021,1.1,0.725,0,0,0,0,0.1,0.1,-13.5,18,12.5,0,1,0,-0.2;
custom,cuboid,bark,0.022,1,0.625,0,0,0,0,0.1,0.1,-13.5,18,12.5,0,1,0,-0.2;
custom,cuboid,ice1,0.023,0.7,0.325,0,0,0,0,0.1,0.1,-13.5,18,12.5,0,1,0,-0.2;
custom,cuboid,bark,0.024,0.675,0.3,0,0,0,0,0.1,0.1,-13.5,18,12.5,0,1,0,-0.2;
custom,cuboid,ice1,0.025,0.625,0.25,0,0,0,0,0.1,0.1,-13.5,18,12.5,0,1,0,-0.2;
custom,cuboid,rock1,0.026,0.6,0.225,0,0,0,0,0.1,0.1,-13.5,18,12.5,0,1,0,-0.2;
custom,cylinder,metal1,0.05,0.1,0.05,0,0,0,0,0.1,0.1,-15,14,25,0,1,0,0.2;
custom,cylinder,metal1,0.05,0.1,0.05,0,0,0,0,0.1,0.1,-15,22,25,0,1,0,0.2;
custom,cuboid,bark,0.02,1.2,0.825,0,0,0,0,0.1,0.1,-13.5,18,21,0,1,0,0.2;
custom,cuboid,ice1,0.021,1.1,0.725,0,0,0,0,0.1,0.1,-13.5,18,21,0,1,0,0.2;
custom,cuboid,bark,0.022,1,0.625,0,0,0,0,0.1,0.1,-13.5,18,21,0,1,0,0.2;
custom,cuboid,ice1,0.023,0.7,0.325,0,0,0,0,0.1,0.1,-13.5,18,21,0,1,0,0.2;
custom,cuboid,bark,0.024,0.675,0.3,0,0,0,0,0.1,0.1,-13.5,18,21,0,1,0,0.2;
custom,cuboid,ice1,0.025,0.625,0.25,0,0,0,0,0.1,0.1,-13.5,18,21,0,1,0,0.2;
custom,cuboid,rock1,0.026,0.6,0.225,0,0,0,0,0.1,0.1,-13.5,18,21,0,1,0,0.2;
custom,cylinder,rock1,0.3,0.25,0.05,1,0.4,0.5,0.8,0.1,0.1,-20,26.5,24.5,0,1,0,0;
custom,cylinder,rock3,0.3,0.25,0.05,1,0.4,0.5,0.8,0.1,0.1,-20,26.5,24,0,1,0,0;
custom,cylinder,metal1,0.3,0.25,0.05,1,0.4,0.5,0.8,0.1,0.1,-20,26.5,23.5,0,1,0,0;
custom,cylinder,grass3,0.3,0.25,0.05,1,0.4,0.5,0.8,0.1,0.1,-20,26.5,23,0,1,0,0;
custom,cylinder,ice1,0.3,0.25,0.05,1,0.4,0.5,0.8,0.1,0.1,-20,26.5,22.5,0,1,0,0;
custom,cylinder,earth2,0.3,0.25,0.05,1,0.4,0.5,0.8,0.1,0.1,-20,26.5,22,0,1,0,0;
custom,cylinder,metal3,0.3,0.25,0.05,1,0.4,0.5,0.8,0.1,0.1,-20,26.5,21.5,0,1,0,0;
custom,cylinder,grass,0.3,0.25,0.05,1,0.4,0.5,0.8,0.1,0.1,-20,26.5,21,0,1,0,0;
custom,cylinder,default,0.3,0.25,0.05,1,0.4,0.5,0.8,0.1,0.1,-20,26.5,20.5,0,1,0,0;
custom,cylinder,grass2,0.3,0.25,0.05,1,0.4,0.5,0.8,0.1,0.1,-20,26.5,20,0,1,0,0;
custom,cylinder,metal4,0.3,0.25,0.05,1,0.4,0.5,0.8,0.1,0.1,-20,26.5,19.5,0,1,0,0;
custom,cylinder,crystal2,0.3,0.25,0.05,1,0.4,0.5,0.8,0.1,0.1,-20,26.5,19,0,1,0,0;
custom,cylinder,lava1,0.3,0.25,0.05,1,0.4,0.5,0.8,0.1,0.1,-20,26.5,18.5,0,1,0,0;
custom,cylinder,earth1,0.3,0.25,0.05,1,0.4,0.5,0.8,0.1,0.1,-20,26.5,18,0,1,0,0;
custom,cylinder,metal2,0.3,0.25,0.05,1,0.4,0.5,0.8,0.1,0.1,-20,26.5,17.5,0,1,0,0;
custom,cylinder,crystal1,0.3,0.25,0.05,1,0.4,0.5,0.8,0.1,0.1,-20,26.5,17,0,1,0,0;
custom,cylinder,brick,0.3,0.25,0.05,1,0.4,0.5,0.8,0.1,0.1,-20,26.5,16.5,0,1,0,0;
custom,cylinder,brick2,0.3,0.25,0.05,1,0.4,0.5,0.8,0.1,0.1,-20,26.5,16,0,1,0,0;
custom,cylinder,bark2,0.3,0.25,0.05,1,0.4,0.5,0.8,0.1,0.1,-20,26.5,15.5,0,1,0,0;
custom,cylinder,bark3,0.3,0.25,0.05,1,0.4,0.5,0.8,0.1,0.1,-20,26.5,15,0,1,0,0;
custom,cylinder,rock2,0.3,0.25,0.05,1,0.4,0.5,0.8,0.1,0.1,-20,26.5,14.5,0,1,0,0;
custom,cylinder,crystal1,0.3,0.25,0.05,1,0.4,0.5,0.8,0.1,0.1,-20,26.5,14,0,1,0,0;
custom,cylinder,metal1,0.3,0.25,0.05,1,0.4,0.5,0.8,0.1,0.1,-20,26.5,13.5,0,1,0,0;
custom,cylinder,metal2,0.3,0.25,0.05,1,0.4,0.5,0.8,0.1,0.1,-20,26.5,13,0,1,0,0;
custom,cylinder,crystal2,0.3,0.25,0.05,1,0.4,0.5,0.8,0.1,0.1,-20,26.5,12.5,0,1,0,0;
custom,cylinder,lava1,0.3,0.25,0.05,1,0.4,0.5,0.8,0.1,0.1,-20,26.5,12,0,1,0,0;
custom,cylinder,brick3,0.3,0.25,0.05,1,0.4,0.5,0.8,0.1,0.1,-20,26.5,11.5,0,1,0,0;
custom,cylinder,bark4,0.3,0.25,0.05,1,0.4,0.5,0.8,0.1,0.1,-20,26.5,11,0,1,0,0;
custom,cylinder,rock1,0.3,0.25,0.05,1,0.4,0.5,0.8,0.1,0.1,-20,26.5,10.5,0,1,0,0;
custom,cylinder,default,0.3,0.25,0.05,1,0.4,0.5,0.8,0.1,0.1,-20,26.5,10,0,1,0,0;
custom,cylinder,ice1,0.3,0.25,0.05,1,0.4,0.5,0.8,0.1,0.1,-20,26.5,9.5,0,1,0,0;
custom,cylinder,metal4,0.3,0.25,0.05,1,0.4,0.5,0.8,0.1,0.1,-20,26.5,9,0,1,0,0;
custom,cylinder,rock1,0.3,0.25,0.05,0,0.4,0.5,0.8,0.1,0.1,-20,26.5,8,0,1,0,0;
custom,cylinder,rock3,0.3,0.25,0.05,0,0.4,0.5,0.8,0.1,0.1,-20,26.5,7.5,0,1,0,0;
custom,cylinder,metal1,0.3,0.25,0.05,0,0.4,0.5,0.8,0.1,0.1,-20,26.5,7,0,1,0,0;
custom,cylinder,grass3,0.3,0.25,0.05,0,0.4,0.5,0.8,0.1,0.1,-20,26.5,6.5,0,1,0,0;
custom,cylinder,ice1,0.3,0.25,0.05,0,0.4,0.5,0.8,0.1,0.1,-20,26.5,6,0,1,0,0;
custom,cylinder,earth2,0.3,0.25,0.05,0,0.4,0.5,0.8,0.1,0.1,-20,26.5,5.5,0,1,0,0;
custom,cylinder,metal3,0.3,0.25,0.05,0,0.4,0.5,0.8,0.1,0.1,-20,26.5,5,0,1,0,0;
custom,cylinder,grass,0.3,0.25,0.05,0,0.4,0.5,0.8,0.1,0.1,-20,26.5,4.5,0,1,0,0;
custom,cylinder,default,0.3,0.25,0.05,0,0.4,0.5,0.8,0.1,0.1,-20,26.5,4,0,1,0,0;
custom,cylinder,grass2,0.3,0.25,0.05,0,0.4,0.5,0.8,0.1,0.1,-20,26.5,3.5,0,1,0,0;
custom,cylinder,metal4,0.3,0.25,0.05,0,0.4,0.5,0.8,0.1,0.1,-20,26.5,3,0,1,0,0;
custom,cylinder,crystal2,0.3,0.25,0.05,0,0.4,0.5,0.8,0.1,0.1,-20,26.5,2.5,0,1,0,0;
custom,cylinder,lava1,0.3,0.25,0.05,0,0.4,0.5,0.8,0.1,0.1,-20,26.5,2,0,1,0,0;
custom,cylinder,earth1,0.3,0.25,0.05,0,0.4,0.5,0.8,0.1,0.1,-20,26.5,1.5,0,1,0,0;
custom,cylinder,metal2,0.3,0.25,0.05,0,0.4,0.5,0.8,0.1,0.1,-20,26.5,1,0,1,0,0;
custom,cylinder,crystal1,0.3,0.25,0.05,0,0.4,0.5,0.8,0.1,0.1,-20,26.5,0.5,0,1,0,0;
custom,cylinder,brick,0.3,0.25,0.05,0,0.4,0.5,0.8,0.1,0.1,-20,26.5,0,0,1,0,0;
custom,cylinder,brick2,0.3,0.25,0.05,0,0.4,0.5,0.8,0.1,0.1,-20,26.5,-0.5,0,1,0,0;
custom,cylinder,bark2,0.3,0.25,0.05,0,0.4,0.5,0.8,0.1,0.1,-20,26.5,-1,0,1,0,0;
custom,cylinder,bark3,0.3,0.25,0.05,0,0.4,0.5,0.8,0.1,0.1,-20,26.5,-1.5,0,1,0,0;
custom,cylinder,rock2,0.3,0.25,0.05,0,0.4,0.5,0.8,0.1,0.1,-20,26.5,-2,0,1,0,0;
custom,cylinder,crystal1,0.3,0.25,0.05,0,0.4,0.5,0.8,0.1,0.1,-20,26.5,-2.5,0,1,0,0;
custom,cylinder,metal1,0.3,0.25,0.05,0,0.4,0.5,0.8,0.1,0.1,-20,26.5,-3,0,1,0,0;
custom,cylinder,metal2,0.3,0.25,0.05,0,0.4,0.5,0.8,0.1,0.1,-20,26.5,-3.5,0,1,0,0;
custom,cylinder,crystal2,0.3,0.25,0.05,0,0.4,0.5,0.8,0.1,0.1,-20,26.5,-4,0,1,0,0;
custom,cylinder,lava1,0.3,0.25,0.05,0,0.4,0.5,0.8,0.1,0.1,-20,26.5,-4.5,0,1,0,0;
custom,cylinder,brick3,0.3,0.25,0.05,0,0.4,0.5,0.8,0.1,0.1,-20,26.5,-5,0,1,0,0;
custom,cylinder,bark4,0.3,0.25,0.05,0,0.4,0.5,0.8,0.1,0.1,-20,26.5,-5.5,0,1,0,0;
custom,cylinder,rock1,0.3,0.25,0.05,0,0.4,0.5,0.8,0.1,0.1,-20,26.5,-6,0,1,0,0;
custom,cylinder,default,0.3,0.25,0.05,0,0.4,0.5,0.8,0.1,0.1,-20,26.5,-6.5,0,1,0,0;
custom,cylinder,ice1,0.3,0.25,0.05,0,0.4,0.5,0.8,0.1,0.1,-20,26.5,-7,0,1,0,0;
custom,cylinder,metal4,0.3,0.25,0.05,0,0.4,0.5,0.8,0.1,0.1,-20,26.5,-7.5,0,1,0,0;
custom,cuboid,bark3,0.1,0.8,0.825,0,0,0,0,0.1,0.1,-16,8,12.625,0,1,0,0;
custom,cuboid,ice1,0.11,0.1,0.1,0,0,0,0,0.1,0.1,-16,8,9.625,0,1,0,0;
custom,cuboid,bark3,0.12,0.07,0.07,1,0,0,0,0.1,0.1,-16,8,9.625,0,1,0,0;
custom,cuboid,metal1,0.13,0.02,0.02,0,0,0,0,0.1,0.1,-16,8,9.625,0,1,0,0;
custom,cuboid,bark3,0.1,0.8,0.825,0,0,0,0,0.1,0.1,-17,8,17,0,1,0,0;
custom,cuboid,ice1,0.11,0.1,0.1,0,0,0,0,0.1,0.1,-17,8,20,0,1,0,0;
custom,cuboid,bark3,0.12,0.07,0.07,1,0,0,0,0.1,0.1,-17,8,20,0,1,0,0;
custom,cuboid,metal1,0.13,0.02,0.02,0,0,0,0,0.1,0.1,-17,8,20,0,1,0,0;
custom,cuboid,bark3,0.1,0.8,0.825,0,0,0,0,0.1,0.1,-16,8,-1.25,0,1,0,0;
custom,cuboid,ice1,0.11,0.1,0.1,0,0,0,0,0.1,0.1,-16,8,-4.25,0,1,0,0;
custom,cuboid,bark3,0.12,0.07,0.07,1,0,0,0,0.1,0.1,-16,8,-4.25,0,1,0,0;
custom,cuboid,metal1,0.13,0.02,0.02,0,0,0,0,0.1,0.1,-16,8,-4.25,0,1,0,0;
custom,cuboid,bark3,0.1,0.8,0.825,0,0,0,0,0.1,0.1,-17,8,3,0,1,0,0;
custom,cuboid,ice1,0.11,0.1,0.1,0,0,0,0,0.1,0.1,-17,8,6,0,1,0,0;
custom,cuboid,bark3,0.12,0.07,0.07,1,0,0,0,0.1,0.1,-17,8,6,0,1,0,0;
custom,cuboid,metal1,0.13,0.02,0.02,0,0,0,0,0.1,0.1,-17,8,6,0,1,0,0;
custom,cuboid,bark3,0.015,0.05,3.3,1,0,0,0,0.1,0.1,-16,4,8.5,0,1,0,0;
custom,cuboid,bark3,0.015,0.05,3.3,1,0,0,0,0.1,0.1,-17,4,8.5,0,1,0,0;
custom,cuboid,metal1,0.01,0.06,3.3,0,0,0,0,0.1,0.1,-16,4,8.5,0,1,0,0;
custom,cuboid,metal1,0.01,0.06,3.3,0,0,0,0,0.1,0.1,-17,4,8.5,0,1,0,0;
custom,cuboid,bark,1,0.3,3.2,1,0,0,0,0.1,0.1,-19.99,2,8.5,0,1,0,0;
custom,cuboid,ice,1,0.25,3.15,0,0,0,0,0.1,0.1,-19.98,2,8.5,0,1,0,0;
custom,cuboid,bark,1,0.3,1.6,1,0,0,0,0.1,0.1,-19.97,2,8.5,0,1,0,0;
custom,cuboid,ice,1,0.25,1.55,0,0,0,0,0.1,0.1,-19.96,2,8.5,0,1,0,0;
custom,cuboid,bark,1,0.3,0.1,1,0,0,0,0.1,0.1,-19.95,2,8.5,0,1,0,0;
custom,cuboid,bark,1,0.05,0.4,1,0,0,0,0.1,0.1,-19.5,2,4.375,0,1,0,0;
custom,cuboid,bark,1,0.03,0.3,0,0,0,0,0.1,0.1,-19.4,2,4.375,0,1,0,0;
custom,cuboid,bark,1,0.05,0.4,1,0,0,0,0.1,0.1,-19.5,2,-3.875,0,1,0,0;
custom,cuboid,bark,1,0.03,0.3,0,0,0,0,0.1,0.1,-19.4,2,-3.875,0,1,0,0;
custom,cuboid,bark,1,0.05,0.4,1,0,0,0,0.1,0.1,-19.5,2,12.625,0,1,0,0;
custom,cuboid,bark,1,0.03,0.3,0,0,0,0,0.1,0.1,-19.4,2,12.625,0,1,0,0;
custom,cuboid,bark,1,0.05,0.4,1,0,0,0,0.1,0.1,-19.5,2,20.875,0,1,0,0;
custom,cuboid,bark,1,0.03,0.3,0,0,0,0,0.1,0.1,-19.4,2,20.875,0,1,0,0;
custom,cuboid,default,0.5,0.6,0.6,1,1,1,0,1,1,-20,7,20.875,0,1,0,0;
custom,cuboid,rock2,3,0.4,1.2,0,0,0,0,0.01,0.01,35,2,-44,0,1,0,0;
custom,cuboid,rock2,3,0.6,0.4,0,0,0,0,0.01,0.01,35,7,-48,0,1,0,0;
custom,cylinder,rock2,0.3,1.5,1.2,0,0,0,0,0.01,0.01,35,4,-44,1,1,0,0;
custom,cylinder,rock2,0.3,1.5,0.4,0,0,0,0,0.01,0.01,35,10,-48,1,1,0,0;
custom,cuboid,rock2,1.2,0.4,3,0,0,0,0,0.01,0.01,44,2,-23,0,1,0,0;
custom,cuboid,rock2,0.4,0.6,4.2,0,0,0,0,0.01,0.01,48,7,-29,0,1,0,0;
custom,cylinder,rock2,1.2,1.5,0.3,0,0,0,0,0.01,0.01,44,4,-23,0,1,1,0;
custom,cylinder,rock2,0.4,2.1,0.3,0,0,0,0,0.01,0.01,48,10,-29,0,1,1,0;
custom,cuboid,rock2,1.2,0.6,0.4,0,0,0,0,0.01,0.01,44,7,-10,0,1,0,0;
custom,cuboid,rock2,0.4,0.6,1.2,0,0,0,0,0.01,0.01,22,7,-44,0,1,0,0;
custom,cylinder,rock2,0.3,0.6,0.4,0,0,0,0,0.01,0.01,44,10,-10,1,1,0,0;
custom,cylinder,rock2,0.4,0.6,0.3,0,0,0,0,0.01,0.01,22,10,-44,0,1,1,0;
custom,cylinder,rock2,0.4,0.15,0.4,0,0,0,0,0.01,0.01,22,10,-48,0,1,0,0;
custom,cylinder,rock2,0.4,0.15,0.4,0,0,0,0,0.01,0.01,48,10,-10,0,1,0,0;
custom,cylinder,rock2,0.4,0.15,0.4,0,0,0,0,0.01,0.01,48,10,-48,0,1,0,0;
custom,cuboid,wood4,1.2,0.6,1.2,0,0,0,0,0.1,0.1,44,3,-2,0,1,0,0;
custom,cuboid,wood4,1.2,0.4,1,1,0,0,0,0.1,0.1,43.9,3,-2,0,1,0,0;
custom,cuboid,wood4,1.2,0.3,0.9,0,0,0,0,0.1,0.1,43.8,3,-2,0,1,0,0;
custom,cuboid,lava1,1.2,0.1,0.7,0,0,0,0,0.3,0.1,43.7,3,-2,0,1,0,0;
custom,sphere,metal1,0.07,0.07,0.07,0,0,0,0,0.3,0.1,37.5,3,-2,0,1,0,0;
custom,capsule,brick3,0.4,0.2,0.4,0,0,0,0,0.1,0.1,44,6,-2.2,0,1,0,0;
custom,cylinder,metal3,0.05,0.3,0.05,0,0,0,0,0.1,0.1,44,10,-2,0,1,0,0;
custom,cone,metal1,0.2,0.1,0.2,0,0,0,0,0.1,0.1,43.5,14,-1.8,0,1,0,0;
custom,sphere,rock1,0.3,0.3,0.3,0,0,0,0,0.01,0.01,44,13,-2,0,1,0,0;
custom,cuboid,metal4,0.2,0.1,0.07,1,0.3,0.3,0.3,0.1,0.1,41,6,-5,0,1,0,0.3;
custom,cylinder,metal1,0.2,0.2,0.2,1,1,0.2,0.2,0.1,0.1,41,6,2,0,1,0,0;
custom,cylinder,metal4,0.18,0.21,0.18,0,1,0.2,0.2,0.1,0.1,41,6,2,0,1,0,0;
custom,cylinder,metal4,0.16,0.22,0.16,1,0,0,0,0.1,0.1,41,6,2,0,1,0,0;
custom,cylinder,metal1,0.2,0.06,0.2,1,1,0.2,0.2,0.1,0.1,46,6,1,0,1,0,0;
custom,cuboid,wood4,1.2,0.6,1.2,0,0,0,0,0.1,0.1,14,3,-44,0,1,0,0;
custom,cuboid,wood4,1,0.4,1.2,1,0,0,0,0.1,0.1,14,3,-43.9,0,1,0,0;
custom,cuboid,wood4,0.9,0.3,1.2,0,0,0,0,0.1,0.1,14,3,-41.8,0,1,0,0;
custom,cuboid,wood4,0.8,0.3,1,1,0,0,0,0.1,0.1,14,3.1,-41.3,0,1,0,0;
custom,cuboid,lava1,0.7,0.1,1.2,1,1,0,1,0.1,0.1,14,3,-41.7,0,1,0,0;
custom,sphere,metal1,0.07,0.07,0.07,0,0,0,0,0.1,0.1,14,3,-35.5,0,1,0,0;
custom,cuboid,metal2,0.2,0.1,0.4,0,0,0,0,0.1,0.1,12,6,-42,0,1,0,0.3;
custom,cuboid,metal1,0.17,0.11,0.33,0,0,0,0,0.1,0.1,12,6,-42,0,1,0,0.3;
custom,cuboid,crystal2,0.15,0.12,0.31,0,0,0,0,0.1,0.1,12,6,-42,0,1,0,0.3;
custom,capsule,lava1,0.2,0.2,0.2,0,0,0,0,0.1,0.1,16,7.5,-46,0,1,0,0.3;
custom,capsule,crystal1,0.21,0.1,0.21,1,1,1,0,0.1,0.1,16,7.5,-46,0,1,0,0.3;
custom,capsule,lava1,0.07,0.2,0.07,0,0,0,0,0.1,0.1,16,10,-46,0,1,0,0.3;
custom,capsule,metal1,0.08,0.02,0.08,0,0,0,0,0.1,0.1,16,11.5,-46,0,1,0,0.3;
custom,cuboid,default,0.24,0.02,0.33,0,0,0,0,0.1,0.1,16,6,-42,0,1,0,-0.3;
custom,cuboid,default,0.24,0.02,0.33,1,0.5,0.5,0.5,0.1,0.1,17,6.1,-41.5,0,1,0,-0.5;
custom,capsule,default,0.04,0.09,0.04,1,0.5,0,1,0.1,0.1,17,6.2,-40.5,0,1,1,0.5;
custom,cuboid,metal1,3,0.05,1.5,0,0,0,0,0.1,0.1,15,8,17.5,0,1,0,0;
custom,cuboid,metal1,2.8,0.06,1.3,1,0,0,0,0.1,0.1,15,8,17.5,0,1,0,0;
custom,cuboid,ice1,2.7,0.065,1.2,1,0,0,0,0.1,0.1,15,8,17.5,0,1,0,0;
custom,cuboid,metal1,0.1,0.8,0.1,0,0,0,0,0.1,0.1,27,4,22,0,1,0,0;
custom,cuboid,metal1,0.1,0.8,0.1,0,0,0,0,0.1,0.1,27,4,13,0,1,0,0;
custom,cuboid,metal1,0.1,0.8,0.1,0,0,0,0,0.1,0.1,3,4,22,0,1,0,0;
custom,cuboid,metal1,0.1,0.8,0.1,0,0,0,0,0.1,0.1,3,4,13,0,1,0,0;
custom,cuboid,metal1,0.1,0.1,0.9,0,0,0,0,0.1,0.1,3,2,17.5,0,1,0,0;
custom,cuboid,metal1,0.1,0.1,0.9,0,0,0,0,0.1,0.1,27,2,17.5,0,1,0,0;
custom,sphere,brick3,0.3,0.3,0.3,0,0,0,0,0.1,0.1,15,9.5,17.3,0,1,0,0;
custom,cylinder,brick3,0.25,0.1,0.25,0,0,0,0,0.1,0.1,15,8.5,17.5,0,1,0,0;
custom,cylinder,brick3,0.2,0.1,0.2,0,0,0,0,0.1,0.1,15,11,17.5,0,1,0,0;
custom,cylinder,brick3,0.17,0.11,0.17,1,0,0,0,0.1,0.1,15,11,17.5,0,1,0,0;
custom,cylinder,wood1,0.01,0.4,0.01,0,0,0,0,0.1,0.1,15.4,12,17.9,0,1,0,0;
custom,cylinder,wood1,0.01,0.35,0.01,0,0,0,0,0.1,0.1,14.5,12,17.22,0,1,0.1,0;
custom,cylinder,wood1,0.01,0.3,0.01,0,0,0,0,0.1,0.1,15.5,12,17.35,0.2,1,0,0;
custom,cylinder,wood1,0.01,0.4,0.01,0,0,0,0,0.1,0.1,15.1,12,17,-0.04,1,0,0;
custom,cylinder,wood1,0.01,0.35,0.01,0,0,0,0,0.1,0.1,15.2,12,17.2,0.1,1,0.1,0;
custom,cylinder,wood1,0.01,0.3,0.01,0,0,0,0,0.1,0.1,15.4,12,17.43,0.01,1,0,0;
custom,cylinder,wood1,0.01,0.4,0.01,0,0,0,0,0.1,0.1,15,12,17.8,-0.1,1,0,0;
custom,cylinder,wood1,0.01,0.35,0.01,0,0,0,0,0.1,0.1,14.8,12,17.1,0,1,-0.1,0;
custom,cylinder,wood1,0.01,0.3,0.01,0,0,0,0,0.1,0.1,15.3,12,17.3,-0.1,1,0,0;
custom,cylinder,wood1,0.01,0.4,0.01,0,0,0,0,0.1,0.1,15,12,17.4,0.04,1,0,0;
custom,cylinder,wood1,0.01,0.35,0.01,0,0,0,0,0.1,0.1,15.2,12,17.3,-0.1,1,-0.1,0;
custom,cylinder,wood1,0.01,0.3,0.01,0,0,0,0,0.1,0.1,14.6,12,17.5,-0.01,1,0,0;
custom,leaf1,default,0.2,0.2,0.2,0,0,0,0,0.1,0.1,16,15,17.5,0,1,0,0;
custom,leaf2,default,0.1,0.1,0.1,0,0,0,0,0.1,0.1,16,14.5,18,0,1,0,0;
custom,leaf1,default,0.05,0.05,0.05,0,0,0,0,0.1,0.1,16,13,18,0,1,0,0;
custom,leaf1,default,0.1,0.1,0.1,0,0,0,0,0.1,0.1,15,13.5,18,0,1,0,0;
custom,cuboid,wood3,0.6,0.05,0.6,0,0,0,0,0.1,0.1,21,4.5,25,0,1,0,0;
custom,cuboid,wood3,0.05,0.45,0.05,0,0,0,0,0.1,0.1,23.5,2.25,27.5,0,1,0,0;
custom,cuboid,wood3,0.05,0.45,0.05,0,0,0,0,0.1,0.1,18.5,2.25,22.5,0,1,0,0;
custom,cuboid,wood3,0.05,0.45,0.05,0,0,0,0,0.1,0.1,23.5,2.25,22.5,0,1,0,0;
custom,cuboid,wood3,0.05,0.45,0.05,0,0,0,0,0.1,0.1,18.5,2.25,27.5,0,1,0,0;
custom,cuboid,wood3,0.6,0.6,0.05,0,0,0,0,0.1,0.1,21,7.5,28.3,0,1,0.1,0;
custom,cuboid,wood3,0.5,0.05,0.05,0,0,0,0,0.1,0.1,21,1.5,27.5,0,1,0,0;
custom,cuboid,wood3,0.5,0.05,0.05,0,0,0,0,0.1,0.1,21,1.5,22.5,0,1,0,0;
custom,cuboid,wood3,0.05,0.05,0.5,0,0,0,0,0.1,0.1,23.5,1.5,25,0,1,0,0;
custom,cuboid,wood3,0.05,0.05,0.5,0,0,0,0,0.1,0.1,18.5,1.5,25,0,1,0,0;
custom,cuboid,wood3,0.6,0.05,0.6,0,0,0,0,0.1,0.1,21,4.5,10,0,1,0,0;
custom,cuboid,wood3,0.05,0.45,0.05,0,0,0,0,0.1,0.1,23.5,2.25,7.5,0,1,0,0;
custom,cuboid,wood3,0.05,0.45,0.05,0,0,0,0,0.1,0.1,18.5,2.25,12.5,0,1,0,0;
custom,cuboid,wood3,0.05,0.45,0.05,0,0,0,0,0.1,0.1,23.5,2.25,12.5,0,1,0,0;
custom,cuboid,wood3,0.05,0.45,0.05,0,0,0,0,0.1,0.1,18.5,2.25,7.5,0,1,0,0;
custom,cuboid,wood3,0.6,0.6,0.05,0,0,0,0,0.1,0.1,21,7.5,6.7,0,1,-0.1,0;
custom,cuboid,wood3,0.5,0.05,0.05,0,0,0,0,0.1,0.1,21,1.5,7.5,0,1,0,0;
custom,cuboid,wood3,0.5,0.05,0.05,0,0,0,0,0.1,0.1,21,1.5,12.5,0,1,0,0;
custom,cuboid,wood3,0.05,0.05,0.5,0,0,0,0,0.1,0.1,23.5,1.5,10,0,1,0,0;
custom,cuboid,wood3,0.05,0.05,0.5,0,0,0,0,0.1,0.1,18.5,1.5,10,0,1,0,0;
custom,cuboid,wood3,0.6,0.05,0.6,0,0,0,0,0.1,0.1,9,4.5,25,0,1,0,0;
custom,cuboid,wood3,0.05,0.45,0.05,0,0,0,0,0.1,0.1,11.5,2.25,27.5,0,1,0,0;
custom,cuboid,wood3,0.05,0.45,0.05,0,0,0,0,0.1,0.1,6.5,2.25,22.5,0,1,0,0;
custom,cuboid,wood3,0.05,0.45,0.05,0,0,0,0,0.1,0.1,11.5,2.25,22.5,0,1,0,0;
custom,cuboid,wood3,0.05,0.45,0.05,0,0,0,0,0.1,0.1,6.5,2.25,27.5,0,1,0,0;
custom,cuboid,wood3,0.6,0.6,0.05,0,0,0,0,0.1,0.1,9,7.5,28.3,0,1,0.1,0;
custom,cuboid,wood3,0.5,0.05,0.05,0,0,0,0,0.1,0.1,9,1.5,27.5,0,1,0,0;
custom,cuboid,wood3,0.5,0.05,0.05,0,0,0,0,0.1,0.1,9,1.5,22.5,0,1,0,0;
custom,cuboid,wood3,0.05,0.05,0.5,0,0,0,0,0.1,0.1,6.5,1.5,25,0,1,0,0;
custom,cuboid,wood3,0.05,0.05,0.5,0,0,0,0,0.1,0.1,11.5,1.5,25,0,1,0,0;
custom,cuboid,wood3,0.6,0.05,0.6,0,0,0,0,0.1,0.1,9,4.5,10,0,1,0,0;
custom,cuboid,wood3,0.05,0.45,0.05,0,0,0,0,0.1,0.1,11.5,2.25,7.5,0,1,0,0;
custom,cuboid,wood3,0.05,0.45,0.05,0,0,0,0,0.1,0.1,6.5,2.25,12.5,0,1,0,0;
custom,cuboid,wood3,0.05,0.45,0.05,0,0,0,0,0.1,0.1,11.5,2.25,12.5,0,1,0,0;
custom,cuboid,wood3,0.05,0.45,0.05,0,0,0,0,0.1,0.1,6.5,2.25,7.5,0,1,0,0;
custom,cuboid,wood3,0.6,0.6,0.05,0,0,0,0,0.1,0.1,9,7.5,6.7,0,1,-0.1,0;
custom,cuboid,wood3,0.5,0.05,0.05,0,0,0,0,0.1,0.1,9,1.5,7.5,0,1,0,0;
custom,cuboid,wood3,0.5,0.05,0.05,0,0,0,0,0.1,0.1,9,1.5,12.5,0,1,0,0;
custom,cuboid,wood3,0.05,0.05,0.5,0,0,0,0,0.1,0.1,6.5,1.5,10,0,1,0,0;
custom,cuboid,wood3,0.05,0.05,0.5,0,0,0,0,0.1,0.1,11.5,1.5,10,0,1,0,0;
custom,cuboid,metal1,1.4,2,0.1,0,0,0,0,0.1,0.1,40,18,49.5,0,1,0,0;
custom,cuboid,metal1,1.2,1.8,0.1,1,0,0,0,0.1,0.1,40,18,49.49,0,1,0,0;
custom,cuboid,crystal2,1.1,1.7,0.1,0,0,0,0,0.01,0.01,40,18,49.48,0,1,0,0;
custom,cuboid,metal4,1.4,0.105,2,0,0,0,0,1,1,40,0,25,0,1,0,0;
custom,cuboid,metal1,1.2,0.11,1.8,1,0,0,0,0.1,0.1,40,0,25,0,1,0,0;
custom,cuboid,brick3,1.1,0.12,1.7,0,0,0,0,1,1,40,0,25,0,1,0,0;
custom,cuboid,metal3,0.9,0.13,1.5,1,0,0,0,0.1,0.1,40,0,25,0,1,0,0;
custom,cuboid,grass2,0.8,0.14,1.4,0,0,0,0,0.1,0.1,40,0,25,0,1,0,0;
custom,cuboid,wood1,2,0.05,0.4,0,0,0,0,0.1,0.1,40,8,48,0,1,0,0;
custom,cuboid,wood1,2,0.05,0.4,0,0,0,0,0.1,0.1,40,6,48,0,1,0,0;
custom,cuboid,wood1,2,0.05,0.4,0,0,0,0,0.1,0.1,40,4,48,0,1,0,0;
custom,cuboid,wood1,2,0.05,0.4,0,0,0,0,0.1,0.1,40,2,48,0,1,0,0;
custom,cuboid,wood1,2,0.2,0.4,0,0,0,0,0.1,0.1,40,1,48,0,1,0,0;
custom,cuboid,wood1,2,0.8,0.1,0,0,0,0,0.1,0.1,40,4,49.5,0,1,0,0;
custom,cuboid,wood1,0.1,0.8,0.4,0,0,0,0,0.1,0.1,49.5,4,48,0,1,0,0;
custom,cuboid,wood1,0.1,0.8,0.4,0,0,0,0,0.1,0.1,30.5,4,48,0,1,0,0;
custom,capsule,ice1,0.1,0.15,0.1,0,0,0,0,0.1,0.1,32,2.5,48,0,1,1,-0.1;
custom,capsule,ice1,0.1,0.15,0.1,0,0,0,0,0.1,0.1,33,2.5,48,0,1,1,0.2;
custom,capsule,metal1,0.1,0.15,0.1,0,0,0,0,0.1,0.1,35,2.5,47.5,0,1,1,-0.05;
custom,capsule,metal1,0.1,0.15,0.1,0,0,0,0,0.1,0.1,36,2.5,48,0,1,1,0.1;
custom,capsule,rock1,0.1,0.15,0.1,0,0,0,0,0.1,0.1,40,2.5,47.8,0,1,1,0;
custom,capsule,rock1,0.1,0.15,0.1,0,0,0,0,0.1,0.1,41,2.5,48.2,0,1,1,-0.05;
custom,capsule,earth1,0.1,0.15,0.1,0,0,0,0,0.1,0.1,45,2.5,48.4,0,1,1,0.1;
custom,capsule,earth1,0.1,0.15,0.1,0,0,0,0,0.1,0.1,46,2.5,47.8,0,1,1,-0.1;
custom,capsule,grass,0.1,0.15,0.1,0,0,0,0,0.1,0.1,34,4.5,48,0,1,1,0.1;
custom,capsule,grass,0.1,0.15,0.1,0,0,0,0,0.1,0.1,35,4.5,47.8,0,1,1,-0.2;
custom,capsule,metal3,0.1,0.15,0.1,0,0,0,0,0.1,0.1,38,4.5,48.4,0,1,1,-0.05;
custom,capsule,metal3,0.1,0.15,0.1,0,0,0,0,0.1,0.1,39,4.5,48,0,1,1,-0.1;
custom,capsule,rock3,0.1,0.15,0.1,0,0,0,0,0.1,0.1,40,4.5,47.2,0,1,1,-0.2;
custom,capsule,rock3,0.1,0.15,0.1,0,0,0,0,0.1,0.1,41,4.5,47.8,0,1,1,0.05;
custom,capsule,crystal1,0.1,0.15,0.1,0,0,0,0,0.1,0.1,42,4.5,48.9,0,1,1,-0.1;
custom,capsule,crystal1,0.1,0.15,0.1,0,0,0,0,0.1,0.1,43,4.5,48.4,0,1,1,0.1;
custom,capsule,metal2,0.1,0.15,0.1,0,0,0,0,0.1,0.1,33,6.5,48.4,0,1,1,-0.05;
custom,capsule,metal2,0.1,0.15,0.1,0,0,0,0,0.1,0.1,32,6.5,48,0,1,1,-0.1;
custom,capsule,brick2,0.1,0.15,0.1,0,0,0,0,0.1,0.1,44,6.5,47.2,0,1,1,-0.2;
custom,capsule,brick2,0.1,0.15,0.1,0,0,0,0,0.1,0.1,45,6.5,47.8,0,1,1,0.05;
custom,capsule,crystal2,0.1,0.15,0.1,0,0,0,0,0.1,0.1,48,6.5,48.9,0,1,1,-0.1;
custom,capsule,crystal2,0.1,0.15,0.1,0,0,0,0,0.1,0.1,47,6.5,48.4,0,1,1,0.1;
custom,cylinder,crystal2,2,0.05,2,0,0,0,0,0.1,0.1,18,5,-18,0,1,0,0;
custom,cuboid,brick2,1.2,0.05,1.2,0,0.4,0.4,0.4,0.01,0.01,18,1.5,-18,0,1,0,0;
custom,cuboid,crystal2,0.05,0.5,0.05,1,0.4,0.4,0.4,0.1,0.1,24,2.5,-24,0,1,0,0;
custom,cuboid,crystal2,0.05,0.5,0.05,1,0.4,0.4,0.4,0.1,0.1,12,2.5,-24,0,1,0,0;
custom,cuboid,crystal2,0.05,0.5,0.05,1,0.4,0.4,0.4,0.1,0.1,12,2.5,-12,0,1,0,0;
custom,cuboid,crystal2,0.05,0.5,0.05,1,0.4,0.4,0.4,0.1,0.1,24,2.5,-12,0,1,0,0;
custom,cuboid,default,0.5,0.02,0.3,1,0.4,1,0.4,0.1,0.1,18,1.7,-18,0,1,0,0.3;
custom,cuboid,default,0.5,0.02,0.3,1,1,0.4,0.4,0.1,0.1,18,1.8,-17,0,1,0,0.4;
custom,cuboid,default,0.5,0.02,0.3,1,0.4,0.4,1,0.1,0.1,18,1.9,-16,0,1,0,0.5;
custom,cuboid,metal3,0.3,0.1,0.4,1,0.4,0.4,1,0.1,0.1,20,2.3,-21,0,1,-0.03,0.7;
custom,cylinder,rock3,0.05,0.35,0.5,0,0,0,0,0.01,0.01,23.5,5.5,-15.5,1,1,0,0;
custom,cylinder,rock3,0.05,0.35,0.5,0,0,0,0,0.01,0.01,23.5,5.5,-20.5,1,1,0,0;
custom,cylinder,rock1,0.05,0.33,0.45,0,0,0,0,0.01,0.01,23.5,5.6,-15.7,1,1,0,0;
custom,cylinder,rock1,0.05,0.33,0.45,0,0,0,0,0.01,0.01,23.5,5.6,-20.2,1,1,0,0;
custom,cylinder,rock1,0.06,0.005,0.4,1,0,0,0,0.01,0.01,20.5,5.6,-15.7,1,1,0,0;
custom,cuboid,rock1,0.05,0.2,0.3,1,0,0,0,0.01,0.01,22,5.6,-15.7,1,1,0,0;
custom,cuboid,rock2,0.06,0.17,0.27,0,0,0,0,0.01,0.01,22,5.6,-15.7,1,1,0,0;
custom,cylinder,rock1,0.06,0.005,0.4,1,0,0,0,0.01,0.01,23.5,5.6,-15.7,1,1,0,0;
custom,cylinder,rock1,0.06,0.005,0.4,1,0,0,0,0.01,0.01,23.7,5.6,-15.7,1,1,0,0;
custom,cylinder,rock1,0.06,0.005,0.4,1,0,0,0,0.01,0.01,23.9,5.6,-15.7,1,1,0,0;
custom,cylinder,rock1,0.06,0.005,0.4,1,0,0,0,0.01,0.01,24.1,5.6,-15.7,1,1,0,0;
custom,cylinder,rock1,0.06,0.005,0.4,1,0,0,0,0.01,0.01,24.3,5.6,-15.7,1,1,0,0;
custom,cylinder,rock1,0.06,0.005,0.4,1,0,0,0,0.01,0.01,24.5,5.6,-15.7,1,1,0,0;
custom,cylinder,rock1,0.06,0.005,0.4,1,0,0,0,0.01,0.01,24.7,5.6,-15.7,1,1,0,0;
custom,cylinder,rock1,0.06,0.005,0.4,1,0,0,0,0.01,0.01,24.9,5.6,-15.7,1,1,0,0;
custom,cylinder,rock1,0.06,0.005,0.4,1,0,0,0,0.01,0.01,25.1,5.6,-15.7,1,1,0,0;
custom,cylinder,rock1,0.06,0.005,0.4,1,0,0,0,0.01,0.01,26.5,5.6,-15.7,1,1,0,0;
custom,cylinder,rock1,0.06,0.005,0.4,1,0,0,0,0.01,0.01,20.5,5.6,-20.2,1,1,0,0;
custom,cylinder,rock1,0.06,0.005,0.4,1,0,0,0,0.01,0.01,21.5,5.6,-20.2,1,1,0,0;
custom,cylinder,rock1,0.06,0.005,0.4,1,0,0,0,0.01,0.01,21.7,5.6,-20.2,1,1,0,0;
custom,cylinder,rock1,0.06,0.005,0.4,1,0,0,0,0.01,0.01,21.9,5.6,-20.2,1,1,0,0;
custom,cylinder,rock1,0.06,0.005,0.4,1,0,0,0,0.01,0.01,22.1,5.6,-20.2,1,1,0,0;
custom,cylinder,rock1,0.06,0.005,0.4,1,0,0,0,0.01,0.01,22.3,5.6,-20.2,1,1,0,0;
custom,cylinder,rock1,0.06,0.005,0.4,1,0,0,0,0.01,0.01,22.5,5.6,-20.2,1,1,0,0;
custom,cylinder,rock1,0.06,0.005,0.4,1,0,0,0,0.01,0.01,22.7,5.6,-20.2,1,1,0,0;
custom,cylinder,rock1,0.06,0.005,0.4,1,0,0,0,0.01,0.01,22.9,5.6,-20.2,1,1,0,0;
custom,cylinder,rock1,0.06,0.005,0.4,1,0,0,0,0.01,0.01,23.1,5.6,-20.2,1,1,0,0;
custom,cylinder,rock1,0.06,0.005,0.4,1,0,0,0,0.01,0.01,26.5,5.6,-20.2,1,1,0,0;
custom,cuboid,rock1,0.05,0.3,0.3,1,0,0,0,0.01,0.01,24.8,5.6,-20.2,1,1,0,0;
custom,cuboid,brick2,0.06,0.27,0.27,0,0,0,0,0.01,0.01,24.8,5.6,-20.2,1,1,0,0;
custom,cuboid,rock1,0.07,0.03,0.3,1,0,0,0,0.01,0.01,24.8,5.6,-20.2,1,1,0,0;
custom,cuboid,rock1,0.07,0.3,0.03,1,0,0,0,0.01,0.01,24.8,5.6,-20.2,1,1,0,0;
custom,capsule,lava1,0.2,0.25,0.2,1,1,0,1,0.1,0.1,18,7.5,-18,0,1,0,0;
custom,capsule,lava1,0.08,0.25,0.08,1,1,0,1,0.1,0.1,18,9.5,-18,0,1,0,0;
custom,capsule,metal1,0.09,0.05,0.09,0,1,0,1,0.1,0.1,18,10.5,-18,0,1,0,0;
custom,capsule,metal3,0.09,0.02,0.09,0,1,0,1,0.1,0.1,18,11.5,-18,0,1,0,0;
custom,capsule,brick2,0.21,0.15,0.21,0,1,0,1,0.1,0.1,18,7.5,-18,0,1,0,0;
custom,capsule,default,0.22,0.1,0.2,0,1,0,1,0.1,0.1,18,7.5,-18,0,1,0,0;
custom,capsule,metal2,0.23,0.05,0.18,0,1,0,1,0.1,0.1,18,7.5,-18,0,1,0,0;
custom,capsule,crystal1,0.2,0.25,0.2,1,1,0,1,0.1,0.1,16,7.5,-12,0,1,0,0;
custom,capsule,crystal1,0.08,0.25,0.08,1,1,0,1,0.1,0.1,16,9.5,-12,0,1,0,0;
custom,capsule,metal3,0.09,0.05,0.09,0,1,0,1,0.1,0.1,16,10.5,-12,0,1,0,0;
custom,capsule,metal1,0.09,0.02,0.09,0,1,0,1,0.1,0.1,16,11.5,-12,0,1,0,0;
custom,capsule,brick4,0.21,0.15,0.21,0,1,0,1,0.1,0.1,16,7.5,-12,0,1,0,0;
custom,capsule,default,0.22,0.1,0.2,1,1,1,0,0.1,0.1,16,7.5,-12,0,1,0,0;
custom,capsule,metal1,0.23,0.05,0.18,0,1,0,1,0.1,0.1,16,7.5,-12,0,1,0,0;
custom,cuboid,bark2,0.2,0.1,0.4,0,1,0,1,0.1,0.1,13,5.5,-23,0,1,0,0.2;
custom,cuboid,bark,0.25,0.2,0.5,0,1,0,1,0.01,0.01,13,6,-18,0,1,0,-0.1;
custom,cuboid,bark,0.05,0.21,0.35,1,0,0,0,0.01,0.01,13,6,-18,0,1,0,-0.1;
custom,cuboid,default,0.005,0.21,0.32,0,0,0,0,0.01,0.01,13,7,-18,-0.06,1,0.03,-0.1;
custom,cuboid,bark2,2.5,0.12,2.5,1,0.3,0.3,0.3,0.1,0.1,18,0,-18,0,1,0,0;
custom,cuboid,default,2,0.13,2,0,0.3,0.3,0.3,0.1,0.1,18,0,-18,0,1,0,0;
custom,cuboid,bark3,1.8,0.14,1.8,1,0.3,0.3,0.3,0.1,0.1,18,0,-18,0,1,0,0;
custom,cuboid,rock1,0.05,1.2,6,0,0.3,0.3,0.3,0.01,0.01,49.9,6,-20,0,1,0,0;
custom,cuboid,earth2,0.05,1.2,6,0,0.3,0.3,0.3,0.3,0.2,50,6,-20,0,1,0,0;
custom,cuboid,rock1,0.05,1.2,6,0,0.3,0.3,0.3,0.01,0.01,49.9,28,-20,0,1,0,0;
custom,cuboid,earth2,0.05,1.2,6,0,0.3,0.3,0.3,0.3,0.2,50,28,-20,0,1,0,0;
custom,cuboid,rock1,0.05,1,1,0,0.3,0.3,0.3,0.01,0.01,49.9,17,5,0,1,0,0;
custom,cuboid,earth2,0.05,1,1,0,0.3,0.3,0.3,0.1,0.2,50,17,5,0,1,0,0;
custom,cuboid,bark2,0.1,1,0.1,0,0.3,0.3,0.3,0.1,0.2,50,17,0,0,1,0,0;
custom,cuboid,bark2,0.1,1,0.1,0,0.3,0.3,0.3,0.1,0.2,50,17,-15,0,1,0,0;
custom,cuboid,bark2,0.1,1,0.1,0,0.3,0.3,0.3,0.1,0.2,50,17,-7.5,0,1,0,0;
custom,cuboid,bark2,0.1,0.1,1.6,0,0.3,0.3,0.3,0.1,0.2,50,22,-7.5,0,1,0,0;
custom,cuboid,bark2,0.1,0.1,1.6,0,0.3,0.3,0.3,0.1,0.2,50,12,-7.5,0,1,0,0;
custom,cuboid,rock1,0.05,1,1,0,0.3,0.3,0.3,0.01,0.01,49.9,17,-45,0,1,0,0;
custom,cuboid,earth2,0.05,1,1,0,0.3,0.3,0.3,0.1,0.2,50,17,-45,0,1,0,0;
custom,cuboid,bark2,0.1,1,0.1,0,0.3,0.3,0.3,0.1,0.2,50,17,-25,0,1,0,0;
custom,cuboid,bark2,0.1,1,0.1,0,0.3,0.3,0.3,0.1,0.2,50,17,-40,0,1,0,0;
custom,cuboid,bark2,0.1,1,0.1,0,0.3,0.3,0.3,0.1,0.2,50,17,-32.5,0,1,0,0;
custom,cuboid,bark2,0.1,0.1,1.6,0,0.3,0.3,0.3,0.1,0.2,50,22,-32.5,0,1,0,0;
custom,cuboid,bark2,0.1,0.1,1.6,0,0.3,0.3,0.3,0.1,0.2,50,12,-32.5,0,1,0,0;
custom,cuboid,rock1,0.05,1,1,0,0.3,0.3,0.3,0.01,0.01,49.9,17,-20,0,1,0,0;
custom,cuboid,earth2,0.05,1,1,0,0.3,0.3,0.3,0.1,0.2,50,17,-20,0,1,0,0;
custom,cuboid,rock1,0.05,3.4,1,0,0.3,0.3,0.3,0.01,0.01,49.9,17,45,0,1,0,0;
custom,cuboid,earth2,0.05,3.4,1,0,0.3,0.3,0.3,0.1,0.3,50,17,45,0,1,0,0;
custom,cuboid,rock1,0.05,1,3,0,0.3,0.3,0.3,0.01,0.01,49.9,29,25,0,1,0,0;
custom,cuboid,earth2,0.05,1,3,0,0.3,0.3,0.3,0.3,0.1,50,29,25,0,1,0,0;
custom,cuboid,rock1,7.5,0.6,0.05,0,0.3,0.3,0.3,0.01,0.01,12.5,31,-49.9,0,1,0,0;
custom,cuboid,earth2,7.5,0.6,0.05,0,0.3,0.3,0.2,0.8,0.1,12.5,31,-50,0,1,0,0;
custom,cuboid,rock1,7.5,0.6,0.05,0,0.3,0.3,0.3,0.01,0.01,12.5,3,-49.9,0,1,0,0;
custom,cuboid,earth2,7.5,0.6,0.05,0,0.3,0.3,0.2,0.8,0.1,12.5,3,-50,0,1,0,0;
custom,cuboid,rock1,3,2.2,0.05,0,0.3,0.3,0.3,0.01,0.01,35,17,-49.9,0,1,0,0;
custom,cuboid,earth2,3,2.2,0.05,0,0.3,0.3,0.2,0.2,0.2,35,17,-50,0,1,0,0;
custom,cuboid,rock1,2.2,2.2,0.05,0,0.3,0.3,0.3,0.01,0.01,-14,17,-49.9,0,1,0,0;
custom,cuboid,earth2,2.2,2.2,0.05,0,0.3,0.3,0.2,0.2,0.2,-14,17,-50,0,1,0,0;
custom,cuboid,bark2,0.1,2.2,0.1,0,0.3,0.3,0.3,0.1,0.2,20,17,-50,0,1,0,0;
custom,cuboid,bark2,0.1,2.2,0.1,0,0.3,0.3,0.3,0.1,0.2,-3,17,-50,0,1,0,0;
custom,cuboid,bark2,0.1,2.2,0.1,0,0.3,0.3,0.3,0.1,0.2,8.5,17,-50,0,1,0,0;
custom,cuboid,bark2,2.4,0.1,0.1,0,0.3,0.3,0.3,0.1,0.2,8.5,17,-50,0,1,0,0;
custom,cuboid,bark2,2.4,0.1,0.1,0,0.3,0.3,0.3,0.1,0.2,8.5,28,-50,0,1,0,0;
custom,cuboid,bark2,2.4,0.1,0.1,0,0.3,0.3,0.3,0.1,0.2,8.5,6,-50,0,1,0,0;
custom,cuboid,rock1,10,0.6,0.05,0,0.3,0.3,0.3,0.01,0.01,0,3,49.9,0,1,0,0;
custom,cuboid,earth2,10,0.6,0.05,0,0.3,0.3,0.2,0.7,0.05,0,3,50,0,1,0,0;
custom,cuboid,rock1,10,1.2,0.05,0,0.3,0.3,0.3,0.01,0.01,0,28,49.9,0,1,0,0;
custom,cuboid,earth2,10,1.2,0.05,0,0.3,0.3,0.2,0.8,0.1,0,28,50,0,1,0,0;
custom,cuboid,rock1,2,1.6,0.05,0,0.3,0.3,0.3,0.01,0.01,0,14,49.9,0,1,0,0;
custom,cuboid,earth2,2,1.6,0.05,0,0.3,0.3,0.2,0.1,0.1,0,14,50,0,1,0,0;
custom,cuboid,rock1,2,1.6,0.05,0,0.3,0.3,0.3,0.01,0.01,40,14,49.9,0,1,0,0;
custom,cuboid,earth2,2,1.6,0.05,0,0.3,0.3,0.2,0.1,0.1,40,14,50,0,1,0,0;
custom,cuboid,rock1,2,1.6,0.05,0,0.3,0.3,0.3,0.01,0.01,-40,14,49.9,0,1,0,0;
custom,cuboid,earth2,2,1.6,0.05,0,0.3,0.3,0.2,0.1,0.1,-40,14,50,0,1,0,0;
custom,cuboid,bark2,0.1,1.6,0.1,0,0.3,0.3,0.3,0.1,0.2,30,14,50,0,1,0,0;
custom,cuboid,bark2,0.1,1.6,0.1,0,0.3,0.3,0.3,0.1,0.2,10,14,50,0,1,0,0;
custom,cuboid,bark2,0.1,1.6,0.1,0,0.3,0.3,0.3,0.1,0.2,20,14,50,0,1,0,0;
custom,cuboid,bark2,2.1,0.1,0.1,0,0.3,0.3,0.3,0.1,0.2,20,22,50,0,1,0,0;
custom,cuboid,bark2,2.1,0.1,0.1,0,0.3,0.3,0.3,0.1,0.2,20,14,50,0,1,0,0;
custom,cuboid,bark2,2.1,0.1,0.1,0,0.3,0.3,0.3,0.1,0.2,20,6,50,0,1,0,0;
custom,cuboid,bark2,0.1,1.6,0.1,0,0.3,0.3,0.3,0.1,0.2,-30,14,50,0,1,0,0;
custom,cuboid,bark2,0.1,1.6,0.1,0,0.3,0.3,0.3,0.1,0.2,-10,14,50,0,1,0,0;
custom,cuboid,bark2,0.1,1.6,0.1,0,0.3,0.3,0.3,0.1,0.2,-20,14,50,0,1,0,0;
custom,cuboid,bark2,2.1,0.1,0.1,0,0.3,0.3,0.3,0.1,0.2,-20,22,50,0,1,0,0;
custom,cuboid,bark2,2.1,0.1,0.1,0,0.3,0.3,0.3,0.1,0.2,-20,14,50,0,1,0,0;
custom,cuboid,bark2,2.1,0.1,0.1,0,0.3,0.3,0.3,0.1,0.2,-20,6,50,0,1,0,0;
custom,cuboid,bark2,0.1,2.4,0.1,0,0.3,0.3,0.3,0.1,0.2,50,12,10,0,1,0,0;
custom,cuboid,bark2,0.1,2.4,0.1,0,0.3,0.3,0.3,0.1,0.2,50,12,40,0,1,0,0;
custom,cuboid,bark2,0.1,0.1,3.1,0,0.3,0.3,0.3,0.1,0.2,50,24,25,0,1,0,0;
custom,cuboid,default,1.6,0.8,0.4,1,1,1,1,1,1,41,29,-48,0,1,0,0;
custom,cylinder,default,0.1,0.8,0.4,1,1,1,1,1,1,41,25,-48,1,1,0,0;
custom,cylinder,default,0.1,0.8,0.4,1,1,1,1,1,1,41,33,-48,1,1,0,0;
custom,cuboid,default,1.4,0.01,0.41,1,0.4,0.4,0.4,1,1,41,29,-48,0,1,0,0;
custom,cuboid,default,1.4,0.01,0.41,1,0.4,0.4,0.4,1,1,41,29.3,-48,0,1,0,0;
custom,cuboid,default,1.4,0.01,0.41,1,0.4,0.4,0.4,1,1,41,29.6,-48,0,1,0,0;
custom,cuboid,default,1.4,0.01,0.41,1,0.4,0.4,0.4,1,1,41,29.9,-48,0,1,0,0;
custom,cuboid,default,1.4,0.01,0.41,1,0.4,0.4,0.4,1,1,41,30.2,-48,0,1,0,0;
custom,cuboid,default,1.4,0.01,0.41,1,0.4,0.4,0.4,1,1,41,30.5,-48,0,1,0,0;
custom,cuboid,default,1.4,0.01,0.41,1,0.4,0.4,0.4,1,1,41,30.8,-48,0,1,0,0;
custom,cuboid,default,1.4,0.01,0.41,1,0.4,0.4,0.4,1,1,41,31.1,-48,0,1,0,0;
custom,cuboid,default,1.4,0.01,0.41,1,0.4,0.4,0.4,1,1,41,31.4,-48,0,1,0,0;
custom,cuboid,default,1.4,0.01,0.41,1,0.4,0.4,0.4,1,1,41,31.7,-48,0,1,0,0;
custom,cuboid,default,1.4,0.01,0.41,1,0.4,0.4,0.4,1,1,41,28.7,-48,0,1,0,0;
custom,cuboid,default,1.4,0.01,0.41,1,0.4,0.4,0.4,1,1,41,28.4,-48,0,1,0,0;
custom,cuboid,default,1.4,0.01,0.41,1,0.4,0.4,0.4,1,1,41,28.1,-48,0,1,0,0;
custom,cylinder,default,0.1,0.7,0.21,1,0.4,0.4,0.4,1,1,41,25,-47,1,1,0,0;
custom,cuboid,default,1.4,0.1,0.41,1,0.4,0.4,0.4,1,1,41,25.5,-48,0,1,0,0;
custom,cylinder,metal1,2,0.1,2,0,0,0,0,0.1,0.1,0,33.495,0,0,1,0,0;
custom,cylinder,metal1,1.8,0.1,1.8,1,0,0,0,0.1,0.1,0,33.49,0,0,1,0,0;
custom,cylinder,ice1,1.7,0.1,1.7,0,0,0,0,0.1,0.1,0,33.48,0,0,1,0,0;
custom,cylinder,metal3,1.6,0.1,1.6,0,0,0,0,0.1,0.1,0,33.47,0,0,1,0,0;
custom,cylinder,rock1,1.5,0.1,1.5,0,0,0,0,0.01,0.01,0,33.46,0,0,1,0,0;
custom,cuboid,default,0.02,0.24,0.24,0,0,0,0,1,1,49.5,14,7,0,1,0,0;
custom,cuboid,default,0.02,0.2,0.2,1,0,0,0,1,1,49.45,14,7,0,1,0,0;
custom,cuboid,default,0.02,0.18,0.18,0,0,0,0,1,1,49.4,14,7,0,1,0,0;
custom,cuboid,default,0.02,0.2,0.06,1,0,0,0,1,1,49.35,14,7,0,1,0,0;
custom,cuboid,default,0.02,0.18,0.05,0,0,0,0,1,1,49.3,14,7,0,1,0,0;
custom,cuboid,brick2,1.5,2.4,0.1,0,0,0,0,0.1,0.1,57.5,12,40,0,1,0,0;
custom,cuboid,ice1,1.3,2.2,0.11,0,0,0,0,0.1,0.1,57.5,12,40,0,1,0,0;
custom,cuboid,brick2,1.2,2.1,0.12,0,0,0,0,0.1,0.1,57.5,12,40,0,1,0,0;
custom,cuboid,crystal2,0.5,1.9,0.13,1,0,0,0,0.1,0.1,57.5,12,40,0,1,0,0;
custom,cuboid,crystal2,0.4,1.8,0.14,0,0,0,0,0.1,0.1,57.5,12,40,0,1,0,0;
custom,cuboid,brick2,1.5,2.4,0.1,0,0,0,0,0.1,0.1,57.5,12,10,0,1,0,0;
custom,cuboid,ice1,1.3,2.2,0.11,0,0,0,0,0.1,0.1,57.5,12,10,0,1,0,0;
custom,cuboid,brick2,1.2,2.1,0.12,0,0,0,0,0.1,0.1,57.5,12,10,0,1,0,0;
custom,cuboid,crystal2,0.5,1.9,0.13,1,0,0,0,0.1,0.1,57.5,12,10,0,1,0,0;
custom,cuboid,crystal2,0.4,1.8,0.14,0,0,0,0,0.1,0.1,57.5,12,10,0,1,0,0;
custom,cuboid,metal1,0.1,0.1,0.15,0,0,0,0,0.1,0.1,57.5,15,10,0,1,0,0;
custom,cuboid,ice1,0.07,0.07,0.16,0,0,0,0,0.1,0.1,57.5,15,10,0,1,0,0;
custom,cuboid,metal1,0.1,0.1,0.15,0,0,0,0,0.1,0.1,57.5,15,40,0,1,0,0;
custom,cuboid,ice1,0.07,0.07,0.16,0,0,0,0,0.1,0.1,57.5,15,40,0,1,0,0;
custom,capsule,metal1,0.1,0.14,0.1,0,0,0,0,0.1,0.1,63.75,12,10,0,1,1,0;
custom,capsule,metal1,0.09,0.15,0.09,1,0,0,0,0.1,0.1,63.75,12,10,0,1,1,0;
custom,capsule,metal1,0.07,0.16,0.07,0,0,0,0,0.1,0.1,63.75,12,10,0,1,1,0;
custom,capsule,metal1,0.1,0.14,0.1,0,0,0,0,0.1,0.1,63.75,12,40,0,1,1,0;
custom,capsule,metal1,0.09,0.15,0.09,1,0,0,0,0.1,0.1,63.75,12,40,0,1,1,0;
custom,capsule,metal1,0.07,0.16,0.07,0,0,0,0,0.1,0.1,63.75,12,40,0,1,1,0;
custom,cuboid,rock1,0.05,3.4,2.5,0,0,0,0,0.01,0.01,-50,17,-37.5,0,1,0,0;
custom,cuboid,brick2,5,3.4,0.05,0,0,0,0,0.3,0.2,-75,17,49.9,0,1,0,0;
custom,cuboid,brick2,5,3.4,0.05,0,0,0,0,0.3,0.2,-75,17,-49.9,0,1,0,0;
custom,cuboid,earth2,5,3.4,0.05,0,0,0,0,0.3,0.2,-75,17,50,0,1,0,0;
custom,cuboid,earth2,5,3.4,0.05,0,0,0,0,0.3,0.2,-75,17,-50,0,1,0,0;
custom,cuboid,brick2,0.05,1,10,0,0,0,0,0.4,0.05,-99.9,5,0,0,1,0,0;
custom,cuboid,earth2,0.05,1,10,0,0,0,0,0.4,0.05,-100,5,0,0,1,0,0;
custom,cuboid,brick2,0.05,0.8,10,0,0,0,0,0.4,0.05,-99.9,30,0,0,1,0,0;
custom,cuboid,earth2,0.05,0.8,10,0,0,0,0,0.4,0.05,-100,30,0,0,1,0,0;
custom,cuboid,brick2,0.05,1.6,1,0,0,0,0,0.1,0.2,-99.9,18,15,0,1,0,0;
custom,cuboid,earth2,0.05,1.6,1,0,0,0,0,0.1,0.2,-100,18,15,0,1,0,0;
custom,cuboid,brick2,0.05,1.6,1,0,0,0,0,0.1,0.2,-99.9,18,-15,0,1,0,0;
custom,cuboid,earth2,0.05,1.6,1,0,0,0,0,0.1,0.2,-100,18,-15,0,1,0,0;
custom,cuboid,brick2,0.05,1.6,1,0,0,0,0,0.1,0.2,-99.9,18,-45,0,1,0,0;
custom,cuboid,earth2,0.05,1.6,1,0,0,0,0,0.1,0.2,-100,18,-45,0,1,0,0;
custom,cuboid,brick2,0.05,1.6,1,0,0,0,0,0.1,0.2,-99.9,18,45,0,1,0,0;
custom,cuboid,earth2,0.05,1.6,1,0,0,0,0,0.1,0.2,-100,18,45,0,1,0,0;
custom,cuboid,bark2,0.1,1.6,0.1,0,0.3,0.3,0.3,0.1,0.2,-100,18,10,0,1,0,0;
custom,cuboid,bark2,0.1,1.6,0.1,0,0.3,0.3,0.3,0.1,0.2,-100,18,0,0,1,0,0;
custom,cuboid,bark2,0.1,1.6,0.1,0,0.3,0.3,0.3,0.1,0.2,-100,18,-10,0,1,0,0;
custom,cuboid,bark2,0.1,0.1,2.1,0,0.3,0.3,0.3,0.1,0.2,-100,26,0,0,1,0,0;
custom,cuboid,bark2,0.1,0.1,2.1,0,0.3,0.3,0.3,0.1,0.2,-100,18,0,0,1,0,0;
custom,cuboid,bark2,0.1,0.1,2.1,0,0.3,0.3,0.3,0.1,0.2,-100,10,0,0,1,0,0;
custom,cuboid,bark2,0.1,1.6,0.1,0,0.3,0.3,0.3,0.1,0.2,-100,18,20,0,1,0,0;
custom,cuboid,bark2,0.1,1.6,0.1,0,0.3,0.3,0.3,0.1,0.2,-100,18,30,0,1,0,0;
custom,cuboid,bark2,0.1,1.6,0.1,0,0.3,0.3,0.3,0.1,0.2,-100,18,40,0,1,0,0;
custom,cuboid,bark2,0.1,0.1,2.1,0,0.3,0.3,0.3,0.1,0.2,-100,26,30,0,1,0,0;
custom,cuboid,bark2,0.1,0.1,2.1,0,0.3,0.3,0.3,0.1,0.2,-100,18,30,0,1,0,0;
custom,cuboid,bark2,0.1,0.1,2.1,0,0.3,0.3,0.3,0.1,0.2,-100,10,30,0,1,0,0;
custom,cuboid,bark2,0.1,1.6,0.1,0,0.3,0.3,0.3,0.1,0.2,-100,18,-20,0,1,0,0;
custom,cuboid,bark2,0.1,1.6,0.1,0,0.3,0.3,0.3,0.1,0.2,-100,18,-30,0,1,0,0;
custom,cuboid,bark2,0.1,1.6,0.1,0,0.3,0.3,0.3,0.1,0.2,-100,18,-40,0,1,0,0;
custom,cuboid,bark2,0.1,0.1,2.1,0,0.3,0.3,0.3,0.1,0.2,-100,26,-30,0,1,0,0;
custom,cuboid,bark2,0.1,0.1,2.1,0,0.3,0.3,0.3,0.1,0.2,-100,18,-30,0,1,0,0;
custom,cuboid,bark2,0.1,0.1,2.1,0,0.3,0.3,0.3,0.1,0.2,-100,10,-30,0,1,0,0;
custom,cylinder,metal1,0.1,0.405,0.1,0,0.3,0.3,0.3,0.01,0.01,-96,4,-20,0,1,0,0;
custom,cylinder,metal1,0.07,0.41,0.07,1,0,0,0,0.01,0.01,-96,4,-20,0,1,0,0;
custom,cuboid,ice1,0.4,0.005,0.5,0,0.3,0.3,0.3,0.6,0.6,-95,8,-20,0,1,0,0;
custom,cuboid,metal3,0.05,0.21,0.55,0,0,0,0,0.1,0.1,-97,9,-20,0,1,0,0;
custom,cuboid,metal3,0.05,0.21,0.55,0,0,0,0,0.1,0.1,-93,9,-20,0,1,0,0;
custom,cuboid,metal3,0.4,0.211,0.05,0,0,0,0,0.1,0.1,-95,9,-17.5,0,1,0,0;
custom,cuboid,metal3,0.4,0.211,0.05,0,0,0,0,0.1,0.1,-95,9,-22.5,0,1,0,0;
custom,cylinder,metal1,0.1,0.1,0.1,0,0.3,0.3,0.3,0.01,0.01,-98.5,10,-20,0,1,0,0;
custom,cylinder,metal4,0.11,0.03,0.11,0,0.3,0.3,0.3,0.01,0.01,-98.5,10.5,-20,0,1,0,0;
custom,cylinder,metal1,0.04,0.3,0.04,0,0.3,0.3,0.3,0.1,0.1,-98.5,12.5,-20,0,1,0,0;
custom,cylinder,metal1,0.04,0.15,0.04,0,0.3,0.3,0.3,0.1,0.1,-96,14,-20,0,1,0,0;
custom,cylinder,metal1,0.04,0.125,0.04,0,0.3,0.3,0.3,0.1,0.1,-97.25,15.5,-20,1,1,0,0;
custom,cylinder,default,0.041,0.08,0.041,0,0.3,0.3,0.3,0.1,0.1,-97.25,15.5,-20,1,1,0,0;
custom,cylinder,default,0.041,0.1,0.041,0,0.3,0.3,0.3,0.1,0.1,-96,13.5,-20,0,1,0,0;
custom,cylinder,metal2,0.042,0.06,0.042,0,0.3,0.3,0.3,0.1,0.1,-96,13.5,-20,0,1,0,0;
custom,cylinder,metal1,0.044,0.04,0.044,0,0.3,0.3,0.3,0.1,0.1,-96,13.5,-20,0,1,0,0;
custom,cylinder,default,0.046,0.03,0.046,0,0.3,0.3,0.3,0.1,0.1,-96,13.5,-20,0,1,0,0;
custom,cylinder,metal3,0.05,0.04,0.05,0,0.3,0.3,0.3,0.1,0.1,-96,12.7,-20,0,1,0,0;
custom,cylinder,metal1,0.052,0.03,0.052,0,0.3,0.3,0.3,0.1,0.1,-96,12.7,-20,0,1,0,0;
custom,cylinder,default,0.054,0.025,0.054,0,0.3,0.3,0.3,0.1,0.1,-96,12.7,-20,0,1,0,0;
custom,cylinder,default,0.056,0.005,0.056,1,0,0,0,0.1,0.1,-96,12.7,-20,0,1,0,0;
custom,cylinder,rock1,0.04,0.05,0.04,0,0.3,0.3,0.3,0.1,0.1,-96,12.7,-20,0,1,0,0;
custom,sphere,ice1,0.04,0.04,0.04,0,0.3,0.3,0.3,0.1,0.1,-96,12,-20,0,1,0,0;
custom,capsule,ice1,0.03,0.03,0.03,0,0.3,0.3,0.3,0.1,0.1,-96,11.7,-20,0,1,0,0;
custom,capsule,ice1,0.025,0.03,0.025,0,0.3,0.3,0.3,0.1,0.1,-96,11.4,-20,0,1,0,0;
custom,capsule,ice1,0.02,0.03,0.02,0,0.3,0.3,0.3,0.1,0.1,-96,11.1,-20,0,1,0,0;
custom,capsule,ice1,0.015,0.03,0.015,0,0.3,0.3,0.3,0.1,0.1,-96,10.8,-20,0,1,0,0;
custom,sphere,ice1,0.025,0.025,0.025,0,0.3,0.3,0.3,0.1,0.1,-96,10.3,-20,0,1,0,0;
custom,sphere,ice1,0.02,0.02,0.025,0,0.3,0.3,0.3,0.1,0.1,-96,9.7,-20,0,1,0,0;
custom,sphere,ice1,0.02,0.02,0.025,0,0.3,0.3,0.3,0.1,0.1,-96,8.4,-20,0,1,0,0;
custom,sphere,ice1,0.02,0.02,0.025,0,0.3,0.3,0.3,0.1,0.1,-96,8,-20,0,1,0,0;
custom,cylinder,metal4,0.11,0.025,0.4,0,0.3,0.3,0.3,0.01,0.01,-98.5,11.25,-20,0,1,0,0;
custom,cylinder,metal2,0.03,0.04,0.03,0,0.3,0.3,0.3,0.01,0.01,-98,11.25,-21.5,1,1,0,0;
custom,cylinder,metal2,0.03,0.04,0.03,0,0.3,0.3,0.3,0.01,0.01,-98,11.25,-18.5,1,1,0,0;
custom,cylinder,metal1,0.06,0.02,0.06,0,0.3,0.3,0.3,0.01,0.01,-97.5,11.25,-21.5,1,1,0,0;
custom,cylinder,metal1,0.06,0.02,0.06,0,0.3,0.3,0.3,0.01,0.01,-97.5,11.25,-18.5,1,1,0,0;
custom,cylinder,metal3,0.04,0.02,0.04,1,1,0,0,0.01,0.01,-97.4,11.25,-21.5,1,1,0,0;
custom,cylinder,metal3,0.04,0.02,0.04,1,0,0,1,0.01,0.01,-97.4,11.25,-18.5,1,1,0,0;
custom,cylinder,default,0.05,0.02,0.05,0,0.3,0.3,0.3,0.01,0.01,-97.45,11.25,-21.5,1,1,0,0;
custom,cylinder,default,0.05,0.02,0.05,0,0.3,0.3,0.3,0.01,0.01,-97.45,11.25,-18.5,1,1,0,0;
custom,cuboid,rock1,0.8,0.8,0.5,0,0.3,0.3,0.3,0.01,0.01,-96,4,-20,0,1,0,0;
custom,cuboid,rock1,0.1,0.2,0.5,0,0.3,0.3,0.3,0.01,0.01,-92.5,9,-20,0,1,0,0;
custom,cuboid,rock1,0.3,0.2,0.5,0,0.3,0.3,0.3,0.01,0.01,-98.5,9,-20,0,1,0,0;
custom,cuboid,rock1,0.8,1,2.75,0,0.3,0.3,0.3,0.01,0.01,-96,5,-3.75,0,1,0,0;
custom,cuboid,metal1,0.8,0.8,2.55,0,0,0,0,0.01,0.01,-95.99,5,-3.75,0,1,0,0;
custom,cuboid,rock1,0.8,0.7,2.45,0,0,0,0,0.01,0.01,-95.98,5,-3.75,0,1,0,0;
custom,cuboid,metal1,0.8,0.8,1.3,0,0,0,0,0.01,0.01,-95.97,5,-3.75,0,1,0,0;
custom,cuboid,rock1,0.8,0.7,1.2,0,0,0,0,0.01,0.01,-95.96,5,-3.75,0,1,0,0;
custom,cuboid,metal1,0.8,0.8,0.05,0,0,0,0,0.01,0.01,-95.95,5,-3.75,0,1,0,0;
custom,cuboid,rock1,0.8,0.65,0.525,1,0,0,0,0.01,0.01,-95.94,5,-6.875,0,1,0,0;
custom,cuboid,rock1,0.8,0.65,0.525,1,0,0,0,0.01,0.01,-95.94,5,-13.125,0,1,0,0;
custom,cuboid,rock1,0.8,0.65,0.525,1,0,0,0,0.01,0.01,-95.94,5,-0.625,0,1,0,0;
custom,cuboid,rock1,0.8,0.65,0.525,1,0,0,0,0.01,0.01,-95.94,5,5.625,0,1,0,0;
custom,cuboid,rock1,0.8,0.6,0.475,0,0,0,0,0.01,0.01,-95.93,5,-6.875,0,1,0,0;
custom,cuboid,rock1,0.8,0.6,0.475,0,0,0,0,0.01,0.01,-95.93,5,-13.125,0,1,0,0;
custom,cuboid,rock1,0.8,0.6,0.475,0,0,0,0,0.01,0.01,-95.93,5,-0.625,0,1,0,0;
custom,cuboid,rock1,0.8,0.6,0.475,0,0,0,0,0.01,0.01,-95.93,5,5.625,0,1,0,0;
custom,cuboid,ice1,0.8,0.45,0.225,0,0,0,0,0.01,0.01,-95.92,5,-6.875,0,1,0,0;
custom,cuboid,ice1,0.8,0.45,0.225,0,0,0,0,0.01,0.01,-95.92,5,-13.125,0,1,0,0;
custom,cuboid,ice1,0.8,0.45,0.225,0,0,0,0,0.01,0.01,-95.92,5,-0.625,0,1,0,0;
custom,cuboid,ice1,0.8,0.45,0.225,0,0,0,0,0.01,0.01,-95.92,5,5.625,0,1,0,0;
custom,cuboid,stone9,0.8,0.4,0.175,0,0,0,0,0.3,0.6,-95.91,5,-6.875,0,1,0,0;
custom,cuboid,stone9,0.8,0.4,0.175,0,0,0,0,0.3,0.6,-95.91,5,-13.125,0,1,0,0;
custom,cuboid,stone9,0.8,0.4,0.175,0,0,0,0,0.3,0.6,-95.91,5,-0.625,0,1,0,0;
custom,cuboid,stone9,0.8,0.4,0.175,0,0,0,0,0.3,0.6,-95.91,5,5.625,0,1,0,0;
custom,cuboid,metal1,0.8,0.15,0.045,0,0,0,0,0.3,0.6,-95.9,5,-6.875,0,1,0,0;
custom,cuboid,metal1,0.8,0.15,0.045,0,0,0,0,0.3,0.6,-95.9,5,-13.125,0,1,0,0;
custom,cuboid,metal1,0.8,0.15,0.045,0,0,0,0,0.3,0.6,-95.9,5,-0.625,0,1,0,0;
custom,cuboid,metal1,0.8,0.15,0.045,0,0,0,0,0.3,0.6,-95.9,5,5.625,0,1,0,0;
custom,cuboid,metal1,0.8,0.2,0.065,1,0,0,0,0.3,0.6,-95.5,5,-10.925,0,1,0,0;
custom,cuboid,metal1,0.8,0.2,0.065,1,0,0,0,0.3,0.6,-95.5,5,-9.075,0,1,0,0;
custom,cuboid,metal1,0.8,0.2,0.065,1,0,0,0,0.3,0.6,-95.5,5,1.575,0,1,0,0;
custom,cuboid,metal1,0.8,0.2,0.065,1,0,0,0,0.3,0.6,-95.5,5,3.425,0,1,0,0;
custom,cuboid,rock1,0.8,0.16,0.035,0,0,0,0,0.3,0.6,-95.4,5,-10.925,0,1,0,0;
custom,cuboid,rock1,0.8,0.16,0.035,0,0,0,0,0.3,0.6,-95.4,5,-9.075,0,1,0,0;
custom,cuboid,rock1,0.8,0.16,0.035,0,0,0,0,0.3,0.6,-95.4,5,1.575,0,1,0,0;
custom,cuboid,rock1,0.8,0.16,0.035,0,0,0,0,0.3,0.6,-95.4,5,3.425,0,1,0,0;
custom,cuboid,rock1,0.8,1,2.75,0,0.3,0.3,0.3,0.01,0.01,-96,5,-36.25,0,1,0,0;
custom,cuboid,metal1,0.8,0.8,1.25,0,0,0,0,0.01,0.01,-95.99,5,-34.5,0,1,0,0;
custom,cuboid,rock1,0.8,0.7,1.15,0,0,0,0,0.01,0.01,-95.98,5,-34.5,0,1,0,0;
custom,cuboid,metal1,0.8,0.8,0.05,0,0,0,0,0.01,0.01,-95.97,5,-34.5,0,1,0,0;
custom,cuboid,rock1,0.8,0.65,0.525,1,0,0,0,0.01,0.01,-95.94,5,-31.5,0,1,0,0;
custom,cuboid,rock1,0.8,0.65,0.525,1,0,0,0,0.01,0.01,-95.94,5,-37.5,0,1,0,0;
custom,cuboid,rock1,0.8,0.6,0.475,0,0,0,0,0.01,0.01,-95.93,5,-31.5,0,1,0,0;
custom,cuboid,rock1,0.8,0.6,0.475,0,0,0,0,0.01,0.01,-95.93,5,-37.5,0,1,0,0;
custom,cuboid,ice1,0.8,0.45,0.225,0,0,0,0,0.01,0.01,-95.92,5,-31.5,0,1,0,0;
custom,cuboid,ice1,0.8,0.45,0.225,0,0,0,0,0.01,0.01,-95.92,5,-37.5,0,1,0,0;
custom,cuboid,stone9,0.8,0.4,0.175,0,0,0,0,0.3,0.6,-95.91,5,-31.5,0,1,0,0;
custom,cuboid,stone9,0.8,0.4,0.175,0,0,0,0,0.3,0.6,-95.91,5,-37.5,0,1,0,0;
custom,cuboid,metal1,0.8,0.15,0.045,0,0,0,0,0.3,0.6,-95.9,5,-31.5,0,1,0,0;
custom,cuboid,metal1,0.8,0.15,0.045,0,0,0,0,0.3,0.6,-95.9,5,-37.5,0,1,0,0;
custom,cuboid,metal1,0.8,0.2,0.065,1,0,0,0,0.3,0.6,-95.5,5,-33.7,0,1,0,0;
custom,cuboid,metal1,0.8,0.2,0.065,1,0,0,0,0.3,0.6,-95.5,5,-35.3,0,1,0,0;
custom,cuboid,rock1,0.8,0.16,0.035,0,0,0,0,0.3,0.6,-95.4,5,-33.7,0,1,0,0;
custom,cuboid,rock1,0.8,0.16,0.035,0,0,0,0,0.3,0.6,-95.4,5,-35.3,0,1,0,0;
custom,cuboid,rock1,2.2,1,0.8,0,0,0,0,0.01,0.01,-81,5,-46,0,1,0,0;
custom,cuboid,metal1,1.2,0.8,0.8,0,0,0,0,0.01,0.01,-85,5,-45.99,0,1,0,0;
custom,cuboid,rock1,1.1,0.2,0.8,0,0,0,0,0.01,0.01,-85,7.5,-43.98,0,1,0,0;
custom,cuboid,rock1,1,0.2,0.7,1,0,0,0,0.01,0.01,-85,7.6,-43.98,0,1,0,0;
custom,cuboid,rock1,1.05,0.15,0.8,1,0,0,0,0.01,0.01,-85,7.5,-43.97,0,1,0,0;
custom,cuboid,rock1,1,0.1,0.8,0,0,0,0,0.01,0.01,-85,7.5,-43.96,0,1,0,0;
custom,cuboid,stone9,0.6,0.05,0.8,0,0,0,0,0.01,0.01,-85,7.5,-43.95,0,1,0,0;
custom,cuboid,metal1,0.3,0.04,0.8,0,0,0,0,0.01,0.01,-85,7.5,-43.45,0,1,0,0;
custom,cuboid,rock1,1.1,0.2,0.8,0,0,0,0,0.01,0.01,-85,5,-41.98,0,1,0,0;
custom,cuboid,rock1,1,0.2,0.7,1,0,0,0,0.01,0.01,-85,5.1,-41.98,0,1,0,0;
custom,cuboid,rock1,1.05,0.15,0.8,1,0,0,0,0.01,0.01,-85,5,-41.97,0,1,0,0;
custom,cuboid,rock1,1,0.1,0.8,0,0,0,0,0.01,0.01,-85,5,-41.96,0,1,0,0;
custom,cuboid,stone9,0.6,0.05,0.8,0,0,0,0,0.01,0.01,-85,5,-41.95,0,1,0,0;
custom,cuboid,metal1,0.3,0.04,0.8,0,0,0,0,0.01,0.01,-85,5,-41.45,0,1,0,0;
custom,cuboid,rock1,1.1,0.2,0.8,0,0,0,0,0.01,0.01,-85,2.5,-39.98,0,1,0,0;
custom,cuboid,rock1,1,0.2,0.7,1,0,0,0,0.01,0.01,-85,2.6,-39.98,0,1,0,0;
custom,cuboid,rock1,1.05,0.15,0.8,1,0,0,0,0.01,0.01,-85,2.5,-39.97,0,1,0,0;
custom,cuboid,rock1,1,0.1,0.8,0,0,0,0,0.01,0.01,-85,2.5,-39.96,0,1,0,0;
custom,cuboid,stone9,0.6,0.05,0.8,0,0,0,0,0.01,0.01,-85,2.5,-39.95,0,1,0,0;
custom,cuboid,metal1,0.3,0.04,0.8,0,0,0,0,0.01,0.01,-85,2.5,-39.45,0,1,0,0;
custom,cuboid,metal1,0.3,0.8,0.8,0,0,0,0,0.01,0.01,-72.25,5,-41.99,0,1,0,0;
custom,cuboid,metal1,0.3,0.8,0.8,0,0,0,0,0.01,0.01,-76.75,5,-43.99,0,1,0,0;
custom,cuboid,metal1,0.2,0.8,0.7,1,0,0,0,0.01,0.01,-72.25,5.01,-41.99,0,1,0,0;
custom,cuboid,metal1,0.2,0.8,0.7,1,0,0,0,0.01,0.01,-76.75,5.01,-43.99,0,1,0,0;
custom,cuboid,rock1,0.25,0.75,0.8,0,0,0,0,0.01,0.01,-72.25,5,-41.98,0,1,0,0;
custom,cuboid,rock1,0.25,0.75,0.8,0,0,0,0,0.01,0.01,-76.75,5,-43.98,0,1,0,0;
custom,cuboid,rock1,0.2,0.7,0.8,1,0,0,0,0.01,0.01,-72.25,5,-41.97,0,1,0,0;
custom,cuboid,rock1,0.2,0.7,0.8,1,0,0,0,0.01,0.01,-76.75,5,-43.97,0,1,0,0;
custom,cuboid,rock1,0.15,0.65,0.8,0,0,0,0,0.01,0.01,-72.25,5,-41.96,0,1,0,0;
custom,cuboid,rock1,0.15,0.65,0.8,0,0,0,0,0.01,0.01,-76.75,5,-43.96,0,1,0,0;
custom,cuboid,ice1,0.1,0.45,0.8,0,0,0,0,0.01,0.01,-72.25,5,-41.95,0,1,0,0;
custom,cuboid,ice1,0.1,0.45,0.8,0,0,0,0,0.01,0.01,-76.75,5,-43.95,0,1,0,0;
custom,cuboid,stone9,0.05,0.4,0.8,0,0,0,0,0.3,0.6,-72.25,5,-41.94,0,1,0,0;
custom,cuboid,stone9,0.05,0.4,0.8,0,0,0,0,0.3,0.6,-76.75,5,-43.94,0,1,0,0;
custom,cuboid,stone9,0.1,0.05,0.8,1,0,0,0,0.3,0.6,-72.25,7.75,-41.44,0,1,0,0;
custom,cuboid,stone9,0.1,0.05,0.8,1,0,0,0,0.3,0.6,-76.75,7.75,-43.44,0,1,0,0;
custom,cuboid,stone9,0.05,0.02,0.8,0,0,0,0,0.3,0.6,-72.25,7.75,-41.43,0,1,0,0;
custom,cuboid,stone9,0.05,0.02,0.8,0,0,0,0,0.3,0.6,-76.75,7.75,-43.43,0,1,0,0;