base,aot_supply,-10.31176,-1.838502,-0.928007,-0.7637504,0.007059927,-0.008354297,-0.645419;
custom,cuboid,stone9,.4,1,1.6,0,1,1,1,.01,.01,-10.25106,4.703854,7.83045,0,0.7072046,0,0.707009;
custom,cuboid,stone9,.1,.2,.6,0,1,1,1,.01,.01,-18.66694,0.4613949,-3.054506,0,0.9999993,0,-0.001143117;
custom,cuboid,stone9,.1,1,1,0,1,1,1,.01,.01,-18.68473,4.746494,4.850876,0,-0.0003312918,0,-0.9999999;
custom,cuboid,stone9,.1,1,1,0,1,1,1,.01,.01,-1.792903,4.694857,4.853658,0,-0.001026478,0,0.9999995;
custom,cuboid,stone9,.1,.7,.6,0,1,1,1,.01,.01,-18.68007,8.137251,-3.00338,0,0.9999999,0,-0.0006040712;
custom,cuboid,stone9,.1,.7,.6,0,1,1,1,.01,.01,-1.790876,-2.196851,-3.128968,0,-0.0002746524,0,1;
custom,cuboid,stone9,.1,.7,.6,0,1,1,1,.01,.01,-1.78126,7.680036,-3.087506,0,0.0001415123,0,-1;
custom,cuboid,stone9,.1,1,.1,0,1,1,1,.01,.01,-1.764705,4.101236,-6.481562,0,0.001582233,0,0.9999987;
custom,cuboid,stone9,.1,1,.1,0,1,1,1,.01,.01,-18.71145,4.841577,-6.486369,0,0.0006672365,0,0.9999998;
custom,cuboid,stone9,.1,.6,.4,0,1,1,1,.01,.01,-18.7165,6.83286,-8.786723,0,0.9999999,0,-0.0004294637;
custom,cuboid,stone9,.1,.6,.4,0,1,1,1,.01,.01,-1.748968,6.637795,-8.908811,0,0.000213445,0,-1;
custom,cuboid,stone9,.1,1,.8,0,1,1,1,.01,.01,-18.7169,4.817451,-13.6988,0,1,0,-8.541202E-05;
custom,cuboid,stone9,.1,1,.8,0,1,1,1,.01,.01,-1.773258,4.68849,-13.4694,0,0.9999999,0,0.0003804006;
custom,cuboid,stone9,.1,1,1.8,0,1,1,1,.01,.01,-10.12156,4.483993,-17.29316,0,0.7072874,0,0.7069261;
custom,cuboid,stone9,2,.4,3,1,0.2272727,0.2159091,0.2045455,.01,.01,-9.950549,9.101593,-3.737509,0,0.002883173,0,0.9999959;
custom,cuboid,stone9,2,.4,3,1,0.2272727,0.2159091,0.2045455,.01,.01,-9.625693,9.410121,-4.286954,0,0.02032042,0,0.9997935;
custom,cuboid,stone9,2,.4,3,1,0.2272727,0.2159091,0.2045455,.01,.01,-9.676646,9.530121,-4.555581,0,0.01403817,0,0.9999015;
custom,cuboid,stone9,2,.4,3,1,0.2272727,0.2159091,0.2045455,.01,.01,-9.680634,9.650121,-5.638144,0,0.02032042,0,0.9997935;
custom,cuboid,stone6,.05,.09,.04,1,0.5681818,0.5681818,0.5795454,.01,.01,-2.148352,1.376511,-9.998184,0,0.7075807,0,0.7066325;
custom,cuboid,stone6,.05,.09,.04,1,0.5681818,0.5681818,0.5795454,.01,.01,-18.30338,1.412887,-10.19899,0,0.7044725,0,-0.7097314;
custom,cuboid,ice1,.04,.04,.04,1,0.5681818,0.5681818,0.5795454,.01,.01,-18.27147,1.194669,-10.21705,0,0.7046627,0,-0.7095425;
custom,cuboid,empty,.04,.04,.04,1,1,0.05681818,0.06818182,.01,.01,-18.22496,1.634669,-10.19842,0,0.704663,0,-0.7095422;
custom,cuboid,empty,.04,.04,.04,1,1,0.05681818,0.06818182,.01,.01,-2.222261,1.603204,-10.00216,0,0.7060277,0,0.7081842;
custom,cuboid,ice1,.04,.04,.04,1,1,0.05681818,0.06818182,.01,.01,-2.262263,1.163205,-10.00228,0,0.7060277,0,0.7081842;
misc,barrier,.1,.6,.7,-18.7577,3.165083,-2.692308,0,-0.001378259,0,-0.999999;
misc,barrier,.1,.6,.7,-1.823233,2.344059,-2.701835,0,-0.0005059095,0,0.9999999;
custom,cuboid,stone9,.3,1,1.2,0,1,0.05681818,0.06818182,.01,.01,-25.10385,3.879774,-19.14268,0,0.7072958,0,-0.7069178;
custom,cuboid,stone9,.3,1,1.2,0,1,0.05681818,0.06818182,.01,.01,4.810005,4.559438,-19.2487,0,0.7073953,0,0.7068182;
custom,cuboid,stone9,.3,1,5,0,1,0.05681818,0.06818182,.03,.01,-32.0759,3.952137,7.104671,0,0.0005118704,0,-0.9999999;
custom,cuboid,stone9,.3,1,5,0,1,0.05681818,0.06818182,.03,.01,11.90495,4.435349,6.97642,0,-0.0008825043,0,0.9999996;
custom,cuboid,stone9,.3,1,5,0,1,0.05681818,0.06818182,.03,.01,11.8144,4.422365,56.86505,0,0.0009913058,0,-0.9999995;
custom,cuboid,stone9,.3,1,1,0,1,0.05681818,0.06818182,.03,.01,-32.14206,8.222272,33.97812,0,0.002891657,0,-0.9999958;
custom,cuboid,stone9,.3,1,4.8,0,1,0.05681818,0.06818182,.03,.01,-32.13618,4.193003,58.02463,0,0.0006693085,0,-0.9999998;
custom,cuboid,stone9,.3,1,7.4,0,1,0.05681818,0.06818182,.03,.01,-17.71235,3.148014,45.02439,0,0.9999996,0,0.0009475287;
custom,cuboid,stone9,.3,1,7.4,0,1,0.05681818,0.06818182,.03,.01,-2.852107,3.228256,45.37328,0,1,0,0.0002655077;
custom,cuboid,stone9,.3,1,6,0,1,0.05681818,0.06818182,.03,.01,-60.85469,4.164697,80.5696,0,0.7070987,0,-0.7071149;
custom,cuboid,stone9,.3,1,3,0,1,0.05681818,0.06818182,.02,.01,25.35202,4.372836,80.54856,0,0.706695,0,-0.7075185;
custom,cuboid,stone9,.3,1,.4,0,1,0.05681818,0.06818182,.02,.01,42.27122,9.290166,80.43839,0,0.7118147,0,0.7023673;
custom,cuboid,stone9,.3,1,2.8,0,1,0.05681818,0.06818182,.02,.01,58.2057,4.588323,80.4074,0,0.7079368,0,0.7062759;
custom,cuboid,stone9,.3,1,1.7,0,1,0.05681818,0.06818182,.02,.01,-10.17062,3.589698,80.84683,0,0.7150818,0,-0.6990409;
custom,cuboid,stone9,.3,1,.3,0,1,0.05681818,0.06818182,.01,.01,-89.37128,4.303051,83.48108,0,0.008827043,0,-0.9999611;
custom,cuboid,stone9,.3,1,.6,0,1,0.05681818,0.06818182,.01,.01,-93.65073,4.344521,83.45038,0,0.7074723,0,-0.7067412;
custom,cuboid,stone9,.3,1,.8,0,1,0.05681818,0.06818182,.01,.01,-98.02676,4.344711,88.8056,0,0.002740339,0,-0.9999962;
custom,cuboid,stone9,.3,1,.8,0,1,0.05681818,0.06818182,.01,.01,-98.1086,4.435708,96.61944,0,-0.002712909,0,0.9999964;
custom,cylinder,stone6,1,1,1.4,0,1,0.05681818,0.06818182,.01,.01,-96.45459,-8.973436,92.76541,0,0.7161942,0,-0.6979011;
custom,cylinder,stone6,1.4,1,1.4,0,1,0.05681818,0.06818182,.01,.01,-95.52039,-9.748069,92.64156,0,0.7180853,0,-0.6959551;
custom,cone,stone6,.04,.04,.04,0,1,0.05681818,0.06818182,.01,.01,-96.09756,4.861492,86.36721,-0.8922822,0.01376087,-0.4501568,-0.03165328;
custom,cone,stone6,.04,.04,.04,0,1,0.05681818,0.06818182,.01,.01,-96.80497,5.181492,99.35925,-0.7001736,0.02564864,-0.7130672,-0.02518472;
custom,cylinder,stone6,1,.1,1,0,1,0.05681818,0.06818182,.01,.01,-94.87318,6.824307,92.85381,0,0.6791065,0,-0.7340398;
base,aot_supply,-98.86144,5.512304,99.13703,0,0.7012456,0,-0.7129198;
base,aot_supply,-98.16222,5.531088,86.02336,0,0.7135832,0,-0.7005705;
custom,cuboid,bark2,.02,.8,.1,1,0.5795455,0.3068182,0.6250001,.2,1,-96.02998,3.430791,88.45618,0,0.7227712,0,-0.6910875;
custom,cuboid,bark2,.02,.8,.1,1,0.5795455,0.3068182,0.6250001,.2,1,-96.10551,3.336217,97.07166,0,0.7227712,0,-0.6910875;
custom,cuboid,bark2,.02,.8,.1,1,0.5795455,0.3068182,0.6250001,.2,1,-95.11578,3.28442,88.62094,0,0.8269243,0,-0.5623132;
custom,cuboid,bark2,.02,.8,.1,1,0.5795455,0.3068182,0.6250001,.2,1,-95.12944,3.709103,96.94701,0,0.5578839,0,-0.8299191;
custom,cuboid,bark2,.02,.8,.1,1,0.5795455,0.3068182,0.6250001,.2,1,-94.39134,3.438852,89.11184,0,0.9047298,0,-0.4259858;
custom,cuboid,bark2,.02,.8,.1,1,0.5795455,0.3068182,0.6250001,.2,1,-94.26802,3.324336,96.70199,0,0.5622631,0,-0.8269585;
custom,cuboid,stone9,.3,1,.9,0,0.5795455,0.3068182,0.6250001,.01,.01,-92.32867,4.629196,101.9824,0,0.7080758,0,-0.7061365;
custom,cuboid,stone9,.3,1,9,0,0.5795455,0.3068182,0.6250001,.05,.01,70.64895,4.673954,123.8946,0,-0.0007378323,0,0.9999998;
custom,cuboid,stone9,.3,1,9,0,0.5795455,0.3068182,0.6250001,.05,.01,-89.23858,4.739346,145.5708,0,0.0008684916,0,0.9999996;
custom,cuboid,stone9,.3,1,.5,0,0.5795455,0.3068182,0.6250001,.05,.01,-89.24017,10.14823,193.012,0,0.001472519,0,-0.999999;
custom,cuboid,stone9,.3,1,.8,0,0.5795455,0.3068182,0.6250001,.05,.01,-89.1334,4.762936,199.3988,0,-0.00277818,0,-0.9999962;
custom,cuboid,stone9,.3,1,17,0,0.5795455,0.3068182,0.6250001,.05,.01,-13.44456,4.806347,204.6002,0,0.7074831,0,0.7067304;
custom,cuboid,stone9,.3,1,.8,0,0.5795455,0.3068182,0.6250001,.05,.01,70.53143,12.19765,172.8083,0,-0.0002529477,0,1;
custom,cuboid,stone9,.3,1,3,0,0.5795455,0.3068182,0.6250001,.05,.01,70.51452,4.969406,191.7013,0,0.001408854,0,-0.999999;
custom,cuboid,stone9,40,.2,30,1,0.1704545,0.1704545,0.1704545,.05,.01,-8.549622,7.961424,90.115,0,0.999869,0,0.01619035;
custom,cuboid,stone9,40,.2,30,1,0.1704545,0.1704545,0.1704545,.05,.01,-17.11037,8.876296,90.12949,0,0.9999248,0,0.01226032;
custom,cuboid,stone9,40,.2,30,1,0.1704545,0.1704545,0.1704545,.05,.01,-21.94524,10.95199,90.3534,0,0.9999688,0,0.007901305;
custom,cuboid,stone9,.8,1,7,0,1,1,1,.05,.01,-53.00364,4.466858,199.3496,0,0.7078136,0,0.7063993;
custom,cuboid,stone9,.8,1,7,0,1,1,1,.05,.01,35.18885,4.041746,199.4308,0,0.7066243,0,-0.707589;
custom,cuboid,stone9,.7,.4,2,0,1,1,1,.05,.01,-8.148429,-0.67475,199.8227,0,0.7046897,0,0.7095157;
custom,cuboid,stone3,1,1,1,0,1,1,1,.05,.01,-13.09604,4.96351,207.9997,0,0.001763198,0,-0.9999985;
custom,cuboid,stone3,1,1,1,0,1,1,1,.05,.01,-4.524776,4.96351,208.0153,0,-0.003123718,0,-0.9999952;
custom,cylinder,empty,.04,.04,.04,1,0.7954546,0.8068181,0.7954546,.05,.01,-13.53004,3.32709,203.3572,0.6883469,0.003449613,0.00327356,-0.7253661;
custom,cylinder,empty,.04,.04,.04,1,0.7954546,0.8068181,0.7954546,.05,.01,-13.22744,3.007089,203.3438,0.7009014,0.003392467,0.003333768,-0.7132424;
custom,cylinder,empty,.04,.04,.04,1,0.7954546,0.8068181,0.7954546,.05,.01,-13.19875,3.567088,203.2593,0.7203008,0.003299257,0.003426042,-0.6936457;
custom,cylinder,empty,.04,.04,.04,1,0.7954546,0.8068181,0.7954546,.05,.01,-13.88135,3.527089,203.2699,0.7232001,0.003284876,0.003439829,-0.6906222;
custom,cuboid,stone6,.4,.025,.8,1,0.8636364,0.8636364,0.8636364,.01,.01,-101.318,0.8990967,191.7751,0,0.003090528,0,-0.9999952;
custom,cuboid,stone9,.3,1,2,0,0.3068182,0.5227273,0.7954546,.01,.01,-100.4215,3.718841,173.5287,0,0.7142848,0,0.6998551;
custom,cuboid,stone9,.3,1,1,0,0.3068182,0.5227273,0.7954546,.01,.01,-109.575,3.374056,176.8956,0,0.9999997,0,-0.0007975153;
custom,cylinder,empty,.055,.04,.055,1,0.3068182,0.5227273,0.7954546,.05,.01,-13.56667,3.367089,203.3844,0.715197,0.003324283,0.003401763,-0.6989068;
custom,cylinder,empty,.055,.04,.055,1,0.3068182,0.5227273,0.7954546,.05,.01,-13.24223,3.007089,203.3635,0.7188466,0.003306424,0.003419124,-0.6951525;
custom,cylinder,empty,.055,.04,.055,1,0.3068182,0.5227273,0.7954546,.05,.01,-13.21596,3.549156,203.276,0.7074782,0.01294757,0.01304199,-0.7064962;
custom,cylinder,empty,.055,.04,.055,1,0.3068182,0.5227273,0.7954546,.05,.01,-13.87762,3.519943,203.2979,0.6961527,0.03196903,0.01813593,-0.7169522;
custom,cuboid,stone9,.3,1,2.2,0,0.3068182,0.5227273,0.7954546,.01,.01,-109.5452,2.716852,192.4371,0,0.9999998,0,-0.000697964;
custom,cuboid,stone6,.12,.02,1.4,0,0.3068182,0.5227273,0.7954546,.1,.1,-100.2656,1.222675,202.6498,0,0.7090558,0,0.7051523;
custom,cuboid,stone9,.3,1,1,0,0.3068182,0.5227273,0.7954546,.01,.01,-103.2073,4.686678,204.7221,0,0.7061735,0,-0.7080389;
custom,cuboid,stone6,.12,.02,1.4,0,0.3068182,0.5227273,0.7954546,.1,.1,-100.2268,2.443358,202.7408,0,0.7142574,0,0.6998832;
custom,cuboid,stone6,.12,.02,1.4,0,0.3068182,0.5227273,0.7954546,.1,.1,-100.2725,3.723357,202.6326,0,0.7142574,0,0.6998832;
custom,cuboid,stone6,.12,.02,1.4,0,0.3068182,0.5227273,0.7954546,.1,.1,-107.5891,2.653419,194.3239,0,0.9999954,0,0.003058189;
custom,cuboid,stone6,.12,.02,1.4,0,0.3068182,0.5227273,0.7954546,.1,.1,-107.4514,3.733418,194.3154,0,0.9999936,0,-0.00357405;
custom,cuboid,stone6,.12,.02,1.4,0,0.3068182,0.5227273,0.7954546,.1,.1,-107.4836,1.23917,194.2579,0,0.9999996,0,-0.0008679314;
custom,cuboid,stone6,.02,.1,.02,1,0.8636364,0.8636364,0.8636364,.01,.01,-99.49946,0.3473786,195.5979,0,0.0121157,0,0.9999266;
custom,cuboid,stone6,.02,.1,.02,1,0.8636364,0.8636364,0.8636364,.01,.01,-99.41988,0.3485697,187.9194,0,0.7076413,0,-0.7065719;
custom,cuboid,stone6,.02,.1,.02,1,0.8636364,0.8636364,0.8636364,.01,.01,-103.1624,0.465459,187.9163,0,0.726017,0,-0.6876768;
custom,cuboid,stone6,.02,.1,.02,1,0.8636364,0.8636364,0.8636364,.01,.01,-103.1995,0.3873787,195.5908,0,0.0121157,0,0.9999266;
custom,cuboid,stone9,.3,1,1,0,0.8636364,0.8636364,0.8636364,.01,.01,76.72955,4.566433,205.1452,0,0.7079131,0,0.7062996;
custom,cuboid,stone9,.3,1,.3,0,0.8636364,0.8636364,0.8636364,.01,.01,82.91073,8.609468,205.2999,0,0.7078692,0,-0.7063435;
custom,cuboid,stone9,.3,1,.7,0,0.8636364,0.8636364,0.8636364,.01,.01,87.47103,3.154006,205.271,0,0.7079315,0,0.7062812;
custom,cuboid,stone9,.3,1,2,0,0.8636364,0.8636364,0.8636364,.01,.01,92.31236,3.928262,193.8504,0,0.9999999,0,0.0004587038;
custom,cuboid,stone9,.3,1,.4,0,0.8636364,0.8636364,0.8636364,.01,.01,92.37082,10.04122,182.1908,0,0.9999993,0,-0.001163927;
custom,cuboid,stone9,.3,1,2,0,0.8636364,0.8636364,0.8636364,.01,.01,92.39001,4.519056,170.3367,0,0.9999992,0,0.001299637;
custom,cuboid,stone9,.3,1,.4,0,0.8636364,0.8636364,0.8636364,.01,.01,92.42079,9.937093,158.4727,0,0.9999989,0,-0.001489253;
custom,cuboid,stone9,.3,1,.5,0,0.8636364,0.8636364,0.8636364,.01,.01,92.44772,2.697098,154.295,0,-0.003234992,0,-0.9999948;
custom,cuboid,stone9,.3,1,2,0,0.8636364,0.8636364,0.8636364,.01,.01,81.5727,4.597404,150.4917,0,0.7099969,0,-0.7042048;
custom,cuboid,stone9,1,.2,1,1,0.6818182,0.6704546,0.7045454,.01,.01,98.71719,-0.9953139,158.9032,0,0.7087079,0,-0.7055021;
custom,cuboid,stone9,1,.2,1,1,0.6818182,0.6704546,0.7045454,.01,.01,98.3957,-0.9813251,182.3649,0,0.7045231,0,-0.7096811;
custom,cuboid,stone9,.1,1,1,1,0.3295455,0.2954545,0.3636364,.01,.01,103.0945,4.400036,182.4053,0,0.9999765,0,-0.006859907;
custom,cuboid,stone9,.1,1,1,1,0.3295455,0.2954545,0.3636364,.01,.01,98.73,3.977864,177.5965,0,0.7127265,0,-0.7014421;
custom,cuboid,stone9,.1,1,1,1,0.3295455,0.2954545,0.3636364,.01,.01,98.37467,4.777863,187.0403,0,0.7127265,0,-0.7014421;
custom,cuboid,stone9,.1,1,1,1,0.3295455,0.2954545,0.3636364,.01,.01,98.34143,4.731653,163.4851,-0.02115225,0.7040375,-0.007055627,-0.7098127;
custom,cuboid,stone9,.1,1,1,1,0.3295455,0.2954545,0.3636364,.01,.01,98.32601,5.171653,154.5387,0,0.7052194,0,-0.7089892;
custom,cuboid,stone9,.1,1,1,1,0.3295455,0.2954545,0.3636364,.01,.01,103.546,4.229562,158.7626,0,0.02544263,0,-0.9996763;
custom,cuboid,stone9,1,.1,.3,1,0.4545455,0.4772727,0.4772727,.01,.01,102.0061,-0.4565105,182.5307,0,0.7192053,0,0.6947978;
custom,cuboid,stone9,1,.1,.3,1,0.4545455,0.4772727,0.4772727,.01,.01,102.308,-0.4564832,158.1297,0,0.6743515,0,0.7384107;
custom,cone,empty,.04,.04,.04,1,1,1,0.3068182,.01,.01,81.8623,7.382369,194.3231,0,0.05355551,0,-0.9985649;
custom,cone,empty,.04,.04,.04,1,1,1,0.3068182,.01,.01,-14.81372,7.355783,197.5197,0,0.05762946,0,0.998338;
misc,barrier,.1,1,1,91.58088,2.505441,159.4467,0,0.9998882,0,0.01495606;
misc,barrier,.1,1,1,91.49979,2.292341,179.7874,0,0.01444539,0,-0.9998957;
custom,cuboid,stone9,.3,1,1,0,0.1818182,0.1818182,0.1818182,.01,.01,-38.5917,3.36403,42.21085,0,0.70863,0,0.7055804;
custom,cuboid,stone9,.3,1,1,0,0.1818182,0.1818182,0.1818182,.01,.01,-38.76328,2.924031,23.98719,0,0.7081372,0,0.7060749;
custom,cuboid,stone9,.3,1,2,0,0.1818182,0.1818182,0.1818182,.01,.01,-44.70085,2.623593,34.16419,0,0.001901204,0,-0.9999982;
custom,cuboid,stone9,1,.4,2,1,0.1818182,0.1818182,0.1818182,.01,.01,-38.339,7.438577,33.40245,0,0.002676861,0,0.9999964;
custom,cuboid,stone6,.04,.1,.04,0,0.1818182,0.1818182,0.1818182,.01,.01,-34.27925,0.1062475,29.33403,0,0.9998896,0,0.01485813;
custom,cuboid,stone6,.2,.02,.4,0,0.1818182,0.1818182,0.1818182,.01,.01,-35.08796,0.5999475,27.68328,0,0.9999839,0,-0.005674574;
custom,cuboid,stone6,.04,.1,.04,0,0.1818182,0.1818182,0.1818182,.01,.01,-35.87451,0.1862476,29.33263,0,0.9990302,0,-0.04403174;
custom,cuboid,stone6,.04,.1,.04,0,0.1818182,0.1818182,0.1818182,.01,.01,-35.76149,0.1101452,25.91231,0,0.9999967,0,-0.002588194;
custom,cuboid,stone6,.04,.1,.04,0,0.1818182,0.1818182,0.1818182,.01,.01,-34.33477,0.07014532,25.90962,0,0.9999967,0,-0.002588194;
custom,cuboid,stone9,.3,1,2,0,1,1,1,.01,.01,92.52271,3.860196,216.5515,0,0.0001576681,0,1;
custom,cuboid,stone9,.3,1,2,0,1,1,1,.01,.01,70.34111,3.198405,216.6167,0,-0.00298392,0,0.9999955;
custom,cuboid,stone9,.3,1,2,0,1,1,1,.01,.01,81.65646,4.718943,227.9043,0,0.7041316,0,-0.7100695;
custom,cuboid,empty,.11,.2,.2,1,0.5,0.5,0.5,.01,.01,77.53549,-0.2925675,226.3089,0,0.02756489,0,-0.99962;
custom,cuboid,empty,.1,.2,.2,1,0.5,0.5,0.5,.01,.01,79.32598,0.7254828,226.7421,-0.06731866,-0.001794906,0.0001211058,-0.9977299;
custom,cuboid,empty,.1,.2,.2,1,0.5,0.5,0.5,.01,.01,80.94378,0.6961989,226.6569,-0.08958759,0.006816143,-0.0006131217,-0.9959554;
custom,cuboid,empty,.1,.2,.2,1,0.5,0.5,0.5,.01,.01,77.54439,0.7361988,226.6929,-0.07776132,0.006822941,-0.0005321849,-0.9969485;
custom,cuboid,empty,.11,.2,.2,1,0.5,0.5,0.5,.01,.01,79.33668,-0.2525673,226.3502,0,-0.007337414,0,-0.9999731;
custom,cuboid,empty,.11,.2,.2,1,0.5,0.5,0.5,.01,.01,80.94335,-0.2525673,226.302,0.01741405,-7.055366E-06,0.001156517,-0.9998477;
custom,cuboid,empty,.08,.08,.2,1,0.5,0.5,1,.01,.01,80.952,1.145642,226.6924,-0.114242,-0.005192054,0.0005970684,-0.9934392;
custom,cuboid,empty,.08,.08,.2,1,0.5,0.5,1,.01,.01,79.31027,1.255197,226.7342,-0.06714908,0.0007736701,-0.006577591,-0.997721;
custom,cuboid,empty,.08,.08,.2,1,0.5,0.5,1,.01,.01,77.50906,1.103883,226.715,-0.1009911,0.02599996,-0.003628209,-0.9945409;
custom,cuboid,empty,.11,.02,.2,1,0.5,0.5,0.4886363,.01,.01,80.91414,1.780927,226.2327,0,-0.005953874,0,-0.9999823;
custom,cuboid,empty,.11,.02,.2,1,0.5,0.5,0.4886363,.01,.01,79.31402,1.780927,226.2008,0,0.002772735,0,-0.9999962;
custom,cuboid,empty,.11,.02,.2,1,0.5,0.5,0.4886363,.01,.01,77.54814,1.827669,226.1623,0,0.02887054,0,-0.9995832;
custom,cuboid,ice1,.3,.2,.8,1,0.5,0.5,0.4886363,.01,.01,1.171853,0.2484065,161.9154,0,0.9998626,0,0.01657864;
custom,cuboid,ice1,.3,.2,.8,1,0.5,0.5,0.4886363,.01,.01,1.51712,0.1866829,148.2321,0,0.01372572,0,-0.9999058;
custom,cuboid,ice1,.3,.2,.8,1,0.5,0.5,0.4886363,.01,.01,-8.859853,0.4353132,161.2759,0,0.02307918,0,-0.9997336;
custom,cuboid,ice1,.3,.2,.8,1,0.5,0.5,0.4886363,.01,.01,-8.19926,0.2753136,148.3524,0,0.0174953,0,-0.9998469;
custom,cuboid,ice1,.3,.2,.8,1,0.5,0.5,0.4886363,.01,.01,-17.44751,0.2452882,161.7189,0,0.9999967,0,0.00259003;
custom,cuboid,ice1,.3,.2,.8,1,0.5,0.5,0.4886363,.01,.01,-17.46061,0.3247173,147.9865,0,0.9999977,0,0.002166393;
custom,cuboid,stone9,.3,1,2,1,0.5454546,0.5340909,0.5568182,.01,.01,34.964,2.613324,69.45329,0,0.9999994,0,0.001130609;
custom,cuboid,stone9,.3,1,2,1,0.5454546,0.5340909,0.5568182,.01,.01,73.50393,2.498443,69.25748,0,0.0009113509,0,-0.9999996;
custom,cuboid,stone9,.3,1,4,1,0.5454546,0.5340909,0.5568182,.01,.01,53.84226,4.504344,59.215,0,0.7068695,0,-0.7073439;
custom,cone,stone9,.01,.01,.01,1,1,0.2272727,0.25,.01,.01,-9.064313,1.530237,164.3289,0,0.9998304,0,0.01841616;
custom,cone,stone9,.01,.01,.01,1,1,0.2272727,0.25,.01,.01,-8.300592,1.328344,151.117,0,0.9996315,0,0.02714463;
custom,cone,stone9,.01,.01,.01,1,1,0.2272727,0.25,.01,.01,1.166217,1.342432,164.8129,0,0.9961095,0,0.0881235;
custom,cone,stone9,.01,.01,.01,1,1,0.2272727,0.25,.01,.01,1.421856,1.31595,150.9279,0,0.999953,0,0.009701056;
custom,cone,stone9,.01,.01,.01,1,1,0.2272727,0.25,.01,.01,-17.51425,1.502956,151.0649,0,0.9999529,0,0.009706778;
custom,cone,stone9,.01,.01,.01,1,0.8977273,0.25,0.8068182,.01,.01,-17.48262,1.454674,149.4635,0,0.7321663,0,0.6811259;
custom,cone,stone9,.01,.01,.01,1,0.8977273,0.25,0.8068182,.01,.01,-8.267612,1.330689,149.5592,0,0.6907972,0,0.7230486;
custom,cone,stone9,.01,.01,.01,1,0.8977273,0.25,0.8068182,.01,.01,1.451388,1.310351,149.5927,0,0.6955109,0,0.7185155;
custom,cone,stone9,.01,.01,.01,1,0.8977273,0.25,0.8068182,.01,.01,1.09934,1.32043,163.2478,0,0.6828631,0,0.7305464;
custom,cone,stone9,.01,.01,.01,1,0.8977273,0.25,0.8068182,.01,.01,-8.96061,1.496288,162.6742,0,0.6780667,0,0.7350005;
custom,cone,stone9,.01,.01,.01,1,0.8977273,0.25,0.8068182,.01,.01,-17.46436,1.397071,162.2534,0,0.6796684,0,0.7335195;
custom,cone,stone9,.01,.01,.01,1,0.8977273,0.25,0.25,.01,.01,-17.34809,1.345977,164.6036,0,0.6955066,0,0.7185198;
custom,cone,stone9,.01,.01,.01,1,0.1818182,0.25,1,.01,.01,-17.44681,1.385978,160.518,0,0.6955066,0,0.7185198;
custom,cone,stone9,.01,.01,.01,1,0.1818182,0.25,1,.01,.01,-8.866598,1.43664,160.8101,0,0.7079405,0,0.7062721;
custom,cone,stone9,.01,.01,.01,1,0.1818182,0.25,1,.01,.01,1.063321,1.292208,161.5946,0,0.6955063,0,0.71852;
custom,cone,stone9,.01,.01,.01,1,0.1818182,0.25,1,.01,.01,1.535465,1.294521,148.0522,0,0.6970693,0,0.7170038;
custom,cone,stone9,.01,.01,.01,1,0.1818182,0.25,1,.01,.01,-8.368474,1.320142,147.944,0,0.7032995,0,0.7108938;
custom,cone,stone9,.01,.01,.01,1,0.1818182,0.25,1,.01,.01,-17.55745,1.392941,148.0295,0,0.7201547,0,0.6938135;
custom,cone,stone9,.01,.01,.01,1,0.1818182,1,0.2272727,.01,.01,-17.50683,1.34623,146.3261,0,0.6970677,0,0.7170053;
custom,cone,stone9,.01,.01,.01,1,0.1818182,1,0.2272727,.01,.01,-8.428613,1.299505,146.3196,0,0.7063924,0,0.7078205;
custom,cone,stone9,.01,.01,.01,1,0.1818182,1,0.2272727,.01,.01,1.644103,1.306748,146.5629,0,0.690783,0,0.7230621;
custom,cone,stone9,.01,.01,.01,1,0.1818182,1,0.2272727,.01,.01,-17.38761,1.348357,158.7813,0,0.6954998,0,0.7185263;
custom,cone,stone9,.01,.01,.01,1,0.1818182,1,0.2272727,.01,.01,-8.677835,1.508098,158.6493,0,0.6954981,0,0.7185279;
custom,cone,stone9,.01,.01,.01,1,0.1818182,1,0.2272727,.01,.01,1.055473,1.322333,159.2341,0,0.6860334,0,0.7275701;
custom,cone,stone9,.01,.01,.01,1,1,0.5454546,0.2272727,.01,.01,1.695258,1.25894,145.1288,0,0.6876174,0,0.7260733;
custom,cone,stone9,.01,.01,.01,1,1,0.5454546,0.2272727,.01,.01,-8.613754,1.367047,145.1559,0,0.6891998,0,0.7245713;
custom,cone,stone9,.01,.01,.01,1,1,0.5454546,0.2272727,.01,.01,-17.84673,1.369921,144.7036,0,0.700184,0,0.7139624;
custom,cuboid,stone6,.03,.2,.16,0,1,0.5454546,0.2272727,.01,.01,-14.39079,-0.005709291,5.272853,0,0.02943288,0,0.9995668;
custom,cuboid,stone6,.03,.2,.16,0,1,0.5454546,0.2272727,.01,.01,-6.759707,-0.04570905,5.240865,0,0.02943288,0,0.9995668;
custom,cuboid,stone6,.8,.04,.2,0,1,0.5454546,0.2272727,.01,.01,-10.58366,0.8969697,5.103698,0,-0.009327279,0,-0.9999565;
custom,cylinder,ice1,.03,.02,.03,1,0.7840909,0.8181818,0.8295454,.01,.01,-13.23846,1.295716,4.351668,0,0.009727203,0,0.9999527;
custom,leaf1,ice1,.02,.02,.02,1,0.7840909,0.8181818,0.8295454,.01,.01,-12.61637,1.05853,4.461926,0,0.005359498,0,0.9999856;
custom,field2,ice1,.01,.01,.01,1,0.7840909,0.8181818,0.8295454,.01,.01,-12.60713,0.8957164,4.580556,0,0.01190423,0,0.9999291;
custom,cuboid,stone6,.05,.05,.04,1,0.7840909,0.8181818,0.8295454,.01,.01,-13.33182,1.599384,4.604599,0,-0.07355256,0,0.9972914;
custom,cuboid,stone6,.05,.05,.04,1,0.7840909,0.8181818,0.8295454,.01,.01,-14.0433,1.359384,5.01364,0,0.1045621,0,0.9945184;
custom,cuboid,stone6,.05,.05,.04,1,0.7840909,0.8181818,0.8295454,.01,.01,-6.946291,1.322653,4.988043,0,0.07526937,0,0.9971632;
custom,cuboid,stone6,.05,.05,.04,1,0.7840909,0.8181818,0.8295454,.01,.01,-7.985581,1.322653,5.026396,0,-0.1343892,0,0.9909286;
custom,cuboid,stone6,.04,.04,.03,1,0.7840909,0.8181818,0.8295454,.01,.01,-7.986294,1.762653,5.006903,0,0.01844184,0,0.9998299;
custom,cuboid,stone6,.05,.03,.03,1,0.7840909,0.8181818,0.8295454,.01,.01,-6.945571,1.682653,5.007537,0,0.01844184,0,0.9998299;
custom,cuboid,stone6,.05,.03,.03,1,0.7840909,0.8181818,0.8295454,.01,.01,-13.30297,1.213612,4.595877,0,0.007524292,0,0.9999717;
custom,cuboid,stone6,.03,.03,.03,1,0.7840909,0.8181818,0.8295454,.01,.01,-12.6805,1.259678,5.183206,0,-0.03496728,0,0.9993885;
custom,cuboid,crystal2,.03,.03,.03,1,0.7840909,0.8181818,0.8295454,.01,.01,-13.34894,1.633364,4.54733,0,-0.08018483,0,0.99678;
custom,cuboid,crystal2,.03,.03,.03,1,0.7840909,0.8181818,0.8295454,.01,.01,-14.04637,1.356551,4.947945,0,0.1363293,0,0.9906636;
custom,cuboid,crystal2,.03,.03,.03,1,0.7840909,0.8181818,0.8295454,.01,.01,-7.95187,1.315217,4.961393,0,0.142799,0,-0.9897517;
custom,cuboid,crystal2,.03,.03,.03,1,0.7840909,0.8181818,0.8295454,.01,.01,-6.92609,1.327731,4.911417,0,0.07524092,0,0.9971654;
custom,cuboid,crystal2,.03,.03,.02,1,0.75,0.7840909,0.8295454,.01,.01,-7.965906,1.767317,4.952745,0,-0.02311765,0,-0.9997328;
custom,cuboid,crystal2,.02,.02,.01,1,0.75,0.7840909,0.8295454,.01,.01,-12.66855,1.240543,5.051949,0,0.03705121,0,-0.9993134;
custom,plane,ice1,.06,.0,.08,1,0.3977273,0.3295454,0.2613636,.01,.01,-11.39494,1.100565,5.058976,0,-0.05467323,0,0.9985043;
custom,plane,ice1,.06,.0,.08,1,0.3977273,0.3295454,0.2613636,.01,.01,-11.52431,1.100565,4.873671,0,0.1499822,0,0.9886887;
custom,plane,empty,.04,.0,.06,1,0.8295454,0.7954546,0.7954546,.01,.01,-8.401781,1.135845,4.487927,0,0.1889371,0,0.9819892;
custom,plane,empty,.04,.0,.06,1,0.9090909,0.9090909,0.9204546,.01,.01,-8.22121,1.135845,4.558009,0.00174403,0.0385754,-6.732681E-05,0.9992542;
custom,cuboid,metal3,.04,.04,.04,1,0.6022727,0.6136364,0.5909091,.01,.01,-9.249468,0.9687888,4.681012,0,0.1614848,0,0.9868752;
custom,cuboid,metal3,.01,.04,.01,1,0.6022727,0.6136364,0.5909091,.01,.01,-9.24595,1.306591,4.686149,0,0.8084315,0,0.5885904;
custom,cylinder,metal3,.02,.01,.02,1,0.6022727,0.6136364,0.5909091,.01,.01,-9.241803,1.525383,4.728103,-0.7176914,0.1137582,0.1207173,0.6763176;
custom,cuboid,metal3,.014,.04,.01,1,0.6022727,0.6136364,0.5909091,.01,.01,-9.135158,1.727984,4.719847,-0.03448206,0.1622254,-0.2050323,0.9646013;
custom,cuboid,metal3,.014,.04,.01,1,0.6022727,0.6136364,0.5909091,.01,.01,-9.026503,1.407983,4.690237,-0.1403099,0.08842633,-0.8342909,0.5257878;
custom,cuboid,metal3,.014,.04,.01,1,0.6022727,0.6136364,0.5909091,.01,.01,-9.467722,1.607983,4.866562,0.09678008,0.1346837,0.5754598,0.800837;
custom,cuboid,metal3,.014,.04,.01,1,0.6022727,0.6136364,0.5909091,.01,.01,-9.282797,1.327983,4.802641,-0.04432137,0.1598177,-0.2635375,0.9502853;
custom,sphere,metal3,.06,.06,.06,1,1,0.7727273,0.2159091,.01,.01,-9.8926,6.2531,0.9137001,0,0.02256413,0,0.9997454;
base,aot_supply,-10.01681,8.827466,1.313566,0.7471666,0.01031333,0.01578714,-0.6643692;
custom,cone,stone6,.06,.06,.06,0,1,0.7727273,0.2159091,.01,.01,-9.704335,7.062566,0.8360982,0,0.02328129,0,-0.999729;
custom,cuboid,stone6,.2,.08,.2,0,1,0.7727273,0.2159091,.01,.01,-13.2517,0.5520018,5.451143,0,0.04167137,0,0.9991314;
custom,cuboid,stone6,.06,.08,.08,1,0.7045454,0.7045455,0.6818182,.01,.01,-7.353772,0.2538463,4.725313,0,-0.04993587,0,-0.9987524;
custom,cuboid,empty,.14,.18,.0,1,0.5909091,0.5909091,0.5795455,.01,.01,-13.07282,2.448593,5.814653,0,2.053336E-05,0,1;
custom,cuboid,metal3,.14,.16,.14,1,0.3068182,0.7159091,1,.01,.01,-92.20896,0.6519632,175.5306,0,0.9999574,0,0.009232974;
custom,cuboid,metal3,.04,.16,.01,1,0.7272727,0.4431818,1,.01,.01,-92.2316,0.6579882,176.1965,0,0.9998555,0,0.01700291;
custom,cuboid,metal3,.04,.16,.16,1,0.7272727,0.4431818,1,.01,.01,-92.24606,0.6579882,175.4448,0,0.9999983,0,-0.001845824;
custom,cuboid,metal3,.04,.16,.146,1,0.7272727,0.4431818,1,.01,.01,-92.21352,0.6703818,175.4989,0,0.7027121,0,0.7114743;
custom,cuboid,stone9,.02,.7,.02,0,0.7272727,0.4431818,1,.01,.01,-92.28976,3.459221,175.4856,0,0.9999812,0,0.006129064;
custom,sphere,stone9,.1,.1,.1,1,0.7272727,0.4431818,1,.01,.01,-99.92529,1.42564,192.7995,0,0.6947511,0,-0.7192503;
custom,sphere,stone9,.05,.03,.04,1,0.8522727,0.625,1,.01,.01,-99.44548,1.42564,192.658,0,0.6912279,0,-0.7226369;
custom,sphere,stone9,.05,.03,.04,1,0.8522727,0.625,1,.01,.01,-99.39124,1.42564,193.0162,0,0.6912279,0,-0.7226369;
custom,cuboid,stone9,.1,.01,.08,1,0.7499999,0.4659091,1,.01,.01,-99.68142,1.232565,192.8335,0.1149527,0.707733,0.1184339,-0.6869304;
custom,cuboid,stone9,.06,.05,.05,1,0.7499999,0.4659091,1,.01,.01,-100.0293,1.134099,192.836,0,0.7206135,0,-0.693337;
custom,cylinder,stone6,.02,.02,.02,0,0.7499999,0.4659091,1,.01,.01,-99.57692,1.693748,192.6608,0.5118768,0.4988483,0.4032146,-0.5714461;
custom,cylinder,stone6,.02,.02,.02,0,0.7499999,0.4659091,1,.01,.01,-99.57533,1.653748,192.9807,0.3395813,0.6194429,0.4383717,-0.5557026;
custom,cylinder,stone6,.02,.02,.02,0,0.7499999,0.4659091,1,.01,.01,-100.3224,1.098535,192.8214,0.09853075,0.6959083,-0.09730813,0.704652;
custom,cylinder,stone6,.02,.02,.02,0,0.7499999,0.4659091,1,.01,.01,-99.89837,2.018551,193.1256,0,0.7130589,0,-0.7011042;
custom,cylinder,stone6,.02,.02,.02,0,0.7499999,0.4659091,1,.01,.01,-99.88856,2.018551,192.4998,0,0.7130589,0,-0.7011042;
custom,cuboid,stone4,.012,.01,.008,0,0.7499999,0.4659091,1,.01,.01,-99.36129,1.169074,192.5124,0.1247847,0.7046614,0.1280587,-0.6866455;
custom,cuboid,stone4,.012,.01,.008,0,0.7499999,0.4659091,1,.01,.01,-99.33004,1.169074,192.8334,0.1553296,0.6982384,0.159405,-0.6803867;
custom,cuboid,stone4,.012,.01,.008,0,0.7499999,0.4659091,1,.01,.01,-99.37777,1.169074,193.152,0.1572289,0.6977906,0.1613543,-0.6799502;
spawnpoint,playerC,-9.638754,1.644668,-9.246414,0,0.1499834,0,-0.9886885;
spawnpoint,playerM,-9.29127,2.459522,191.499,0,0.9999788,0,-0.006518838;
spawnpoint,titan,-109.5976,11.74451,478.44,0,0.8526711,0,-0.5224481;
spawnpoint,titan,-95.02119,14.28709,485.8061,0,0.8503835,0,-0.5261633;
spawnpoint,titan,-95.02119,14.28709,485.8061,0,0.8503835,0,-0.5261633;
spawnpoint,titan,-95.02119,14.28709,485.8061,0,0.8503835,0,-0.5261633;
spawnpoint,titan,-95.03876,14.4165,485.7974,0,0.8503835,0,-0.5261633;
spawnpoint,titan,-95.27636,14.7194,486.2116,0,0.837513,0,-0.5464175;
misc,barrier,1,5,300,-705.9829,22.86464,391.9123,0,0.7071712,0,-0.7070424;
custom,sphere,stone9,.1,.1,.1,1,0.6590909,0.4431818,0.2272727,.04,.04,-95.29063,1.556384,202.528,0,0.01553488,0,-0.9998794;
custom,sphere,stone9,.1,.1,.1,1,0.6590909,0.4431818,0.2272727,.04,.04,-101.6538,4.120078,202.6567,0,0.0548368,0,-0.9984953;
custom,sphere,stone9,.1,.1,.1,1,0.6590909,0.4431818,0.2272727,.04,.04,-107.5565,3.052315,189.9802,0,0.6563128,0,-0.7544889;
custom,sphere,stone9,.05,.03,.04,1,0.8863636,0.6818182,0.4204545,.04,.04,-107.0141,3.103195,189.7523,0,0.7256194,0,-0.6880963;
custom,sphere,stone9,.05,.03,.04,1,0.8863636,0.6818182,0.4204545,.04,.04,-107.038,3.103195,190.1897,0,0.7256194,0,-0.6880963;
custom,sphere,stone9,.03,.05,.04,1,0.8863636,0.6818182,0.4204545,.04,.04,-95.44021,1.438025,202.1309,0,0.01709076,0,0.999854;
custom,sphere,stone9,.03,.05,.04,1,0.8863636,0.6818182,0.4204545,.04,.04,-95.44167,1.798025,202.0911,0,0.01709076,0,0.999854;
custom,sphere,stone9,.05,.03,.04,1,0.8863636,0.6818182,0.4204545,.04,.04,-101.8018,4.053658,202.1857,0,0.000361832,0,-0.9999999;
custom,sphere,stone9,.05,.03,.04,1,0.8863636,0.6818182,0.4204545,.04,.04,-101.4418,4.053658,202.186,0,0.000361832,0,-0.9999999;
custom,cuboid,stone9,.08,.008,.12,1,0.8863636,0.6818182,0.4204545,.01,.01,-107.22,3.03577,189.9962,0.1518746,0.6807557,0.1474334,-0.7012627;
custom,cuboid,stone9,.08,.008,.12,1,0.8863636,0.6818182,0.4204545,.01,.01,-101.6213,3.994331,202.5428,-0.1822256,0.01027461,0.001904287,0.9832013;
custom,cuboid,stone9,.008,.08,.08,1,0.8863636,0.6818182,0.4204545,.01,.01,-95.5387,1.72263,202.2439,0,0.2608914,0,0.9653682;
custom,sphere,stone9,.1,.1,.1,1,0.6363636,0.625,0.1818182,.01,.01,-97.18998,2.852868,202.671,0,0.001660405,0,0.9999986;
custom,cuboid,metal3,.04,.008,.07,1,0.5454546,0.2613637,0,.01,.01,-97.19953,2.725837,202.3494,-0.1270464,0.01679154,0.002151045,0.9917523;
custom,cuboid,metal3,.04,.008,.07,1,0.5454546,0.2613637,0,.01,.01,-97.20191,2.765837,202.2698,-0.01221525,0.01692749,0.0002068186,0.9997821;
custom,pyramid,metal3,.02,.01,.02,1,0.5454546,0.2613637,0,.01,.01,-97.2032,2.885837,202.114,0.01871916,0.01449089,-0.004460705,0.9997098;
custom,sphere,stone6,.03,.02,.02,0,0.5454546,0.2613637,0,.01,.01,-101.6421,4.172191,202.0918,0,0.009333388,0,-0.9999564;
custom,sphere,stone6,.03,.02,.02,0,0.5454546,0.2613637,0,.01,.01,-106.9259,3.215146,189.9836,0,0.7075669,0,-0.7066464;
custom,sphere,stone6,.02,.03,.02,0,0.5454546,0.2613637,0,.01,.01,-95.31784,1.664829,202.0175,0,0.003699863,0,0.9999931;
custom,sphere,stone6,.03,.02,.02,0,0.5454546,0.2613637,0,.01,.01,-99.34813,1.545813,192.8071,0,0.7106627,0,-0.7035329;
custom,cuboid,ice1,.016,.01,.01,0,0.5454546,0.2613637,0,.01,.01,-106.7226,2.841177,190.2133,0.1642367,0.6882185,0.1644646,-0.6872649;
custom,cuboid,ice1,.016,.01,.01,0,0.5454546,0.2613637,0,.01,.01,-106.7224,2.841174,189.9736,0.1642367,0.6882185,0.1644647,-0.6872649;
custom,cuboid,ice1,.016,.01,.01,0,0.5454546,0.2613637,0,.01,.01,-106.722,2.841176,189.7334,0.1338601,0.6947842,0.1340459,-0.6938214;
custom,cuboid,ice1,.016,.01,.01,0,0.5454546,0.2613637,0,.01,.01,-101.8657,3.843771,202.0636,-0.3615265,0.02170618,0.008419275,0.9320711;
custom,cuboid,ice1,.016,.01,.01,0,0.5454546,0.2613637,0,.01,.01,-101.626,3.843771,202.0523,-0.2762335,0.02237543,0.006432962,0.9608085;
custom,cuboid,ice1,.016,.01,.01,0,0.5454546,0.2613637,0,.01,.01,-101.3463,3.84377,202.0397,-0.3002915,0.0222067,0.006993225,0.9535633;
custom,cuboid,ice1,.01,.016,.01,0,0.5454546,0.2613637,0,.01,.01,-95.65843,2.003995,201.9188,0,0.2896841,0,0.9571223;
custom,cuboid,ice1,.01,.016,.01,0,0.5454546,0.2613637,0,.01,.01,-95.65844,1.723995,201.9189,0,0.2863415,0,0.9581276;
custom,cuboid,ice1,.01,.016,.01,0,0.5454546,0.2613637,0,.01,.01,-95.65157,1.443995,201.9579,0,0.1760379,0,0.9843834;
custom,cylinder,stone6,.02,.02,.02,0,0.5454546,0.2613637,0,.01,.01,-107.2232,3.335039,189.777,0.5438269,0.4544195,0.3587714,-0.6074853;
custom,cylinder,stone6,.02,.02,.02,0,0.5454546,0.2613637,0,.01,.01,-107.2343,3.335039,190.177,0.3963876,0.5869481,0.5344824,-0.4611913;
custom,cylinder,stone6,.02,.02,.02,0,0.5454546,0.2613637,0,.01,.01,-101.7483,4.373507,202.2762,0.7540308,0.08034675,-0.05934292,0.6491998;
custom,cylinder,stone6,.02,.02,.02,0,0.5454546,0.2613637,0,.01,.01,-101.3917,4.352208,202.2502,-0.6644288,0.005450625,0.005119359,0.7473142;
custom,cylinder,stone6,.02,.02,.02,0,0.5454546,0.2613637,0,.01,.01,-95.11581,1.8874,202.1566,-0.72537,0.002427098,0.002557628,0.6883502;
custom,cylinder,stone6,.02,.02,.02,0,0.5454546,0.2613637,0,.01,.01,-95.15585,1.5674,202.1569,-0.7657008,-0.09175471,-0.07488474,0.6321991;
custom,cylinder,stone6,.02,.02,.02,0,0.5454546,0.2613637,0,.01,.01,-96.95377,3.113775,202.2333,-0.6978432,0.01032714,0.01006378,0.7161054;
custom,cylinder,stone6,.02,.02,.02,0,0.5454546,0.2613637,0,.01,.01,-97.39244,3.113775,202.2847,-0.7003386,0.01029195,0.01009977,0.7136651;
custom,leaf0,stone9,.1,1,.1,1,0.8068182,0.8068182,0.7840909,.01,.01,82.64603,2.332626,203.843,-0.6994138,0.0009038936,0.0008845399,0.7147159;
custom,field2,empty,.004,.004,.004,1,0.8068182,0.8068182,0.7840909,.01,.01,4.099103,5.6786,15.37992,-0.04039039,0.8303188,0.5524986,0.0607005;
custom,field2,empty,.004,.004,.004,1,0.8068182,0.8068182,0.7840909,.01,.01,-0.0754064,6.038473,12.3576,0,0.9982074,0,0.05985003;
custom,field2,empty,.004,.004,.004,1,0.8068182,0.8068182,0.7840909,.01,.01,2.271516,5.998473,12.90355,0,0.9982074,0,0.05985003;
custom,field2,empty,.004,.004,.004,1,0.8068182,0.8068182,0.7840909,.01,.01,0.4949784,5.461965,14.6951,0,0.9983353,0,0.05767691;
custom,field2,empty,.004,.004,.004,1,0.8068182,0.8068182,0.7840909,.01,.01,-0.7754529,4.70023,15.29669,0,0.9999268,0,-0.01210068;
custom,cuboid,empty,.08,.1,.0,1,0.8068182,0.8068182,0.7840909,.01,.01,10.25888,2.479636,52.31529,0,0.7001845,0,0.713962;
custom,cuboid,empty,.08,.1,.0,1,0.8068182,0.8068182,0.7840909,.01,.01,10.3182,2.759635,51.31634,0,0.7001845,0,0.713962;
custom,cuboid,empty,.08,.1,.0,1,0.8068182,0.8068182,0.7840909,.01,.01,10.29864,2.399636,50.27578,0,0.7001845,0,0.713962;
custom,cylinder,empty,.02,.4,.02,1,0.4090909,0.3522727,0.3977273,.01,.01,1.002965,5.917581,34.04925,-0.1407315,0.03264129,-0.1223148,0.9819207;
custom,cylinder,empty,.02,.4,.02,1,0.4090909,0.3522727,0.3977273,.01,.01,-2.67578,-0.4424174,35.22594,-0.007153819,0.01718595,-0.3842288,0.9230502;
custom,cylinder,empty,.02,.4,.02,1,0.4090909,0.3522727,0.3977273,.01,.01,9.359277,5.954638,27.72177,0.004851586,0.02020831,0.233395,0.9721599;
custom,cylinder,empty,.02,.4,.02,1,0.4090909,0.3522727,0.3977273,.01,.01,5.021848,9.962261,35.10497,0,0.2472667,0,0.9689475;
custom,cylinder,empty,.02,.4,.02,1,0.4090909,0.3522727,0.3977273,.01,.01,8.09167,4.122264,33.39716,0.1219453,0.2217969,0.4957567,0.8307592;
custom,cone,metal3,.08,.08,.08,0,0.4090909,0.3522727,0.3977273,.01,.01,2.234507,7.712429,27.70615,0,0.0337805,0,-0.9994293;
custom,cone,metal3,.08,.08,.08,0,0.4090909,0.3522727,0.3977273,.01,.01,-24.95622,7.726236,61.84009,0,0.0185297,0,-0.9998283;
custom,cone,metal3,.08,.08,.08,0,0.4090909,0.3522727,0.3977273,.01,.01,-23.36821,7.854751,-7.79888,0,0.9999994,0,0.001084284;
custom,cone,metal3,.08,.08,.08,0,0.4090909,0.3522727,0.3977273,.01,.01,2.906381,7.837075,-9.985098,0,0.9974871,0,-0.07084906;
custom,cone,metal3,.08,.08,.08,0,0.4090909,0.3522727,0.3977273,.01,.01,-39.60825,6.399015,28.88975,0,0.9987953,0,-0.04907048;
custom,cone,empty,.04,.04,.04,1,1,1,0.3068182,.01,.01,-39.51405,5.879015,28.98116,0,0.9987953,0,-0.04907048;
custom,cone,empty,.04,.04,.04,1,1,1,0.3068182,.01,.01,-23.21816,7.358051,-7.939116,0,0.9979294,0,0.06431961;
custom,cone,empty,.04,.04,.04,1,1,1,0.3068182,.01,.01,-25.04044,7.224775,61.86246,0,0.001071169,0,0.9999995;
custom,cone,empty,.04,.04,.04,1,1,1,0.3068182,.01,.01,2.930969,7.299915,-9.989328,0,0.9962925,0,-0.08603074;
custom,cone,empty,.04,.04,.04,1,1,1,0.3068182,.01,.01,2.147365,7.18738,27.83375,0,0.2430344,0,-0.9700177;
custom,cone,metal3,.08,.08,.08,0,1,1,0.3068182,.01,.01,-97.19404,7.877701,185.2481,0,0.9990919,0,0.04260724;
custom,cone,metal3,.08,.08,.08,0,1,1,0.3068182,.01,.01,-14.70046,7.902126,197.5542,0,0.1187098,0,-0.992929;
custom,cone,metal3,.08,.08,.08,0,1,1,0.3068182,.01,.01,-2.617976,7.918893,196.8514,0,0.03807182,0,0.999275;
custom,cone,metal3,.08,.08,.08,0,1,1,0.3068182,.01,.01,81.93549,7.912786,194.2488,0,0.0731393,0,-0.9973217;
custom,cone,empty,.04,.04,.04,1,1,1,0.3068182,.01,.01,-2.667506,7.414754,196.836,0,0.4411727,0,0.8974222;
base,aot_supply,-15.11554,8.874608,198.285,0.5854214,0.01517617,0.01096152,-0.810513;
base,aot_supply,-2.844744,9.2709,197.2271,0.6881713,0.01674571,0.01589109,-0.7251809;
base,aot_supply,81.58115,9.113694,194.1988,-0.7420908,0.03562701,0.0395678,0.6681814;
base,aot_supply,2.220304,9.182055,27.79372,0.01663968,0.6805452,0.732354,-0.01546255;
base,aot_supply,3.180513,9.139513,-9.975885,-0.0009208467,0.6959123,0.7181256,0.0008923619;
base,aot_supply,-23.15037,9.077512,-7.81999,-0.3264345,0.6066775,0.6597573,0.300172;
base,aot_supply,-96.86629,8.920742,184.8755,0.07859739,0.7425395,0.6592577,-0.08852635;
base,aot_supply,-24.87478,9.018488,61.75398,-0.008156387,0.7458853,0.6659619,0.009135261;
custom,cuboid,wood2,.08,.01,.3,0,1,1,0.3068182,1,1,10.09998,-0.016734,-10.36965,0,-0.006524738,0,-0.9999787;
custom,cuboid,wood2,.08,.01,.3,0,1,1,0.3068182,1,1,10.05981,0.2232663,-10.36643,0,-0.007571899,0,-0.9999713;
custom,cuboid,wood2,.08,.01,.3,0,1,1,0.3068182,1,1,10.04497,0.4672085,-10.39879,0,-0.0005770747,0,-0.9999999;
custom,cuboid,wood2,.08,.01,.3,0,1,1,0.3068182,1,1,10.03452,0.7072086,-10.31627,0,0.003611708,0,-0.9999935;
custom,cuboid,wood2,.08,.01,.3,0,1,1,0.3068182,1,1,10.10262,0.9072087,-10.39788,0,0.003611708,0,-0.9999935;
custom,cuboid,wood2,.08,.1,.32,0,1,1,0.3068182,1,1,10.80629,0.4672085,-10.35689,0,0.003611708,0,-0.9999935;
custom,cuboid,wood2,.01,.12,.1,0,1,1,0.3068182,1,1,10.0866,0.3790382,-8.817519,0,0.6983075,0,0.715798;
custom,cuboid,wood2,.01,.12,.1,0,1,1,0.3068182,1,1,10.00545,0.3790382,-11.89963,0,0.6983075,0,0.715798;
custom,cylinder,bark,.02,.01,.02,1,1,0.5,0.3068182,1,1,-7.020642,1.877285,4.975942,0,0.1030422,0,0.994677;
custom,sphere,metal3,.03,.02,.03,1,0.75,0.2840909,0.6818182,1,1,-7.003016,1.997625,5.006484,0,0.07913791,0,0.9968637;
custom,tower1,default,.01,.01,.01,0,0.75,0.2840909,0.6818182,1,1,-7.012324,1.676192,4.96424,0,0.02684143,0,0.9996397;
custom,tower1,default,.006,.004,.006,1,0.75,0.4659091,0.2840909,1,1,-7.005711,2.078347,4.963293,0,0.01375422,0,0.9999054;
custom,cuboid,stone6,.08,.08,.08,0,0.75,0.4659091,0.2840909,.01,.01,-30.12619,0.3913503,-4.042801,0,0.7353846,0,-0.67765;
custom,cuboid,stone6,.08,.08,.08,0,0.75,0.4659091,0.2840909,.01,.01,-30.16225,0.3913503,-2.641072,0,0.7353846,0,-0.67765;
custom,cuboid,stone6,.06,.06,.06,0,0.75,0.4659091,0.2840909,.01,.01,-30.36059,1.07135,-4.061987,0,0.7353846,0,-0.67765;
custom,cuboid,stone6,.06,.06,.06,0,0.75,0.4659091,0.2840909,.01,.01,-30.28273,1.11135,-2.610799,0,0.6459871,0,-0.7633483;
custom,cuboid,stone6,.07,.07,.07,1,0.4659091,0.4659091,0.4659091,.01,.01,-30.06728,0.3913503,-4.036114,0,0.7353846,0,-0.67765;
custom,cuboid,stone6,.07,.07,.07,1,0.4659091,0.4659091,0.4659091,.01,.01,-30.06461,0.3913505,-2.633074,0,0.7353846,0,-0.67765;
custom,cuboid,stone6,.05,.05,.05,1,0.4659091,0.4659091,0.4659091,.01,.01,-30.30199,1.07135,-4.05719,0,0.7353846,0,-0.67765;
custom,cuboid,stone6,.05,.05,.05,1,0.4659091,0.4659091,0.4659091,.01,.01,-30.2226,1.104643,-2.629388,0,0.6477951,0,-0.7618147;
custom,cuboid,empty,.06,.1,.1,1,0.4659091,0.4659091,0.4659091,.01,.01,-31.03424,2.007975,-4.836312,0,0.7097974,0,-0.704406;
custom,cuboid,empty,.06,.1,.1,1,0.4659091,0.4659091,0.4659091,.01,.01,-30.97693,2.527975,-4.118588,0,0.678396,0,-0.7346964;
custom,cuboid,empty,.06,.1,.1,1,0.4659091,0.4659091,0.4659091,.01,.01,-31.03284,2.567975,-5.317942,0,0.7134758,0,-0.7006798;
custom,cuboid,empty,.06,.1,.1,1,0.4659091,0.4659091,0.4659091,.01,.01,-31.03059,1.567974,-3.793289,0,0.678396,0,-0.7346964;
custom,cuboid,empty,.06,.1,.1,1,0.4659091,0.4659091,0.4659091,.01,.01,-31.009,1.559539,-5.784375,0,0.6958402,0,-0.7181967;
custom,plane,empty,.06,.1,.1,1,0.4659091,0.4659091,0.4659091,.01,.01,-28.98474,0.03732292,-5.80194,0,0.008196653,0,-0.9999664;
custom,plane,empty,.06,.1,.1,1,0.4659091,0.4659091,0.4659091,.01,.01,-28.53691,0.02640287,-4.496153,0,0.6306131,0,-0.7760974;
custom,plane,empty,.06,.1,.1,1,0.4659091,0.4659091,0.4659091,.01,.01,-25.679,0.01706023,-9.51291,0,0.9995831,0,-0.02887436;
custom,plane,empty,.06,.1,.1,1,0.4659091,0.4659091,0.4659091,.01,.01,8.475154,0.007640809,-16.72021,0,0.9947998,0,0.1018496;
custom,plane,empty,.06,.1,.1,1,0.4659091,0.4659091,0.4659091,.01,.01,9.21833,0.02208167,-14.67935,0,0.6981553,0,0.7159464;
custom,plane,empty,.06,.1,.1,1,0.4659091,0.4659091,0.4659091,.01,.01,8.470405,0.008830644,-15.90191,0,0.7829245,0,0.6221167;
custom,plane,empty,.06,.1,.1,1,0.4659091,0.4659091,0.4659091,.01,.01,10.10028,1.024994,-10.14915,0,0.08800802,0,0.9961198;
custom,plane,empty,.06,.1,.1,1,0.4659091,0.4659091,0.4659091,.01,.01,1.089785,0.0382568,28.13941,0,0.158096,0,-0.9874238;
custom,cuboid,stone6,.07,.07,.07,0,0.4659091,0.4659091,0.4659091,.01,.01,-29.51874,0.3317273,16.5991,0,0.6490879,0,-0.7607134;
custom,cuboid,stone6,.08,.08,.08,0,0.4659091,0.4659091,0.4659091,.01,.01,-29.38641,0.3717278,17.79316,0,0.7637157,0,-0.6455528;
custom,cuboid,stone6,.07,.07,.07,1,0.4659091,0.4659091,0.4659091,.01,.01,-29.30321,0.3677335,17.80798,0,0.7622538,0,-0.6472784;
custom,cuboid,stone6,.06,.06,.06,1,0.4659091,0.4659091,0.4659091,.01,.01,-29.4139,0.334833,16.59311,0,0.646176,0,-0.7631885;
custom,cuboid,stone6,.1,.1,.08,0,0.4659091,0.4659091,0.4659091,.01,.01,-29.58615,1.174647,17.03714,0.06397278,0.6409246,-0.07597302,-0.7611513;
custom,cuboid,stone6,.09,.09,.05,1,0.4659091,0.4659091,0.4659091,.01,.01,-29.41282,1.174647,17.00717,0.07291526,0.6399689,-0.08659294,-0.7600163;
custom,cuboid,empty,.08,.1,.1,1,0.4659091,0.4659091,0.4659091,.01,.01,-30.99481,2.489141,18.04093,0,0.7271669,0,-0.6864608;
custom,cuboid,empty,.08,.1,.1,1,0.4659091,0.4659091,0.4659091,.01,.01,-31.03539,3.201274,17.29948,0,0.7027683,0,-0.7114189;
custom,cuboid,empty,.08,.1,.1,1,0.4659091,0.4659091,0.4659091,.01,.01,-31.05294,1.73163,15.66734,0,0.702152,0,-0.7120271;
custom,cuboid,empty,.08,.1,.1,1,0.4659091,0.4659091,0.4659091,.01,.01,-31.04624,3.571628,16.14729,0,0.702152,0,-0.7120271;
custom,cuboid,empty,.08,.1,.1,1,0.4659091,0.4659091,0.4659091,.01,.01,-31.03786,2.251629,16.74724,0,0.702152,0,-0.7120271;
custom,cone,stone6,.04,.1,.04,0,1,1,1,.01,.01,-36.17894,-0.4001957,39.93247,0.9986378,9.10042E-05,-0.05215025,0.001742907;
custom,cylinder,bark2,.02,.1,.02,0,1,1,1,1,1,-35.94361,1.604337,39.89572,0.02443917,0.02924819,-0.1259614,0.9913027;
custom,cylinder,bark2,.02,.1,.02,0,1,1,1,1,1,-38.48606,1.251518,39.99971,0,0.01549865,0,-0.9998799;
custom,pyramid,bark3,.12,.08,.06,0,1,1,1,2,2,-38.4716,0.1139848,39.95499,0,0.05861963,0,0.9982804;
custom,cuboid,stone6,.1,.01,1,0,1,1,1,.01,.01,-42.86333,0.5518067,33.34207,0,0.006834605,0,-0.9999766;
custom,cuboid,stone6,.1,.01,1,0,1,1,1,.01,.01,-42.95748,1.151808,33.30257,0,0.009016543,0,-0.9999593;
custom,cuboid,stone6,.1,.01,1,0,1,1,1,.01,.01,-42.85403,1.776958,33.34397,0,0.006755053,0,-0.9999772;
custom,cuboid,stone6,.1,.01,1,0,1,1,1,.01,.01,-42.80957,2.376956,33.33283,0,-0.003367799,0,-0.9999943;
custom,cuboid,stone6,.02,.8,.02,0,1,1,1,.01,.01,-42.40432,-1.52081,28.40703,0,0.7157367,0,-0.6983703;
custom,cuboid,stone6,.02,.8,.02,0,1,1,1,.01,.01,-42.37249,-1.440808,38.26963,0,0.7448196,0,-0.6672659;
custom,cuboid,stone6,.03,.04,.03,1,0.7386364,0.3863636,0.2613636,.01,.01,-42.63564,2.030478,30.42712,0,0.698042,0,-0.7160568;
custom,cuboid,stone6,.03,.04,.03,1,0.5113636,0.3863636,0.2613636,.01,.01,-42.67476,0.750478,30.42811,0,0.698042,0,-0.7160568;
custom,cuboid,stone6,.03,.04,.03,1,0.5113636,0.3863636,0.2613636,.01,.01,-42.85534,1.360785,36.62753,0,0.6996115,0,-0.7145235;
custom,cuboid,stone6,.03,.04,.03,1,0.6590909,0.6704546,0.2613636,.01,.01,-42.58931,0.7222173,35.99823,0,0.698055,0,-0.7160442;
custom,cuboid,stone6,.03,.04,.03,1,0.4318182,0.6704546,0.2613636,.01,.01,-42.68182,0.7943595,33.04348,0,0.7909176,0,-0.6119226;
custom,cuboid,stone4,.03,.04,.03,1,0.7727273,0.3863637,0.3409091,.01,.01,-42.97707,1.394359,31.85112,0,0.7909176,0,-0.6119226;
custom,cuboid,stone4,.03,.04,.03,1,0.6363636,0.4659091,0.3409091,.01,.01,-42.7467,0.7760719,35.13879,0,0.6038551,0,-0.7970942;
custom,cuboid,stone4,.03,.04,.03,1,0.2954545,0.1818182,0.1022727,.01,.01,-42.6418,2.560947,34.10209,0,0.6917866,0,-0.722102;
custom,cylinder,stone4,.08,.08,.08,1,0.2954545,0.1818182,0.1022727,.01,.01,91.56466,3.243113,177.1096,0.5094052,0.4906347,-0.4939589,0.5057555;
custom,cylinder,stone4,.07,.07,.07,1,0.5909091,0.5227273,0.1022727,.01,.01,91.42277,3.203113,177.1413,-0.492288,0.5049288,0.4626818,0.5372382;
custom,cuboid,stone6,.04,.8,.4,0,0.5909091,0.5227273,0.1022727,.01,.01,-92.31532,1.192378,194.6012,0,0.49201,0,0.8705896;
custom,cuboid,stone6,.02,.05,.18,1,0.4659091,0.4545454,0.4545454,.01,.01,-92.23579,3.897274,194.5105,0,-0.4921443,0,-0.8705137;
custom,cylinder,stone6,.04,.04,.04,1,0.4659091,0.4545454,0.4545454,.01,.01,-93.7729,2.199874,193.7576,0.6824724,0.1890144,0.1896754,-0.6800943;
custom,cuboid,stone6,.26,.08,.04,1,0.2272727,0.2159091,0.2159091,.01,.01,-90.54816,5.987775,192.8917,0,0.7059684,0,0.7082433;
custom,cuboid,stone6,.04,.02,.06,1,0.5340909,0.5340909,0.5227273,.01,.01,-100.3163,0.03571365,186.6377,0,0.03765399,0,-0.9992908;
custom,cuboid,stone6,.04,.02,.06,1,0.5340909,0.5340909,0.5227273,.01,.01,-101.3931,0.03571371,186.5564,0,-0.03040026,0,-0.9995378;
custom,cylinder,stone6,.02,.08,.02,1,0.5340909,0.5340909,0.5227273,.01,.01,-101.3242,0.8797891,186.8949,0.09407207,0.02763327,-0.002612113,0.9951784;
custom,cylinder,stone6,.02,.08,.02,1,0.5340909,0.5340909,0.5227273,.01,.01,-100.3303,0.8246803,186.9831,-0.1274203,0.0719639,-0.00926986,-0.9891912;
custom,cylinder,stone6,.02,.08,.02,1,0.5340909,0.5340909,0.5227273,.01,.01,-101.1106,1.44174,187.6902,-0.7884759,-0.09497811,0.1101253,-0.5976264;
custom,cylinder,stone6,.02,.08,.02,1,0.5340909,0.5340909,0.5227273,.01,.01,-100.5249,1.361739,187.7949,-0.7854904,0.06086973,-0.09827119,-0.6079823;
custom,cuboid,stone6,.08,.06,.06,1,0.5340909,0.5340909,0.5227273,.01,.01,-100.8332,1.094344,188.7966,0,0.01328205,0,-0.9999118;
custom,cylinder,stone6,.02,.08,.02,1,0.5340909,0.5340909,0.5227273,.01,.01,-100.8109,2.047228,188.8364,0,0.01825223,0,-0.9998334;
custom,cylinder,stone6,.02,.08,.02,1,0.5340909,0.5340909,0.5227273,.01,.01,-102.1348,1.087227,188.0154,-0.5816312,-0.04976037,0.09076648,-0.8068398;
custom,cylinder,stone6,.02,.08,.02,1,0.5340909,0.5340909,0.5227273,.01,.01,-101.7586,2.087155,188.7592,-0.005644531,0.03966055,0.1407881,-0.989229;
custom,cylinder,stone6,.02,.08,.02,1,0.5340909,0.5340909,0.5227273,.01,.01,-99.9844,2.007156,188.8732,0.003909193,0.03986904,-0.09750457,-0.9944285;
custom,cylinder,stone6,.02,.08,.02,1,0.5340909,0.5340909,0.5227273,.01,.01,-99.76009,1.127156,188.1836,-0.668075,0.02978925,-0.02678472,-0.7430148;
custom,cylinder,stone6,.02,.08,.02,1,0.5340909,0.5340909,0.5227273,.01,.01,-100.8181,2.767155,188.841,-0.03658403,0.009729703,0.708436,-0.7047591;
custom,cylinder,stone6,.02,.04,.02,1,0.5340909,0.5340909,0.5227273,.01,.01,-101.12,2.457436,188.7785,0.006310815,0.01724511,-0.3436019,-0.9389359;
custom,cylinder,stone6,.02,.04,.02,1,0.5340909,0.5340909,0.5227273,.01,.01,-100.5618,2.417435,188.8377,-0.00572949,0.01744687,0.3119509,-0.9499208;
custom,cuboid,stone6,.07,.06,.02,1,0.5340909,0.5340909,0.5227273,.01,.01,-100.8448,3.085118,188.8727,0,0.0267395,0,-0.9996424;
custom,cuboid,stone6,.1,.06,.02,1,0.5340909,0.5340909,0.5227273,.01,.01,-100.8448,3.56512,188.8727,0,0.0267395,0,-0.9996424;
custom,sphere,stone6,.04,.04,.04,1,0.6590909,0.6704546,0.6363636,.01,.01,-101.1874,3.46645,188.6276,0,0.02274618,0,-0.9997413;
custom,sphere,stone6,.04,.04,.04,1,0.6590909,0.6704546,0.6363636,.01,.01,-100.517,3.46645,188.6593,0,0.02274618,0,-0.9997413;
custom,cuboid,stone6,.04,.01,.06,1,0.6590909,0.6704546,0.6363636,.01,.01,-100.797,2.717792,188.6413,0.2655487,0.007242913,0.001995031,-0.9640682;
custom,cuboid,stone6,.04,.01,.06,1,0.6590909,0.6704546,0.6363636,.01,.01,-100.8289,3.037791,188.5253,0,0.00751265,0,-0.9999718;
custom,cuboid,stone6,.04,.02,.06,1,0.6590909,0.6704546,0.6363636,.01,.01,-99.69412,0.901362,187.193,0.3002771,0.05090765,0.01605112,-0.9523573;
custom,cuboid,stone6,.04,.02,.06,1,0.6590909,0.6704546,0.6363636,.01,.01,-102.194,0.7308803,187.1106,0.3137828,0.172236,0.02313295,-0.9334559;
custom,cuboid,empty,.02,.01,.01,1,0.6590909,0.6704546,0.6363636,.01,.01,-100.8238,2.642,188.402,0.2581257,0.01169296,0.003124371,-0.9660355;
custom,cuboid,empty,.02,.01,.01,1,0.6590909,0.6704546,0.6363636,.01,.01,-100.8231,2.962001,188.3647,0,0.01210317,0,-0.9999267;
custom,cuboid,empty,.01,.01,.02,1,0.6590909,0.6704546,0.6363636,.01,.01,-100.9474,2.762,188.5414,0.3242241,0.01144927,0.003924428,-0.9459029;
custom,cuboid,empty,.01,.01,.02,1,0.6590909,0.6704546,0.6363636,.01,.01,-100.6646,2.762,188.5456,0.26217,0.01167976,0.003173322,-0.9649458;
custom,cuboid,stone9,.86,1,.1,1,0.4204545,0.4204545,0.4090909,.01,.01,-96.94203,4.24191,92.62599,0,0.7119853,0,-0.7021943;
custom,cylinder,empty,.06,.06,.06,1,0.6931818,0.7045454,0.6931818,.01,.01,103.5944,4.2946,159.5232,-0.5214855,0.477944,0.4826387,0.516413;
custom,cylinder,empty,.06,.06,.06,1,0.6931818,0.7045454,0.6931818,.01,.01,103.5996,3.778519,159.4847,-0.5087615,0.4910378,0.4893026,0.5105161;
custom,cuboid,empty,.02,.06,.06,1,1,0.4090909,0.4090909,.01,.01,103.2614,3.731726,159.0709,0.2110429,0.6573215,0.2211573,0.6888242;
custom,cuboid,empty,.02,.06,.06,1,1,0.4090909,0.4090909,.01,.01,103.2659,3.731726,159.8322,-0.2293141,0.6511726,-0.2403042,0.6823806;
custom,cuboid,empty,.02,.06,.06,1,0.4204545,0.4090909,1,.01,.01,103.2085,3.291726,159.349,0,0.6903698,0,0.7234567;
custom,cuboid,empty,.02,.06,.06,1,0.4204545,0.4090909,1,.01,.01,103.2354,3.291726,159.6307,0,0.6903698,0,0.7234567;
custom,sphere,empty,.01,.01,.00,1,0.4204545,0.4090909,0.4090909,.01,.01,102.9941,4.391882,159.3232,0,0.6887899,0,0.7249611;
custom,sphere,empty,.01,.01,.00,1,0.4204545,0.4090909,0.4090909,.01,.01,102.86,4.391882,159.5967,0,0.6887899,0,0.7249611;
custom,sphere,empty,.03,.02,.00,1,0.4204545,0.4090909,0.4090909,.01,.01,102.9859,4.191882,159.483,0.1074485,0.6733125,-0.08014917,0.7271047;
custom,sphere,empty,.012,.012,.00,1,0.4204545,0.4090909,0.4090909,.01,.01,102.9879,3.911882,159.443,0,0.6887899,0,0.7249611;
custom,sphere,empty,.012,.012,.00,1,0.4204545,0.4090909,0.4090909,.01,.01,102.988,3.711883,159.443,0,0.6887899,0,0.7249611;
custom,cuboid,metal3,1,.1,.2,1,0.4204545,0.4090909,0.4090909,.01,.01,50.98221,0.4591231,61.64803,0,0.9999957,0,0.002932977;
custom,cuboid,metal3,1,.1,.2,1,0.4204545,0.4090909,0.4090909,.01,.01,71.41895,0.3774745,65.6759,0,0.6860945,0,0.7275125;
custom,cuboid,metal3,1,.1,.2,1,0.4204545,0.4090909,0.4090909,.01,.01,71.14925,0.3774748,75.31443,0,0.704408,0,0.7097953;
custom,cuboid,metal3,.1,.2,.2,1,0.4204545,0.4090909,0.4090909,.01,.01,56.29618,0.9169509,61.68608,0,0.9999648,0,-0.00839746;
custom,cuboid,metal3,.2,.2,.2,1,0.4204545,0.4090909,0.4090909,.01,.01,71.29173,1.784023,70.53822,0,0.7043984,0,0.7098048;
custom,cuboid,metal3,.16,.16,.2,1,0.1136364,0.125,0.125,.01,.01,71.28984,1.81512,70.54497,0,0.7050175,0,0.7091899;
custom,cuboid,metal3,.3,.3,.2,0,0.1136364,0.125,0.125,.01,.01,61.42141,1.389602,61.19891,0,0.9999698,0,0.007775554;