custom,cuboid,grass,100,1,100,1,0.6477273,0.6818182,0.6590909,1.0,1.0,22.48545,-2.929785,43.66789,0,0.01949967,0,0.9998099;
custom,house4,default,3,1,1,1,0.6477273,0.6818182,0.6590909,1.0,1.0,108.0967,-0.5020286,-206.5556,0,0.9999063,0,-0.01369144;
custom,house4,default,3,1,1,1,0.6477273,0.6818182,0.6590909,1.0,1.0,-195.9208,-0.7508898,-51.11286,0,0.9999808,0,-0.00620151;
custom,house4,default,3,2.5,4,1,0.6477273,0.6818182,0.6590909,1.0,1.0,174.9849,-7.637065,232.7604,0,0.9997846,0,-0.02075792;
custom,house4,default,4.5,2.5,6,1,0.6477273,0.6818182,0.6590909,1.0,1.0,-73.72761,1.175653,484.3859,0,0.9996871,0,-0.0250159;
custom,tree3,default,1.5,1.7,1,1,0.6477273,0.6818182,0.6590909,1.0,1.0,50.55162,-26.28495,368.0721,0,0.004160066,0,-0.9999914;
custom,tree3,default,1.5,1.7,1,1,0.6477273,0.6818182,0.6590909,1.0,1.0,128.6614,-26.96495,362.5773,0,0.004160066,0,-0.9999914;
custom,tree3,default,1.5,1.7,1,1,0.6477273,0.6818182,0.6590909,1.0,1.0,49.32749,-23.76261,277.6467,0,0.004160066,0,-0.9999914;
custom,tree3,default,1.5,1.7,1,1,0.6477273,0.6818182,0.6590909,1.0,1.0,-247.2406,-22.20823,486.0187,0,0.0086482,0,-0.9999626;
custom,tree3,default,1.5,1.7,1,1,0.6477273,0.6818182,0.6590909,1.0,1.0,-343.65,-24.09717,494.6918,0,0.02407034,0,0.9997103;
custom,tree3,default,1.5,1.7,1,1,0.6477273,0.6818182,0.6590909,1.0,1.0,-438.5081,-25.01865,504.0675,0,0.02407034,0,0.9997103;
custom,tree3,default,1.5,1.7,1,1,0.6477273,0.6818182,0.6590909,1.0,1.0,-352.259,-21.6198,395.7506,0,0.02407034,0,0.9997103;
custom,tree3,default,1.5,1.7,1,1,0.6477273,0.6818182,0.6590909,1.0,1.0,-440.4254,-19.05847,397.8388,0,0.02407034,0,0.9997103;
custom,tree3,default,1.5,1.7,1,1,0.6477273,0.6818182,0.6590909,1.0,1.0,-353.6231,-26.45964,303.9019,0,0.00677524,0,-0.9999771;
custom,tree3,default,1.5,1.7,1,1,0.6477273,0.6818182,0.6590909,1.0,1.0,-441.1861,-21.0595,307.9587,0,0.007124297,0,-0.9999746;
custom,tree3,default,1.5,1.7,1,1,0.6477273,0.6818182,0.6590909,1.0,1.0,-380.5526,-21.78233,26.34992,0,0.03142034,0,0.9995063;
custom,tree3,default,1.5,1.7,1,1,0.6477273,0.6818182,0.6590909,1.0,1.0,-446.2806,-20.66221,29.61683,0,0.03142034,0,0.9995063;
custom,tree3,default,1.5,1.7,1,1,0.6477273,0.6818182,0.6590909,1.0,1.0,-449.3602,-27.90226,-43.88391,0,0.03142034,0,0.9995063;
custom,tree3,default,1.5,1.7,1,1,0.6477273,0.6818182,0.6590909,1.0,1.0,-378.563,-27.15599,-51.16356,0,0.01822573,0,0.9998339;
custom,tree3,default,1.5,1.7,1,1,0.6477273,0.6818182,0.6590909,1.0,1.0,-459.8557,-21.82736,-299.8841,0,0.01789733,0,0.9998398;
custom,tree3,default,1.5,1.7,1,1,0.6477273,0.6818182,0.6590909,1.0,1.0,-394.6745,-24.61081,-304.2051,0,0.01716426,0,-0.9998527;
custom,tree3,default,1.5,1.7,1,1,0.6477273,0.6818182,0.6590909,1.0,1.0,-463.9778,-18.16642,-379.0694,0,0.03736293,0,0.9993018;
custom,tree3,default,1.5,1.7,1,1,0.6477273,0.6818182,0.6590909,1.0,1.0,-393.8448,-21.88548,-381.2957,0,0.05234456,0,0.9986291;
custom,tree3,default,1.5,1.7,1,1,0.6477273,0.6818182,0.6590909,1.0,1.0,-329.0331,-19.12462,-385.7429,0,0.02400463,0,0.9997119;
custom,tree3,default,1.5,1.7,1,1,0.6477273,0.6818182,0.6590909,1.0,1.0,-266.7637,-23.76548,-390.8546,0,0.02400463,0,0.9997119;
custom,tree3,default,1.5,1.7,1,1,0.6477273,0.6818182,0.6590909,1.0,1.0,-203.2306,-23.7248,-395.2638,0,0.02400463,0,0.9997119;
custom,tree3,default,1.5,1.7,1,1,0.6477273,0.6818182,0.6590909,1.0,1.0,-129.9294,-19.55836,-399.756,0,0.004355806,0,-0.9999905;
custom,tree3,default,1.5,1.7,1,1,0.6477273,0.6818182,0.6590909,1.0,1.0,-55.23608,-23.91517,-399.9254,0,0.004369354,0,0.9999905;
custom,tree3,default,1.5,1.7,1,1,0.6477273,0.6818182,0.6590909,1.0,1.0,14.30755,-25.15528,-401.0958,0,0.004369354,0,0.9999905;
custom,tree3,default,1.5,1.7,1,1,0.6477273,0.6818182,0.6590909,1.0,1.0,87.07155,-25.11332,-403.7358,0,0.02812171,0,0.9996045;
custom,tree3,default,1.5,1.7,1,1,0.6477273,0.6818182,0.6590909,1.0,1.0,160.7798,-24.43291,-405.2657,0,0.02812171,0,0.9996045;
custom,tree3,default,1.5,1.7,1,1,0.6477273,0.6818182,0.6590909,1.0,1.0,233.316,-26.83105,-410.6472,0,0.02812171,0,0.9996045;
custom,tree3,default,1.5,1.7,1,1,0.6477273,0.6818182,0.6590909,1.0,1.0,308.0238,-31.1177,-414.9469,0,0.03226656,0,0.9994793;
custom,tree3,default,1.5,1.7,1,1,0.6477273,0.6818182,0.6590909,1.0,1.0,384.5635,-27.12185,-420.6794,0,0.01263685,0,0.9999202;
custom,tree3,default,1.5,1.7,1,1,0.6477273,0.6818182,0.6590909,1.0,1.0,455.0783,-26.91745,-421.3958,0,0.03169106,0,0.9994977;
custom,tree3,default,1.5,1.7,1,1,0.6477273,0.6818182,0.6590909,1.0,1.0,376.8127,-24.39561,-344.7445,0,0.01397625,0,0.9999024;
custom,tree3,default,1.5,1.7,1,1,0.6477273,0.6818182,0.6590909,1.0,1.0,456.3604,-25.83532,-350.9651,0,0.01397625,0,0.9999024;
custom,tree3,default,1.5,1.7,1,1,0.6477273,0.6818182,0.6590909,1.0,1.0,50.52265,-21.17444,465.2566,0,0.00171128,0,-0.9999986;
custom,tree3,default,1.5,1.7,1,1,0.6477273,0.6818182,0.6590909,1.0,1.0,134.1567,-18.06595,462.2861,0,0.00919677,0,0.9999577;
custom,tree3,default,1.5,1.7,1,1,0.6477273,0.6818182,0.6590909,1.0,1.0,213.6498,-23.13169,363.9651,0,0.001770408,0,-0.9999985;
custom,tree3,default,1.5,1.7,1,1,0.6477273,0.6818182,0.6590909,1.0,1.0,219.5922,-20.33145,451.935,0,0.001770408,0,-0.9999985;
custom,tree3,default,1.5,1.7,1,1,0.6477273,0.6818182,0.6590909,1.0,1.0,302.4987,-29.64652,355.0048,0,0.001885968,0,0.9999982;
custom,tree3,default,1.5,1.7,1,1,0.6477273,0.6818182,0.6590909,1.0,1.0,303.8473,-16.00663,453.4566,0,0.001885968,0,0.9999982;
custom,tree3,default,1.5,1.7,1,1,0.6477273,0.6818182,0.6590909,1.0,1.0,386.8977,-18.00649,451.7322,0,0.001885968,0,0.9999982;
custom,tree3,default,1.5,1.7,1,1,0.6477273,0.6818182,0.6590909,1.0,1.0,471.2178,-19.52637,451.5311,0,0.001885968,0,0.9999982;
custom,tree3,default,1.5,1.7,1,1,0.6477273,0.6818182,0.6590909,1.0,1.0,301.675,-27.86245,270.7415,0,0.03460393,0,0.9994011;
custom,tree3,default,1.5,1.7,1,1,0.6477273,0.6818182,0.6590909,1.0,1.0,300.6559,-22.50167,193.4191,0,0.03460393,0,0.9994011;
custom,tree3,default,1.5,1.7,1,1,0.6477273,0.6818182,0.6590909,1.0,1.0,380.6064,-22.29285,349.71,0,0.02334548,0,0.9997275;
custom,tree3,default,1.5,1.7,1,1,0.6477273,0.6818182,0.6590909,1.0,1.0,458.0551,-21.45262,349.1311,0,0.02334548,0,0.9997275;
custom,tree3,default,1.5,1.7,1,1,0.6477273,0.6818182,0.6590909,1.0,1.0,374.9304,-26.04208,270.2934,0,0.02334549,0,0.9997275;
custom,tree3,default,1.5,1.7,1,1,0.6477273,0.6818182,0.6590909,1.0,1.0,450.983,-21.24201,270.7281,0,0.02334549,0,0.9997275;
custom,tree3,default,1.5,1.7,1,1,0.6477273,0.6818182,0.6590909,1.0,1.0,370.5565,-24.5247,199.7341,0,0.0008417685,0,-0.9999996;
custom,tree3,default,1.5,1.7,1,1,0.6477273,0.6818182,0.6590909,1.0,1.0,453.3931,-23.00466,204.8066,0,0.0008417685,0,-0.9999996;
custom,tree3,default,1.5,1.7,1,1,0.6477273,0.6818182,0.6590909,1.0,1.0,373.7001,-27.59378,-278.2796,0,0.0009346885,0,0.9999996;
custom,tree3,default,1.5,1.7,1,1,0.6477273,0.6818182,0.6590909,1.0,1.0,453.7031,-29.35381,-279.3272,0,0.0009346885,0,0.9999996;
custom,tree3,default,1.5,1.7,1,1,0.6477273,0.6818182,0.6590909,1.0,1.0,374.0389,-29.33566,-213.0246,0,0.03795188,0,0.9992796;
custom,tree3,default,1.5,1.7,1,1,0.6477273,0.6818182,0.6590909,1.0,1.0,453.3988,-33.77546,-210.7112,0,0.001310499,0,-0.9999992;
custom,tree3,default,1.5,1.7,1,1,0.6477273,0.6818182,0.6590909,1.0,1.0,378.64,-27.19406,-148.9306,0,0.02431168,0,-0.9997044;
custom,tree3,default,1.5,1.7,1,1,0.6477273,0.6818182,0.6590909,1.0,1.0,456.2764,-27.15388,-148.3733,0,0.02431168,0,-0.9997044;
custom,tree3,default,1.5,1.7,1,1,0.6477273,0.6818182,0.6590909,1.0,1.0,-454.4575,-25.18403,-110.2654,0,0.03631672,0,0.9993404;
custom,tree3,default,1.5,1.7,1,1,0.6477273,0.6818182,0.6590909,1.0,1.0,-378.7401,-22.66643,-111.2881,0,0.02759455,0,0.9996192;
custom,tree3,default,1.5,1.7,1,1,0.6477273,0.6818182,0.6590909,1.0,1.0,-444.7397,-26.20761,226.7682,0,0.02070249,0,0.9997857;
custom,tree3,default,1.5,1.7,1,1,0.6477273,0.6818182,0.6590909,1.0,1.0,-352.0106,-24.88815,225.7562,0,0.02070249,0,0.9997857;
custom,cuboid,default,25,1,30,1,0,0.1931818,0.875,1.0,1.0,505.1723,-6.140779,31.74999,0,0.7114152,0,0.702772;
custom,plane,lava1,25,1,30,1,0,0.1931818,0.875,1.0,1.0,470.2587,3.480258,29.06241,0,0.7191421,0,0.6948631;
custom,leaf1,default,1,1,1,1,0.8181818,0.2727273,0.7272727,1.0,1.0,-434.108,0.7123932,-177.408,0,0.6780763,0,-0.7349916;
custom,leaf1,default,1,1,1,1,0.8181818,0.2727273,0.7272727,1.0,1.0,-465.2171,0.3520955,-218.003,0,0.6780763,0,-0.7349916;
custom,leaf1,default,1,1,1,1,0.8181818,0.2727273,0.7272727,1.0,1.0,-401.7698,0.3254877,-222.8651,0,0.6667987,0,-0.7452379;
custom,leaf1,default,1,1,1,1,0.8181818,0.2727273,0.7272727,1.0,1.0,-374.718,-0.687474,-181.8157,0,0.7110782,0,-0.7031129;
custom,tree3,default,0.5,0.5,0.5,0,0.8181818,0.2727273,0.7272727,1.0,1.0,-323.7678,0.990776,-323.2,0,0.9910936,0,-0.1331675;
custom,tree3,default,0.5,0.5,0.5,0,0.8181818,0.2727273,0.7272727,1.0,1.0,-276.3741,1.341472,-326.9993,0,0.9999353,0,-0.01137546;
custom,tree3,default,0.5,0.5,0.5,0,0.8181818,0.2727273,0.7272727,1.0,1.0,-230.129,0.8614767,-331.1124,0,0.9999353,0,-0.01137546;
custom,tree3,default,0.5,0.5,0.5,0,0.8181818,0.2727273,0.7272727,1.0,1.0,-187.6963,1.70147,-336.6571,0,0.9999353,0,-0.01137546;
custom,tree3,default,0.5,0.5,0.5,0,0.8181818,0.2727273,0.7272727,1.0,1.0,323.501,0.3817107,-345.016,0,0.6852579,0,0.7283006;
custom,tree3,default,0.5,0.5,0.5,0,0.8181818,0.2727273,0.7272727,1.0,1.0,321.4397,-0.06591137,-277.4619,0,0.7040874,0,0.7101133;
custom,tree3,default,0.5,0.5,0.5,0,0.8181818,0.2727273,0.7272727,1.0,1.0,328.05,-1.025982,-213.4481,0,0.7025365,0,0.7116477;
custom,tree3,default,0.5,0.5,0.5,0,0.8181818,0.2727273,0.7272727,1.0,1.0,330.9918,-1.987084,-154.9709,0,0.7025365,0,0.7116477;
custom,cuboid,grass,15,1,30,1,0.375,0.6590909,0.3181818,1.0,1.0,-408.7532,-2.383456,-92.70074,0,0.02038826,0,0.9997922;
custom,cuboid,grass,20,1,35,1,0.375,0.6590909,0.3181818,1.0,1.0,-319.9214,-2.30827,-346.3113,0,0.69306,0,-0.72088;
custom,cuboid,grass,10,1,65,1,0.375,0.6590909,0.3181818,1.0,1.0,177.1514,-1.978874,-414.8541,0,0.7223889,0,0.6914871;
custom,cuboid,grass,20,1,30,1,0.375,0.6590909,0.3181818,1.0,1.0,411.3601,-2.005836,-246.6532,0,0.9998254,0,-0.01868914;
custom,cuboid,grass,52,1,37,1,0.375,0.6590909,0.3181818,1.0,1.0,273.5577,-2.188549,349.2209,0,0.9997993,0,-0.02003627;
custom,cuboid,grass,30,1,25,1,0.375,0.6590909,0.3181818,1.0,1.0,-320.1572,-1.95427,436.2947,0,0.01880857,0,0.9998232;
custom,cuboid,grass,15,1,15,1,0.375,0.6590909,0.3181818,1.0,1.0,-395.1691,-2.078851,258.0278,0,0.01619254,0,0.9998689;
map,disablebounds;
custom,cuboid,grass4,50,1,50,0,1,1,1,1.0,1.0,32.06555,-8.209701,-917.1475,0,-0.005742325,0,-0.9999835;
custom,house4,default,1.3,0.5,1.7,0,1,1,1,1.0,1.0,103.476,-4.45877,-810.3174,0,0.9999517,0,-0.009831314;
custom,house4,default,2,0.3,1,0,1,1,1,1.0,1.0,-34.84882,-4.55401,-900.7531,0,0.9998944,0,-0.01452864;
custom,house4,default,2,0.7,2,0,1,1,1,1.0,1.0,-5.479379,-4.390168,-759.6449,0,0.9999957,0,-0.002929041;
custom,house4,default,2,0.3,1,0,1,1,1,1.0,1.0,109.3731,-3.789907,-933.7235,0,0.9999967,0,0.002588861;
custom,tree3,default,0.5,0.5,0.5,0,1,1,1,1.0,1.0,55.79518,-9.216881,-806.3538,0,0.001524599,0,-0.9999989;
custom,tree3,default,0.5,0.5,0.5,0,1,1,1,1.0,1.0,52.55278,-8.673594,-773.5512,0,0.02028132,0,0.9997943;
custom,tree3,default,0.5,0.5,0.5,0,1,1,1,1.0,1.0,52.36013,-8.2479,-736.3623,0,0.7129534,0,-0.7012115;
custom,tree3,default,0.5,0.5,0.5,0,1,1,1,1.0,1.0,51.30889,-9.048032,-702.1454,0,0.7129534,0,-0.7012115;
custom,tree3,default,0.5,0.5,0.5,0,1,1,1,1.0,1.0,83.67198,-8.888032,-773.0118,0,0.7129534,0,-0.7012115;
custom,tree3,default,0.5,0.5,0.5,0,1,1,1,1.0,1.0,135.2008,-9.40791,-770.8536,0,0.7129534,0,-0.7012115;
custom,tree3,default,0.5,0.5,0.5,0,1,1,1,1.0,1.0,111.8916,-10.56803,-771.236,0,0.7129534,0,-0.7012115;
custom,tree3,default,0.5,0.5,0.5,0,1,1,1,1.0,1.0,80.13692,-9.247827,-736.717,0,0.7129534,0,-0.7012115;
custom,tree3,default,0.5,0.5,0.5,0,1,1,1,1.0,1.0,138.0097,-9.528031,-737.1454,0,0.7129534,0,-0.7012115;
custom,tree3,default,0.5,0.5,0.5,0,1,1,1,1.0,1.0,136.461,-7.968032,-709.025,0,0.7129534,0,-0.7012115;
custom,tree3,default,0.5,0.5,0.5,0,1,1,1,1.0,1.0,166.2481,-8.96097,-773.1942,0,0.0001315196,0,-1;
custom,tree3,default,0.5,0.5,0.5,0,1,1,1,1.0,1.0,166.711,-8.840976,-737.0065,0,0.0001315196,0,-1;
custom,tree3,default,0.5,0.5,0.5,0,1,1,1,1.0,1.0,165.1153,-12.12097,-706.7261,0,0.0001315196,0,-1;
custom,tree3,default,0.5,0.5,0.5,0,1,1,1,1.0,1.0,198.8053,-9.876739,-714.384,0,0.004695072,0,-0.999989;
custom,tree3,default,0.5,0.5,0.5,0,1,1,1,1.0,1.0,230.803,-8.716768,-713.8597,0,0.004695072,0,-0.999989;
custom,tree3,default,0.5,0.5,0.5,0,1,1,1,1.0,1.0,198.866,-9.317743,-742.5941,0,0.004695072,0,-0.999989;
custom,tree3,default,0.5,0.5,0.5,0,1,1,1,1.0,1.0,198.9382,-11.15674,-773.2144,0,0.004695072,0,-0.999989;
custom,tree3,default,0.5,0.5,0.5,0,1,1,1,1.0,1.0,230.6234,-8.917449,-744.2059,0,0.004695072,0,-0.999989;
custom,tree3,default,0.5,0.5,0.5,0,1,1,1,1.0,1.0,227.9708,-10.07674,-772.6741,0,0.004695072,0,-0.999989;
custom,tree3,default,0.5,0.5,0.5,0,1,1,1,1.0,1.0,19.04177,-8.917656,-704.1611,0,0.005433249,0,0.9999853;
custom,tree3,default,0.5,0.5,0.5,0,1,1,1,1.0,1.0,-12.62804,-9.237656,-702.6309,0,0.005433249,0,0.9999853;
custom,tree3,default,0.5,0.5,0.5,0,1,1,1,1.0,1.0,-43.11014,-10.15765,-703.098,0,0.005433249,0,0.9999853;
custom,tree3,default,0.5,0.5,0.5,0,1,1,1,1.0,1.0,-65.91066,-8.379792,-701.035,0,0.007851671,0,-0.9999692;
custom,tree3,default,0.5,0.5,0.5,0,1,1,1,1.0,1.0,-91.60947,-7.819797,-699.9667,0,0.007851671,0,-0.9999692;
custom,tree3,default,0.5,0.5,0.5,0,1,1,1,1.0,1.0,-116.6895,-7.779797,-700.2568,0,0.007851671,0,-0.9999692;
custom,tree3,default,0.5,0.5,0.5,0,1,1,1,1.0,1.0,-118.4395,-8.304208,-727.2934,0,0.005698801,0,-0.9999838;
custom,tree3,default,0.5,0.5,0.5,0,1,1,1,1.0,1.0,-93.55957,-8.504208,-727.2446,0,0.005698801,0,-0.9999838;
custom,tree3,default,0.5,0.5,0.5,0,1,1,1,1.0,1.0,-115.484,-9.624207,-753.0712,0,0.005698801,0,-0.9999838;
custom,tree3,default,0.5,0.5,0.5,0,1,1,1,1.0,1.0,-93.12059,-9.904206,-753.9957,0,0.005698801,0,-0.9999838;
custom,leaf0,default,0.5,0.5,0.5,0,1,1,1,1.0,1.0,57.17646,-2.255086,-825.3141,0,0.01139659,0,0.9999351;
custom,tree3,default,0.5,0.5,0.5,0,1,1,1,1.0,1.0,54.28209,-9.418646,-828.0558,0,0.05064502,0,0.9987167;
custom,tree3,default,0.5,0.5,0.5,0,1,1,1,1.0,1.0,-94.84024,-11.67503,-783.3592,0,0.01778669,0,0.9998418;
custom,tree3,default,0.5,0.5,0.5,0,1,1,1,1.0,1.0,-120.9371,-12.71502,-784.4196,0,0.01778669,0,0.9998418;
custom,tree3,default,0.2,0.2,0.2,0,0.3636364,0.2159091,0.1931818,1.0,1.0,-57.80112,-7.323478,-1014.776,0,0.999065,0,-0.04323307;
custom,tree3,default,0.5,0.5,0.5,0,1,1,1,1.0,1.0,-126.474,-14.99503,-857.9048,0,0.01778669,0,0.9998418;
custom,tree3,default,0.5,0.5,0.5,0,1,1,1,1.0,1.0,-127.7728,-14.13308,-882.255,0,0.01106646,0,0.9999388;
custom,tree3,default,0.5,0.5,0.5,0,1,1,1,1.0,1.0,-129.617,-13.49308,-907.8086,0,0.01106646,0,0.9999388;
custom,tree3,default,0.5,0.5,0.5,0,1,1,1,1.0,1.0,-129.076,-13.53308,-937.7012,0,0.01106646,0,0.9999388;
custom,tree3,default,0.5,0.5,0.5,0,1,1,1,1.0,1.0,-133.0645,-9.075681,-1001.809,0,0.02828979,0,0.9995998;
custom,tree3,default,0.5,0.5,0.5,0,1,1,1,1.0,1.0,-133.3528,-9.3285,-1030.388,0,0.002113417,0,0.9999978;
custom,tree3,default,0.5,0.5,0.5,0,1,1,1,1.0,1.0,-101.7071,-8.7685,-1036.793,0,6.810029E-05,0,-1;
custom,tree3,default,0.5,0.5,0.5,0,1,1,1,1.0,1.0,-134.9547,-8.832533,-1065.276,0,0.03047032,0,0.9995357;
custom,tree3,default,0.5,0.5,0.5,0,1,1,1,1.0,1.0,-108.1978,-9.145123,-1067.526,0,0.01534155,0,-0.9998823;
custom,tree3,default,0.5,0.5,0.5,0,1,1,1,1.0,1.0,-81.18566,-9.680656,-1069.044,0,0.0003046115,0,-0.9999999;
custom,tree3,default,0.5,0.5,0.5,0,1,1,1,1.0,1.0,-53.9607,-10.13911,-1070.494,0,0.02805305,0,0.9996064;
custom,tree3,default,0.5,0.5,0.5,0,1,1,1,1.0,1.0,40.03544,-10.88869,-1075.832,0,0.03456754,0,0.9994024;
custom,tree3,default,0.5,0.5,0.5,0,1,1,1,1.0,1.0,9.836351,-9.80844,-1074.729,0,0.03456754,0,0.9994024;
custom,tree3,default,0.5,0.5,0.5,0,1,1,1,1.0,1.0,-22.19807,-10.60844,-1072.818,0,0.03456754,0,0.9994024;
custom,tree3,default,0.5,0.5,0.5,0,1,1,1,1.0,1.0,-59.13019,-9.648692,-1038.639,0,0.03456754,0,0.9994024;
custom,tree3,default,0.5,0.5,0.5,0,1,1,1,1.0,1.0,-18.43321,-10.13573,-1043.495,0,0.6858023,0,-0.7277879;
custom,tree3,default,0.5,0.5,0.5,0,1,1,1,1.0,1.0,12.33407,-10.01574,-1046.185,0,0.6858023,0,-0.7277879;
custom,tree3,default,0.5,0.5,0.5,0,1,1,1,1.0,1.0,43.80136,-11.17573,-1047,0,0.6858023,0,-0.7277879;
custom,tree3,default,0.5,0.5,0.5,0,1,1,1,1.0,1.0,-97.34727,-10.06032,-1004.504,0,0.6938595,0,-0.7201105;
custom,tree3,default,0.5,0.5,0.5,0,1,1,1,1.0,1.0,75.45691,-11.19857,-1077.194,0,0.009501924,0,0.9999549;
custom,tree3,default,0.5,0.5,0.5,0,1,1,1,1.0,1.0,111.1149,-10.95944,-1076.594,0,0.009501924,0,0.9999549;
custom,tree3,default,0.5,0.5,0.5,0,1,1,1,1.0,1.0,146.6791,-9.958593,-1076.673,0,0.009501924,0,0.9999549;
custom,tree3,default,0.5,0.5,0.5,0,1,1,1,1.0,1.0,76.71118,-12.47857,-1044.769,0,0.009501924,0,0.9999549;
custom,tree3,default,0.5,0.5,0.5,0,1,1,1,1.0,1.0,111.1214,-13.59857,-1042.472,0,0.009501924,0,0.9999549;
custom,tree3,default,0.5,0.5,0.5,0,1,1,1,1.0,1.0,144.5871,-10.55857,-1045.698,0,0.009501924,0,0.9999549;
custom,tree3,default,0.5,0.5,0.5,0,1,1,1,1.0,1.0,180.5412,-9.224621,-1046.441,0,0.0114217,0,0.9999348;
custom,tree3,default,0.5,0.5,0.5,0,1,1,1,1.0,1.0,181.1371,-10.42416,-1074.597,0,0.0114217,0,0.9999348;
custom,tree3,default,0.5,0.5,0.5,0,1,1,1,1.0,1.0,216.0347,-7.506201,-1074.871,0,0.0114217,0,0.9999348;
custom,tree3,default,0.5,0.5,0.5,0,1,1,1,1.0,1.0,217.6091,-8.544169,-1043.888,0,0.0114217,0,0.9999348;
custom,tree3,default,0.5,0.5,0.5,0,1,1,1,1.0,1.0,216.3586,-9.554637,-1006.81,0,0.01577632,0,0.9998755;
custom,tree3,default,0.5,0.5,0.5,0,1,1,1,1.0,1.0,218.9781,-12.03454,-972.0531,0,0.01577632,0,0.9998755;
custom,tree3,default,0.5,0.5,0.5,0,1,1,1,1.0,1.0,218.6068,-12.63451,-939.4798,0,0.01577632,0,0.9998755;
custom,tree3,default,0.5,0.5,0.5,0,1,1,1,1.0,1.0,249.01,-7.669388,-1077.185,0,0.0151618,0,-0.9998851;
custom,tree3,default,0.5,0.5,0.5,0,1,1,1,1.0,1.0,250.6483,-11.26939,-1042.592,0,0.0151618,0,-0.9998851;
custom,tree3,default,0.5,0.5,0.5,0,1,1,1,1.0,1.0,250.623,-12.0381,-1004.54,0,0.008684678,0,-0.9999623;
custom,tree3,default,0.5,0.5,0.5,0,1,1,1,1.0,1.0,250.432,-13.27809,-972.8481,0,0.008684678,0,-0.9999623;
custom,tree3,default,0.5,0.5,0.5,0,1,1,1,1.0,1.0,250.1669,-12.53097,-940.7297,0,0.01529304,0,0.9998831;
custom,tree3,default,0.5,0.5,0.5,0,1,1,1,1.0,1.0,259.4399,-9.948515,-771.4771,0,0.001733628,0,0.9999985;
custom,tree3,default,0.5,0.5,0.5,0,1,1,1,1.0,1.0,260.6197,-11.97346,-736.3948,0,0.01916983,0,0.9998162;
custom,tree3,default,0.5,0.5,0.5,0,1,1,1,1.0,1.0,261.7168,-13.41297,-705.3555,0,0.01916983,0,0.9998162;
custom,tree3,default,0.5,0.5,0.5,0,1,1,1,1.0,1.0,225.1156,-13.933,-809.8682,0,0.01916983,0,0.9998162;
custom,tree3,default,0.5,0.5,0.5,0,1,1,1,1.0,1.0,258.1236,-15.493,-807.2059,0,0.01916983,0,0.9998162;
custom,tree3,default,0.5,0.5,0.5,0,1,1,1,1.0,1.0,224.9228,-13.1329,-847.3386,0,0.01916983,0,0.9998162;
custom,tree3,default,0.5,0.5,0.5,0,1,1,1,1.0,1.0,257.0316,-13.09299,-846.3038,0,0.01916983,0,0.9998162;
custom,leaf1,default,0.5,0.5,0.5,1,0.3636364,0.2159091,0.1931818,1.0,1.0,-129.0328,-5.538872,-956.2566,0,0.6878734,0,-0.7258307;
custom,leaf1,default,0.5,0.5,0.5,1,0.3636364,0.2159091,0.1931818,1.0,1.0,-117.3915,-5.498745,-975.5853,0,0.6878734,0,-0.7258307;
custom,leaf1,default,0.5,0.5,0.5,1,0.3636364,0.2159091,0.1931818,1.0,1.0,-95.34866,-5.818738,-979.0963,0,0.6878734,0,-0.7258307;
custom,leaf1,default,0.5,0.5,0.5,1,0.3636364,0.2159091,0.1931818,1.0,1.0,-105.5284,-5.618738,-958.7242,0,0.6878734,0,-0.7258307;
custom,tree3,default,0.2,0.2,0.2,0,0.3636364,0.2159091,0.1931818,1.0,1.0,-37.25557,-7.523662,-1014.053,0,0.999065,0,-0.04323307;
custom,tree3,default,0.2,0.2,0.2,0,0.3636364,0.2159091,0.1931818,1.0,1.0,-15.89109,-6.643982,-1014.255,0,0.999065,0,-0.04323307;
custom,tree3,default,0.2,0.2,0.2,0,0.3636364,0.2159091,0.1931818,1.0,1.0,4.850063,-6.744146,-1014.063,0,0.9996455,0,0.02662697;
custom,tree3,default,0.2,0.2,0.2,0,0.3636364,0.2159091,0.1931818,1.0,1.0,195.9669,-6.969818,-1007.367,0,0.7204708,0,0.6934853;
custom,tree3,default,0.2,0.2,0.2,0,0.3636364,0.2159091,0.1931818,1.0,1.0,197.4505,-7.089753,-987.7164,0,0.7159165,0,0.698186;
custom,tree3,default,0.2,0.2,0.2,0,0.3636364,0.2159091,0.1931818,1.0,1.0,199.0006,-6.849753,-966.6669,0,0.7159165,0,0.698186;
custom,tree3,default,0.2,0.2,0.2,0,0.3636364,0.2159091,0.1931818,1.0,1.0,196.6248,-7.00976,-1027.835,0,0.7159165,0,0.698186;
custom,field1,default,1,1,1,0,1,1,1,1.0,1.0,232.4551,-10.03188,-1056.563,0,0.7298927,0,-0.6835617;
custom,field1,default,1,1,1,0,1,1,1,1.0,1.0,183.2333,-11.6486,-1066.971,0,0.9998058,0,0.01970755;
custom,field1,default,1,1,1,0,1,1,1,1.0,1.0,138.6339,-11.7686,-1066.907,0,0.9998058,0,0.01970755;
custom,field1,default,1,1,1,0,1,1,1,1.0,1.0,87.09537,-11.57891,-1067.405,0,0.9790606,0,-0.203569;
custom,field1,default,1,1,1,0,1,1,1,1.0,1.0,39.65794,-10.62919,-1066.171,0,0.9798886,0,0.1995455;
custom,field1,default,1,1,1,0,1,1,1,1.0,1.0,-10.97393,-9.233738,-1066.979,0,0.9994709,0,-0.03252724;
custom,field1,default,1,1,1,0,1,1,1,1.0,1.0,-59.03392,-8.513487,-1057.615,0,0.9994709,0,-0.03252724;
custom,field1,default,1,1,1,0,1,1,1,1.0,1.0,-109.1364,-10.27815,-1053.845,0,0.9648379,0,-0.2628457;
custom,field1,default,1,1,1,0,1,1,1,1.0,1.0,-119.5045,-10.27794,-1023.046,0,0.9648379,0,-0.2628457;
custom,field1,default,1,1,1,0,1,1,1,1.0,1.0,-140.509,-10.14632,-914.707,0,0.5721233,0,-0.8201677;
custom,field1,default,1,1,1,0,1,1,1,1.0,1.0,-139.8197,-12.58635,-870.7896,0,0.5721233,0,-0.8201677;
custom,field1,default,1,1,1,0,1,1,1,1.0,1.0,-113.1019,-11.78087,-753.64,0,0.3177365,0,-0.9481791;
custom,field1,default,1,1,1,0,1,1,1,1.0,1.0,-101.8814,-12.34308,-704.9374,0,0.2275266,0,-0.9737719;
custom,field1,default,1,1,1,0,1,1,1,1.0,1.0,-47.57051,-11.47588,-688.8626,0,0.08005229,0,0.9967907;
custom,field1,default,1,1,1,0,1,1,1,1.0,1.0,6.066373,-12.47584,-688.7546,0,0.08005229,0,0.9967907;
custom,field1,default,1,1,1,0,1,1,1,1.0,1.0,61.34402,-9.590018,-690.4627,0,0.02777456,0,0.9996142;
custom,field1,default,1,1,1,0,1,1,1,1.0,1.0,58.93637,-12.95766,-775.6873,0,0.7479901,0,0.6637099;
custom,field1,default,1,1,1,0,1,1,1,1.0,1.0,118.2915,-11.33396,-749.4234,0,0.1871485,0,-0.9823316;
custom,field1,default,1,1,1,0,1,1,1,1.0,1.0,160.4629,-9.117454,-755.1938,0,0.02331614,0,0.9997281;
custom,field1,default,1,1,1,0,1,1,1,1.0,1.0,218.1533,-9.397564,-753.9686,0,0.02331614,0,0.9997281;
custom,field1,default,1,1,1,0,1,1,1,1.0,1.0,244.6174,-10.61649,-791.1493,0,0.2686849,0,0.9632282;
custom,field1,default,1,1,1,0,1,1,1,1.0,1.0,244.5805,-11.9617,-828.3394,0,0.6321777,0,0.7748234;
custom,field1,default,1,1,1,0,1,1,1,1.0,1.0,231.0578,-7.842196,-966.0018,0,0.9722078,0,0.2341198;
custom,field1,default,1,1,1,0,1,1,1,1.0,1.0,229.9808,-9.828171,-1027.891,0,0.9957405,0,0.09220012;
custom,cuboid,grass4,50,1,50,0,1,1,1,1.0,1.0,-385.6188,-8.207444,-907.1189,0,0.7180502,0,0.6959913;
custom,tree3,default,0.5,0.5,0.5,0,1,1,1,1.0,1.0,-157.4867,-11.02061,-859.5253,0,0.03928829,0,0.9992279;
custom,tree3,default,0.5,0.5,0.5,0,1,1,1,1.0,1.0,-158.1302,-9.598039,-888.9317,0,0.006579502,0,-0.9999784;
custom,tree3,default,0.5,0.5,0.5,0,1,1,1,1.0,1.0,-157.6906,-9.358043,-926.1879,0,0.006579502,0,-0.9999784;
custom,tree3,default,0.5,0.5,0.5,0,1,1,1,1.0,1.0,-157.4665,-14.14657,-957.9634,0,0.006506839,0,0.9999788;
custom,tree3,default,0.5,0.5,0.5,0,1,1,1,1.0,1.0,-158.4228,-11.14678,-991.7722,0,0.006506839,0,0.9999788;
custom,tree3,default,0.5,0.5,0.5,0,1,1,1,1.0,1.0,-159.4845,-10.58677,-1027.241,0,0.006506839,0,0.9999788;
custom,tree3,default,0.5,0.5,0.5,0,1,1,1,1.0,1.0,-160.07,-10.32188,-1063.311,0,0.01523059,0,0.999884;
custom,tree3,default,0.5,0.5,0.5,0,1,1,1,1.0,1.0,-148.7101,-8.774608,-784.7626,0,0.006499349,0,0.9999789;
custom,tree3,default,0.5,0.5,0.5,0,1,1,1,1.0,1.0,-140.6589,-9.17461,-754.8901,0,0.006499349,0,0.9999789;
custom,tree3,default,0.5,0.5,0.5,0,1,1,1,1.0,1.0,-146.9055,-8.694611,-726.0784,0,0.006499349,0,0.9999789;
custom,tree3,default,0.5,0.5,0.5,0,1,1,1,1.0,1.0,-146.3034,-7.53339,-699.9384,0,0.006493442,0,0.999979;
custom,tree3,default,0.5,0.5,0.5,0,1,1,1,1.0,1.0,-175.5216,-8.213105,-784.6622,0,0.008787194,0,-0.9999614;
custom,tree3,default,0.5,0.5,0.5,0,1,1,1,1.0,1.0,-204.0974,-10.85311,-784.2095,0,0.008787194,0,-0.9999614;
custom,tree3,default,0.5,0.5,0.5,0,1,1,1,1.0,1.0,-183.8579,-11.07953,-859.1273,0,0.02844347,0,-0.9995954;
custom,tree3,default,0.5,0.5,0.5,0,1,1,1,1.0,1.0,-206.312,-10.15953,-858.5146,0,0.02844347,0,-0.9995954;
custom,tree3,default,0.5,0.5,0.5,0,1,1,1,1.0,1.0,-207.339,-10.59954,-887.2205,0,0.02844347,0,-0.9995954;
custom,tree3,default,0.5,0.5,0.5,0,1,1,1,1.0,1.0,-182.2742,-7.879511,-887.4307,0,0.02844347,0,-0.9995954;
custom,tree3,default,0.5,0.5,0.5,0,1,1,1,1.0,1.0,-166.9844,-8.249688,-754.6794,0,0.0001339038,0,-1;
custom,tree3,default,0.5,0.5,0.5,0,1,1,1,1.0,1.0,-192.3932,-9.129618,-754.5095,0,0.0001339038,0,-1;
custom,tree3,default,0.5,0.5,0.5,0,1,1,1,1.0,1.0,-176.5083,-9.329694,-723.4451,0,0.0001339038,0,-1;
custom,tree3,default,0.5,0.5,0.5,0,1,1,1,1.0,1.0,-204.5187,-10.48969,-726.515,0,0.0001339038,0,-1;
custom,tree3,default,0.5,0.5,0.5,0,1,1,1,1.0,1.0,-218.5618,-11.48984,-753.5451,0,0.02420466,0,-0.999707;
custom,tree3,default,0.5,0.5,0.5,0,1,1,1,1.0,1.0,-235.8575,-12.38761,-922.9177,0,0.001838321,0,0.9999983;
custom,tree3,default,0.5,0.5,0.5,0,1,1,1,1.0,1.0,-208.0467,-13.22761,-922.9701,0,0.004019974,0,0.999992;
custom,tree3,default,0.5,0.5,0.5,0,1,1,1,1.0,1.0,-264.3951,-13.15769,-923.4434,0,0.01396912,0,-0.9999024;
custom,tree3,default,0.5,0.5,0.5,0,1,1,1,1.0,1.0,-293.1309,-14.71768,-924.0358,0,0.01396912,0,-0.9999024;
custom,tree3,default,0.5,0.5,0.5,0,1,1,1,1.0,1.0,-320.7937,-14.23769,-925.3436,0,0.01396912,0,-0.9999024;
custom,tree3,default,0.5,0.5,0.5,0,1,1,1,1.0,1.0,-317.1518,-14.67768,-951.5401,0,0.01396912,0,-0.9999024;
custom,tree3,default,0.5,0.5,0.5,0,1,1,1,1.0,1.0,-348.2584,-13.23209,-952.7738,0,0.01837499,0,-0.9998312;
custom,tree3,default,0.5,0.5,0.5,0,1,1,1,1.0,1.0,-350.0849,-13.35209,-987.0878,0,0.01837499,0,-0.9998312;
custom,tree3,default,0.5,0.5,0.5,0,1,1,1,1.0,1.0,-377.0992,-13.11208,-988.444,0,0.01837499,0,-0.9998312;
custom,tree3,default,0.5,0.5,0.5,0,1,1,1,1.0,1.0,-405.4621,-14.91001,-986.5833,0,0.005323059,0,-0.9999859;
custom,tree3,default,0.5,0.5,0.5,0,1,1,1,1.0,1.0,-247.7317,-12.49641,-753.0861,0,0.003268701,0,0.9999947;
custom,tree3,default,0.5,0.5,0.5,0,1,1,1,1.0,1.0,-275.3503,-11.73613,-754.4347,0,0.003268701,0,0.9999947;
custom,tree3,default,0.5,0.5,0.5,0,1,1,1,1.0,1.0,-303.2108,-11.85627,-755.4562,0,0.003268701,0,0.9999947;
custom,tree3,default,0.5,0.5,0.5,0,1,1,1,1.0,1.0,-320.5612,-12.29627,-778.673,0,0.003268701,0,0.9999947;
custom,tree3,default,0.5,0.5,0.5,0,1,1,1,1.0,1.0,-348.3762,-11.51359,-779.4117,0,0.007111625,0,0.9999747;
custom,tree3,default,0.5,0.5,0.5,0,1,1,1,1.0,1.0,-335.2772,-11.91359,-754.6477,0,0.007111625,0,0.9999747;
custom,tree3,default,0.5,0.5,0.5,0,1,1,1,1.0,1.0,-376.07,-11.90112,-779.373,0,0.01691848,0,-0.9998569;
custom,tree3,default,0.5,0.5,0.5,0,1,1,1,1.0,1.0,-376.3213,-11.30112,-811.5355,0,0.01691848,0,-0.9998569;
custom,tree3,default,0.5,0.5,0.5,0,1,1,1,1.0,1.0,-407.054,-9.582591,-813.7297,0,0.01361913,0,0.9999073;
custom,tree3,default,0.5,0.5,0.5,0,1,1,1,1.0,1.0,-436.7443,-10.30232,-814.5594,0,0.01361913,0,0.9999073;
custom,tree3,default,0.5,0.5,0.5,0,1,1,1,1.0,1.0,-434.3051,-10.74257,-789.1408,0,0.01361913,0,0.9999073;
custom,tree3,default,0.5,0.5,0.5,0,1,1,1,1.0,1.0,-435.9033,-13.89752,-989.0126,0,0.01714614,0,-0.999853;
custom,tree3,default,0.5,0.5,0.5,0,1,1,1,1.0,1.0,-406.6586,-9.77514,-787.7001,0,0.02589524,0,-0.9996647;
custom,tree3,default,0.5,0.5,0.5,0,1,1,1,1.0,1.0,-224.5285,-15.13941,-950.9216,0,0.004353661,0,-0.9999905;
custom,tree3,default,0.5,0.5,0.5,0,1,1,1,1.0,1.0,-182.424,-13.3394,-922.0314,0,0.004353661,0,-0.9999905;
custom,tree3,default,0.5,0.5,0.5,0,1,1,1,1.0,1.0,-196.4233,-14.37941,-949.2256,0,0.004353661,0,-0.9999905;
custom,tree3,default,0.5,0.5,0.5,0,1,1,1,1.0,1.0,-175.1416,-15.69941,-949.8298,0,0.004353661,0,-0.9999905;
custom,tree3,default,0.5,0.5,0.5,0,1,1,1,1.0,1.0,-252.7686,-15.24752,-951.8581,0,0.00653635,0,-0.9999787;
custom,tree3,default,0.5,0.5,0.5,0,1,1,1,1.0,1.0,-281.7393,-14.32771,-951.7871,0,0.00653635,0,-0.9999787;
custom,tree3,default,0.5,0.5,0.5,0,1,1,1,1.0,1.0,-319.3009,-13.72753,-985.2794,0,0.00653635,0,-0.9999787;
custom,tree3,default,0.5,0.5,0.5,0,1,1,1,1.0,1.0,-290.0421,-12.68753,-983.9672,0,0.00653635,0,-0.9999787;
custom,tree3,default,0.5,0.5,0.5,0,1,1,1,1.0,1.0,-264.5103,-12.36753,-984.5356,0,0.00653635,0,-0.9999787;
custom,tree3,default,0.5,0.5,0.5,0,1,1,1,1.0,1.0,-237.5568,-15.24753,-979.2753,0,0.00653635,0,-0.9999787;
custom,tree3,default,0.5,0.5,0.5,0,1,1,1,1.0,1.0,-210.7014,-15.00752,-977.3955,0,0.00653635,0,-0.9999787;
custom,tree3,default,0.5,0.5,0.5,0,1,1,1,1.0,1.0,-181.7974,-13.68753,-979.1373,0,0.00653635,0,-0.9999787;
custom,tree3,default,0.5,0.5,0.5,0,1,1,1,1.0,1.0,-183.3037,-14.0637,-1007.986,0,0.005989895,0,0.9999821;
custom,tree3,default,0.5,0.5,0.5,0,1,1,1,1.0,1.0,-209.0137,-14.51564,-1007.505,0,0.01803363,0,-0.9998374;
custom,tree3,default,0.5,0.5,0.5,0,1,1,1,1.0,1.0,-234.2873,-13.95573,-1008.101,0,0.01803363,0,-0.9998374;
custom,tree3,default,0.5,0.5,0.5,0,1,1,1,1.0,1.0,-258.8362,-13.07559,-1009.976,0,0.01803363,0,-0.9998374;
custom,tree3,default,0.5,0.5,0.5,0,1,1,1,1.0,1.0,-286.2823,-13.75562,-1006.772,0,0.01803363,0,-0.9998374;
custom,tree3,default,0.5,0.5,0.5,0,1,1,1,1.0,1.0,-313.1978,-13.31572,-1007.479,0,0.01803363,0,-0.9998374;
custom,tree3,default,0.5,0.5,0.5,0,1,1,1,1.0,1.0,-338.8878,-13.43526,-1007.924,0,0.005833696,0,0.999983;
custom,tree3,default,0.5,0.5,0.5,0,1,1,1,1.0,1.0,-363.1266,-13.55526,-1007.852,0,0.005833696,0,0.999983;
custom,tree3,default,0.5,0.5,0.5,0,1,1,1,1.0,1.0,-390.1295,-13.63526,-1007.745,0,0.005833696,0,0.999983;
custom,tree3,default,0.5,0.5,0.5,0,1,1,1,1.0,1.0,-419.6337,-12.27521,-1009.516,0,0.005833696,0,0.999983;
custom,tree3,default,0.5,0.5,0.5,0,1,1,1,1.0,1.0,-176.3419,-8.494005,-697.187,0,0.01198149,0,0.9999282;
custom,tree3,default,0.5,0.5,0.5,0,1,1,1,1.0,1.0,-204.3511,-9.534009,-699.2404,0,0.01198149,0,0.9999282;
custom,tree3,default,0.5,0.5,0.5,0,1,1,1,1.0,1.0,-229.6091,-9.374004,-727.9695,0,0.01198149,0,0.9999282;
custom,tree3,default,0.5,0.5,0.5,0,1,1,1,1.0,1.0,-235.2607,-9.213921,-698.4986,0,0.01198149,0,0.9999282;
custom,tree3,default,0.5,0.5,0.5,0,1,1,1,1.0,1.0,-260.5243,-11.93401,-723.7889,0,0.01198149,0,0.9999282;
custom,tree3,default,0.5,0.5,0.5,0,1,1,1,1.0,1.0,-262.9834,-11.61388,-696.2244,0,0.01198149,0,0.9999282;
custom,tree3,default,0.5,0.5,0.5,0,1,1,1,1.0,1.0,-280.0082,-11.98253,-723.1853,0,0.01651346,0,-0.9998637;
custom,tree3,default,0.5,0.5,0.5,0,1,1,1,1.0,1.0,-305.568,-11.30253,-724.8317,0,0.01651346,0,-0.9998637;
custom,tree3,default,0.5,0.5,0.5,0,1,1,1,1.0,1.0,-333.0546,-8.974211,-727.8405,0,0.007404502,0,0.9999726;
custom,tree3,default,0.5,0.5,0.5,0,1,1,1,1.0,1.0,-285.01,-11.89421,-695.7203,0,0.007404502,0,0.9999726;
custom,tree3,default,0.5,0.5,0.5,0,1,1,1,1.0,1.0,-310.3641,-10.97421,-697.822,0,0.007404502,0,0.9999726;
custom,tree3,default,0.5,0.5,0.5,0,1,1,1,1.0,1.0,-334.419,-11.8542,-697.8016,0,0.005222882,0,0.9999864;
custom,tree3,default,0.5,0.5,0.5,0,1,1,1,1.0,1.0,-364.1125,-10.09468,-756.6187,0,0.005222882,0,0.9999864;
custom,tree3,default,0.5,0.5,0.5,0,1,1,1,1.0,1.0,-393.5006,-9.854208,-761.2896,0,0.005222882,0,0.9999864;
custom,tree3,default,0.5,0.5,0.5,0,1,1,1,1.0,1.0,-420.5828,-13.09421,-761.399,0,0.005222882,0,0.9999864;
custom,tree3,default,0.5,0.5,0.5,0,1,1,1,1.0,1.0,-360.7228,-11.94915,-695.5733,0,0.01174011,0,0.9999311;
custom,tree3,default,0.5,0.5,0.5,0,1,1,1,1.0,1.0,-384.0424,-11.66944,-695.4213,0,0.01174011,0,0.9999311;
custom,tree3,default,0.5,0.5,0.5,0,1,1,1,1.0,1.0,-409.4034,-11.34944,-695.0606,0,0.01174011,0,0.9999311;
custom,tree3,default,0.5,0.5,0.5,0,1,1,1,1.0,1.0,-360.1389,-10.46917,-727.2378,0,0.01174011,0,0.9999311;
custom,tree3,default,0.5,0.5,0.5,0,1,1,1,1.0,1.0,-434.1674,-11.47972,-693.9299,0,0.001372011,0,-0.999999;
custom,tree3,default,0.5,0.5,0.5,0,1,1,1,1.0,1.0,-458.8419,-12.35924,-693.2309,0,0.001372011,0,-0.999999;
custom,tree3,default,0.5,0.5,0.5,0,1,1,1,1.0,1.0,-459.1619,-12.75971,-693.4772,0,0.001372011,0,-0.999999;
custom,tree3,default,0.5,0.5,0.5,0,1,1,1,1.0,1.0,-483.406,-11.91954,-693.9329,0,0.001372011,0,-0.999999;
custom,tree3,default,0.5,0.5,0.5,0,1,1,1,1.0,1.0,-507.8089,-12.31972,-692.9525,0,0.001372011,0,-0.999999;
custom,tree3,default,0.5,0.5,0.5,0,1,1,1,1.0,1.0,-446.907,-13.96511,-1011.135,0,0.0159639,0,0.9998726;
custom,tree3,default,0.5,0.5,0.5,0,1,1,1,1.0,1.0,-473.4631,-17.68516,-1009.223,0,0.0159639,0,0.9998726;
custom,tree3,default,0.5,0.5,0.5,0,1,1,1,1.0,1.0,-502.0159,-15.96512,-1008.51,0,0.0159639,0,0.9998726;
custom,tree3,default,0.5,0.5,0.5,0,1,1,1,1.0,1.0,-462.4024,-10.9371,-813.0724,0,0.01376577,0,0.9999053;
custom,tree3,default,0.5,0.5,0.5,0,1,1,1,1.0,1.0,-462.079,-11.65709,-787.2247,0,0.01376577,0,0.9999053;
custom,cuboid,rock3,1,1,10,0,1,1,1,1.0,1.0,-430.9627,-8.348296,-865.9977,0.02207545,-0.01037592,0.9745551,-0.222817;
custom,cuboid,rock3,1,1,15,0,1,1,1,1.0,1.0,-506.3297,-7.712905,-911.0934,-0.7010252,0.1466273,-0.6839976,0.1386053;
custom,tree3,default,0.5,0.5,0.5,0,1,1,1,1.0,1.0,-588.5007,-12.93843,-909.1731,0,0.01557293,0,0.9998788;
custom,tree3,default,0.5,0.5,0.5,0,1,1,1,1.0,1.0,-588.9722,-15.35085,-931.5527,0,0.05042937,0,0.9987276;
custom,tree3,default,0.5,0.5,0.5,0,1,1,1,1.0,1.0,-612.082,-11.43086,-932.8381,0,0.05042937,0,0.9987276;
custom,tree3,default,0.5,0.5,0.5,0,1,1,1,1.0,1.0,-610.4434,-11.95895,-908.472,0,0.1091377,0,0.9940267;
custom,tree3,default,0.5,0.5,0.5,0,1,1,1,1.0,1.0,-587.1126,-13.55546,-885.775,0,0.05673898,0,0.9983891;
custom,tree3,default,0.5,0.5,0.5,0,1,1,1,1.0,1.0,-610.1615,-12.71546,-885.9504,0,0.05673898,0,0.9983891;
custom,tree3,default,0.5,0.5,0.5,0,1,1,1,1.0,1.0,-529.1975,-15.47314,-1008.57,0,0.0172092,0,0.9998519;
custom,tree3,default,0.5,0.5,0.5,0,1,1,1,1.0,1.0,-556.726,-14.9531,-1007.772,0,0.0172092,0,0.9998519;
custom,tree3,default,0.5,0.5,0.5,0,1,1,1,1.0,1.0,-586.1848,-15.23314,-1007.91,0,0.0172092,0,0.9998519;
custom,tree3,default,0.5,0.5,0.5,0,1,1,1,1.0,1.0,-614.0084,-14.11316,-1006.708,0,0.0172092,0,0.9998519;
custom,tree3,default,0.5,0.5,0.5,0,1,1,1,1.0,1.0,-586.0677,-13.12227,-830.3018,0,0.01678393,0,0.9998592;
custom,tree3,default,0.5,0.5,0.5,0,1,1,1,1.0,1.0,-560.7061,-14.08227,-830.2901,0,0.01678393,0,0.9998592;
custom,tree3,default,0.5,0.5,0.5,0,1,1,1,1.0,1.0,-585.3528,-12.80226,-810.7493,0,0.01678393,0,0.9998592;
custom,tree3,default,0.5,0.5,0.5,0,1,1,1,1.0,1.0,-561.7342,-12.96227,-812.7705,0,0.01678393,0,0.9998592;
custom,tree3,default,0.5,0.5,0.5,0,1,1,1,1.0,1.0,-584.769,-12.03195,-788.0029,0,0.01438211,0,0.9998966;
custom,tree3,default,0.5,0.5,0.5,0,1,1,1,1.0,1.0,-560.4693,-12.95195,-789.0295,0,0.01438211,0,0.9998966;
custom,tree3,default,0.5,0.5,0.5,0,1,1,1,1.0,1.0,-532.2547,-12.6702,-692.7133,0,0.009583939,0,0.9999541;
custom,tree3,default,0.5,0.5,0.5,0,1,1,1,1.0,1.0,-558.1719,-13.23021,-691.6573,0,0.009583939,0,0.9999541;
custom,tree3,default,0.5,0.5,0.5,0,1,1,1,1.0,1.0,-584.4235,-13.7502,-692.1085,0,0.009583939,0,0.9999541;
custom,tree3,default,0.5,0.5,0.5,0,1,1,1,1.0,1.0,-185.4289,-12.09074,-1029.427,0,0.01818484,0,0.9998347;
custom,tree3,default,0.5,0.5,0.5,0,1,1,1,1.0,1.0,-210.788,-13.97048,-1031.023,0,0.01818484,0,0.9998347;
custom,tree3,default,0.5,0.5,0.5,0,1,1,1,1.0,1.0,-234.4502,-15.57049,-1030.086,0,0.01818484,0,0.9998347;
custom,tree3,default,0.5,0.5,0.5,0,1,1,1,1.0,1.0,-260.9209,-16.5305,-1029.322,0,0.01818484,0,0.9998347;
custom,tree3,default,0.5,0.5,0.5,0,1,1,1,1.0,1.0,-283.6824,-18.13039,-1029.068,0,0.01818484,0,0.9998347;
custom,tree3,default,0.5,0.5,0.5,0,1,1,1,1.0,1.0,-308.2613,-18.37052,-1027.961,0,0.01818484,0,0.9998347;
custom,tree3,default,0.5,0.5,0.5,0,1,1,1,1.0,1.0,-335.4249,-13.65049,-1032.103,0,0.01818484,0,0.9998347;
custom,tree3,default,0.5,0.5,0.5,0,1,1,1,1.0,1.0,-362.6365,-14.17048,-1030.953,0,0.01818484,0,0.9998347;
custom,tree3,default,0.5,0.5,0.5,0,1,1,1,1.0,1.0,-391.4398,-13.49032,-1030.511,0,0.01818484,0,0.9998347;
custom,tree3,default,0.5,0.5,0.5,0,1,1,1,1.0,1.0,-419.2225,-14.05049,-1030.568,0,0.01818484,0,0.9998347;
custom,tree3,default,0.5,0.5,0.5,0,1,1,1,1.0,1.0,-448.3635,-14.09049,-1031.828,0,0.01818484,0,0.9998347;
custom,tree3,default,0.5,0.5,0.5,0,1,1,1,1.0,1.0,-475.3091,-15.13033,-1032.066,0,0.01818484,0,0.9998347;
custom,tree3,default,0.5,0.5,0.5,0,1,1,1,1.0,1.0,-494.8306,-14.0104,-1031.596,0,0.01818484,0,0.9998347;
custom,tree3,default,0.5,0.5,0.5,0,1,1,1,1.0,1.0,-519.6003,-13.81049,-1032.067,0,0.01818484,0,0.9998347;
custom,tree3,default,0.5,0.5,0.5,0,1,1,1,1.0,1.0,-545.8106,-14.06135,-1032.157,0,0.02908996,0,0.9995768;
custom,tree3,default,0.5,0.5,0.5,0,1,1,1,1.0,1.0,-573.8979,-14.02141,-1031.596,0,0.02908996,0,0.9995768;
custom,tree3,default,0.5,0.5,0.5,0,1,1,1,1.0,1.0,-603.2497,-13.54139,-1032.163,0,0.02908996,0,0.9995768;
custom,field2,default,0.5,0.5,0.5,0,1,1,1,1.0,1.0,-230.9045,-8.439092,-889.4391,0,0.71639,0,0.6977;
custom,field2,default,0.5,0.5,0.5,0,1,1,1,1.0,1.0,-242.1385,-7.679091,-890.2645,0,0.71639,0,0.6977;
custom,field2,default,0.5,0.5,0.5,0,1,1,1,1.0,1.0,-255.0816,-7.910723,-890.4056,0,0.6804628,0,0.7327827;
custom,field2,default,0.5,0.5,0.5,0,1,1,1,1.0,1.0,-267.4259,-7.830853,-890.4761,0,0.6804628,0,0.7327827;
custom,field2,default,0.5,0.5,0.5,0,1,1,1,1.0,1.0,-278.5705,-7.490872,-889.8722,0,0.6915389,0,0.7223393;
custom,field2,default,0.5,0.5,0.5,0,1,1,1,1.0,1.0,-285.9153,-7.010871,-891.1927,0,0.6915389,0,0.7223392;
custom,field2,default,0.5,0.5,0.5,0,1,1,1,1.0,1.0,-295.0238,-9.730869,-889.787,0,0.6915389,0,0.7223393;
custom,field2,default,0.5,0.5,0.5,0,1,1,1,1.0,1.0,-306.1535,-7.610871,-891.0719,0,0.6915389,0,0.7223392;
custom,field2,default,0.5,0.5,0.5,0,1,1,1,1.0,1.0,-321.149,-6.601047,-891.215,0,0.6576924,0,0.7532867;
custom,field2,default,0.5,0.5,0.5,0,1,1,1,1.0,1.0,-418.2804,-7.547877,-860.435,0,0.7238605,0,0.6899464;
custom,field2,default,0.5,0.5,0.5,0,1,1,1,1.0,1.0,-403.1079,-7.187877,-860.7629,0,0.7238605,0,0.6899464;
custom,field2,default,0.5,0.5,0.5,0,1,1,1,1.0,1.0,-385.9095,-9.787875,-861.7887,0,0.7238605,0,0.6899464;
custom,field2,default,0.5,0.5,0.5,0,1,1,1,1.0,1.0,-371.9828,-7.587878,-861.2559,0,0.7238605,0,0.6899464;
custom,field2,default,0.5,0.5,0.5,0,1,1,1,1.0,1.0,-372.4466,-7.307878,-881.6569,0,0.7238605,0,0.6899464;
custom,field2,default,0.5,0.5,0.5,0,1,1,1,1.0,1.0,-358.4298,-8.427875,-881.9293,0,0.7238605,0,0.6899464;
custom,field2,default,0.5,0.5,0.5,0,1,1,1,1.0,1.0,-340.3191,-6.227876,-885.4016,0,0.7238605,0,0.6899464;
custom,field2,default,0.5,0.5,0.5,0,1,1,1,1.0,1.0,-419.7532,-7.303989,-883.4333,0,0.6976269,0,0.7164612;
custom,field2,default,0.5,0.5,0.5,0,1,1,1,1.0,1.0,-401.337,-6.793769,-883.3885,0,0.6640818,0,0.74766;
custom,field2,default,0.5,0.5,0.5,0,1,1,1,1.0,1.0,-385.9551,-6.803389,-887.2191,0,0.6542385,0,0.7562883;
custom,field2,default,0.5,0.5,0.5,0,1,1,1,1.0,1.0,-373.5175,-7.963381,-913.5835,0,0.6542385,0,0.7562883;
custom,field2,default,0.5,0.5,0.5,0,1,1,1,1.0,1.0,-358.2616,-7.643388,-903.6909,0,0.6542385,0,0.7562883;
custom,field2,default,0.5,0.5,0.5,0,1,1,1,1.0,1.0,-341.6031,-8.243387,-921.2786,0,0.6542385,0,0.7562883;
custom,field2,default,0.5,0.5,0.5,0,1,1,1,1.0,1.0,-360.0836,-8.523387,-932.8593,0,0.6542385,0,0.7562883;
custom,field2,default,0.5,0.5,0.5,0,1,1,1,1.0,1.0,-377.9492,-8.923387,-940.9145,0,0.6542385,0,0.7562883;
custom,field2,default,0.5,0.5,0.5,0,1,1,1,1.0,1.0,-377.2644,-8.203388,-966.3685,0,0.6542385,0,0.7562883;
custom,field2,default,0.5,0.5,0.5,0,1,1,1,1.0,1.0,-397.5463,-9.032429,-965.0728,0,0.705346,0,0.7088631;
custom,field2,default,0.5,0.5,0.5,0,1,1,1,1.0,1.0,-413.2636,-8.512429,-965.2283,0,0.705346,0,0.7088631;
custom,field2,default,0.5,0.5,0.5,0,1,1,1,1.0,1.0,-434.4689,-7.71243,-965.9639,0,0.705346,0,0.7088631;
custom,field2,default,0.5,0.5,0.5,0,1,1,1,1.0,1.0,-455.2757,-9.832429,-965.6769,0,0.705346,0,0.7088631;
custom,field2,default,0.5,0.5,0.5,0,1,1,1,1.0,1.0,-455.6041,-7.232431,-988.7656,0,0.705346,0,0.7088631;
custom,field2,default,0.5,0.5,0.5,0,1,1,1,1.0,1.0,-514.0726,-9.004266,-927.9907,0,0.7068859,0,0.7073276;
custom,field2,default,0.5,0.5,0.5,0,1,1,1,1.0,1.0,-529.9966,-12.12424,-925.9924,0,0.7068859,0,0.7073276;
custom,field2,default,0.5,0.5,0.5,0,1,1,1,1.0,1.0,-545.8323,-6.604248,-924.1575,0,0.7068859,0,0.7073276;
custom,field2,default,0.5,0.5,0.5,0,1,1,1,1.0,1.0,-561.5924,-8.684246,-924.5674,0,0.7068859,0,0.7073276;
custom,field2,default,0.5,0.5,0.5,0,1,1,1,1.0,1.0,-573.7507,-6.164246,-923.1637,0,0.7068859,0,0.7073276;
custom,field2,default,0.5,0.5,0.5,0,1,1,1,1.0,1.0,-513.3376,-8.582706,-952.6658,0,0.7099244,0,0.7042779;
custom,field2,default,0.5,0.5,0.5,0,1,1,1,1.0,1.0,-515.2318,-7.822708,-978.3326,0,0.7099244,0,0.7042779;
custom,field2,default,0.5,0.5,0.5,0,1,1,1,1.0,1.0,-493.8229,-6.622925,-957.6764,0,0.7099244,0,0.7042779;
custom,field2,default,0.5,0.5,0.5,0,1,1,1,1.0,1.0,-473.8741,-7.342714,-961.341,0,0.7099244,0,0.7042779;
custom,field2,default,0.5,0.5,0.5,0,1,1,1,1.0,1.0,-495.3636,-6.902716,-982.0127,0,0.7099244,0,0.7042779;
custom,field2,default,0.5,0.5,0.5,0,1,1,1,1.0,1.0,-473.4077,-6.502715,-984.7965,0,0.7099244,0,0.7042779;
custom,field2,default,0.5,0.5,0.5,0,1,1,1,1.0,1.0,-564.5093,-8.942713,-952.9755,0,0.7099244,0,0.7042779;
custom,field2,default,0.5,0.5,0.5,0,1,1,1,1.0,1.0,-539.4612,-6.422715,-952.8529,0,0.7099244,0,0.7042779;
custom,field2,default,0.5,0.5,0.5,0,1,1,1,1.0,1.0,-541.3837,-7.262714,-977.802,0,0.7099244,0,0.7042779;
custom,field2,default,0.5,0.5,0.5,0,1,1,1,1.0,1.0,-566.3977,-10.1427,-978.4887,0,0.7099244,0,0.7042779;
custom,field2,default,0.5,0.5,0.5,0,1,1,1,1.0,1.0,-537.6845,-5.305896,-834.7601,0,0.007130237,0,-0.9999746;
custom,field2,default,0.5,0.5,0.5,0,1,1,1,1.0,1.0,-516.5287,-6.745895,-835.7126,0,0.007130237,0,-0.9999746;
custom,field2,default,0.5,0.5,0.5,0,1,1,1,1.0,1.0,-538.452,-6.75512,-851.692,0,0.002769618,0,-0.9999962;
custom,field2,default,0.5,0.5,0.5,0,1,1,1,1.0,1.0,-516.5123,-5.955125,-853.3702,0,0.002769618,0,-0.9999962;
custom,field2,default,0.5,0.5,0.5,0,1,1,1,1.0,1.0,-539.8887,-6.555124,-869.5132,0,0.002769618,0,-0.9999962;
custom,field2,default,0.5,0.5,0.5,0,1,1,1,1.0,1.0,-518.3782,-6.115114,-869.5004,0,0.002769618,0,-0.9999962;
custom,cuboid,crystal2,6,1,20,1,0.3977273,0.8181818,1,1.0,1.0,318.9142,-8.257782,-895.5985,0,0.7159767,0,0.6981242;
custom,cuboid,crystal2,30,1,20,1,0.3977273,0.8181818,1,1.0,1.0,381.5831,-8.321023,-918.2411,0,0.7127815,0,0.7013862;
custom,field2,default,0.5,0.5,0.5,0,0.3977273,0.8181818,1,1.0,1.0,-551.0889,-8.224613,-760.8976,0,0.04019639,0,0.9991918;
custom,field2,default,0.5,0.5,0.5,0,0.3977273,0.8181818,1,1.0,1.0,-529.2568,-7.225515,-761.3898,0,0.02476309,0,0.9996933;
custom,field2,default,0.5,0.5,0.5,0,0.3977273,0.8181818,1,1.0,1.0,-501.6404,-7.185538,-760.7422,0,0.02476309,0,0.9996933;
custom,field2,default,0.5,0.5,0.5,0,0.3977273,0.8181818,1,1.0,1.0,-473.4736,-7.505523,-761.1512,0,0.02476309,0,0.9996933;
custom,field2,default,0.5,0.5,0.5,0,0.3977273,0.8181818,1,1.0,1.0,-575.2401,-8.977767,-759.6649,0,0.01817288,0,0.9998349;
custom,field2,default,0.5,0.5,0.5,0,0.3977273,0.8181818,1,1.0,1.0,-571.0335,-8.697767,-741.8476,0,0.01817288,0,0.9998349;
custom,field2,default,0.5,0.5,0.5,0,0.3977273,0.8181818,1,1.0,1.0,-548.9609,-8.257768,-742.4566,0,0.01817288,0,0.9998349;
custom,field2,default,0.5,0.5,0.5,0,0.3977273,0.8181818,1,1.0,1.0,-526.5823,-7.737768,-741.1729,0,0.01817288,0,0.9998349;
custom,field2,default,0.5,0.5,0.5,0,0.3977273,0.8181818,1,1.0,1.0,-498.9147,-7.617768,-738.6962,0,0.01817288,0,0.9998349;
custom,field2,default,0.5,0.5,0.5,0,0.3977273,0.8181818,1,1.0,1.0,-567.9946,-7.657768,-715.5411,0,0.01817288,0,0.9998349;
custom,field2,default,0.5,0.5,0.5,0,0.3977273,0.8181818,1,1.0,1.0,-544.6047,-8.177769,-717.595,0,0.01817288,0,0.9998349;
custom,field2,default,0.5,0.5,0.5,0,0.3977273,0.8181818,1,1.0,1.0,-494.6601,-7.217769,-717.528,0,0.01817288,0,0.9998349;
custom,field2,default,0.5,0.5,0.5,0,0.3977273,0.8181818,1,1.0,1.0,-470.9765,-5.967289,-741.3119,0,0.07232349,0,0.9973813;
custom,field2,default,0.5,0.5,0.5,0,0.3977273,0.8181818,1,1.0,1.0,-468.0201,-7.927295,-720.4781,0,0.07232349,0,0.9973813;
custom,field2,default,0.5,0.5,0.5,0,0.3977273,0.8181818,1,1.0,1.0,-446.0083,-8.407294,-748.3033,0,0.07232349,0,0.9973813;
custom,field2,default,0.5,0.5,0.5,0,0.3977273,0.8181818,1,1.0,1.0,-445.3034,-8.310432,-723.0727,0,0.744864,0,0.6672164;
custom,field2,default,0.5,0.5,0.5,0,0.3977273,0.8181818,1,1.0,1.0,-418.4317,-8.270432,-746.595,0,0.744864,0,0.6672164;
custom,tree3,default,0.5,0.5,0.5,0,0.3977273,0.8181818,1,1.0,1.0,-612.6516,-14.19146,-689.8245,0,0.01767232,0,0.9998438;
custom,tree3,default,0.5,0.5,0.5,0,0.3977273,0.8181818,1,1.0,1.0,-613.5822,-14.43146,-718.9777,0,0.01767232,0,0.9998438;
custom,tree3,default,0.5,0.5,0.5,0,0.3977273,0.8181818,1,1.0,1.0,-189.1402,-11.85715,-1064.094,0,0.004379371,0,0.9999904;
custom,tree3,default,0.5,0.5,0.5,0,0.3977273,0.8181818,1,1.0,1.0,-213.2202,-14.81715,-1059.096,0,0.00437937,0,0.9999904;
custom,tree3,default,0.5,0.5,0.5,0,0.3977273,0.8181818,1,1.0,1.0,-236.0882,-16.65717,-1057.06,0,0.00437937,0,0.9999904;
custom,tree3,default,0.5,0.5,0.5,0,0.3977273,0.8181818,1,1.0,1.0,-261.2615,-16.73717,-1053.956,0,0.00437937,0,0.9999904;
custom,tree3,default,0.5,0.5,0.5,0,0.3977273,0.8181818,1,1.0,1.0,-283.0845,-25.49719,-1048.585,0,0.00437937,0,0.9999904;
custom,tree3,default,0.5,0.5,0.5,0,0.3977273,0.8181818,1,1.0,1.0,-309.3627,-19.29713,-1048.568,0,0.00437937,0,0.9999904;
custom,tree3,default,0.5,0.5,0.5,0,0.3977273,0.8181818,1,1.0,1.0,-336.7053,-13.61707,-1054.877,0,0.00437937,0,0.9999904;
custom,tree3,default,0.5,0.5,0.5,0,0.3977273,0.8181818,1,1.0,1.0,-364.2564,-14.25715,-1054.349,0,0.00437937,0,0.9999904;
custom,tree3,default,0.5,0.5,0.5,0,0.3977273,0.8181818,1,1.0,1.0,-392.1074,-12.85715,-1054.475,0,0.00437937,0,0.9999904;
custom,tree3,default,0.5,0.5,0.5,0,0.3977273,0.8181818,1,1.0,1.0,-420.423,-14.77715,-1054.218,0,0.00437937,0,0.9999904;
custom,tree3,default,0.5,0.5,0.5,0,0.3977273,0.8181818,1,1.0,1.0,-449.1981,-13.85715,-1055.234,0,0.00437937,0,0.9999904;
custom,tree3,default,0.5,0.5,0.5,0,0.3977273,0.8181818,1,1.0,1.0,-474.4459,-14.49715,-1053.089,0,0.00437937,0,0.9999904;
custom,tree3,default,0.5,0.5,0.5,0,0.3977273,0.8181818,1,1.0,1.0,-497.0012,-15.65715,-1052.786,0,0.00437937,0,0.9999904;
custom,tree3,default,0.5,0.5,0.5,0,0.3977273,0.8181818,1,1.0,1.0,-521.7652,-14.45715,-1053.283,0,0.00437937,0,0.9999904;
custom,tree3,default,0.5,0.5,0.5,0,0.3977273,0.8181818,1,1.0,1.0,-546.7106,-14.25715,-1054.948,0,0.00437937,0,0.9999904;
custom,tree3,default,0.5,0.5,0.5,0,0.3977273,0.8181818,1,1.0,1.0,-575.5526,-13.93715,-1053.926,0,0.00437937,0,0.9999904;
custom,tree3,default,0.5,0.5,0.5,0,0.3977273,0.8181818,1,1.0,1.0,-604.9473,-13.33715,-1052.414,0,0.00437937,0,0.9999904;
custom,tree3,default,0.5,0.5,0.5,0,0.3977273,0.8181818,1,1.0,1.0,-636.467,-12.10664,-1051.666,0,0.02183094,0,0.9997617;
custom,tree3,default,0.5,0.5,0.5,0,0.3977273,0.8181818,1,1.0,1.0,109.2695,-8.493961,-738.2977,0,0.02604634,0,0.9996607;
custom,tree3,default,0.5,0.5,0.5,0,0.3977273,0.8181818,1,1.0,1.0,79.98802,-8.933957,-703.7355,0,0.02604634,0,0.9996607;
custom,tree3,default,0.5,0.5,0.5,0,0.3977273,0.8181818,1,1.0,1.0,108.9355,-9.093961,-707.0412,0,0.02604634,0,0.9996607;
custom,tree3,default,0.5,0.5,0.5,0,0.3977273,0.8181818,1,1.0,1.0,262.7072,-13.51015,-682.1925,0,0.01721828,0,0.9998518;
custom,tree3,default,0.5,0.5,0.5,0,0.3977273,0.8181818,1,1.0,1.0,230.2545,-8.23016,-688.7162,0,0.01721828,0,0.9998518;
custom,tree3,default,0.5,0.5,0.5,0,0.3977273,0.8181818,1,1.0,1.0,199.8227,-10.19031,-687.3127,0,0.01721828,0,0.9998518;
custom,tree3,default,0.5,0.5,0.5,0,0.3977273,0.8181818,1,1.0,1.0,165.8463,-11.51015,-683.7535,0,0.01721828,0,0.9998518;
custom,tree3,default,0.5,0.5,0.5,0,0.3977273,0.8181818,1,1.0,1.0,135.2743,-10.47016,-683.2704,0,0.01721828,0,0.9998518;
custom,tree3,default,0.5,0.5,0.5,0,0.3977273,0.8181818,1,1.0,1.0,108.9776,-8.31016,-682.1755,0,0.01721828,0,0.9998518;
custom,tree3,default,0.5,0.5,0.5,0,0.3977273,0.8181818,1,1.0,1.0,81.20174,-8.350153,-678.8289,0,0.01721828,0,0.9998518;
custom,tree3,default,0.5,0.5,0.5,0,0.3977273,0.8181818,1,1.0,1.0,53.09227,-10.3414,-677.1292,0,0.02427045,0,-0.9997054;
custom,tree3,default,0.5,0.5,0.5,0,0.3977273,0.8181818,1,1.0,1.0,20.22734,-6.67264,-680.1796,0,0.004048818,0,0.9999918;
custom,tree3,default,0.5,0.5,0.5,0,0.3977273,0.8181818,1,1.0,1.0,-10.9211,-8.752645,-678.525,0,0.004048818,0,0.9999918;
custom,tree3,default,0.5,0.5,0.5,0,0.3977273,0.8181818,1,1.0,1.0,-39.75814,-9.592644,-678.1324,0,0.004048818,0,0.9999918;
custom,tree3,default,0.5,0.5,0.5,0,0.3977273,0.8181818,1,1.0,1.0,-66.74869,-9.312644,-676.4884,0,0.004048818,0,0.9999918;
custom,tree3,default,0.5,0.5,0.5,0,0.3977273,0.8181818,1,1.0,1.0,-91.2822,-7.632646,-676.5381,0,0.004048818,0,0.9999918;
custom,tree3,default,0.5,0.5,0.5,0,0.3977273,0.8181818,1,1.0,1.0,-118.0839,-8.832644,-676.526,0,0.004048818,0,0.9999918;
custom,tree3,default,0.5,0.5,0.5,0,0.3977273,0.8181818,1,1.0,1.0,-145.5344,-7.037163,-679.4868,0,0.01448989,0,0.999895;
custom,tree3,default,0.5,0.5,0.5,0,0.3977273,0.8181818,1,1.0,1.0,-175.0564,-7.837162,-677.1187,0,0.01448989,0,0.999895;
custom,tree3,default,0.5,0.5,0.5,0,0.3977273,0.8181818,1,1.0,1.0,-203.4792,-8.797161,-677.4905,0,0.01448989,0,0.999895;
custom,tree3,default,0.5,0.5,0.5,0,0.3977273,0.8181818,1,1.0,1.0,-234.8724,-9.077168,-676.7473,0,0.01448989,0,0.999895;
custom,tree3,default,0.5,0.5,0.5,0,0.3977273,0.8181818,1,1.0,1.0,-261.8598,-9.957167,-676.3864,0,0.001400428,0,0.999999;
custom,tree3,default,0.5,0.5,0.5,0,0.3977273,0.8181818,1,1.0,1.0,-286.0962,-9.677164,-674.8128,0,0.001400428,0,0.999999;
custom,tree3,default,0.5,0.5,0.5,0,0.3977273,0.8181818,1,1.0,1.0,-310.2668,-10.79716,-673.4284,0,0.001400428,0,0.999999;
custom,tree3,default,0.5,0.5,0.5,0,0.3977273,0.8181818,1,1.0,1.0,-335.0149,-10.15717,-673.7952,0,0.001400428,0,0.999999;
custom,tree3,default,0.5,0.5,0.5,0,0.3977273,0.8181818,1,1.0,1.0,-360.8033,-9.797289,-673.8451,0,0.001400428,0,0.999999;
custom,tree3,default,0.5,0.5,0.5,0,0.3977273,0.8181818,1,1.0,1.0,-384.4205,-10.91716,-673.2431,0,0.001400428,0,0.999999;
custom,tree3,default,0.5,0.5,0.5,0,0.3977273,0.8181818,1,1.0,1.0,-410.0323,-9.557167,-672.0014,0,0.001400428,0,0.999999;
custom,tree3,default,0.5,0.5,0.5,0,0.3977273,0.8181818,1,1.0,1.0,-433.8683,-9.75716,-670.6229,0,0.001400428,0,0.999999;
custom,tree3,default,0.5,0.5,0.5,0,0.3977273,0.8181818,1,1.0,1.0,-458.8019,-12.83716,-669.0878,0,0.001400428,0,0.999999;
custom,tree3,default,0.5,0.5,0.5,0,0.3977273,0.8181818,1,1.0,1.0,-483.0976,-10.79716,-670.2142,0,0.001400428,0,0.999999;
custom,tree3,default,0.5,0.5,0.5,0,0.3977273,0.8181818,1,1.0,1.0,-507.544,-10.99693,-671.8038,0,0.001400428,0,0.999999;
custom,tree3,default,0.5,0.5,0.5,0,0.3977273,0.8181818,1,1.0,1.0,-532.4968,-12.03716,-669.3978,0,0.001400428,0,0.999999;
custom,tree3,default,0.5,0.5,0.5,0,0.3977273,0.8181818,1,1.0,1.0,-558.1917,-13.59716,-666.3073,0,0.001400428,0,0.999999;
custom,tree3,default,0.5,0.5,0.5,0,0.3977273,0.8181818,1,1.0,1.0,-584.5191,-13.39716,-667.3293,0,0.001400428,0,0.999999;
custom,tree3,default,0.5,0.5,0.5,0,0.3977273,0.8181818,1,1.0,1.0,-612.9824,-12.67716,-668.3452,0,0.001400428,0,0.999999;
custom,tree3,default,0.5,0.5,0.5,0,0.3977273,0.8181818,1,1.0,1.0,-635.6574,-12.00296,-1033.87,0,0.009483582,0,0.9999551;
custom,tree3,default,0.5,0.5,0.5,0,0.3977273,0.8181818,1,1.0,1.0,-636.5275,-12.64196,-1007.037,0,0.009483581,0,0.9999551;
custom,cuboid,grass4,50,1,30,0,0.3977273,0.8181818,1,1.0,1.0,-710.0582,-8.151081,-898.566,0,0.7085643,0,0.7056462;
custom,tree3,default,0.5,0.5,0.5,0,0.3977273,0.8181818,1,1.0,1.0,-661.5938,-14.07203,-1007.147,0,0.01258331,0,-0.9999208;
custom,tree3,default,0.5,0.5,0.5,0,0.3977273,0.8181818,1,1.0,1.0,-688.0724,-13.42968,-1007.378,0,0.0004976108,0,0.9999999;
custom,tree3,default,0.5,0.5,0.5,0,0.3977273,0.8181818,1,1.0,1.0,-661.4908,-11.62969,-1033.353,0,0.0004976108,0,0.9999999;
custom,tree3,default,0.5,0.5,0.5,0,0.3977273,0.8181818,1,1.0,1.0,-688.4221,-11.34969,-1033.72,0,0.0004976108,0,0.9999999;
custom,tree3,default,0.5,0.5,0.5,0,0.3977273,0.8181818,1,1.0,1.0,-662.4825,-12.86969,-1053.688,0,0.0004976108,0,0.9999999;
custom,tree3,default,0.5,0.5,0.5,0,0.3977273,0.8181818,1,1.0,1.0,-690.002,-11.74969,-1053.353,0,0.0004976108,0,0.9999999;
custom,tree3,default,0.5,0.5,0.5,0,0.3977273,0.8181818,1,1.0,1.0,-639.1814,-13.03118,-718.5116,0,0.01354382,0,0.9999083;
custom,tree3,default,0.5,0.5,0.5,0,0.3977273,0.8181818,1,1.0,1.0,-665.2852,-13.00207,-718.0066,0,0.009117172,0,0.9999585;
custom,tree3,default,0.5,0.5,0.5,0,0.3977273,0.8181818,1,1.0,1.0,-691.9118,-11.96207,-719.3353,0,0.009117172,0,0.9999585;
custom,tree3,default,0.5,0.5,0.5,0,0.3977273,0.8181818,1,1.0,1.0,-692.165,-14.04207,-745.8867,0,0.009117172,0,0.9999585;
custom,tree3,default,0.5,0.5,0.5,0,0.3977273,0.8181818,1,1.0,1.0,-691.7871,-14.30471,-773.1183,0,0.05903788,0,0.9982557;
custom,tree3,default,0.5,0.5,0.5,0,0.3977273,0.8181818,1,1.0,1.0,-717.7557,-13.86267,-772.9158,0,-4.402002E-05,0,1;
custom,tree3,default,0.5,0.5,0.5,0,0.3977273,0.8181818,1,1.0,1.0,-718.7698,-12.18268,-744.6292,0,-4.402002E-05,0,1;
custom,tree3,default,0.5,0.5,0.5,0,0.3977273,0.8181818,1,1.0,1.0,-718.7731,-11.18267,-719.4516,0,-4.402002E-05,0,1;
custom,tree3,default,0.5,0.5,0.5,0,0.3977273,0.8181818,1,1.0,1.0,-657.0735,-12.67772,-842.8597,0,0.006461026,0,0.9999791;
custom,tree3,default,0.5,0.5,0.5,0,0.3977273,0.8181818,1,1.0,1.0,-683.8648,-12.85245,-842.9561,0,0.01547362,0,-0.9998803;
custom,tree3,default,0.5,0.5,0.5,0,0.3977273,0.8181818,1,1.0,1.0,-712.3746,-12.53246,-843.085,0,0.01547362,0,-0.9998803;
custom,tree3,default,0.5,0.5,0.5,0,0.3977273,0.8181818,1,1.0,1.0,-750.4769,-11.69246,-843.6855,0,0.01547362,0,-0.9998803;
custom,tree3,default,0.5,0.5,0.5,0,0.3977273,0.8181818,1,1.0,1.0,-638.0779,-13.0905,-692.453,0,0.03005429,0,0.9995483;
custom,tree3,default,0.5,0.5,0.5,0,0.3977273,0.8181818,1,1.0,1.0,-664.9977,-13.0105,-692.2473,0,0.03005429,0,0.9995483;
custom,tree3,default,0.5,0.5,0.5,0,0.3977273,0.8181818,1,1.0,1.0,-693.3204,-11.2905,-694.1068,0,0.03005429,0,0.9995483;
custom,tree3,default,0.5,0.5,0.5,0,0.3977273,0.8181818,1,1.0,1.0,-718.5804,-11.61001,-694.7392,0,0.03005429,0,0.9995483;
custom,tree3,default,0.5,0.5,0.5,0,0.3977273,0.8181818,1,1.0,1.0,-639.6544,-12.2505,-667.8644,0,0.03005429,0,0.9995483;
custom,tree3,default,0.5,0.5,0.5,0,0.3977273,0.8181818,1,1.0,1.0,-665.262,-12.69037,-668.4827,0,0.03005429,0,0.9995483;
custom,tree3,default,0.5,0.5,0.5,0,0.3977273,0.8181818,1,1.0,1.0,-693.6604,-11.81039,-670.2295,0,0.03005429,0,0.9995483;
custom,tree3,default,0.5,0.5,0.5,0,0.3977273,0.8181818,1,1.0,1.0,-718.8948,-11.5305,-671.5222,0,0.03005429,0,0.9995483;
custom,tree3,default,0.5,0.5,0.5,0,0.3977273,0.8181818,1,1.0,1.0,-713.9869,-13.22706,-1006.873,0,0.002753644,0,-0.9999962;
custom,tree3,default,0.5,0.5,0.5,0,0.3977273,0.8181818,1,1.0,1.0,-713.7897,-12.94707,-1029.503,0,0.002753644,0,-0.9999962;
custom,tree3,default,0.5,0.5,0.5,0,0.3977273,0.8181818,1,1.0,1.0,-714.9313,-12.14707,-1052.125,0,0.002753644,0,-0.9999962;
custom,tree3,default,0.5,0.5,0.5,0,0.3977273,0.8181818,1,1.0,1.0,-739.3087,-13.43143,-1007.203,0,0.01372333,0,-0.9999058;
custom,tree3,default,0.5,0.5,0.5,0,0.3977273,0.8181818,1,1.0,1.0,-739.894,-12.56357,-1030.213,0,0.02334972,0,0.9997274;
custom,tree3,default,0.5,0.5,0.5,0,0.3977273,0.8181818,1,1.0,1.0,-739.7629,-14.36357,-1051.965,0,0.02334972,0,0.9997274;
custom,tree3,default,0.5,0.5,0.5,0,0.3977273,0.8181818,1,1.0,1.0,-765.5073,-14.24357,-1051.919,0,0.02334972,0,0.9997274;
custom,tree3,default,0.5,0.5,0.5,0,0.3977273,0.8181818,1,1.0,1.0,-764.0435,-14.20356,-1030.069,0,0.02334972,0,0.9997274;
custom,tree3,default,0.5,0.5,0.5,0,0.3977273,0.8181818,1,1.0,1.0,-763.2217,-13.04356,-1006.306,0,0.02334972,0,0.9997274;
custom,tree3,default,0.5,0.5,0.5,0,0.3977273,0.8181818,1,1.0,1.0,-787.9171,-15.04357,-1050.933,0,0.02334972,0,0.9997274;
custom,tree3,default,0.5,0.5,0.5,0,0.3977273,0.8181818,1,1.0,1.0,-787.5421,-12.84356,-1028.189,0,0.02334972,0,0.9997274;
custom,tree3,default,0.5,0.5,0.5,0,0.3977273,0.8181818,1,1.0,1.0,-787.2953,-13.52357,-1007.286,0,0.02334972,0,0.9997274;
custom,cuboid,rock3,5,1,0.5,0,0.3977273,0.8181818,1,1.0,1.0,-644.7754,-5.5256,-905.29,0.5562618,-0.01018285,-0.006098853,-0.8309224;
custom,cuboid,rock3,6,1,0.5,0,0.3977273,0.8181818,1,1.0,1.0,-735.4022,-5.9099,-902.9457,-0.554494,0.01168194,0.0081721,0.8320656;
custom,cuboid,rock3,6,1,0.5,0,0.3977273,0.8181818,1,1.0,1.0,-760.3944,-6.251111,-875.4534,0.5931758,0.3746359,-0.6137524,0.3620753;
custom,cuboid,rock3,6,1,0.5,0,0.3977273,0.8181818,1,1.0,1.0,-792.6033,-6.337673,-843.6764,-0.8742818,0.0003330664,0.004013272,-0.485402;
custom,field2,default,0.5,0.5,0.5,0,0.3977273,0.8181818,1,1.0,1.0,-697.0622,-8.190138,-798.3216,0,0.05450451,0,0.9985135;
custom,field2,default,0.5,0.5,0.5,0,0.3977273,0.8181818,1,1.0,1.0,-625.9568,-8.230096,-837.5854,0,0.05450451,0,0.9985135;
custom,field2,default,0.5,0.5,0.5,0,0.3977273,0.8181818,1,1.0,1.0,-604.7818,-8.112289,-837.9786,0,0.03488953,0,0.9993912;
custom,field2,default,0.5,0.5,0.5,0,0.3977273,0.8181818,1,1.0,1.0,-626.142,-7.832397,-814.2407,0,0.03488953,0,0.9993912;
custom,field2,default,0.5,0.5,0.5,0,0.3977273,0.8181818,1,1.0,1.0,-602.4001,-7.312295,-816.1517,0,0.03488953,0,0.9993912;
custom,field2,default,0.5,0.5,0.5,0,0.3977273,0.8181818,1,1.0,1.0,-647.6962,-7.912343,-812.876,0,0.03488953,0,0.9993912;
custom,field2,default,0.5,0.5,0.5,0,0.3977273,0.8181818,1,1.0,1.0,-674.6646,-7.432296,-812.2859,0,0.03488953,0,0.9993912;
custom,field2,default,0.5,0.5,0.5,0,0.3977273,0.8181818,1,1.0,1.0,-670.9837,-7.792296,-784.1866,0,0.03488953,0,0.9993912;
custom,field2,default,0.5,0.5,0.5,0,0.3977273,0.8181818,1,1.0,1.0,-645.4711,-6.566792,-781.1876,0,0.06757036,0,0.9977145;
custom,field2,default,0.5,0.5,0.5,0,0.3977273,0.8181818,1,1.0,1.0,-621.3116,-6.566791,-784.9002,0,0.06757035,0,0.9977145;
custom,field2,default,0.5,0.5,0.5,0,0.3977273,0.8181818,1,1.0,1.0,-598.3644,-7.046791,-787.1094,0,0.06757035,0,0.9977145;
custom,field2,default,0.5,0.5,0.5,0,0.3977273,0.8181818,1,1.0,1.0,-666.3616,-6.646791,-752.2675,0,0.06757036,0,0.9977145;
custom,field2,default,0.5,0.5,0.5,0,0.3977273,0.8181818,1,1.0,1.0,-640.9858,-6.846784,-754.8674,0,0.06757035,0,0.9977145;
custom,field2,default,0.5,0.5,0.5,0,0.3977273,0.8181818,1,1.0,1.0,-612.0512,-7.766783,-752.5296,0,0.06757036,0,0.9977145;
custom,house9,default,2,2,2,0,0.3977273,0.8181818,1,1.0,1.0,135.5319,-189.1544,122.107,0,0.07070462,0,-0.9974973;
custom,cuboid,default,2,0.1,1,1,0.3977273,0.8181818,1,1.0,1.0,160.9752,-228.424,112.2396,0,0.6553043,0,0.7553651;
custom,cuboid,default,0.5,0.1,1,1,1,1,1,1.0,1.0,162.1936,-228.301,104.8828,0,0.6513403,0,0.7587858;
custom,tower2,default,1,1,1,0,1,1,1,1.0,1.0,-72.36587,-25.34088,-149.4722,0,0.1840821,0,0.9829109;
custom,tower2,default,1,1,1,0,1,1,1,1.0,1.0,-149.316,-27.95082,191.7627,0,0.5339904,0,-0.8454906;
custom,tower2,default,1,1,1,0,1,1,1,1.0,1.0,237.2375,-19.4451,66.15981,0,0.7120415,0,-0.7021374;
custom,tower2,default,1,1,1,0,1,1,1,1.0,1.0,320.2222,-23.18788,-113.8943,0,0.9110554,0,-0.4122841;