custom,boulder1,default,10,10,10,1,0.4431819,0.4204545,0.3522727,40,40,-273.633,13.97559,603.5438,0.7681005,-0.5550617,-0.2037725,0.2457741;
custom,cuboid,earth2,20,10,20,1,0.1931818,0.1590909,0.04545454,40,40,-461.7241,8.514018,577.0001,0,0.7067361,0,-0.7074774;
custom,cuboid,earth2,20,10,20,1,0.1931818,0.1590909,0.04545454,40,40,-447.1499,8.563458,516.6373,0,0.272787,0,-0.9620745;
custom,cuboid,earth2,20,10,20,1,0.1931818,0.1590909,0.04545454,40,40,-579.2435,34.42239,576.8741,0,0.7072377,0,0.7069758;
custom,cuboid,earth2,20,10,20,1,0.1931818,0.1590909,0.04545454,40,40,-579.4815,8.490757,479.2914,0,0.7080262,0,0.7061862;
custom,boulder1,default,10,10,10,1,0.4431819,0.4204545,0.3522727,40,40,-336.8605,53.76111,749.9109,0.02682387,-0.2157339,-0.07926202,-0.9728602;
custom,boulder1,default,10,10,10,1,0.4431819,0.4204545,0.3522727,40,40,-508.2866,69.57496,769.3143,-0.4498098,0.7503112,-0.09450398,0.4751561;
custom,boulder1,default,10,10,10,1,0.4431819,0.4204545,0.3522727,40,40,-686.9289,78.98977,727.8729,-0.4304285,0.8080781,0.3676315,-0.1630592;
custom,boulder1,default,10,10,10,1,0.4431819,0.4204545,0.3522727,40,40,-739.05,55.0623,538.2343,0.17025,0.8195803,-0.02850335,-0.5463431;
custom,boulder1,default,10,10,10,1,0.4431819,0.4204545,0.3522727,40,40,-732.3526,8.745234,396.3147,0.4737095,0.5493118,0.1441999,-0.673099;
custom,boulder1,default,5,10,5,1,0.4431819,0.4204545,0.3522727,40,40,23.92428,50.14539,198.274,0.05091459,0.88302,0.02685739,0.4657918;
custom,boulder1,default,8,10,8,1,0.4431819,0.4204545,0.3522727,40,40,-187.9511,32.78259,-33.58485,0.1043035,0.5903994,0.0376749,0.7994561;
custom,boulder1,default,8,10,8,1,0.4431819,0.4204545,0.3522727,40,40,-111.2958,19.64929,-115.0046,0.04425377,0.2757399,0.0005391239,0.9602129;
custom,boulder1,default,8,10,8,1,0.4431819,0.4204545,0.3522727,40,40,160.8368,39.514,-21.66594,0,0.416763,0,-0.9090152;
custom,boulder1,default,6,10,6,1,0.1590909,0.1704545,0.1363636,1,1,-53.41921,79.16835,235.1778,0.1926316,0.9301827,-0.06337009,-0.3060025;
custom,boulder1,default,8,10,8,1,0.4431819,0.4204545,0.3522727,40,40,83.17819,180.2928,92.80472,0.01156943,-0.5071555,-0.003636256,0.8617693;
custom,boulder1,default,8,10,8,1,0.4431819,0.4204545,0.3522727,40,40,-68.17069,202.5403,-30.08284,0.05149318,0.4462529,-0.0257308,0.8930537;
custom,boulder1,default,8,10,8,1,0.4431819,0.4204545,0.3522727,40,40,-118.1429,166.3999,100.4956,0.01979524,0.8489749,0.2415601,0.4695726;
custom,boulder1,default,8,10,8,1,0.4431819,0.4204545,0.3522727,40,40,17.41778,161.7834,-76.10226,0.1451133,-0.001807239,0.877204,-0.4576594;
custom,cylinder,bark,20,5,20,1,0.1477273,0.09090909,0.06818182,1,1,-7.422338,221.8205,41.42169,0,0.9904162,0,-0.1381156;
custom,house5,default,0.5,0.5,0.5,0,0.5340909,0.5113636,0.159091,3,3,4.577508,279.4922,126.0317,0,-0.7760007,0,-0.6307321;
custom,cave1,default,1,1,1,0,1,1,1,1,1,4.798328,-18.33891,26.16316,0,0.9537011,0,0.3007559;
custom,cave1,default,1,1,1,0,1,1,1,1,1,-69.34953,-10.31696,78.05343,0,0.1370956,0,-0.9905578;
custom,cave1,default,1,1,1,0,1,1,1,1,1,3.860942,-9.940731,-41.95366,0,0.9606286,0,0.2778359;
custom,cave1,default,1,1,1,0,1,1,1,1,1,45.75185,-2.544554,80.66767,0,0.9984954,0,-0.05483641;
custom,cave1,default,1,1,1,0,1,1,1,1,1,-67.92561,-44.03799,-4.186051,0,0.8830218,0,-0.469332;
custom,boulder5,default,1,1,1,0,1,1,1,1,1,-135.6673,91.77531,-79.68959,-0.5680583,-0.6721954,-0.4171031,-0.2269101;
custom,boulder1,default,1,1,1,0,1,1,1,1,1,-129.9197,96.82737,-88.42675,0.270145,0.71851,0.5220279,-0.3718225;
custom,log1,default,0.3,2,0.3,1,0.2613636,0.1704545,0.1136364,1,1,-266.7833,0.9324832,85.64344,-0.5766382,0.06717998,-0.4088659,-0.7041335;
custom,log1,default,0.3,2,0.3,1,0.2613636,0.1704545,0.1136364,1,1,-267.1041,6.659077,85.3912,-0.6101912,0.666582,0.3602583,-0.2314069;
custom,log1,default,0.3,2,0.3,1,0.2613636,0.1704545,0.1136364,1,1,-267.1114,11.28112,85.52566,-0.5056962,-0.04873186,-0.4936479,-0.7058388;
custom,log1,default,0.3,2,0.3,1,0.2613636,0.1704545,0.1136364,1,1,-294.8953,39.83193,117.9767,0,0.1627641,0,0.986665;
custom,log1,default,0.3,2,0.3,1,0.2613636,0.1704545,0.1136364,1,1,-266.8297,75.44669,85.79295,0.6253723,0.6563828,-0.3556406,-0.2271366;
custom,log1,default,0.3,2,0.3,1,0.2613636,0.1704545,0.1136364,1,1,-282.1669,76.69155,158.7669,-0.1072258,0.6989295,-0.6989298,-0.1072259;
custom,log1,default,0.3,2,0.3,1,0.2613636,0.1704545,0.1136364,1,1,-269.8224,38.54149,199.3398,0,0.9594589,0,-0.2818488;
custom,log1,default,0.3,2,0.3,1,0.2613636,0.1704545,0.1136364,1,1,-237.0837,77.06086,226.4697,0.4356439,-0.02138661,-0.5550863,0.7082629;
custom,log1,default,0.3,2,0.3,1,0.2613636,0.1704545,0.1136364,1,1,-204.1822,40.09278,253.688,0,0.9953425,0,0.09640215;
custom,log1,default,0.3,2,0.3,1,0.2613636,0.1704545,0.1136364,1,1,-163.2723,76.95436,240.6035,0.4161203,0.5716088,-0.5720078,0.4158299;
custom,log1,default,0.3,2,0.3,1,0.2613636,0.1704545,0.1136364,1,1,-162.6995,1.169505,243.7399,-0.09001286,0.09064345,-0.6988612,0.7037574;
custom,log1,default,0.3,2,0.3,1,0.2613636,0.1704545,0.1136364,1,1,-162.6294,5.809511,244.3104,-0.69333,0.7045474,0.1476218,-0.03338147;
custom,log1,default,0.3,2,0.3,1,0.2613636,0.1704545,0.1136364,1,1,-164.2911,67.45573,241.1667,-0.4781906,0.5624287,0.5687154,0.3627266;
custom,log1,default,0.3,2,0.3,1,0.2613636,0.1704545,0.1136364,1,1,-237.1798,97.70568,178.8555,0.2497483,0.7495246,-0.452142,0.4140125;
custom,log1,default,0.3,2,0.3,1,0.2613636,0.1704545,0.1136364,1,1,-259.0121,97.27892,121.9719,0.4657279,0.7379444,-0.2155541,0.4382603;
custom,log1,default,0.3,2,0.3,1,0.2613636,0.1704545,0.1136364,1,1,-221.2119,101.9442,72.39195,0.3485272,0.4399945,-0.07115746,0.8245425;
custom,log1,default,0.3,2,0.3,1,0.2613636,0.1704545,0.1136364,1,1,-192.543,96.79902,218.2354,0.06933174,0.8370026,-0.5216876,0.1498729;
custom,log1,default,0.3,2,0.3,1,0.2613636,0.1704545,0.1136364,1,1,-127.421,100.0999,215.4504,-0.1804019,0.8516102,-0.4449365,-0.2103494;
custom,log1,default,2,0.1,2,1,0.1590909,0.1704545,0.1363636,1,1,-435.9212,104.4523,-415.5202,0,0.6318336,0,0.775104;
custom,log1,default,1,0.1,1,1,0.1590909,0.1704545,0.1363636,1,1,-405.3964,198.6384,-383.5117,0,0.8948912,0,-0.4462845;
custom,boulder1,default,12,10,12,1,0.1590909,0.1704545,0.1363636,1,1,-259.0157,-45.07687,-488.5798,0.02727127,0.9497743,0.03193776,-0.3101049;
custom,leaf1,default,3,0.01,3,1,0.5795454,0.6136363,0.5113636,1,1,-252.6552,97.11314,165.6302,-0.2204713,0.9308242,0.1463036,0.2520993;
custom,log1,default,2,0.1,2,1,0.1590909,0.1704545,0.1363636,1,1,-359.3241,103.8328,-406.5188,0,0.771673,0,-0.6360195;
custom,log1,default,2,0.1,2,1,0.1590909,0.1704545,0.1363636,1,1,-379.5529,129.8186,-382.4941,0,0.9945503,0,0.1042586;
custom,log1,default,1,0.1,1,1,0.1590909,0.1704545,0.1363636,1,1,-353.685,133.3768,-429.6699,0,0.8752189,0,-0.4837271;
custom,leaf1,default,3,0.01,3,1,0.5795454,0.6136363,0.5113636,1,1,-244.052,105.8361,107.5611,-0.2455828,0.9355556,-0.05402883,0.2480033;
custom,log1,default,2,0.1,2,1,0.1590909,0.1704545,0.1363636,1,1,-365.0984,192.0448,-429.8459,0,0.6635194,0,-0.7481591;
custom,leaf1,default,3,0.01,3,1,0.5795454,0.6136363,0.5113636,1,1,-261.8016,97.15092,87.81038,-0.2447161,0.5956887,-0.005284847,0.7650105;
custom,leaf1,default,3,0.01,3,1,0.5795454,0.6136363,0.5113636,1,1,-154.2422,102.0588,218.3788,-0.152608,0.8196197,0.2418939,-0.4964087;
custom,leaf2,default,1,0.01,2,1,0,0.1022727,0,1,1,-264.5643,58.97023,83.07855,-0.6931268,-0.625769,-0.2454188,-0.2603039;
custom,log1,default,2,0.1,2,1,0.1590909,0.1704545,0.1363636,1,1,-382.8992,286.822,-396.2317,0,0.9900095,0,-0.1410014;
custom,log1,default,2,0.1,2,1,0.1590909,0.1704545,0.1363636,1,1,-272.0325,552.4863,-325.0809,-0.02553455,0.654411,-0.004647151,0.7556935;
custom,leaf1,default,3,0.01,3,1,0.5795454,0.6136363,0.5113636,1,1,-213.1239,94.98645,217.2475,-0.03826107,0.8616221,0.2425346,0.4442077;
custom,log1,default,2,0.1,2,1,0.1590909,0.1704545,0.1363636,1,1,-423.9345,210.2251,-411.1942,0,0.8855017,0,0.4646362;
custom,boulder1,default,12,10,12,1,0.1590909,0.1704545,0.1363636,1,1,-410.1897,-46.22458,-455.1054,0.02973428,0.007808613,0.9988416,0.03701701;
custom,leaf1,default,3,0.01,3,1,0.5795454,0.6136363,0.5113636,1,1,-199.4896,123.8935,180.3769,-0.04954166,0.8963565,0.103712,0.428176;
custom,log1,default,1,0.1,1,1,0.1590909,0.1704545,0.1363636,1,1,-417.5414,186.2917,-396.268,0,0.9540039,0,0.2997942;
custom,log1,default,2,0.1,2,1,0.1590909,0.1704545,0.1363636,1,1,-419.9668,126.0824,-452.562,0,0.2707784,0,0.9626417;
custom,log1,default,2,0.1,2,1,0.1590909,0.1704545,0.1363636,1,1,-411.5431,231.3604,-437.3917,0,0.5058531,0,0.8626198;
custom,tree2,default,5,5,5,1,0.1590909,0.1704545,0.1363636,1,1,-392.8695,362.7125,-410.899,0,0.9916031,0,0.1293183;
custom,house5,default,1,1,1,0,0.5340909,0.5113636,0.159091,3,3,-592.1293,93.2611,631.4103,0,-0.3889992,0,-0.9212381;
custom,house6,default,1,1,1,0,0.5340909,0.5113636,0.159091,3,3,-631.9805,83.06587,567.8745,0,-0.7157629,0,-0.6983434;
custom,village2,default,1,1,1,0,0.5340909,0.5113636,0.159091,3,3,-527.7971,96.49943,565.5073,0,0.0005105224,0,0.9999999;
custom,house6,default,1,1,1,0,0.5340909,0.5113636,0.159091,3,3,-494.6332,83.56614,662.8844,0,0.006235161,0,0.9999806;
custom,house5,default,1,1,1,0,0.5340909,0.5113636,0.159091,3,3,-558.0328,74.24682,455.5419,0,0.713239,0,0.700921;
custom,house6,default,1,1,1,0,0.5340909,0.5113636,0.159091,3,3,-653.5338,56.60935,446.2715,0,0.7051355,0,-0.7090727;
custom,windmill1,default,1,1,1,0,0.5340909,0.5113636,0.159091,3,3,-422.4941,57.12409,419.8115,0,-0.3353105,0,-0.9421077;
custom,house5,default,0.5,0.5,0.5,0,0.5340909,0.5113636,0.159091,3,3,-617.6093,66.19138,391.2012,0,-0.7057422,0,0.7084688;
custom,house6,default,0.5,0.5,0.5,0,0.5340909,0.5113636,0.159091,3,3,-587.1489,56.72203,390.1879,0,-0.7087927,0,-0.7054169;
customb,house1,default,0.5,0.5,0.5,0,0.5340909,0.5113636,0.159091,3,3,-557.1993,66.49619,384.0182,0,-0.7153773,0,-0.6987384;
custom,tower3,default,0.5,0.5,0.5,0,0.5340909,0.5113636,0.159091,3,3,-482.3803,58.00855,387.7143,0,0.6032854,0,-0.7975254;
custom,house3,default,0.5,0.5,0.5,0,0.5340909,0.5113636,0.159091,3,3,-499.2368,58.42536,389.5902,0,0.9999956,0,-0.002951691;
custom,house6,default,0.5,0.5,0.5,0,0.5340909,0.5113636,0.159091,3,3,-523.2049,55.55964,389.1487,0,0.7040291,0,-0.7101712;
custom,village2,default,0.5,0.5,0.5,0,0.5340909,0.5113636,0.159091,3,3,-406.704,64.64785,634.4702,0,0.6708627,0,-0.7415816;
custom,church1,default,0.5,0.5,0.5,0,0.5340909,0.5113636,0.159091,3,3,-373.0826,68.57052,486.0609,0,-0.9622719,0,-0.2720896;
custom,castle1,default,0.5,0.5,0.5,0,0.5340909,0.5113636,0.159091,3,3,-466.4294,61.45076,570.5316,0,0.9999807,0,-0.006218439;
custom,house6,default,0.5,0.5,0.5,0,0.5340909,0.5113636,0.159091,3,3,-468.9545,58.33223,596.9341,0,0.9999394,0,-0.0110087;
custom,log2,default,1,1,0.5,0,0.5340909,0.5113636,0.159091,3,3,-456.1266,75.67422,622.4731,0.1233233,0.7125149,-0.3350706,0.6040213;
custom,log2,default,1,1,0.5,0,0.5340909,0.5113636,0.159091,3,3,-604.4121,74.14136,453.5944,-0.1603457,0.2905317,0.8385605,0.4320844;
custom,log2,default,1,1,1,0,0.5340909,0.5113636,0.159091,3,3,-367.0808,36.30912,403.7397,-0.1528603,0.384564,0.9039326,-0.1079357;
custom,boulder1,default,1,1,1,0,0.5340909,0.5113636,0.159091,3,3,-465.7736,60.79166,405.9027,0.1095798,0.05273083,0.005821539,-0.9925613;
custom,boulder1,default,1,1,1,0,0.5340909,0.5113636,0.159091,3,3,-449.8862,61.39165,412.9886,0.4269848,0.2781577,0.1398988,-0.8489645;
custom,boulder1,default,1,1,1,0,0.5340909,0.5113636,0.159091,3,3,-463.3236,58.10391,423.0642,-0.08282208,0.8341808,0.5293873,0.1305067;
custom,tree5,default,1,1,1,0,0.5340909,0.5113636,0.159091,3,3,-503.2837,119.7673,462.0597,0,0.2976646,0,-0.9546705;
custom,tree2,default,1,1,1,0,0.5340909,0.5113636,0.159091,3,3,-413.8608,121.0879,476.4815,0,-0.9640678,0,0.2656564;
custom,tree2,default,1,1,1,0,0.5340909,0.5113636,0.159091,3,3,-717.0508,185.1604,361.8237,0.1767167,0.635368,0.05811695,-0.7494673;
custom,tree2,default,1,1,1,0,0.5340909,0.5113636,0.159091,3,3,-634.707,232.9502,658.6428,0.1508178,0.2622865,0.04154209,-0.9522259;
custom,tree2,default,1,1,1,0,0.5340909,0.5113636,0.159091,3,3,-363.287,202.2266,675.9692,-0.09858561,0.4059404,0.04409925,0.9074958;
custom,tree2,default,1,1,1,0,0.5340909,0.5113636,0.159091,3,3,-280.4702,205.9367,580.7758,0.04257844,0.5886585,-0.1111674,-0.7995687;
custom,tree2,default,0.5,0.5,0.5,0,0.5340909,0.5113636,0.159091,3,3,-267.4047,182.7337,664.3371,-0.1734786,0.7959743,0.02340313,-0.5794674;
custom,tree2,default,0.5,0.5,0.5,0,0.5340909,0.5113636,0.159091,3,3,-307.3695,192.6308,777.1514,0.1934805,0.8924691,0.1368476,-0.3838451;
custom,tree2,default,0.5,0.5,0.5,0,0.5340909,0.5113636,0.159091,3,3,-483.1439,195.7198,733.0275,-0.02469909,0.9746944,-0.1387195,-0.1735448;
custom,tree2,default,0.5,0.5,0.5,0,0.5340909,0.5113636,0.159091,3,3,-632.8987,215.6008,763.668,0.04725554,0.9326842,0.1327406,-0.3320346;
custom,tree2,default,0.5,0.5,0.5,0,0.5340909,0.5113636,0.159091,3,3,-697.636,202.3801,518.1182,0.08748381,0.9802368,-0.01577279,-0.1767306;
custom,tree2,default,0.5,0.5,0.5,0,0.5340909,0.5113636,0.159091,3,3,-608.8448,148.364,544.5926,0.0171312,0.1501336,0.4085815,-0.9001265;
custom,tree2,default,0.5,0.5,0.5,0,0.5340909,0.5113636,0.159091,3,3,-440.2841,127.9939,639.1273,0.3994276,0.07822584,0.1435829,-0.9020656;
custom,tree2,default,0.5,0.5,0.5,0,0.5340909,0.5113636,0.159091,3,3,-350.877,140.9656,558.9181,-0.2618182,0.6403251,0.2470807,0.6785177;
custom,tree2,default,0.5,0.5,0.5,0,0.5340909,0.5113636,0.159091,3,3,-527.1552,182.0262,683.4962,-0.2336,-0.004682342,-0.0586576,0.9705506;
custom,tree2,default,0.5,0.5,0.5,0,0.5340909,0.5113636,0.159091,3,3,-111.5571,142.2625,296.1831,-0.1309572,0.8668629,0.3715381,0.3055461;
custom,tree2,default,0.5,0.5,0.5,0,0.5340909,0.5113636,0.159091,3,3,-88.78973,184.1204,251.9243,-0.2243757,0.8322555,0.2439545,0.4444014;
custom,tree2,default,0.5,0.5,0.5,0,0.5340909,0.5113636,0.159091,3,3,-231.2416,163.1742,-40.29486,-0.1076817,0.6907279,0.06160891,0.7123931;
custom,tree2,default,0.5,0.5,0.5,0,0.5340909,0.5113636,0.159091,3,3,-233.4156,144.7198,-88.78021,-0.134259,0.4264216,-0.07305393,0.8915168;
custom,tree2,default,0.5,0.5,0.5,0,0.5340909,0.5113636,0.159091,3,3,-176.5724,140.6466,-133.6696,-0.2481803,0.4982091,0.1734985,0.8124608;
custom,tree2,default,0.5,0.5,0.5,0,0.5340909,0.5113636,0.159091,3,3,-126.0816,145.7146,-171.3176,0.1803049,0.04790937,0.008793016,-0.982404;
custom,tree2,default,0.5,0.5,0.5,0,0.5340909,0.5113636,0.159091,3,3,-81.13589,123.1037,-178.1667,0.1788369,0.2301691,0.043075,-0.9556067;
custom,tree2,default,0.5,0.5,0.5,0,0.5340909,0.5113636,0.159091,3,3,-85.92875,223.7635,-148.7869,-0.207028,0.4107949,0.09635109,0.8826684;
custom,tree2,default,0.5,0.5,0.5,0,0.5340909,0.5113636,0.159091,3,3,-28.87526,297.3106,-146.2857,-0.09026694,0.3018873,0.1308236,0.9400007;
custom,tree2,default,0.5,0.5,0.5,0,0.5340909,0.5113636,0.159091,3,3,52.65803,283.5197,-146.268,0.1984657,0.3549422,0.2311122,-0.8838634;
custom,tree2,default,0.5,0.5,0.5,0,0.5340909,0.5113636,0.159091,3,3,19.8152,307.3538,-61.32515,0,0.8367115,0,-0.5476441;
custom,tree2,default,0.5,0.5,0.5,0,0.5340909,0.5113636,0.159091,3,3,16.68496,302.6378,-115.3314,0.1251484,0.8160036,-0.0304254,-0.5635161;
custom,tree2,default,0.5,0.5,0.5,0,0.5340909,0.5113636,0.159091,3,3,-30.74293,339.8955,-23.46768,0.0700037,0.8229365,0.1039611,-0.5541363;
custom,tree2,default,0.5,0.5,0.5,0,0.5340909,0.5113636,0.159091,3,3,-79.7386,322.3539,-85.38789,0.1415484,0.3665517,-0.07909117,-0.9161596;
custom,tree2,default,0.5,0.5,0.5,0,0.5340909,0.5113636,0.159091,3,3,-100.5075,338.4283,-14.06028,-0.03522476,0.5516495,0.1170484,0.8250709;
custom,tree2,default,0.5,0.5,0.5,0,0.5340909,0.5113636,0.159091,3,3,-135.7709,307.5209,-16.69438,0.01086436,0.8352258,0.09347913,0.5417948;
custom,tree2,default,0.5,0.5,0.5,0,0.5340909,0.5113636,0.159091,3,3,-90.8717,308.4924,75.10336,0.00954173,0.4779521,0.007629596,0.878301;
custom,tree5,default,0.5,0.5,0.5,0,0.5340909,0.5113636,0.159091,3,3,-158.5803,293.0316,169.0976,0.1811652,0.4878111,0.2556736,0.8147702;
custom,house5,default,0.5,0.5,0.5,0,0.5340909,0.5113636,0.159091,3,3,-147.2569,282.0576,113.8697,0,-0.08909155,0,-0.9960234;
custom,pillar1,default,0.5,0.5,0.5,0,0.5340909,0.5113636,0.159091,3,3,-108.3113,276.0385,113.6752,0.04139412,0.9267102,0.01197531,-0.3732979;
custom,house5,default,0.5,0.5,0.5,0,0.5340909,0.5113636,0.159091,3,3,-58.89604,279.6199,109.5232,0,0.4638224,0,0.8859282;
custom,windmill1,default,0.5,0.5,0.5,0,0.5340909,0.5113636,0.159091,3,3,-26.95492,271.5155,135.3415,0,0.8805369,0,-0.4739777;
custom,village2,default,0.5,0.5,0.5,0,0.5340909,0.5113636,0.159091,3,3,-55.8133,276.5387,36.81068,0,-0.6546122,0,-0.7559648;
custom,house6,default,0.5,0.5,0.5,0,0.5340909,0.5113636,0.159091,3,3,-18.47775,271.4837,21.8634,0,0.6773754,0,-0.7356375;
custom,village1,default,0.5,0.5,0.5,0,0.5340909,0.5113636,0.159091,3,3,34.48433,269.7245,33.43668,0,0.4792875,0,-0.877658;
customb,house1,default,0.5,0.5,0.5,0,0.5340909,0.5113636,0.159091,3,3,59.29555,277.5289,78.7363,0,0.854437,0,-0.519555;
customb,arch1,default,0.5,0.5,0.5,0,0.5340909,0.5113636,0.159091,3,3,58.34887,280.3255,83.46221,0,0.5222351,0,0.8528016;
custom,house5,default,0.5,0.5,0.5,0,0.5340909,0.5113636,0.159091,3,3,10.88237,279.3185,68.36135,0,0.3974483,0,-0.9176246;
custom,house6,default,0.5,0.5,0.5,0,0.5340909,0.5113636,0.159091,3,3,-40.3656,270.3035,80.92216,0,0.7687716,0,-0.6395234;
custom,pillar1,default,0.5,0.5,0.5,0,0.5340909,0.5113636,0.159091,3,3,33.81874,271.2149,28.22242,0,0.9057934,0,0.4237195;
custom,tree2,default,0.5,0.5,0.5,0,0.5340909,0.5113636,0.159091,3,3,68.29955,328.3472,107.7828,0.02753438,0.3211746,0.08085738,0.9431601;
custom,tree2,default,0.5,0.5,0.5,0,0.5340909,0.5113636,0.159091,3,3,23.42642,288.4142,169.0752,-0.1398886,-0.07176856,-0.1322228,-0.9786714;
custom,tree2,default,0.5,0.5,0.5,0,0.5340909,0.5113636,0.159091,3,3,-26.19721,220.6624,215.1306,-0.08152658,0.9663099,0.05547799,-0.2377412;
custom,tree2,default,0.5,0.5,0.5,0,0.5340909,0.5113636,0.159091,3,3,2.669491,198.8684,257.7554,0.1669807,0.9640048,0.1597019,-0.1315584;
custom,tree2,default,0.5,0.5,0.5,0,0.5340909,0.5113636,0.159091,3,3,163.9402,289.8098,92.04664,0.1701576,0.7511808,0.2125628,-0.6013243;
custom,tree2,default,0.5,0.5,0.5,0,0.5340909,0.5113636,0.159091,3,3,167.6496,158.4432,-75.83176,0.09584618,0.507371,0.05691078,-0.8544878;
custom,tree2,default,0.5,0.5,0.5,0,0.5340909,0.5113636,0.159091,3,3,173.0275,188.8413,-18.62547,0.0373618,0.8577811,0.06299151,-0.508771;
custom,tree2,default,0.5,0.5,0.5,0,0.5340909,0.5113636,0.159091,3,3,230.6458,145.0776,-12.65016,0.1327416,0.815889,0.1326336,-0.5469124;
custom,boulder1,default,10,10,10,0,1,1,1,1,1,395.8423,104.5504,419.2497,0.3405864,-0.002680304,0.9401727,0.008304909;
custom,boulder1,default,10,10,10,0,1,1,1,1,1,409.9113,8.347409,403.1402,0.2402022,0.6311951,-0.5927063,0.4388564;
custom,log1,default,9,10,9,0,1,1,1,1,1,403.5905,7.220931,413.1644,0,0.7238265,0,-0.6899821;
custom,village2,default,0.5,0.5,0.5,0,1,1,1,1,1,448.2028,213.1109,390.9779,0,0.1131717,0,-0.9935755;
custom,pillar2,default,0.5,0.5,0.5,0,1,1,1,1,1,478.7478,217.5757,424.5923,0.08866796,0.5266691,-0.05535529,0.8436193;
custom,windmill1,default,0.5,0.5,0.5,0,1,1,1,1,1,448.5677,206.8511,485.1057,0,0.689607,0,-0.7241839;
custom,castle1,default,0.5,0.5,0.5,0,1,1,1,1,1,401.7458,208.8089,485.8107,0,0.7061874,0,0.7080251;
custom,house5,default,0.5,0.5,0.5,0,1,1,1,1,1,357.5142,214.9571,471.485,0,0.4465849,0,0.8947412;
custom,house6,default,0.5,0.5,0.5,0,1,1,1,1,1,335.0397,206.9424,441.1975,0,0.5997455,0,-0.8001909;
custom,house5,default,0.5,0.5,0.5,0,1,1,1,1,1,331.4626,215.0479,404.6902,0,-0.04321668,0,0.9990658;
custom,tower3,default,0.5,0.5,0.5,0,1,1,1,1,1,333.9836,205.7107,372.7655,-0.05649817,0.320412,0.01914822,0.945398;
customb,house1,default,0.5,0.5,0.5,0,1,1,1,1,1,406.6848,215.2966,332.6817,0,0.6697268,0,0.7426076;
customb,house1,default,0.5,0.5,0.5,0,1,1,1,1,1,357.4251,215.2516,347.6056,0,0.8885819,0,0.458718;
customb,house1,default,0.5,0.5,0.5,0,1,1,1,1,1,393.8932,215.3067,366.6008,0,-0.1692652,0,-0.9855705;
customb,house1,default,0.5,0.5,0.5,0,1,1,1,1,1,369.2019,215.2392,393.2727,0,-0.03696517,0,-0.9993166;
customb,house1,default,0.5,0.5,0.5,0,1,1,1,1,1,415.5445,215.3429,408.0061,0,0.5151424,0,-0.8571047;
customb,house1,default,0.5,0.5,0.5,0,1,1,1,1,1,398.4308,215.3893,447.0645,0,0.7658696,0,-0.642996;
customb,house1,default,0.5,0.5,0.5,0,1,1,1,1,1,452.4237,215.3318,442.3512,0,0.5444753,0,0.8387769;
customb,arch1,default,0.5,0.5,0.5,0,1,1,1,1,1,400.906,224.1755,392.3678,0,0.9842492,0,-0.1767866;
customb,arch1,default,0.5,0.5,0.5,0,1,1,1,1,1,381.5209,224.1524,384.5467,0,0.8583818,0,0.5130114;
customb,arch1,default,0.5,0.5,0.5,0,1,1,1,1,1,425.26,224.1849,425.2809,0,0.9485559,0,-0.3166097;
customb,arch1,default,0.5,0.5,0.5,0,1,1,1,1,1,391.9472,224.1637,429.8437,0,0.9818102,0,0.1898655;
customb,arch1,default,0.5,0.5,0.5,0,1,1,1,1,1,408.0209,221.4992,355.4108,0,0.2922999,0,-0.9563267;
base,aot_supply,373.5328,207.0609,395.1533,0,0.6758488,0,-0.7370403;
base,aot_supply,-82.53203,271.7471,54.01748,0,0.7613409,0,-0.6483518;
base,aot_supply,-540.9033,84.06561,648.9442,0,-0.3823771,0,0.9240064;
base,aot_supply,-526.8764,84.18629,646.5709,0,0.4152334,0,0.9097149;
custom,boulder1,default,10,5,10,1,0.5795454,0.6136363,0.5113636,1,1,-474.6988,-0.2302527,172.3256,0,0.978322,0,0.2070899;
custom,boulder1,default,10,5,10,1,0.5795454,0.6136363,0.5113636,1,1,-445.6295,51.42343,157.4612,-0.116404,0.7416885,-0.1334508,-0.6469461;
custom,boulder1,default,10,5,10,1,0.5795454,0.6136363,0.5113636,1,1,-450.32,124.2197,172.6813,0,0.4867677,0,-0.8735315;
custom,log1,default,7,3,7,1,0.5795454,0.6136363,0.5113636,1,1,-445.2487,133.0464,170.2769,0,0.5419405,0,0.840417;
custom,boulder1,default,3,10,3,1,0.5795454,0.6136363,0.5113636,1,1,-382.7314,-6.087374,-67.37875,-0.04051387,0.9513779,-0.06010178,0.2993769;
custom,boulder1,default,3,10,3,1,0.5795454,0.6136363,0.5113636,1,1,-443.9736,14.97168,-161.1081,0.3891144,0.2615878,-0.1180436,0.8753443;
custom,tree7,default,1,1,1,1,0.5795454,0.6136363,0.5113636,1,1,-556.5831,64.78944,-88.26237,0,0.04768885,0,0.9988623;
custom,tree5,default,1,1,1,1,0.5795454,0.6136363,0.5113636,1,1,-355.1907,187.292,276.5583,-0.1397844,0.4163348,0.2771143,-0.8545954;
custom,tree5,default,1,1,1,1,0.5795454,0.6136363,0.5113636,1,1,-532.5821,202.278,264.5179,-0.1324757,0.9327131,0.2395366,0.2347739;
custom,tree6,default,0.5,0.5,0.5,1,0.5795454,0.6136363,0.5113636,1,1,-472.86,142.1783,304.5593,-0.1353412,0.9107105,0.3869227,0.05079424;
custom,tree2,default,0.5,0.5,0.5,1,0.5795454,0.6136363,0.5113636,1,1,-394.2068,195.8499,88.76421,0.1685465,0.6859445,-0.02962985,-0.7072442;
custom,tree2,default,0.5,0.5,0.5,1,0.5795454,0.6136363,0.5113636,1,1,-351.5416,179.1888,222.8714,0.08934305,0.7655509,0.108954,-0.627757;
custom,tree5,default,0.5,0.5,0.5,1,0.5795454,0.6136363,0.5113636,1,1,-329.9906,180.4355,171.5168,0.18375,0.7132321,0.2434193,-0.6310967;
custom,tree2,default,1,1,1,1,0.5795454,0.6136363,0.5113636,1,1,-516.8978,216.541,82.28461,-0.02091248,-0.4347428,0.1405335,0.889276;
custom,tree2,default,1,1,1,1,0.5795454,0.6136363,0.5113636,1,1,-547.7655,215.581,179.6801,-0.1205658,0.7286826,0.03677515,0.6731517;
custom,tree2,default,1,1,1,1,0.5795454,0.6136363,0.5113636,1,1,-421.787,185.4131,312.4467,-0.2336328,0.5737138,0.2401884,-0.7473807;
custom,tree2,default,1,1,1,1,0.5795454,0.6136363,0.5113636,1,1,-329.8975,218.1258,139.0681,-0.1405574,-0.6579761,0.2136711,-0.7082767;
custom,log1,default,1,0.1,1,1,0.1590909,0.1704545,0.1363636,1,1,-366.782,150.5284,-448.1751,0,0.3798102,0,-0.9250644;
custom,log1,default,1,0.1,1,1,0.1590909,0.1704545,0.1363636,1,1,-420.4642,149.0955,-395.6474,0,0.6042793,0,0.7967725;
custom,log1,default,1,0.1,1,1,0.1590909,0.1704545,0.1363636,1,1,-377.2831,166.7596,-385.5394,0,0.9616144,0,-0.2744043;
custom,log1,default,1,0.1,1,1,0.1590909,0.1704545,0.1363636,1,1,-363.1353,154.2908,-406.9393,0,0.818643,0,-0.5743028;
custom,log1,default,1,0.1,1,1,0.1590909,0.1704545,0.1363636,1,1,-408.3287,244.6346,-386.7062,0,0.9989097,0,-0.0466839;
custom,log1,default,1,0.1,1,1,0.1590909,0.1704545,0.1363636,1,1,-367.5751,255.6729,-420.3972,0,0.8346018,0,-0.5508537;
custom,log1,default,1,0.1,1,1,0.1590909,0.1704545,0.1363636,1,1,-373.1521,265.257,-405.8458,0,0.9824494,0,-0.1865298;
custom,log1,default,1,0.1,1,1,0.1590909,0.1704545,0.1363636,1,1,-399.4776,170.498,-454.2306,0,0.1659074,0,0.9861413;
custom,log1,default,1,0.1,1,1,0.1590909,0.1704545,0.1363636,1,1,-371.8748,68.48177,-470.5898,0,0.1231927,0,-0.9923828;
custom,log1,default,1,0.1,1,1,0.1590909,0.1704545,0.1363636,1,1,-392.8422,76.56558,-465.9224,0,0.2193922,0,0.9756368;
custom,log1,default,1,0.1,1,1,0.1590909,0.1704545,0.1363636,1,1,-368.3023,74.58925,-373.8548,0,0.966276,0,-0.2575088;
custom,log1,default,1,0.1,1,1,0.1590909,0.1704545,0.1363636,1,1,-412.1851,91.31026,-375.0722,0,0.9769401,0,0.2135137;
custom,log1,default,1,0.1,1,1,0.1590909,0.1704545,0.1363636,1,1,-434.0772,128.7429,-412.9492,0,0.756667,0,0.6538004;
custom,log1,default,1,0.1,1,1,0.1590909,0.1704545,0.1363636,1,1,-417.7189,159.1342,-451.11,0,0.4904606,0,0.8714634;
custom,log1,default,1,0.1,1,1,0.1590909,0.1704545,0.1363636,1,1,-416.8866,317.9654,-407.2835,0,0.8507593,0,0.5255555;
custom,log1,default,1,0.1,1,1,0.1590909,0.1704545,0.1363636,1,1,-416.446,339.4422,-418.6689,0,0.5813324,0,0.8136662;
custom,log1,default,1,0.1,1,1,0.1590909,0.1704545,0.1363636,1,1,-381.0631,352.2221,-441.3513,0,0.5143831,0,-0.8575605;
custom,log1,default,1,0.1,1,1,0.1590909,0.1704545,0.1363636,1,1,-403.7507,373.32,-441.7911,0,0.3529578,0,0.9356393;
custom,log1,default,1,0.1,1,1,0.1590909,0.1704545,0.1363636,1,1,-376.1357,401.2256,-403.7173,0,0.9193615,0,-0.3934138;
custom,log1,default,1,0.1,1,1,0.1590909,0.1704545,0.1363636,1,1,-392.8188,391.0117,-397.0798,0,0.9884701,0,0.1514165;
custom,log1,default,1,0.1,1,1,0.1590909,0.1704545,0.1363636,1,1,-404.6586,364.8528,-395.4572,0,0.9576498,0,0.2879356;
custom,log1,default,1,0.1,1,1,0.1590909,0.1704545,0.1363636,1,1,-407.047,437.0036,-432.6432,0,0.4350733,0,0.900395;
custom,log1,default,1,0.1,1,1,0.1590909,0.1704545,0.1363636,1,1,-398.2766,472.953,-401.5468,0,0.9730364,0,0.2306517;
custom,log1,default,1,0.1,1,1,0.1590909,0.1704545,0.1363636,1,1,-378.4409,489.7487,-413.5915,0,0.8488413,0,-0.5286478;
custom,log1,default,1,0.1,1,1,0.1590909,0.1704545,0.1363636,1,1,-400.9244,564.4861,-410.3607,0,0.9725277,0,0.2327873;
custom,log1,default,1,0.1,1,1,0.1590909,0.1704545,0.1363636,1,1,-408.3797,504.5008,-429.4616,0,0.3253784,0,0.9455839;
custom,log1,default,1,0.1,1,1,0.1590909,0.1704545,0.1363636,1,1,-389.92,582.3699,-432.124,0,0.3125404,0,-0.9499045;
custom,log1,default,1,0.1,1,1,0.1590909,0.1704545,0.1363636,1,1,-400.9444,654.4708,-414.1532,0,0.9611976,0,0.275861;
custom,log1,default,1,0.1,1,1,0.1590909,0.1704545,0.1363636,1,1,-312.1973,551.828,-325.9398,-0.01964691,0.9945665,-0.02902874,-0.09802473;
custom,log1,default,1,0.1,1,1,0.1590909,0.1704545,0.1363636,1,1,-236.3593,551.9561,-338.5757,0.0284434,-0.06848246,0.03193321,-0.9967354;
custom,log1,default,2,0.1,2,1,0.1590909,0.1704545,0.1363636,1,1,-389.183,544.0645,-394.0142,-0.01560418,0.9868768,-0.01278804,0.1602097;
custom,log1,default,2,0.1,2,1,0.1590909,0.1704545,0.1363636,1,1,-400.5856,544.5717,-576.5051,0,0.5184487,0,0.8551088;
custom,house5,default,0.4,0.5,0.4,0,0.1590909,0.1704545,0.1363636,1,1,-386.7788,554.3546,-392.6833,0,0.4927913,0,-0.8701475;
custom,windmill1,default,0.5,0.5,0.5,0,0.1590909,0.1704545,0.1363636,1,1,-229.6213,552.5728,-336.8359,-0.04832648,-0.4885692,-0.01216139,0.871101;
custom,windmill1,default,0.5,0.5,0.5,0,0.1590909,0.1704545,0.1363636,1,1,-309.6114,552.73,-319.4793,-0.00387794,0.8230096,-0.01852723,-0.5677122;
custom,windmill1,default,0.3,0.3,0.3,0,0.1590909,0.1704545,0.1363636,1,1,-230.4534,570.2858,-345.0905,0.7137531,0.08331705,-0.1491753,-0.6792361;
custom,windmill1,default,0.2,0.2,0.2,0,0.1590909,0.1704545,0.1363636,1,1,-318.8643,579.3146,-325.1378,-0.248808,0.9422044,-0.1447314,-0.1714591;
custom,windmill1,default,0.2,0.2,0.2,0,0.1590909,0.1704545,0.1363636,1,1,-304.8002,571.4568,-331.2636,0.7021714,0.3047385,0.06732211,-0.6399668;
custom,windmill1,default,0.2,0.2,0.2,0,0.1590909,0.1704545,0.1363636,1,1,-393.324,474.6331,-394.6579,0,0.5777492,0,-0.8162144;
custom,windmill1,default,0.2,0.2,0.2,0,0.1590909,0.1704545,0.1363636,1,1,-371.8421,491.4387,-409.5907,0,0.4904142,0,-0.8714895;
custom,boulder1,default,0.3,0.3,0.3,1,0.2272727,0.2272727,0.2727273,1,1,-257.793,556.2153,-326.2312,-0.2815861,0.4668269,-0.3326903,0.7694798;
custom,log2,default,0.2,0.2,0.2,0,0.1590909,0.1704545,0.1363636,1,1,-281.289,553.1931,-329.2448,0,0.9869342,0,0.1611238;
custom,tree2,default,0.2,0.2,0.2,0,0.1590909,0.1704545,0.1363636,1,1,-271.3984,567.9408,-324.088,0,0.9995345,0,0.03051054;
custom,boulder1,default,0.3,0.3,0.3,1,0.2272727,0.2272727,0.2727273,1,1,-257.4843,556.6468,-323.1665,0.2414154,0.8764531,-0.1106284,-0.4016341;
custom,boulder1,default,0.3,0.3,0.3,1,0.2272727,0.2272727,0.2727273,1,1,-276.2399,555.1067,-312.1674,-0.2434159,0.9619697,0.03040533,-0.1201606;
custom,boulder1,default,0.3,0.3,0.3,1,0.2272727,0.2272727,0.2727273,1,1,-269.6992,553.0696,-337.7846,0,0.08511429,0,-0.9963712;
custom,boulder1,default,0.2,0.5,0.2,1,0.2272727,0.2272727,0.2727273,1,1,-262.8993,553.5085,-336.6537,0.103407,-0.3158956,0.05101731,-0.9417612;
custom,boulder1,default,0.2,0.5,0.2,1,0.2272727,0.2272727,0.2727273,1,1,-264.7,557.5079,-310.7966,0,0.9639204,0,-0.2661906;
custom,boulder1,default,0.2,0.5,0.2,1,0.2272727,0.2272727,0.2727273,1,1,-287.398,552.3711,-331.0395,0.07956861,0.6945758,-0.7107653,0.07775625;
custom,boulder1,default,5,5,5,0,0.2272727,0.2272727,0.2727273,1,1,-241.3114,-17.61562,-259.2076,0,0.1683698,0,-0.9857239;
custom,boulder1,default,4,7,4,0,0.2272727,0.2272727,0.2727273,1,1,-240.5813,19.08199,-258.4927,0,-0.9960895,0,-0.08834978;
custom,log2,default,4,4,4,0,0.2272727,0.2272727,0.2727273,1,1,-459.4369,129.5219,-86.61429,0.2049468,0.1050176,0.5047147,-0.8320043;
custom,log1,default,1,7,1,0,0.2272727,0.2272727,0.2727273,1,1,-259.7381,199.3197,75.66201,0.3060104,0.5489526,-0.6158384,0.4751334;
custom,boulder1,default,5,10,5,1,0.1590909,0.1022727,0.05681821,1,1,165.8337,25.75978,538.5306,-0.06647342,0.8356693,0.08405911,0.5386764;
custom,boulder1,default,3,7,3,0,0.1931818,0.2272727,0.2727273,1,1,-210.0507,31.73231,375.7625,0,0.8797542,0,0.4754287;
custom,boulder1,default,4,7,4,0,0.1931818,0.2272727,0.2727273,1,1,-180.4274,46.37148,428.3552,-0.03544102,0.6339099,-0.04312748,0.7713898;
custom,boulder1,default,4,7,4,0,0.1931818,0.2272727,0.2727273,1,1,-172.2837,43.5957,387.5994,0,-0.2745479,0,-0.9615735;
custom,boulder1,default,4,7,4,0,0.1931818,0.2272727,0.2727273,1,1,-190.2301,83.25091,407.4832,0,0.9781424,0,0.2079362;
custom,boulder1,default,5,10,5,1,0.1931818,0.2386363,0.2727273,1,1,-27.03635,12.57787,473.3698,0,0.9959943,0,-0.0894173;
custom,boulder1,default,5,10,5,1,0.2613636,0.2386363,0.2727273,1,1,164.1111,9.159222,330.4537,0.04740635,0.2900561,-0.1339289,-0.9464054;
custom,boulder1,default,10,10,10,0,0.1590909,0.1022727,0.05681821,1,1,86.65389,180.7648,434.3459,0,0.9686974,0,0.2482445;
custom,log1,default,1,3,1,0,0.1590909,0.1022727,0.05681821,1,1,-111.8983,130.5151,335.7249,-0.7081729,0.238346,-0.2800562,-0.6027031;
custom,tree4,default,2,1,2,0,0.1590909,0.1022727,0.05681821,1,1,-137.3925,78.25677,560.1334,-0.4708962,-0.6173167,0.6242868,0.08627271;
custom,tree2,default,1,1,1,0,0.1590909,0.1022727,0.05681821,1,1,-157.1174,94.04164,-462.4813,0.09694781,0.7528015,0.1138505,-0.6410375;
custom,tree5,default,1,1,1,0,0.1590909,0.1022727,0.05681821,1,1,-321.9361,57.72897,-175.9607,0,0.7638633,0,-0.6453782;
custom,tree4,default,1,1,1,0,0.1590909,0.1022727,0.05681821,1,1,-577.5397,10.64489,-345.1158,0.41727,0.645923,-0.423429,0.4789335;
custom,tree4,default,1,1,1,0,0.1590909,0.1022727,0.05681821,1,1,-512.3853,89.401,-503.3173,-0.3103794,0.7002389,0.07752098,0.6382168;
custom,tree5,default,1,1,1,0,0.1590909,0.1022727,0.05681821,1,1,-388.6305,98.30305,-581.032,-0.1903887,0.4209611,-0.06982026,0.8841206;
customb,tree0,default,1,1,1,0,0.1590909,0.1022727,0.05681821,1,1,-259.6065,80.30411,-582.1375,0.2301707,0.2548917,0.06260738,-0.937087;
custom,tree2,default,1,1,1,0,0.1590909,0.1022727,0.05681821,1,1,-289.2849,131.5849,-481.3497,-0.0924679,0.9264088,0.03625056,-0.3631837;
custom,tree2,default,1,1,1,0,0.1590909,0.1022727,0.05681821,1,1,-261.2227,91.62868,-373.3615,-0.120883,0.9397251,0.1871512,-0.259381;
custom,tree2,default,1,1,1,0,0.1590909,0.1022727,0.05681821,1,1,-461.0187,105.4674,-306.4716,-0.05818015,0.9857192,0.1496127,-0.05087996;
custom,tree2,default,1,1,1,0,0.1590909,0.1022727,0.05681821,1,1,-474.0368,107.6348,-551.9964,-0.1393411,0.4238325,-0.0247301,0.8946164;
custom,tree5,default,1,1,1,0,0.1590909,0.1022727,0.05681821,1,1,-519.5131,89.29937,-418.0303,-0.1027878,0.7029476,0.1038023,0.696078;
custom,tree4,default,1,1,1,0,0.1590909,0.1022727,0.05681821,1,1,-604.7016,43.06542,32.44601,0,0.98351,0,0.1808542;
custom,trunk1,default,10,5,10,1,0.1590909,0.1022727,0.05681821,1,1,397.8844,-18.82933,-365.4993,0,0.908297,0,-0.418326;
custom,trunk1,default,10,5,10,1,0.1590909,0.1022727,0.05681821,1,1,397.7978,-17.47112,-367.3563,0,0.9923241,0,-0.123665;
custom,log1,default,5,10,5,1,0.1590909,0.1022727,0.05681821,1,1,199.5047,151.1867,-232.6376,-0.5861596,0.7370784,0.1465544,-0.3027445;
custom,log2,default,11,11,1,1,0.1590909,0.1022727,0.05681821,1,1,397.9162,59.93162,-370.8788,-0.6843364,0.1898962,-0.1780141,-0.6811271;
custom,tree2,default,2,2,2,0,0.1590909,0.1022727,0.05681821,1,1,296.9827,117.6574,-569.4164,0.004806516,-0.2699105,-0.07267655,-0.9601268;
custom,tree5,default,2,2,2,0,0.1590909,0.1022727,0.05681821,1,1,267.8405,160.5665,-50.60424,0.324333,0.9316752,-0.1138718,0.1175701;
custom,tree2,default,2,2,2,0,0.1590909,0.1022727,0.05681821,1,1,550.5076,123.245,-153.4851,0.05503032,0.7822399,0.06981306,-0.6166025;
custom,tree5,default,2,2,2,0,0.1590909,0.1022727,0.05681821,1,1,590.4493,109.5522,-545.6653,0,0.9733929,0,-0.2291425;
custom,boulder1,default,4,15,4,1,0.25,0.1022727,0.05681821,1,1,479.3066,86.12294,93.53632,0,0.8592386,0,-0.5115752;
custom,boulder1,default,4,15,4,1,0.25,0.1022727,0.05681821,1,1,365.3758,74.29781,150.308,0.2646224,0.9250174,-0.15935,0.2211909;
custom,boulder1,default,4,15,4,0,0.25,0.1022727,0.05681821,1,1,86.36615,62.81786,-443.3327,0.02609371,0.8316385,0.03921908,-0.5533159;
custom,boulder1,default,4,15,4,0,0.25,0.1022727,0.05681821,1,1,29.75346,43.68311,-306.7042,-0.05444405,0.6846349,0.03497526,-0.7260081;
custom,boulder1,default,3,15,3,0,0.25,0.1022727,0.05681821,1,1,-243.8784,125.3904,0.05206773,-0.5628694,0.2507581,0.4636269,0.6366699;
custom,tree2,default,2,2,2,0,0.25,0.1022727,0.05681821,1,1,560.236,125.0216,592.6602,0,0.9446875,0,0.3279718;
custom,tree2,default,2,2,2,0,0.25,0.1022727,0.05681821,1,1,294.983,127.3311,608.5199,0,0.9925552,0,0.1217956;
custom,tree2,default,2,2,2,0,0.25,0.1022727,0.05681821,1,1,572.4738,123.8229,256.0025,0,0.8623244,0,0.5063563;
custom,tree2,default,1,1,1,0,0.25,0.1022727,0.05681821,1,1,274.5127,233.669,328.3101,-0.2077454,0.2373298,0.1042436,0.9432124;
custom,tree2,default,1,1,1,0,0.25,0.1022727,0.05681821,1,1,385.7995,254.3525,276.9467,-0.1386012,0.128927,-0.01259809,0.9818395;
custom,tree4,default,1,1,1,0,0.25,0.1022727,0.05681821,1,1,524.0313,211.8421,365.1721,0.2218036,0.4432414,0.1981237,-0.8456284;
custom,tree5,default,1,1,1,0,0.25,0.1022727,0.05681821,1,1,306.3178,239.1726,493.7295,-0.1658678,0.9640665,0.184705,0.09459323;
custom,tree6,default,1,1,1,0,0.25,0.1022727,0.05681821,1,1,43.08603,194.9779,557.3243,-0.05901043,0.9093577,0.3878741,0.138348;
custom,tree2,default,1,1,1,0,0.25,0.1022727,0.05681821,1,1,7.534989,325.7394,482.2404,-0.06211057,0.6905903,0.1457975,0.7056703;
custom,tree2,default,1,1,1,0,0.25,0.1022727,0.05681821,1,1,91.76594,339.4485,357.6558,-0.1388105,0.2040292,-0.04901515,0.9678333;
custom,tree2,default,1,1,1,0,0.25,0.1022727,0.05681821,1,1,143.0912,335.3803,473.8486,0.06778497,0.6751823,0.1188954,-0.7248434;
custom,tree2,default,1,1,1,0,0.25,0.1022727,0.05681821,1,1,106.8507,330.063,179.0033,0.01645862,0.8707075,0.3751839,-0.3175448;
custom,tree2,default,1,1,1,0,0.25,0.1022727,0.05681821,1,1,-191.3381,277.4099,-63.16478,-0.3535435,0.6249591,0.2167518,0.6614015;
custom,tree2,default,1,1,1,0,0.25,0.1022727,0.05681821,1,1,-21.54667,54.77009,-474.6971,-0.1582519,0.502098,0.07386887,0.8469931;
customb,tree0,default,1,1,1,0,0.25,0.1022727,0.05681821,1,1,119.3466,71.08474,-566.6364,0,0.9990057,0,0.0445822;
custom,tree6,default,1,1,1,0,0.25,0.1022727,0.05681821,1,1,140.1629,-4.431657,-277.9191,0.3067185,0.6539679,-0.6077044,0.3300684;
custom,boulder1,default,1,1,1,0,0.25,0.1022727,0.05681821,1,1,226.1374,4.426196,-181.5468,0,0.9345552,0,-0.3558184;
custom,boulder1,default,1,1,1,0,0.25,0.1022727,0.05681821,1,1,53.93678,2.955651,-184.1837,0,0.3609207,0,-0.9325965;
custom,boulder1,default,2,2,2,1,0,1,1,1,1,-123.5921,-4.528302,48.36689,0.1404793,0.8584229,0.3714728,-0.3246285;
custom,boulder1,default,2,2,2,1,0,1,1,1,1,-21.70925,48.21447,169.2267,-0.5979757,0.296685,0.2533928,0.7001394;
custom,boulder1,default,2,2,2,1,0,1,1,1,1,79.46677,89.24,1.875085,-0.4423851,0.5515082,0.4418414,0.552187;
custom,boulder1,default,2,2,2,1,0,1,1,1,1,-56.8208,97.04471,-54.88918,0.01893946,0.9594404,0.2733039,-0.06648749;
custom,boulder1,default,2,2,2,1,0,1,1,1,1,-17.38943,114.9413,44.37074,0.711953,0.1811192,-0.6486948,0.1987808;
custom,boulder1,default,2,2,2,1,0,1,1,1,1,-46.31,-1.747993,-36.73044,-0.046522,0.9310258,0.1163791,-0.3427573;
custom,boulder1,default,2,2,2,1,0,1,1,1,1,64.43517,-4.175061,20.54864,-0.09837471,0.8617271,0.1831658,0.4628166;
custom,boulder1,default,2,2,2,1,0,1,1,1,1,-8.785276,3.057772,89.2077,0.08017416,0.7993885,0.1095026,-0.5852856;
custom,boulder1,default,2,2,2,1,0,1,1,1,1,-93.45136,-8.421092,182.6762,0,0.425237,0,-0.905082;
custom,boulder1,default,2,2,2,1,0,1,1,1,1,38.04136,88.14432,143.7921,-0.9603491,0.01473574,0.05173018,0.2735628;
custom,boulder1,default,2,2,2,1,0,1,1,1,1,117.4473,41.22406,67.37064,-0.05452504,0.8266761,0.4245384,0.3652408;
custom,boulder1,default,1,1,1,1,0,1,1,1,1,65.56236,39.28479,152.6531,0.3284432,0.6515116,0.1715448,-0.6619895;
custom,boulder1,default,1,1,1,1,0,1,1,1,1,64.02016,29.623,-19.44907,-0.4025353,0.8699264,0.2225494,0.1779474;
custom,boulder1,default,1,1,1,1,0,1,1,1,1,-35.89605,41.97613,-52.33254,0.04611673,0.8952504,0.432781,-0.09539701;
custom,boulder1,default,1,1,1,1,0,1,1,1,1,-77.32825,67.47008,120.7443,0.8073088,0.06436256,0.4993586,-0.3078167;
custom,boulder1,default,1,1,1,1,0,1,1,1,1,-56.14154,-2.913251,39.95171,0,0.8836069,0,0.4682297;
custom,boulder1,default,1,1,1,1,0.4659091,0,1,1,1,30.6418,29.065,130.7607,-0.3622897,0.929225,-0.02641279,0.06774534;
custom,boulder1,default,1,1,1,1,0.4659091,0,1,1,1,-100.9912,53.30303,12.4725,0.2129105,0.7636859,0.5248669,-0.3097866;
custom,boulder1,default,1,1,1,1,0.4659091,0,1,1,1,24.07078,87.07453,-35.33604,-0.1745072,0.6094115,0.7606701,0.1398066;
custom,boulder1,default,1,1,1,1,0.4659091,0,1,1,1,84.70553,59.20524,40.46269,-0.2815307,0.7038143,0.3679451,0.5385186;
custom,boulder1,default,1,1,1,1,0.4659091,0,1,1,1,72.25967,33.60886,13.91229,-0.1486234,0.7907931,0.2118924,0.5546702;
custom,boulder1,default,1,1,1,1,0.4659091,0,1,1,1,80.03464,61.01603,-66.78008,-0.3018365,0.6046823,0.265437,0.6876026;
custom,boulder1,default,1,1,1,1,0.4659091,0,1,1,1,-111.3901,67.99312,89.88851,0.6516126,0.3483778,0.4742589,-0.4786569;
custom,boulder1,default,1,1,1,1,0.4659091,0,1,1,1,21.24724,96.75493,76.43596,-0.1188716,0.6112747,0.09353816,0.7768292;
custom,boulder1,default,1,1,1,1,0.4659091,0,1,1,1,-57.08474,92.16669,79.76727,0,0.387549,0,-0.9218491;
custom,boulder1,default,1,1,1,1,1,0,0,1,1,-64.77692,104.7653,0.2990276,0.5673726,0.427817,0.4461236,-0.5440908;
custom,boulder1,default,1,1,1,1,1,0,0,1,1,4.919739,53.21117,151.7506,-0.2915849,0.2117533,0.06635947,0.9304489;
custom,boulder1,default,1,1,1,1,1,0,0,1,1,-12.43121,115.7798,119.3182,-0.1123958,0.2077395,0.02403628,0.9714081;
custom,boulder1,default,1,1,1,1,1,0,0,1,1,-38.48683,-8.243449,9.413928,0,0.9980587,0,-0.06227959;
custom,boulder1,default,1,1,1,1,1,0,0,1,1,134.2,66.86864,61.94349,0.03130452,0.9684691,0.1638043,-0.1850834;
custom,boulder1,default,1,1,1,1,1,0,0,1,1,70.90453,21.32963,164.7602,0.2166451,0.6050618,0.1757867,-0.7456971;
custom,boulder1,default,1,1,1,1,1,0,0,1,1,78.33798,31.39608,-64.38451,-0.259826,0.8487201,0.1807391,0.4236721;
custom,boulder1,default,1,1,1,1,1,0,0,1,1,-178.3678,32.17688,57.79695,0.2011671,0.7855253,0.4870465,-0.3244496;
custom,boulder1,default,1,1,1,1,1,0,0,1,1,-60.34057,-1.437786,127.2587,0,0.5744269,0,-0.8185559;
custom,boulder1,default,1,1,1,1,1,0,0,1,1,119.1868,-1.722598,87.74049,0,0.7993177,0,0.6009086;
custom,boulder2,default,1,1,1,0,1,0,0,1,1,-229.2957,6.577804,151.4517,-0.1661466,0.7556781,0.1360389,-0.6187403;
custom,boulder2,default,1,1,1,0,1,0,0,1,1,-198.2176,0.4860555,137.6275,0,0.8983333,0,-0.4393146;
custom,boulder2,default,1,1,1,0,1,0,0,1,1,-224.5237,-2.538623,118.3352,-0.3292079,0.8947609,0.1041778,-0.283147;
custom,boulder2,default,1,1,1,0,1,0,0,1,1,-189.4812,1.017362,234.1912,0,0.02285624,0,0.9997388;
custom,boulder3,default,1,1,1,0,1,0,0,1,1,-166.733,-1.283005,207.2701,0,0.2850139,0,0.9585234;
custom,boulder1,default,1,1,1,0,1,0,0,1,1,-309.4986,-2.919763,143.2363,0,0.8782691,0,0.4781667;
custom,boulder1,default,1,1,1,0,1,0,0,1,1,-305.1177,-2.96996,294.0279,0,0.2598174,0,0.9656578;
custom,boulder1,default,1,1,1,0,1,0,0,1,1,-370.9077,-0.33316,366.7134,0,0.4896432,0,-0.8719229;
custom,tree2,default,1,1,1,0,1,0,0,1,1,374.2458,58.64526,-14.42636,0,0.4667202,0,-0.884405;
custom,tree5,default,1,1,1,0,1,0,0,1,1,358.1713,42.54109,-141.4636,0,0.7162703,0,-0.697823;
custom,tree4,default,1,1,1,0,1,0,0,1,1,266.2712,22.68738,-135.1767,0,0.9970505,0,-0.07674929;
custom,tree5,default,1,1,1,0,1,0,0,1,1,207.2582,39.67438,-437.1043,0,0.9636266,0,-0.2672526;
custom,tree4,default,1,1,1,0,1,0,0,1,1,-85.77507,44.87637,-352.4153,0,0.6045958,0,-0.7965325;
custom,tree5,default,1,1,1,0,1,0,0,1,1,-255.0028,63.32144,320.5013,-0.01419505,0.7350721,-0.01539756,-0.6776654;
custom,tree2,default,1,1,1,0,1,0,0,1,1,-350.5436,55.61903,310.5107,-0.05896329,-0.7182968,0.04235827,-0.6919385;
custom,tree5,default,1,1,1,0,1,0,0,1,1,-184.6793,90.32398,489.6545,-0.009701048,0.898102,0.2746563,0.3433406;
custom,tree5,default,1,1,1,0,1,0,0,1,1,-274.7502,122.4779,417.9409,-0.3141099,0.7502989,0.2378806,0.530848;
custom,tree2,default,1,1,1,0,1,0,0,1,1,-188.7263,216.9271,395.765,-0.04086513,0.4094159,-0.09052324,0.9069257;
custom,tree4,default,1,1,1,0,1,0,0,1,1,-107.5296,60.42333,383.8205,-0.06232547,-0.1809976,0.538935,-0.8203076;
custom,tree5,default,1,1,1,0,1,0,0,1,1,-50.47802,111.1284,325.5284,0.1928394,0.6240474,0.0901699,0.7518293;
custom,tree4,default,1,1,1,0,1,0,0,1,1,63.4533,222.3678,298.5872,-0.2920288,0.3193802,-0.03344826,0.9008867;
custom,tree5,default,1,1,1,0,1,0,0,1,1,-12.0777,248.7339,350.3605,-0.3746817,0.6942837,-0.1896183,0.5844902;
custom,tree2,default,1,1,1,0,1,0,0,1,1,187.0412,288.2385,358.1196,0.2892113,0.2146418,0.1915003,-0.9130244;
custom,tree2,default,1,1,1,0,1,0,0,1,1,88.51347,342.9338,447.8299,0.0815194,0.523114,0.08675084,-0.843908;
custom,tree4,default,1,1,1,0,1,0,0,1,1,168.3514,38.15321,-350.5378,0,0.483498,0,-0.8753455;
custom,tree4,default,1,1,1,0,1,0,0,1,1,554.2214,23.51336,-30.21262,0,0.7106216,0,0.7035745;
custom,tree2,default,1,1,1,0,1,0,0,1,1,329.5691,186.2002,167.8254,-0.2461264,0.4521753,-0.1313691,-0.8471726;
custom,tree2,default,1,1,1,0,1,0,0,1,1,436.1288,269.3764,124.8308,0.0573696,-0.3681819,0.08107497,0.9244338;
custom,tree4,default,1,1,1,0,1,0,0,1,1,179.988,106.4365,284.6676,0.2820762,0.7183753,-0.1842897,-0.608611;
custom,tree2,default,1,1,1,0,1,0,0,1,1,127.8527,248.5739,206.1157,0.1011952,0.8722053,0.4329666,-0.2038564;
custom,tree4,default,1,1,1,0,1,0,0,1,1,161.4339,238.6507,315.1623,0.3999614,0.2520876,0.1154147,-0.8735915;
custom,tree4,default,1,1,1,0,1,0,0,1,1,227.8952,219.1502,90.22797,0.4320809,0.8857737,0.1232631,-0.1162641;
custom,tree5,default,1,1,1,0,1,0,0,1,1,132.8633,287.3174,0.8905042,0.3323326,0.3999146,0.1583374,-0.8393764;
custom,tree5,default,1,1,1,0,1,0,0,1,1,70.31866,321.4375,-66.70331,0.1310151,0.9869691,0.03275998,-0.0874861;
custom,tree5,default,1,1,1,0,1,0,0,1,1,121.9352,241.4419,-411.0349,0.05767136,0.9387884,0.1944137,-0.2784844;
custom,tree5,default,1,1,1,0,1,0,0,1,1,20.92029,229.6092,-318.8411,-0.01392436,0.5741621,-0.2185661,-0.7889062;
custom,tree5,default,1,1,1,0,1,0,0,1,1,-3.451642,236.2366,-261.6067,-0.2032712,0.9006346,0.2429536,0.2975091;
custom,tree5,default,1,1,1,0,1,0,0,1,1,55.76024,211.7275,-273.0566,0.01793657,0.625253,0.3188306,-0.7120983;
custom,tree5,default,1,1,1,0,1,0,0,1,1,78.87786,218.3002,-479.5561,-0.278589,0.3407649,0.05525297,0.8962224;
custom,tree5,default,1,1,1,0,1,0,0,1,1,-297.9833,189.0934,-22.51218,-0.06500551,0.2935046,-0.02000914,-0.953535;
custom,tree5,default,1,1,1,0,1,0,0,1,1,-371.12,147.6111,58.91145,0.452535,0.2537785,0.1360748,-0.8439741;
custom,tree2,default,1,1,1,0,1,0,0,1,1,-608.1187,50.28326,-206.6161,0,0.9490817,0,0.3150302;
custom,tree2,default,1,1,1,0,1,0,0,1,1,-595.4869,53.83579,-597.5432,0,0.9996628,0,0.0259694;
custom,tree5,default,1,1,1,0,1,0,0,1,1,-623.2507,43.82396,-443.0096,0,0.7016662,0,0.7125058;
custom,tree2,default,1,1,1,0,1,0,0,1,1,-81.08028,63.85011,-587.2877,0,0.7633539,0,0.6459805;
custom,tree2,default,1,1,1,0,1,0,0,1,1,-177.7381,133.1651,-201.1524,-0.2917818,0.5847121,-0.01440702,0.7568142;
spawnpoint,playerC,407.7242,207.1193,428.2944,0,0.8880114,0,0.4598215;
spawnpoint,playerM,-445.8853,192.9642,173.2079,0,0.6157028,0,-0.7879785;
base,aot_supply,-396.8837,192.9745,203.9239,0,0.8519959,0,-0.5235486;
custom,log1,default,7,10,7,1,0.2954545,0.2954545,0.25,2500,2500,388.0945,243.176,-368.3272,0,-0.4450569,0,-0.8955023;
custom,boulder3,default,3000,0.5,3000,1,0,0.2954545,0.5000001,2500,2500,-10788.59,-1.140523,13910.56,0,-0.1900939,0,-0.9817659;
custom,field2,default,1,0.01,1,1,0,0.2386364,0,5,5,340.4497,358.1747,-416.5778,-0.6024534,0.1525166,0.3861924,0.6816481;
custom,cave1,empty,2,1,2,1,0.6931818,0.7045455,0.7045454,5,5,390.1153,432.2082,-360.9557,-0.07762319,0.9945099,0.05460228,-0.04408183;
custom,field2,default,1,0.01,1,1,0,0.2386364,0,5,5,361.2169,403.4902,-432.5471,-0.7035287,0.3857899,-0.1491877,0.5778898;
custom,field2,default,1,0.01,1,1,0,0.2386364,0,5,5,329.6256,334.412,-329.5828,-0.341729,0.6212773,0.6148054,0.3453263;
custom,field2,default,1,0.01,1,1,0,0.2386364,0,5,5,318.7056,389.3332,-357.2881,-0.7078714,0.7013722,0.08054332,0.02253626;
custom,field2,default,1,0.01,1,1,0,0.2386364,0,5,5,352.9238,384.8623,-308.3837,-0.1709004,0.6862669,0.6861311,0.1704555;
custom,field2,default,1,0.01,1,1,0,0.2386364,0,5,5,331.4577,369.5308,-326.2873,-0.6990333,0.622265,0.02968448,-0.3510806;
custom,field2,default,1,0.01,1,1,0,0.2386364,0,5,5,362.5477,241.1534,-433.6439,-0.6818815,0.1317708,0.09901372,0.7126502;
custom,field2,default,1,0.01,1,1,0,0.2386364,0,5,5,322.0469,199.3847,-384.4634,-0.5664222,0.4277874,0.4414423,0.5489013;
custom,field2,default,3,1,3,1,0,0.2386364,0,5,5,-95.8413,-2.43434,-263.833,0,-0.3474059,0,-0.9377149;
custom,field2,default,3,1,3,1,0,0.2386364,0,5,5,-248.2615,-6.173829,-264.0828,0,0.6547058,0,-0.7558839;
custom,field2,default,3,1,3,1,0,0.2386364,0,5,5,-164.2529,-4.771479,-378.0327,0,0.9944274,0,-0.1054231;
custom,field2,default,3,1,3,1,0,0.2386364,0,5,5,-41.76503,-5.990716,-402.6625,0,0.04927324,0,-0.9987854;
custom,field2,default,3,1,3,1,0,0.2386364,0,5,5,30.28364,-0.4219009,-309.328,0,0.3052837,0,0.9522615;
custom,field2,default,3,1,3,1,0,0.2386364,0,5,5,-354.1057,-6.054303,-214.8956,0,0.8794624,0,-0.4759684;
custom,field2,default,3,1,3,1,0,0.2386364,0,5,5,-330.7002,-2.884168,-71.31226,0,0.04717211,0,-0.9988868;
custom,field2,default,3,1,3,1,0,0.2386364,0,5,5,-344.3693,-2.457775,88.50864,0,-0.1864313,0,-0.982468;
custom,field2,default,3,1,3,1,0,0.2386364,0,5,5,-442.4268,-1.578717,-5.20443,0,0.8047065,0,-0.5936729;
custom,field2,default,3,1,3,1,0,0.2386364,0,5,5,-523.6106,-1.825617,-115.2729,0,0.9386869,0,-0.3447709;
custom,field2,default,3,1,3,1,0,0.2386364,0,5,5,-597.4481,-4.650396,18.84763,0,0.6782532,0,-0.7348282;
custom,field2,default,3,1,3,1,0,0.2386364,0,5,5,-579.5669,-5.148293,-215.2711,0,0.9062479,0,0.4227469;
custom,field2,default,3,1,3,1,0,0.2386364,0,5,5,-610.9318,-6.392467,-343.1036,0,0.8373989,0,0.5465923;
custom,field2,default,3,1,3,1,0,0.2386364,0,5,5,-615.9635,-5.510948,-497.3993,0,-0.06344546,0,-0.9979854;
custom,field2,default,5,1,5,1,0,0.2386364,0,5,5,-536.4593,-0.6468641,-549.6506,0,0.5946394,0,0.8039926;
custom,field2,default,5,1,5,1,0,0.2386364,0,5,5,-418.0397,-0.07981111,-537.6824,0,-0.04729814,0,-0.9988809;
custom,field2,default,5,2,5,1,0,0.2386364,0,5,5,-244.5102,-0.01501989,-522.0856,0,-0.6795724,0,-0.7336085;
custom,field2,default,5,2,5,1,0,0.2386364,0,5,5,-23.54068,-10.91135,-580.0984,0,0.2455706,0,-0.9693787;
custom,field2,default,5,2,5,1,0,0.2386364,0,5,5,187.3489,-10.06398,-566.337,0,0.2084962,0,0.9780232;
custom,field2,default,5,2,5,1,0,0.2386364,0,5,5,476.4695,-4.827343,-475.7287,0,0.1871065,0,0.9823397;
custom,field2,default,5,2,5,1,0,0.2386364,0,5,5,397.9989,-7.593946,-550.3392,0,0.03477354,0,-0.9993953;
custom,field2,default,5,2,5,1,0,0.2386364,0,5,5,561.9843,-15.3328,-543.0349,0,0.8622297,0,-0.5065175;
custom,field2,default,5,2,5,1,0,0.2386364,0,5,5,525.8353,-14.43683,-294.548,0,0.4923619,0,-0.8703905;
custom,field2,default,5,2,5,1,0,0.2386364,0,5,5,555.9779,-13.57549,-299.1381,0,0.3990918,0,-0.916911;
custom,field2,default,5,2,5,1,0,0.2386364,0,5,5,567.2692,-7.644796,-79.6974,0,0.9586825,0,-0.2844781;
custom,field2,default,5,2,5,1,0,0.2386364,0,5,5,552.9327,-7.520028,36.04902,0,0.6880115,0,-0.7256998;
custom,field2,default,5,2,5,1,0,0.2386364,0,5,5,373.089,-12.04177,-27.51966,0,0.8478012,0,-0.5303141;
custom,field2,default,5,2,5,1,0,0.2386364,0,5,5,293.1457,-13.77397,-191.2363,0,0.9555302,0,-0.2948934;
custom,field2,default,5,2,5,1,0,0.2386364,0,5,5,181.9178,-13.66973,-361.1908,0,0.9877578,0,0.1559953;
custom,field2,default,5,2,5,1,0,0.2386364,0,5,5,75.38605,-12.84342,-138.1198,0,-0.02093229,0,-0.9997809;
custom,field2,default,5,2,5,1,0,0.2386364,0,5,5,187.915,-16.28452,206.0686,0,0.3419876,0,0.9397045;
custom,field2,default,5,2,5,1,0,0.2386364,0,5,5,190.9574,-3.53599,220.9637,0,0.8362671,0,0.5483225;
custom,field2,default,5,2,5,1,0,0.2386364,0,5,5,258.6843,-6.972029,418.5855,0,-0.2276217,0,-0.9737497;
custom,field2,default,5,2,5,1,0,0.2386364,0,5,5,41.8816,-9.453425,625.6537,0,0.960028,0,0.2799043;
custom,field2,default,5,2,5,1,0,0.2386364,0,5,5,279.8978,-12.38005,569.5897,0,0.9719349,0,0.2352502;
custom,field2,default,5,2,5,1,0,0.2386364,0,5,5,431.6488,-11.65135,568.273,0,0.8245413,0,0.5658018;
custom,field2,default,5,2,5,1,0,0.2386364,0,5,5,562.9203,-7.69558,533.1763,0,0.9802997,0,-0.197516;
custom,field2,default,5,2,5,1,0,0.2386364,0,5,5,563.19,-1.564358,299.6329,0,0.977449,0,-0.2111717;
custom,field2,default,5,2,5,1,0,0.2386364,0,5,5,538.0625,0.04080472,126.3021,0,0.7846067,0,-0.6199939;
custom,field2,default,5,2,5,1,0,0.2386364,0,5,5,594.4905,-1.36217,322.7582,0,0.3079413,0,-0.9514054;
custom,field2,default,5,2,5,1,0,0.2386364,0,5,5,391.1338,-0.1701255,286.0275,0,0.9889797,0,-0.1480515;
custom,field2,default,5,2,5,1,0,0.2386364,0,5,5,283.2846,-0.217001,34.35019,0,0.9784683,0,0.2063975;
custom,field2,default,5,2,5,1,0,0.2386364,0,5,5,416.5007,0.1986108,-145.8184,0,0.960228,0,-0.2792171;
custom,field2,default,5,2,5,1,0,0.2386364,0,5,5,157.2705,-1.338685,-323.7342,0,0.9905976,0,-0.136808;
custom,field2,default,5,2,5,1,0,0.2386364,0,5,5,-583.4811,-1.090848,-52.94776,0,0.7103199,0,0.703879;
custom,field2,default,5,2,5,1,0,0.2386364,0,5,5,-544.81,-1.956888,-289.2359,0,0.952205,0,-0.3054599;
custom,field2,default,5,2,5,1,0,0.2386364,0,5,5,-563.9335,-12.23135,-446.6263,0,0.1825035,0,0.9832052;
custom,field2,default,5,2,5,1,0,0.2386364,0,5,5,-589.1381,-1.069527,-567.3271,0,0.8164935,0,0.5773546;
custom,field2,default,5,2,5,1,0,0.2386364,0,5,5,-568.7373,0.5426771,188.7912,0,0.2904561,0,0.9568884;
custom,field2,default,5,2,5,1,0,0.2386364,0,5,5,-498.6585,0.6135675,377.3414,0,0.6561893,0,0.7545964;
custom,field2,default,5,2,5,1,0,0.2386364,0,5,5,-300.0602,0.2891222,336.544,0,0.8096291,0,0.5869418;
custom,field2,default,5,2,5,1,0,0.2386364,0,5,5,-157.9287,-0.8955303,537.0493,0,0.4365568,0,0.8996767;
custom,field2,default,5,2,5,1,0,0.2386364,0,5,5,-89.89258,0.5219003,351.8467,0,0.997704,0,-0.06772568;
custom,field2,default,5,2,5,1,0,0.2386364,0,5,5,92.67644,-0.2096081,448.5012,0,0.6643595,0,0.7474132;
custom,field2,default,5,2,5,1,0,0.2386364,0,5,5,73.91829,-1.556962,216.0564,0,0.9995293,0,-0.03067934;
custom,field2,default,5,2,5,1,0,0.2386364,0,5,5,390.9716,0.2860646,566.4691,0,0.9935865,0,0.1130747;
custom,field2,default,5,2,5,1,0,0.2386364,0,5,5,526.8831,0.2101556,-547.3758,0,0.6169529,0,-0.7870001;
custom,field2,default,5,2,5,1,0,0.2386364,0,5,5,163.9001,0.1912778,-518.9257,0,-0.2589047,0,-0.9659029;
custom,field2,default,5,2,5,1,0,0.2386364,0,5,5,2.84643,0.1598153,-551.0612,0,0.5048417,0,-0.863212;
custom,field2,default,5,2,5,1,0,0.2386364,0,5,5,-352.3123,-0.2579403,-177.9421,0,0.3726091,0,0.9279884;
custom,field2,default,5,2,5,1,0,0.2386364,0,5,5,-205.8007,-0.09694433,-255.3777,0,0.8549211,0,0.5187581;
custom,field2,default,5,2,5,1,0,0.2386364,0,5,5,-66.31458,-0.01767492,-407.0967,0,0.9817133,0,0.1903656;
custom,field2,default,5,2,5,1,0,0.2386364,0,5,5,44.5353,-0.9939109,-168.5341,0,0.309029,0,0.9510526;
custom,field2,default,5,2,5,1,0,0.2386364,0,5,5,-351.8241,0.5088097,-7.873316,0,0.6364225,0,-0.7713408;
custom,field2,default,5,2,5,1,0,0.2386364,0,5,5,-254.1628,0.2979242,531.1334,0,0.1088283,0,0.9940606;
custom,field2,default,5,2,5,1,0,0.2386364,0,5,5,-1.318318,0.2815205,567.9636,0,0.8664415,0,0.4992787;
custom,field2,default,5,2,5,1,0,0.2386364,0,5,5,250.8689,-1.085915,578.3682,0,0.8410149,0,0.541012;
custom,field2,default,5,2,5,1,0,0.2386364,0,5,5,552.2751,0.6908847,571.9252,0,0.9943433,0,-0.1062136;
custom,field2,default,5,2,5,1,0,0.2386364,0,5,5,585.6666,-0.7535087,-410.4213,0,0.97968,0,-0.200567;
custom,field2,default,5,2,5,1,0,0.2386364,0,5,5,556.3991,-1.302845,-572.3068,0,0.7886081,0,-0.6148962;
custom,field2,default,5,2,5,1,0,0.2386364,0,5,5,-449.7084,133.1756,170.0475,0,0.6103401,0,0.7921395;
custom,field2,default,5,2,5,1,0,0.2386364,0,5,5,85.06317,182.6197,419.5778,0,0.29258,0,-0.9562411;
custom,field2,default,5,2,5,1,0,0.2386364,0,5,5,398.5601,104.7147,-370.0266,0,0.8449406,0,-0.5348601;
custom,sphere,crystal1,15,7,15,1,0.5454546,0,0,30,30,371.2288,603.8488,-340.5755,-0.0729486,0.9161373,0.0606543,0.3894766;
custom,sphere,empty,1,1,1,1,1,1,1,30,30,326.6572,628.1515,-380.4159,0,0.1290296,0,-0.9916407;
custom,sphere,empty,1,1,1,1,1,1,1,30,30,384.3653,624.9044,-405.1682,0,0.2867571,0,-0.9580033;
custom,sphere,empty,1,1,1,1,1,1,1,30,30,389.1923,641.7005,-324.4895,0,0.8652808,0,-0.5012875;
custom,sphere,empty,1,1,1,1,1,1,1,30,30,359.2393,613.6928,-266.1555,0,0.9853044,0,-0.170808;
custom,sphere,empty,1,1,1,1,1,1,1,30,30,422.036,624.6578,-298.1941,0,0.8132572,0,-0.5819044;
custom,sphere,empty,1,1,1,1,1,1,1,30,30,310.1791,618.0013,-299.3711,0,0.3732548,0,-0.9277289;
custom,sphere,empty,2,1,2,1,1,1,1,30,30,304.2488,615.6618,-311.2526,-0.07197613,0.575074,0.4012936,0.7092763;
custom,sphere,empty,2,1,2,1,1,1,1,30,30,368.9467,627.2759,-280.4702,-0.001418919,0.9807934,0.1949139,0.007139898;
custom,sphere,empty,2,1,2,1,1,1,1,30,30,406.2774,637.4152,-371.9844,0.1299227,0.643215,0.03815298,-0.7536172;
custom,sphere,empty,2,1,2,1,1,1,1,30,30,352.7443,639.3967,-360.8271,0.02681566,0.4991515,0.003562746,0.8660924;
custom,sphere,empty,2,1,2,1,1,1,1,30,30,298.1937,605.6633,-363.5225,0,0.5711166,0,0.820869;
custom,sphere,empty,2,1,2,1,1,1,1,30,30,369.3419,610.5584,-407.2359,0,0.1010041,0,-0.994886;
custom,sphere,empty,2,1,2,1,1,1,1,30,30,429.1732,623.1667,-341.359,0,0.6873773,0,-0.7263005;
custom,sphere,empty,2,1,2,1,1,1,1,30,30,389.7592,619.5343,-278.4192,0,0.9519866,0,-0.3061398;
custom,sphere,empty,2,1,2,1,1,1,1,30,30,338.3113,631.8261,-312.4777,0,0.7968069,0,0.604234;
custom,sphere,empty,2,1,2,1,1,1,1,30,30,366.021,640.135,-325.0196,0,0.1058518,0,0.994382;
custom,sphere,empty,2,1,2,1,1,1,1,30,30,363.2881,634.2266,-384.7637,0,0.405525,0,-0.914084;
custom,sphere,empty,2,1,2,1,1,1,1,30,30,416.7404,636.6857,-340.7984,0,0.7776992,0,-0.6286365;
custom,sphere,empty,2,1,2,1,1,1,1,30,30,379.0981,642.0563,-355.7003,0,0.4273753,0,-0.9040743;
custom,sphere,empty,2,1,2,1,1,1,1,30,30,313.1598,623.7736,-348.7265,-0.06361593,0.6398844,0.05328273,0.7639778;
custom,sphere,empty,2,1,2,1,1,1,1,30,30,354.7391,626.9388,-395.7293,0,0.01218913,0,0.9999257;
custom,sphere,empty,2,1,2,1,1,1,1,30,30,413.378,621.6669,-381.2387,0,0.5380704,0,-0.8428999;
custom,sphere,empty,2,1,2,1,1,1,1,30,30,394.0634,636.6319,-302.5658,-0.0425239,0.9157864,0.06399303,-0.3942485;
custom,sphere,empty,2,1,2,1,1,1,1,30,30,322.979,630.6841,-344.6805,-0.145216,0.6207962,0.1184232,0.7612492;
custom,tower2,default,0.5,0.5,0.5,1,0.6590909,0.4204547,0,1,1,-414.3517,177.1861,207.6877,0.06588967,0.2722752,0.01687183,0.9598126;
customb,house1,default,0.5,0.5,0.5,1,0.6590909,0.4204547,0,1,1,-434.038,201.1593,228.1633,0,0.640646,0,-0.7678364;
customb,house1,default,0.5,0.5,0.5,1,0.6590909,0.4204547,0,1,1,-442.5641,201.2001,187.044,0,0.7857468,0,0.6185483;
customb,arch1,default,0.5,0.5,0.5,1,0.6590909,0.4204547,0,1,1,-442.484,210.0141,209.1786,0,0.9952112,0,-0.097748;
custom,house5,default,0.5,0.5,0.5,1,0.6022727,0.318182,0,1,1,-449.7448,200.4452,144.1976,0,0.6011471,0,-0.7991384;
customb,house1,default,0.5,0.5,0.5,1,0.6022727,0.318182,0,1,1,-480.5535,201.2175,221.6559,0,0.8895603,0,-0.456818;
customb,arch1,default,0.5,0.5,0.5,1,0.6022727,0.318182,0,1,1,-470.0181,210.0681,205.9509,0,0.9128836,0,0.4082202;
customb,house1,default,0.5,0.5,0.5,1,0.6022727,0.318182,0,1,1,-507.0964,200.9932,181.7469,0,0.996614,0,-0.08222245;
customb,arch1,default,0.5,0.5,0.5,1,0.6022727,0.318182,0,1,1,-452.1777,208.8926,170.4456,0,0.9889488,0,-0.1482572;
customb,arch1,default,0.5,0.5,0.5,1,0.6022727,0.318182,0,1,1,-485.6674,209.6397,160.1804,0,0.5314956,0,-0.8470611;
custom,windmill1,default,0.5,0.5,0.5,1,0.6022727,0.318182,0,1,1,-378.9144,192.6553,180.3631,0,0.3148925,0,-0.9491274;
custom,tower4,default,0.5,0.5,0.5,1,0.6022727,0.318182,0,1,1,-399.6821,216.0548,124.1337,0,0.3123305,0,-0.9499736;
custom,pillar1,default,0.5,0.5,0.5,1,0.6022727,0.318182,0,1,1,-409.8443,192.244,158.5887,0,0.808755,0,0.5881457;
custom,boulder1,default,0.5,0.5,0.5,1,0.6022727,0.318182,0,1,1,-481.3693,192.787,185.2065,0,0.08018767,0,0.9967798;
custom,boulder3,default,0.5,0.5,0.5,1,0.6022727,0.318182,0,1,1,-425.8507,191.6071,116.5799,0,0.9410201,0,0.3383508;
custom,boulder5,default,0.5,0.5,0.5,1,0.6022727,0.318182,0,1,1,-473.3372,190.1532,123.568,-0.03098229,0.8881643,-0.06054898,-0.4544646;
custom,cave2,default,0.5,0.5,0.5,1,0.6022727,0.318182,0,1,1,-422.9033,188.5685,203.6498,0.6211501,-0.006839214,-0.7836431,-0.005420614;