map,5,1,15;
custom,village1,default,1,1,1,0,1,1,1,1,1,-165.3647,-1.642006,-3.328958,0,0.8743528,0,0.4852908;
custom,house4,default,1,1,1,0,1,1,1,1,1,-65.51627,0.3305464,108.2926,0,-0.4750311,0,0.8799691;
custom,tower2,default,1,1,1,0,1,1,1,1,1,-112.3261,-16.63958,91.2255,0,0.8757015,0,0.4828528;
customb,tree0,bark,1,1,1,0,1,1,1,1,1,-108.8183,73.01241,273.718,0,0.3838937,0,0.9233773;
base,aot_supply,-41.43781,0.121133,196.617,0,0.9405695,0,-0.3396012;
custom,village1,default,1,1,1,0,1,1,1,1,1,-120.753,-2.342243,313.8396,0,0.9563885,0,-0.2920976;
custom,castle1,default,1,1,1,0,1,1,1,1,1,-37.36922,17.86909,167.3417,0,0.9635811,0,-0.2674165;
custom,village1,default,1,1,1,0,1,1,1,1,1,-137.3183,-2.011871,232.0835,0,0.2777404,0,0.9606562;
custom,tower2,default,1,1,1,0,1,1,1,1,1,-145.1007,-14.18069,398.1259,0,0.4690912,0,-0.8831497;
custom,house4,default,1,1,1,0,1,1,1,1,1,25.62574,-1.52537,289.8567,0,-0.9557419,0,0.2942065;
customb,house1,default,1,1,1,0,1,1,1,1,1,76.52939,14.23187,252.0929,0,-0.4639251,0,0.8858745;
custom,house3,default,1,1,1,0,1,1,1,1,1,-34.89542,-1.424462,87.82542,0,0.9454822,0,-0.3256738;
custom,house2,default,1,1,1,0,1,1,1,1,1,-280.3165,-1.815303,257.0081,0,-0.2535048,0,-0.9673341;
custom,village1,default,1,1,1,0,1,1,1,1,1,-320.7805,-2.786094,349.5542,0,-0.2760427,0,-0.9611453;
custom,village1,default,1,1,1,0,1,1,1,1,1,122.9775,-2.199266,149.0692,0,0.9624884,0,-0.2713233;
custom,house4,default,1,1,1,0,1,1,1,1,1,21.50788,-2.539266,109.1448,0,0.5055586,0,-0.8627923;
custom,tower1,default,1,1,1,0,1,1,1,1,1,237.3683,45.34174,134.8214,0,0.8841785,0,0.4671491;
custom,house4,default,1,1,1,0,1,1,1,1,1,-423.1418,-3.700855,403.5421,0,0.8692245,0,0.4944178;
custom,village1,default,1,1,1,0,1,1,1,1,1,-319.2908,-1.859266,439.5587,0,-0.8738291,0,-0.4862334;
custom,village1,default,1,1,1,0,1,1,1,1,1,-205.8124,-0.8822349,331.7229,0,-0.878387,0,-0.4779502;
custom,house3,default,1,1,1,0,1,1,1,1,1,-31.36497,-0.8182242,404.3669,0,-0.9514319,0,0.3078595;
customb,house1,default,1,1,1,0,1,1,1,1,1,29.8358,16.93086,377.995,0,-0.4617402,0,0.8870153;
custom,village1,default,1,1,1,0,1,1,1,1,1,178.6681,-2.235414,342.4693,0,0.3106863,0,0.9505126;
custom,house2,default,1,1,1,0,1,1,1,1,1,-11.14232,-1.755306,-7.063248,0,-0.9999384,0,-0.01109737;
base,aot_supply,-18.77885,0.6358098,-0.2590712,0,0.009447915,0,-0.9999554;
custom,village1,default,1,1,1,0,1,1,1,1,1,-445.7648,-0.2987164,40.72348,0,-0.02028267,0,-0.9997944;
custom,cuboid,stone4,4,1,6,0,1,1,1,1,1,-36.47606,-3.819568,-92.71564,0,0.7586799,0,-0.6514636;
custom,cuboid,stone2,40,7,30,0,0.8522727,0.6704544,0.5,1,1,-89.29347,1.247505,-514.4102,0,0.9999981,0,-0.001942583;
custom,cuboid,stone2,40,7,30,0,0.8522727,0.6704544,0.5,1,1,-487.756,1.129124,-514.4438,0,0.9999858,0,-0.005341553;
custom,sphere,stone3,20,20,20,0,0.8522727,0.6704544,0.5,1,1,-200.6755,597.3857,156.8324,-0.3369663,0.6490425,-0.3916813,-0.5583756;
custom,sphere,empty,2,2,2,1,1,0.9886362,0,1,1,-178.5444,509.5975,189.8686,0,0.1532217,0,0.9881918;
custom,sphere,empty,2,2,2,1,1,0.9886362,0,1,1,-173.6088,504.7371,136.0426,0,0.6552476,0,-0.7554142;
custom,sphere,empty,1,1,1,1,0.7159091,0,0,1,1,-176.4492,502.287,189.9067,0,0.9149036,0,-0.4036723;
custom,sphere,empty,1,1,1,1,0.7159091,0,0,1,1,-171.8898,498.0013,136.5947,0,0.6114379,0,-0.7912925;
custom,sphere,empty,0.5,0.5,0.5,1,0,0,0,1,1,-175.6534,499.4556,189.4143,0,0.230443,0,-0.9730858;
custom,sphere,empty,0.5,0.5,0.5,1,0,0,0,1,1,-171.0877,495.1409,137.099,0,0.7202412,0,-0.6937237;
custom,capsule,stone3,3,3,3,0,0,0,0,1,1,-183.1074,502.001,162.6667,0.3535972,0.6509787,0.3666876,-0.5627932;
custom,cylinder,stone3,1,1,1,0,0,0,0,1,1,-191.959,492.3463,146.5793,-0.1038903,0.1260388,-0.2790224,0.9462915;
custom,cylinder,stone3,1,1,1,0,0,0,0,1,1,-197.1366,495.2866,178.1456,0.03375228,0.8087059,0.2071437,-0.5494971;
custom,capsule,stone3,1,1,9,0,0,0,0,1,1,-222.3736,506.5797,156.1507,-0.1078067,0.07970081,0.972735,-0.1892413;
custom,capsule,stone3,1,1,9,0,0,0,0,1,1,-244.4708,515.4759,153.3078,0.06679219,0.1129961,-0.1264158,-0.9832547;
custom,cuboid,stone2,40,7,30,0,1,1,1,1,1,306.5581,0.641196,-517.9147,0,0.9999986,0,-0.001685559;
custom,cuboid,stone2,40,7,30,0,1,1,1,1,1,498.5185,1.026775,-471.735,0,-0.7111074,0,-0.7030835;
custom,cuboid,stone2,40,7,30,0,1,1,1,1,1,497.0861,0.7505958,-102.2344,0,0.7181597,0,-0.6958784;
custom,cuboid,stone2,40,7,30,0,1,1,1,1,1,301.0236,0.1647577,-218.947,0,0.9348868,0,0.354946;
custom,cuboid,stone2,40,7,30,0,1,1,1,1,1,4.067694,0.677489,-425.8546,0,0.9778948,0,0.2090975;
custom,cuboid,stone4,5,5,5,0,1,1,1,1,1,206.0853,8.08563,-130.7176,0,0.9102403,0,-0.4140806;
custom,cuboid,stone4,5,5,5,0,1,1,1,1,1,203.4552,6.503254,-127.6425,0,0.9327061,0,0.3606375;
custom,cuboid,stone4,5,5,5,0,1,1,1,1,1,199.9071,4.7246,-124.3272,0,0.9319165,0,0.362673;
custom,cuboid,stone4,5,5,5,0,1,1,1,1,1,197.6291,3.13078,-121.7322,0,0.9270567,0,0.3749211;
custom,cuboid,stone4,5,5,5,0,1,1,1,1,1,195.1448,2.052485,-119.4598,0,0.9206727,0,-0.3903356;
custom,cuboid,stone4,5,5,5,0,1,1,1,1,1,193.0734,1.360702,-117.5149,0,0.9189979,0,-0.3942624;
custom,cuboid,stone4,5,5,5,0,1,1,1,1,1,191.1609,0.5075883,-115.967,0,0.9165732,0,-0.399867;
custom,cuboid,stone4,5,5,5,0,1,1,1,1,1,188.9468,-0.2703617,-114.1411,0,0.9131275,0,-0.4076742;
custom,cuboid,stone4,5,5,5,0,1,1,1,1,1,187.131,-1.285174,-112.2479,0,0.9152516,0,-0.4028828;
custom,cuboid,stone4,5,5,5,0,1,1,1,1,1,185.151,-2.386871,-110.3434,0,0.9157432,0,-0.401764;
custom,cuboid,stone4,5,5,5,0,1,1,1,1,1,182.2997,-4.080524,-107.3378,0,0.9159554,0,-0.4012802;
custom,cuboid,stone4,5,5,5,0,1,1,1,1,1,179.5412,-4.991674,-104.7369,0,0.9134519,0,-0.4069469;
custom,cuboid,stone4,5,5,5,0,1,1,1,1,1,178.9097,-5.902472,-102.7318,0,0.926285,0,0.3768238;
custom,cuboid,stone4,5,5,5,0,1,1,1,1,1,177.6148,-6.765254,-100.4728,0,0.9236932,0,-0.383133;
custom,cuboid,stone4,5,5,5,0,1,1,1,1,1,176.2922,-7.563014,-98.70984,0,0.9250585,0,-0.3798248;
custom,cuboid,stone4,5,5,5,0,1,1,1,1,1,174.3426,-8.526519,-97.28671,0,0.9231576,0,-0.3844217;
custom,cuboid,stone4,5,5,5,0,1,1,1,1,1,172.9786,-9.990754,-96.02848,0,0.9201789,0,-0.3914984;
custom,cuboid,stone4,5,5,5,0,1,1,1,1,1,170.9801,-11.01075,-93.31527,0,0.9235603,0,-0.3834532;
custom,cuboid,stone4,5,5,5,0,1,1,1,1,1,168.6267,-12.03076,-91.10853,0,0.9218446,0,-0.3875598;
custom,cuboid,stone4,5,5,5,0,1,1,1,1,1,165.3269,-12.85988,-88.20795,0,0.9321792,0,0.3619973;
custom,cuboid,stone4,5,5,5,0,1,1,1,1,1,164.1485,-13.80795,-86.45105,0,0.9199123,0,-0.3921242;
custom,cuboid,stone4,5,5,5,0,1,1,1,1,1,162.9156,-14.64814,-85.12112,0,0.9199124,0,-0.392124;
custom,cuboid,stone4,5,5,5,0,1,1,1,1,1,162.8668,-15.06371,-83.77219,0,0.926616,0,-0.376009;
custom,cuboid,stone4,5,5,5,0,1,1,1,1,1,160.9738,-15.74371,-82.46399,0,0.926616,0,-0.376009;
custom,cuboid,stone4,5,5,5,0,1,1,1,1,1,158.583,-16.32204,-81.11437,0,0.9216487,0,-0.3880253;
custom,cuboid,stone4,5,5,5,0,1,1,1,1,1,157.549,-16.78308,-80.1382,0,0.9212766,0,-0.3889081;
custom,cuboid,stone4,5,5,5,0,1,1,1,1,1,156.6552,-17.15471,-77.94716,0,0.9268487,0,-0.3754351;
custom,cuboid,stone4,5,5,5,0,1,1,1,1,1,155.2713,-17.86166,-76.2448,0,0.9279262,0,-0.3727639;
custom,cuboid,stone4,5,5,5,0,1,1,1,1,1,153.3675,-18.52199,-74.72343,0,0.9265233,0,-0.3762375;
custom,cuboid,stone4,5,5,5,0,1,1,1,1,1,149.8571,-19.28139,-72.72722,0,0.9208062,0,-0.3900205;
custom,cuboid,stone4,5,5,5,0,1,1,1,1,1,148.0592,-20.60284,-70.65087,0,0.9222643,0,-0.3865601;
custom,cuboid,stone4,5,5,5,0,1,1,1,1,1,146.3417,-21.31761,-68.39253,0,0.9256369,0,-0.3784128;
custom,cuboid,stone4,5,5,5,0,1,1,1,1,1,143.099,-22.16761,-66.16464,0,0.9158001,0,-0.4016345;
custom,cuboid,stone4,5,5,5,0,1,1,1,1,1,141.1497,-23.33474,-63.0947,0,0.919238,0,-0.3937024;
custom,cuboid,stone4,5,5,5,0,1,1,1,1,1,139.6023,-24.06174,-60.91026,0,0.921185,0,-0.3891249;
custom,village1,default,1,1,1,0,1,1,1,1,1,282.9692,32.29579,-199.8879,0,0.4213815,0,0.9068835;
custom,tower2,default,1,1,1,0,1,1,1,1,1,121.01,-12.84805,-54.78326,0,0.9182255,0,-0.3960581;
custom,tower2,default,1,1,1,0,1,1,1,1,1,167.3773,-10.89568,-10.88587,0,0.9141105,0,-0.4054653;
customb,house1,default,1,1,1,0,1,1,1,1,1,186.6478,15.63802,-54.63396,0,0.3728422,0,-0.9278948;
customb,house1,default,1,1,1,0,1,1,1,1,1,125.3174,15.24112,-102.6591,0,0.9341294,0,0.3569345;
custom,tower2,default,1,1,1,0,1,1,1,1,1,176.7939,14.11881,-115.8603,0,0.9238304,0,-0.3828023;
custom,tower2,default,1,1,1,0,1,1,1,1,1,227.5087,14.05923,-69.86065,0,0.9287469,0,-0.3707145;
customb,arch1,default,1,1,1,0,1,1,1,1,1,125.5455,83.24735,-46.70383,0,0.9197261,0,-0.3925608;
custom,village1,default,1,1,1,0,1,1,1,1,1,344.021,34.17606,-156.7088,0,0.938132,0,0.3462781;
customb,house1,default,1,1,1,0,1,1,1,1,1,363.7626,51.14056,35.6715,0,0.9997824,0,0.02086159;
customb,house1,default,1,1,1,0,1,1,1,1,1,231.9245,16.41574,-60.20947,0,0.9129167,0,-0.408146;
customb,house1,default,1,1,1,0,1,1,1,1,1,134.9199,14.62342,-158.14,0,0.4363555,0,0.8997744;
customb,house1,default,1,1,1,0,1,1,1,1,1,279.7839,16.30072,-17.50508,0,0.9092679,0,-0.4162113;
custom,house4,default,1,1,1,0,1,1,1,1,1,326.4901,-0.1060789,9.851382,0,0.3580737,0,-0.9336933;
customb,house1,default,1,1,1,0,1,1,1,1,1,49.11685,13.84114,127.3746,0,0.8775874,0,0.4794167;
custom,house3,default,1,1,1,0,1,1,1,1,1,90.36819,-0.8795801,91.95343,0,0.953815,0,-0.3003946;
custom,house4,default,1,1,1,0,1,1,1,1,1,-56.86877,-7.250072,-3.855495,0,0.9999258,0,-0.01218268;
customb,house1,default,1,1,1,0,1,1,1,1,1,85.59665,13.5682,-199.2864,0,0.4112585,0,0.9115188;
custom,village1,default,1,1,1,0,1,1,1,1,1,-368.8147,-3.245222,124.4699,0,0.9539393,0,-0.3;
custom,house4,default,1,1,1,0,1,1,1,1,1,-311.7342,-0.2117946,157.0367,0,-0.9480633,0,0.3180818;
custom,cuboid,stone2,40,7,30,0,1,1,1,1,1,-538.3207,0.9248108,-265.8427,0,0.710239,0,0.7039607;
custom,cuboid,stone2,15,7,15,0,1,1,1,1,1,-399.2904,0.8913295,-172.7309,0,0.8982878,0,-0.4394078;
custom,cuboid,stone2,15,7,15,0,1,1,1,1,1,-254.9806,0.6223744,-275.8564,0,0.9862009,0,-0.1655528;
custom,cuboid,stone2,15,7,15,0,1,1,1,1,1,-90.03456,0.7015904,-303.5829,0,0.9999982,0,-0.001894069;
custom,cuboid,stone2,15,7,15,0,1,1,1,1,1,8.462824,1.125172,-301.809,0,0.9984814,0,0.05508974;
custom,cuboid,stone2,30,7,30,0,1,1,1,1,1,-292.0904,0.9150878,-356.6463,0,0.9836208,0,-0.18025;
custom,village1,default,1,1,1,0,1,1,1,1,1,-12.95239,-0.8982794,-123.526,0,0.005211195,0,-0.9999864;
custom,house4,default,1,1,1,0,1,1,1,1,1,-150.3577,-0.7046362,-203.6522,0,-0.02626292,0,-0.9996551;
custom,house4,default,1,1,1,0,1,1,1,1,1,326.9233,34.67387,-204.9501,0,0.8896958,0,-0.4565538;
custom,castle1,default,1,1,1,0,1,1,1,1,1,367.2666,54.1168,-253.5997,0,-0.9384517,0,-0.3454104;
customb,house1,default,1,1,1,0,1,1,1,1,1,379.4559,51.81496,-323.3517,0,0.99876,0,0.04978586;
customb,house1,default,1,1,1,0,1,1,1,1,1,375.7368,51.29266,-410.2752,0,-0.1623866,0,-0.9867273;
customb,house1,default,1,1,1,0,1,1,1,1,1,331.0922,50.49994,-468.5403,0,0.9282089,0,-0.3720596;
custom,church1,default,0.5,0.5,0.5,0,1,1,1,1,1,-54.10958,10.03126,569.4479,0,0.6960884,0,0.7179561;
custom,cuboid,grass,10,2,20,0,1,1,1,1,1,80.74458,-6.136973,563.9913,0,0.6900921,0,0.7237216;
custom,cuboid,stone4,0.6,2,0.6,0,1,1,1,1,1,-18.22213,-6.397621,537.3014,0,0.6886123,0,0.7251297;
custom,cuboid,stone4,0.6,2,0.6,0,1,1,1,1,1,-20.51475,-6.723889,537.1988,0,0.6936569,0,0.7203056;
custom,cuboid,stone4,0.6,2,0.6,0,1,1,1,1,1,-22.50846,-7.19498,537.1075,0,0.6983563,0,0.7157503;
custom,cuboid,stone4,0.6,2,0.6,0,1,1,1,1,1,-23.78115,-7.534979,537.1261,0,0.6967931,0,0.7172722;
custom,cuboid,stone4,0.6,2,0.6,0,1,1,1,1,1,-25.06699,-8.085182,537.0784,0,0.6967932,0,0.7172721;
custom,cuboid,stone4,0.6,2,0.6,0,1,1,1,1,1,-26.05673,-8.571067,537.0533,0,0.7049468,0,0.7092602;
custom,cuboid,stone4,0.6,2,0.6,0,1,1,1,1,1,-26.97098,-8.911067,537.0344,0,0.7059982,0,0.7082137;
custom,cuboid,stone4,0.6,2,0.6,0,1,1,1,1,1,-27.491,-9.251067,536.9246,0,0.7028393,0,0.7113488;
custom,cuboid,stone4,0.6,2,0.6,0,1,1,1,1,1,-28.00339,-9.687871,536.9501,0,0.7051326,0,0.7090756;
custom,cuboid,bark,0.1,2,20,0,1,1,1,1,1,82.98311,-0.4940516,513.9531,0,0.6909233,0,0.7229281;
custom,cuboid,bark,0.1,2,20,0,1,1,1,1,1,78.65015,-0.8272707,613.8752,0,0.72289,0,-0.6909633;
custom,cuboid,bark,0.1,2,3,0,1,1,1,1,1,-20.80626,-1.005835,594.8445,0,0.999741,0,0.02276214;
custom,cuboid,bark,0.1,2,10,0,1,1,1,1,1,180.4439,-0.5980784,568.4821,0,0.02262322,0,-0.9997441;
custom,cuboid,bark,0.1,2,1,0,1,1,1,1,1,-18.21596,-0.9011579,545.0562,0,0.9999903,0,0.00439621;
custom,cuboid,bark,0.1,2,1.6,0,1,1,1,1,1,-17.35224,-1.179276,526.3424,0,0.999926,0,0.01217211;
custom,cuboid,bark,0.1,2,1,0,1,1,1,1,1,-16.70285,-1.296377,513.7269,0,0.9996852,0,0.02509242;
customb,tree0,bark,0.2,0.2,0.2,0,1,1,1,1,1,139.3026,18.244,538.8636,0,0.6142947,0,0.7890767;
customb,tree0,bark,0.2,0.2,0.2,0,1,1,1,1,1,155.0312,16.60109,599.1946,0,0.9524767,0,0.3046113;
custom,tree1,bark,0.2,0.2,0.2,0,1,1,1,1,1,0.2488801,2.18116,553.2679,0,0.3790515,0,0.9253756;
customb,house1,default,1,1,1,0,1,1,1,1,1,-196.8719,15.06911,497.8501,0,0.9053677,0,-0.4246287;
customb,house1,default,1,1,1,0,1,1,1,1,1,-269.829,14.76644,588.3752,0,0.860863,0,-0.5088367;
custom,house3,default,1,1,1,0,1,1,1,1,1,-134.8327,-1.634317,512.9327,0,0.9543692,0,0.2986295;
custom,castle1,default,2,2,2,0,1,1,1,1,1,-216.8036,74.12709,-408.5901,0,0.01347641,0,-0.9999092;
custom,village1,default,1,1,1,0,1,1,1,1,1,-199.2665,0.06415668,-102.2265,0,-0.223215,0,-0.9747693;
custom,house3,default,1,1,1,0,1,1,1,1,1,-98.01722,-0.08316495,-1.518409,0,-0.002310518,0,0.9999974;
custom,cuboid,stone2,20,1,100,0,1,1,1,1,1,209.0675,-4.636411,-45.3071,0,0.6550478,0,0.7555875;
custom,cuboid,stone2,20,1,30,0,1,1,1,1,1,161.1517,-4.47988,-10.52633,0,0.3120859,0,0.9500539;
custom,village1,default,1,1,1,0,1,1,1,1,1,-90.05954,34.60045,-338.2069,0,0.9998387,0,-0.01796182;
customb,house1,default,1,1,1,0,1,1,1,1,1,105.8363,50.25255,-217.7255,0,0.9031095,0,-0.4294105;
custom,house3,default,1,1,1,0,1,1,1,1,1,49.65004,35.45798,-265.9066,0,-0.08143192,0,0.9966789;
custom,house4,default,1,1,1,0,1,1,1,1,1,-309.9175,-0.9146448,46.96729,0,0.9602691,0,-0.2790758;
customb,house1,default,1,1,1,0,1,1,1,1,1,-281.901,-5.050737,83.95869,0,0.2715994,0,0.9624104;
custom,village1,default,1,1,1,0,1,1,1,1,1,-343.488,-1.721584,175.8706,0,0.3034127,0,0.9528592;
custom,cuboid,stone2,5,50,70,0,1,1,1,1,1,-654.6599,81.39667,331.926,0,1,0,-0.0001706564;
custom,cuboid,stone2,5,50,70,0,1,1,1,1,1,-658.8433,81.1895,-317.6464,0,0.007441878,0,0.9999723;
custom,cuboid,stone2,3,50,70,0,1,1,1,1,1,-301.5559,81.09074,662.3328,0,0.7076066,0,0.7066066;
custom,cuboid,stone2,3,50,70,0,1,1,1,1,1,313.9609,81.21954,662.0831,0,0.7066841,0,-0.7075293;
custom,village1,default,1,1,1,0,1,1,1,1,1,278.6572,35.62991,-426.9571,0,-0.9291505,0,-0.3697019;
custom,cuboid,stone2,3,50,70,0,1,1,1,1,1,649.5486,81.29539,-316.8091,0,0.9999999,0,-0.0006327957;
custom,cuboid,stone2,3,50,70,0,1,1,1,1,1,-337.7519,81.11897,-652.9174,0,0.7088347,0,0.7053747;
custom,cuboid,stone2,3,50,70,0,1,1,1,1,1,306.932,81.07321,-651.4742,0,0.7074501,0,-0.7067633;
custom,tower2,stone2,2,2,2,0,1,1,1,1,1,694.8273,305.768,-650.9193,0,0.7084956,0,-0.7057154;
custom,tower2,stone2,2,2,2,0,1,1,1,1,1,604.1548,307.8579,662.6105,0,0.7163671,0,0.6977236;
custom,tower2,stone2,2,2,2,0,1,1,1,1,1,-646.48,309.8983,618.4145,0,-0.02239891,0,-0.9997491;
custom,tower2,stone2,2,2,2,0,1,1,1,1,1,-651.332,309.7361,-604.4625,0,0.9991037,0,-0.04233025;
customb,arch1,stone2,1,1,1,0,1,1,1,1,1,-612.7535,323.7272,-614.8197,0,0.4107278,0,-0.911758;
customb,arch1,stone2,1,1,1,0,1,1,1,1,1,611.9156,324.0634,-611.9442,0,0.9372075,0,-0.3487724;
customb,arch1,stone2,1,1,1,0,1,1,1,1,1,610.1942,323.8184,621.6406,0,0.9228118,0,0.3852512;
customb,arch1,stone2,1,1,1,0,1,1,1,1,1,-609.2639,323.424,626.1769,0,-0.3881473,0,-0.9215974;
customb,tree0,default,0.3,0.3,0.3,0,1,1,1,1,1,446.3666,21.69882,620.6832,0,-0.2277861,0,-0.9737112;
customb,tree0,default,0.3,0.3,0.3,0,1,1,1,1,1,473.4643,20.28988,622.6105,0,0.3029689,0,0.9530004;
customb,tree0,default,0.3,0.3,0.3,0,1,1,1,1,1,501.4947,21.54984,619.2003,0,0.4437908,0,0.8961305;
customb,tree0,default,0.3,0.3,0.3,0,1,1,1,1,1,466.4624,21.37221,591.1886,0,0.4811567,0,0.8766347;
customb,tree0,default,0.3,0.3,0.3,0,1,1,1,1,1,485.6136,21.68058,588.2819,0,0.7646512,0,0.6444444;
custom,tree1,default,0.3,0.3,0.3,0,1,1,1,1,1,426.5386,-4.007055,593.9442,0,0.7772648,0,0.6291736;
customb,tree0,default,0.3,0.3,0.3,0,1,1,1,1,1,419.4758,21.1846,550.4693,0,0.4773243,0,0.8787272;
custom,tree1,default,0.3,0.3,0.3,0,1,1,1,1,1,426.3886,-1.847856,530.3074,0,0.5001547,0,0.865936;
customb,tree0,default,0.3,0.3,0.3,0,1,1,1,1,1,437.5019,21.74106,512.4124,0,0.7152689,0,0.6988495;
customb,tree0,default,0.3,0.3,0.3,0,1,1,1,1,1,458.2557,20.16425,498.4499,0,0.5861621,0,0.8101938;
customb,tree0,default,0.3,0.3,0.3,0,1,1,1,1,1,480.8627,20.98586,497.3948,0,0.08515913,0,0.9963674;
customb,tree0,default,0.3,0.3,0.3,0,1,1,1,1,1,502.6747,20.17279,498.5541,0,-0.02277996,0,0.9997405;
customb,tree0,default,0.3,0.3,0.3,0,1,1,1,1,1,522.9464,21.69607,506.3324,0,0.4704049,0,-0.8824507;
customb,tree0,default,0.3,0.3,0.3,0,1,1,1,1,1,531.9539,21.73395,520.8896,0,0.2326976,0,-0.9725492;
customb,tree0,default,0.3,0.3,0.3,0,1,1,1,1,1,543.976,21.53191,538.8022,0,0.1757328,0,-0.9844379;
customb,tree0,default,0.3,0.3,0.3,0,1,1,1,1,1,547.9658,21.89875,557.4986,0,0.76881,0,-0.6394774;
customb,tree0,default,0.3,0.3,0.3,0,1,1,1,1,1,538.6461,21.77593,574.5322,0,0.7825258,0,-0.6226181;
customb,tree0,default,0.3,0.3,0.3,0,1,1,1,1,1,525.4617,21.82818,587.0701,0,0.9444486,0,-0.3286592;
custom,tree1,default,0.3,0.3,0.3,0,1,1,1,1,1,514.1783,-2.809689,591.5713,0,0.9543324,0,-0.2987468;
customb,tree0,default,0.3,0.3,0.3,0,1,1,1,1,1,423.6936,21.30641,580.0387,0,0.7590657,0,0.651014;
customb,tree0,default,1,1,1,0,1,1,1,1,1,474.1403,73.36446,548.3488,0,0.6462127,0,0.7631574;
customb,house1,default,1,1,1,0,1,1,1,1,1,365.879,50.98525,-164.3107,0,-0.4004756,0,-0.9163075;
custom,cuboid,stone5,2,1,100,0,1,1,1,1,1,635.4503,156.56,116.8848,-0.1727028,0.0001642993,2.88078E-05,0.984974;
custom,cuboid,stone2,2,1,2,0,1,1,1,1,1,630.9655,326.3788,595.2313,0,0.6926416,0,0.7212819;
custom,cuboid,stone6,0.2,0.3,0.1,0,1,1,1,1,1,9.1099,5.169014,536.9867,0,0.6914077,0,0.7224649;
custom,house2,default,0.3,0.3,0.3,0,1,1,1,1,1,-8.512396,3.469267,518.5248,0,-0.04694054,0,0.9988977;
custom,cuboid,stone6,0.2,0.3,0.1,0,1,1,1,1,1,8.747831,4.966047,540.9891,0,0.6687072,0,0.7435259;
custom,house4,default,1,1,1,0,1,1,1,1,1,444.4172,34.46371,-316.2003,0,0.7319123,0,-0.6813989;
custom,tower1,default,1,1,1,0,1,1,1,1,1,-139.2691,90.41797,-456.7075,0,0.6995365,0,-0.7145969;
custom,tower1,default,1,1,1,0,1,1,1,1,1,-140.9964,89.15954,-357.2973,0,0.682454,0,-0.7309285;
customb,house1,default,1,1,1,0,1,1,1,1,1,168.4009,26.84644,-433.7354,0,-0.4149542,0,-0.9098423;
custom,house3,default,1,1,1,0,1,1,1,1,1,28.58405,35.96948,-452.9291,0,-0.7205581,0,-0.6933947;
customb,house1,default,1,1,1,0,1,1,1,1,1,93.94102,51.1674,-451.7405,0,0.7846867,0,-0.6198925;
custom,house4,default,1,1,1,0,1,1,1,1,1,-200.2464,35.24577,-521.2629,0,-0.005083908,0,-0.9999871;
custom,village1,default,1,1,1,0,1,1,1,1,1,224.417,86.62614,-549.0547,0,0.06332168,0,-0.9979932;
custom,cuboid,bark,9,0.5,30,0,1,1,1,1,1,505.1688,86.33617,-596.9353,0,0.7050235,0,-0.709184;
custom,cuboid,bark,9,0.5,30,0,1,1,1,1,1,205.7568,86.30866,-594.5714,0,0.7096589,0,0.7045456;
custom,house4,default,1,1,1,0,1,1,1,1,1,319.5743,85.36198,-614.0674,0,-0.00763588,0,-0.9999709;
customb,house1,default,1,1,1,0,1,1,1,1,1,384.2137,106.1981,-634.4495,0,0.7123111,0,-0.7018639;
custom,cylinder,bark,1,7,1,0,1,1,1,1,1,86.81653,16.09855,-581.4868,0,0.9444882,0,-0.3285456;
custom,cylinder,bark,1,7,1,0,1,1,1,1,1,231.2053,15.73236,-587.5992,0,0.9994954,0,0.03176401;
custom,cylinder,bark,1,7,1,0,1,1,1,1,1,593.1276,17.02986,-586.4216,0,0.9987879,0,0.04922113;
custom,cylinder,bark,1,7,1,0,1,1,1,1,1,411.5908,16.41612,-590.3375,0,0.9980772,0,-0.06198286;
custom,cuboid,bark,3,0.5,10,0,1,1,1,1,1,16.6834,58.32478,-583.8199,-0.2074754,0.6843489,0.2274235,0.6609835;
custom,cuboid,stone4,1,0.5,10,0,1,1,1,1,1,20.72446,-2.304714,503.5964,0,0.6997405,0,0.7143973;
custom,cuboid,stone4,1,0.5,7,0,1,1,1,1,1,-32.91924,-2.330011,532.5956,0,-0.016486,0,0.9998642;
custom,plane,stone4,1,0.5,7,0,1,1,1,1,1,-69.0026,0.05234447,543.3578,0,0.7017152,0,0.7124577;
custom,cuboid,stone4,1,0.5,4,0,1,1,1,1,1,-99.81303,-2.093368,564.9532,0,-0.00926015,0,0.9999571;
custom,cuboid,stone4,1,0.5,7,0,1,1,1,1,1,-127.8725,-2.41193,587.2055,0,0.6700276,0,0.7423363;
custom,cuboid,stone4,5,0.5,15,0,1,1,1,1,1,-236.3128,-2.2939,530.3537,0,0.3772473,0,0.9261127;
custom,cuboid,stone4,5,0.5,15,0,1,1,1,1,1,-326.5584,-2.418592,417.161,0,0.9592268,0,-0.2826375;
custom,cuboid,stone4,2,0.5,5,0,1,1,1,1,1,-369.6131,-2.297754,350.7189,0,0.8797789,0,0.4753832;
custom,cuboid,stone4,2,0.5,5,0,1,1,1,1,1,-328.2334,-2.311128,324.0426,0,0.8770637,0,0.4803741;
custom,cuboid,stone4,2,0.5,5,0,1,1,1,1,1,-289.7554,-2.290038,301.7647,0,0.8557715,0,0.5173541;
custom,cuboid,stone4,2,0.5,5,0,1,1,1,1,1,-246.8627,-2.447697,279.0165,0,0.8569876,0,0.515337;
custom,cuboid,stone4,2,0.5,5,0,1,1,1,1,1,-203.3111,-2.340259,256.2776,0,0.8552733,0,0.5181773;
custom,cuboid,stone4,2,0.5,5,0,1,1,1,1,1,-160.4589,-2.358496,234.0927,0,0.8536395,0,0.5208644;
custom,cuboid,stone4,2,0.5,5,0,1,1,1,1,1,-116.9136,-2.320127,211.6046,0,0.8524981,0,0.5227304;
custom,cuboid,stone4,2,0.5,5,0,1,1,1,1,1,-75.13181,-2.47619,190.2349,0,0.8520411,0,0.5234749;
custom,cuboid,stone4,2,0.5,5,0,1,1,1,1,1,-69.3516,-2.32229,184.0378,0,0.9685883,0,-0.24867;
custom,cuboid,stone4,2,0.5,5,0,1,1,1,1,1,-93.22626,-2.411954,140.0383,0,0.9701347,0,-0.242567;
custom,cuboid,stone4,2,0.5,5,0,1,1,1,1,1,-116.5648,-2.444577,96.66498,0,0.9685264,0,-0.2489108;
custom,cuboid,stone4,2,0.5,5,0,1,1,1,1,1,-140.5452,-2.426719,53.12448,0,0.9684864,0,-0.2490666;
custom,cuboid,stone4,2,0.5,5,0,1,1,1,1,1,-164.4414,-2.44136,9.8218,0,0.9680066,0,-0.2509253;
custom,cuboid,stone4,2,0.5,5,0,1,1,1,1,1,-177.7957,-2.465989,589.8516,0,0.7302918,0,0.6831354;
custom,cuboid,stone4,2,0.5,5,0,1,1,1,1,1,-169.8228,-2.475946,575.7881,0,0.4939541,0,0.8694879;
custom,cuboid,stone4,2,0.5,5,0,1,1,1,1,1,-253.4631,-2.368282,320.6561,0,0.2892082,0,0.9572662;
custom,cuboid,stone4,2,0.5,5,0,1,1,1,1,1,-226.0558,-2.284002,360.1625,0,0.3106863,0,0.9505126;
custom,cuboid,stone4,2,0.5,5,0,1,1,1,1,1,-128.8348,-2.406996,361.813,0,0.8833609,0,0.4686935;
custom,cuboid,stone4,2,0.5,5,0,1,1,1,1,1,-170.2796,-2.347145,388.4202,0,0.8716455,0,0.4901371;
custom,cuboid,stone4,2,0.5,5,0,1,1,1,1,1,-202.7286,-2.423002,390.6068,0,0.3360341,0,0.9418499;
custom,cuboid,stone4,2,0.5,5,0,1,1,1,1,1,-91.44547,-2.283319,334.1361,0,0.9032245,0,0.4291684;
custom,cuboid,stone4,2,0.5,5,0,1,1,1,1,1,-53.43714,-2.342062,302.3909,0,0.9090177,0,0.4167574;
custom,cuboid,stone4,2,0.5,5,0,1,1,1,1,1,-14.58717,-2.457817,271.9873,0,0.8891309,0,0.4576531;
custom,cuboid,stone4,2,0.5,5,0,1,1,1,1,1,25.08267,-2.370041,244.4959,0,0.8833502,0,0.4687137;
custom,cuboid,stone4,2,0.5,5,0,1,1,1,1,1,65.97604,-2.356031,215.9289,0,0.8902851,0,0.4554036;
custom,cuboid,stone4,2,0.5,5,0,1,1,1,1,1,-45.6577,-2.415825,227.1537,0,0.2491728,0,0.9684591;
custom,cuboid,stone4,2,0.5,5,0,1,1,1,1,1,-27.60388,-2.318492,260.5193,0,0.9695812,0,-0.2447699;
custom,cuboid,stone4,2,0.5,5,0,1,1,1,1,1,116.0655,-1.818009,-36.72744,0,0.9292269,0,-0.3695097;
custom,cuboid,stone4,2,0.5,5,0,1,1,1,1,1,101.6595,-1.804359,-23.12277,0,0.3642069,0,0.9313181;
custom,cuboid,stone4,2,0.5,5,0,1,1,1,1,1,87.50487,-1.843616,-10.2955,0,0.3672121,0,0.9301372;
customb,tree0,default,0.3,0.3,0.3,0,1,1,1,1,1,83.27729,20.91935,59.35595,0,0.4062191,0,-0.9137757;
custom,cuboid,stone4,2,0.5,5,0,1,1,1,1,1,105.3638,-1.805808,40.33119,0,0.3219139,0,0.9467689;
custom,cuboid,stone4,2,0.5,5,0,1,1,1,1,1,132.794,-1.809538,78.23033,0,0.2947693,0,0.9555685;
custom,cuboid,stone4,2,0.5,5,0,1,1,1,1,1,157.9451,-1.812812,118.2785,0,0.2621565,0,0.9650254;
custom,cuboid,stone4,2,0.5,5,0,1,1,1,1,1,157.9737,-2.316366,148.1122,0,0.4517693,0,-0.8921348;
custom,cuboid,stone4,2,0.5,5,0,1,1,1,1,1,119.7038,-2.463147,176.4147,0,0.4452223,0,-0.8954201;
custom,cuboid,stone4,2,0.5,5,0,1,1,1,1,1,90.54001,-2.274344,198.2669,0,0.4511599,0,-0.8924432;
custom,cuboid,stone4,2,0.5,5,0,1,1,1,1,1,197.352,32.26961,-121.245,0,0.9110835,0,-0.4122219;
custom,cuboid,stone4,2,0.5,5,0,1,1,1,1,1,198.5381,32.76817,-122.3057,0,0.9126258,0,-0.4087959;
custom,cuboid,stone4,2,0.5,5,0,1,1,1,1,1,219.7306,32.9455,-145.5189,0,0.9343548,0,0.3563442;
custom,cuboid,stone4,2,0.5,5,0,1,1,1,1,1,250.0816,32.94352,-179.9376,0,0.9381845,0,0.3461355;
custom,cuboid,stone4,2,0.5,5,0,1,1,1,1,1,281.2768,32.8243,-217.0898,0,0.9423701,0,0.3345724;
custom,cuboid,stone4,2,0.5,5,0,1,1,1,1,1,309.6203,32.77096,-255.514,0,0.9576628,0,0.2878922;
custom,cuboid,stone4,2,0.5,5,0,1,1,1,1,1,334.6165,32.81846,-297.1331,0,0.9697145,0,0.2442415;
custom,cuboid,stone4,2,0.5,5,0,1,1,1,1,1,344.9021,32.91351,-336.726,0,0.9998907,0,0.01478594;
custom,cuboid,stone4,2,0.5,5,0,1,1,1,1,1,335.9428,33.04864,-360.7239,0.0006312655,0.9772386,0.001343564,-0.2121384;
custom,cuboid,stone4,2,0.5,5,0,1,1,1,1,1,320.7022,33.3103,-381.9283,0,0.9490051,0,-0.3152606;
custom,cuboid,stone4,2,0.5,5,0,1,1,1,1,1,290.6943,33.38596,-418.2907,0,0.9331973,0,-0.3593645;
custom,cuboid,stone4,2,0.5,5,0,1,1,1,1,1,254.719,33.15083,-446.1754,0,0.8571178,0,-0.5151206;
custom,cuboid,stone4,2,0.5,5,0,1,1,1,1,1,214.6237,33.19117,-465.2539,0,0.8327255,0,-0.553686;
custom,cuboid,stone4,2,0.5,5,0,1,1,1,1,1,169.4973,33.25902,-480.1733,0,0.7860189,0,-0.6182025;
custom,cuboid,stone4,2,0.5,5,0,1,1,1,1,1,-1.628155,-2.328542,239.6036,0,0.8881605,0,0.4595335;
custom,cuboid,stone4,2,0.5,5,0,1,1,1,1,1,-15.20495,-2.461796,224.9688,0,0.8884407,0,0.4589913;
custom,cuboid,stone4,2,0.5,5,0,1,1,1,1,1,38.48995,-2.367007,211.3254,0,0.8905913,0,0.4548047;
custom,cuboid,stone4,2,0.5,5,0,1,1,1,1,1,78.40532,-2.415386,183.0384,0,0.8895163,0,0.4569034;
custom,cuboid,stone4,2,0.5,5,0,1,1,1,1,1,117.2597,-2.333526,154.369,0,0.8956521,0,0.4447555;
custom,cuboid,stone4,2,0.5,5,0,1,1,1,1,1,22.65793,-2.443577,198.4198,0,0.8877094,0,0.4604042;
custom,cuboid,stone4,2,0.5,5,0,1,1,1,1,1,62.96052,-2.377261,170.4935,0,0.8838969,0,0.4676819;
custom,cuboid,stone4,2,0.5,5,0,1,1,1,1,1,166.7771,-2.025117,135.696,0,0.9360014,0,0.3519963;
custom,cuboid,stone4,2,0.5,5,0,1,1,1,1,1,166.8718,-1.730538,132.2333,0,0.9531401,0,0.3025291;
custom,cuboid,stone4,2,0.5,5,0,1,1,1,1,1,153.1239,-2.272647,126.0966,0,0.902737,0,0.430193;
custom,cuboid,stone4,2,0.5,5,0,1,1,1,1,1,154.4811,-2.155415,122.2572,0,0.926299,0,0.3767892;
custom,cuboid,stone4,2,0.5,5,0,1,1,1,1,1,156.4234,-1.982091,117.7155,0,0.9437436,0,0.3306781;
custom,cuboid,stone4,2,0.5,5,0,1,1,1,1,1,156.6792,-1.812091,116.4458,0,0.9476017,0,0.3194545;
custom,cuboid,stone4,2,0.5,5,0,1,1,1,1,1,170.6394,-1.839134,98.11315,0,0.9822231,0,-0.1877172;
custom,cuboid,stone4,2,0.5,5,0,1,1,1,1,1,146.9923,-1.831377,59.14602,0,0.9377408,0,-0.3473358;
custom,cuboid,stone4,2,0.5,5,0,1,1,1,1,1,117.4173,-1.870241,24.8875,0,0.9356017,0,-0.3530572;
custom,cuboid,stone4,2,0.5,5,0,1,1,1,1,1,147.4162,-1.768412,78.33785,0,0.9599311,0,-0.2802365;
custom,cuboid,stone4,2,0.5,5,0,1,1,1,1,1,120.4187,-1.748982,45.85129,0,0.9410926,0,-0.338149;
custom,cuboid,stone4,4,0.5,10,0,1,1,1,1,1,-215.4823,-2.326204,325.0479,0,0.3001019,0,0.9539071;
custom,cuboid,stone4,4,0.5,10,0,1,1,1,1,1,-182.2948,-2.405666,306.5696,0,0.3006007,0,0.9537501;
custom,cuboid,stone4,4,0.5,10,0,1,1,1,1,1,-172.9167,-2.420856,369.5597,0,0.8896447,0,0.4566535;
custom,cuboid,stone2,5,50,70,0,1,1,1,1,1,659.588,81.0809,326.54,0,0.9999996,0,0.0008929491;
custom,house3,stone2,1,1,1,0,1,1,1,1,1,435.4456,88.68475,-616.0704,0,0.999658,0,-0.02615485;
custom,village1,default,1,1,1,0,1,1,1,1,1,579.343,88.04109,-554.1337,0,5.006721E-05,0,1;
customb,house1,default,1,1,1,0,1,1,1,1,1,-70.06953,14.67379,444.4351,0,0.9116891,0,0.4108808;
custom,house4,default,1,1,1,0,1,1,1,1,1,-107.0897,-3.563157,473.5143,0,0.9311165,0,0.3647221;
customb,tree0,default,0.6,0.6,0.6,0,1,1,1,1,1,-74.21288,30.48142,616.2045,0,-0.09701974,0,-0.9952825;
customb,tree0,default,0.3,0.3,0.3,0,1,1,1,1,1,-98.10831,21.44282,609.747,0,0.538881,0,0.8423819;
customb,tree0,default,0.3,0.3,0.3,0,1,1,1,1,1,-117.4121,8.597698,556.7137,0,0.5363793,0,0.8439771;
custom,tree1,default,0.3,0.3,0.3,0,1,1,1,1,1,-82.73996,-7.374338,529.5882,0,0.613008,0,0.7900768;
customb,tree0,default,0.3,0.3,0.3,0,1,1,1,1,1,-58.96661,17.48967,526.6751,0,0.7473027,0,0.6644838;
custom,cuboid,stone2,3,1,5,0,1,1,1,1,1,-35.20417,-1.413128,-92.70783,0,0.6504291,0,0.759567;
custom,cannon1,default,1,1,1,0,1,1,1,1,1,-34.12053,3.151997,-91.62844,0,0.6696535,0,0.7426738;
custom,village1,default,1,1,1,0,1,1,1,1,1,509.1752,-1.408798,211.5492,0,-0.005265967,0,0.9999861;
custom,house4,default,1,1,1,0,1,1,1,1,1,371.8493,-0.7417645,151.9139,0,-0.02881989,0,-0.9995847;
customb,house1,default,1,1,1,0,1,1,1,1,1,344.7789,5.395185,56.55682,0,-0.01281274,0,0.999918;
customb,tree0,default,0.3,0.3,0.3,0,1,1,1,1,1,-165.1629,21.30954,474.1077,0,0.73977,0,0.6728598;
custom,tree1,default,0.3,0.3,0.3,0,1,1,1,1,1,-157.4064,-1.990873,456.0704,0,0.9688579,0,-0.2476176;
customb,tree0,default,0.3,0.3,0.3,0,1,1,1,1,1,-144.1931,21.50854,458.9135,0,0.9771999,0,0.2123218;
customb,tree0,default,0.3,0.3,0.3,0,1,1,1,1,1,-331.4197,21.91065,349.9223,0,0.8617083,0,-0.507404;
custom,tree1,default,0.3,0.3,0.3,0,1,1,1,1,1,-285.7291,-1.630629,422.6972,0,0.7585947,0,0.6515629;
customb,tree0,default,0.3,0.3,0.3,0,1,1,1,1,1,-28.70382,21.76557,212.5838,0,0.8752691,0,0.4836364;
custom,leaf0,default,1,1,1,0,1,1,1,1,1,-55.63903,58.52383,259.5187,-0.02683789,0.4696637,-0.1478986,0.8699551;
custom,leaf0,default,1,1,1,0,1,1,1,1,1,-95.07356,76.71082,292.6627,0.01699801,0.7058051,0.04746695,-0.7066097;
custom,leaf0,default,1,1,1,0,1,1,1,1,1,-102.7413,88.84505,243.7877,-0.0927,0.3961808,-0.0929315,0.9087416;
custom,leaf0,default,1,1,1,0,1,1,1,1,1,-67.83135,57.65634,256.1899,-0.01706859,0.3964929,-0.03947714,0.9170299;
custom,leaf0,default,0.5,0.5,0.5,0,1,1,1,1,1,-126.9736,125.0431,293.3759,0,0.9988022,0,0.04893053;
custom,cuboid,bark,3.5,1,3.5,0,1,1,1,1,1,144.5423,37.38272,-303.3667,0,0.4430691,0,0.8964875;
custom,cuboid,bark,4,1,4,0,1,1,1,1,1,144.6042,33.30276,-303.5182,0,0.4498628,0,0.8930978;
custom,cylinder,bark,0.3,1,0.3,0,1,1,1,1,1,140.3058,51.80528,-291.7849,0,0.9122151,0,0.4097116;
custom,cylinder,bark,0.3,1,0.3,0,1,1,1,1,1,153.8484,51.81805,-308.2391,0,0.4452296,0,0.8954164;
custom,cylinder,bark,0.3,1,0.3,0,1,1,1,1,1,147.0255,60.64294,-299.9065,-0.2950486,0.2900244,-0.6467378,0.6407515;
custom,cuboid,bark,0.3,1,0.3,0,1,1,1,1,1,146.6205,41.01493,-300.6512,0,0.4576872,0,0.8891134;
custom,cylinder,empty,0.1,0.4,0.1,1,1,1,0.5227273,1,1,147.7422,56.38668,-300.1136,0,0.9986871,0,-0.05122545;
custom,cuboid,stone4,8,1,8,0,1,1,0.5227273,1,1,146.2697,31.47279,-301.6199,0,0.4493705,0,0.8933455;
custom,cuboid,stone4,2,1,7,0,1,1,0.5227273,1,1,88.59892,31.54472,-336.8839,0,0.5334348,0,0.8458412;
custom,cuboid,stone4,2,1,7,0,1,1,0.5227273,1,1,26.12707,31.52587,-361.295,0,0.5923267,0,0.805698;
custom,cuboid,stone4,2,1,7,0,1,1,0.5227273,1,1,-39.59026,31.41957,-381.0976,0,0.7996122,0,-0.6005167;
custom,cuboid,stone4,2,1,7,0,1,1,0.5227273,1,1,-153.1061,31.60925,-408.3065,0,0.01769193,0,-0.9998435;
custom,cuboid,stone4,2,1,7,0,1,1,0.5227273,1,1,-133.6164,31.37698,-407.2762,0,-0.01395477,0,0.9999026;
custom,cuboid,stone4,2,1,7,0,1,1,0.5227273,1,1,-113.7306,31.37317,-406.7736,0,-0.01309074,0,0.9999143;
custom,cuboid,stone4,2,1,7,0,1,1,0.5227273,1,1,-94.48471,31.33403,-406.2083,0,0.0160588,0,-0.9998711;
custom,cuboid,stone4,2,1,7,0,1,1,0.5227273,1,1,-102.0753,31.2969,-398.1822,0,0.611939,0,0.7909049;
custom,cuboid,stone4,1,1,7,0,1,1,0.5227273,1,1,105.0908,-4.965799,505.073,0,0.7027969,0,0.7113906;
custom,cuboid,stone4,1,1,7,0,1,1,0.5227273,1,1,174.2154,-4.802776,505.9531,0,0.702858,0,0.7113302;
custom,cuboid,stone4,1,1,7,0,1,1,0.5227273,1,1,242.7372,-4.775108,506.5718,0,0.7065097,0,0.7077035;
custom,cuboid,stone4,1,1,7,0,1,1,0.5227273,1,1,308.3411,-4.608057,506.7582,0,0.7062003,0,0.7080122;
custom,cuboid,stone4,1,1,7,0,1,1,0.5227273,1,1,377.6547,-4.633256,507.3832,0,0.7015501,0,0.7126202;
custom,cuboid,grass,10,1,20,1,1,1,0.5227273,1,1,291.4156,-2.689552,565.9621,0,0.7013997,0,0.7127681;
custom,cuboid,grass,8,1,8,1,1,1,0.5227273,1,1,234.5706,-2.679189,459.733,0,0.005882444,0,0.9999828;
custom,cuboid,grass,8,1,8,1,0,0.4545454,0.01136367,1,1,322.1382,-3.52156,458.8445,0,0.7050081,0,0.7091994;
custom,sphere,empty,0.1,0.1,0.1,1,1,0,0.01136367,1,1,293.3654,1.574503,487.4516,0,0.9901653,0,-0.1399025;
custom,sphere,empty,0.1,0.1,0.1,1,1,0,0.01136367,1,1,313.9621,1.575596,448.9964,0,0.8728524,0,0.4879843;
custom,sphere,empty,0.1,0.1,0.1,1,1,0,0.01136367,1,1,316.202,1.235596,465.38,0,0.8728524,0,0.4879843;
custom,sphere,empty,0.1,0.1,0.1,1,1,0,0.01136367,1,1,326.5637,1.065596,451.8034,0,0.873915,0,0.4860788;
custom,sphere,empty,0.1,0.1,0.1,1,1,0,0.01136367,1,1,313.0385,1.531077,481.2377,0,0.8619983,0,0.5069113;
custom,sphere,empty,0.1,0.1,0.1,1,1,0,0.01136367,1,1,326.2732,1.279464,476.45,0,0.651657,0,0.7585139;
custom,sphere,empty,0.1,0.1,0.1,1,1,0,0.01136367,1,1,298.791,1.109464,471.8577,0,0.651657,0,0.7585139;
custom,sphere,empty,0.1,0.1,0.1,1,1,0,0.01136367,1,1,291.6516,1.454817,434.6148,0,0.6179484,0,0.7862187;
custom,sphere,empty,0.1,0.1,0.1,1,1,0,0.01136367,1,1,292.6039,1.114817,449.7175,0,0.6179484,0,0.7862187;
custom,sphere,empty,0.1,0.1,0.1,1,1,0,0.01136367,1,1,304.5427,1.284817,429.9437,0,0.6179484,0,0.7862187;
custom,sphere,empty,0.1,0.1,0.1,1,1,0,0.01136367,1,1,286.6069,1.683659,423.5486,0,0.7045285,0,0.7096757;
custom,sphere,empty,0.1,0.1,0.1,1,1,0,0.01136367,1,1,299.5657,1.436608,443.2074,0,0.5723809,0,0.8199879;
custom,sphere,empty,0.1,0.1,0.1,1,1,0,0.01136367,1,1,321.7362,1.606608,434.3674,0,0.5723809,0,0.8199879;
custom,sphere,empty,0.1,0.1,0.1,1,1,0,0.01136367,1,1,306.6295,1.398217,439.071,0,0.6516539,0,0.7585165;
custom,sphere,empty,0.1,0.1,0.1,1,1,0,0.01136367,1,1,356.3788,1.614712,424.9309,0,0.5144232,0,-0.8575365;
custom,sphere,empty,0.1,0.1,0.1,1,1,0,0.01136367,1,1,351.0909,1.280366,433.5742,0,0.5458671,0,-0.8378717;
custom,sphere,empty,0.1,0.1,0.1,1,1,0,0.01136367,1,1,342.7538,1.56716,426.8942,0,0.4918043,0,-0.8707058;
custom,sphere,empty,0.1,0.1,0.1,1,1,0,0.01136367,1,1,340.1313,1.14367,438.9556,0,0.5477087,0,-0.8366691;
custom,sphere,empty,0.1,0.1,0.1,1,1,0,0.01136367,1,1,329.3234,1.31367,426.8731,0,0.554989,0,-0.8318577;
custom,sphere,empty,0.1,0.1,0.1,1,1,0,0.01136367,1,1,352.1498,1.140698,449.5783,0,0.6030012,0,-0.7977403;
custom,sphere,empty,0.1,0.1,0.1,1,1,0,0.01136367,1,1,341.5218,1.010722,453.2343,0,0.4436248,0,-0.8962126;
custom,sphere,empty,0.1,0.1,0.1,1,1,0,0.01136367,1,1,355.4207,1.669932,463.3439,0,0.3981212,0,-0.9173328;
custom,sphere,empty,0.1,0.1,0.1,1,1,0,0.01136367,1,1,347.0271,1.292973,443.5629,0,0.3475226,0,-0.9376717;
custom,sphere,empty,0.1,0.1,0.1,1,1,0,0.01136367,1,1,343.7072,1.122481,468.4242,0,0.4298992,0,-0.9028769;
custom,sphere,empty,0.1,0.1,0.1,1,1,0,0.01136367,1,1,352.0536,1.379248,494.0363,0,0.9445887,0,-0.3282565;
custom,sphere,empty,0.1,0.1,0.1,1,1,0,0.01136367,1,1,356.5622,1.376629,485.9969,0,0.8212707,0,-0.5705388;
custom,sphere,empty,0.1,0.1,0.1,1,1,0,0.01136367,1,1,345.0436,1.206629,479.8945,0,0.8212707,0,-0.5705388;
custom,sphere,empty,0.1,0.1,0.1,1,1,0,0.01136367,1,1,341.9548,1.376629,491.7264,0,0.8212707,0,-0.5705388;
custom,sphere,empty,0.1,0.1,0.1,1,1,0,0.01136367,1,1,333.4663,1.151525,486.1296,0,0.7698145,0,-0.6382677;
custom,sphere,empty,0.1,0.1,0.1,1,1,0,0.01136367,1,1,335.3403,1.294245,475.0804,0,0.9999989,0,0.001522497;
custom,cuboid,bark,0.1,1,20,0,1,0,0.01136367,1,1,292.264,-3.2759,515.8182,0,-0.7136586,0,0.7004938;
custom,cuboid,bark,0.1,1,20,0,1,0,0.01136367,1,1,290.6792,-3.387882,616.7809,0,0.6993568,0,0.7147728;
custom,cuboid,bark,0.1,1,10,0,1,0,0.01136367,1,1,391.5606,-3.466392,567.3597,0,0.01179821,0,-0.9999304;
custom,cuboid,bark,0.1,1,10,0,1,0,0.01136367,1,1,191.1134,-2.953789,563.6947,0,-0.007918229,0,0.9999687;
custom,cuboid,bark,8.2,1,8.2,0,1,0,0.01136367,1,1,235.3453,-3.604215,459.0802,0,0.7105505,0,0.7036462;
custom,cuboid,bark,8.2,1,8.2,0,1,0,0.01136367,1,1,322.7894,-4.456361,458.3789,0,0.999988,0,0.004911798;
custom,cuboid,stone6,0.2,0.3,0.1,0,1,0,0.01136367,1,1,8.333407,5.290531,544.6974,0,0.6716117,0,0.7409034;
custom,cuboid,stone6,0.2,0.3,0.1,0,1,0,0.01136367,1,1,95.3569,4.294008,594.719,0,0.6839243,0,0.729553;
custom,cuboid,stone6,0.2,0.3,0.1,0,1,0,0.01136367,1,1,95.13268,4.172964,600.3066,0,0.6996765,0,0.7144598;
custom,cuboid,stone6,0.2,0.3,0.1,0,1,0,0.01136367,1,1,95.27409,4.93644,603.3002,0,0.7286816,0,0.6848527;
custom,cuboid,stone6,0.2,0.3,0.1,0,1,0,0.01136367,1,1,94.95152,4.905147,606.6783,0,0.7012323,0,0.7129329;
custom,cuboid,stone6,0.2,0.3,0.1,0,1,0,0.01136367,1,1,95.16685,4.623472,592.2134,0,0.671084,0,0.7413813;
custom,cuboid,stone6,0.2,0.3,0.1,0,1,0,0.01136367,1,1,95.39185,4.539908,589.8549,0,0.7089648,0,0.7052439;
custom,cuboid,stone6,0.2,0.3,0.1,0,1,0,0.01136367,1,1,95.32043,4.539908,576.2562,0,0.7089648,0,0.7052439;
customb,tree0,default,0.4,0.4,0.4,0,1,0,0.01136367,1,1,175.5067,28.61243,491.0319,0,0.8329057,0,0.553415;
customb,tree0,default,0.4,0.4,0.4,0,1,0,0.01136367,1,1,142.5996,23.79489,491.4871,0,0.7453957,0,0.6666223;
customb,tree0,default,0.4,0.4,0.4,0,1,0,0.01136367,1,1,80.6491,27.50596,492.0085,0,0.8858188,0,0.4640312;
custom,tree1,default,0.4,0.4,0.4,0,1,0,0.01136367,1,1,101.8799,-5.699461,491.7897,0,0.9999653,0,0.008337834;
customb,tree0,default,0.4,0.4,0.4,0,1,0,0.01136367,1,1,121.2155,22.72174,491.9852,0,0.9612237,0,0.2757701;
customb,tree0,default,0.4,0.4,0.4,0,1,0,0.01136367,1,1,370.5329,29.31048,494.5698,0,0.856233,0,0.5165899;
customb,tree0,default,0.4,0.4,0.4,0,1,0,0.01136367,1,1,-295.5582,28.2495,218.2947,0,0.02869315,0,0.9995883;