custom,cylinder,stone1,10,1,10,0,1,1,1,1,1,-27.23109,269.0245,-151.1752,0,0.003074554,0,-0.9999953;
custom,sphere,bark,10,5,10,0,1,1,1,1,1,-30.26633,246.8209,-146.179,0,0.001271336,0,0.9999992;
custom,cylinder,grass,9,1,9,0,1,1,1,1,1,-27.49053,269.1896,-151.6361,0,0.001226036,0,0.9999993;
custom,tower2,stone1,0.5,0.5,0.5,0,1,1,1,1,1,-83.52997,271.0373,-151.4332,0,0.7079514,0,0.7062613;
custom,tower2,stone1,0.5,0.5,0.5,0,1,1,1,1,1,-73.31662,270.9943,-117.9929,0,0.8905535,0,0.4548785;
custom,tower2,stone1,0.5,0.5,0.5,0,1,1,1,1,1,-45.33907,270.9653,-97.27931,0,0.9853863,0,0.170335;
custom,tower2,stone1,0.5,0.5,0.5,0,1,1,1,1,1,-9.984335,271.1053,-96.94312,0,0.9887886,0,-0.1493223;
custom,tower2,stone1,0.5,0.5,0.5,0,1,1,1,1,1,-72.69234,271.0101,-184.6494,0,0.4374621,0,0.8992369;
custom,tower2,stone1,0.5,0.5,0.5,0,1,1,1,1,1,-44.68925,271.0215,-204.9826,0,0.1726523,0,0.9849828;
custom,tower2,stone1,0.5,0.5,0.5,0,1,1,1,1,1,-9.700473,270.955,-205.175,0,0.1445164,0,-0.9895024;
custom,tower2,stone1,0.5,0.5,0.5,0,1,1,1,1,1,18.77055,270.9348,-183.9801,0,0.4607536,0,-0.8875281;
custom,tower2,stone1,0.5,0.5,0.5,0,1,1,1,1,1,29.76021,271.1513,-151.2614,0,0.7063263,0,-0.7078864;
custom,tower2,stone1,0.5,0.5,0.5,0,1,1,1,1,1,17.77712,271.0564,-117.8414,0,0.8924854,0,-0.4510764;
custom,cylinder,stone1,3,0.1,3,0,0.2386364,0.2386364,0.2386364,1,1,29.03752,232.5073,-73.49772,0,0.9941984,0,-0.1075615;
custom,cylinder,stone1,3,0.1,3,0,0.2386364,0.2386364,0.2386364,1,1,-26.42624,273.7061,-96.92727,0,0.9988064,0,-0.04884604;
custom,cylinder,stone1,3,0.1,3,0,0.2386364,0.2386364,0.2386364,1,1,4.759573,254.8552,-91.21696,0,0.9992797,0,-0.03794705;
custom,cylinder,stone1,3,0.1,3,0,0.2386364,0.2386364,0.2386364,1,1,27.8488,186.7776,-11.65198,0,0.9974694,0,0.07109655;
custom,cylinder,stone1,3,0.1,3,0,0.2386364,0.2386364,0.2386364,1,1,44.22407,205.907,-49.72304,0,0.9941984,0,-0.1075615;
custom,cone,stone1,3,0.1,3,1,0.2386364,0.2386364,0.2386364,1,1,-35.51395,352.1392,-147.804,0,0.9875449,0,-0.1573375;
custom,cylinder,stone1,3,0.1,3,0,0.2386364,0.2386364,0.2386364,1,1,-15.13262,166.0477,-14.52053,0,0.8379349,0,0.5457703;
custom,cylinder,stone1,3,0.1,3,0,0.2386364,0.2386364,0.2386364,1,1,-56.24157,145.5885,-34.00056,0,0.4547312,0,0.8906288;
custom,cylinder,stone1,3,0.1,3,0,0.2386364,0.2386364,0.2386364,1,1,-94.08916,129.4087,-18.04596,0,0.1426802,0,-0.9897689;
custom,cylinder,stone1,3,0.1,3,0,0.2386364,0.2386364,0.2386364,1,1,-117.2369,110.4464,23.17267,0,0.76832,0,-0.6400659;
custom,cylinder,stone1,3,0.1,3,0,0.2386364,0.2386364,0.2386364,1,1,-106.8799,82.1713,50.81135,0,0.99573,0,-0.09231392;
custom,cylinder,stone1,3,0.1,3,0,0.2386364,0.2386364,0.2386364,1,1,-74.30432,50.59603,56.71025,0,0.8642441,0,0.5030727;
custom,cylinder,stone1,3,0.1,3,0,0.2386364,0.2386364,0.2386364,1,1,-35.12865,30.10981,47.50207,0,0.4154309,0,0.9096248;
custom,tower1,stone1,0.5,0.5,0.5,0,0.2386364,0.2386364,0.2386364,1,1,-9.706362,5.991826,13.74674,0,0.9999999,0,0.0004891912;
custom,tower1,stone1,0.5,0.5,0.5,0,0.2386364,0.2386364,0.2386364,1,1,-3.105627,5.991826,12.95489,0,0.9999999,0,0.0004891912;
custom,sphere,stone1,1,1,1,0,0.2386364,0.2386364,0.2386364,1,1,-34.31883,47.96562,48.89468,0,0.04510365,0,-0.9989823;
custom,sphere,stone1,1,1,1,0,0.2386364,0.2386364,0.2386364,1,1,-75.65176,65.71579,58.00049,0,0.7835371,0,-0.6213449;
custom,sphere,stone1,1,1,1,0,0.2386364,0.2386364,0.2386364,1,1,-107.3991,98.02892,49.95235,0,0.9210899,0,-0.3893498;
custom,sphere,stone1,1,1,1,0,0.2386364,0.2386364,0.2386364,1,1,-116.8774,124.7752,22.73819,0,0.9216178,0,0.3880987;
custom,sphere,stone1,1,1,1,0,0.2386364,0.2386364,0.2386364,1,1,-93.83266,142.3818,-15.44168,0,0.8281909,0,0.5604461;
custom,sphere,stone1,1,1,1,0,0.2386364,0.2386364,0.2386364,1,1,-56.67702,158.6815,-33.23734,0,0.4172843,0,0.908776;
custom,sphere,stone1,1,1,1,0,0.2386364,0.2386364,0.2386364,1,1,-14.57019,180.3511,-14.2981,0,0.7479498,0,0.6637554;
custom,sphere,stone1,1,1,1,0,0.2386364,0.2386364,0.2386364,1,1,26.96111,203.4255,-11.86747,0,0.9666573,0,0.2560736;
custom,sphere,stone1,1,1,1,0,0.2386364,0.2386364,0.2386364,1,1,43.76698,224.6963,-49.97897,0,0.9416902,0,-0.3364812;
custom,sphere,stone1,1,1,1,0,0.2386364,0.2386364,0.2386364,1,1,29.88723,248.7004,-74.30172,0,0.8073509,0,-0.5900716;
custom,sphere,stone1,1,1,1,0,0.2386364,0.2386364,0.2386364,1,1,4.558289,272.2514,-90.24798,0,0.9586367,0,-0.2846326;
custom,sphere,stone1,2,2,2,0,0.2386364,0.2386364,0.2386364,1,1,-27.78498,277.4813,-151.3014,0,0.9897764,0,-0.1426277;
custom,cylinder,stone1,2,0.1,2,0,0.2386364,0.2386364,0.2386364,1,1,-27.78268,289.3283,-149.8758,0,0.9999884,0,0.004809838;
custom,tower2,stone1,0.7,0.1,0.7,0,0.2386364,0.2386364,0.2386364,1,1,-27.99701,287.0049,-134.0221,0,0.9999942,0,0.003422512;
base,aot_supply,-27.98622,291.0872,-146.3732,0,0.9999938,0,0.003523356;
base,aot_supply,-31.32183,291.1236,-149.9384,0,0.7052253,0,0.7089834;
base,aot_supply,-27.90062,291.1331,-153.2843,0,0.0003760635,0,0.9999999;
base,aot_supply,-24.37634,291.112,-150.1767,0,0.7129968,0,-0.7011672;
custom,cylinder,stone1,0.9,0.1,0.3,0,0.2386364,0.2386364,0.2386364,1,1,-27.781,277.8801,-102.1423,0,0.9996619,0,0.02600455;
custom,cylinder,stone1,0.9,0.1,0.3,0,0.2386364,0.2386364,0.2386364,1,1,-27.8127,277.6367,-101.8778,0,0.9998505,0,0.01729088;
custom,cylinder,stone1,0.9,0.1,0.3,0,0.2386364,0.2386364,0.2386364,1,1,-27.74357,277.4364,-101.5625,0,0.9998505,0,0.01729088;
custom,cylinder,stone1,0.9,0.1,0.3,0,0.2386364,0.2386364,0.2386364,1,1,-27.79568,277.2764,-101.2122,0,0.9998505,0,0.01729088;
custom,cylinder,stone1,0.9,0.1,0.3,0,0.2386364,0.2386364,0.2386364,1,1,-27.71413,277.0841,-100.8377,0,1,0,-0.000160857;
custom,cylinder,stone1,0.9,0.1,0.3,0,0.2386364,0.2386364,0.2386364,1,1,-27.68614,276.9212,-100.5196,0,0.9999775,0,-0.006704562;
custom,cylinder,stone1,0.9,0.1,0.3,0,0.2386364,0.2386364,0.2386364,1,1,-27.68305,276.7609,-100.2878,0,0.9999775,0,-0.006704562;
custom,cylinder,stone1,0.9,0.1,0.3,0,0.2386364,0.2386364,0.2386364,1,1,-27.63943,276.6407,-100.0179,0,0.9999775,0,-0.006704562;
custom,cylinder,stone1,0.9,0.1,0.3,0,0.2386364,0.2386364,0.2386364,1,1,-27.62605,276.4985,-99.74095,0,0.9999776,0,-0.00669896;
custom,cylinder,stone1,0.9,0.1,0.3,0,0.2386364,0.2386364,0.2386364,1,1,-27.51986,276.2994,-99.49892,0,0.9997738,0,-0.02127029;
custom,cylinder,stone1,0.9,0.1,0.3,0,0.2386364,0.2386364,0.2386364,1,1,-27.56241,276.1272,-99.28015,0,0.9994097,0,-0.03435504;
custom,cylinder,stone1,0.9,0.1,0.3,0,0.2386364,0.2386364,0.2386364,1,1,-27.46443,276.0064,-99.07916,0,0.9990416,0,-0.04377258;
custom,cylinder,stone1,0.9,0.1,0.3,0,0.2386364,0.2386364,0.2386364,1,1,-27.40942,275.8472,-98.90903,0,0.9990416,0,-0.04377258;
custom,cylinder,stone1,0.9,0.1,0.3,0,0.2386364,0.2386364,0.2386364,1,1,-27.27463,275.6873,-98.74622,0,0.9990416,0,-0.04377258;
custom,cylinder,stone1,0.9,0.1,0.3,0,0.2386364,0.2386364,0.2386364,1,1,-27.21954,275.5663,-98.57642,0,0.9990416,0,-0.04377258;
custom,cylinder,stone1,0.9,0.1,0.3,0,0.2386364,0.2386364,0.2386364,1,1,-27.20127,275.327,-98.36832,0,0.9990416,0,-0.04377258;
custom,cylinder,stone1,0.9,0.1,0.3,0,0.2386364,0.2386364,0.2386364,1,1,-27.17994,275.1269,-98.12565,0,0.9990416,0,-0.04377258;
custom,cylinder,stone1,0.9,0.1,0.3,0,0.2386364,0.2386364,0.2386364,1,1,-27.16172,275.0072,-97.91735,0,0.9990416,0,-0.04377258;
custom,cylinder,stone1,0.9,0.1,0.3,0,0.2386364,0.2386364,0.2386364,1,1,-27.14643,274.8068,-97.74421,0,0.9990416,0,-0.04377258;
custom,cylinder,stone1,0.9,0.1,0.3,0,0.2386364,0.2386364,0.2386364,1,1,-27.13126,274.687,-97.57061,0,0.9990416,0,-0.04377258;
custom,cylinder,stone1,0.9,0.1,0.3,0,0.2386364,0.2386364,0.2386364,1,1,-27.11604,274.4871,-97.39719,0,0.9990416,0,-0.04377258;
custom,cylinder,stone1,0.9,0.1,0.3,0,0.2386364,0.2386364,0.2386364,1,1,-27.10081,274.287,-97.22378,0,0.9990416,0,-0.04377258;
custom,cylinder,stone1,0.9,0.1,0.3,0,0.2386364,0.2386364,0.2386364,1,1,-27.08254,274.087,-97.01571,0,0.9990416,0,-0.04377258;
custom,cylinder,stone1,0.9,0.1,0.3,0,0.2386364,0.2386364,0.2386364,1,1,-27.05819,273.9266,-96.73824,0,0.9990416,0,-0.04377258;
custom,cylinder,stone1,0.5,0.2,0.5,0,0.2386364,0.2386364,0.2386364,1,1,-17.45651,276.4683,-95.30846,0,0.999135,0,-0.04158399;
custom,cylinder,stone1,0.5,0.2,0.5,0,0.2386364,0.2386364,0.2386364,1,1,-34.97554,276.5086,-93.59396,0,0.999135,0,-0.04158399;
custom,cylinder,grass,0.3,0.2,0.3,0,0.2386364,0.2386364,0.2386364,1,1,-34.99581,276.5277,-93.54771,0,0.9983849,0,-0.056812;
custom,cylinder,grass,0.3,0.2,0.3,0,0.2386364,0.2386364,0.2386364,1,1,-17.42738,276.5054,-95.19945,0,0.9994684,0,0.03260221;
customb,tree0,grass,0.05,0.03,0.05,0,0.2386364,0.2386364,0.2386364,1,1,-34.9954,280.7394,-93.474,0,0.9989454,0,-0.04591547;
customb,tree0,grass,0.05,0.03,0.05,0,0.2386364,0.2386364,0.2386364,1,1,-17.27128,280.6985,-95.07291,0,0.9880093,0,-0.1543941;
custom,leaf0,default,0.06,0.03,0.06,0,0.2386364,0.2386364,0.2386364,1,1,-33.49275,280.8091,-92.45044,0.1605585,0.8338144,0.3167367,-0.4226728;
custom,leaf0,default,0.06,0.03,0.06,0,0.2386364,0.2386364,0.2386364,1,1,-34.83139,280.6922,-91.98238,0.007067533,0.8442541,0.5357809,-0.01113665;
custom,leaf0,default,0.06,0.03,0.06,0,0.2386364,0.2386364,0.2386364,1,1,-36.12178,280.5503,-92.90664,-0.216582,0.7754894,0.3517776,0.4774525;
custom,leaf0,default,0.06,0.03,0.06,0,0.2386364,0.2386364,0.2386364,1,1,-36.54169,280.1804,-94.89748,-0.3153632,0.1948822,0.06634334,0.9263722;
custom,leaf0,default,0.06,0.03,0.06,0,0.2386364,0.2386364,0.2386364,1,1,-33.54162,280.7546,-94.84042,0.4361974,0.3389781,0.1817585,-0.8135045;
custom,leaf0,default,0.06,0.03,0.06,0,0.2386364,0.2386364,0.2386364,1,1,-36.089,281.1654,-94.17286,-0.4136532,0.5520105,0.1558566,0.7070249;
custom,leaf0,default,0.06,0.03,0.06,0,0.2386364,0.2386364,0.2386364,1,1,-34.8916,280.9878,-95.27194,0.3454824,0.06225435,-0.04833419,-0.9351097;
custom,leaf0,default,0.06,0.03,0.06,0,0.2386364,0.2386364,0.2386364,1,1,-34.77739,282.1395,-92.32098,0.02930296,0.9286548,0.3620676,-0.07515819;
custom,leaf0,default,0.06,0.03,0.06,0,0.2386364,0.2386364,0.2386364,1,1,-35.75407,281.9267,-93.08984,-0.1024064,0.8641346,0.1956922,0.4522044;
custom,leaf0,default,0.06,0.03,0.06,0,0.2386364,0.2386364,0.2386364,1,1,-35.14454,282.1443,-94.43391,-0.4518032,0.08735775,0.04451101,0.8867137;
custom,leaf0,default,0.06,0.03,0.06,0,0.2386364,0.2386364,0.2386364,1,1,-34.25325,282.1291,-93.67481,0.3840908,0.4955564,0.2590707,-0.7346976;
custom,leaf0,default,0.06,0.03,0.06,0,0.2386364,0.2386364,0.2386364,1,1,-35.47005,282.6734,-93.50703,-0.243109,0.7460471,0.3587276,0.5055949;
custom,leaf0,default,0.06,0.03,0.06,0,0.2386364,0.2386364,0.2386364,1,1,-34.65735,282.8259,-92.95537,0.226251,0.7661334,0.4824601,-0.3592804;
custom,leaf0,default,0.06,0.03,0.06,0,0.2386364,0.2386364,0.2386364,1,1,-34.85613,282.7828,-93.92328,0.5156702,0.2309276,0.1466643,-0.8119398;
custom,leaf0,default,0.06,0.03,0.06,0,0.2386364,0.2386364,0.2386364,1,1,-16.23272,280.5061,-93.76557,0.1772328,0.8223882,0.3957887,-0.3682627;
custom,leaf0,default,0.06,0.03,0.06,0,0.2386364,0.2386364,0.2386364,1,1,-18.0884,280.5856,-93.45158,-0.1259107,0.8500244,0.4538708,0.2358098;
custom,leaf0,default,0.06,0.03,0.06,0,0.2386364,0.2386364,0.2386364,1,1,-18.97451,280.7225,-95.86591,-0.3664704,0.4086951,0.183675,0.8154332;
custom,leaf0,default,0.06,0.03,0.06,0,0.2386364,0.2386364,0.2386364,1,1,-17.89821,280.7836,-96.67719,0.4136126,-0.0594774,-0.1295232,-0.8992279;
custom,leaf0,default,0.06,0.03,0.06,0,0.2386364,0.2386364,0.2386364,1,1,-15.84582,280.7787,-96.14144,0.3777755,0.4062812,0.1894522,-0.8101414;
custom,leaf0,default,0.06,0.03,0.06,0,0.2386364,0.2386364,0.2386364,1,1,-15.16429,281.0081,-95.19,0.3163961,0.6404637,0.3277419,-0.6182922;
custom,leaf0,default,0.06,0.03,0.06,0,0.2386364,0.2386364,0.2386364,1,1,-16.28874,281.9149,-94.46885,0.2053587,0.7932797,0.378375,-0.4305434;
custom,leaf0,default,0.06,0.03,0.06,0,0.2386364,0.2386364,0.2386364,1,1,-17.61654,281.9131,-93.86642,0.05589724,0.8860129,0.4499066,0.09716354;
custom,leaf0,default,0.06,0.03,0.06,0,0.2386364,0.2386364,0.2386364,1,1,-17.78424,281.8013,-94.78737,-0.1203424,0.7369529,0.3970224,0.5336586;
custom,leaf0,default,0.06,0.03,0.06,0,0.2386364,0.2386364,0.2386364,1,1,-16.67407,281.9804,-95.98766,0.2913628,0.2148467,0.06732889,-0.9297394;
custom,leaf0,default,0.06,0.03,0.06,0,0.2386364,0.2386364,0.2386364,1,1,-16.8066,282.6011,-95.63445,0.3757799,0.2251538,0.09464598,-0.8939449;
custom,leaf0,default,0.06,0.03,0.06,0,0.2386364,0.2386364,0.2386364,1,1,-17.18578,282.6552,-94.90657,0.3359673,0.6567241,0.4132411,-0.5339206;
custom,leaf0,default,0.06,0.03,0.06,0,0.2386364,0.2386364,0.2386364,1,1,-17.55461,282.5994,-95.09992,-0.2284294,0.76559,0.3671378,0.4763421;
custom,tree1,default,1,0.5,1,0,0.2386364,0.2386364,0.2386364,1,1,-29.5018,276.2573,-151.6425,0.5459971,0.02192733,0.8373781,-0.01429769;
spawnpoint,titan,-34.11335,165.8355,-148.6142,0,0.9372619,0,-0.348626;
photon,spawnCrawler,90,0,-26.64922,170.2711,-151.305,0,0.3354965,0,0.9420415;
photon,spawnCrawler,90,0,-26.64922,171.0711,-151.305,0,0.3354965,0,0.9420415;
photon,spawnCrawler,90,0,-26.64922,171.8711,-151.305,0,0.3354965,0,0.9420415;
photon,spawnCrawler,90,0,-26.64922,172.4711,-151.305,0,0.3354965,0,0.9420415;
photon,spawnCrawler,90,0,-26.64922,173.0711,-151.305,0,0.3354965,0,0.9420415;
photon,spawnCrawler,90,0,-26.64922,173.6711,-151.305,0,0.3354965,0,0.9420415;
photon,spawnCrawler,90,0,-26.64922,174.0711,-151.305,0,0.3354965,0,0.9420415;
photon,spawnCrawler,90,0,-26.64922,174.871,-151.305,0,0.3354965,0,0.9420415;
photon,spawnCrawler,90,0,-26.64922,176.071,-151.305,0,0.3354965,0,0.9420415;
photon,spawnCrawler,90,0,-26.64922,176.871,-151.305,0,0.3354965,0,0.9420415;
custom,house2,stone1,2,2,2,0,0.2386364,0.2386364,0.2386364,1,1,-9.007422,-2.882807,-9.698254,0,0.004842652,0,-0.9999883;
custom,tower1,stone1,0.5,0.5,0.5,0,0.2386364,0.2386364,0.2386364,1,1,-16.10714,5.991826,14.53877,0,0.9999999,0,0.0004891912;