custom,cuboid,ice1,150,1,182,1,0.2727273,1,1,1,1,221.42,-4.540232,25.99291,2.11153E-09,0.7122533,8.769173E-10,0.7019226;
custom,boulder1,grass2,30,30,30,0,0.2727273,1,1,100,110,335.6124,-103.3818,637.2091,0.4760266,0.4133854,-0.3470356,0.694318;
custom,boulder1,grass2,15,15,15,0,0.2727273,1,1,100,110,-16.10933,29.13358,650.7859,-0.009191357,0.1753815,-0.05152253,0.9831085;
custom,boulder1,grass2,15,15,15,0,0.2727273,1,1,100,110,30.38993,3.221714,483.443,-0.03973119,0.09883445,-0.3708657,0.9225572;
custom,boulder1,grass2,15,15,15,0,0.2727273,1,1,100,110,83.48428,39.53818,302.0167,0,0.01727452,0,0.9998508;
custom,cuboid,default,9,1,25,1,0.1136364,0.125,0.1136364,100,110,276.9349,2.961767,123.8061,0,0.02362768,0,0.9997209;
custom,cuboid,default,5,1,20,1,0.1136364,0.125,0.1136364,100,110,287.568,178.1056,157.2131,0,0.7773678,0,-0.6290463;
racing,startCuboid,1,16,15,273.9657,430.8745,560.561,-0.00393743,0.9499229,-0.004567326,0.3124262;
custom,cuboid,default,5,1,5,1,0.1136364,0.125,0.1136364,100,110,17.2527,190.9739,501.5586,-0.004990757,0.9979395,-0.01417803,0.06237657;
custom,cuboid,default,5,1,5,1,0.1136364,0.125,0.1136364,100,110,10.91403,184.615,500.4291,0,0.669674,0,0.7426552;
custom,cuboid,default,5,1,5,1,0.1136364,0.125,0.1136364,100,110,3.803948,179.0335,500.0073,0,0.6625093,0,0.7490537;
custom,cuboid,default,5,1,6,1,0.1136364,0.125,0.1136364,100,110,-15.56093,176.2114,498.1046,0,0.6556162,0,0.7550943;
custom,cuboid,default,5,1,6,1,0.1136364,0.125,0.1136364,100,110,-58.5163,176.109,491.7974,0,0.6523148,0,0.7579481;
custom,cuboid,default,5,1,6,1,0.1136364,0.125,0.1136364,100,110,-95.27813,176.5218,486.4254,0,0.6589039,0,0.7522271;
custom,cuboid,default,5,1,6,1,0.1136364,0.125,0.1136364,100,110,-125.5146,176.9587,482.7487,0,0.6549548,0,0.755668;
custom,cuboid,default,5,1,25,1,0.1136364,0.125,0.1136364,100,110,-117.3175,176.9753,373.7499,0.00021516,-0.06163855,-0.003484014,0.9980925;
custom,cuboid,default,5,1,25,1,0.1136364,0.125,0.1136364,100,110,-15.99846,177.573,183.3856,0,0.9097098,0,0.4152448;
custom,cuboid,default,5,1,25,1,0.1136364,0.125,0.1136364,100,110,178.2479,178.2432,133.3087,0,-0.6281669,0,-0.7780787;
custom,cuboid,default,5,1,15,1,0.1136364,0.125,0.1136364,100,110,438.6741,178.0082,216.1073,0,-0.4718074,0,-0.8817016;
custom,cuboid,default,5,1,6,1,0.1136364,0.125,0.1136364,100,110,516.9636,178.1357,274.8027,0,0.9270236,0,-0.3750031;
custom,cuboid,default,5,1,4,1,0.1136364,0.125,0.1136364,100,110,543.2901,178.206,307.2435,0,0.9634032,0,-0.2680568;
custom,cuboid,default,5,1,2,1,0.1136364,0.125,0.1136364,100,110,554.0068,178.1619,327.7429,0,0.9897807,0,-0.1425982;
custom,cuboid,default,5,1,2,1,0.1136364,0.125,0.1136364,100,110,556.2485,178.0517,340.5224,0,0.9996582,0,-0.02614566;
custom,cuboid,default,5,1,2,1,0.1136364,0.125,0.1136364,100,110,550.1832,177.7417,364.1893,-0.0033372,0.9665856,-0.001023593,0.2563204;
custom,cuboid,default,5,1,2,1,0.1136364,0.125,0.1136364,100,110,555.1118,177.9677,351.6758,0,0.9910956,0,0.1331524;
custom,cuboid,default,5,1,7,1,0.1136364,0.125,0.1136364,100,110,531.6028,178.6032,391.1978,0,0.5022264,0,0.8647362;
custom,cuboid,default,3,0.5,9,1,0.1136364,0.125,0.1136364,100,110,474.9418,180.874,357.225,0,0.4839861,0,0.8750757;
custom,cuboid,default,3,0.5,2,1,0.1136364,0.125,0.1136364,100,110,441.0933,177.34,336.1485,0,0.4782362,0,0.8782313;
custom,cuboid,default,3,0.5,2,1,0.1136364,0.125,0.1136364,100,110,436.5925,175.1591,333.2829,0,0.4820626,0,0.8761368;
custom,cuboid,default,3,0.5,2,1,0.1136364,0.125,0.1136364,100,110,432.6154,171.5591,331,0,0.4820626,0,0.8761368;
custom,cuboid,default,3,0.5,2,1,0.1136364,0.125,0.1136364,100,110,428.7046,168.959,328.285,0,0.4820626,0,0.8761368;
custom,cuboid,default,3,0.5,2,1,0.1136364,0.125,0.1136364,100,110,423.9847,166.7589,325.5307,0,0.4820626,0,0.8761368;
custom,cuboid,default,3,0.5,2,1,0.1136364,0.125,0.1136364,100,110,419.1804,164.5589,322.2498,0,0.4820626,0,0.8761368;
custom,cuboid,default,3,0.5,2,1,0.1136364,0.125,0.1136364,100,110,415.81,162.2665,319.9701,0,0.4896896,0,0.8718969;
custom,cuboid,default,3,0.5,2,1,0.1136364,0.125,0.1136364,100,110,411.23,159.6738,317.0319,0,0.4877863,0,0.8729631;
custom,cuboid,default,3,0.5,2,1,0.1136364,0.125,0.1136364,100,110,406.9855,157.2739,314.1864,0,0.4877863,0,0.8729631;
custom,cuboid,default,3,0.5,2,1,0.1136364,0.125,0.1136364,100,110,402.0597,154.4537,311.2434,0,0.4724747,0,0.8813443;
custom,cuboid,default,3,0.5,2,1,0.1136364,0.125,0.1136364,100,110,395.2713,152.0541,306.7317,0,0.4724747,0,0.8813443;
custom,cuboid,default,3,0.5,2,1,0.1136364,0.125,0.1136364,100,110,390.2611,149.6542,303.4016,0,0.4724747,0,0.8813443;
custom,cuboid,default,3,0.5,30,1,0.1136364,0.125,0.1136364,100,110,450.7912,145.7962,194.5614,0,0.9566574,0,0.2912157;
custom,cuboid,default,5,0.5,5,1,0.1136364,0.125,0.1136364,100,110,391.0146,145.4675,232.5521,0,0.4685855,0,0.8834182;
custom,cuboid,default,5,0.5,2,1,0.1136364,0.125,0.1136364,100,110,369.6508,141.7955,218.0694,0,0.4858333,0,0.8740515;
custom,cuboid,default,5,0.5,2,1,0.1136364,0.125,0.1136364,100,110,360.3007,137.9962,212.0185,0,0.4858333,0,0.8740515;
custom,cuboid,default,5,0.5,2,1,0.1136364,0.125,0.1136364,100,110,350.3629,134.6647,206.0785,0,0.4858333,0,0.8740515;
custom,cuboid,default,5,0.5,2,1,0.1136364,0.125,0.1136364,100,110,339.4649,131.6909,200.3167,0,0.5572622,0,0.8303366;
custom,cuboid,default,5,0.5,2,1,0.1136364,0.125,0.1136364,100,110,331.8854,128.5126,196.9317,0,0.6416726,0,0.7669788;
custom,cuboid,default,5,0.5,2,1,0.1136364,0.125,0.1136364,100,110,323.2217,124.3126,194.9723,-0.01637025,0.6921747,0.01570764,0.7213734;
custom,cuboid,default,5,0.5,2,1,0.1136364,0.125,0.1136364,100,110,316.5877,120.7128,194.498,0,0.6923528,0,0.7215592;
custom,cuboid,default,5,0.5,2,1,0.1136364,0.125,0.1136364,100,110,307.5782,118.5424,194.6434,0,0.660219,0,0.7510732;
custom,cuboid,default,5,0.5,2,1,0.1136364,0.125,0.1136364,100,110,300.4747,115.9423,193.317,0,0.6456786,0,0.7636093;
custom,cuboid,default,5,0.5,2,1,0.1136364,0.125,0.1136364,100,110,292.159,113.5424,191.6855,-0.01616995,0.6321371,0.0103477,0.7746187;
custom,cuboid,default,5,0.5,2,1,0.1136364,0.125,0.1136364,100,110,284.0049,110.9422,190.1239,-0.01222144,0.6116964,0.006751208,0.7909695;
custom,cuboid,default,5,0.5,2,1,0.1136364,0.125,0.1136364,100,110,276.5118,107.0224,188.4087,0,0.5723813,0,0.8199877;
custom,cuboid,default,5,0.5,2,1,0.1136364,0.125,0.1136364,100,110,269.2919,103.6227,185.798,0,0.5197642,0,0.8543097;
custom,cuboid,default,5,0.5,2,1,0.1136364,0.125,0.1136364,100,110,261.5085,100.0223,181.6413,0,0.4881103,0,0.872782;
custom,cuboid,default,5,0.5,2,1,0.1136364,0.125,0.1136364,100,110,255.7132,96.61349,178.4703,-0.01288853,0.4696729,0.005369208,0.8827301;
custom,cuboid,default,5,0.5,2,1,0.1136364,0.125,0.1136364,100,110,247.6156,92.81643,172.2919,0,0.4276106,0,0.903963;
custom,cuboid,default,5,0.5,2,1,0.1136364,0.125,0.1136364,100,110,239.7583,89.55809,165.6497,0,0.3728421,0,0.9278948;
custom,cuboid,default,5,0.5,2,1,0.1136364,0.125,0.1136364,100,110,234.0242,86.35793,159.8436,0,0.3598504,0,0.9330101;
custom,cuboid,default,5,0.5,2,1,0.1136364,0.125,0.1136364,100,110,228.079,83.96867,153.3917,0,0.3553684,0,0.9347264;
custom,cuboid,default,5,0.5,2,1,0.1136364,0.125,0.1136364,100,110,222.6254,81.84959,147.7515,0,0.3533284,0,0.9354994;
custom,cuboid,default,5,0.5,2,1,0.1136364,0.125,0.1136364,100,110,218.5664,79.44961,143.4472,0,0.3533284,0,0.9354994;
custom,cylinder,metal1,1,5,1,0,0.1136364,0.125,0.1136364,5,5,-6.28154,126.8443,-201.1667,0,0.02228963,0,0.9997516;
custom,cuboid,default,5,0.5,25,1,0.1136364,0.125,0.1136364,3,3,155.9587,76.48151,35.59972,0,0.2552399,0,0.9668778;
custom,cuboid,default,5,5,5,1,0.1136364,0.125,0.1136364,100,110,364.7511,-4.912029,191.768,0,0.7077186,0,0.7064946;
custom,cuboid,default,3,0.5,9,1,0.1136364,0.125,0.1136364,100,110,356.7156,63.05883,11.33109,0,-0.1904105,0,-0.9817046;
custom,cylinder,metal1,1,5,1,0,0.1136364,0.125,0.1136364,5,5,136.2471,127.9352,-194.2789,0,0.7159603,0,-0.698141;
custom,cuboid,default,3,0.5,5,1,0.1136364,0.125,0.1136364,100,110,309.3357,74.20432,-58.317,0.008685297,-0.4049974,-0.00193613,-0.9142745;
custom,cuboid,default,3,0.5,5,1,0.1136364,0.125,0.1136364,100,110,313.5013,72.00488,-54.97801,0,-0.3984655,0,-0.9171833;
custom,cuboid,default,3,0.5,5,1,0.1136364,0.125,0.1136364,100,110,317.6301,69.54539,-51.1678,0,0.916837,0,-0.3992617;
custom,cuboid,default,3,0.5,2,1,0.1136364,0.125,0.1136364,100,110,332.7758,67.49694,-37.73458,0,-0.3601063,0,-0.9329113;
custom,cuboid,default,3,0.5,2,1,0.1136364,0.125,0.1136364,100,110,336.2238,65.73622,-34.24607,0,0.9459065,0,-0.3244396;
custom,cuboid,default,5,5,5,1,0.1136364,0.125,0.1136364,100,110,294.876,-19.84465,192.0485,0,0.7080276,0,0.7061848;
custom,cuboid,default,5,5,5,1,0.1136364,0.125,0.1136364,100,110,340.856,-16.51203,191.985,0,0.7077186,0,0.7064946;
custom,cuboid,default,5,5,5,1,0.1136364,0.125,0.1136364,100,110,349.1435,-12.51201,191.7821,0,0.7101803,0,0.7040198;
custom,cuboid,default,5,5,5,1,0.1136364,0.125,0.1136364,100,110,357.6069,-8.712027,191.7805,0,0.7077186,0,0.7064946;
custom,cuboid,default,5,5,5,1,0.1136364,0.125,0.1136364,100,110,371.3832,-0.3120223,191.5594,0,0.7077186,0,0.7064946;
custom,cuboid,default,5,5,5,1,0.1136364,0.125,0.1136364,100,110,378.2827,3.954273,191.0752,0,0.7141451,0,0.6999977;
custom,cuboid,default,5,5,5,1,0.1136364,0.125,0.1136364,100,110,384.4149,10.04922,190.2878,0,0.7211323,0,0.6927974;
custom,cuboid,default,5,0.5,5,1,0.1136364,0.125,0.1136364,100,110,374.5158,63.09929,73.81322,0,0.9991075,0,-0.04223966;
custom,pyramid,metal4,9,5,9,0,0.1136364,0.125,0.1136364,5,5,59.32696,34.20574,-124.6993,-0.683953,-0.003580751,-0.7295073,-0.003819586;
custom,cuboid,default,3,0.5,7,1,0.1136364,0.125,0.1136364,8,8,155.8144,74.81577,-151.2594,0,-0.6868858,0,-0.7267655;
custom,cuboid,default,3,0.5,10,1,0.1136364,0.125,0.1136364,100,110,382.8337,46.25339,142.5553,0.004618945,0.9834489,0.1770011,-0.03843823;
custom,cuboid,default,3,0.5,14,1,0.1136364,0.125,0.1136364,8,8,240.1407,75.48621,-111.0542,0,0.8887307,0,-0.4584297;
custom,cylinder,metal1,1,5,1,0,0.1136364,0.125,0.1136364,5,5,-18.71778,128.657,-56.15132,0,0.7135829,0,0.7005708;
custom,cylinder,metal1,1,5,1,0,0.1136364,0.125,0.1136364,5,5,129.1003,128.4441,-46.23292,0,0.9717476,0,-0.2360226;
custom,pyramid,metal1,15,5,15,0,0.1136364,0.125,0.1136364,5,5,62.34094,211.4344,-123.9086,0,0.04533778,0,-0.9989717;
custom,arc180,metal2,7,2,7,0,0.1136364,0.125,0.1136364,5,5,52.59491,81.76841,-86.69476,0,-0.6421061,0,-0.7666159;
custom,arc180,metal2,7,2,7,0,0.1136364,0.125,0.1136364,5,5,51.28913,81.54889,-154.031,0,-0.6610411,0,0.7503497;
custom,cuboid,metal4,0.5,7,9,0,0.1136364,0.125,0.1136364,5,5,26.93278,114.7863,-45.89549,0,0.7293664,0,-0.6841234;
custom,cuboid,metal4,0.5,7,9,0,0.1136364,0.125,0.1136364,5,5,-16.10436,112.1946,-100.1517,0,0.9994738,0,0.03243802;
custom,cuboid,metal4,0.5,7,9,0,0.1136364,0.125,0.1136364,5,5,-11.51958,112.2191,-156.7227,0,0.9990222,0,0.04421139;
custom,cuboid,metal4,0.5,7,9,0,0.1136364,0.125,0.1136364,5,5,38.08254,112.6748,-201.8351,0,-0.6942173,0,-0.7197655;
custom,cuboid,metal4,0.5,7,9,0,0.1136364,0.125,0.1136364,5,5,96.83075,112.5771,-198.9252,0,0.7291201,0,-0.6843857;
custom,cuboid,metal4,0.5,7,9,0,0.1136364,0.125,0.1136364,5,5,62.98231,115.533,-43.41158,0,0.7267336,0,-0.6869195;
custom,cuboid,metal4,0.5,7,9,0,0.1136364,0.125,0.1136364,5,5,133.6389,112.8157,-93.9845,0,0.03471604,0,-0.9993972;
custom,cuboid,metal4,0.5,7,3.4,0,0.1136364,0.125,0.1136364,5,5,139.9312,113.2891,-175.6012,0,0.03865836,0,-0.9992526;
custom,cylinder,metal4,0.5,3,0.5,1,0,0,0,5,5,-5.593472,114.34,-190.8297,0,0.6992487,0,-0.7148785;
custom,cylinder,metal4,0.5,3,0.5,1,0,0,0,5,5,-8.370851,116.1291,-178.285,0.1471692,0.7131789,-0.1320409,-0.6725193;
custom,cylinder,metal4,0.5,3,0.5,1,0,0,0,5,5,-10.08886,116.4423,-157.9802,-0.1149461,0.7176322,0.1086341,-0.6782257;
custom,cylinder,metal4,0.5,3,0.5,1,0,0,0,5,5,-9.253255,115.2423,-147.9858,0,0.7267796,0,-0.6868708;
custom,cylinder,metal4,0.5,3,0.5,1,0,0,0,5,5,-11.46491,115.4578,-133.5402,-0.1171228,0.7654008,0.0957188,-0.6255252;
custom,cylinder,metal4,0.5,3,0.5,1,0,0,0,5,5,-13.7745,114.6635,-117.9378,0.08703347,0.7408806,-0.07769965,-0.6614257;
custom,cylinder,metal4,0.5,3,0.5,1,0,0,0,5,5,-13.66304,113.384,-102.5721,-0.03647864,0.7311903,0.03506199,-0.6802946;
custom,cylinder,metal4,0.5,3,0.5,1,0,0,0,5,5,-15.74623,114.5839,-89.07822,0.1292337,0.7182504,-0.1210688,-0.6728725;
custom,cylinder,metal4,0.5,3,0.5,1,0,0,0,5,5,-15.71346,115.184,-74.24493,-0.0496365,0.7280943,0.04650052,-0.6820943;
custom,cylinder,metal4,0.5,1,0.5,1,1,0,0,5,5,-13.07697,110.8663,-127.1295,-0.5206716,0.5206718,0.4784358,-0.4784361;
custom,cylinder,metal4,0.5,3,0.5,1,1,0,0,5,5,6.125915,115.368,-52.14968,0,0.1347936,0,-0.9908737;
custom,cylinder,metal4,0.5,3,0.5,1,1,0,0,5,5,18.99129,116.2615,-50.03492,0.005885839,0.02769068,-0.2078285,-0.9777555;
custom,cylinder,metal4,0.5,3,0.5,1,1,0,0,5,5,31.80474,117.2615,-49.90775,0,0.02830929,0,-0.9995992;
custom,cylinder,metal4,0.5,4,0.5,1,1,0,0,5,5,65.9436,115.4068,-47.01017,-0.01289174,0.02432666,0.3319432,-0.9428976;
custom,cylinder,metal4,0.5,2,0.5,1,1,0,0,5,5,54.98534,129.4067,-48.13621,0.004815413,0.02345886,-0.2010204,-0.9792943;
custom,cylinder,metal4,0.5,3,0.5,1,1,0,0,5,5,65.51189,117.4545,-198.5954,-0.7066072,0.7071375,-0.009234034,0.02403388;
custom,cylinder,metal4,0.5,2,0.5,1,0,0,0,5,5,47.12112,125.0544,-199.7531,-0.8424448,0.5387654,-0.003646803,0.002332226;
custom,cylinder,metal4,0.5,2,0.5,1,0,0,0,5,5,47.52125,108.6546,-199.7505,-0.5387661,0.8424443,-0.002332232,0.003646802;
racing,endCuboid,2,1,0.5,116.2505,80.35969,-120.8419,0,0.6959039,0,0.7181349;
base,aot_supply,metal3,2,1,0.5,0,0,0,0,5,5,52.48717,79.8591,-68.42268,0,0.04365216,0,-0.9990468;
photon,CannonWall,metal3,1,1,1,1,0.5340909,0,0,5,5,98.07507,86.86345,-77.89347,0,-0.94193,0,0.3358094;
photon,CannonWall,metal3,1,1,1,1,0.5340909,0,0,5,5,12.80744,86.53598,-81.29291,0,-0.9104752,0,-0.4135637;
photon,CannonWall,metal3,1,1,1,1,0.5340909,0,0,5,5,23.39866,86.68388,-170.2526,0,-0.3341325,0,-0.9425261;
photon,CannonWall,metal3,1,1,1,1,0.5340909,0,0,5,5,99.43624,86.24712,-162.6617,0,0.3980342,0,-0.9173706;
custom,cuboid,metal2,1,1,1,0,0.5340909,0,0,5,5,-2.23525,82.93066,-128.8834,0,0.7296451,0,-0.683826;
custom,cuboid,default,5,5,5,1,1,1,1,1.0,1.0,180.496,14.54567,23.82733,0.01765881,0.6807988,-0.01420374,0.7321198;
custom,cuboid,default,5,10,10,1,1,1,1,1.0,1.0,179.9993,-33.16835,18.05834,-0.004354164,-0.03193816,-0.00952364,0.999435;
custom,prism,default,5,5,5,1,1,1,1,1.0,1.0,183.5267,-6.747423,-49.24367,0,0.01362863,0,-0.9999071;
custom,statue1,stone6,0.07,0.07,0.07,0,0.5340909,0,0,0.5,0.5,1.963292,87.8004,-132.6023,0,-0.4502113,0,-0.892922;
custom,statue1,stone6,0.09,0.09,0.09,0,0.5340909,0,0,0.5,0.5,1.423496,87.64265,-124.9218,0,-0.9148551,0,-0.4037823;
custom,arc180,default,1,5,5,1,0,0,0,1.0,1.0,161.6094,4.344731,11.30088,0.02548713,0.05958081,0.00597001,0.9978802;
custom,arc180,default,1,1,1,1,1,1,1,0.5,0.5,0.2281193,91.67056,-129.0712,-0.6936454,0.7188328,-0.02879898,0.03614108;
custom,cylinder,stone4,15,14,15,0,1,1,1,10,10,569.9349,8.169655,23.3126,0,0.1903918,0,0.9817082;
custom,cylinder,bark,15,3,15,0,0,0,0,12,13,569.9938,118.3424,23.40223,0,0.9314638,0,-0.3638342;
custom,cuboid,default,1,9,1,1,1,0,0.04545455,10,10,605.9255,162.4439,-35.74206,0,0.4946802,0,0.8690751;
custom,cuboid,default,1,9,1,1,1,0,0.04545455,10,10,505.389,165.5465,41.58524,0,0.9878961,0,-0.1551168;
custom,cuboid,default,1,9,1,1,1,0,0.04545455,10,10,588.6669,164.5284,87.4464,0,0.9947055,0,-0.1027666;
custom,cone,default,4,1,4,1,1,0,0.04545455,10,10,578.9117,218.5365,23.56312,0,0.09853362,0,-0.9951338;
custom,cuboid,default,0.5,0.5,0.5,1,0,0,0.04545455,10,10,604.2275,151.4589,-32.72205,0,0.9592848,0,0.2824405;
racing,startCuboid,0.3,0.3,0.3,603.524,151.8453,-31.67914,0,0.9552472,0,0.2958087;
custom,cuboid,metal4,0.7,0.7,0.7,1,1,1,1,1,1,603.0661,146.0716,-31.19596,0,0.9580405,0,0.286633;
custom,cuboid,default,0.7,0.7,0.01,1,1,1,1,1,1,601.1353,145.8716,-28.25815,0,0.9580405,0,0.286633;
custom,cuboid,default,0.07,0.7,0.7,1,1,1,1,1,1,605.7006,145.916,-29.30758,-0.0003846958,0.2745736,-0.001195355,-0.9615653;
custom,cuboid,default,0.07,0.7,0.7,1,1,1,1,1,1,600.3563,145.9379,-32.87556,0,0.9513696,0,0.3080516;
custom,cuboid,bark3,3,1,5,0,1,1,1,1,1,621.7952,145.5891,36.56567,0,0.1224793,0,-0.9924711;
custom,cuboid,default,2.5,1,4.5,1,0.1931818,0.2159091,0.1931818,1,1,621.7,145.8092,36.31881,0,0.9930573,0,0.1176317;
custom,cuboid,default,0.005,0.5,0.002,1,0,0,0,1,1,612.795,149.6065,30.85972,0,0.7213031,0,-0.6926196;
custom,capsule,default,0.02,0.02,0.02,1,0,0,0,1,1,612.7578,152.1495,30.84254,0,0.9817545,0,-0.1901527;
custom,cylinder,metal1,0.03,0.003,0.05,1,0,0,0,0.1,0.1,613.4799,151.5435,34.77049,0,0.9111639,0,-0.4120442;
custom,cylinder,metal1,0.003,0.03,0.005,1,0,0,0,0.1,0.1,613.7466,151.2784,34.37967,0,0.9182115,0,-0.3960907;
custom,cuboid,default,0.01,0.5,0.01,1,0,0,0,1,1,613.4241,149.0845,34.79051,0,0.6372411,0,0.7706645;
custom,cylinder,metal1,0.003,0.03,0.005,1,0,0,0,0.1,0.1,613.4785,151.366,35.36335,0,0.908447,0,-0.418;
custom,cylinder,default,0.05,0.5,0.05,1,0,0,0,1,1,613.9399,146.4893,34.89557,0,0.9987752,0,-0.0494791;
custom,cylinder,default,0.015,0.015,0.015,1,1,1,1,0.1,0.1,613.5002,151.6602,35.33158,0.4025165,0.4935042,0.2934776,-0.7129551;
custom,cylinder,metal1,0.03,0.001,0.05,0,0,0,0,0.1,0.1,613.7354,151.5873,34.36781,-0.2612606,0.7871011,0.3128572,-0.4629635;
custom,cylinder,default,0.015,0.002,0.015,1,1,1,1,0.1,0.1,613.5108,151.5764,34.78782,0.05550459,0.8157174,0.1205967,-0.5630105;
custom,cuboid,default,0.2,0.08,0.09,1,0.3522727,0,0,0.1,0.1,614.8292,151.5932,28.03666,-0.002985048,0.9965407,0.01546435,-0.08159984;
custom,cuboid,default,0.1,0.004,0.08,1,1,1,1,0.1,0.1,615.3034,151.7749,28.15268,0,0.9967122,0,-0.08102322;
custom,cuboid,default,0.1,0.004,0.08,1,1,1,1,0.1,0.1,614.4997,151.7621,28.26921,0.002428482,0.9953809,-0.0002701402,-0.09597389;
custom,cuboid,default,0.1,0.004,0.08,1,0,0,0,0.1,0.1,614.892,151.0591,29.18044,-0.6934428,-0.7185601,0.0444884,0.02879696;
custom,cuboid,default,0.1,0.004,0.08,1,0,0,0,1,0.1,615.3232,151.0688,29.11668,0.04438014,0.06072599,0.6999853,0.7101855;
custom,cuboid,default,0.1,0.004,0.08,1,0,0,0,1,0.1,614.7822,151.9968,28.01395,0,-0.1045602,0,-0.9945186;
custom,cuboid,default,0.1,0.004,0.08,1,0,0,0,1,0.1,614.9868,151.433,29.04856,0.005564569,0.6286063,0.004215864,-0.7776924;
custom,cuboid,default,0.5,5,0.5,1,0,0,0.03409091,1,0.1,632.695,152.438,20.7361,0,0.6252277,0,0.7804424;
custom,cuboid,default,0.5,5,0.5,1,0,0,0.03409091,1,0.1,624.8276,152.4437,54.52884,0,0.634379,0,0.7730222;
custom,arc90,default,0.2,0.2,0.2,1,0.25,0,0,1,0.1,617.5115,151.262,32.24728,0,0.3090149,0,0.9510573;
custom,cylinder,default,0.02,0.02,0.02,1,0.9772727,1,1,1,0.1,617.0432,151.7168,32.85646,0,0.9948798,0,0.1010656;
custom,cylinder,default,0.02,0.02,0.02,1,0.9772727,1,1,1,0.1,617.2308,151.7162,31.7284,0,0.9948798,0,0.1010656;
custom,capsule,default,0.02,0.02,0.02,1,0,0,0.03409091,1,0.1,616.9883,151.8417,32.24649,-0.4658068,0.4316551,-0.4853556,0.6009392;
racing,startCuboid,0.02,0.02,0.02,617.0649,151.7977,32.29964,-0.01156663,0.9961551,-0.008012053,0.08646904;
custom,cuboid,default,0.05,2,4,1,0.4204545,1,0.03409091,1,0.1,629.5233,166.711,37.98985,0,0.9955596,0,0.09413319;
custom,cylinder,default,0.05,0.5,0.05,1,1,0,0,1,0.1,629.8193,170.7777,35.76416,0,0.5993469,0,0.8004894;
custom,cylinder,default,0.05,0.5,0.05,1,1,0,0,1,0.1,627.2196,170.4889,47.91958,0,0.6454343,0,0.7638158;
custom,cylinder,default,0.05,0.5,0.05,1,1,0,0,1,0.1,628.5049,170.8423,41.9699,0,0.553002,0,0.83318;
custom,cylinder,default,0.05,0.5,0.05,1,1,0,0,1,0.1,630.7072,170.6577,30.9388,0,0.5993469,0,0.8004894;
custom,cylinder,default,0.05,0.5,0.05,1,1,0,0,1,0.1,631.0737,170.7807,29.50941,0.08073702,0.6123891,0.09464226,0.7807073;
custom,cylinder,default,0.05,0.5,0.05,1,1,0,0,1,0.1,631.222,170.8203,28.26808,3.085995E-10,0.6166669,1.905603E-10,0.7872243;
custom,cylinder,default,0.05,0.3,0.05,1,1,0,0,1,0.1,627.1493,175.2349,47.80655,-0.4333349,0.4300191,-0.5589202,0.5611708;
custom,cylinder,default,0.05,0.3,0.05,1,1,0,0,1,0.1,628.4165,175.4153,40.28719,-0.4555799,0.4665241,-0.5296978,0.5424228;
custom,cylinder,default,0.05,0.3,0.05,1,1,0,0,1,0.1,628.871,170.8153,39.9514,-0.4626912,0.4594721,-0.5379659,0.5342236;
custom,cylinder,default,0.05,0.3,0.05,1,1,0,0,1,0.1,628.871,166.2154,39.9514,0.452148,0.4698515,0.5257074,0.5462908;
custom,cylinder,default,0.05,0.3,0.05,1,1,0,0,1,0.1,629.8459,174.6153,34.83976,-0.4610846,0.4610845,-0.5360978,0.5360981;
custom,cylinder,default,0.05,0.3,0.05,1,1,0,0,1,0.1,629.9057,169.8154,34.44426,-0.4690614,0.4529674,-0.5453724,0.52666;
custom,cylinder,default,0.05,0.3,0.05,1,1,0,0,1,0.1,630.0635,166.6154,34.46814,-0.4698793,0.440562,-0.5573166,0.5239436;
custom,cylinder,default,0.05,0.3,0.05,1,1,0,0,1,0.1,627.7189,164.3225,45.92836,-0.4348327,0.4348327,-0.5576025,0.5576025;
custom,cylinder,default,0.05,0.3,0.05,1,1,0,0,1,0.1,627.8364,161.5227,45.90896,0,0.614946,0,0.7885692;
custom,cylinder,default,0.05,0.3,0.05,1,1,0,0,1,0.1,628.5132,161.4071,42.09883,0,0.6149402,0,0.7885737;
custom,cylinder,default,0.05,0.3,0.05,1,1,0,0,1,0.1,628.905,160.8071,38.9049,0,0.6149402,0,0.7885737;
custom,cylinder,default,0.05,0.3,0.05,1,1,0,0,1,0.1,629.148,164.0071,38.75262,-0.4416047,0.4279446,-0.5662956,0.5487787;
custom,cylinder,default,0.05,0.3,0.05,1,1,0,0,1,0.1,629.4918,161.0071,35.74561,-0.09513764,0.6075364,-0.1220005,0.7790791;
custom,cylinder,default,0.05,0.3,0.05,1,1,0,0,1,0.1,630.1735,160.8071,33.85464,0.0823935,0.6093955,0.1056579,0.7814633;
custom,cylinder,default,0.05,0.3,0.05,1,1,0,0,1,0.1,629.9282,159.8072,34.82437,-0.4731348,0.3928041,-0.6067281,0.5037156;
custom,cylinder,default,0.05,0.5,0.05,1,1,0,0,1,0.1,630.8895,162.3087,28.56405,0.1027797,0.6489254,0.1179325,0.7445967;
custom,cylinder,default,0.05,0.5,0.05,1,1,0,0,1,0.1,630.5004,162.1087,29.92364,0,0.6570144,0,0.7538781;
custom,cylinder,default,0.05,0.5,0.05,1,1,0,0,1,0.1,631.5305,162.3087,26.83542,0,0.6570144,0,0.7538781;
custom,cylinder,wood2,0.9,0.9,0.9,0,0.3068182,0.04545455,0,1,0.1,567.2181,139.7618,9.510052,0,0.9148856,0,0.4037131;
custom,arc90,metal3,1,1,1,1,0.3068182,0.4772727,0.5568182,1,0.1,607.5545,146.1552,34.29009,0,0.2750566,0,0.961428;
custom,arc90,metal3,1,1,1,1,0.3068182,0.4772727,0.5568182,1,0.1,608.7258,147.3555,34.59935,0,-0.2784108,0,-0.9604621;
custom,cylinder,wood2,0.9,0.9,0.9,0,0.3068182,0.04545455,0,1,0.1,554.2769,139.7219,38.37659,0,0.9148856,0,0.4037131;
custom,cylinder,wood2,0.9,0.9,0.9,0,0.3068182,0.04545455,0,1,0.1,586.6133,139.7709,17.537,0,0.9472942,0,0.3203651;
custom,cylinder,wood2,0.9,0.9,0.9,0,0.3068182,0.04545455,0,1,0.1,573.0797,139.825,49.19006,0,0.9871776,0,0.1596261;
custom,cylinder,wood2,0.9,0.9,0.9,0,0.3068182,0.04545455,0,1,0.1,570.8355,139.8883,29.3926,0,0.9822533,0,0.1875591;
custom,cylinder,wood2,0.9,0.9,0.9,0,0.3068182,0.04545455,0,1,0.1,587.6113,139.905,35.87502,0,0.9871776,0,0.1596261;
custom,cylinder,wood2,0.9,0.9,0.9,0,0.3068182,0.04545455,0,1,0.1,554.1978,139.7217,22.47495,0,0.9148856,0,0.4037131;
custom,cuboid,wood2,0.3,0.3,0.3,1,0.3068182,0.04545455,0,1,0.1,567.2917,147.1107,46.30271,0,0.9689699,0,0.2471788;
custom,cuboid,wood2,0.3,0.3,0.3,1,0.3068182,0.04545455,0,1,0.1,568.9719,147.0457,55.36537,0,0.9746216,0,0.2238588;
custom,cuboid,wood2,0.3,0.3,0.3,1,0.3068182,0.04545455,0,1,0.1,581.9722,147.0858,33.1482,0,0.9746216,0,0.2238588;
custom,cylinder,wood2,0.3,0.3,0.3,1,0.3068182,0.04545455,0,1,0.1,564.4204,145.8057,27.17649,0,0.9746216,0,0.2238588;
custom,cuboid,wood2,0.3,0.3,0.3,1,0.3068182,0.04545455,0,1,0.1,573.6714,147.2057,22.76824,0,0.9746216,0,0.2238588;
custom,cylinder,wood2,0.3,0.3,0.3,1,0.3068182,0.04545455,0,1,0.1,580.5736,145.6054,15.40654,0,0.9746216,0,0.2238588;
custom,cylinder,wood2,0.3,0.3,0.3,1,0.3068182,0.04545455,0,1,0.1,583.4075,145.5652,24.22469,0,0.9746216,0,0.2238588;
custom,cylinder,wood2,0.3,0.3,0.3,1,0.3068182,0.04545455,0,1,0.1,548.1357,145.5379,37.41298,0,0.9805771,0,0.1961342;
custom,cuboid,wood2,0.3,0.3,0.3,1,0.3068182,0.04545455,0,1,0.1,551.5037,147.004,44.21169,0,0.9783787,0,0.2068217;
custom,cylinder,wood2,0.3,0.3,0.3,1,0.3068182,0.04545455,0,1,0.1,548.0795,145.546,20.66818,0,0.937821,0,0.3471193;
custom,cylinder,wood2,0.3,0.3,0.3,1,0.3068182,0.04545455,0,1,0.1,549.8041,145.5396,26.96595,0,0.9760638,0,0.2174844;
custom,cuboid,wood2,0.3,0.3,0.3,1,0.3068182,0.04545455,0,1,0.1,567.3952,147.2891,36.00811,0,0.9650782,0,0.2619618;
custom,cylinder,wood2,0.3,0.3,0.3,1,0.3068182,0.04545455,0,1,0.1,561.1506,145.4892,7.503825,0,0.9650782,0,0.2619618;
custom,cuboid,wood2,0.3,0.3,0.3,1,0.3068182,0.04545455,0,1,0.1,564.7442,147.0487,15.51409,0,0.9650782,0,0.2619618;
custom,tree3,default,0.5,0.5,0.5,0,0.3068182,0.04545455,0,1,0.1,85.03721,245.9919,351.9271,0,0.5815605,0,0.8135031;
custom,cuboid,wood2,0.05,0.9,0.05,0,0.3068182,0.04545455,0,1,0.1,84.96981,224.1811,280.9895,0,0.6827672,0,0.7306361;
custom,tube,default,5,2,5,1,0.3068182,0.04545455,0,1,0.1,142.6416,209.5321,599.8262,0.0114448,0.685211,0.05320447,0.7263086;
custom,field2,default,0.5,0.5,0.5,0,0.3068182,0.04545455,0,1,0.1,84.79595,205.6728,355.6556,0,0.6009136,0,0.799314;
custom,cuboid,wood2,0.05,0.9,0.05,0,0.3068182,0.04545455,0,1,0.1,83.93644,227.6446,283.2135,-0.4270298,0.4674408,-0.506377,0.585429;
custom,cuboid,wood2,0.05,0.9,0.05,0,0.3068182,0.04545455,0,1,0.1,84.4619,228.3521,283.3611,-0.4208704,0.4756367,-0.5181242,0.5728745;
custom,cuboid,wood2,0.05,0.9,0.05,0,0.3068182,0.04545455,0,1,0.1,83.99212,223.4321,285.6775,0,0.6368889,0,0.7709556;
custom,cuboid,wood2,0.05,0.9,0.05,0,0.3068182,0.04545455,0,1,0.1,83.52643,227.6247,283.1438,-0.4147293,0.4744092,-0.5110573,0.5845991;
custom,leaf2,default,0.05,0.9,0.05,0,0.3068182,0.04545455,0,1,0.1,87.01668,227.2394,278.6074,0,0.5956565,0,0.8032393;
custom,field2,default,0.5,0.5,0.5,0,0.3068182,0.04545455,0,1,0.1,102.2799,220.2394,301.0052,0,0.5956565,0,0.8032393;
custom,tree4,default,1,0.5,1,0,0.3522728,0,0,5,2,234.9131,250.2683,476.8443,0,0.5918491,0,0.8060488;
custom,cylinder,metal4,1,0.5,1,1,0.3522728,0,0,5,2,136.6042,212.1134,571.2964,0,0.02540831,0,-0.9996772;
custom,log2,default,1,0.5,1,0,0.3522728,0,0,5,2,223.5381,201.4785,788.5668,-0.01707461,0.6082772,0.06366833,0.7909828;
custom,cylinder,empty,5,1,5,1,0.3068182,1,1,1,0.1,140.688,201.1041,597.9462,0.05793341,0.3634005,0.05734231,0.9280602;
racing,startCylinder,5,1,5,145.5677,201.8884,601.1014,0.006333424,0.8832162,0.06255953,0.4647315;
base,aot_supply,empty,0.5,0.5,0.5,1,0.3068182,0.2954545,1,1,0.1,185.4931,210.3832,606.7931,0.03478134,-0.1930087,0.05667458,0.9789413;
custom,house2,default,0.3,0.3,0.3,1,0.3863636,0.1363636,0.1931818,1,0.1,186.6045,209.2239,602.6235,-0.03127897,0.8142147,0.02225421,-0.5792934;
custom,cuboid,default,0.3,0.1,0.3,1,0.3863636,0.1363636,0.1931818,1,0.1,104.8637,202.2968,613.0303,0,0.2974563,0,0.9547355;
custom,cuboid,default,1,0.1,1,1,1,1,0.9204545,1,0.1,100.5018,200.8687,611.0191,-0.05231306,0.9931637,0.01297844,-0.1035412;
custom,tree2,default,0.3,0.3,0.3,0,1,1,0.9204545,1,0.1,101.1099,215.1026,621.6026,0,0.9103473,0,0.4138453;
custom,field2,default,0.3,0.3,0.3,0,1,1,0.9204545,1,0.1,121.4926,196.5026,739.9484,0,0.9103473,0,0.4138453;
custom,trunk1,default,0.03,0.03,0.03,1,0.25,0.2386364,0.2613636,1,0.1,266.627,220.9606,693.6149,-0.7847336,-0.09132256,-0.6057442,0.09448503;
custom,sphere,default,0.009,0.009,0.009,1,0.625,0.05681817,0,1,0.1,266.4966,220.7121,693.5234,0,0.9900913,0,0.1404251;
custom,sphere,default,0.009,0.009,0.009,1,0.625,0.05681817,0,1,0.1,267.0207,220.6561,693.28,0,0.9632897,0,0.2684641;
custom,sphere,default,0.010,0.010,0.010,1,0.625,0.05681817,0,1,0.1,267.1494,220.5759,693.0672,0,0.9632897,0,0.2684641;
custom,cuboid,default,0.2,0.10,0.3,1,1,0.4204545,1,1,0.1,134.24,210.7351,606.1591,-0.06114579,0.8752799,-0.03444068,-0.4784977;
custom,cuboid,default,0.2,0.10,0.3,1,1,0.4204545,1,1,0.1,134.8936,213.1174,593.2051,0,0.9939161,0,0.1101401;
custom,cuboid,default,0.2,0.10,0.3,1,1,0.4204545,1,1,0.1,155.9137,216.1778,620.832,-0.08993921,0.9682743,-0.00416726,-0.2331063;
custom,cuboid,default,0.2,0.10,0.3,1,1,0.4204545,1,1,0.1,147.5313,215.0756,624.6733,-0.0567188,0.9873162,0.00223771,0.1482728;
custom,cuboid,default,0.2,0.10,0.3,1,1,0.4204545,1,1,0.1,152.0284,215.5178,623.4768,-0.07458307,0.9958388,0.01717396,-0.04947295;
custom,log1,default,1,0.5,1,0,0.3522728,0,0,5,2,146.3462,193.536,755.1583,0,0.142015,0,0.9898645;
custom,cylinder,metal4,1,0.5,1,1,0.3522728,0,0,5,2,136.1764,209.5938,569.0537,0,0.6184929,0,-0.7857904;
custom,cylinder,metal4,1,0.5,1,1,0.3522728,0,0,5,2,135.7779,207.7941,566.3582,0,0.6184929,0,-0.7857904;
custom,cylinder,metal4,1,0.5,1,1,0.3522728,0,0,5,2,135.377,205.1941,564.3188,0,0.6184929,0,-0.7857904;
custom,cylinder,metal4,1,0.5,1,1,0.3522728,0,0,5,2,134.9882,202.1942,562.5978,0,0.6184929,0,-0.7857904;
custom,field2,default,1,0.5,1,0,0.3522728,0,0,5,2,233.1976,224.4684,478.6119,0,0.5918491,0,0.8060488;
custom,cuboid,metal4,1,50,15,0,0.3522728,0,0,10,10,281.4557,265.8062,654.4386,0.005395724,0.8938389,0.007056096,-0.4483003;
custom,cuboid,metal4,1,50,15,0,0.3522728,0,0,10,10,369.7759,259.5242,541.0879,0,0.4361491,0,0.8998744;
custom,cuboid,metal4,1,20,15,0,0.3522728,0,0,10,10,432.4778,503.0724,466.1911,-0.6359344,0.6450892,0.2973036,-0.3017581;
custom,cuboid,metal4,1,20,15,0,0.3522728,0,0,10,10,379.6536,319.1068,638.0249,0,0.9389678,0,0.3440051;
custom,cuboid,metal4,1,20,15,0,0.3522728,0,0,10,10,378.7372,484.1476,638.7198,0,0.3460711,0,-0.9382083;
custom,cuboid,metal4,1,20,15,0,0.3522728,0,0,10,10,434.1099,578.8544,467.185,-0.2974936,0.3034195,-0.6482468,0.631831;
custom,cuboid,metal4,1,20,15,0,0.3522728,0,0,10,10,221.8524,509.3092,727.3611,0.3196951,0.3095146,0.6375992,0.6288585;
custom,cuboid,metal4,1,20,15,0,0.3522728,0,0,10,10,219.7578,580.7023,728.0677,-0.306084,0.3060839,-0.6374265,0.6374267;
custom,cuboid,metal4,1,8,8,0,0.3522728,0,0,10,10,452.8837,542.0358,551.754,0,0.3424662,0,-0.9395302;
custom,cuboid,metal4,1,8,8,0,0.3522728,0,0,10,10,502.5423,541.3319,492.0437,0,0.3379562,0,-0.9411619;
custom,cuboid,metal4,1,8,8,0,0.3522728,0,0,10,10,525.0412,538.9709,464.9593,0,0.3391882,0,-0.9407185;
custom,cuboid,metal4,1,8,8,0,0.3522728,0,0,10,10,307.2674,543.4472,726.2189,0.001122201,0.9446226,0.00223676,0.3281494;
custom,cuboid,metal4,1,8,8,0,0.3522728,0,0,10,10,258.6358,543.9306,788.3452,0,0.9449067,0,0.3273399;
custom,cuboid,metal4,1,8,8,0,0.3522728,0,0,10,10,238.153,544.808,814.1901,0,0.3364023,0,-0.9417184;
racing,startCuboid,1,8,15,160.9525,545.2609,798.9257,-0.000744269,0.8938281,-0.001578682,-0.4484064;
racing,startCuboid,1,7.5,19,170.1999,547.0851,681.7078,1.199401E-10,0.9485431,-2.153294E-10,0.3166481;
custom,cuboid,metal4,1,7.5,19,1,0,0,0,10,10,297.4143,581.6922,567.8083,0.6645442,0.6642644,0.2460752,0.2378673;
racing,startCuboid,1,8,15,494.0863,537.4096,394.4077,-0.004101072,-0.4231428,0.007690529,-0.9060211;
racing,startCuboid,1,7.5,19,379.3374,539.0413,423.5825,9.156243E-05,0.9432899,-0.005518418,0.3319242;
custom,cuboid,metal4,1,12,19,1,0,0,0,10,10,340.4319,585.3331,602.7873,-0.6756988,0.6503375,-0.2502481,0.2405581;
custom,cuboid,metal4,1,8,15,1,0,0,0,10,10,273.4926,547.4755,556.5975,0.002062076,0.9458324,-0.007764413,0.3245558;
custom,cylinder,metal4,2,5,5,1,0,0,0,30,30,248.2406,302.5098,592.6602,0,0.9299964,0,0.3675689;
custom,cuboid,metal4,20,12,20,0,0,0,0,30,30,333.4732,205.4451,602.7856,0,0.4676709,0,0.8839027;
custom,cylinder,metal4,2,5,5,1,0,0,0,30,30,301.7902,302.7157,523.0538,0,0.9452866,0,0.3262413;
custom,arc180,default,1,5,5,1,0,0,0,1.0,1.0,205.2203,4.54729,6.928224,0,-0.9991348,0,-0.04158961;
racing,startCuboid,0.5,1,1,173.1349,31.05067,0.4842331,0.0100481,0.6889175,-0.003091996,0.7247636;
racing,startCuboid,0.5,1,1,192.4473,30.52697,1.977363,0,-0.6945419,0,-0.7194523;
custom,arc180,default,0.5,1,1,1,0,0,0,1.0,1.0,183.0924,39.37096,1.918125,-0.008085736,-0.7495866,-0.009158379,0.6617936;
custom,cuboid,default,1,15,1,1,0,0,0,1.0,1.0,272.6044,410.1281,556.4495,-0.3210069,0.3210069,-0.6300434,0.6300433;
custom,cylinder,default,1.5,4,1.5,1,0,0,0,1.0,1.0,104.6612,545.2168,755.9039,0,0.4713523,0,0.881945;
custom,cylinder,default,1.5,4,1.5,1,0,0,0,1.0,1.0,438.9518,538.0634,347.847,0,0.9965724,0,-0.08272462;
custom,cuboid,metal4,0.5,13,11,0,0,0,0,10,10,316.2791,411.5654,591.7538,-0.3186916,0.317581,-0.6325988,0.6303942;
custom,cuboid,metal4,0.5,11,11,0,0.1818182,0.2045455,0.1818182,10,10,287.1343,530.4247,653.8542,-0.449475,0.002547706,-0.8932878,0.001589223;
custom,pyramid,metal4,2,1,1,1,0.1818182,0.2045455,0.1818182,10,10,117.2619,593.7029,751.5284,0,0.440021,0,0.8979875;
custom,pyramid,metal4,2,1,1,1,0.1818182,0.2045455,0.1818182,10,10,218.4078,593.8228,830.8704,0.0009697127,0.4407724,0.005433323,0.897602;
custom,pyramid,metal4,2,1,1,1,0.1818182,0.2045455,0.1818182,10,10,436.2105,589.6782,362.9016,0,0.4419543,0,0.8970376;
custom,pyramid,metal4,2,1,1,1,0.1818182,0.2045455,0.1818182,10,10,535.9102,587.7275,444.3722,0,0.907387,0,-0.4202963;
custom,torus,metal4,5,1,5,1,1,1,0,10,10,323.8734,588.8154,593.1318,0.007814304,0.3443461,-0.02129911,-0.9385687;
custom,cuboid,rock3,0.3,3,3,1,0.8068182,0,0,10,10,306.7484,247.3722,473.2099,-0.0008094721,0.462139,-7.246093E-05,0.8868072;
custom,cuboid,rock3,0.3,3,3,1,0.8068182,0,0,10,10,305.4016,245.7713,475.5075,0,0.4340582,0,0.9008848;
custom,cuboid,rock3,0.3,3,3,1,0.8068182,0,0,10,10,303.9126,244.5722,477.3759,0,0.4340582,0,0.9008848;
custom,cuboid,rock3,0.3,3,3,1,0.8068182,0,0,10,10,302.557,243.1725,479.3638,0,0.4340582,0,0.9008848;
custom,cuboid,rock3,0.3,3,3,1,0.8068182,0,0,10,10,301.0121,241.5713,480.9486,0,0.4340582,0,0.9008848;
custom,cuboid,rock3,0.3,3,3,1,0.8068182,0,0,10,10,299.6072,239.9714,482.6442,0,0.4340582,0,0.9008848;
custom,cuboid,rock3,0.3,3,3,1,0.8068182,0,0,10,10,298.0703,237.7714,484.5733,0,0.4340582,0,0.9008848;
custom,cuboid,rock3,0.3,3,3,1,0.8068182,0,0,10,10,296.7147,235.5714,486.5617,0,0.4340582,0,0.9008848;
custom,cuboid,rock3,0.3,3,3,1,0.8068182,0,0,10,10,295.3591,233.9726,488.55,0,0.4340582,0,0.9008848;
custom,cuboid,rock3,0.3,3,3,1,0.8068182,0,0,10,10,307.2757,248.8057,472.0163,0.004196167,0.4423059,-0.003404257,0.896848;
custom,cuboid,rock3,0.3,3,3,1,0.8068182,0,0,10,10,294.1176,232.1779,490.2813,7.554286E-10,0.4344507,1.735309E-10,0.9006956;
custom,cuboid,rock3,0.3,3,3,1,0.8068182,0,0,10,10,292.5544,230.4989,492.4072,0,0.4297284,0,0.9029582;
custom,cuboid,rock3,0.3,3,3,1,0.8068182,0,0,10,10,291.1846,229.3143,494.1815,0,0.4226235,0,0.9063054;
custom,cuboid,rock3,0.3,3,3,1,0.8068182,0,0,10,10,289.7211,227.2253,496.1066,0,0.4222207,0,0.9064931;
custom,cuboid,rock3,0.3,3,3,1,0.8068182,0,0,10,10,288.5222,225.3723,497.5489,0,0.4281437,0,0.9037107;
custom,cuboid,rock3,0.3,3,3,1,0.8068182,0,0,10,10,287.3198,223.7906,499.1144,0,0.4360136,0,0.8999401;
custom,cuboid,rock3,0.3,3,3,1,0.07954545,0,0,10,10,228.993,227.949,579.5085,-0.006204844,0.9526075,-0.0125359,0.3038805;
custom,arc180,bark2,1,0.6,1.9,1,0.9659091,0,0,10,10,337.1018,416.9903,608.5685,0,0.9471634,0,0.3207515;
custom,arc180,bark2,1,0.6,1.9,1,0.1931818,0,0,10,10,335.8447,414.3232,607.2388,0,0.9479259,0,0.3184911;
custom,arc180,bark2,1,0.6,1.9,1,0.9659091,0,0,10,10,337.7436,415.4583,609.1763,0,0.9501356,0,0.311837;
custom,cuboid,bark2,0.005,0.5,0.5,1,1,1,0.1704545,10,10,329.5112,415.1025,609.1874,-0.6291764,0.6364661,0.3228195,-0.3079537;
custom,cuboid,bark2,0.005,0.5,0.5,1,1,1,0.1704545,10,10,335.5035,414.9379,601.574,-0.3127785,0.3062953,-0.6423714,0.6290564;
custom,cylinder,bark2,0.005,0.5,0.5,1,1,1,0.1704545,10,10,379.9717,414.5896,569.2885,-0.6698707,0.662892,-0.237717,0.2352407;
custom,cuboid,bark2,0.005,0.5,0.5,1,1,1,0.1704545,10,10,371.9253,414.5083,561.9742,-0.6722556,0.6675783,-0.2270756,0.2254958;
custom,cylinder,bark2,0.005,0.5,0.5,1,1,1,0.1704545,10,10,370.9233,414.4908,558.2943,-0.3152405,0.3152407,-0.6329482,0.6329482;
custom,cylinder,bark2,0.2,0.05,0.2,1,0,0.01136364,0.01136364,10,10,379.8479,413.9743,569.1823,0,0.9078524,0,0.4192899;
custom,cylinder,bark2,0.2,0.07,0.2,1,0,0.01136364,0.01136364,10,10,372.2392,413.765,561.3651,0,0.9481012,0,0.3179687;
custom,cylinder,bark2,0.2,0.07,0.2,1,0,0.01136364,0.01136364,10,10,370.8529,413.7652,557.5591,0,0.9481012,0,0.3179687;
custom,cuboid,bark,0.5,1,1,0,0,0.1022727,1,1,1,320.2811,411.3609,518.9635,0,0.89672,0,-0.4425983;
custom,canal1,default,0.03,0.06,0.06,1,0.25,0.3181818,0.2954545,10,10,335.5982,413.3802,601.3586,0,0.4934902,0,0.8697514;
custom,cuboid,bark2,1,1,5,1,0,0.01136364,0.01136364,10,10,376.959,409.513,550.1201,-0.0006926117,0.8974064,-0.001602018,-0.4412016;
custom,cuboid,bark2,1,2,5,1,0.3409091,0.4659091,0.3181818,10,10,336.3737,423.7057,521.5405,0.004755776,0.8975313,-0.01011265,-0.4408092;
custom,cuboid,default,0.2,0.2,0.2,1,1,1,1,10,10,375.6147,415.0041,554.0056,0,0.9480636,0,0.3180809;
custom,cuboid,default,0.1,0.1,0.1,1,0.25,0.3181818,0.2954545,10,10,375.2817,415.2076,554.5168,-0.0009678942,0.9471399,0.00149372,0.320816;
custom,cuboid,default,0.4,0.9,0.9,1,0.25,0.3181818,0.2954545,10,10,360.7638,417.245,549.0165,0,0.8960822,0,-0.4438881;
custom,cuboid,default,0.2,0.4,0.4,0,0.25,0.3181818,0.2954545,10,10,361.7959,416.2879,551.1575,0,0.8931592,0,-0.4497407;
custom,cuboid,default,0.2,0.4,0.4,0,0.25,0.3181818,0.2954545,10,10,361.7714,418.6487,551.2141,0,0.9032839,0,-0.4290434;
custom,cuboid,default,0.2,0.4,0.4,0,0.25,0.3181818,0.2954545,10,10,358.2995,418.6869,548.571,0,0.8914298,0,-0.4531589;
custom,cuboid,default,0.2,0.4,0.4,0,0.25,0.3181818,0.2954545,10,10,358.3122,416.3276,548.5515,0,0.8946122,0,-0.4468436;
custom,capsule,default,0.02,0.04,0.04,1,0.25,0.3181818,0.2954545,10,10,369.9687,414.5699,562.1594,-0.7004942,0.6956208,-0.1131305,0.1123434;
custom,torus,default,0.02,0.04,0.04,1,0.25,0.3181818,0.2954545,10,10,370.9221,414.5709,562.1912,0,0.9184502,0,0.3955367;
base,aot_supply,default,0.02,0.04,0.04,1,0.25,0.3181818,0.2954545,10,10,602.8464,151.5564,-30.61417,0,0.9726678,0,0.232201;
photon,CannonWall,default,0.03,0.06,0.06,1,0.25,0.3181818,0.2954545,10,10,335.2469,415.2188,601.8706,0.6452422,0.7613391,0.049178,0.04008814;
custom,house4,default,0.03,0.06,0.06,1,0.25,0.3181818,0.2954545,10,10,349.992,434.0118,536.6897,0,0.8803005,0,-0.4744165;
custom,tower3,default,0.03,0.06,0.06,1,0.25,0.3181818,0.2954545,10,10,349.2006,433.185,535.9844,0,0.9500884,0,0.3119808;
custom,windmill1,default,0.03,0.06,0.06,1,0.25,0.3181818,0.2954545,10,10,345.058,433.4316,533.3929,0,0.9605566,0,-0.2780845;
custom,canal1,default,0.03,0.06,0.06,1,0.25,0.3181818,0.2954545,10,10,329.0258,413.5792,608.9964,0,0.450026,0,0.8930155;
custom,cuboid,bark,0.5,1,1,0,0,0.1022727,1,1,1,330.8709,411.2344,527.0811,0,0.8928301,0,-0.4503937;
custom,cuboid,bark,0.5,1,1,0,0,0.1022727,1,1,1,342.3111,411.1141,536.0424,0,0.8896643,0,-0.4566153;
racing,startCuboid,0.4,0.9,0.9,342.1133,415.5534,536.2325,0,0.8842343,0,-0.4670437;
racing,startCuboid,0.4,0.9,0.9,330.8318,415.1898,527.2512,0,0.8902752,0,-0.4554231;
racing,startCuboid,0.4,0.9,0.9,320.2337,415.1511,519.0313,0,0.8908712,0,-0.4542561;
custom,dummy1,default,0.09,0.09,0.08,1,0,0.1022727,1,1,1,341.753,416.1847,536.4939,0,0.2293415,0,-0.973346;
custom,cannon1,default,0.09,0.09,0.08,1,0,0.1022727,1,1,1,331.3194,416.2494,526.8139,0,0.8918727,0,-0.4522866;
photon,spawnTitan,30,0,727.2766,15.59514,-536.0123,0,0.9970086,0,-0.07729174;
photon,spawnTitan,30,0,-450.7558,6.902921,-516.3569,0,0.724683,0,-0.6890824;
spawnpoint,playerC,276.2194,9.378572,31.08109,0,0.9760284,0,0.2176431;
spawnpoint,playerM,255.8435,8.778584,25.53261,0,0.9760284,0,0.2176431;
custom,cylinder,default,1,3,1,1,1,0,0,1.0,1.0,254.6027,544.1815,573.5293,0,0.4226053,0,0.9063138;
custom,cylinder,default,1,3,1,1,1,0,0,1.0,1.0,253.4294,573.1815,574.7535,-0.2956815,0.3019399,-0.6341146,0.6475365;
custom,cylinder,default,0.9,2,0.9,1,1,0,0,1.0,1.0,280.6232,557.9815,536.3051,-0.3003876,0.2972583,-0.6442074,0.6374964;
custom,cylinder,default,0.9,2,0.9,1,1,0,0,1.0,1.0,282.1999,535.5818,536.6042,0,0.4226053,0,0.9063138;
misc,barrier,50,200,200,155.1606,-244.1448,268.1161,-8.201446E-05,8.172858E-05,0.7083401,-0.7058713;
custom,pyramid,default,0.05,0.05,0.05,1,1,0.7386364,0,1.0,1.0,319.9533,417.7012,518.888,0,0.9618475,0,0.2735862;
custom,cuboid,metal4,1,5,5,0,0,0,0,10,10,240.9497,540.8979,622.7326,0.008171716,-0.4225348,0.004643097,-0.906298;
custom,cuboid,metal4,1,5,5,0,0,0,0,10,10,241.3376,550.2562,622.004,0,-0.4476632,0,-0.8942023;