map,disablebounds;
racing,killCuboid,1000,1,1000,-100,504.5,-425,0,0,0,0;
custom,cuboid,metal1,1,10,1000,0,1,1,1,0.01,0.01,-100,450.5,-5425,1,0,-1,0;
custom,cuboid,metal1,1,10,1000,0,1,1,1,0.01,0.01,-100,450.5,4460,1,0,-1,0;
custom,cuboid,metal1,1,10,1000,0,1,1,1,0.01,0.01,-5000,450.5,-425,0,0,0,0;
custom,cuboid,metal1,1,10,1000,0,1,1,1,0.01,0.01,4900,450.5,-425,0,0,0,0;
custom,cuboid,stone4,1000,1,1000,0,1,1,1,64,64,-100,505,-425,0,0,0,0;
custom,cuboid,metal1,20,1,20,0,1,1,1,0.01,0.01,3900,495.5,-5320,0,0,0,0;
custom,cylinder,metal1,0.5,2,0.5,0,1,1,1,0.01,1,3900,480.5,-5220,0,0,0,0;
custom,sphere,metal1,1,1,1,0,1,1,1,0.01,1,3900.25,458,-5219.25,0,0,0,0;



custom,cylinder,lava1,2,2.99,2,0,1,1,1,0.2,0.5,3900,410.5,-4610,0.5,-0.5,-0.5,-0.5;
custom,cylinder,lava1,1,4.5,1,0,1,1,1,0.25,2,3920,455.5,-4610,0,0,0,0;
custom,cylinder,lava1,1,4.5,1,0,1,1,1,0.25,2,3880,455.5,-4610,0,0,0,0;
custom,cylinder,lava1,2,2.99,2,0,1,1,1,0.2,0.5,3900,410.5,-4420,0.5,-0.5,-0.5,-0.5;
custom,cylinder,lava1,1,9.9,1,0,1,1,1,0.25,2,3900,410.5,-4420,0,0,0,0;
custom,cylinder,lava1,2,2.99,2,0,1,1,1,0.2,0.5,3900,410.5,-4270,0.5,-0.5,-0.5,-0.5;
custom,cylinder,lava1,1,4.5,1,0,1,1,1,0.25,2,3920,455.5,-4270,0,0,0,0;
custom,cylinder,lava1,1,4.5,1,0,1,1,1,0.25,2,3880,455.5,-4270,0,0,0,0;

custom,cuboid,lava1,6,1,100,0,1,1,1,0.5,4,3900,405.5,-3770,0,0,0,0;
racing,killCuboid,5.99,1.1,100.1,3900,405.5,-3770,0,0,0,0;
racing,killCuboid,1,10,100,3935,360.5,-3770,0,0,0,0;
racing,killCuboid,1,10,100,3865,360.5,-3770,0,0,0,0;
racing,killCuboid,1,19,30,3865,405.5,-4420,0,0,0,0;
racing,killCuboid,1,19,30,3935,405.5,-4420,0,0,0,0;
racing,killCuboid,1,9,10,3865,455.5,-4220,0,0,0,0;
racing,killCuboid,1,9,10,3935,455.5,-4220,0,0,0,0;
racing,killCuboid,1,9,10,3865,455.5,-4620,0,0,0,0;
racing,killCuboid,1,9,10,3935,455.5,-4620,0,0,0,0;
racing,killCuboid,8,9,1,3900,455.5,-4165,0,0,0,0;
racing,killCuboid,6.15,10,2,3900,360.5,-4420,0,0,0,0;
racing,killCuboid,4.5,7,1.5,3900,360.5,-4420,0,0,0,0;
racing,killCuboid,3,4,1,3900,360.5,-4420,0,0,0,0;
racing,killCuboid,1.5,1,0.5,3900,360.5,-4420,0,0,0,0;


misc,barrier,6,10,2,3900,360.5,-4420,0,0,0,0;
misc,barrier,6,10,1.5,3900,360.5,-4420,0,0,0,0;
misc,barrier,6,10,1,3900,360.5,-4420,0,0,0,0;
misc,barrier,6,10,0.5,3900,360.5,-4420,0,0,0,0;




custom,cylinder,brick4,5,9.49,5,0,1,1,0,1,1,4030,405.5,-3270,0,0,0,0;
custom,cylinder,brick4,5,9.49,5,0,1,1,1,1,1,3770,405.5,-3270,0,0,0,0;
racing,killcylinder,20,9.5,20,4030,405.5,-3270,0,0,0,0;
racing,killcylinder,20,9.5,20,3770,405.5,-3270,0,0,0,0;
custom,cylinder,brick4,5,9.49,5,0,1,1,1,1,1,4530,405.5,-3270,0,0,0,0;
custom,cylinder,brick4,5,9.49,5,0,1,1,1,1,1,3270,405.5,-3270,0,0,0,0;
racing,killcylinder,20,9.5,20,4530,405.5,-3270,0,0,0,0;
racing,killcylinder,20,9.5,20,3270,405.5,-3270,0,0,0,0;
custom,cylinder,brick4,5,9.49,5,0,1,1,1,1,1,4530,405.5,-2270,0,0,0,0;
custom,cylinder,brick4,5,9.49,5,0,1,1,1,1,1,3270,405.5,-2270,0,0,0,0;
racing,killcylinder,20,9.5,20,4530,405.5,-2270,0,0,0,0;
racing,killcylinder,20,9.5,20,3270,405.5,-2270,0,0,0,0;
custom,cylinder,brick4,1,9.49,1,0,1,1,1,0.25,1,4030,405.5,-2270,0,0,0,0;
custom,cylinder,brick4,1,9.49,1,0,1,1,1,0.25,1,3770,405.5,-2270,0,0,0,0;
racing,killcylinder,20,9.5,20,4030,405.5,-2270,0,0,0,0;
racing,killcylinder,20,9.5,20,3770,405.5,-2270,0,0,0,0;
racing,killCuboid,20,19,50,4280,405.5,-3270,1,0,-1,0;
racing,killCuboid,20,19,50,3520,405.5,-3270,1,0,-1,0;
racing,killCuboid,20,19,50,4280,405.5,-2270,1,0,-1,0;
racing,killCuboid,20,19,50,3520,405.5,-2270,1,0,-1,0;
racing,killCuboid,20,19,100,4530,405.5,-2770,0,0,0,0;
racing,killCuboid,20,19,100,3270,405.5,-2770,0,0,0,0;
custom,cylinder,brick4,5,9.49,5,0,1,1,1,1,1,3770,405.5,-2970,0,0,0,0;
racing,killcylinder,20,9.5,20,3770,405.5,-2970,0,0,0,0;
racing,killCuboid,20,19,86,4200,405.5,-2970,1,0,-1,0;
racing,killCuboid,20,19,20,4030,405.5,-3170,0,0,0,0;
custom,cylinder,brick4,5,9.49,5,0,1,1,1,1,1,4270,405.5,-2670,0,0,0,0;
racing,killcylinder,20,9.5,20,4270,405.5,-2670,0,0,0,0;
racing,killCuboid,20,19,90,3820,405.5,-2670,1,0,-1,0;
racing,killCuboid,20,19,40,3470,405.5,-2970,0,0,0,0;
custom,cylinder,brick4,3,9.49,3,0,1,1,1,1,1,3370,405.5,-2470,0,0,0,0;
racing,killcylinder,10,9.5,10,3370,405.5,-2470,0,0,0,0;
racing,killcylinder,9,9.5,9,3370,405.5,-2470,0,0,0,0;
custom,cylinder,brick4,3,9.49,3,0,1,1,1,1,1,3500,405.5,-2470,0,0,0,0;
racing,killcylinder,10,9.5,10,3500,405.5,-2470,0,0,0,0;
racing,killcylinder,9,9.5,9,3500,405.5,-2470,0,0,0,0;
racing,killCuboid,10,19,93,3965,405.5,-2470,1,0,-1,0;
racing,killCuboid,15,19,10,3980,405.5,-2345,1,0,-1,0;
racing,killCuboid,19,16,49,4280,405.5,-3270,1,0,-1,0;
racing,killCuboid,19,16,49,3520,405.5,-3270,1,0,-1,0;
racing,killCuboid,19,16,49,4280,405.5,-2270,1,0,-1,0;
racing,killCuboid,19,16,49,3520,405.5,-2270,1,0,-1,0;
racing,killCuboid,19,16,99,4530,405.5,-2770,0,0,0,0;
racing,killCuboid,19,16,99,3270,405.5,-2770,0,0,0,0;
racing,killCuboid,19,16,85,4200,405.5,-2970,1,0,-1,0;
racing,killCuboid,19,16,19,4030,405.5,-3170,0,0,0,0;
racing,killCuboid,19,16,89,3820,405.5,-2670,1,0,-1,0;
racing,killCuboid,19,16,39,3470,405.5,-2970,0,0,0,0;
racing,killCuboid,9,16,89,3965,405.5,-2470,1,0,-1,0;
racing,killCuboid,14,16,9,3980,405.5,-2345,1,0,-1,0;
racing,killCuboid,12,2,2,3770,405.5,-3120,1,0,-1,0;
racing,killCuboid,12,2,2,3770,455.5,-3120,1,0,-1,0;
racing,killCuboid,12,2,2,3770,355.5,-3120,1,0,-1,0;
racing,killCuboid,12,2,2,3770,345.5,-2820,1,0,-1,0;
racing,killCuboid,12,2,2,3770,385.5,-2820,1,0,-1,0;
racing,killCuboid,12,2,2,3770,425.5,-2820,1,0,-1,0;
racing,killCuboid,12,2,2,3770,465.5,-2820,1,0,-1,0;
racing,killCuboid,8,2,2,3770,405.5,-2550,1,0,-1,0;
racing,killCuboid,7,2,2,3770,375.5,-2400,1,0,-1,0;
racing,killCuboid,7,2,2,3770,435.5,-2400,1,0,-1,0;
racing,killCuboid,12,10,2,4270,360.5,-2820,1,0,-1,0;
racing,killCuboid,8,10,2,4270,450.5,-2545,1,0,-1,0;
racing,killCuboid,11,1.9,1.9,3770,405.5,-3120,1,0,-1,0;
racing,killCuboid,11,1.9,1.9,3770,455.5,-3120,1,0,-1,0;
racing,killCuboid,11,1.9,1.9,3770,355.5,-3120,1,0,-1,0;
racing,killCuboid,11,1.9,1.9,3770,345.5,-2820,1,0,-1,0;
racing,killCuboid,11,1.9,1.9,3770,385.5,-2820,1,0,-1,0;
racing,killCuboid,11,1.9,1.9,3770,425.5,-2820,1,0,-1,0;
racing,killCuboid,11,1.9,1.9,3770,465.5,-2820,1,0,-1,0;
racing,killCuboid,7,1.9,1.9,3770,405.5,-2550,1,0,-1,0;
racing,killCuboid,6,1.9,1.9,3770,375.5,-2400,1,0,-1,0;
racing,killCuboid,6,1.9,1.9,3770,435.5,-2400,1,0,-1,0;
racing,killCuboid,11,9.9,1.9,4270,360.5,-2820,1,0,-1,0;
racing,killCuboid,7,9.9,1.9,4270,450.5,-2545,1,0,-1,0;
racing,killCuboid,2,19,12,3830,405.5,-2180,1,0,-1,0;
racing,killCuboid,2,19,12,3970,405.5,-2180,1,0,-1,0;
racing,killCuboid,1.9,18,11.9,3830,405.5,-2180,1,0,-1,0;
racing,killCuboid,1.9,18,11.9,3970,405.5,-2180,1,0,-1,0;
racing,killCuboid,2,2,2,3900,490.5,-2180,1,0,-1,0;
racing,killCuboid,2,2,2,3900,320.5,-2180,1,0,-1,0;
racing,killCuboid,2,2,2,3900,405.5,-2180,1,0,-1,0;
racing,killCuboid,2,2,2,3900,448,-2180,1,0,-1,0;
racing,killCuboid,2,2,2,3900,363,-2180,1,0,-1,0;
racing,killCuboid,1.9,1.9,1.9,3900,490.5,-2180,1,0,-1,0;
racing,killCuboid,1.9,1.9,1.9,3900,320.5,-2180,1,0,-1,0;
racing,killCuboid,1.9,1.9,1.9,3900,405.5,-2180,1,0,-1,0;
racing,killCuboid,1.9,1.9,1.9,3900,448,-2180,1,0,-1,0;
racing,killCuboid,1.9,1.9,1.9,3900,363,-2180,1,0,-1,0;
racing,killCuboid,1,19,26,3960,405.5,-2040,0,0,0,0;
racing,killCuboid,1,19,26,3840,405.5,-2040,0,0,0,0;
racing,killCuboid,11,13,1,3900,375.5,-1915,0,0,0,0;
racing,killCuboid,7,9,1,3900,455.5,-3275,0,0,0,0;
racing,killCuboid,5,7,4,3935,465.5,-1890,0,0,0,0;
racing,killCuboid,5,7,4,3865,465.5,-1890,0,0,0,0;
racing,killCuboid,8,1,4,3900,435.5,-1890,0,0,0,0;




custom,arc180,lava1,12,12,12,0,1,1,1,1,1,3985,472,-1750,0,0,-1,0;
custom,arc180,lava1,-12,12,12,0,1,1,1,1,1,3865,472,-1533.5,0,0,-1,0;
custom,arc180,lava1,12,12,12,0,1,1,1,1,1,3985,472,-1317.5,0,0,-1,0;
custom,arc180,lava1,-12,12,12,0,1,1,1,1,1,3865,472,-1101.5,0,0,-1,0;
custom,arc180,lava1,12,12,12,0,1,1,1,1,1,3985,472,-885.5,0,0,-1,0;
custom,arc180,lava1,-12,12,12,0,1,1,1,1,1,3865,472,-669.5,0,0,-1,0;
custom,arc180,lava1,-16,12,24,0,1,1,1,1,1,3765,472,-1533.5,0,0,-1,0;
custom,arc180,lava1,-16,12,24,0,1,1,1,1,1,3765,472,-1101.5,0,0,-1,0;
custom,arc180,lava1,-16,12,24,0,1,1,1,1,1,3765,472,-669.5,0,0,-1,0;
custom,cylinder,lava1,5,3,5,0,1,1,1,0.25,0.5,3841,470.5,-1754.5,0,0,0,0;
custom,cylinder,lava1,5,3,5,0,1,1,1,0.25,0.5,3841,470.5,-1322,0,0,0,0;
custom,cylinder,lava1,5,3,5,0,1,1,1,0.25,0.5,3841,470.5,-890,0,0,0,0;
custom,cuboid,lava1,1,6,12,0,1,1,1,0.25,0.5,3863.5,470.5,-1812.5,0.05,0,-0.99,0;
custom,cuboid,lava1,1,6,40,0,1,1,1,1,0.5,4124.984,470.5,-557,1,0,-1,0;
custom,cuboid,lava1,1,6,50,0,1,1,1,1,0.5,4075,470.5,-477,1,0,-1,0;
custom,cuboid,lava1,1,1,16,0,1,1,1,1,1,3943,445.5,-1752.5,1,0,-1,0;
custom,cuboid,lava1,1,1,16,0,1,1,1,1,1,3943,495.5,-1752.5,1,0,-1,0;
custom,cuboid,lava1,1,1.75,16,0,1,1,1,1,1,3943,449,-1322.5,1,0,-1,0;
custom,cuboid,lava1,1,1.75,16,0,1,1,1,1,1,3943,492,-1322.5,1,0,-1,0;
custom,cuboid,lava1,1,2.25,16,0,1,1,1,1,1,3943,451.5,-890.5,1,0,-1,0;
custom,cuboid,lava1,1,2.25,16,0,1,1,1,1,1,3943,489.5,-890.5,1,0,-1,0;
custom,cuboid,lava1,1,4,1,0,1,1,1,1,1,3988,470.5,-1752.5,1,0,-1,0;
custom,cuboid,lava1,1,4,1,0,1,1,1,1,1,3954,470.5,-1752.5,1,0,-1,0;
custom,cuboid,lava1,1,4,1,0,1,1,1,1,1,3921,470.5,-1752.5,1,0,-1,0;
custom,cuboid,lava1,1,4,1,0,1,1,1,1,1,3888,470.5,-1752.5,1,0,-1,0;
custom,cuboid,lava1,1,2.5,1,0,1,1,1,1,1,3976,470.5,-1322.5,1,0,-1,0;
custom,cuboid,lava1,1,2.5,1,0,1,1,1,1,1,3938,470.5,-1322.5,1,0,-1,0;
custom,cuboid,lava1,1,2.5,1,0,1,1,1,1,1,3900,470.5,-1322.5,1,0,-1,0;
custom,cuboid,lava1,1,1.5,1,0,1,1,1,1,1,3964,470.5,-890.5,1,0,-1,0;
custom,cuboid,lava1,1,1.5,1,0,1,1,1,1,1,3911,470.5,-890.5,1,0,-1,0;
custom,cuboid,lava1,1,2.5,9,0,1,1,1,0.5,0.5,4330,488,-517,0,0,0,0;
custom,cuboid,lava1,1,2.5,9,0,1,1,1,0.5,0.5,4330,453,-517,0,0,0,0;
custom,cuboid,lava1,1,1,2.5,0,1,1,1,0.2,0.2,4330,470.5,-502.5,0,0,0,0;
custom,cuboid,lava1,1,1,2.5,0,1,1,1,0.2,0.2,4330,470.5,-531.5,0,0,0,0;

racing,killCuboid,1.05,1.5,1,3964,470.5,-890.5,1,0,-1,0;
racing,killCuboid,1.05,1.5,1,3911,470.5,-890.5,1,0,-1,0;
racing,killCuboid,1.05,2.5,9,4330,488,-517,0,0,0,0;
racing,killCuboid,1.05,2.5,9,4330,453,-517,0,0,0,0;
racing,killCuboid,1.05,1,2.5,4330,470.5,-502.5,0,0,0,0;
racing,killCuboid,1.05,1,2.5,4330,470.5,-531.5,0,0,0,0;

custom,cuboid,metal1,20,1,20,0,1,1,1,0.01,0.01,4435,495.5,-512.5,0,0,0,0;
racing,killCuboid,1,6,22,4435,470.5,-617.5,1,0,-1,0;
racing,killCuboid,1,6,7,4500,470.5,-407.5,1,0,-1,0;
racing,killCuboid,1,6,7,4370,470.5,-407.5,1,0,-1,0;
racing,killCuboid,1,6,22,4540,470.5,-512.5,0,0,0,0;
racing,killCuboid,1,6,5,4330,470.5,-587.5,0,0,0,0;
racing,killCuboid,1,6,7,4330,470.5,-437.5,0,0,0,0;
custom,cuboid,brick2,1,6,1,0,1,1,1,0.25,0.5,4460,470.5,-407.5,0,0,0,0;
custom,cuboid,brick2,1,6,1,0,1,1,1,0.25,0.5,4410,470.5,-407.5,0,0,0,0;
custom,cuboid,brick2,1,6,1,0,1,1,1,0.25,0.5,4460,470.5,-307.5,0,0,0,0;
custom,cuboid,brick2,1,6,1,0,1,1,1,0.25,0.5,4410,470.5,-307.5,0,0,0,0;
custom,cuboid,brick2,1,6,1,0,1,1,1,0.25,0.5,4460,470.5,-207.5,0,0,0,0;
custom,cuboid,brick2,1,6,1,0,1,1,1,0.25,0.5,4410,470.5,-207.5,0,0,0,0;
custom,cuboid,brick2,1,6,1,0,1,1,1,0.25,0.5,4485,470.5,-207.5,0,0,0,0;
custom,cuboid,brick2,1,6,1,0,1,1,1,0.25,0.5,4385,470.5,-207.5,0,0,0,0;

racing,killCuboid,1,6,9,4460,470.5,-357.5,0,0,0,0;
racing,killCuboid,1,6,9,4410,470.5,-357.5,0,0,0,0;
racing,killCuboid,1,6,9,4460,470.5,-257.5,0,0,0,0;
racing,killCuboid,1,6,9,4410,470.5,-257.5,0,0,0,0;
racing,killCuboid,1.5,6,1,4472.5,470.5,-207.5,0,0,0,0;
racing,killCuboid,1.5,6,1,4397.5,470.5,-207.5,0,0,0,0;
racing,killCuboid,1,6,15,4485,470.5,-127.5,0,0,0,0;
racing,killCuboid,1,6,15,4385,470.5,-127.5,0,0,0,0;
custom,cuboid,brick2,1,6,15,0,1,1,1,1,0.5,4485,470.5,22.5,0,0,0,0;
custom,cuboid,brick2,1,6,15,0,1,1,1,1,0.5,4385,470.5,22.5,0,0,0,0;
racing,killCuboid,1,6,15,4485,470.5,172.5,0,0,0,0;
racing,killCuboid,1,6,15,4385,470.5,172.5,0,0,0,0;
custom,cuboid,brick2,1,6,15,0,1,1,1,1,0.5,4485,470.5,322.5,0,0,0,0;
custom,cuboid,brick2,1,6,15,0,1,1,1,1,0.5,4385,470.5,322.5,0,0,0,0;
racing,killCuboid,1,6,1,4435,470.5,162.5,0,0,0,0;
racing,killCuboid,1,6,1,4435,470.5,162.5,0,-1,0,0.414;
racing,killCuboid,1,6,1,4450,470.5,142.5,0,0,0,0;
racing,killCuboid,1,6,1,4450,470.5,142.5,0,-1,0,0.414;
racing,killCuboid,1,6,1,4465,470.5,122.5,0,0,0,0;
racing,killCuboid,1,6,1,4465,470.5,122.5,0,-1,0,0.414;
racing,killCuboid,1,6,1,4480,470.5,102.5,0,0,0,0;
racing,killCuboid,1,6,1,4480,470.5,102.5,0,-1,0,0.414;
racing,killCuboid,1,6,1,4420,470.5,142.5,0,0,0,0;
racing,killCuboid,1,6,1,4420,470.5,142.5,0,-1,0,0.414;
racing,killCuboid,1,6,1,4405,470.5,122.5,0,0,0,0;
racing,killCuboid,1,6,1,4405,470.5,122.5,0,-1,0,0.414;
racing,killCuboid,1,6,1,4390,470.5,102.5,0,0,0,0;
racing,killCuboid,1,6,1,4390,470.5,102.5,0,-1,0,0.414;
racing,killCuboid,1,6,1,4435,470.5,182.5,0,0,0,0;
racing,killCuboid,1,6,1,4435,470.5,182.5,0,-1,0,0.414;
racing,killCuboid,1,6,1,4450,470.5,202.5,0,0,0,0;
racing,killCuboid,1,6,1,4450,470.5,202.5,0,-1,0,0.414;
racing,killCuboid,1,6,1,4465,470.5,222.5,0,0,0,0;
racing,killCuboid,1,6,1,4465,470.5,222.5,0,-1,0,0.414;
racing,killCuboid,1,6,1,4480,470.5,242.5,0,0,0,0;
racing,killCuboid,1,6,1,4480,470.5,242.5,0,-1,0,0.414;
racing,killCuboid,1,6,1,4420,470.5,202.5,0,0,0,0;
racing,killCuboid,1,6,1,4420,470.5,202.5,0,-1,0,0.414;
racing,killCuboid,1,6,1,4405,470.5,222.5,0,0,0,0;
racing,killCuboid,1,6,1,4405,470.5,222.5,0,-1,0,0.414;
racing,killCuboid,1,6,1,4390,470.5,242.5,0,0,0,0;
racing,killCuboid,1,6,1,4390,470.5,242.5,0,-1,0,0.414;




racing,killCuboid,1,6,6,4510,470.5,600,1,0,-1,0;
racing,killCuboid,1,6,4,4350,470.5,600,1,0,-1,0;
racing,killCuboid,1,6,6,4510,470.5,400,1,0,-1,0;
racing,killCuboid,1,6,6,4360,470.5,400,1,0,-1,0;
racing,killCuboid,21,6,1,4335,470.5,500,1,0,-1,0;
racing,killCuboid,21,6,1,4535,470.5,500,1,0,-1,0;

custom,cuboid,metal1,20,0.5,20,0,1,1,1,0.01,0.01,4435,498,498,0,0,0,0;
custom,cuboid,default,1,6,1,0,1,1,1,1,1,4375,470.5,600,1,0,-1,0;
custom,cuboid,default,1,6,1,0,1,1,1,1,1,4475,470.5,600,1,0,-1,0;
custom,cuboid,brick2,1,6,10,0,1,1,1,0.5,0.5,4475,470.5,655,0,0,0,0;
custom,cuboid,brick2,1,6,10,0,1,1,1,0.5,0.5,4475,470.5,855,0,0,0,0;
custom,cuboid,brick2,1,6,10,0,1,1,1,0.5,0.5,4475,470.5,1055,0,0,0,0;
custom,cuboid,brick2,1,6,10,0,1,1,1,0.5,0.5,4475,470.5,1255,0,0,0,0;
custom,cuboid,brick2,1,6,10,0,1,1,1,0.5,0.5,4475,470.5,1455,0,0,0,0;
custom,cuboid,brick2,1,6,10,0,1,1,1,0.5,0.5,4475,470.5,1655,0,0,0,0;
custom,cuboid,brick2,1,6,10,0,1,1,1,0.5,0.5,4375,470.5,755,0,0,0,0;
custom,cuboid,brick2,1,6,10,0,1,1,1,0.5,0.5,4375,470.5,955,0,0,0,0;
custom,cuboid,brick2,1,6,10,0,1,1,1,0.5,0.5,4375,470.5,1155,0,0,0,0;
custom,cuboid,brick2,1,6,10,0,1,1,1,0.5,0.5,4375,470.5,1355,0,0,0,0;
custom,cuboid,brick2,1,6,10,0,1,1,1,0.5,0.5,4375,470.5,1555,0,0,0,0;
custom,cylinder,default,1,10,1,0,1,1,1,1,1,4475,400.5,1705,0,0,0,0;
custom,cylinder,default,1,10,1,0,1,1,1,1,1,4375,400.5,1705,0,0,0,0;
custom,cylinder,default,1,10,1,0,1,1,1,1,1,4475,400.5,2005,0,0,0,0;
custom,cylinder,default,1,10,1,0,1,1,1,1,1,4375,400.5,2005,0,0,0,0;
custom,cylinder,default,2,4.5,2,0,1,1,1,1,1,4425,400.5,1855,0,0,-1,1;
custom,cylinder,default,1,5,1,0,1,1,1,1,1,4425,440.5,1705,0,0,-1,1;
custom,cylinder,default,1,5,1,0,1,1,1,1,1,4425,440.5,2005,0,0,-1,1;
custom,sphere,stone10,2,2,2,0,1,1,1,1,1,4425,295.5,2170,0,0,0,0;
custom,sphere,stone10,2,2,2,0,1,1,1,1,1,4425,295.5,2394,0,0,0,0;
custom,cylinder,stone10,6,0.1,10,0,1,1,1,1,1,4425,254,2265,0,0,0,0;
custom,cylinder,default,1,5.5,1,0,1,1,1,1,1,4425,460.5,2565,0,0,-1,1;
custom,cylinder,default,1,2,1,0,1,1,1,1,1,4375,480.5,2565,0,0,0,0;
custom,cylinder,default,1,2,1,0,1,1,1,1,1,4475,480.5,2565,0,0,0,0;
custom,cylinder,default,1,2,1,0,1,1,1,1,1,4375,480.5,2765,0,0,0,0;
custom,cylinder,default,1,2,1,0,1,1,1,1,1,4475,480.5,2765,0,0,0,0;
custom,cylinder,default,1,2,1,0,1,1,1,1,1,4440,480.5,2800,0,0,0,0;
custom,cylinder,default,1,2,1,0,1,1,1,1,1,4410,480.5,2800,0,0,0,0;
custom,prism,bark,4.3,0.5,2,0,1,1,1,1,1,4425.8,490.5,2675,0,-1,1,0;
custom,cylinder,default,1,2,1,0,1,1,1,1,1,4440,480.5,2950,0,0,0,0;
custom,cylinder,default,1,2,1,0,1,1,1,1,1,4410,480.5,2950,0,0,0,0;
custom,cylinder,default,1,2,1,0,1,1,1,1,1,4475,480.5,2985,0,0,0,0;
custom,cylinder,default,1,2,1,0,1,1,1,1,1,4375,480.5,2985,0,0,0,0;
custom,cylinder,default,1,2,1,0,1,1,1,1,1,4440,480.5,3150,0,0,0,0;
custom,cylinder,default,1,2,1,0,1,1,1,1,1,4410,480.5,3150,0,0,0,0;
custom,cylinder,default,1,2,1,0,1,1,1,1,1,4475,480.5,3115,0,0,0,0;
custom,cylinder,default,1,2,1,0,1,1,1,1,1,4375,480.5,3115,0,0,0,0;
custom,Cuboid,bark,2,8,0.2,0,1,1,1,1,1,4425,499.5,3045,0,-1,-1,0;
custom,Cuboid,bark,2,8,0.2,0,1,1,1,1,1,4425,490,3045,0,-1,-1,0;
custom,Cuboid,bark,2,8,0.2,0,1,1,1,1,1,4425,480.5,3045,0,-1,-1,0;
custom,Cuboid,bark,2,8,0.2,0,1,1,1,1,1,4425,471,3045,0,-1,-1,0;
custom,Cuboid,bark,2,8,0.2,0,1,1,1,1,1,4425,461.5,3045,0,-1,-1,0;
custom,cylinder,bark,2,2,2,0,1,1,1,1,1,4425,480.5,3085,0,0,0,0;
custom,cylinder,bark,2,2,2,0,1,1,1,1,1,4425,480.5,3005,0,0,0,0;
custom,cylinder,default,1,1.5,1,0,1,1,1,1,1,4425,465.5,3150,0,0,1,1;
custom,cylinder,default,1,1.5,1,0,1,1,1,1,1,4425,495.5,3150,0,0,1,1;
custom,cuboid,metal1,20,0.5,20,0,1,1,1,0.01,0.01,4425,498,3450,0,0,0,0;

racing,killCuboid,21,6,1,4325,470.5,3450,1,0,-1,0;
racing,killCuboid,21,1,16,4450,440.5,3450,1,0,-1,0;
racing,killCuboid,7,1,5,4345,440.5,3380,1,0,-1,0;
racing,killCuboid,7,1,5,4345,440.5,3520,1,0,-1,0;
racing,killCuboid,1,6,5,4345,410.5,3485,1,0,-1,0;
racing,killCuboid,1,6,5,4345,410.5,3415,1,0,-1,0;
racing,killCuboid,8,6,1,4375,410.5,3450,1,0,-1,0;
racing,killCuboid,8,1,1,4320,440.5,3450,1,0,-1,0;


custom,cuboid,stone3,6,1,50,0,1,1,1,1,6,4062.5,425.5,3450,1,0,-1,0;
custom,cylinder,stone3,2,3,2,0,1,1,1,1,1,4312.5,430.5,3450,0.5,0.5,-0.5,-0.5;
custom,cuboid,stone5,1,2.5,50,0,1,1,1,8,0.5,4062.5,428,3485,1,0,-1,0;
custom,cuboid,stone5,1,2.5,50,0,1,1,1,8,0.5,4062.5,428,3415,1,0,-1,0;
racing,killCuboid,1,1,50,4062.5,410.5,3485,1,0,-1,0;
racing,killCuboid,1,1,50,4062.5,410.5,3415,1,0,-1,0;
custom,cuboid,stone5,1,2.5,50,0,1,1,1,8,0.5,4062.5,393,3485,1,0,-1,0;
custom,cuboid,stone5,1,2.5,50,0,1,1,1,8,0.5,4062.5,393,3415,1,0,-1,0;
custom,cuboid,stone5,1.5,12.5,1.5,0,1,1,1,0.5,2,4317.5,440.5,3485,0,0,0,0;
custom,cuboid,stone5,1.5,12.5,1.5,0,1,1,1,0.5,2,4317.5,440.5,3415,0,0,0,0;
custom,cylinder,stone3,1,3,1,0,1,1,1,0.5,1,3812.5,425.5,3450,0.5,0.5,0.5,0.5;
custom,cuboid,stone5,10,30,1,0,1,1,1,1.5,3,3762.5,350.5,3415,0,0,0,0;
custom,cuboid,stone5,10,30,1,0,1,1,1,1.5,3,3762.5,350.5,3485,0,0,0,0;
custom,cylinder,stone5,1,14.99,1,0,1,1,1,0.5,4,3812.5,350.5,3485,0,0,0,0;
custom,cylinder,stone5,1,14.99,1,0,1,1,1,0.5,4,3812.5,350.5,3415,0,0,0,0;
custom,cylinder,stone5,1,14.99,1,0,1,1,1,0.5,4,3712.5,350.5,3485,0,0,0,0;
custom,cylinder,stone5,1,14.99,1,0,1,1,1,0.5,4,3712.5,350.5,3415,0,0,0,0;
racing,killCuboid,8,2,50,3462.5,300.5,3450,1,0,-1,0;
racing,killCuboid,6,7,1,3817.5,465.5,3450,1,0,-1,0;
racing,killCuboid,8,21,1,3707.5,395.5,3450,1,0,1,0;
racing,killCuboid,1,9,50,3462.5,245.5,3485,1,0,-1,0;
racing,killCuboid,1,9,50,3462.5,245.5,3415,1,0,-1,0;
racing,killCuboid,8,18.02,1,3817.5,290.5,3450,1,0,-1,0;
racing,killCuboid,8,21,1,3217.5,395.5,3450,1,0,1,0;
racing,killCuboid,8,21,1,3117.5,305.5,3450,1,0,1,0;
custom,cylinder,stone5,0.96,10.45,0.96,0,1,1,1,0.5,4,3217.5,395.5,3450,0,0,0,0;
custom,cylinder,stone5,0.96,10.45,0.96,0,1,1,1,0.5,4,3117.5,305.5,3450,0,0,0,0;
racing,killCuboid,1,30,11,3167.5,350.5,3485,1,0,1,0;
racing,killCuboid,1,30,11,3167.5,350.5,3415,1,0,1,0;
racing,killCuboid,1,10,100,2622.5,450.5,3485,1,0,-1,0;
racing,killCuboid,1,10,100,2622.5,450.5,3415,1,0,-1,0;
racing,killCuboid,8,2,100,2622.5,400.5,3450,1,0,-1,0;
racing,killCuboid,16,50,1,2052.5,250.5,3485,0,0,0,0;
racing,killCuboid,16,50,1,2052.5,250.5,3415,0,0,0,0;
racing,killCuboid,8,2,300,472.5,100.5,3450,1,0,-1,0;
racing,killCuboid,1,11,100,1482.5,55.5,3415,1,0,-1,0;
racing,killCuboid,1,11,100,1482.5,55.5,3485,1,0,-1,0;
racing,killCuboid,8,41,2,1962.5,295.5,3450,1,0,-1,0;
racing,killCuboid,8,41,2,2132.5,205.5,3450,1,0,-1,0;
racing,killCylinder,20,5.5,20,982.5,55.5,3580,0,0,0,0;
racing,killCylinder,20,5.5,20,982.5,55.5,3320,0,0,0,0;
racing,killCylinder,20,5.5,20,482.5,55.5,3580,0,0,0,0;
racing,killCylinder,20,5.5,20,482.5,55.5,3320,0,0,0,0;
racing,killCuboid,1,11,151,-272.5,55.5,3485,1,0,-1,0;
racing,killCuboid,1,11,151,-272.5,55.5,3415,1,0,-1,0;
racing,killCuboid,30,2,50,732.5,100.5,3450,1,0,-1,0;
racing,killCuboid,2,11,50,732.5,55.5,3590,1,0,-1,0;
racing,killCuboid,2,11,50,732.5,55.5,3310,1,0,-1,0;
racing,killCylinder,20,5.5,10,732.5,55.5,3450,0,0,0,0;
custom,cylinder,stone5,4,5,2,0,1,1,1,0.5,1,732.5,45.5,3450,0,0,0,0;
custom,cylinder,stone5,3,5,3,0,1,1,1,0.5,1,982.5,45.5,3580,0,0,0,0;
custom,cylinder,stone5,3,5,3,0,1,1,1,0.5,1,982.5,45.5,3320,0,0,0,0;
custom,cylinder,stone5,3,5,3,0,1,1,1,0.5,1,482.5,45.5,3580,0,0,0,0;
custom,cylinder,stone5,3,5,3,0,1,1,1,0.5,1,482.5,45.5,3320,0,0,0,0;
custom,cuboid,stone5,2.5,40,1,0,1,1,1,0.25,4,2132.5,205.5,3450,0,0,0,0;
custom,cuboid,stone5,2.5,40,1,0,1,1,1,0.25,4,2132.5,205.5,3475,0,0,0,0;
custom,cuboid,stone5,2.5,40,1,0,1,1,1,0.25,4,2132.5,205.5,3425,0,0,0,0;
custom,cuboid,stone5,2.5,40,1,0,1,1,1,0.25,4,1962.5,300.5,3450,0,0,0,0;
custom,cuboid,stone5,2.5,40,1,0,1,1,1,0.25,4,1962.5,300.5,3475,0,0,0,0;
custom,cuboid,stone5,2.5,40,1,0,1,1,1,0.25,4,1962.5,300.5,3425,0,0,0,0;
custom,tube,stone5,10,50,10,0,1,1,1,1,1,-727.5,50.5,3450,0.5,-0.5,-0.5,-0.5;
custom,tube,stone5,8,40,8,0,1,1,1,1,1,-752.5,50.5,3450,0.5,-0.5,-0.5,-0.5;
custom,tube,stone5,6,30,6,0,1,1,1,1,1,-777.5,50.5,3450,0.5,-0.5,-0.5,-0.5;
custom,tube,stone5,4,20,4,0,1,1,1,1,1,-827.5,50.5,3450,0.5,-0.5,-0.5,-0.5;
custom,tube,stone5,3,20,3,0,1,1,1,1,1,-852.5,50.5,3450,0.5,-0.5,-0.5,-0.5;
custom,tube,stone5,2,10,2,0,1,1,1,1,1,-902.5,50.5,3450,0.5,-0.5,-0.5,-0.5;
custom,tube,stone5,1.5,1,1.5,0,1,1,1,1,1,-937.5,50.5,3450,0.5,-0.5,-0.5,-0.5;
custom,tube,stone5,1,0.9,1,0,1,1,1,1,1,-942.5,50.5,3450,0.5,-0.5,-0.5,-0.5;
racing,killTube,9.9,50.1,9.9,-727.5,50.5,3450,0.5,-0.5,-0.5,-0.5;
racing,killTube,7.9,40.1,7.9,-752.5,50.5,3450,0.5,-0.5,-0.5,-0.5;
racing,killTube,5.9,30.1,5.9,-777.5,50.5,3450,0.5,-0.5,-0.5,-0.5;
racing,killTube,3.9,20.1,3.9,-827.5,50.5,3450,0.5,-0.5,-0.5,-0.5;
racing,killTube,2.9,20.1,2.9,-852.5,50.5,3450,0.5,-0.5,-0.5,-0.5;
racing,killTube,1.9,10.1,1.9,-902.5,50.5,3450,0.5,-0.5,-0.5,-0.5;
racing,killTube,1.4,1.1,1.4,-937.5,50.5,3450,0.5,-0.5,-0.5,-0.5;
racing,killTube,0.9,1,0.9,-942.5,50.5,3450,0.5,-0.5,-0.5,-0.5;
racing,killTube,10.1,50.1,10.1,-727.5,50.5,3450,0.5,-0.5,-0.5,-0.5;
racing,killTube,8.1,40.1,8.1,-752.5,50.5,3450,0.5,-0.5,-0.5,-0.5;
racing,killTube,6.1,30.1,6.1,-777.5,50.5,3450,0.5,-0.5,-0.5,-0.5;
racing,killTube,4.1,20.1,4.1,-827.5,50.5,3450,0.5,-0.5,-0.5,-0.5;
racing,killTube,3.1,20.1,3.1,-852.5,50.5,3450,0.5,-0.5,-0.5,-0.5;
racing,killTube,2.1,10.1,2.1,-902.5,50.5,3450,0.5,-0.5,-0.5,-0.5;
racing,killTube,1.6,1.1,1.6,-937.5,50.5,3450,0.5,-0.5,-0.5,-0.5;
racing,killTube,1.1,1,1.1,-942.5,50.5,3450,0.5,-0.5,-0.5,-0.5;
racing,killCuboid,2,8,1,2222.5,460.5,3500,1,0,-1,0;
racing,killCuboid,2,8,1,2272.5,460.5,3500,1,0,-1,0;
racing,killCuboid,2,8,1,2322.5,460.5,3500,1,0,-1,0;
racing,killCuboid,2,8,1,2372.5,460.5,3500,1,0,-1,0;
racing,killCuboid,2,8,1,2422.5,460.5,3500,1,0,-1,0;
racing,killCuboid,2,8,1,2472.5,460.5,3500,1,0,-1,0;
racing,killCuboid,2,8,1,2522.5,460.5,3500,1,0,-1,0;
racing,killCuboid,2,8,1,2572.5,460.5,3500,1,0,-1,0;
custom,cuboid,stone5,1.9,0.9,0.9,0,1,1,1,0.5,0.5,2222.5,425.5,3500,1,0,-1,0;
custom,cuboid,stone5,1.9,0.9,0.9,0,1,1,1,0.5,0.5,2272.5,435.5,3500,1,0,-1,0;
custom,cuboid,stone5,1.9,0.9,0.9,0,1,1,1,0.5,0.5,2322.5,445.5,3500,1,0,-1,0;
custom,cuboid,stone5,1.9,0.9,0.9,0,1,1,1,0.5,0.5,2372.5,455.5,3500,1,0,-1,0;
custom,cuboid,stone5,1.9,0.9,0.9,0,1,1,1,0.5,0.5,2422.5,465.5,3500,1,0,-1,0;
custom,cuboid,stone5,1.9,0.9,0.9,0,1,1,1,0.5,0.5,2472.5,475.5,3500,1,0,-1,0;
custom,cuboid,stone5,1.9,0.9,0.9,0,1,1,1,0.5,0.5,2522.5,485.5,3500,1,0,-1,0;
custom,cuboid,stone5,1.9,0.9,0.9,0,1,1,1,0.5,0.5,2572.5,495.5,3500,1,0,-1,0;
racing,killCuboid,2,8,1,2222.5,460.5,3400,1,0,-1,0;
racing,killCuboid,2,8,1,2272.5,460.5,3400,1,0,-1,0;
racing,killCuboid,2,8,1,2322.5,460.5,3400,1,0,-1,0;
racing,killCuboid,2,8,1,2372.5,460.5,3400,1,0,-1,0;
racing,killCuboid,2,8,1,2422.5,460.5,3400,1,0,-1,0;
racing,killCuboid,2,8,1,2472.5,460.5,3400,1,0,-1,0;
racing,killCuboid,2,8,1,2522.5,460.5,3400,1,0,-1,0;
racing,killCuboid,2,8,1,2572.5,460.5,3400,1,0,-1,0;
custom,cuboid,stone5,1.9,0.9,0.9,0,1,1,1,0.5,0.5,2222.5,425.5,3400,1,0,-1,0;
custom,cuboid,stone5,1.9,0.9,0.9,0,1,1,1,0.5,0.5,2272.5,435.5,3400,1,0,-1,0;
custom,cuboid,stone5,1.9,0.9,0.9,0,1,1,1,0.5,0.5,2322.5,445.5,3400,1,0,-1,0;
custom,cuboid,stone5,1.9,0.9,0.9,0,1,1,1,0.5,0.5,2372.5,455.5,3400,1,0,-1,0;
custom,cuboid,stone5,1.9,0.9,0.9,0,1,1,1,0.5,0.5,2422.5,465.5,3400,1,0,-1,0;
custom,cuboid,stone5,1.9,0.9,0.9,0,1,1,1,0.5,0.5,2472.5,475.5,3400,1,0,-1,0;
custom,cuboid,stone5,1.9,0.9,0.9,0,1,1,1,0.5,0.5,2522.5,485.5,3400,1,0,-1,0;
custom,cuboid,stone5,1.9,0.9,0.9,0,1,1,1,0.5,0.5,2572.5,495.5,3400,1,0,-1,0;
racing,killCuboid,1,8,50,-792.5,190.5,3450,1,-0.7,-0.7,1;
racing,killCuboid,1,8,50,-792.5,240.5,3450,1,-0.7,-0.7,1;
racing,killCylinder,4,4,4,-557.5,340.5,3450,0,-1,-1,0;
racing,killCuboid,1,8,25,-677.5,400.5,3450,1,0.7,0.7,1;
racing,killCuboid,1,8,25,-677.5,460.5,3450,1,0.7,0.7,1;
racing,killCylinder,2,4,2,-1027.5,100.5,3450,0,-1,-1,0;
racing,killCuboid,8,1,20,-462.5,275.5,3450,1,0,-1,0;
racing,killCuboid,8,1,20,-462.5,418,3450,1,0,-1,0;
custom,cuboid,stone5,7.9,15,1.1,0,1,1,1,0.5,1,-367.5,346.75,3450,1,0,-1,0;
racing,killCuboid,8,15.1,1.2,-367.5,346.75,3450,1,0,-1,0;
racing,killCuboid,8,1,40,-992.5,443,3450,1,0,-1,0;
racing,killCuboid,8,44,2,-1177.5,220.5,3450,1,0,-1,0;
racing,killCuboid,14.5,1,8,-1097.5,155.5,3450,0,0,0,0;
racing,killCuboid,82,50,1,-777.5,250.5,3405,0,0,0,0;
racing,killCuboid,82,50,1,-777.5,250.5,3495,0,0,0,0;
custom,cuboid,metal1,20,1,20,0,1,1,1,0.01,0.01,-1377.5,495.5,3450,0,0,0,0;
custom,cuboid,metal1,1,3.5,0.5,0,1,1,1,0.01,0.01,-1272.5,470.5,3455,0,0,0,0;
custom,cuboid,metal1,1,3.5,0.5,0,1,1,1,0.01,0.01,-1272.5,470.5,3445,0,0,0,0;
custom,cuboid,metal1,1,3.5,0.5,0,1,1,1,0.01,0.01,-1272.5,470.5,3485,0,0,0,0;
custom,cuboid,metal1,1,3.5,0.5,0,1,1,1,0.01,0.01,-1272.5,470.5,3415,0,0,0,0;
custom,cuboid,metal1,1,0.5,2.5,0,1,1,1,0.01,0.01,-1272.5,455.5,3470,0,0,0,0;
custom,cuboid,metal1,1,0.5,2.5,0,1,1,1,0.01,0.01,-1272.5,485.5,3470,0,0,0,0;
custom,cuboid,metal1,1,0.5,2.5,0,1,1,1,0.01,0.01,-1272.5,455.5,3430,0,0,0,0;
custom,cuboid,metal1,1,0.5,2.5,0,1,1,1,0.01,0.01,-1272.5,485.5,3430,0,0,0,0;
custom,cuboid,stone5,1,3.5,0.5,0,1,1,1,0.05,0.5,-1272.5,470.5,3450,0,0,0,0;
custom,cuboid,stone5,1,1.25,20,0,1,1,1,1,0.125,-1272.5,494.25,3450,0,0,0,0;
custom,cuboid,stone5,1,1.25,20,0,1,1,1,1,0.125,-1272.5,446.75,3450,0,0,0,0;
custom,cuboid,stone5,1,3.5,6.25,0,1,1,1,0.5,0.125,-1272.5,470.5,3518.75,0,0,0,0;
custom,cuboid,stone5,1,3.5,6.25,0,1,1,1,0.5,0.125,-1272.5,470.5,3381.25,0,0,0,0;
racing,killCuboid,1.1,3.6,0.6,-1272.5,470.5,3450,0,0,0,0;
racing,killCuboid,1.1,1.3,20.1,-1272.5,494.25,3450,0,0,0,0;
racing,killCuboid,1.1,1.3,20.1,-1272.5,446.75,3450,0,0,0,0;
racing,killCuboid,1.1,3.6,6.3,-1272.5,470.5,3518.75,0,0,0,0;
racing,killCuboid,1.1,3.6,6.3,-1272.5,470.5,3381.25,0,0,0,0;
custom,killCuboid,default,2.5,2.5,1,0,1,1,1,1,1,-1272.5,470.5,3470,1,0,-1,0;
custom,checkpointCuboid,default,2.5,2.5,0.25,0,1,1,1,1,1,-1268.5,470.5,3430,1,0,-1,0;
racing,killCuboid,2.5,2.5,0.75,-1273.5,470.5,3430,1,0,-1,0;
custom,cylinder,stone5,1,7,1,0,1,1,1,0.1,1,-937.5,450.5,3450,0.5,-0.5,-0.5,-0.5;
racing,killCylinder,1.1,7.1,1.1,-937.5,450.5,3450,0.5,-0.5,-0.5,-0.5;
racing,killCuboid,1,6,20,-1482.5,470.5,3450,0,0,0,0;
racing,killCuboid,5,6,1,-1182.5,470.5,3375,1,0,-1,0;
racing,killCuboid,5,6,1,-1182.5,470.5,3525,1,0,-1,0;
racing,killCuboid,8,6,1,-1227.5,470.5,3355,0,0,0,0;
racing,killCuboid,8,6,1,-1227.5,470.5,3545,0,0,0,0;
racing,killCuboid,1,6,8,-1307.5,470.5,3555,1,0,-1,0;
racing,killCuboid,1,6,8,-1447.5,470.5,3555,1,0,-1,0;
racing,killCuboid,1,6,22,-1377.5,470.5,3345,1,0,-1,0;

racing,killCuboid,44,6,1,-1345,470.5,3770,1,0,-1,0;
racing,killCuboid,44,6,1,-1410,470.5,3770,1,0,-1,0;
custom,cuboid,default,1,6,1,0,0,0,0,1,1,-1377.5,470.5,3555,1,0,0,0;

custom,cuboid,metal1,20,0.5,20,1,0.5,0.5,0.5,0.01,0.01,-1377.5,498,4090,0,0,0,0;
custom,cuboid,metal1,0.5,1,8,1,0.5,0.5,0.5,0.5,0.01,-1437.5,495.5,4192.5,1,0,-1,0;
custom,cuboid,metal1,0.5,1,8,1,0.5,0.5,0.5,0.5,0.01,-1437.5,445.5,4192.5,1,0,-1,0;
custom,cuboid,metal1,0.5,1,8,1,0.5,0.5,0.5,0.5,0.01,-1317.5,495.5,4192.5,1,0,-1,0;
custom,cuboid,metal1,0.5,1,8,1,0.5,0.5,0.5,0.5,0.01,-1317.5,445.5,4192.5,1,0,-1,0;
custom,cuboid,metal1,0.5,1,8,1,0.5,0.5,0.5,0.5,0.01,-1437.5,495.5,3987.5,1,0,-1,0;
custom,cuboid,metal1,0.5,1,8,1,0.5,0.5,0.5,0.5,0.01,-1437.5,445.5,3987.5,1,0,-1,0;
custom,cuboid,metal1,0.5,1,8,1,0.5,0.5,0.5,0.5,0.01,-1317.5,495.5,3987.5,1,0,-1,0;
custom,cuboid,metal1,0.5,1,8,1,0.5,0.5,0.5,0.5,0.01,-1317.5,445.5,3987.5,1,0,-1,0;
custom,cuboid,metal1,0.5,1,21,1,0.5,0.5,0.5,0.5,0.01,-1275,495.5,4090,0,0,0,0;
custom,cuboid,metal1,0.5,1,21,1,0.5,0.5,0.5,0.5,0.01,-1275,445.5,4090,0,0,0,0;
custom,cuboid,metal1,0.5,1,21,1,0.5,0.5,0.5,0.5,0.01,-1480,495.5,4090,0,0,0,0;
custom,cuboid,metal1,0.5,1,21,1,0.5,0.5,0.5,0.5,0.01,-1480,445.5,4090,0,0,0,0;
custom,cuboid,metal1,1,4,0.5,1,0.5,0.5,0.5,0.01,0.5,-1352.5,470.5,3987.5,0,0,0,0;
custom,cuboid,metal1,1,4,0.5,1,0.5,0.5,0.5,0.01,0.5,-1402.5,470.5,3987.5,0,0,0,0;
custom,cuboid,metal1,1,4,0.5,1,0.5,0.5,0.5,0.01,0.5,-1352.5,470.5,4192.5,0,0,0,0;
custom,cuboid,metal1,1,4,0.5,1,0.5,0.5,0.5,0.01,0.5,-1402.5,470.5,4192.5,0,0,0,0;
custom,cuboid,metal1,4,1,0.5,1,0.5,0.5,0.5,0.5,0.01,-1377.5,445.5,3987.5,0,0,0,0;
custom,cuboid,metal1,4,1,0.5,1,0.5,0.5,0.5,0.5,0.01,-1377.5,445.5,4192.5,0,0,0,0;
custom,checkpointCuboid,default,4,5,0.5,0,1,1,1,1,1,-1377.5,475.5,3987.5,0,0,0,0;
custom,prism,default,4.5,1,4.5,0,1,0,0,1,1,-1377.5,423.9,3988,0,1,1,0;
custom,prism,default,4,1,4,1,1,0,0,1,1,-1377.5,424.5,3987.5,0,1,1,0;
custom,prism,default,3,1,3,0,1,0,0,1,1,-1377.5,425.5,3987,0,1,1,0;
custom,capsule,default,0.3,0.75,0.25,1,0,0,0,1,1,-1377.75,422.5,3981.25,0,0,0,0;
custom,sphere,default,0.4,0.4,0.4,1,0,0,0,1,1,-1377.5,434.7,3983,0,0,0,0;

racing,killcuboid,20,0.5,20,-1377.5,498.2,4090,0,0,0,0;
racing,killcuboid,20,1,20,-1377.5,445.5,4090,0,0,0,0;
racing,killCuboid,0.5,4,7.5,-1310,470.5,4192.5,1,0,-1,0;
racing,killCuboid,0.5,4,7.5,-1445,470.5,4192.5,1,0,-1,0;
racing,killCuboid,0.5,4,7.5,-1310,470.5,3987.5,1,0,-1,0;
racing,killCuboid,0.5,4,7.5,-1445,470.5,3987.5,1,0,-1,0;
racing,killCuboid,0.5,4,20,-1275,470.5,4090,0,0,0,0;
racing,killCuboid,0.5,4,20,-1480,470.5,4090,0,0,0,0;


custom,cuboid,metal1,20,0.5,20,0,1,1,1,0.01,0.01,-1377.5,498,4355,0,0,0,0;
racing,killCuboid,6,6,1,-1352.5,470.5,4225,1,0,-1,0;
racing,killCuboid,6,6,1,-1402.5,470.5,4225,1,0,-1,0;
racing,killCuboid,1,6,7,-1312.5,470.5,4250,1,0,-1,0;
racing,killCuboid,1,6,7,-1442.5,470.5,4250,1,0,-1,0;
racing,killCuboid,1,6,21,-1272.5,470.5,4350,0,0,0,0;

racing,killCuboid,1,6,5,-1482.5,470.5,4270,0,0,0,0;
racing,killCuboid,1,6,10,-1482.5,470.5,4345,0,0,0,0;
racing,killCuboid,1,6,10,-1537.5,470.5,4390,1,0,-1,0;
racing,killCuboid,1,6,10,-1592.5,470.5,4345,0,0,0,0;
racing,killCuboid,1,6,5,-1612.5,470.5,4290,1,0,-1,0;
racing,killCuboid,1,6,10,-1632.5,470.5,4345,0,0,0,0;
racing,killCuboid,1,6,10,-1687.5,470.5,4390,1,0,-1,0;
racing,killCuboid,1,6,10,-1742.5,470.5,4345,0,0,0,0;
racing,killCuboid,1,6,5,-1762.5,470.5,4290,1,0,-1,0;
racing,killCuboid,1,6,10,-1782.5,470.5,4345,0,0,0,0;
racing,killCuboid,1,6,10,-1837.5,470.5,4390,1,0,-1,0;
racing,killCuboid,1,6,10,-1892.5,470.5,4345,0,0,0,0;
racing,killCuboid,1,6,5,-1912.5,470.5,4290,1,0,-1,0;
racing,killCuboid,1,6,10,-1932.5,470.5,4345,0,0,0,0;
racing,killCuboid,1,6,10,-1987.5,470.5,4390,1,0,-1,0;
racing,killCuboid,1,6,10,-2042.5,470.5,4345,0,0,0,0;
racing,killCuboid,1,6,5,-2062.5,470.5,4290,1,0,-1,0;
racing,killCuboid,1,6,10,-2082.5,470.5,4345,0,0,0,0;
racing,killCuboid,1,6,10,-2137.5,470.5,4390,1,0,-1,0;
racing,killcuboid,1,6,12,-1612.5,470.5,4395,0,0,0,0;
racing,killcylinder,1,3,1,-1612.5,470.5,4335,0,0,0,0;
racing,killcuboid,1,6,12,-1762.5,470.5,4395,0,0,0,0;
racing,killcylinder,1,3,1,-1762.5,470.5,4335,0,0,0,0;
racing,killcuboid,1,6,12,-1912.5,470.5,4395,0,0,0,0;
racing,killcylinder,1,3,1,-1912.5,470.5,4335,0,0,0,0;
racing,killcuboid,1,6,12,-2062.5,470.5,4395,0,0,0,0;
racing,killcylinder,1,3,1,-2062.5,470.5,4335,0,0,0,0;
custom,cuboid,metal3,0.9,5.9,9.9,1,1,0,0,1,1,-1537.5,470.5,4390,1,0,-1,0;
custom,cuboid,metal3,0.9,5.9,9.9,1,1,0,0,1,1,-1592.5,470.5,4345,0,0,0,0;
custom,cuboid,metal3,0.9,5.9,4.9,1,1,0,0,1,1,-1612.5,470.5,4290,1,0,-1,0;
custom,cuboid,metal3,0.9,5.9,11.9,1,1,0,0,1,1,-1612.5,470.5,4395,0,0,0,0;
custom,cylinder,metal3,0.9,2.95,0.9,1,1,0,0,1,1,-1612.5,470.5,4335,0,0,0,0;
custom,cuboid,metal3,0.9,5.9,9.9,1,1,0,0,1,1,-1632.5,470.5,4345,0,0,0,0;
custom,cuboid,metal3,0.9,5.9,9.9,1,1,0,0,1,1,-1687.5,470.5,4390,1,0,-1,0;
custom,cuboid,metal3,0.9,5.9,11.9,1,1,0,0,1,1,-1762.5,470.5,4395,0,0,0,0;
custom,cylinder,metal3,0.9,2.95,0.9,1,1,0,0,1,1,-1762.5,470.5,4335,0,0,0,0;
custom,cylinder,metal3,0.9,2.95,0.9,1,1,0,0,1,1,-1837.5,470.5,4390,1,0,-1,0;
custom,cuboid,metal3,0.9,5.9,0.9,1,1,0,0,1,1,-1892.5,470.5,4390,0,0,0,0;
custom,cuboid,metal3,0.9,5.9,0.9,1,1,0,0,1,1,-1932.5,470.5,4390,0,0,0,0;
custom,cuboid,metal3,0.9,5.9,0.9,1,1,0,0,1,1,-1932.5,470.5,4290,0,0,0,0;
custom,cuboid,metal3,0.9,5.9,0.9,1,1,0,0,1,1,-1892.5,470.5,4290,0,0,0,0;
custom,cylinder,metal3,0.9,2.95,0.9,1,1,0,0,1,1,-1912.5,470.5,4335,0,0,0,0;
custom,cuboid,metal3,1.9,0.15,0.1,1,1,0,0,1,1,-2062.5,500.5,4315.5,0,0,0,0;
custom,cuboid,metal3,0.1,0.15,14,1,1,0,0,1,1,-2052.5,500.5,4385,0,0,0,0;
custom,cuboid,metal3,0.1,0.15,14,1,1,0,0,1,1,-2072.5,500.5,4385,0,0,0,0;


racing,killcuboid,1.8,0.2,0.15,-2062.5,500.5,4315.5,0,0,0,0;
racing,killcuboid,0.15,0.2,14.1,-2052.5,500.5,4385,0,0,0,0;
racing,killcuboid,0.15,0.2,14.1,-2072.5,500.5,4385,0,0,0,0;
custom,cuboid,metal3,1,6,100,1,0,0,1,1,1,-2787.5,470.5,4390,1,0,-1,0;
custom,cuboid,metal3,7,6,1,1,0,0,1,1,1,-3292.5,470.5,4420,1,0,-1,0;
custom,cuboid,metal3,6,0.5,6,1,0,0,1,1,1,-3257.5,498,4425,1,0,-1,0;
custom,cuboid,metal3,6,0.5,6,1,0,0,1,1,1,-3257.5,443,4425,1,0,-1,0;
racing,checkpointCylinder,0.5,2.5,0.5,-3257.5,470.5,4425,0,0,0,0;
custom,pillar1,metal3,1,0.25,1,1,0,1,1,1,1,-3257.5,499.5,4425,0,0,0,0;
custom,pillar1,metal3,1,-0.25,1,1,0,1,1,1,1,-3257.5,441.5,4425,0,0,0,0;
custom,cylinder,metal3,1.5,3,1.5,1,1,1,0,1,1,-2187.5,470.5,4390,0,0,0,0;
custom,cylinder,metal3,1.5,3,1.5,1,1,1,0,1,1,-2287.5,470.5,4390,0,0,0,0;
custom,cuboid,metal3,1,6,25,1,1,0,0,1,1,-2277.5,470.5,4300,1,0,-0.414,0;
custom,cuboid,metal3,1,6,25,1,1,0,0,1,1,-2377.5,470.5,4300,1,0,-0.414,0;
custom,cuboid,metal3,1,6,25,1,1,0,0,1,1,-2277.5,470.5,4115,1,0,0.414,0;
custom,cuboid,metal3,1,6,25,1,1,0,0,1,1,-2377.5,470.5,4115,1,0,0.414,0;
custom,cuboid,metal3,1,6,15,1,1,0,0,1,1,-2287.5,470.5,3947.5,0,0,0,0;
custom,cuboid,metal3,1,6,15,1,1,0,0,1,1,-2187.5,470.5,3947.5,0,0,0,0;
custom,cuboid,metal3,1,6,25,1,1,0,0,1,1,-2277.5,470.5,3780,1,0,-0.414,0;
custom,cuboid,metal3,1,6,25,1,1,0,0,1,1,-2377.5,470.5,3780,1,0,-0.414,0;
custom,cuboid,metal3,1,6,30,1,1,0,0,1,1,-2512.5,470.5,3590,1,0,-1,0;
custom,cuboid,metal3,1,6,30,1,1,0,0,1,1,-2612.5,470.5,3690,1,0,-1,0;
custom,cuboid,metal3,1,6,10,1,1,0,0,1,1,-2357.5,470.5,3635,0,0,0,0;
custom,cuboid,metal3,1,6,10,1,1,0,0,1,1,-2757.5,470.5,3635,0,0,0,0;
custom,cylinder,metal3,2,3,2,1,1,1,0,1,1,-2467.5,470.5,4207.5,1,0,1,0;
custom,cylinder,metal3,2,3,2,1,1,1,0,1,1,-2287.5,470.5,4025,1,0,-1,0;
custom,cylinder,metal3,2,3,2,1,1,1,0,1,1,-2367.5,470.5,4207.5,1,0,1,0;
custom,cylinder,metal3,2,3,2,1,1,1,0,1,1,-2187.5,470.5,4025,1,0,-1,0;
custom,cylinder,metal3,2,3,2,1,1,1,0,1,1,-2187.5,470.5,3875,1,0,-1,0;
custom,cylinder,metal3,2,3,2,1,1,1,0,1,1,-2287.5,470.5,3875,1,0,-1,0;
custom,cylinder,metal3,2,3,2,1,1,1,0,1,1,-2362.5,470.5,3690,0,0,0,0;
custom,cylinder,metal3,2,3,2,1,1,1,0,1,1,-2462.5,470.5,3690,0,0,0,0;
custom,cylinder,metal3,2,3,2,1,1,1,0,1,1,-2667.5,470.5,3587.5,0,0,0,0;
custom,cylinder,metal3,2,3,2,1,1,1,0,1,1,-2757.5,470.5,3577.5,0,0,0,0;
custom,cylinder,metal3,2,3,2,1,1,1,0,1,1,-2687.5,470.5,3402.5,0,0,0,0;
custom,cylinder,metal3,2,3,2,1,1,1,0,1,1,-2567.5,470.5,3220,0,0,0,0;
custom,cylinder,metal3,2,3,2,1,1,1,0,1,1,-2567.5,470.5,3065,0,0,0,0;
custom,cylinder,metal3,2,3,2,1,1,1,0,1,1,-2687.5,470.5,2882.5,0,0,0,0;
racing,killcylinder,1.6,2.9,1.6,-2187.5,470.5,4390,0,0,0,0;
racing,killcylinder,1.6,2.9,1.6,-2287.5,470.5,4390,0,0,0,0;
racing,killcuboid,1.1,5.9,25,-2277.5,470.5,4300,1,0,-0.414,0;
racing,killcuboid,1.1,5.9,25,-2377.5,470.5,4300,1,0,-0.414,0;
racing,killcuboid,1.1,5.9,25,-2277.5,470.5,4115,1,0,0.414,0;
racing,killcuboid,1.1,5.9,25,-2377.5,470.5,4115,1,0,0.414,0;
racing,killcuboid,1.1,5.9,15,-2287.5,470.5,3947.5,0,0,0,0;
racing,killcuboid,1.1,5.9,15,-2187.5,470.5,3947.5,0,0,0,0;
racing,killcuboid,1.1,5.9,25,-2277.5,470.5,3780,1,0,-0.414,0;
racing,killcuboid,1.1,5.9,25,-2377.5,470.5,3780,1,0,-0.414,0;
racing,killcuboid,1.1,5.9,30,-2512.5,470.5,3590,1,0,-1,0;
racing,killcuboid,1.1,5.9,30,-2612.5,470.5,3690,1,0,-1,0;
racing,killcuboid,1.1,5.9,10,-2357.5,470.5,3635,0,0,0,0;
racing,killcuboid,1.1,5.9,10,-2757.5,470.5,3635,0,0,0,0;
racing,killcuboid,1.1,5.9,25,-2577.5,470.5,3495,1,0,0.414,0;
racing,killcuboid,1.1,5.9,25,-2677.5,470.5,3495,1,0,0.414,0;
racing,killcuboid,1.1,5.9,25,-2577.5,470.5,3310,1,0,-0.414,0;
racing,killcuboid,1.1,5.9,25,-2677.5,470.5,3310,1,0,-0.414,0;
racing,killcuboid,1.1,5.9,15,-2667.5,470.5,3142.5,0,0,0,0;
racing,killcuboid,1.1,5.9,15,-2767.5,470.5,3142.5,0,0,0,0;
racing,killcuboid,1.1,5.9,25,-2577.5,470.5,2975,1,0,0.414,0;
racing,killcuboid,1.1,5.9,25,-2677.5,470.5,2975,1,0,0.414,0;
racing,killcuboid,1.1,5.9,25,-2577.5,470.5,2790,1,0,-0.414,0;
racing,killcuboid,1.1,5.9,25,-2677.5,470.5,2790,1,0,-0.414,0;
racing,killcylinder,2.1,2.9,2.1,-2467.5,470.5,4207.5,1,0,1,0;
racing,killcylinder,2.1,2.9,2.1,-2287.5,470.5,4025,1,0,-1,0;
racing,killcylinder,2.1,2.9,2.1,-2367.5,470.5,4207.5,1,0,1,0;
racing,killcylinder,2.1,2.9,2.1,-2187.5,470.5,4025,1,0,-1,0;
racing,killcylinder,2.1,2.9,2.1,-2187.5,470.5,3875,1,0,-1,0;
racing,killcylinder,2.1,2.9,2.1,-2287.5,470.5,3875,1,0,-1,0;
racing,killcylinder,2.1,2.9,2.1,-2362.5,470.5,3690,0,0,0,0;
racing,killcylinder,2.1,2.9,2.1,-2462.5,470.5,3690,0,0,0,0;
racing,killcylinder,2.1,2.9,2.1,-2667.5,470.5,3587.5,0,0,0,0;
racing,killcylinder,2.1,2.9,2.1,-2757.5,470.5,3577.5,0,0,0,0;
racing,killcylinder,2.1,2.9,2.1,-2587.5,470.5,3402.5,0,0,0,0;
racing,killcylinder,2.1,2.9,2.1,-2767.5,470.5,3220,0,0,0,0;
racing,killcylinder,2.1,2.9,2.1,-2767.5,470.5,3065,0,0,0,0;
racing,killcylinder,2.1,2.9,2.1,-2587.5,470.5,2882.5,0,0,0,0;
racing,killcylinder,2.1,2.9,2.1,-2487.5,470.5,3402.5,0,0,0,0;
racing,killcylinder,2.1,2.9,2.1,-2667.5,470.5,3220,0,0,0,0;
racing,killcylinder,2.1,2.9,2.1,-2667.5,470.5,3065,0,0,0,0;
racing,killcylinder,2.1,2.9,2.1,-2487.5,470.5,2882.5,0,0,0,0;
racing,killCuboid,8,2,2,-2612.5,490.5,3480,0.414,0,-1,0;
racing,killCuboid,8,2,2,-2612.5,450.5,3480,0.414,0,-1,0;
racing,killCuboid,8,2,2,-2347.5,490.5,4280,1,0,-0.414,0;
racing,killCuboid,8,2,2,-2347.5,450.5,4280,1,0,-0.414,0;
racing,killCuboid,3,6,3,-2635,470.5,3280,1,0,-0.414,0;
racing,killCuboid,3,6,3,-2317.5,470.5,4082.5,1,0,0.414,0;
racing,killCuboid,9,1,6,-2717.5,495.5,3145,0,0,0,0;
racing,killCuboid,9,1,6,-2717.5,445.5,3145,0,0,0,0;
racing,killCuboid,9,1.5,6,-2717.5,470.5,3145,0,0,0,0;
racing,killCuboid,9,1,6,-2237.5,495.5,3950,0,0,0,0;
racing,killCuboid,9,1,6,-2237.5,445.5,3950,0,0,0,0;
racing,killCuboid,9,1.5,6,-2237.5,470.5,3950,0,0,0,0;
racing,killPyramid,1,2.5,1,-2622.5,480.5,2970,0.414,0,-1,0;
racing,killPyramid,1,-2.5,1,-2622.5,460.5,2970,0.414,0,-1,0;
racing,killPyramid,1,2.5,1,-2622.5,480.5,2970,-1,0,-1,0;
racing,killPyramid,1,-2.5,1,-2622.5,460.5,2970,-1,0,-1,0;
racing,killPyramid,1,2.5,1,-2337.5,480.5,3770,0.414,0,-1,0;
racing,killPyramid,1,-2.5,1,-2337.5,460.5,3770,0.414,0,-1,0;
racing,killPyramid,1,2.5,1,-2337.5,480.5,3770,-1,0,-1,0;
racing,killPyramid,1,-2.5,1,-2337.5,460.5,3770,-1,0,-1,0;
custom,cylinder,metal3,1.5,20,1.5,1,0,1,0,1,1,-2557.5,470.5,3640,0.5,-0.5,-0.5,-0.5;
custom,cylinder,metal3,1,3,1,1,1,0.5,0,1,1,-2657.5,470.5,3640,0,0,0,0;
custom,cylinder,metal3,1,5,1,1,1,0.5,0,1,1,-2557.5,470.5,3640,1,0,0,1;
custom,cylinder,metal3,1,3,1,1,1,0.5,0,1,1,-2457.5,470.5,3640,0,0,0,0;
custom,cylinder,metal3,1,3.5,1,1,1,0.5,0,1,1,-2707.5,470.5,3640,1,0,0,0.414;
custom,cylinder,metal3,1,3.5,1,1,1,0.5,0,1,1,-2607.5,470.5,3640,1,0,0,-0.414;
custom,cylinder,metal3,1,3.5,1,1,1,0.5,0,1,1,-2507.5,470.5,3640,1,0,0,0.414;
custom,cylinder,metal3,1,3.5,1,1,1,0.5,0,1,1,-2407.5,470.5,3640,1,0,0,-0.414;
custom,cylinder,metal3,1,3,1,1,0,0.5,1,1,1,-2732.5,470.5,3640,1,0,0,1;
custom,cylinder,metal3,1,3.5,1,1,0,0.5,1,1,1,-2682.5,470.5,3640,1,0,0,-0.414;
custom,cylinder,metal3,1,3,1,1,0,0.5,1,1,1,-2632.5,470.5,3640,0,0,0,0;
custom,cylinder,metal3,1,3.5,1,1,0,0.5,1,1,1,-2582.5,470.5,3640,1,0,0,0.414;
custom,cylinder,metal3,1,5,1,1,0,0.5,1,1,1,-2532.5,470.5,3640,1,0,0,1;
custom,cylinder,metal3,1,3.5,1,1,0,0.5,1,1,1,-2482.5,470.5,3640,1,0,0,-0.414;
custom,cylinder,metal3,1,3,1,1,0,0.5,1,1,1,-2432.5,470.5,3640,0,0,0,0;
custom,cylinder,metal3,1,3.5,1,1,0,0.5,1,1,1,-2382.5,470.5,3640,1,0,0,0.414;
racing,killcylinder,1.6,20,1.6,-2557.5,470.5,3640,0.5,-0.5,-0.5,-0.5;
racing,killcylinder,1.1,3.1,1.1,-2657.5,470.5,3640,0,0,0,0;
racing,killcylinder,1.1,5,1.1,-2557.5,470.5,3640,1,0,0,1;
racing,killcylinder,1.1,3.1,1.1,-2457.5,470.5,3640,0,0,0,0;
racing,killcylinder,1.1,3.6,1.1,-2707.5,470.5,3640,1,0,0,0.414;
racing,killcylinder,1.1,3.6,1.1,-2607.5,470.5,3640,1,0,0,-0.414;
racing,killcylinder,1.1,3.6,1.1,-2507.5,470.5,3640,1,0,0,0.414;
racing,killcylinder,1.1,3.6,1.1,-2407.5,470.5,3640,1,0,0,-0.414;
racing,killcylinder,1.1,3.1,1.1,-2732.5,470.5,3640,1,0,0,1;
racing,killcylinder,1.1,3.6,1.1,-2682.5,470.5,3640,1,0,0,-0.414;
racing,killcylinder,1.1,3.1,1.1,-2632.5,470.5,3640,0,0,0,0;
racing,killcylinder,1.1,3.6,1.1,-2582.5,470.5,3640,1,0,0,0.414;
racing,killcylinder,1.1,5,1.1,-2532.5,470.5,3640,1,0,0,1;
racing,killcylinder,1.1,3.6,1.1,-2482.5,470.5,3640,1,0,0,-0.414;
racing,killcylinder,1.1,3.1,1.1,-2432.5,470.5,3640,0,0,0,0;
racing,killcylinder,1.1,3.6,1.1,-2382.5,470.5,3640,1,0,0,0.414;


racing,killCuboid,1,6,4,-2750,470.5,2690,1,0,0.214,0;
racing,killCuboid,1,6,4,-2670,470.5,2690,1,0,-0.214,0;
custom,cuboid,metal2,1,6,20,0,1,1,1,2,1,-2685,470.5,2575,0,0,0,0;
custom,cuboid,metal2,1,6,200,0,1,1,1,16,1,-1690,470.5,2480,1,0,1,0;
custom,cuboid,metal2,1,6,200,0,1,1,1,16,1,-1690,470.5,2420,1,0,1,0;
custom,cuboid,metal2,7,1,199,0,1,1,1,1,16,-1685,435.5,2450,1,0,1,0;
custom,cuboid,metal2,6,1,199.5,0,1,1,1,1,16,-1687.5,495.5,2450,1,0,1,0;
custom,cuboid,metal2,1,6,26,0,1,1,1,2,1,-2735,470.5,2545,0,0,0,0;
custom,cuboid,metal2,4,6,1,0,1,1,1,1,1,-2710,470.5,2420,0,0,0,0;
custom,cuboid,metal2,6,1,26,0,1,1,1,0.5,2,-2710,435.5,2545,0,0,0,0;
custom,cuboid,metal2,5,1,25,0,1,1,1,0.5,2,-2710,495.5,2550,0,0,0,0;
racing,killCuboid,1,6,20,-2685,470.5,2575,0,0,0,0;
racing,killCuboid,1,6,200,-1690,470.5,2480.2,1,0,1,0;
racing,killCuboid,1,6,200,-1690,470.5,2419.8,1,0,1,0;
racing,killCuboid,7,1,199,-1685,435.3,2450,1,0,1,0;
racing,killCuboid,6,1,199.5,-1687.5,495.7,2450,1,0,1,0;
racing,killCuboid,1,6,26,-2735,470.5,2545,0,0,0,0;
racing,killCuboid,4,6,1,-2710,470.5,2420,0,0,0,0;
racing,killCuboid,6,1,26,-2710,435.5,2545,0,0,0,0;
racing,killCuboid,5,1,25,-2710,495.5,2550,0,0,0,0;
custom,cuboid,metal2,1,1,1,0,1,1,1,1,1,-2420,465.5,2450,0,0,0,0;
custom,cuboid,metal2,1,1,1,0,1,1,1,1,1,-2120,450.5,2435,0,0,0,0;
custom,cuboid,metal2,1,1,1,0,1,1,1,1,1,-2120,480.5,2465,0,0,0,0;
custom,cuboid,metal2,1,1,1,0,1,1,1,1,1,-2120,450.5,2465,0,0,0,0;
custom,cuboid,metal2,1,1,1,0,1,1,1,1,1,-2120,480.5,2435,0,0,0,0;
custom,cuboid,metal2,1,1,1,0,1,1,1,1,1,-1820,450.5,2435,0,0,0,0;
custom,cuboid,metal2,1,1,1,0,1,1,1,1,1,-1820,480.5,2465,0,0,0,0;
custom,cuboid,metal2,1,1,1,0,1,1,1,1,1,-1820,450.5,2465,0,0,0,0;
custom,cuboid,metal2,1,1,1,0,1,1,1,1,1,-1820,480.5,2435,0,0,0,0;
custom,cuboid,metal2,1,1,1,0,1,1,1,1,1,-1820,445.5,2450,0,0,0,0;
custom,cuboid,metal2,1,1,1,0,1,1,1,1,1,-1820,485.5,2450,0,0,0,0;
custom,cuboid,metal2,1,1,1,0,1,1,1,1,1,-1820,465.5,2465,0,0,0,0;
custom,cuboid,metal2,1,1,1,0,1,1,1,1,1,-1820,465.5,2435,0,0,0,0;
custom,cuboid,metal2,3,3,3,0,1,1,1,1,1,-1520,465.5,2450,0,0,0,0;
racing,killCuboid,5,2,10,-765,480.5,2450,1,0,-1,0;
racing,killCuboid,5,2,10,-765,450.5,2450,1,0,-1,0;
racing,killCuboid,2,1,10,-765,465.5,2465,1,0,-1,0;
racing,killCuboid,2,1,10,-765,465.5,2435,1,0,-1,0;
custom,cuboid,metal2,5,2,3,0,1,1,1,1,1,-705,480.5,2450,1,0,-1,0;
custom,cuboid,metal2,5,2,3,0,1,1,1,1,1,-705,450.5,2450,1,0,-1,0;
custom,cuboid,metal2,2,1,3,0,1,1,1,1,1,-705,465.5,2465,1,0,-1,0;
custom,cuboid,metal2,2,1,3,0,1,1,1,1,1,-705,465.5,2435,1,0,-1,0;
custom,cuboid,metal2,1.5,8,1.5,0,1,1,1,1,1,-1120,465.5,2450,0,-0.414,-1,0;
custom,cuboid,metal2,1.5,8,1.5,0,1,1,1,1,1,-1120,465.5,2450,0,0.414,-1,0;
racing,killCuboid,0.98,0.98,0.99,-2420,465.5,2450,0,0,0,0;
racing,killCuboid,0.98,0.98,0.99,-2120,450.5,2435,0,0,0,0;
racing,killCuboid,0.98,0.98,0.99,-2120,480.5,2465,0,0,0,0;
racing,killCuboid,0.98,0.98,0.99,-2120,450.5,2465,0,0,0,0;
racing,killCuboid,0.98,0.98,0.99,-2120,480.5,2435,0,0,0,0;
racing,killCuboid,0.98,0.98,0.99,-1820,450.5,2435,0,0,0,0;
racing,killCuboid,0.98,0.98,0.99,-1820,480.5,2465,0,0,0,0;
racing,killCuboid,0.98,0.98,0.99,-1820,450.5,2465,0,0,0,0;
racing,killCuboid,0.98,0.98,0.99,-1820,480.5,2435,0,0,0,0;
racing,killCuboid,0.98,0.98,0.99,-1820,445.5,2450,0,0,0,0;
racing,killCuboid,0.98,0.98,0.99,-1820,485.5,2450,0,0,0,0;
racing,killCuboid,0.98,0.98,0.99,-1820,465.5,2465,0,0,0,0;
racing,killCuboid,0.98,0.98,0.99,-1820,465.5,2435,0,0,0,0;
racing,killCuboid,2.98,2.98,2.99,-1520,465.5,2450,0,0,0,0;
racing,killCuboid,1.48,7.98,1.49,-1120,465.5,2450,0,-0.414,-1,0;
racing,killCuboid,1.48,7.98,1.49,-1120,465.5,2450,0,0.414,-1,0;




racing,killCuboid,1,6,21,4005,470.5,-5315,0,0,0,0;
racing,killCuboid,1,6,21,3795,470.5,-5315,0,0,0,0;
racing,killCuboid,1,6,100,3930,470.5,-4720,0,0,0,0;
racing,killCuboid,1,6,100,3870,470.5,-4720,0,0,0,0;
racing,killCuboid,6.5,6,1,3967.5,470.5,-5215,0,0,0,0;
racing,killCuboid,6.5,6,1,3832.5,470.5,-5215,0,0,0,0;
racing,killCuboid,5,0.5,60,3900,498,-4920,0,0,0,0;





racing,killarc180,11.9,12,11.9,3985,472,-1750,0,0,-1,0;
racing,killarc180,-12.1,12,12.1,3865,472,-1533.5,0,0,-1,0;
racing,killarc180,11.9,12,11.9,3985,472,-1317.5,0,0,-1,0;
racing,killarc180,-12.1,12,12.1,3865,472,-1101.5,0,0,-1,0;
racing,killarc180,11.9,12,11.9,3985,472,-885.5,0,0,-1,0;
racing,killarc180,-12.1,12,12.1,3865,472,-669.5,0,0,-1,0;
racing,killarc180,-15.9,12,23.9,3765,472,-1533.5,0,0,-1,0;
racing,killarc180,-15.9,12,23.9,3765,472,-1101.5,0,0,-1,0;
racing,killarc180,-15.9,12,23.9,3765,472,-669.5,0,0,-1,0;
racing,killcylinder,5.1,3,5.1,3841,470.5,-1754.5,0,0,0,0;
racing,killcylinder,5.1,3,5.1,3841,470.5,-1322,0,0,0,0;
racing,killcylinder,5.1,3,5.1,3841,470.5,-890,0,0,0,0;
racing,killCuboid,1.1,6,12.1,3863.5,470.5,-1812.5,0.05,0,-0.99,0;
racing,killCuboid,1.1,6,40.1,4124.984,470.5,-557,1,0,-1,0;
racing,killCuboid,1.1,6,50.1,4075,470.5,-477,1,0,-1,0;
racing,killCuboid,1.1,1.1,16.1,3943,445.5,-1752.5,1,0,-1,0;
racing,killCuboid,1.1,1.1,16.1,3943,495.5,-1752.5,1,0,-1,0;
racing,killCuboid,1.1,1.8,16.1,3943,449,-1322.5,1,0,-1,0;
racing,killCuboid,1.1,1.8,16.1,3943,492,-1322.5,1,0,-1,0;
racing,killCuboid,1.1,2.3,16.1,3943,451.5,-890.5,1,0,-1,0;
racing,killCuboid,1.1,2.3,16.1,3943,489.5,-890.5,1,0,-1,0;
racing,killCuboid,1.1,4,1.1,3988,470.5,-1752.5,1,0,-1,0;
racing,killCuboid,1.1,4,1.1,3954,470.5,-1752.5,1,0,-1,0;
racing,killCuboid,1.1,4,1.1,3921,470.5,-1752.5,1,0,-1,0;
racing,killCuboid,1.1,4,1.1,3888,470.5,-1752.5,1,0,-1,0;
racing,killCuboid,1.1,2.5,1.1,3976,470.5,-1322.5,1,0,-1,0;
racing,killCuboid,1.1,2.5,1.1,3938,470.5,-1322.5,1,0,-1,0;
racing,killCuboid,1.1,2.5,1.1,3900,470.5,-1322.5,1,0,-1,0;
racing,killCuboid,1.1,1.5,1.1,3964,470.5,-890.5,1,0,-1,0;
racing,killCuboid,1.1,1.5,1.1,3911,470.5,-890.5,1,0,-1,0;



racing,killCuboid,1,6,10,4475,470.5,755,0,0,0,0;
racing,killCuboid,1,6,10,4475,470.5,955,0,0,0,0;
racing,killCuboid,1,6,10,4475,470.5,1155,0,0,0,0;
racing,killCuboid,1,6,10,4475,470.5,1355,0,0,0,0;
racing,killCuboid,1,6,10,4475,470.5,1555,0,0,0,0;
racing,killCuboid,1,6,10,4375,470.5,655,0,0,0,0;
racing,killCuboid,1,6,10,4375,470.5,855,0,0,0,0;
racing,killCuboid,1,6,10,4375,470.5,1055,0,0,0,0;
racing,killCuboid,1,6,10,4375,470.5,1255,0,0,0,0;
racing,killCuboid,1,6,10,4375,470.5,1455,0,0,0,0;
racing,killCuboid,1,6,10,4375,470.5,1655,0,0,0,0;
racing,killCuboid,1.1,6.1,10.1,4475,470.5,655,0,0,0,0;
racing,killCuboid,1.1,6.1,10.1,4475,470.5,855,0,0,0,0;
racing,killCuboid,1.1,6.1,10.1,4475,470.5,1055,0,0,0,0;
racing,killCuboid,1.1,6.1,10.1,4475,470.5,1255,0,0,0,0;
racing,killCuboid,1.1,6.1,10.1,4475,470.5,1455,0,0,0,0;
racing,killCuboid,1.1,6.1,10.1,4475,470.5,1655,0,0,0,0;
racing,killCuboid,1.1,6.1,10.1,4375,470.5,755,0,0,0,0;
racing,killCuboid,1.1,6.1,10.1,4375,470.5,955,0,0,0,0;
racing,killCuboid,1.1,6.1,10.1,4375,470.5,1155,0,0,0,0;
racing,killCuboid,1.1,6.1,10.1,4375,470.5,1355,0,0,0,0;
racing,killCuboid,1.1,6.1,10.1,4375,470.5,1555,0,0,0,0;
racing,killCuboid,1,6,8,4448,470.5,730,0.414,0,-1,0;
racing,killCuboid,1,6,8,4448,470.5,930,0.414,0,-1,0;
racing,killCuboid,1,6,5,4405,470.5,855,1,0,-1,0;
racing,killCylinder,1,3,1,4475,470.5,1105,0,0,0,0;
racing,killCylinder,1,3,1,4463,470.5,1117,0,0,0,0;
racing,killCylinder,1,3,1,4451,470.5,1129,0,0,0,0;
racing,killCylinder,1,3,1,4439,470.5,1141,0,0,0,0;
racing,killCylinder,1,3,1,4427,470.5,1153,0,0,0,0;
racing,killCylinder,1,3,1,4415,470.5,1165,0,0,0,0;
racing,killCylinder,1,3,1,4403,470.5,1177,0,0,0,0;
racing,killCylinder,1,3,1,4391,470.5,1189,0,0,0,0;
racing,killCylinder,1,3,1,4379,470.5,1201,0,0,0,0;
racing,killCylinder,0.5,3,0.5,4475,470.5,1105,0,0,0,0;
racing,killCylinder,0.5,3,0.5,4463,470.5,1117,0,0,0,0;
racing,killCylinder,0.5,3,0.5,4451,470.5,1129,0,0,0,0;
racing,killCylinder,0.5,3,0.5,4439,470.5,1141,0,0,0,0;
racing,killCylinder,0.5,3,0.5,4427,470.5,1153,0,0,0,0;
racing,killCylinder,0.5,3,0.5,4415,470.5,1165,0,0,0,0;
racing,killCylinder,0.5,3,0.5,4403,470.5,1177,0,0,0,0;
racing,killCylinder,0.5,3,0.5,4391,470.5,1189,0,0,0,0;
racing,killCylinder,0.5,3,0.5,4379,470.5,1201,0,0,0,0;
racing,killCylinder,1.5,4.5,1.5,4425,448,1355,0,0,-1,1;
racing,killCylinder,1.5,4.5,1.5,4425,463,1405,0,0,-1,1;
racing,killCylinder,1.5,4.5,1.5,4425,478,1455,0,0,-1,1;
racing,killCylinder,1.5,4.5,1.5,4425,493,1505,0,0,-1,1;
racing,killCylinder,0.75,4.5,0.75,4425,448,1355,0,0,-1,1;
racing,killCylinder,0.75,4.5,0.75,4425,463,1405,0,0,-1,1;
racing,killCylinder,0.75,4.5,0.75,4425,478,1455,0,0,-1,1;
racing,killCylinder,0.75,4.5,0.75,4425,493,1505,0,0,-1,1;
racing,killCuboid,1,20,30,4475,400.5,1855,0,0,0,0;
racing,killCuboid,1,20,30,4375,400.5,1855,0,0,0,0;
racing,killCuboid,9,10,1,4425,450.5,1910,0,0,0,0;
racing,killCuboid,9,10,1,4425,450.5,1800,0,0,0,0;
racing,killCylinder,12,4.5,12,4425,400.5,1855,0,0,-1,1;
racing,killCuboid,10,14,1,4425,370.5,1705,0,0,0,0;
racing,killCuboid,10,14,1,4425,370.5,2005,0,0,0,0;
racing,killCuboid,11,1,31,4425,295.5,1855,0,0,0,0;
racing,killCuboid,9,0.75,25,4425,295.5,1855,0,0,0,0;
racing,killCuboid,7,0.5,19,4425,295.5,1855,0,0,0,0;
racing,killCuboid,5,0.25,13,4425,295.5,1855,0,0,0,0;
racing,killCuboid,3,0.1,7,4425,295.5,1855,0,0,0,0;
racing,killCuboid,9,1,25,4425,415.4,2097,0,0.414,-1,0;
racing,killCuboid,7,1,20,4425,415.4,2097,0,0.414,-1,0;
racing,killCuboid,5,1,15,4425,415.4,2097,0,0.414,-1,0;
racing,killCuboid,9,1,20,4425,328.5,2282,0,0,0,0;
racing,killCuboid,7,1,15,4425,328.5,2282,0,0,0,0;
racing,killCuboid,5,1,10,4425,328.5,2282,0,0,0,0;
racing,killCuboid,3,1,5,4425,328.5,2282,0,0,0,0;
racing,killCuboid,9,1,25,4425,415.4,2467,0,-0.414,-1,0;
racing,killCuboid,7,1,20,4425,415.4,2467,0,-0.414,-1,0;
racing,killCuboid,5,1,15,4425,415.4,2467,0,-0.414,-1,0;
racing,killCuboid,9,1,56,4425,248.5,2282,0,0,0,0;
racing,killCuboid,6,1,40,4425,248.5,2282,0,0,0,0;
racing,killCuboid,3,1,24,4425,248.5,2282,0,0,0,0;
racing,killCuboid,9,4,1,4425,270.5,2005,0,0,0,0;
racing,killSphere,2.1,2.1,2.1,4425,295.5,2170,0,0,0,0;
racing,killSphere,2.1,2.1,2.1,4425,295.5,2394,0,0,0,0;
racing,killCylinder,1,6,1,4425,290.5,2282,0,0,-0.85,-0.414;
racing,killCylinder,1,6,1,4425,290.5,2282,0,0,-0.85,0.414;
racing,killCylinder,0.5,6,0.5,4425,290.5,2282,0,0,-0.85,-0.414;
racing,killCylinder,0.5,6,0.5,4425,290.5,2282,0,0,-0.85,0.414;
racing,killCuboid,9,21,1,4425,355.5,2565,0,0,0,0;
racing,killCuboid,1,26,56,4475,370.5,2285,0,0,0,0;
racing,killCuboid,0.5,20,40,4475,370.5,2285,0,0,0,0;
racing,killCuboid,1,26,56,4375,370.5,2285,0,0,0,0;
racing,killCuboid,0.5,20,40,4375,370.5,2285,0,0,0,0;
racing,killCuboid,1,4,5,4457.5,480.5,2782.5,0.414,0,-1,0;
racing,killCuboid,1,4,5,4392.5,480.5,2782.5,-0.414,0,-1,0;
racing,killCuboid,20,4,1,4475,480.5,2665,1,0,-1,0;
racing,killCuboid,20,4,1,4375,480.5,2665,1,0,-1,0;
racing,killprism,9,1,4,4425.8,484,2675,0,-1,-1,0;
racing,killCuboid,1,4,15,4440,480.5,2875,0,0,0,0;
racing,killCuboid,1,4,15,4410,480.5,2875,0,0,0,0;
racing,killCuboid,13,4,1,4375,480.5,3050,1,0,-1,0;
racing,killCuboid,13,4,1,4475,480.5,3050,1,0,-1,0;
racing,killCuboid,1,4,5,4457.5,480.5,2967.5,-0.414,0,-1,0;
racing,killCuboid,1,4,5,4392.5,480.5,2967.5,0.414,0,-1,0;
racing,killCuboid,1,4,5,4457.5,480.5,3132.5,0.414,0,-1,0;
racing,killCuboid,1,4,5,4392.5,480.5,3132.5,-0.414,0,-1,0;
racing,killCuboid,2,8,0.75,4425,494.75,3045,0,-1,-1,0;
racing,killCuboid,2,8,0.75,4425,485.25,3045,0,-1,-1,0;
racing,killCuboid,2,8,0.75,4425,475.75,3045,0,-1,-1,0;
racing,killCuboid,2,8,0.75,4425,466.25,3045,0,-1,-1,0;
racing,killCylinder,1,10,1,4440,465.5,3250,0,-1,-1,0;
racing,killCylinder,1,10,1,4410,465.5,3250,0,-1,-1,0;
racing,killCylinder,1,10,1,4440,495.5,3250,0,-1,-1,0;
racing,killCylinder,1,10,1,4410,495.5,3250,0,-1,-1,0;
racing,killCylinder,1,1.5,1,4425,465.5,3350,0,0,1,1;
racing,killCylinder,1,1.5,1,4425,495.5,3350,0,0,1,1;
racing,killCylinder,1,2,1,4440,480.5,3350,0,0,0,0;
racing,killCylinder,1,2,1,4410,480.5,3350,0,0,0,0;
racing,killCuboid,1,3,20,4440,480.5,3250,0,0,0,0;
racing,killCuboid,1,3,20,4410,480.5,3250,0,0,0,0;
racing,killCuboid,3,1,20,4425,465.5,3250,0,0,0,0;
racing,killCuboid,3,1,20,4425,495.5,3250,0,0,0,0;
racing,killCuboid,1,6,9,4485,470.5,3350,1,0,-1,0;
racing,killCuboid,1,6,9,4365,470.5,3350,1,0,-1,0;
racing,killCuboid,3,2.5,1,4425,453,3350,0,0,0,0;
racing,killCuboid,21,6,1,4425,470.5,3550,0,0,0,0;
racing,killCuboid,1,6,21,4525,470.5,3450,0,0,0,0;




custom,cuboid,metal2,10,6,1,0,1,1,1,1,1,-590,470.5,2465,0.7071068,0,-0.7071068,0;
custom,cuboid,metal2,10,6,3,0,1,1,1,1,1,-640,470.5,2500,0,0,1,0;
custom,cuboid,metal2,1,6,500,0,1,1,1,32,1,-590,470.5,-85,1,0,0,0;
custom,cuboid,metal2,1,6,500,0,1,1,1,32,1,-690,470.5,-85,1,0,0,0;
custom,cuboid,metal2,9,1,500,0,1,1,1,1,32,-640,445.5,-85,1,0,0,0;
custom,cuboid,metal2,9,1,500,0,1,1,1,1,32,-640,495.5,-85,1,0,0,0;
racing,killCuboid,1,6,500,-589.75,470.5,-85,1,0,0,0;
racing,killCuboid,1,6,500,-690.25,470.5,-85,1,0,0,0;
racing,killCuboid,9,1,500,-640,445.25,-85,1,0,0,0;
racing,killCuboid,9,1,500,-640,495.75,-85,1,0,0,0;
custom,cuboid,metal2,4,6,5,0,1,1,1,1,1,-610,470.5,-2605,0.7071068,0,-0.7071068,0;
custom,cuboid,metal2,4,6,5,0,1,1,1,1,1,-670,470.5,-2605,0.7071068,0,-0.7071068,0;
custom,cuboid,metal2,1,2.5,4,0,1,1,1,0.25,0.5,-640,488,-2605,1,0,0,0;
custom,cuboid,metal2,1,2.5,4,0,1,1,1,0.25,0.5,-640,453,-2605,1,0,0,0;
racing,killCuboid,3.9,6,5,-609.75,470.5,-2605,0.7071068,0,-0.7071068,0;
racing,killCuboid,3.9,6,5,-670.25,470.5,-2605,0.7071068,0,-0.7071068,0;
racing,killCuboid,1,2.5,3.9,-640,488.25,-2605,1,0,0,0;
racing,killCuboid,1,2.5,3.9,-640,452.75,-2605,1,0,0,0;
custom,cylinder,metal2,1,3,1,0,1,1,1,0.25,1,-640,470.5,2235,0.7071068,0,-0.7071068,0;
custom,cylinder,metal2,1,3,1,0,1,1,1,0.25,1,-650,470.5,2195,0.7071068,0,-0.7071068,0;
custom,cylinder,metal2,1,3,1,0,1,1,1,0.25,1,-630,470.5,2195,0.7071068,0,-0.7071068,0;
custom,cylinder,metal2,1,3,1,0,1,1,1,0.25,1,-660,470.5,2155,0.7071068,0,-0.7071068,0;
custom,cylinder,metal2,1,3,1,0,1,1,1,0.25,1,-620,470.5,2155,0.7071068,0,-0.7071068,0;
custom,cylinder,metal2,1,3,1,0,1,1,1,0.25,1,-670,470.5,2115,0.7071068,0,-0.7071068,0;
custom,cylinder,metal2,1,3,1,0,1,1,1,0.25,1,-610,470.5,2115,0.7071068,0,-0.7071068,0;
custom,cylinder,metal2,1,3,1,0,1,1,1,0.25,1,-680,470.5,2075,0.7071068,0,-0.7071068,0;
custom,cylinder,metal2,1,3,1,0,1,1,1,0.25,1,-600,470.5,2075,0.7071068,0,-0.7071068,0;
custom,cylinder,metal2,1,3,1,0,1,1,1,0.25,1,-670,470.5,2035,0.7071068,0,-0.7071068,0;
custom,cylinder,metal2,1,3,1,0,1,1,1,0.25,1,-610,470.5,2035,0.7071068,0,-0.7071068,0;
custom,cylinder,metal2,1,3,1,0,1,1,1,0.25,1,-660,470.5,1995,0.7071068,0,-0.7071068,0;
custom,cylinder,metal2,1,3,1,0,1,1,1,0.25,1,-620,470.5,1995,0.7071068,0,-0.7071068,0;
custom,cylinder,metal2,1,3,1,0,1,1,1,0.25,1,-650,470.5,1955,0.7071068,0,-0.7071068,0;
custom,cylinder,metal2,1,3,1,0,1,1,1,0.25,1,-630,470.5,1955,0.7071068,0,-0.7071068,0;
custom,cylinder,metal2,1,3,1,0,1,1,1,0.25,1,-640,470.5,1915,0.7071068,0,-0.7071068,0;
racing,killcylinder,0.95,2.9,0.95,-640,470.5,2235,0.7071068,0,-0.7071068,0;
racing,killcylinder,0.95,2.9,0.95,-650,470.5,2195,0.7071068,0,-0.7071068,0;
racing,killcylinder,0.95,2.9,0.95,-630,470.5,2195,0.7071068,0,-0.7071068,0;
racing,killcylinder,0.95,2.9,0.95,-660,470.5,2155,0.7071068,0,-0.7071068,0;
racing,killcylinder,0.95,2.9,0.95,-620,470.5,2155,0.7071068,0,-0.7071068,0;
racing,killcylinder,0.95,2.9,0.95,-670,470.5,2115,0.7071068,0,-0.7071068,0;
racing,killcylinder,0.95,2.9,0.95,-610,470.5,2115,0.7071068,0,-0.7071068,0;
racing,killcylinder,0.95,2.9,0.95,-680,470.5,2075,0.7071068,0,-0.7071068,0;
racing,killcylinder,0.95,2.9,0.95,-600,470.5,2075,0.7071068,0,-0.7071068,0;
racing,killcylinder,0.95,2.9,0.95,-670,470.5,2035,0.7071068,0,-0.7071068,0;
racing,killcylinder,0.95,2.9,0.95,-610,470.5,2035,0.7071068,0,-0.7071068,0;
racing,killcylinder,0.95,2.9,0.95,-660,470.5,1995,0.7071068,0,-0.7071068,0;
racing,killcylinder,0.95,2.9,0.95,-620,470.5,1995,0.7071068,0,-0.7071068,0;
racing,killcylinder,0.95,2.9,0.95,-650,470.5,1955,0.7071068,0,-0.7071068,0;
racing,killcylinder,0.95,2.9,0.95,-630,470.5,1955,0.7071068,0,-0.7071068,0;
racing,killcylinder,0.95,2.9,0.95,-640,470.5,1915,0.7071068,0,-0.7071068,0;
custom,cuboid,metal2,9,0.5,1,0,1,1,1,1,0.075,-640,488,1535,1,0,0,0;
custom,cuboid,metal2,9,0.5,1,0,1,1,1,1,0.075,-640,453,1435,1,0,0,0;
custom,cuboid,metal2,9,1,1,0,1,1,1,1,0.075,-640,485.5,1335,1,0,0,0;
custom,cuboid,metal2,9,1,1,0,1,1,1,1,0.075,-640,455.5,1235,1,0,0,0;
custom,cuboid,metal2,9,1.5,1,0,1,1,1,1,0.15,-640,483,1135,1,0,0,0;
custom,cuboid,metal2,9,1.5,1,0,1,1,1,1,0.15,-640,458,1035,1,0,0,0;
custom,cuboid,metal2,9,2,1,0,1,1,1,1,0.15,-640,480.5,935,1,0,0,0;
custom,cuboid,metal2,9,2,1,0,1,1,1,1,0.15,-640,460.5,835,1,0,0,0;
custom,cuboid,metal2,9,2.5,1,0,1,1,1,1,0.15,-640,478,735,1,0,0,0;
custom,cuboid,metal2,9,2.5,1,0,1,1,1,1,0.15,-640,463,635,1,0,0,0;
custom,cuboid,metal2,9,3,1,0,1,1,1,1,0.25,-640,475.5,535,1,0,0,0;
custom,cuboid,metal2,9,3,1,0,1,1,1,1,0.25,-640,465.5,435,1,0,0,0;
racing,killCuboid,9,0.495,0.9,-640,488,1535,1,0,0,0;
racing,killCuboid,9,0.495,0.9,-640,453,1435,1,0,0,0;
racing,killCuboid,9,0.9,0.9,-640,485.5,1335,1,0,0,0;
racing,killCuboid,9,0.9,0.9,-640,455.5,1235,1,0,0,0;
racing,killCuboid,9,1.4,0.9,-640,483,1135,1,0,0,0;
racing,killCuboid,9,1.4,0.9,-640,458,1035,1,0,0,0;
racing,killCuboid,9,1.9,0.9,-640,480.5,935,1,0,0,0;
racing,killCuboid,9,1.9,0.9,-640,460.5,835,1,0,0,0;
racing,killCuboid,9,2.4,0.9,-640,478,735,1,0,0,0;
racing,killCuboid,9,2.4,0.9,-640,463,635,1,0,0,0;
racing,killCuboid,9,2.9,0.9,-640,475.5,535,1,0,0,0;
racing,killCuboid,9,2.9,0.9,-640,465.5,435,1,0,0,0;
custom,sphere,metal2,16,2,4,0,1,1,1,4,1,-642,472.5,-765,0.7071068,0,-0.7071068,0;
custom,tube,metal2,10,20,4,0,1,1,1,4,4,-639,471.5,-765,0.7071068,0,0,-0.7071068;
racing,killsphere,15.9,1.9,4,-642,472.5,-765,0.7071068,0,-0.7071068,0;
racing,killtube,10.1,19.9,4.1,-639,471.5,-765,0.7071068,0,0,-0.7071068;
racing,killtube,12,19.9,5,-639,471.5,-765,0.7071068,0,0,-0.7071068;
custom,cuboid,brick2,5,20,40,0,1,1,1,1,1,-805,400.5,-2747.5,0.9238098,0,-0.3828518,0;
custom,cuboid,brick2,5,20,40,0,1,1,1,1,1,-475,400.5,-2747.5,0.3828518,0,-0.9238098,0;
custom,cuboid,brick2,10,14,5,0,1,1,1,0.25,1,-640,370.5,-2600,1,0,0,0;
custom,cuboid,brick2,5,20,40,0,1,1,1,1,1,-475,400.5,-2995,0.9238098,0,-0.3828518,0;
custom,cuboid,brick2,5,20,40,0,1,1,1,1,1,-805,400.5,-2995,0.3828518,0,-0.9238098,0;
custom,cuboid,brick2,20,20,5,0,1,1,1,0.5,1,-640,400.5,-3065,1,0,0,0;
custom,cuboid,brick2,20,20,5,0,1,1,1,0.5,1,-840,400.5,-2865,0.7071068,0,-0.7071068,0;
custom,cuboid,brick2,20,20,5,0,1,1,1,0.5,1,-440,400.5,-2865,0.7071068,0,-0.7071068,0;
custom,cuboid,grass4,40,5,40,1,0,0.5,0,4,4,-640,502,-2897.5,0.9238098,0,-0.3828518,0;
custom,tower5,default,3,2,3,0,1,1,1,1,1,-640,478,-2620,0,0,1,0;
custom,house8,brick3,2,2,2,1,0.5,0.5,0.5,0.5,0.5,-690,443,-3005,1,0,0,0;
custom,house8,brick3,2,2,2,1,0.5,0.5,0.5,0.5,0.5,-590,443,-3005,1,0,0,0;
custom,cylinder,stone10,2,0.1,2,0,1,1,1,0.01,0.01,-640,476,-2905,0.7071068,0,-0.7071068,0;
racing,endCapsule,1.5,1,1.5,-641,479,-2905,0.7071068,0,-0.7071068,0;
custom,house8,brick3,2,1.5,2,1,0.5,0.5,0.5,1,1,-780,453,-2870,0.7071068,0,-0.7071068,0;
custom,house8,brick3,2,1.5,2,1,0.5,0.5,0.5,1,1,-500,453,-2870,0.7071068,0,0.7071068,0;
custom,house8,brick3,1.5,1,1.5,1,0.5,0.5,0.5,1,1,-790,410.5,-2870,0.7071068,0,-0.7071068,0;
custom,house8,brick3,1.5,1,1.5,1,0.5,0.5,0.5,1,1,-490,410.5,-2870,0.7071068,0,0.7071068,0;
custom,house8,brick3,2,1,1,1,0.5,0.5,0.5,1,1,-530,459.5,-2755,0.3828518,0,0.9238098,0;
custom,house8,brick3,2,1,1,1,0.5,0.5,0.5,1,1,-575,459.5,-2710,0.3828518,0,0.9238098,0;
custom,house8,brick3,2,1,1,1,0.5,0.5,0.5,1,1,-750,459.5,-2750,0.3828518,0,-0.9238098,0;
custom,house8,brick3,2,1,1,1,0.5,0.5,0.5,1,1,-705,459.5,-2705,0.3828518,0,-0.9238098,0;
custom,cylinder,stone3,10,0.25,10,0,1,1,1,1,0.1,-640,475,-2790,0.7071068,0,-0.7071068,0;
custom,cylinder,crystal2,9.9,0.25,9.9,0,1,1,1,0.01,0.01,-640,474.9,-2790,0.7071068,0,-0.7071068,0;
custom,torus,stone3,2,5,2,0,1,1,1,1,1.1,-641,473.5,-2790,0.7071068,0,-0.7071068,0;
custom,cylinder,stone3,2,0.5,2,0,1,1,1,1,0.5,-640,465.5,-2790,0.7071068,0,-0.7071068,0;
custom,cylinder,stone3,5,0.25,5,0,1,1,1,1,0.1,-640,460.5,-2790,0.7071068,0,-0.7071068,0;
custom,cylinder,crystal2,4.9,0.25,4.9,0,1,1,1,0.01,0.01,-640,460.4,-2790,0.7071068,0,-0.7071068,0;
custom,torus,stone3,1,3,1,0,1,1,1,1,1.1,-640.5,458.5,-2790,0.7071068,0,-0.7071068,0;
custom,cylinder,stone3,0.9,0.4,0.9,0,1,1,1,1,0.5,-640,453.5,-2790,0.7071068,0,-0.7071068,0;
custom,cylinder,stone3,2,0.12,2,0,1,1,1,1,0.1,-640,450.5,-2790,0.7071068,0,-0.7071068,0;
custom,cylinder,crystal2,1.9,0.12,1.9,0,1,1,1,0.01,0.01,-640,450.4,-2790,0.7071068,0,-0.7071068,0;
custom,cylinder,stone3,0.1,1,0.1,0,1,1,1,0.1,1,-640,450.5,-2790,0.7071068,0,-0.7071068,0;

misc,barrier,400,1,350,3900,305.5,-3200,0,0,0,0;
misc,barrier,500,1,400,4090,430.5,-6660,0,0,0,0;
misc,barrier,500,1,450,4090,410.5,-6660,0,0,0,0;
misc,barrier,200,1,360,4090,430.5,-100,0,0,0,0;
misc,barrier,50,2,76,4520,450.5,2950,0,0,0,0;

misc,barrier,30,1,73,4182.5,375.5,3490,1,0,-1,0;
misc,barrier,20,1,150,3702.5,195.5,3460,1,0,1,0;
misc,barrier,80,1,400,472.5,-4.5,3525,1,0,-1,0;
misc,barrier,500,1,50,-1467.5,435.5,4315,0,0,0,0;
misc,barrier,50,1,100,-1432.5,435.5,3600,0,0,0,0;
misc,barrier,200,1,200,-3100,435.5,3600,0,0,0,0;
misc,barrier,50,1,50,-600,435.5,2300,0,0,0,0;

racing,startCuboid,5,6,2,3900,470.5,-5210,0,0,0,0;

custom,cuboid,brick2,1,6,1,0,1,1,1,0.25,0.5,4460,470.5,-507.5,0,0,0,0;
custom,cuboid,brick2,1,6,1,0,1,1,1,0.25,0.5,4410,470.5,-507.5,0,0,0,0;
custom,cuboid,brick2,6,1,1,0,1,1,1,0.25,0.5,4435,445.5,-507.5,0,0,0,0;
racing,checkpointCuboid,5,5,0.8,4435,470.5,-507.5,0,0,0,0;

custom,cuboid,brick2,1,6,1,0,1,1,1,0.25,0.5,4460,470.5,3450,0,0,0,0;
custom,cuboid,brick2,1,6,1,0,1,1,1,0.25,0.5,4410,470.5,3450,0,0,0,0;
custom,cuboid,brick2,6,1,1,0,1,1,1,0.25,0.5,4435,445.5,3450,0,0,0,0;
racing,checkpointCuboid,5,5,0.8,4435,470.5,3450.5,0,0,0,0;

custom,cuboid,brick2,1,6,1,0,1,1,1,0.25,0.5,-1420,470.5,3450,0,0,0,0;
custom,cuboid,brick2,1,6,1,0,1,1,1,0.25,0.5,-1370,470.5,3450,0,0,0,0;
custom,cuboid,brick2,6,1,1,0,1,1,1,0.25,0.5,-1395,445.5,3450,0,0,0,0;
racing,checkpointCuboid,5,5,0.8,-1395,470.5,3450.5,0,0,0,0;

custom,cuboid,brick2,1,6,1,0,1,1,1,0.25,0.5,-650,470.5,2450,0,0,0,0;
custom,cuboid,brick2,1,6,1,0,1,1,1,0.25,0.5,-600,470.5,2450,0,0,0,0;
custom,cuboid,brick2,6,1,1,0,1,1,1,0.25,0.5,-625,445.5,2450,0,0,0,0;
custom,cuboid,brick2,6,1,1,0,1,1,1,0.25,0.5,-625,495.5,2450,0,0,0,0;
racing,checkpointCuboid,5,5,0.8,-625,470.5,2450.5,0,0,0,0;

spawnpoint,playerC,3900,489.5,-5410,0,0,0,0;
spawnpoint,playerM,3900,489.5,-5410,0,0,0,0;