custom,cuboid,stone6,140,1,140,0,1,1,1,5,5,11.94045,-3.805976,0.8749484,0,0.9999819,0,0.006021974;
custom,cuboid,stone2,1,6,6,0,1,1,1,1,1,-640.4951,13.48632,606.0148,0,0.9997172,0,0.02378125;
custom,cuboid,stone2,1,6,6,0,1,1,1,1,1,-616.8742,13.50765,638.1833,0,0.7328285,0,-0.6804134;
custom,cuboid,stone2,1,10,6,0,1,1,1,1,1,-588.2197,21.40201,613.941,0,0.03165299,0,-0.9994989;
custom,cuboid,stone2,6,1,6,0,1,1,1,1,1,-615.1614,44.09426,607.6083,0,0.9996367,0,0.0269518;
custom,cuboid,stone2,1,3,6,0,1,1,1,1,1,-613.6818,56.51035,582.478,0,-0.6874046,0,-0.7262748;
custom,cuboid,stone2,1,10,15,0,1,1,1,1,1,-634.3078,21.4826,501.5888,0,0.9995419,0,0.03026856;
custom,cuboid,stone2,1,10,10,0,1,1,1,1,1,-575.5422,21.70559,435.0426,0,-0.6862347,0,-0.7273803;
custom,cuboid,stone2,1,10,10,0,1,1,1,1,1,-583.0815,21.50001,535.5355,0,0.9994518,0,0.03310664;
custom,cuboid,stone2,1,10,13,0,1,1,1,1,1,-528.4274,21.84287,504.0083,0,0.02142519,0,-0.9997705;
custom,cuboid,stone2,1,10,35,0,1,1,1,1,1,-419.9142,21.3698,643.7924,0,0.7126163,0,-0.7015541;
custom,cuboid,stone2,1,10,35,0,1,1,1,1,1,-351.6214,21.58916,444.7763,0,0.7212714,0,-0.6926526;
custom,cuboid,stone2,1,10,16,0,1,1,1,1,1,-472.7246,21.65059,567.5783,0,0.01889153,0,-0.9998215;
custom,cuboid,stone2,1,10,16,0,1,1,1,1,1,-416.8426,21.50344,518.3206,0,0.008189399,0,-0.9999665;
custom,cuboid,stone2,15,10,1,0,1,1,1,1,1,-349.6963,21.36378,569.8364,0,0.7113925,0,-0.702795;
custom,cuboid,stone2,15,10,1,0,1,1,1,1,1,-298.1726,21.75408,522.0817,0,0.6976683,0,0.716421;
custom,cuboid,stone2,16,10,1,0,1,1,1,1,1,-243.7939,21.46139,571.1968,0,0.7216872,0,-0.6922194;
custom,cuboid,stone2,35,10,1,0,1,1,1,1,1,-11.56462,21.86609,452.0569,0,-0.0001232919,0,1;
custom,cuboid,stone2,33,10,1,0,1,1,1,1,1,-75.3967,22.25909,501.7729,0,0.9999489,0,0.01012146;
custom,cuboid,stone2,1,10,70,0,1,1,1,1,1,163.4645,22.02861,577.5706,0,0.7114489,0,-0.7027379;
custom,cuboid,stone2,1,10,80,0,1,1,1,1,1,210.0847,21.88865,648.9764,0,0.7100911,0,-0.7041098;
custom,cuboid,stone2,1,10,10,0,1,1,1,1,1,-212.0928,21.46492,646.0103,0,0.7032944,0,-0.7108988;
custom,cuboid,stone2,1,10,12,0,1,1,1,1,1,159.4212,21.48525,513.5542,0,-0.007612722,0,-0.999971;
custom,cuboid,stone2,1,10,127,0,1,1,1,1,1,607.9833,21.70057,22.44337,0,0.9999999,0,0.0004177054;
custom,cuboid,stone2,1,10,122,0,1,1,1,1,1,-2.673591,22.55804,-621.4637,0,-0.6989396,0,-0.7151807;
custom,cuboid,stone2,1,10,112,0,1,1,1,1,1,530.8105,22.05094,19.55266,0,0.999791,0,0.02044511;
custom,cuboid,stone2,1,10,112,0,1,1,1,1,1,-1082.768,21.86625,-646.3697,0,-0.6989685,0,-0.7151526;
custom,cuboid,stone2,1,10,212,0,1,1,1,1,1,-502.0841,21.83686,-561.2991,0,0.6986409,0,0.7154726;
map,disablebounds;
custom,cuboid,stone2,1,10,15,0,1,1,1,1,1,-1635.786,21.6089,-587.4998,0,0.9997864,0,-0.02067008;
custom,cuboid,stone2,1,10,200,0,1,1,1,8,1,-635.6118,20.96152,-496.4462,0,0.714039,0,-0.700106;
custom,cuboid,stone2,1,10,98,0,1,1,1,1,1,458.009,21.05167,21.18834,0,0.004843264,0,-0.9999883;
custom,cuboid,stone2,1,10,17,0,1,1,1,1,1,406.5302,20.55741,-474.2932,0,0.7214668,0,-0.692449;
custom,cuboid,stone2,1,10,24,0,1,1,1,1,1,338.5644,20.21041,517.285,0,0.6936408,0,-0.7203211;
custom,cuboid,stone2,1,10,24,0,1,1,1,1,1,266.5356,21.6296,450.9599,0,0.710056,0,0.7041453;
custom,cuboid,stone2,1,10,85,0,1,1,1,6,1,-52.39897,20.76666,48.55151,0,0.9999968,0,0.002543808;
custom,cuboid,stone2,1,10,45,0,1,1,1,6,1,169.3292,21.06216,-375.0872,0,0.7035023,0,0.7106931;
custom,cuboid,stone6,140,1,140,0,1,1,1,5,5,-1370.169,-4.624005,-13.80872,0,0.9999401,0,0.01095049;
custom,cuboid,stone2,9,5,54,0,1,1,1,1,5,214.8858,-1.99463,-334.5388,0,0.7111686,0,-0.7030215;
custom,cuboid,stone2,9,5,54,0,1,1,1,1,5,185.4594,-2.041954,409.6503,0,0.7065783,0,-0.707635;
custom,cuboid,stone2,1,2,13,0,1,1,1,2,1,421.5858,61.17053,-372.5015,0,0.7106739,0,-0.7035217;
custom,cuboid,stone2,1,2,13,0,1,1,1,2,1,391.1364,60.72704,449.6689,0,0.7033398,0,-0.7108539;
racing,checkpointCuboid,0.7,3,9,436.0005,37.39085,-372.9831,0,0.7088825,0,-0.7053267;
racing,checkpointCuboid,0.7,3,7,417.3553,37.58926,450.6156,0,0.7060962,0,-0.7081159;
racing,killCuboid,83,1,51,200.9963,66.84855,37.53142,0,0.7080147,0,-0.7061977;
racing,killCuboid,83,1,51,203.3449,18.4048,37.68174,0,0.7086331,0,-0.7055773;
custom,cuboid,stone2,92,10,1,0,1,1,1,5,1,471.9185,21.06189,-16.10586,0,0.7203795,0,-0.6935802;
custom,cuboid,stone2,1,9,18,0,1,1,1,2,1,371.5422,25.51588,369.1659,0,0.7063162,0,-0.7078965;
custom,cuboid,stone2,1,9,27,0,1,1,1,2,1,85.00974,24.95086,369.6274,0,0.7075255,0,0.7066879;
racing,killCuboid,1,9,28,81.17684,24.9624,369.55,0,0.7065305,0,-0.7076827;
racing,killCuboid,1,9,18,370.8934,25.58119,369.0655,0,0.7074577,0,0.7067558;
custom,cuboid,stone2,1,9,2,0,1,1,1,2,1,450.3735,26.10001,-372.1451,0,0.7077581,0,-0.7064549;
racing,killCuboid,0.9,9,74,-48.92169,25.56385,-6.327831,0,0.002275695,0,-0.9999975;
racing,killCuboid,0.9,9,74,455.5258,25.53973,-0.4817324,0,0.9999909,0,0.004260371;
racing,endCuboid,0.9,5,6,-614.0317,16.66087,582.1946,0,0.687417,0,0.726263;
custom,cuboid,stone2,45,10,1,0,0.3522727,0.3409091,0.3522727,1,1.0,-105.3172,21.40842,-264.9114,0,0.7088006,0,0.7054089;
misc,barrier,140,1,280,-766.6078,72.58307,-48.03399,0,0.7110919,0,-0.7030991;
spawnpoint,playerM,-3397.544,27.08623,76.74616,0,0.999998,0,0.002016871;
spawnpoint,playerC,-3396.906,27.69573,74.49567,0,0.9999915,0,-0.00411091;
base,aot_supply,default,1,1,1,0,1,1,1,1.0,1.0,-595.1468,0.4959261,612.3208,0,0.6876308,0,0.7260606;
custom,cuboid,stone2,2,9,1,0,1,1,1,0.3,1.0,-54.39634,25.65076,491.2751,0,0.6925346,0,0.7213847;
custom,cuboid,stone2,2,3,1,0,1,1,1,0.3,1.0,-54.36682,55.75406,477.4246,0,0.715203,0,0.6989169;
custom,cuboid,stone2,2,3,1,0,1,1,1,0.3,1.0,-54.46457,12.39402,476.8633,0,0.711043,0,0.7031485;
racing,checkpointCuboid,1,1.5,0.5,-54.60347,33.14023,477.3005,0,0.7088756,0,0.7053335;
custom,cuboid,stone2,7,2,1,1,0.3522727,0.3409091,0.3522727,1,1.0,-4.775171,36.53446,535.3419,0,0.6817797,0,0.7315575;
custom,cuboid,stone2,7,2,1,1,0.3522727,0.3409091,0.3522727,1,1.0,-4.334876,61.54938,538.8799,0,0.6831195,0,0.7303067;
custom,cuboid,stone2,7,2,1,1,0.3522727,0.3409091,0.3522727,1,1.0,-4.95859,8.987402,539.1302,0,0.6854768,0,0.7280945;
custom,cuboid,stone2,3,9,1,1,0.3522727,0.3409091,0.3522727,1,1.0,-158.6066,26.90297,517.7484,0,0.7067875,0,0.707426;
custom,cuboid,stone2,3,9,1,1,0.3522727,0.3409091,0.3522727,1,1.0,-159.8198,26.54686,554.8729,0,0.7135755,0,-0.7005783;
custom,cuboid,stone2,7,2,1,1,0.3522727,0.3409091,0.3522727,1,1.0,570.9501,9.820066,-9.028059,0,0.9999442,0,0.01056473;
custom,cuboid,stone2,7,2,1,1,0.3522727,0.3409091,0.3522727,1,1.0,571.5996,35.26009,-9.287474,0,0.9999285,0,0.0119609;
custom,cuboid,stone2,7,2,1,1,0.3522727,0.3409091,0.3522727,1,1.0,570.3947,61.14008,-9.245453,0,0.9998752,0,0.01580025;
custom,cuboid,stone2,45,10,1,0,0.3522727,0.3409091,0.3522727,1,1.0,-280.2691,21.10365,23.37082,0,0.9995367,0,-0.03043773;
custom,cuboid,stone2,45,10,1,0,0.3522727,0.3409091,0.3522727,1,1.0,-177.9359,21.12183,-204.2576,0,0.7243431,0,0.6894397;
custom,cuboid,stone2,45,10,1,0,0.3522727,0.3409091,0.3522727,1,1.0,-259.2727,21.48197,-267.9637,0,0.7165496,0,0.6975362;
custom,cuboid,stone2,45,10,1,0,0.3522727,0.3409091,0.3522727,1,1.0,-314.1463,20.88006,-196.0803,0,0.6874827,0,-0.7262008;
custom,cuboid,stone2,15,10,1,0,0.3522727,0.3409091,0.3522727,1,1.0,-396.5662,20.89984,-422.2929,0,0.003609584,0,0.9999935;
custom,cuboid,stone2,45,10,1,0,0.3522727,0.3409091,0.3522727,1,1.0,-513.1011,21.48632,-268.8665,0,0.7246754,0,0.6890905;
custom,cuboid,stone2,15,10,1,0,0.3522727,0.3409091,0.3522727,1,1.0,-447.0252,21.33679,-377.5091,0,0.02242689,0,0.9997485;
custom,cuboid,stone2,15,10,1,0,0.3522727,0.3409091,0.3522727,1,1.0,-399.7254,21.81906,-323.4738,0,0.01213101,0,0.9999264;
custom,cuboid,stone2,15,10,1,0,0.3522727,0.3409091,0.3522727,1,1.0,-442.011,21.51147,-288.7607,0,-0.003576581,0,0.9999936;
custom,cuboid,stone2,15,10,1,0,0.3522727,0.3409091,0.3522727,1,1.0,-395.9569,21.42777,-245.5792,0,0.02956719,0,0.9995628;
custom,cuboid,stone2,15,10,1,0,0.3522727,0.3409091,0.3522727,1,1.0,-458.7381,21.18536,-171.9014,0,0.7350213,0,0.678044;
custom,cuboid,stone2,15,10,1,0,0.3522727,0.3409091,0.3522727,1,1.0,-433.422,21.62561,-57.49522,0,0.9976497,0,-0.06852045;
custom,cuboid,stone2,15,10,1,0,0.3522727,0.3409091,0.3522727,1,1.0,-369.6117,21.7704,-136.3658,0,0.6673978,0,-0.7447014;
custom,cuboid,stone2,55,10,1,0,0.3522727,0.3409091,0.3522727,3,1.0,-775.0336,20.97355,64.57646,0,0.9987095,0,-0.05078737;
custom,cuboid,stone2,55,10,1,0,0.3522727,0.3409091,0.3522727,3,1.0,-712.9218,21.65744,-19.88075,0,-0.06661189,0,-0.997779;
custom,cuboid,stone2,45,10,1,0,0.3522727,0.3409091,0.3522727,3,1.0,-827.7223,20.92257,-81.27636,0,0.9963196,0,-0.08571669;
custom,cuboid,stone2,45,10,1,0,0.3522727,0.3409091,0.3522727,3,1.0,-735.4968,19.52897,-170.3104,0,0.09011577,0,0.9959313;
custom,cuboid,stone2,45,10,1,0,0.3522727,0.3409091,0.3522727,3,1.0,-1175.083,18.95618,-86.47826,0,0.9950393,0,-0.09948212;
custom,cuboid,stone2,1,9,5,0,1,1,1,1.0,1.0,-1055.69,26.03122,-41.71083,0,0.6497443,0,-0.7601529;
custom,cuboid,stone2,14,10,1,0,0.3522727,0.3409091,0.3522727,3,1.0,-1058.929,20.57684,29.56811,0,0.6189457,0,-0.7854338;
custom,cuboid,stone2,1,9,28,0,1,1,1,3,1.0,-1138.16,25.47336,49.53801,0,0.9935602,0,-0.1133054;
custom,cuboid,stone2,1,9,150,0,1,1,1,3,1.0,-861.4714,25.49461,318.9584,0,0.7333581,0,0.6798426;
custom,cuboid,stone2,1,9,95,0,1,1,1,3,1.0,-637.2262,25.6001,141.3997,0,0.6759433,0,-0.7369537;
custom,cuboid,stone2,1,9,150,0,1,1,1,3,1.0,-803.5316,25.92563,234.4514,0,0.7334853,0,0.6797053;
custom,arc90,stone2,5,5,5,1,0.3522727,0.3409091,0.3522727,3,1.0,-496.6273,25.02145,-467.087,0,-0.005262638,0,0.9999862;
racing,killCuboid,1,9,45.1,-512.9852,25.59765,-273.4401,0,-0.02465391,0,-0.9996961;
racing,checkpointCuboid,6,9,1,-1387.352,23.48952,-14.34184,0,0.6249927,0,-0.7806306;
custom,cuboid,stone2,7,9,1,0,0.3522727,0.3409091,0.3522727,3,1.0,-1400.956,24.17737,-71.70567,0,0.6166978,0,-0.7872;
custom,cuboid,stone2,7,9,1,0,0.3522727,0.3409091,0.3522727,3,1.0,-1381.732,23.45784,45.62576,0,0.6536235,0,-0.7568199;
custom,cuboid,stone2,21,9,1,0,0.3522727,0.3409091,0.3522727,3,1.0,-1474.495,23.24915,98.94252,0,0.9942373,0,-0.1072016;
custom,cuboid,stone2,21,9,1,0,0.3522727,0.3409091,0.3522727,3,1.0,-1507.957,24.16805,-76.65556,0,0.9929563,0,-0.118481;
custom,cuboid,stone2,17,3,1,0,0.3522727,0.3409091,0.3522727,3,1.0,-1586.004,26.40961,34.24998,0,0.6474264,0,-0.762128;
custom,cuboid,stone2,4,10,1,0,0.3522727,0.3409091,0.3522727,3,1.0,-1586.329,19.48847,29.4264,0,0.6488267,0,-0.7609363;
racing,killCuboid,0.9,11,7,-1578.467,13.42792,81.47223,0,0.9967988,0,-0.07995138;
racing,killCuboid,0.9,3,7,-1594.398,52.95977,-16.04837,0,-0.08006141,0,-0.9967899;
racing,checkpointCuboid,0.9,3,7,-1594.38,11.25789,-16.33819,0,-0.0847441,0,-0.9964027;
custom,cuboid,stone2,1,11,10,0,0.3522727,0.3409091,0.3522727,3,1.0,-1635.83,13.02452,-13.37092,0,0.954033,0,0.2997018;
custom,cuboid,stone2,1,11,10,0,0.3522727,0.3409091,0.3522727,3,1.0,-1616.039,14.91508,95.50622,0,0.4757044,0,0.8796053;
racing,killCuboid,1,3,4,-1660.893,13.92026,48.95433,0,0.9976537,0,-0.0684631;
racing,killCuboid,1,3,4,-1660.746,52.83538,49.97538,0,-0.07141193,0,-0.9974469;
custom,cuboid,stone2,1,9,10,0,0.3522727,0.3409091,0.3522727,3,1.0,-1708.276,23.55365,34.79126,0,0.779467,0,0.6264433;
custom,cuboid,stone2,1,9,10,0,0.3522727,0.3409091,0.3522727,3,1.0,-1700.989,24.12632,80.0994,0,0.7784814,0,0.6276677;
racing,killCuboid,1,5,4,-1717.028,23.95163,59.90629,0,0.9960086,0,-0.08925794;
racing,killCuboid,1.1,9,15.1,-395.9806,26.16776,-245.6365,0,0.7272997,0,0.6863201;
racing,killCuboid,9,3,1,558.8903,8.619149,517.5942,0,0.9999549,0,0.009497858;
racing,killCuboid,9,3,1,561.4585,30.71343,467.7616,0,0.9999318,0,0.01167938;
racing,killCuboid,9,3,1,555.4716,54.49362,408.1954,0,0.9999807,0,-0.006206635;
racing,killCuboid,9,3,1,564.2585,18.53759,359.7359,0,0.004003912,0,0.999992;
racing,killCuboid,9,3,1,566.3906,54.24725,305.9094,0,0.023112,0,-0.9997329;
racing,killCuboid,9,3,1,566.6851,9.447249,270.9837,0,0.04404422,0,-0.9990296;
racing,killCuboid,9,3,1,566.8297,44.15745,214.1126,0,0.01918828,0,-0.9998159;
racing,killCuboid,9,3,1,566.5565,46.78893,175.3198,0,0.0314016,0,-0.9995069;
racing,killCuboid,9,3,1,567.2583,14.8456,136.8049,0,0.01526527,0,-0.9998835;
racing,killCuboid,9,3,1,568.2925,37.06839,79.92692,0,0.2164472,0,-0.9762943;
racing,checkpointCuboid,7,3,1,457.3629,30.73485,616.9233,0,0.7004879,0,0.7136644;
racing,checkpointCuboid,5,5,1,-586.3253,37.21172,4.422917,0,0.7468578,0,0.6649839;
custom,cylinder,stone2,1,3,1,0,0.3522727,0.3409091,0.3522727,3,1.0,366.5239,23.69484,262.6921,0,0.794271,0,0.6075637;
custom,cuboid,stone2,11,2,1,1,0.3068182,0.3181818,0.3181818,1.0,1.0,54.89973,25.32483,616.292,0.289889,0.602345,0.3225285,0.6701645;
racing,killCylinder,2,3,2,366.4364,26.53095,263.3244,0,0.8488195,0,0.5286828;
custom,cuboid,stone2,11,2,1,1,0.3068182,0.3181818,0.3181818,1.0,1.0,-130.781,15.57037,632.8778,0,0.6892928,0,0.7244829;
racing,killCuboid,8,1,1,-697.9073,47.90607,18.51583,0.1511175,0.6524829,-0.1675499,-0.7234339;
racing,killCuboid,8,1,1,-694.5275,42.70608,18.16638,-0.1870798,0.6430954,0.2074229,-0.7130255;
racing,killCuboid,8,1,1,-504.2113,33.06538,-10.80251,0,0.6632661,0,-0.7483838;
racing,killCuboid,8,1,1,-507.6485,29.16739,-6.761086,-0.4648934,0.4730792,0.5245454,-0.5337812;
racing,killCuboid,1.1,9,15.1,-446.4589,25.61137,-377.6866,0,0.7235116,0,0.6903123;
racing,killCuboid,1.1,9,15.1,-397.4479,25.76851,-422.4761,0,-0.7102932,0,-0.7039059;
racing,killCuboid,1.1,9,15.1,-399.9426,26.27942,-323.3329,0,0.7148907,0,0.6992362;
racing,killCuboid,1.1,9,15.1,-442.0323,26.04921,-288.9258,0,0.7041892,0,0.7100125;
racing,killCuboid,1.1,9,15.1,-458.9838,24.89388,-170.9035,0,0.9991979,0,-0.04004574;
racing,killCuboid,1.1,9,15.1,-432.3153,26.07532,-58.23172,0,0.7539121,0,0.6569754;
racing,killCuboid,1.1,9,15.1,-369.8133,26.0788,-135.9819,0,0.9985666,0,-0.0535245;
racing,killCuboid,1.1,9,45.1,-317.1359,25.84312,-202.1992,0,0.9996236,0,-0.0274372;
racing,killCuboid,1.1,9,18.1,-435.4634,24.58492,-487.0135,0,0.7127329,0,-0.7014356;
racing,killCuboid,19,1,52,-414.3617,-3.433632,-227.9187,0,0.9996675,0,-0.02578563;
racing,killCuboid,19,1,52,-414.1168,65.29269,-229.5738,0,0.9997738,0,-0.02126937;
racing,checkpointCuboid,5,5,1,-329.2589,32.20797,-456.2819,0,0.6867053,0,-0.7269359;
racing,killCuboid,5,5,1,-1745.836,44.24166,68.34165,0,0.6618394,0,-0.7496457;
racing,killCuboid,140,1,140,-2734.302,-5.557748,-62.3065,0,0.9997137,0,0.02392682;
custom,cuboid,stone2,1,9,35,0,0.3522727,0.3409091,0.3522727,3,1.0,-1916.247,22.46406,127.1984,0,0.7829145,0,0.6221294;
custom,cuboid,stone2,1,9,35,0,0.3522727,0.3409091,0.3522727,3,1.0,-1919.537,22.18556,61.76244,0,0.7439265,0,0.6682615;
custom,cuboid,stone2,9,1,9,0,0.3522727,0.3409091,0.3522727,3,1.0,-2108.276,-3.549394,121.1017,0,0.7021855,0,0.7119941;
racing,checkpointCuboid,1,5,5,-1891.338,28.05592,91.49252,0,0.9945527,0,-0.1042351;
custom,leaf0,stone2,16,5,1.5,0,0.3522727,0.3409091,0.3522727,3,1.0,-2062.367,33.16444,-324.2412,-0.5085419,0.4894354,0.5016569,0.5001785;
custom,leaf0,stone2,16,5,1.5,0,0.3522727,0.3409091,0.3522727,3,1.0,-2084.454,30.52962,561.2586,-0.5079484,0.4946865,0.4942963,0.5029363;
misc,barrier,80,8,1,-2083.872,27.19493,560.9736,0,0.7154658,0,-0.6986478;
misc,barrier,80,8,1,-2060.361,31.13622,-325.3725,0,0.7007369,0,0.7134198;
custom,cylinder,stone2,1,3,1,0,0.3522727,0.3409091,0.3522727,3,1.0,-2454.423,19.62343,157.1807,0,0.9545678,0,0.2979936;
custom,cuboid,stone2,11,2,1,1,0.3068182,0.3181818,0.3181818,1.0,1.0,57.02378,15.12467,614.9943,-0.2229207,0.6302075,-0.2480197,0.7011641;
custom,cuboid,stone2,11,2,1,1,0.3068182,0.3181818,0.3181818,1.0,1.0,53.92546,46.56482,622.5182,-0.2220405,0.6305183,-0.2470405,0.7015096;
custom,cuboid,stone2,5,3,5,0,0.3522727,0.3409091,0.3522727,3,1.0,-3396.64,5.77636,75.65694,0,0.7034482,0,0.7107466;
custom,cuboid,stone2,5,3,1,0,0.3522727,0.3409091,0.3522727,3,1.0,-3396.812,32.0988,95.65704,0,0.9999704,0,0.007694284;
custom,cuboid,stone2,5,3,1,0,0.3522727,0.3409091,0.3522727,3,1.0,-3416.431,31.3786,75.27415,0,0.7048717,0,0.7093349;
custom,cuboid,stone2,5,3,1,0,0.3522727,0.3409091,0.3522727,3,1.0,-3396.458,32.09867,55.70125,0,0.9999896,0,0.004552045;
custom,cuboid,stone2,5,1,5,0,0.3522727,0.3409091,0.3522727,3,1.0,-3396.53,47.48557,75.78958,0,0.7126142,0,-0.7015561;
racing,startCuboid,1,4,4,-3378.558,29.19092,77.11789,0,0.9998839,0,0.01524078;
spawnpoint,titan,-337.9448,6.178017,208.4106,0,0.1889218,0,-0.9819921;
custom,cuboid,stone2,1,9,65,0,1,1,1,3,1.0,-1316.452,25.19212,200.3989,0,0.7371802,0,0.6756963;
custom,cuboid,stone2,1,9,16,0,1,1,1,3,1.0,-1620.11,24.16528,302.2258,0,0.9952178,0,-0.09768093;
custom,cuboid,stone2,1,9,160,0,1,1,1,3,1.0,-854.6108,25.76604,382.9438,0,0.7328179,0,0.6804249;
custom,cuboid,stone2,28,9,1,0,1,1,1,3,1.0,-1680.617,24.69879,309.6143,0,0.7828791,0,0.622174;
custom,cuboid,stone2,42,9,1,0,1,1,1,3,1.0,-1507.599,25.25228,157.4638,0,0.9988987,0,-0.04691858;
custom,cuboid,stone2,16,9,1,0,1,1,1,3,1.0,-1255.495,25.06949,132.944,0,0.9986671,0,-0.05161395;
custom,cuboid,stone2,16,9,1,0,1,1,1,3,1.0,-1198.005,25.26604,43.50965,0,0.6248662,0,-0.7807319;
custom,cuboid,stone2,18,9,1,0,1,1,1,3,1.0,-1303.192,23.53336,-7.880713,0,0.1231496,0,0.9923882;
custom,cuboid,stone2,6,5,45,0,1,1,1,3,1.0,-1396.968,3.103447,177.5848,0,0.7394733,0,0.6731859;
custom,cuboid,stone2,6,3,45,0,1,1,1,3,1.0,-1397.017,54.90149,176.7001,0,0.7387242,0,0.6740078;
custom,cuboid,stone2,2,3,45,0,1,1,1,3,1.0,-1398.901,26.71741,157.4427,0,0.7401299,0,0.6724639;
custom,cuboid,stone2,2,3,45,0,1,1,1,3,1.0,-1395.6,30.61988,193.5634,0,0.7370699,0,0.6758166;
racing,killCuboid,2,3,44.9,-1398.655,25.81562,157.7662,0,0.7401764,0,0.6724128;
racing,killCuboid,2,3,44.9,-1395.676,25.27057,193.0801,0,0.6757258,0,-0.7371531;
racing,killCuboid,2,2,44.9,-1396.866,49.56251,175.8714,0,0.7372412,0,0.6756296;
racing,killCuboid,2,2,44.9,-1396.926,18.39583,176.9227,0,0.7400594,0,0.6725416;
racing,checkpointCuboid,1,2,2,-1623.466,33.01224,196.2601,0,0.999654,0,-0.02630457;
custom,cuboid,default,0.2,0.5,0.3,0,0.3068182,0.3181818,0.3181818,1.0,1.0,-607.7094,36.50235,586.6803,0.7031428,0.7110407,0.002391564,0.002418427;
custom,cuboid,default,0.2,0.5,0.3,0,0.3068182,0.3181818,0.3181818,1.0,1.0,-628.0538,33.25552,585.4078,-0.7026882,0.7105811,-0.0253905,0.0256757;
custom,cuboid,default,0.2,0.5,0.3,0,0.3068182,0.3181818,0.3181818,1.0,1.0,-607.8649,33.42227,586.3729,0.7106569,0.7027613,0.02327693,0.02348445;
custom,cuboid,default,0.2,0.5,0.3,0,0.3068182,0.3181818,0.3181818,1.0,1.0,-627.9607,36.87759,585.3888,-0.7063993,0.7068918,-0.02552693,0.02554474;
custom,cuboid,default,0.2,0.5,0.3,0,0.3068182,0.3181818,0.3181818,1.0,1.0,-610.5799,34.97772,586.6364,0,0.9994251,0,0.03390564;
custom,cuboid,default,0.2,0.5,0.3,0,0.3068182,0.3181818,0.3181818,1.0,1.0,-620.6302,34.89772,585.8546,0,0.9994251,0,0.03390564;
custom,cuboid,default,0.2,0.5,0.3,0,0.3068182,0.3181818,0.3181818,1.0,1.0,-616.4016,34.77771,586.2255,0,0.9994251,0,0.03390564;
custom,cuboid,default,0.2,0.5,0.3,0,0.3068182,0.3181818,0.3181818,1.0,1.0,-605.9434,34.81769,586.7294,0,0.9994251,0,0.03390564;
custom,cuboid,default,0.2,0.5,0.3,0,0.3068182,0.3181818,0.3181818,1.0,1.0,-618.272,34.92815,586.0057,0.450799,0.8924302,0.008418922,0.01666663;
custom,cuboid,default,0.2,0.5,0.3,0,0.3068182,0.3181818,0.3181818,1.0,1.0,-626.4159,34.89772,585.5217,0,0.9994251,0,0.03390564;
custom,cuboid,default,0.2,0.5,0.3,0,0.3068182,0.3181818,0.3181818,1.0,1.0,-598.4331,35.00414,587.1495,0.7073112,0.7053384,0.03327717,0.03318441;
custom,cuboid,default,0.2,0.5,0.3,0,0.3068182,0.3181818,0.3181818,1.0,1.0,-600.0339,34.97772,587.0897,0,0.9994251,0,0.03390564;
custom,cuboid,default,0.2,0.5,0.3,0,0.3068182,0.3181818,0.3181818,1.0,1.0,-595.6227,35.01619,587.5907,0,0.998791,0,0.04915743;
custom,cuboid,stone2,1,1,6,1,0.3068182,0.3181818,0.3181818,1.0,1.0,-611.9213,36.17865,582.2939,0,-0.6874497,0,-0.7262321;
custom,cuboid,stone2,11,2,1,1,0.3068182,0.3181818,0.3181818,1.0,1.0,-129.155,40.37043,624.4783,0,0.6892928,0,0.7244829;
custom,cuboid,stone2,11,2,1,1,0.3068182,0.3181818,0.3181818,1.0,1.0,-129.4352,59.65044,625.4211,0,0.6892928,0,0.7244829;
custom,cuboid,default,0.2,0.2,0.3,0,0.3068182,0.3181818,0.3181818,1.0,1.0,-629.5866,34.17785,585.1341,0,0.999366,0,0.03560232;
racing,killCuboid,10,1,1,-695.4229,20.51698,18.77965,0.2025526,0.6908857,0.1952503,0.6659781;
racing,killCuboid,9,1,1,-696.5282,26.14778,16.58528,0.1686824,0.6074257,-0.2077077,-0.7479557;
custom,cuboid,stone2,6,1,1,1,0.3068182,0.3181818,0.3181818,1.0,1.0,-611.8168,4.845044,582.287,0,0.9996361,0,0.02697585;
custom,cuboid,stone2,6,1,1,1,0.3068182,0.3181818,0.3181818,1.0,1.0,-595.8281,10.82614,583.3123,-0.7035744,0.7099884,-0.02111184,0.02130431;
custom,cuboid,stone2,6,1,1,1,0.3068182,0.3181818,0.3181818,1.0,1.0,-629.7828,10.82614,581.4863,-0.7043175,0.7092513,-0.02113413,0.02128218;
custom,cuboid,stone2,6,1,6,1,0.3068182,0.3181818,0.3181818,1.0,1.0,-619.4598,-4.347341,614.712,0,0.9996271,0,0.02730796;
racing,startCylinder,1,1,1,-610.6505,-6.927303,620.2715,0,0.7250695,0,-0.6886758;
custom,tube,stone4,1,1,1,0,0.3068182,0.3181818,0.3181818,7,7,-610.9432,0.05975638,620.2634,0,0.6703932,0,-0.7420061;
custom,leaf0,stone2,15,2,2,0,1,1,1,1.0,1.0,202.8559,19.97534,-2.807781,0.5050941,0.4949028,0.4945051,-0.5053868;
racing,killCuboid,75,8,1,205.1132,29.98274,-1.106,0,0.6991711,0,-0.7149544;
custom,cuboid,stone2,6.5,2,1,0,1,1,1,1.0,1.0,417.5974,16.51177,449.8058,0,0.9999992,0,-0.001290475;
racing,killCuboid,9,2,1,-1100.511,42.61951,378.2216,0.1835619,0.7307937,0.1601654,0.6376463;
racing,killCuboid,9,2,1,-1109.096,35.2993,370.5349,-0.309354,0.687062,-0.2699241,0.5994889;
racing,killCuboid,95,8,1.1,-636.1208,30.26318,141.3816,0,-0.04334381,0,-0.9990603;
racing,killCuboid,16,8,0.5,-59.02174,30.11554,92.34071,0,0.7052141,0,0.7089944;
racing,killCuboid,45,8,0.5,-280.8372,30.42305,26.61102,0,0.9995387,0,-0.03037152;
racing,killCuboid,55,8,0.5,-773.6087,30.22727,68.3324,0,0.9986784,0,-0.05139452;
racing,killCuboid,100,8,0.5,-555.4899,30.28675,211.2078,0,0.9992453,0,-0.03884433;
racing,killCuboid,55,1,17,-761.702,-1.181629,147.6689,0,-0.04334914,0,-0.99906;
racing,killCuboid,55,1,17,-759.1566,64.98458,149.8032,0,0.9992289,0,-0.03926402;
racing,killCuboid,45,1,17,-270.182,-2.102298,110.8173,0,0.9994681,0,-0.0326099;
racing,killCuboid,45,1,17,-267.178,64.36761,109.3341,0,-0.03333053,0,-0.9994444;
racing,checkpointCuboid,1,2,5,-1099.321,42.00617,34.76641,0,0.7856907,0,0.6186196;
misc,barrier,140,300,1,-3433.507,365.5811,-111.9624,0,0.6877669,0,0.7259317;
misc,barrier,140,200,1,-2160.302,1069.987,-57.34841,0,0.7030932,0,0.7110978;
custom,prism,default,1,0.1,1.5,1,0,1,0,1.0,1.0,251.2885,45.96172,446.2116,0.5009489,-0.494385,-0.4993035,0.5053015;
