playerC,-4000,109,-5410;
playerC,-4000,11,-5410;
playerM,-4000,109,-5410;
playerM,-4000,11,-5410;
a99847;
racing,killCylinder,18,-3,18,-4280,90,1470,0,0,0,0;
racing,killCylinder,18,-3,18,-4280,90,1470,0,-0.414,0,-1;
racing,killCuboid,25,-6,1,-4315,90,1385,0,0,0,-1;
racing,killCuboid,1,-6,47,-4435,90,1625,0,0,0,0;
racing,killCuboid,0.75,-3,43,-4435,90,1625,0,0,0,0;
racing,killCuboid,8,-6,1,-4195,90,1430,0,-1,0,-1;
custom,cylinder,ice1,1,-2.95,1,0,1,1,1,0.25,1,-4280,90,1470,0,0,0,0;
racing,killCylinder,3.5,-0.75,3.5,-4280,67.5,1577.5,0,0,0,0;
racing,killCylinder,0.5,-1,0.5,-4280,70,1577.5,0,0,0,0;
racing,killCylinder,0.5,-1,0.5,-4280,110,1577.5,0,0,0,0;
racing,killCylinder,3.5,-0.75,3.5,-4280,112.5,1577.5,0,0,0,0;
racing,killCylinder,23,-3,23,-4280,90,1710,0,0,0,0;
racing,killCylinder,23,-3,23,-4280,90,1710,0,-0.414,0,-1;
custom,cylinder,ice1,1,-2.95,1,0,1,1,1,0.25,1,-4280,90,1710,0,0,0,0;
racing,killCuboid,1,-6,34,-4145,90,1550,0,0,0,0;
racing,killCuboid,0.75,-3,30,-4145,90,1550,0,0,0,0;
racing,killCuboid,1,-6,24,-4390,90,1590,0,0,0,0;
racing,killCuboid,0.5,-3,21,-4390,90,1590,0,0,0,0;
racing,killCylinder,0.75,-2.5,0.75,-4390,90,1470,0,-0.414,0,-1;
racing,killCylinder,1,-3,1,-4390,90,1470,0,-0.414,0,-1;
custom,cuboid,ice1,0.75,-5.75,11.25,0,1,1,1,1,1,-4390,90,1652.5,0,0,0,0;
racing,killCuboid,8,-6,1,-4365,90,1430,0,-1,0,-1;
racing,killCuboid,23.5,-6,1,-4267.5,90,1600,0,0,0,0;
racing,killCuboid,1,-6,27.5,-4302.5,90,1855,0,-1,0,-1;
racing,killCuboid,0.75,-3,22,-4302.5,90,1855,0,-1,0,-1;
custom,cuboid,ice1,0.9,-5.9,9.9,0,1,1,1,1,1,-4215,90,1855,0,-1,0,-1;
racing,killCylinder,18,3,18,-4280,30,1470,0,0,0,0;
racing,killCylinder,18,3,18,-4280,30,1470,0,0.414,0,1;
racing,killCuboid,25,6,1,-4315,30,1385,0,0,0,1;
racing,killCuboid,1,6,47,-4435,30,1625,0,0,0,0;
racing,killCuboid,0.75,3,43,-4435,30,1625,0,0,0,0;
racing,killCuboid,8,6,1,-4195,30,1430,0,1,0,1;
custom,cylinder,ice1,1,2.95,1,0,1,1,1,0.25,1,-4280,30,1470,0,0,0,0;
racing,killCylinder,3.5,0.75,3.5,-4280,52.5,1577.5,0,0,0,0;
racing,killCylinder,0.5,1,0.5,-4280,50,1577.5,0,0,0,0;
racing,killCylinder,0.5,1,0.5,-4280,10,1577.5,0,0,0,0;
racing,killCylinder,3.5,0.75,3.5,-4280,7.5,1577.5,0,0,0,0;
racing,killCylinder,23,3,23,-4280,30,1710,0,0,0,0;
racing,killCylinder,23,3,23,-4280,30,1710,0,0.414,0,1;
racing,killCuboid,20,6,1,-4180,30,1820,0,0,0,0;
racing,killCuboid,20,6,1,-4180,90,1820,0,0,0,0;
custom,cylinder,ice1,1,2.95,1,0,1,1,1,0.25,1,-4280,30,1710,0,0,0,0;
racing,killCuboid,1,6,34,-4145,30,1550,0,0,0,0;
racing,killCuboid,0.75,3,30,-4145,30,1550,0,0,0,0;
racing,killCuboid,1,6,24,-4390,30,1590,0,0,0,0;
racing,killCuboid,0.5,3,21,-4390,30,1590,0,0,0,0;
racing,killCylinder,0.75,2.5,0.75,-4390,30,1470,0,0.414,0,1;
racing,killCylinder,1,3,1,-4390,30,1470,0,0.414,0,1;
custom,cuboid,ice1,0.75,5.75,11.25,0,1,1,1,1,1,-4390,30,1652.5,0,0,0,0;
racing,killCuboid,8,6,1,-4365,30,1430,0,1,0,1;
racing,killCuboid,23.5,6,1,-4267.5,30,1600,0,0,0,0;
racing,killCuboid,1,6,27.5,-4302.5,30,1855,0,1,0,1;
racing,killCuboid,0.75,3,22,-4302.5,30,1855,0,1,0,1;
custom,cuboid,ice1,0.9,5.9,9.9,0,1,1,1,1,1,-4215,30,1855,0,1,0,1;
racing,killCuboid,1,6,35,-4085,30,2000,0,0,0,0;
racing,killCuboid,1,6,35,-4085,90,2000,0,0,0,0;
racing,killCuboid,1,6,40,-4170,30,2060,0,0,0,0;
racing,killCuboid,1,6,40,-4170,90,2060,0,0,0,0;
racing,killCylinder,8,3.75,8,-4127.5,80,1925,0,0,1,1;
custom,cylinder,ice1,2,3.7,2,0,1,1,1,1.0,1.0,-4127.5,80,1925,0,0,1,1;
racing,killCuboid,7.5,4,1,-4127.5,100,1960,0,0,0,0;
racing,killCuboid,7.5,4,1,-4127.5,100,1890,0,0,0,0;
racing,killCylinder,8,3.75,8,-4127.5,40,2050,0,0,1,1;
custom,cylinder,ice1,2,3.7,2,0,1,1,1,1.0,1.0,-4127.5,40,2050,0,0,1,1;
racing,killCuboid,7.5,7,1,-4127.5,35,2085,0,0,0,0;
racing,killCuboid,7.5,4,1,-4127.5,20,2015,0,0,0,0;
racing,killCuboid,8.5,4,1,-4122.5,20,2255,0,0,0,0;
racing,killCuboid,7.5,1,21,-4127.5,75,2155,0,0,0,0;
racing,killCylinder,2,4.25,2,-4090,70,2217.5,1,0,0,1;
custom,cylinder,ice1,1,4.125,1,0,1,1,1,1.0,1.0,-4090,70,2217.5,1,0,0,1;
racing,killCylinder,1,2.5,1,-4085,95,2175,0,0,0,1;
custom,cylinder,ice1,0.9,2.25,0.9,0,1,1,1,1.0,1.0,-4085,95,2175,0,0,0,1;
racing,killCuboid,1,3,8.5,-4085,55,2217.5,0,0,0,0;
racing,killCuboid,1,2.5,12.5,-4095,57.5,2197.5,0,0,0,0;
racing,killCuboid,0.75,1.5,10,-4095,57.5,2197.5,0,0,0,0;
custom,cuboid,ice1,0.9,2.4,4.9,0,1,1,1,1.0,1.0,-4095,57.5,2160,0,0,0,0;
racing,killCuboid,1,2.5,12.5,-4160,57.5,2197.5,0,0,0,0;
racing,killCuboid,0.75,1.5,10,-4160,57.5,2197.5,0,0,0,0;
custom,cuboid,ice1,0.9,2.4,4.9,0,1,1,1,1.0,1.0,-4160,57.5,2160,0,0,0,0;
racing,killCuboid,7.5,0.5,12.5,-4127.5,42.5,2197.5,0,0,0,0;
racing,killCylinder,0.5,3.75,0.5,-4127.5,42.5,2135,0,0,1,1;
racing,killCuboid,10,6,1,-4030,30,2170,0,0,0,0;
racing,killCuboid,10,6,1,-4030,90,2170,0,0,0,0;
racing,killCuboid,10,6,1,-4030,30,2255,0,0,0,0;
racing,killCuboid,10,6,1,-4030,90,2255,0,0,0,0;
racing,killCuboid,8.5,5,1,-4122.5,95,2255,0,0,0,0;
racing,killCuboid,9.5,6,1,-3975,30,2212.5,0,1,0,1;
racing,killCuboid,9.5,6,1,-3975,90,2212.5,0,1,0,1;
racing,killcuboid,16,-1,200,-4170,-190,2535,0,0,0,0;
racing,killcuboid,20,-2,76,-4520,70,-420,0,0,0,0;
racing,killcuboid,60,-2,60,2480,-90,2645,0,-0.414,0,-1;
racing,killCuboid,1,-6,21,-4105,90,-5315,0,0,0,0;
racing,killCuboid,1,-6,21,-3895,90,-5315,0,0,0,0;
racing,killCuboid,1,-6,100,-4030,90,-4720,0,0,0,0;
racing,killCuboid,1,-6,100,-3970,90,-4720,0,0,0,0;
racing,killCuboid,6.5,-6,1,-4067.5,90,-5215,0,0,0,0;
racing,killCuboid,6.5,-6,1,-3932.5,90,-5215,0,0,0,0;
racing,killarc180,11.9,-12,11.9,-4085,91.5,-4100,0,0,0,-1;
racing,killarc180,-12.1,-12,12.1,-3965,91.5,-3883.5,0,0,0,-1;
racing,killarc180,11.9,-12,11.9,-4085,91.5,-3667.5,0,0,0,-1;
49976;
racing,killarc180,-12.1,-12,12.1,-3965,91.5,-3451.5,0,0,0,-1;
racing,killarc180,11.9,-12,11.9,-4085,91.5,-3235.5,0,0,0,-1;
racing,killarc180,-12.1,-12,12.1,-3965,91.5,-3019.5,0,0,0,-1;
racing,killarc180,-15.9,-12,23.9,-3865,91.5,-3883.5,0,0,0,-1;
racing,killarc180,-15.9,-12,23.9,-3865,91.5,-3451.5,0,0,0,-1;
racing,killarc180,-15.9,-12,23.9,-3865,91.5,-3019.5,0,0,0,-1;
racing,killcylinder,5.1,-3,5.1,-3941,90,-4104.5,0,0,0,0;
racing,killcylinder,5.1,-3,5.1,-3941,90,-3672,0,0,0,0;
racing,killcylinder,5.1,-3,5.1,-3941,90,-3240,0,0,0,0;
racing,killCuboid,1.1,-6,12.1,-3963.5,90,-4162.5,0,-0.05,0,-0.99;
racing,killCuboid,1.1,-6,40.1,-4224.984,90,-2907,0,-1,0,-1;
racing,killCuboid,1.1,-6,50.1,-4175,90,-2827,0,-1,0,-1;
racing,killCuboid,1.1,-1.1,16.1,-4043,65,-4102.5,0,-1,0,-1;
racing,killCuboid,1.1,-1.1,16.1,-4043,115,-4102.5,0,-1,0,-1;
racing,killCuboid,1.1,-1.8,16.1,-4043,68.5,-3672.5,0,-1,0,-1;
racing,killCuboid,1.1,-1.8,16.1,-4043,111.5,-3672.5,0,-1,0,-1;
racing,killCuboid,1.1,-2.3,16.1,-4043,71,-3240.5,0,-1,0,-1;
racing,killCuboid,1.1,-2.3,16.1,-4043,109,-3240.5,0,-1,0,-1;
racing,killCuboid,1.1,-4,1.1,-4088,90,-4102.5,0,-1,0,-1;
racing,killCuboid,1.1,-4,1.1,-4054,90,-4102.5,0,-1,0,-1;
racing,killCuboid,1.1,-4,1.1,-4021,90,-4102.5,0,-1,0,-1;
racing,killCuboid,1.1,-4,1.1,-3988,90,-4102.5,0,-1,0,-1;
racing,killCuboid,1.1,-2.5,1.1,-4076,90,-3672.5,0,-1,0,-1;
racing,killCuboid,1.1,-2.5,1.1,-4038,90,-3672.5,0,-1,0,-1;
racing,killCuboid,1.1,-2.5,1.1,-4000,90,-3672.5,0,-1,0,-1;
racing,killCuboid,1.1,-1.5,1.1,-4064,90,-3240.5,0,-1,0,-1;
racing,killCuboid,1.1,-1.5,1.1,-4011,90,-3240.5,0,-1,0,-1;
racing,killCuboid,1.1,-2.4,9,-4430,107.5,-2867,0,0,0,0;
racing,killCuboid,1.1,-2.4,9,-4430,72.5,-2867,0,0,0,0;
racing,killCuboid,1.1,-1,2.4,-4430,90,-2852.5,0,0,0,0;
racing,killCuboid,1.1,-1,2.4,-4430,90,-2881.5,0,0,0,0;
racing,killCuboid,1,-6,6,-4610,90,-2765,0,-1,0,-1;
racing,killCuboid,1,-6,6,-4440,90,-2765,0,-1,0,-1;
racing,killCuboid,1,-6,23,-4525,90,-2970,0,-1,0,-1;
racing,killCuboid,1,-6,21,-4640,90,-2865,0,0,0,0;
racing,killCuboid,5.5,-6,1,-4410,90,-2940,0,-1,0,-1;
racing,killCuboid,5.5,-6,1,-4410,90,-2795,0,-1,0,-1;
racing,killCuboid,1,-6,10,-4575,90,-2610,0,0,0,0;
racing,killCuboid,1,-6,10,-4575,90,-2410,0,0,0,0;
racing,killCuboid,1,-6,10,-4575,90,-2210,0,0,0,0;
racing,killCuboid,1,-6,10,-4575,90,-2010,0,0,0,0;
racing,killCuboid,1,-6,10,-4575,90,-1810,0,0,0,0;
racing,killCuboid,1,-6,10,-4475,90,-2710,0,0,0,0;
racing,killCuboid,1,-6,10,-4475,90,-2510,0,0,0,0;
racing,killCuboid,1,-6,10,-4475,90,-2310,0,0,0,0;
racing,killCuboid,1,-6,10,-4475,90,-2110,0,0,0,0;
racing,killCuboid,1,-6,10,-4475,90,-1910,0,0,0,0;
racing,killCuboid,1,-6,10,-4475,90,-1710,0,0,0,0;
racing,killCuboid,1.1,-6.1,10.1,-4575,90,-2710,0,0,0,0;
racing,killCuboid,1.1,-6.1,10.1,-4575,90,-2510,0,0,0,0;
racing,killCuboid,1.1,-6.1,10.1,-4575,90,-2310,0,0,0,0;
racing,killCuboid,1.1,-6.1,10.1,-4575,90,-2110,0,0,0,0;
racing,killCuboid,1.1,-6.1,10.1,-4575,90,-1910,0,0,0,0;
racing,killCuboid,1.1,-6.1,10.1,-4575,90,-1710,0,0,0,0;
racing,killCuboid,1.1,-6.1,10.1,-4475,90,-2610,0,0,0,0;
racing,killCuboid,1.1,-6.1,10.1,-4475,90,-2410,0,0,0,0;
racing,killCuboid,1.1,-6.1,10.1,-4475,90,-2210,0,0,0,0;
racing,killCuboid,1.1,-6.1,10.1,-4475,90,-2010,0,0,0,0;
racing,killCuboid,1.1,-6.1,10.1,-4475,90,-1810,0,0,0,0;
racing,killCuboid,1,-6,8,-4548,90,-2635,0,-0.414,0,-1;
racing,killCuboid,1,-6,8,-4548,90,-2435,0,-0.414,0,-1;
racing,killCuboid,1,-6,5,-4505,90,-2510,0,-1,0,-1;
racing,killCylinder,1,-3,1,-4575,90,-2260,0,0,0,0;
racing,killCylinder,1,-3,1,-4563,90,-2248,0,0,0,0;
racing,killCylinder,1,-3,1,-4551,90,-2236,0,0,0,0;
racing,killCylinder,1,-3,1,-4539,90,-2224,0,0,0,0;
racing,killCylinder,1,-3,1,-4527,90,-2212,0,0,0,0;
racing,killCylinder,1,-3,1,-4515,90,-2200,0,0,0,0;
racing,killCylinder,1,-3,1,-4503,90,-2188,0,0,0,0;
racing,killCylinder,1,-3,1,-4491,90,-2176,0,0,0,0;
racing,killCylinder,1,-3,1,-4479,90,-2164,0,0,0,0;
racing,killCylinder,0.5,-3,0.5,-4575,90,-2260,0,0,0,0;
racing,killCylinder,0.5,-3,0.5,-4563,90,-2248,0,0,0,0;
racing,killCylinder,0.5,-3,0.5,-4551,90,-2236,0,0,0,0;
racing,killCylinder,0.5,-3,0.5,-4539,90,-2224,0,0,0,0;
racing,killCylinder,0.5,-3,0.5,-4527,90,-2212,0,0,0,0;
racing,killCylinder,0.5,-3,0.5,-4515,90,-2200,0,0,0,0;
racing,killCylinder,0.5,-3,0.5,-4503,90,-2188,0,0,0,0;
racing,killCylinder,0.5,-3,0.5,-4491,90,-2176,0,0,0,0;
racing,killCylinder,0.5,-3,0.5,-4479,90,-2164,0,0,0,0;
racing,killCylinder,1.5,-4.5,1.5,-4525,67.5,-2010,0,0,1,-1;
racing,killCylinder,1.5,-4.5,1.5,-4525,82.5,-1960,0,0,1,-1;
racing,killCylinder,1.5,-4.5,1.5,-4525,97.5,-1910,0,0,1,-1;
racing,killCylinder,1.5,-4.5,1.5,-4525,112.5,-1860,0,0,1,-1;
racing,killCylinder,0.75,-4.5,0.75,-4525,67.5,-2010,0,0,1,-1;
racing,killCylinder,0.75,-4.5,0.75,-4525,82.5,-1960,0,0,1,-1;
racing,killCylinder,0.75,-4.5,0.75,-4525,97.5,-1910,0,0,1,-1;
racing,killCylinder,0.75,-4.5,0.75,-4525,112.5,-1860,0,0,1,-1;
racing,killCuboid,1,-20,30,-4575,20,-1510,0,0,0,0;
racing,killCuboid,1,-20,30,-4475,20,-1510,0,0,0,0;
racing,killCuboid,1,-26,56,-4575,-10,-1080,0,0,0,0;
racing,killCuboid,0.5,-20,40,-4575,-10,-1080,0,0,0,0;
racing,killCuboid,1,-26,56,-4475,-10,-1080,0,0,0,0;
racing,killCuboid,0.5,-20,40,-4475,-10,-1080,0,0,0,0;
racing,killCuboid,1,-4,5,-4557.5,100,-582.5,0,-0.414,0,-1;
racing,killCuboid,1,-4,5,-4492.5,100,-582.5,0,0.414,0,-1;
racing,killCuboid,20,-4,1,-4575,100,-700,0,-1,0,-1;
racing,killCuboid,20,-4,1,-4475,100,-700,0,-1,0,-1;
racing,killprism,9,-1,4,-4525.8,103.5,-690,1,0,0,-1;
racing,killCuboid,1,-4,15,-4540,100,-490,0,0,0,0;
34850;
racing,killCuboid,1,-4,15,-4510,100,-490,0,0,0,0;
racing,killCuboid,13,-4,1,-4475,100,-315,0,-1,0,-1;
racing,killCuboid,13,-4,1,-4575,100,-315,0,-1,0,-1;
racing,killCuboid,1,-4,5,-4557.5,100,-397.5,0,0.414,0,-1;
racing,killCuboid,1,-4,5,-4492.5,100,-397.5,0,-0.414,0,-1;
racing,killCuboid,1,-4,5,-4557.5,100,-232.5,0,-0.414,0,-1;
racing,killCuboid,1,-4,5,-4492.5,100,-232.5,0,0.414,0,-1;
racing,killCuboid,2,-8,0.75,-4525,114.25,-320,1,0,0,-1;
racing,killCuboid,2,-8,0.75,-4525,85.75,-320,1,0,0,-1;
racing,killCylinder,1,-10,1,-4540,85,-115,1,0,0,-1;
racing,killCylinder,1,-10,1,-4510,85,-115,1,0,0,-1;
racing,killCylinder,1,-10,1,-4540,115,-115,1,0,0,-1;
racing,killCylinder,1,-10,1,-4510,115,-115,1,0,0,-1;
racing,killCylinder,1,-1.5,1,-4525,85,-15,0,0,1,1;
racing,killCylinder,1,-1.5,1,-4525,115,-15,0,0,1,1;
racing,killCylinder,1,-2,1,-4540,100,-15,0,0,0,0;
racing,killCylinder,1,-2,1,-4510,100,-15,0,0,0,0;
racing,killCuboid,1,-3,20,-4540,100,-115,0,0,0,0;
racing,killCuboid,1,-3,20,-4510,100,-115,0,0,0,0;
racing,killCuboid,3,-1,20,-4525,85,-115,0,0,0,0;
racing,killCuboid,3,-1,20,-4525,115,-115,0,0,0,0;
racing,killCuboid,1,-6,9,-4585,90,-15,0,-1,0,-1;
racing,killCuboid,1,-6,9,-4465,90,-15,0,-1,0,-1;
racing,killCuboid,3,-2.5,1,-4525,72.5,-15,0,0,0,0;
racing,killCuboid,21,-6,1,-4525,90,185,0,0,0,0;
racing,killCuboid,1,-6,21,-4625,90,85,0,0,0,0;
racing,killCuboid,2,20,120,-4197.185,97.32182,-34.03503,0,0.001987799,0,0.999998;
racing,killCuboid,1,20,85,-4206.554,32.377,-209.0272,0,0.00198143,0,0.999998;
racing,killtube,12.25,-88,12.25,-4200,71,-300,0,-1,-1,0;
racing,killCuboid,2,-10,100,-4140,70,495,0,0,0,0;
racing,killCuboid,2,-10,10,-4260,70,45,0,0,0,0;
racing,killCuboid,21,-10,1,-4315,70,185,0,0,0,0;
racing,killCylinder,10,-5,10,-4300,70,95,0,0,0,0;
racing,killCuboid,1,-10,12.5,-4362.5,70,140,0,-1,0,-1;
racing,killCuboid,1,-6,15,-4420,90,60,0,0,0,0;
racing,killCuboid,1,-10,30,-4200,70,-775,0,0,0,0;
racing,killCuboid,2,-10,38,-4260,70,-815,0,0,0,0;
racing,killCuboid,2,-10,38,-4140,70,-815,0,0,0,0;
racing,killCuboid,9.9,-9.9,0.5,-4200,70,-1077.4,0,0,0,0;
racing,killCuboid,0.25,-10,1,-4188.75,70,35,0,0,0,0;
racing,killCuboid,0.25,-10,1,-4151.25,70,35,0,0,0,0;
racing,killCuboid,0.5,-10,1,-4187.5,70,185,0,0,0,0;
racing,killCuboid,0.5,-10,1,-4152.5,70,185,0,0,0,0;
racing,killCuboid,0.75,-10,1,-4186.25,70,335,0,0,0,0;
racing,killCuboid,0.75,-10,1,-4153.75,70,335,0,0,0,0;
racing,killCuboid,1,-10,1,-4185,70,485,0,0,0,0;
racing,killCuboid,1,-10,1,-4155,70,485,0,0,0,0;
racing,killCuboid,1.25,-10,1,-4183.75,70,635,0,0,0,0;
racing,killCuboid,1.25,-10,1,-4156.25,70,635,0,0,0,0;
racing,killCuboid,1.5,-10,1,-4182.5,70,785,0,0,0,0;
racing,killCuboid,1.5,-10,1,-4157.5,70,785,0,0,0,0;
racing,killCuboid,1.75,-10,1,-4181.25,70,935,0,0,0,0;
racing,killCuboid,1.75,-10,1,-4158.75,70,935,0,0,0,0;
racing,killCuboid,3.5,-1,1,-4170,25,35,0,0,0,0;
racing,killCuboid,3,-2,1,-4170,30,185,0,0,0,0;
racing,killCuboid,2.5,-3,1,-4170,35,335,0,0,0,0;
racing,killCuboid,2,-4,1,-4170,40,485,0,0,0,0;
racing,killCuboid,1.5,-5,1,-4170,45,635,0,0,0,0;
racing,killCuboid,1,-6,1,-4170,50,785,0,0,0,0;
racing,killCuboid,0.5,-7,1,-4170,55,935,0,0,0,0;
racing,killCuboid,6,-30,1,-4220,-30,1375,0,0,0,0;
racing,killCuboid,6,-30,1,-4120,-30,1375,0,0,0,0;
racing,killCuboid,4,-10,1,-4170,-130,1375,0,0,0,0;
racing,killCylinder,1,-100,1,-4090,-180,2535,1,0,0,-1;
racing,killCylinder,1,-100,1,-4250,-180,2535,1,0,0,-1;
racing,killCylinder,0.5,-99.9,0.5,-4090,-180,2535,1,0,0,-1;
racing,killCylinder,0.5,-99.9,0.5,-4250,-180,2535,1,0,0,-1;
racing,killCuboid,1,-10,200,-4090,-130,2535,0,0,0,0;
racing,killCuboid,1,-10,200,-4250,-130,2535,0,0,0,0;
racing,killCuboid,16,-1,200,-4170,-80,2535,0,0,0,0;
racing,killtube,1.9,-10.1,1.9,-4232.5,-100,2575.1,1,0,0,-1;
racing,killtube,1.9,-10.1,1.9,-4232.5,-120,2575.2,1,0,0,-1;
racing,killtube,1.9,-10.1,1.9,-4232.5,-140,2575.1,1,0,0,-1;
racing,killtube,1.9,-10.1,1.9,-4232.5,-160,2575.2,1,0,0,-1;
racing,killtube,1.9,-10.1,1.9,-4212.5,-100,2575.2,1,0,0,-1;
racing,killtube,1.9,-10.1,1.9,-4212.5,-120,2575.1,1,0,0,-1;
racing,killtube,1.9,-10.1,1.9,-4212.5,-140,2575.2,1,0,0,-1;
racing,killtube,1.9,-10.1,1.9,-4212.5,-160,2575.1,1,0,0,-1;
racing,killtube,1.9,-10.1,1.9,-4192.5,-100,2575.1,1,0,0,-1;
racing,killtube,1.9,-10.1,1.9,-4192.5,-120,2575.2,1,0,0,-1;
racing,killtube,1.9,-10.1,1.9,-4192.5,-140,2575.1,1,0,0,-1;
racing,killtube,1.9,-10.1,1.9,-4192.5,-160,2575.2,1,0,0,-1;
racing,killtube,-1.9,-10.1,1.9,-4147.5,-100,2575.1,1,0,0,-1;
racing,killtube,-1.9,-10.1,1.9,-4147.5,-120,2575.2,1,0,0,-1;
racing,killtube,-1.9,-10.1,1.9,-4147.5,-140,2575.1,1,0,0,-1;
racing,killtube,-1.9,-10.1,1.9,-4147.5,-160,2575.2,1,0,0,-1;
racing,killtube,-1.9,-10.1,1.9,-4127.5,-100,2575.2,1,0,0,-1;
racing,killtube,-1.9,-10.1,1.9,-4127.5,-120,2575.1,1,0,0,-1;
racing,killtube,-1.9,-10.1,1.9,-4127.5,-140,2575.2,1,0,0,-1;
racing,killtube,-1.9,-10.1,1.9,-4127.5,-160,2575.1,1,0,0,-1;
racing,killtube,-1.9,-10.1,1.9,-4107.5,-100,2575.1,1,0,0,-1;
racing,killtube,-1.9,-10.1,1.9,-4107.5,-120,2575.2,1,0,0,-1;
racing,killtube,-1.9,-10.1,1.9,-4107.5,-140,2575.1,1,0,0,-1;
racing,killtube,-1.9,-10.1,1.9,-4107.5,-160,2575.2,1,0,0,-1;
racing,killcuboid,16.1,-1.6,10.1,-4170,-177.5,2575,0,0,0,0;
racing,killcuboid,2.6,-7.9,10.1,-4170,-130,2575,0,0,0,0;
racing,killcuboid,16.1,-1.6,10.1,-4170,-82.5,2575,0,0,0,0;
racing,killcuboid,1.6,-10.1,1.6,-4170,-135,2955,0,0.414,0,-1;
racing,killcuboid,1.6,-10.1,1.6,-4100,-135,3025,0,0.414,0,-1;
racing,killcuboid,1.6,-10.1,1.6,-4240,-135,3025,0,0.414,0,-1;
45078;
racing,killcuboid,1.6,-10.1,1.6,-4170,-135,3095,0,0.414,0,-1;
racing,killcuboid,1.45,-13,1.45,-4205,-135,2990,0.366,0.351,0.151,-0.848;
racing,killcuboid,1.45,-13,1.45,-4135,-135,2990,-0.848,-0.151,0.351,-0.366;
racing,killcuboid,1.45,-13,1.45,-4135,-135,3060,0.366,0.351,0.151,-0.848;
racing,killcuboid,1.45,-13,1.45,-4205,-135,3060,-0.848,-0.151,0.351,-0.366;
racing,killcuboid,1,-8,38,-4135,80,1180,0,0,0,0;
racing,killcuboid,1,-8,38,-4205,80,1180,0,0,0,0;
racing,killcuboid,20,-0.5,20,-4170,117.7,4090,0,0,0,0;
racing,killcuboid,20,-1,20,-4170,65,4090,0,0,0,0;
racing,killCuboid,0.5,-4,7.5,-4237.5,90,4192.5,0,-1,0,-1;
racing,killCuboid,0.5,-4,7.5,-4102.5,90,4192.5,0,-1,0,-1;
racing,killCuboid,0.5,-4,7.5,-4237.5,90,3987.5,0,-1,0,-1;
racing,killCuboid,0.5,-4,7.5,-4102.5,90,3987.5,0,-1,0,-1;
racing,killCuboid,0.5,-4,20,-4272.5,90,4090,0,0,0,0;
racing,killCuboid,0.5,-4,20,-4067.5,90,4090,0,0,0,0;
racing,killCuboid,17,-1,47,-4170,-185,3770,0,0,0,0;
racing,killCylinder,1,-8.5,1,-4170,-185,3535,0,0,-1,1;
racing,killCylinder,0.5,-8.5,0.5,-4170,-185,3535,0,0,-1,1;
racing,killCuboid,6,-6,1,-4195,90,4225,0,-1,0,-1;
racing,killCuboid,6,-6,1,-4145,90,4225,0,-1,0,-1;
racing,killCuboid,1,-6,7,-4235,90,4250,0,-1,0,-1;
racing,killCuboid,1,-6,7,-4105,90,4250,0,-1,0,-1;
racing,killCuboid,2,-6,14,-4340,90,4445,0,-1,0,-1;
racing,killCuboid,3,-6,14,-4340,90,4260,0,-1,0,-1;
racing,killCuboid,10,-6,21,-4460,90,4350,0,0,0,0;
racing,killCuboid,1,-6,5,-4065,90,4270,0,0,0,0;
racing,killCuboid,1,-6,10,-4065,90,4345,0,0,0,0;
racing,killCuboid,1,-6,10,-4010,90,4390,0,-1,0,-1;
racing,killCuboid,1,-6,10,-3955,90,4345,0,0,0,0;
racing,killCuboid,1,-6,5,-3935,90,4290,0,-1,0,-1;
racing,killCuboid,1,-6,10,-3915,90,4345,0,0,0,0;
racing,killCuboid,1,-6,10,-3860,90,4390,0,-1,0,-1;
racing,killCuboid,1,-6,10,-3805,90,4345,0,0,0,0;
racing,killCuboid,1,-6,5,-3785,90,4290,0,-1,0,-1;
racing,killCuboid,1,-6,10,-3765,90,4345,0,0,0,0;
racing,killCuboid,1,-6,10,-3710,90,4390,0,-1,0,-1;
racing,killCuboid,1,-6,10,-3655,90,4345,0,0,0,0;
racing,killCuboid,1,-6,5,-3635,90,4290,0,-1,0,-1;
racing,killCuboid,1,-6,10,-3615,90,4345,0,0,0,0;
racing,killCuboid,1,-6,10,-3560,90,4390,0,-1,0,-1;
racing,killCuboid,1,-6,10,-3505,90,4345,0,0,0,0;
racing,killCuboid,1,-6,5,-3485,90,4290,0,-1,0,-1;
racing,killCuboid,1,-6,10,-3465,90,4345,0,0,0,0;
racing,killCuboid,1,-6,10,-3410,90,4390,0,-1,0,-1;
racing,killcuboid,1,-6,12,-3935,90,4395,0,0,0,0;
racing,killcylinder,1,-3,1,-3935,90,4335,0,0,0,0;
racing,killcuboid,1,-6,12,-3785,90,4395,0,0,0,0;
racing,killcylinder,1,-3,1,-3785,90,4335,0,0,0,0;
racing,killcuboid,1,-6,12,-3635,90,4395,0,0,0,0;
racing,killcylinder,1,-3,1,-3635,90,4335,0,0,0,0;
racing,killcuboid,1,-6,12,-3485,90,4395,0,0,0,0;
racing,killcylinder,1,-3,1,-3485,90,4335,0,0,0,0;
racing,killcuboid,1.8,-0.2,0.15,-3485,120,4315.5,0,0,0,0;
racing,killcuboid,0.15,-0.2,14.1,-3495,120,4385,0,0,0,0;
racing,killcuboid,0.15,-0.2,14.1,-3475,120,4385,0,0,0,0;
racing,killcylinder,1.6,-2.9,1.6,-3360,90,4390,0,0,0,0;
racing,killcylinder,1.6,-2.9,1.6,-3260,90,4390,0,0,0,0;
racing,killcuboid,1.1,-5.9,25,-3270,90,4300,0,-1,0,-0.414;
racing,killcuboid,1.1,-5.9,25,-3170,90,4300,0,-1,0,-0.414;
racing,killcuboid,1.1,-5.9,25,-3270,90,4115,0,-1,0,0.414;
racing,killcuboid,1.1,-5.9,25,-3170,90,4115,0,-1,0,0.414;
racing,killcuboid,1.1,-5.9,15,-3260,90,3947.5,0,0,0,0;
racing,killcuboid,1.1,-5.9,15,-3360,90,3947.5,0,0,0,0;
racing,killcuboid,1.1,-5.9,25,-3270,90,3780,0,-1,0,-0.414;
racing,killcuboid,1.1,-5.9,25,-3170,90,3780,0,-1,0,-0.414;
racing,killcuboid,1.1,-5.9,30,-3035,90,3590,0,-1,0,-1;
racing,killcuboid,1.1,-5.9,30,-2935,90,3690,0,-1,0,-1;
racing,killcuboid,1.1,-5.9,10,-3190,90,3635,0,0,0,0;
racing,killcuboid,1.1,-5.9,10,-2790,90,3635,0,0,0,0;
racing,killcuboid,1.1,-5.9,25,-2970,90,3495,0,-1,0,0.414;
racing,killcuboid,1.1,-5.9,25,-2870,90,3495,0,-1,0,0.414;
racing,killcuboid,1.1,-5.9,25,-2970,90,3310,0,-1,0,-0.414;
racing,killcuboid,1.1,-5.9,25,-2870,90,3310,0,-1,0,-0.414;
racing,killcuboid,1.1,-5.9,15,-2880,90,3142.5,0,0,0,0;
racing,killcuboid,1.1,-5.9,15,-2780,90,3142.5,0,0,0,0;
racing,killcuboid,1.1,-5.9,25,-2970,90,2975,0,-1,0,0.414;
racing,killcuboid,1.1,-5.9,25,-2870,90,2975,0,-1,0,0.414;
racing,killcuboid,1.1,-5.9,25,-2970,90,2790,0,-1,0,-0.414;
racing,killcuboid,1.1,-5.9,25,-2870,90,2790,0,-1,0,-0.414;
racing,killcylinder,2.1,-2.9,2.1,-3080,90,4207.5,0,-1,0,1;
racing,killcylinder,2.1,-2.9,2.1,-3260,90,4025,0,-1,0,-1;
racing,killcylinder,2.1,-2.9,2.1,-3180,90,4207.5,0,-1,0,1;
racing,killcylinder,2.1,-2.9,2.1,-3360,90,4025,0,-1,0,-1;
racing,killcylinder,2.1,-2.9,2.1,-3360,90,3875,0,-1,0,-1;
racing,killcylinder,2.1,-2.9,2.1,-3260,90,3875,0,-1,0,-1;
racing,killcylinder,2.1,-2.9,2.1,-3185,90,3690,0,0,0,0;
racing,killcylinder,2.1,-2.9,2.1,-3085,90,3690,0,0,0,0;
racing,killcylinder,2.1,-2.9,2.1,-2880,90,3587.5,0,0,0,0;
racing,killcylinder,2.1,-2.9,2.1,-2790,90,3577.5,0,0,0,0;
racing,killcylinder,2.1,-2.9,2.1,-2960,90,3402.5,0,0,0,0;
racing,killcylinder,2.1,-2.9,2.1,-2780,90,3220,0,0,0,0;
racing,killcylinder,2.1,-2.9,2.1,-2780,90,3065,0,0,0,0;
racing,killcylinder,2.1,-2.9,2.1,-2960,90,2882.5,0,0,0,0;
racing,killcylinder,2.1,-2.9,2.1,-3060,90,3402.5,0,0,0,0;
racing,killcylinder,2.1,-2.9,2.1,-2880,90,3220,0,0,0,0;
racing,killcylinder,2.1,-2.9,2.1,-2880,90,3065,0,0,0,0;
racing,killcylinder,2.1,-2.9,2.1,-3060,90,2882.5,0,0,0,0;
racing,killCuboid,8,-2,2,-2935,110,3480,0,-0.414,0,-1;
racing,killCuboid,8,-2,2,-2935,70,3480,0,-0.414,0,-1;
racing,killCuboid,8,-2,2,-3200,110,4280,0,-1,0,-0.414;
50305;
racing,killCuboid,8,-2,2,-3200,70,4280,0,-1,0,-0.414;
racing,killCuboid,3,-6,3,-2912.5,90,3280,0,-1,0,-0.414;
racing,killCuboid,3,-6,3,-3230,90,4082.5,0,-1,0,0.414;
racing,killCuboid,9,-1,6,-2830,115,3145,0,0,0,0;
racing,killCuboid,9,-1,6,-2830,65,3145,0,0,0,0;
racing,killCuboid,9,-1.5,6,-2830,90,3145,0,0,0,0;
racing,killCuboid,9,-1,6,-3310,115,3950,0,0,0,0;
racing,killCuboid,9,-1,6,-3310,65,3950,0,0,0,0;
racing,killCuboid,9,-1.5,6,-3310,90,3950,0,0,0,0;
racing,killPyramid,1,-2.5,1,-3210,100,3770,0,-0.414,0,-1;
racing,killPyramid,1,2.5,1,-3210,80,3770,0,-0.414,0,-1;
racing,killPyramid,1,-2.5,1,-3210,100,3770,0,1,0,-1;
racing,killPyramid,1,2.5,1,-3210,80,3770,0,1,0,-1;
racing,killcylinder,1.6,-20,1.6,-2990,90,3640,0.5,-0.5,-0.5,-0.5;
racing,killcylinder,1.1,-3.1,1.1,-2890,90,3640,0,0,0,0;
racing,killcylinder,1.1,-5,1.1,-2990,90,3640,0,-1,1,0;
racing,killcylinder,1.1,-3.1,1.1,-3090,90,3640,0,0,0,0;
racing,killcylinder,1.1,-3.6,1.1,-2840,90,3640,0,-1,0.414,0;
racing,killcylinder,1.1,-3.6,1.1,-2940,90,3640,0,-1,-0.414,0;
racing,killcylinder,1.1,-3.6,1.1,-3040,90,3640,0,-1,0.414,0;
racing,killcylinder,1.1,-3.6,1.1,-3140,90,3640,0,-1,-0.414,0;
racing,killcylinder,1.1,-3.1,1.1,-2815,90,3640,0,-1,1,0;
racing,killcylinder,1.1,-3.6,1.1,-2865,90,3640,0,-1,-0.414,0;
racing,killcylinder,1.1,-3.1,1.1,-2915,90,3640,0,0,0,0;
racing,killcylinder,1.1,-3.6,1.1,-2965,90,3640,0,-1,0.414,0;
racing,killcylinder,1.1,-5,1.1,-3015,90,3640,0,-1,1,0;
racing,killcylinder,1.1,-3.6,1.1,-3065,90,3640,0,-1,-0.414,0;
racing,killcylinder,1.1,-3.1,1.1,-3115,90,3640,0,0,0,0;
racing,killcylinder,1.1,-3.6,1.1,-3165,90,3640,0,-1,0.414,0;
racing,killcylinder,3.1,-3.1,3.1,-3870,90,-3885,0,0,0,0;
racing,killcylinder,2.1,-3.1,2.1,-3870,90,-3455,0,0,0,0;
racing,killcylinder,1.1,-3.1,1.1,-3870,90,-3020,0,0,0,0;
racing,killcylinder,3.1,-5.5,3.1,-3870,90,-3885,1,1,1,-1;
racing,killcylinder,2.1,-5.5,2.1,-3870,90,-3455,1,1,1,-1;
racing,killcylinder,1.1,-5.5,1.1,-3870,90,-3020,1,1,1,-1;
racing,checkpointCuboid,1.8,-7,18,-4110,110.5,4397.5,0.22,0,0,0.975;
racing,checkpointCylinder,14,-0.8,18,-4497.3,86.9,-2841.6,0.235,-0.355,0.6707,-0.607;
racing,checkpointCylinder,8,-1,6,-4538,96.25,125,-1,0,0,-1;
racing,killcylinder,2.1,-2.9,2.1,-2780,90,2700,0,0,0,0;
racing,killcylinder,2.1,-2.9,2.1,-2880,90,2700,0,0,0,0;
racing,killcylinder,2.1,-2.9,2.1,-2780,90,2600,0,0,0,0;
racing,killcylinder,2.1,-2.9,2.1,-2880,90,2600,0,0,0,0;
racing,killCuboid,1,-6,500,-280,90,2599.75,0,-1,0,-1;
racing,killCuboid,1,-6,500,-280,90,2700.25,0,-1,0,-1;
racing,killCuboid,9,-1,500,-280,115.25,2650,0,-1,0,-1;
racing,killCuboid,3.9,-6,5,2240,90,2619.75,0,0,0,0;
racing,killCuboid,3.9,-6,5,2240,90,2680.25,0,0,0,0;
racing,killCuboid,1,-2.5,3.9,2240,107.75,2650,0,-1,0,-1;
racing,killCuboid,1,-2.5,3.9,2240,72.25,2650,0,-1,0,-1;
racing,killcylinder,0.95,-2.9,0.95,-2600,90,2650,0,0,0,0;
racing,killcylinder,0.95,-2.9,0.95,-2560,90,2660,0,0,0,0;
racing,killcylinder,0.95,-2.9,0.95,-2560,90,2640,0,0,0,0;
racing,killcylinder,0.95,-2.9,0.95,-2520,90,2670,0,0,0,0;
racing,killcylinder,0.95,-2.9,0.95,-2520,90,2630,0,0,0,0;
racing,killcylinder,0.95,-2.9,0.95,-2480,90,2680,0,0,0,0;
racing,killcylinder,0.95,-2.9,0.95,-2480,90,2620,0,0,0,0;
racing,killcylinder,0.95,-2.9,0.95,-2440,90,2690,0,0,0,0;
racing,killcylinder,0.95,-2.9,0.95,-2440,90,2610,0,0,0,0;
racing,killcylinder,0.95,-2.9,0.95,-2400,90,2680,0,0,0,0;
racing,killcylinder,0.95,-2.9,0.95,-2400,90,2620,0,0,0,0;
racing,killcylinder,0.95,-2.9,0.95,-2360,90,2670,0,0,0,0;
racing,killcylinder,0.95,-2.9,0.95,-2360,90,2630,0,0,0,0;
racing,killcylinder,0.95,-2.9,0.95,-2320,90,2660,0,0,0,0;
racing,killcylinder,0.95,-2.9,0.95,-2320,90,2640,0,0,0,0;
racing,killcylinder,0.95,-2.9,0.95,-2280,90,2650,0,0,0,0;
racing,killCuboid,9,-0.495,0.9,-1900,107.5,2650,0,-1,0,-1;
racing,killCuboid,9,-0.495,0.9,-1800,72.5,2650,0,-1,0,-1;
racing,killCuboid,9,-0.9,0.9,-1700,105,2650,0,-1,0,-1;
racing,killCuboid,9,-0.9,0.9,-1600,75,2650,0,-1,0,-1;
racing,killCuboid,9,-1.4,0.9,-1500,102.5,2650,0,-1,0,-1;
racing,killCuboid,9,-1.4,0.9,-1400,77.5,2650,0,-1,0,-1;
racing,killCuboid,9,-1.9,0.9,-1300,100,2650,0,-1,0,-1;
racing,killCuboid,9,-1.9,0.9,-1200,80,2650,0,-1,0,-1;
racing,killCuboid,9,-2.4,0.9,-1100,97.5,2650,0,-1,0,-1;
racing,killCuboid,9,-2.4,0.9,-1000,82.5,2650,0,-1,0,-1;
racing,killCuboid,9,-2.9,0.9,-900,95,2650,0,-1,0,-1;
racing,killCuboid,9,-2.9,0.9,-800,85,2650,0,-1,0,-1;
racing,killsphere,15.9,-1.9,4,400,92,2652,0,0,0,0;
racing,killtube,10.1,-19.9,4.1,400,91,2649,0.5,-0.5,-0.5,-0.5;
racing,killtube,12,-19.9,5,400,91,2649,0.5,-0.5,-0.5,-0.5;
racing,endCapsule,1.5,-1,1.5,2540,40.5004,2651,0,0,0,1;
racing,startCuboid,5,-6,2,-4000,90,-5210,0,0,0,0;
racing,killCuboid,1000,-1,1000,0,124,-425,0,0,0,0;
custom,cuboid,metal1,1,-10,1000,0,1,1,1,0.01,0.01,0,70,-5425,0,-1,0,-1;
custom,cuboid,metal1,1,-10,1000,0,1,1,1,0.01,0.01,0,70,4460,0,-1,0,-1;
custom,cuboid,metal1,1,-10,1000,0,1,1,1,0.01,0.01,4900,70,-425,0,0,0,0;
custom,cuboid,metal1,1,-10,1000,0,1,1,1,0.01,0.01,-5000,70,-425,0,0,0,0;
racing,killcuboid,1000,-1,1000,0,124.5,-425,0,0,0,0;
custom,cuboid,metal1,20,-1,20,0,1,1,1,0.01,0.01,-4000,115,-5320,0,0,0,0;
custom,cylinder,metal1,0.5,-2,0.5,0,1,1,1,0.01,1,-4000,100,-5220,0,0,0,0;
custom,sphere,metal1,1,-1,1,0,1,1,1,0.01,1,-4000.25,77.5,-5219.25,0,0,0,0;
custom,cylinder,brick2,1,-3,1,0,1,1,1,0.25,1,-4000,90,-4425,0,0,0,0;
custom,arc180,lava1,12,-12,12,0,1,1,1,1,1,-4085,91.5,-4100,0,0,0,-1;
custom,arc180,lava1,-12,-12,12,0,1,1,1,1,1,-3965,91.5,-3883.5,0,0,0,-1;
custom,arc180,lava1,12,-12,12,0,1,1,1,1,1,-4085,91.5,-3667.5,0,0,0,-1;
custom,arc180,lava1,-12,-12,12,0,1,1,1,1,1,-3965,91.5,-3451.5,0,0,0,-1;
custom,arc180,lava1,12,-12,12,0,1,1,1,1,1,-4085,91.5,-3235.5,0,0,0,-1;
custom,arc180,lava1,-12,-12,12,0,1,1,1,1,1,-3965,91.5,-3019.5,0,0,0,-1;
custom,arc180,lava1,-16,-12,24,0,1,1,1,1,1,-3865,91.5,-3883.5,0,0,0,-1;
custom,arc180,lava1,-16,-12,24,0,1,1,1,1,1,-3865,91.5,-3451.5,0,0,0,-1;
11419;
custom,arc180,lava1,-16,-12,24,0,1,1,1,1,1,-3865,91.5,-3019.5,0,0,0,-1;
custom,cylinder,lava1,5,-3,5,0,1,1,1,0.25,0.5,-3941,90,-4104.5,0,0,0,0;
custom,cylinder,lava1,5,-3,5,0,1,1,1,0.25,0.5,-3941,90,-3672,0,0,0,0;
custom,cylinder,lava1,5,-3,5,0,1,1,1,0.25,0.5,-3941,90,-3240,0,0,0,0;
custom,cuboid,lava1,1,-6,12,0,1,1,1,0.25,0.5,-3963.5,90,-4162.5,0,-0.05,0,-0.99;
custom,cuboid,lava1,1,-6,40,0,1,1,1,1,0.5,-4224.984,90,-2907,0,-1,0,-1;
custom,cuboid,lava1,1,-6,50,0,1,1,1,1,0.5,-4175,90,-2827,0,-1,0,-1;
custom,cuboid,metal1,20,-0.5,20,0,1,1,1,0.01,0.01,-4535,117.5,-2867,0,0,0,0;
custom,cuboid,metal1,2,-0.5,5.5,0,1,1,1,0.01,0.01,-4425,117.5,-2939.5,0,0,0,0;
custom,cuboid,metal1,2,-0.5,5.5,0,1,1,1,0.01,0.01,-4425,117.5,-2794.5,0,0,0,0;
custom,cuboid,default,1,-6,1,0,1,1,1,1,1,-4475,90,-2765,0,-1,0,-1;
custom,cuboid,default,1,-6,1,0,1,1,1,1,1,-4575,90,-2765,0,-1,0,-1;
custom,cuboid,brick2,1,-6,10,0,1,1,1,0.5,0.5,-4575,90,-1910,0,0,0,0;
custom,cuboid,brick2,1,-6,10,0,1,1,1,0.5,0.5,-4475,90,-2410,0,0,0,0;
custom,cylinder,default,1,-10,1,0,1,1,1,1,1,-4575,20,-1660,0,0,0,0;
custom,cylinder,default,1,-10,1,0,1,1,1,1,1,-4475,20,-1660,0,0,0,0;
custom,cylinder,default,1,-10,1,0,1,1,1,1,1,-4575,20,-1360,0,0,0,0;
custom,cylinder,default,1,-10,1,0,1,1,1,1,1,-4475,20,-1360,0,0,0,0;
custom,cylinder,default,1,-5,1,0,1,1,1,1,1,-4525,60,-1660,0,0,1,-1;
custom,cylinder,default,1,-5,1,0,1,1,1,1,1,-4525,60,-1360,0,0,1,-1;
custom,cylinder,default,1,-5.5,1,0,1,1,1,1,1,-4525,80,-800,0,0,1,-1;
custom,cylinder,default,1,-2,1,0,1,1,1,1,1,-4475,100,-800,0,0,0,0;
custom,cylinder,default,1,-2,1,0,1,1,1,1,1,-4575,100,-800,0,0,0,0;
custom,prism,bark,4.3,-0.5,2,0,1,1,1,1,1,-4525.8,110,-690,1,0,0,1;
custom,cylinder,default,1,-2,1,0,1,1,1,1,1,-4540,100,-415,0,0,0,0;
custom,cylinder,default,1,-2,1,0,1,1,1,1,1,-4510,100,-415,0,0,0,0;
custom,cylinder,default,1,-2,1,0,1,1,1,1,1,-4575,100,-250,0,0,0,0;
custom,cylinder,default,1,-2,1,0,1,1,1,1,1,-4475,100,-250,0,0,0,0;
custom,cuboid,metal1,20,-0.5,20,0,1,1,1,0.01,0.01,-4525,117.5,85,0,0,0,0;
custom,cylinder,metal3,3.5,-32,3.5,0,1,1,1,1,1,-4200,70,-315,-0.5,-0.5,-0.5,-0.5;
custom,cylinder,stone8,2,-3,2,0,1,1,1,0.25,0.5,-4500,90,125,0,0,0,0;
custom,cylinder,stone8,1.5,-0.1,3,0,1,1,1,0.01,0.01,-4200,70,-775,0,0,-1,-1;
custom,cylinder,stone8,0.7,-0.05,0.7,0,1,1,1,0.01,0.01,-4170,84,940,-1,0,0,-1;
custom,cylinder,stone8,0.7,-0.05,0.7,0,1,1,1,0.01,0.01,-4170,84,930,-1,0,0,-1;
custom,cylinder,stone5,1,-15,1,0,1,1,1,1,16,-4190,-30,1375,0,0,0,0;
custom,cylinder,stone5,1,-15,1,0,1,1,1,1,16,-4150,-30,1375,0,0,0,0;
custom,cylinder,stone5,1,-2,1,0,1,1,1,1,1,-4170,-80,1375,0,0,-1,-1;
custom,cylinder,stone5,1,-8,1,0,1,1,1,1,4,-4170,-80,1535,0,0,-1,-1;
custom,cylinder,stone5,1,-8,1,0,1,1,1,1,4,-4250,-80,1455,1,0,0,-1;
custom,cylinder,stone5,1,-8,1,0,1,1,1,1,4,-4090,-80,1455,1,0,0,-1;
custom,cylinder,stone5,1,-3,1,0,1,1,1,1,1,-4220,-80,1375,0,0,-1,-1;
custom,cylinder,stone5,1,-3,1,0,1,1,1,1,1,-4120,-80,1375,0,0,-1,-1;
custom,cylinder,stone5,1,-100,1,0,1,1,1,1,32,-4090,-80,2535,-1,0,0,1;
custom,cylinder,stone5,1,-100,1,0,1,1,1,1,32,-4250,-80,2535,-1,0,0,1;
custom,cuboid,stone5,17.1,-1,17.1,0,1,1,1,1,1,-4170,-180,1455,0,0,0,0;
custom,cuboid,stone5,16,-1.5,10,0,1,1,1,1,0.25,-4170,-177.5,2575,0,0,0,0;
custom,cuboid,stone5,2.5,-8,10,0,1,1,1,0.5,0.5,-4170,-130,2575,0,0,0,0;
custom,cuboid,stone5,16,-1.5,10,0,1,1,1,1,0.25,-4170,-82.5,2575,0,0,0,0;
custom,cuboid,stone5,1.5,-10,1.5,0,1,1,1,0.25,1,-4170,-135,3095,0,0.414,0,-1;
custom,cuboid,metal1,20,-0.5,20,1,0.5,0.5,0.5,0.01,0.01,-4170,117.5,4090,0,0,0,0;
custom,cuboid,metal1,0.5,-1,8,1,0.5,0.5,0.5,0.5,0.01,-4110,115,4192.5,0,-1,0,-1;
custom,cuboid,metal1,0.5,-1,8,1,0.5,0.5,0.5,0.5,0.01,-4230,115,4192.5,0,-1,0,-1;
custom,cuboid,metal1,0.5,-1,8,1,0.5,0.5,0.5,0.5,0.01,-4110,115,3987.5,0,-1,0,-1;
custom,cuboid,metal1,0.5,-1,8,1,0.5,0.5,0.5,0.5,0.01,-4110,65,3987.5,0,-1,0,-1;
custom,cuboid,metal1,0.5,-1,8,1,0.5,0.5,0.5,0.5,0.01,-4230,115,3987.5,0,-1,0,-1;
custom,cuboid,metal1,0.5,-1,8,1,0.5,0.5,0.5,0.5,0.01,-4230,65,3987.5,0,-1,0,-1;
custom,cuboid,metal1,0.5,-1,21,1,0.5,0.5,0.5,0.5,0.01,-4272.5,115,4090,0,0,0,0;
custom,cuboid,metal1,0.5,-1,21,1,0.5,0.5,0.5,0.5,0.01,-4067.5,115,4090,0,0,0,0;
custom,cuboid,metal1,1,-4,0.5,1,0.5,0.5,0.5,0.01,0.5,-4195,90,3987.5,0,0,0,0;
custom,cuboid,metal1,1,-4,0.5,1,0.5,0.5,0.5,0.01,0.5,-4145,90,3987.5,0,0,0,0;
custom,cuboid,metal1,4,-1,0.5,1,0.5,0.5,0.5,0.5,0.01,-4170,65,3987.5,0,0,0,0;
custom,checkpointCuboid,default,4,-5,0.5,0,1,1,1,1,1,-4170,95,3987.5,0,0,0,0;
custom,prism,default,4.5,-1,4.5,0,1,0,0,1,1,-4170,43.4,3988,-1,0,0,1;
custom,prism,default,4,-1,4,1,1,0,0,1,1,-4170,44,3987.5,-1,0,0,1;
custom,prism,default,3,-1,3,0,1,0,0,1,1,-4170,45,3987,-1,0,0,1;
custom,capsule,default,0.3,-0.75,0.25,1,0,0,0,1,1,-4169.75,42,3981.25,0,0,0,0;
custom,sphere,default,0.4,-0.4,0.4,1,0,0,0,1,1,-4170,54.2,3983,0,0,0,0;
custom,cuboid,metal1,20,-0.5,20,0,1,1,1,0.01,0.01,-4170,117.5,4355,0,0,0,0;
custom,cuboid,stone5,1,-0.2,2,0,1,1,1,0.01,0.01,-4245,-41,2510,0,-1,0,-1;
custom,cuboid,stone5,1,-0.2,2,0,1,1,1,0.01,0.01,-4245,-50,2510,0,-1,0,-1;
custom,cuboid,stone5,1,-0.2,2,0,1,1,1,0.01,0.01,-4245,-59,2510,0,-1,0,-1;
custom,cuboid,stone5,0.2,-0.7,1,0,1,1,1,0.01,0.01,-4254,-45.5,2510,0,0,0,0;
custom,cuboid,stone5,0.2,-0.7,1,0,1,1,1,0.01,0.01,-4254,-54.5,2510,0,0,0,0;
custom,cuboid,stone5,1,-0.2,2,0,1,1,1,0.01,0.01,-4215,-41,2510,0,-1,0,-1;
custom,cuboid,stone5,0.2,-1.8,1,0,1,1,1,0.01,0.01,-4224,-51,2510,0,0,0,0;
custom,cuboid,stone5,1,-0.2,2,0,1,1,1,0.01,0.01,-4185,-41,2510,0,-1,0,-1;
custom,cuboid,stone5,1,-0.2,2,0,1,1,1,0.01,0.01,-4185,-59,2510,0,-1,0,-1;
custom,cuboid,stone5,0.2,-1.6,1,0,1,1,1,0.01,0.01,-4185,-50,2510,0,0,0,0;
custom,cuboid,stone5,1,-0.2,2,0,1,1,1,0.01,0.01,-4155,-41,2510,0,-1,0,-1;
custom,cuboid,stone5,1,-0.2,2,0,1,1,1,0.01,0.01,-4155,-59,2510,0,-1,0,-1;
custom,cuboid,stone5,0.2,-1.6,1,0,1,1,1,0.01,0.01,-4146,-50,2510,0,0,0,0;
custom,cuboid,stone5,0.2,-1.6,1,0,1,1,1,0.01,0.01,-4164,-50,2510,0,0,0,0;
custom,cuboid,stone5,1,-0.2,2,0,1,1,1,0.01,0.01,-4125,-59,2510,0,-1,0,-1;
custom,cuboid,stone5,1,-0.2,2,0,1,1,1,0.01,0.01,-4125,-50,2510,0,-1,0,-1;
custom,cuboid,stone5,0.2,-0.7,1,0,1,1,1,0.01,0.01,-4134,-54.5,2510,0,0,0,0;
custom,cuboid,stone5,0.2,-0.7,1,0,1,1,1,0.01,0.01,-4116,-54.5,2510,0,0,0,0;
custom,cuboid,stone5,0.2,-0.9,1,0,1,1,1,0.01,0.01,-4134,-44.5,2510,0,0,0,0;
custom,cuboid,stone5,1,-0.2,2,0,1,1,1,0.01,0.01,-4095,-41,2510,0,-1,0,-1;
custom,cuboid,stone5,1,-0.2,2,0,1,1,1,0.01,0.01,-4095,-50,2510,0,-1,0,-1;
custom,cuboid,stone5,1,-0.2,2,0,1,1,1,0.01,0.01,-4095,-59,2510,0,-1,0,-1;
custom,cuboid,stone5,0.2,-0.7,1,0,1,1,1,0.01,0.01,-4104,-45.5,2510,0,0,0,0;
custom,cuboid,stone5,0.2,-0.7,1,0,1,1,1,0.01,0.01,-4104,-54.5,2510,0,0,0,0;
custom,cuboid,metal3,0.9,-5.9,9.9,1,1,0,0,1,1,-4010,90,4390,0,-1,0,-1;
custom,cuboid,metal3,0.9,-5.9,9.9,1,1,0,0,1,1,-3955,90,4345,0,0,0,0;
custom,cuboid,metal3,0.9,-5.9,4.9,1,1,0,0,1,1,-3935,90,4290,0,-1,0,-1;
custom,cuboid,metal3,0.9,-5.9,11.9,1,1,0,0,1,1,-3935,90,4395,0,0,0,0;
custom,cylinder,metal3,0.9,-2.95,0.9,1,1,0,0,1,1,-3935,90,4335,0,0,0,0;
custom,cuboid,metal3,0.9,-5.9,9.9,1,1,0,0,1,1,-3915,90,4345,0,0,0,0;
custom,cylinder,metal3,0.9,-2.95,0.9,1,1,0,0,1,1,-3710,90,4390,0,-1,0,-1;
custom,cuboid,metal3,0.9,-5.9,0.9,1,1,0,0,1,1,-3615,90,4390,0,0,0,0;
58883;
custom,cuboid,metal3,0.9,-5.9,0.9,1,1,0,0,1,1,-3615,90,4290,0,0,0,0;
custom,cuboid,metal3,0.9,-5.9,0.9,1,1,0,0,1,1,-3655,90,4290,0,0,0,0;
custom,cylinder,metal3,0.9,-2.95,0.9,1,1,0,0,1,1,-3635,90,4335,0,0,0,0;
custom,cuboid,metal3,1.9,-0.15,0.1,1,1,0,0,1,1,-3485,120,4315.5,0,0,0,0;
custom,cuboid,metal3,0.1,-0.15,14,1,1,0,0,1,1,-3495,120,4385,0,0,0,0;
custom,cuboid,metal3,0.1,-0.15,14,1,1,0,0,1,1,-3475,120,4385,0,0,0,0;
custom,cuboid,metal3,1,-6,100,1,0,0,1,1,1,-2760,90,4390,0,-1,0,-1;
custom,cuboid,metal3,7,-6,1,1,0,0,1,1,1,-2255,90,4420,0,-1,0,-1;
custom,cuboid,metal3,6,-0.5,6,1,0,0,1,1,1,-2290,117.5,4425,0,-1,0,-1;
custom,cuboid,metal3,6,-0.5,6,1,0,0,1,1,1,-2290,62.5,4425,0,-1,0,-1;
custom,cylinder,metal3,1.5,-3,1.5,1,1,1,0,1,1,-3360,90,4390,0,0,0,0;
custom,cylinder,metal3,1.5,-3,1.5,1,1,1,0,1,1,-3260,90,4390,0,0,0,0;
custom,cylinder,metal3,2,-3,2,1,1,1,0,1,1,-3080,90,4207.5,0,-1,0,1;
custom,cylinder,metal3,2,-3,2,1,1,1,0,1,1,-3260,90,4025,0,-1,0,-1;
custom,cylinder,metal3,2,-3,2,1,1,1,0,1,1,-3180,90,4207.5,0,-1,0,1;
custom,cylinder,metal3,2,-3,2,1,1,1,0,1,1,-3360,90,4025,0,-1,0,-1;
custom,cylinder,metal3,2,-3,2,1,1,1,0,1,1,-3360,90,3875,0,-1,0,-1;
custom,cylinder,metal3,2,-3,2,1,1,1,0,1,1,-3260,90,3875,0,-1,0,-1;
custom,cylinder,metal3,2,-3,2,1,1,1,0,1,1,-3185,90,3690,0,0,0,0;
custom,cylinder,metal3,2,-3,2,1,1,1,0,1,1,-3085,90,3690,0,0,0,0;
custom,cylinder,metal3,2,-3,2,1,1,1,0,1,1,-2880,90,3587.5,0,0,0,0;
custom,cylinder,metal3,2,-3,2,1,1,1,0,1,1,-2790,90,3577.5,0,0,0,0;
custom,cylinder,metal3,2,-3,2,1,1,1,0,1,1,-2980,90,3220,0,0,0,0;
custom,prism,brick2,8.5,-6,5,0,1,1,1,2,0.5,-4430,90,-2785,0,-1,0,0.414;
custom,cuboid,metal3,2,-24,2,0,1,1,1,1.01,1.01,-4110,84,4352,0.5,0,0,-0.8;
custom,arc180,metal1,10,-4,10,0,1,1,1,0.01,0.01,-4505,58,-2847.5,-0.4,-0.2,-0.6,-0.7;
custom,torus,metal1,8,-10,8,0,1,1,1,0.01,0.01,-4535,100,125,-0.5,-0.5,-0.5,-0.5;
custom,cylinder,metal3,2,-3,2,1,1,1,0,1,1,-2780,90,2700,0,0,0,0;
custom,cylinder,metal3,2,-3,2,1,1,1,0,1,1,-2880,90,2700,0,0,0,0;
custom,cylinder,metal3,2,-3,2,1,1,1,0,1,1,-2780,90,2600,0,0,0,0;
custom,cylinder,metal3,2,-3,2,1,1,1,0,1,1,-2880,90,2600,0,0,0,0;
custom,cuboid,metal2,10,-6,1,0,1,1,1,1,1,-2830,90,2600,0,0,0,0;
custom,cuboid,metal2,10,-6,1,0,1,1,1,1,1,-2880,90,2650,0,-1,0,1;
custom,cuboid,metal2,1,-6,500,0,1,1,1,32,1,-280,90,2600,0,-1,0,-1;
custom,cuboid,metal2,1,-6,500,0,1,1,1,32,1,-280,90,2700,0,-1,0,-1;
custom,cuboid,metal2,9,-1,500,0,1,1,1,1,32,-280,115,2650,0,-1,0,-1;
custom,cuboid,metal2,4,-6,5,0,1,1,1,1,1,2240,90,2620,0,0,0,0;
custom,cuboid,metal2,4,-6,5,0,1,1,1,1,1,2240,90,2680,0,0,0,0;
custom,cuboid,metal2,1,-2.5,4,0,1,1,1,0.25,0.5,2240,107.5,2650,0,-1,0,-1;
custom,cuboid,metal2,1,-2.5,4,0,1,1,1,0.25,0.5,2240,72.5,2650,0,-1,0,-1;
custom,cuboid,brick2,5,-20,40,0,1,1,1,1,1,2382.5,20,2815,0,-0.414,0,-1;
custom,cuboid,brick2,5,-20,40,0,1,1,1,1,1,2382.5,20,2485,0,0.414,0,-1;
custom,cuboid,brick2,5,-20,40,0,1,1,1,1,1,2630,20,2485,0,-0.414,0,-1;
custom,cuboid,brick2,20,-20,5,0,1,1,1,0.5,1,2700,20,2650,0,-1,0,-1;
custom,cuboid,brick2,20,-20,5,0,1,1,1,0.5,1,2500,20,2850,0,0,0,0;
custom,cuboid,brick2,20,-20,5,0,1,1,1,0.5,1,2500,20,2450,0,0,0,0;
custom,cuboid,grass4,40,-5,40,1,0,0.5,0,4,4,2532.5,121.5,2650,0,-0.414,0,-1;
custom,cylinder,stone10,2,-0.1,2,0,1,1,1,0.01,0.01,2540,51.02093,2650,0,0,0,1;
custom,cylinder,stone3,10,-0.25,10,0,1,1,1,1,0.1,2425,94.5,2650,0,0,0,0;
custom,cylinder,crystal2,9.9,-0.25,9.9,0,1,1,1,0.01,0.01,2425,94.4,2650,0,0,0,0;
custom,torus,stone3,2,-5,2,0,1,1,1,1,1.1,2425,93,2651,0,0,0,0;
custom,cylinder,stone3,2,-0.5,2,0,1,1,1,1,0.5,2425,85,2650,0,0,0,0;
custom,cylinder,stone3,5,-0.25,5,0,1,1,1,1,0.1,2425,80,2650,0,0,0,0;
custom,cylinder,crystal2,4.9,-0.25,4.9,0,1,1,1,0.01,0.01,2425,79.9,2650,0,0,0,0;
custom,torus,stone3,1,-3,1,0,1,1,1,1,1.1,2425,78,2650.5,0,0,0,0;
custom,cylinder,stone3,0.9,-0.4,0.9,0,1,1,1,1,0.5,2425,73,2650,0,0,0,0;
custom,cylinder,stone3,2,-0.12,2,0,1,1,1,1,0.1,2425,70,2650,0,0,0,0;
custom,cylinder,crystal2,1.9,-0.12,1.9,0,1,1,1,0.01,0.01,2425,69.9,2650,0,0,0,0;
custom,cylinder,stone4,0.1,-2,0.1,0,1,1,1,0.1,4,-3280,100,4400,0,0,0,0;
custom,prism,stone4,0.5,-0.1,1,0,1,1,1,1,1,-3278,90,4396.5,0.17,0.17,-0.685,-0.685;
custom,prism,default,0.4,-0.12,0.8,1,1,1,0,1,1,-3278,90,4396.5,0.17,0.17,-0.685,-0.685;
custom,cylinder,metal2,2,-3,2,1,0,0,0,1,1,-2830,90,2650,0,0,0,0;
custom,cylinder,metal2,2,-3,2,1,0,0,1,1,1,-2830,95,2650,0,0,0,0;
custom,cylinder,metal2,2,-3,2,1,0,1,1,1,1,-2830,100,2650,0,0,0,0;
custom,cylinder,metal2,2,-3,2,1,1,1,1,1,1,-2830,105,2650,0,0,0,0;
custom,cylinder,metal2,2,-3,2,1,1,1,0,1,1,-2830,110,2650,0,0,0,0;
custom,cylinder,metal2,2,-3,2,1,1,0,0,1,1,-2830,115,2650,0,0,0,0;
custom,cylinder,metal2,2,-3,2,1,0,0,0,1,1,-2830,120,2650,0,0,0,0;
custom,cylinder,metal2,2,-3,2,1,0,0,0.5,1,1,-2830,125,2650,0,0,0,0;
custom,cylinder,metal2,2,-3,2,1,0,0.5,0.5,1,1,-2830,130,2650,0,0,0,0;
custom,cylinder,metal2,2,-3,2,1,0.5,0.5,0.5,1,1,-2830,135,2650,0,0,0,0;
custom,cylinder,metal2,2,-3,2,1,0.5,0.5,0,1,1,-2830,140,2650,0,0,0,0;
custom,cylinder,metal2,2,-3,2,1,0.5,0,0,1,1,-2830,145,2650,0,0,0,0;
customb,arch1,default,2,-2,4,0,1,1,1,1,1,2610,-45,2650,0,0,0,0;
spawnpoint,playerC,-4000,109,-5410,0,0,0,0;
spawnpoint,playerM,-4000,109,-5410,0,0,0,0;
map,disablebounds;
custom,cylinder,stone8,0.3,-0.05,0.3,0,1,1,1,0.01,0.01,-4170,48,340,-1,0,0,-1;
custom,cylinder,stone8,0.3,-0.05,0.3,0,1,1,1,0.01,0.01,-4170,48,330,-1,0,0,-1;
custom,cylinder,stone8,0.4,-0.05,0.4,0,1,1,1,0.01,0.01,-4170,57,490,-1,0,0,-1;
custom,cylinder,stone8,0.4,-0.05,0.4,0,1,1,1,0.01,0.01,-4170,57,480,-1,0,0,-1;
custom,cylinder,metal3,2,-3,2,1,1,1,0,1,1,-2860,90,2882.5,0,0,0,0;
racing,killcuboid,20,2,76,-4520,50,-420,0,0,0,0;
racing,killcuboid,60,2,60,2480,210,2645,0,0.414,0,1;
racing,killCuboid,1,6,21,-4105,30,-5315,0,0,0,0;
racing,killCuboid,1,6,21,-3895,30,-5315,0,0,0,0;
racing,killCuboid,1,6,100,-4030,30,-4720,0,0,0,0;
racing,killCuboid,1,6,100,-3970,30,-4720,0,0,0,0;
racing,killCuboid,6.5,6,1,-4067.5,30,-5215,0,0,0,0;
racing,killCuboid,6.5,6,1,-3932.5,30,-5215,0,0,0,0;
racing,killarc180,11.9,12,11.9,-4085,28.5,-4100,0,0,0,1;
racing,killarc180,-12.1,12,12.1,-3965,28.5,-3883.5,0,0,0,1;
racing,killarc180,11.9,12,11.9,-4085,28.5,-3667.5,0,0,0,1;
racing,killarc180,-12.1,12,12.1,-3965,28.5,-3451.5,0,0,0,1;
racing,killarc180,11.9,12,11.9,-4085,28.5,-3235.5,0,0,0,1;
racing,killarc180,-12.1,12,12.1,-3965,28.5,-3019.5,0,0,0,1;
racing,killarc180,-15.9,12,23.9,-3865,28.5,-3883.5,0,0,0,1;
racing,killarc180,-15.9,12,23.9,-3865,28.5,-3451.5,0,0,0,1;
racing,killarc180,-15.9,12,23.9,-3865,28.5,-3019.5,0,0,0,1;
racing,killcylinder,5.1,3,5.1,-3941,30,-4104.5,0,0,0,0;
48671;
racing,killcylinder,5.1,3,5.1,-3941,30,-3672,0,0,0,0;
racing,killcylinder,5.1,3,5.1,-3941,30,-3240,0,0,0,0;
racing,killCuboid,1.1,6,12.1,-3963.5,30,-4162.5,0,0.05,0,0.99;
racing,killCuboid,1.1,6,40.1,-4224.984,30,-2907,0,1,0,1;
racing,killCuboid,1.1,6,50.1,-4175,30,-2827,0,1,0,1;
racing,killCuboid,1.1,1.1,16.1,-4043,55,-4102.5,0,1,0,1;
racing,killCuboid,1.1,1.1,16.1,-4043,5,-4102.5,0,1,0,1;
racing,killCuboid,1.1,1.8,16.1,-4043,51.5,-3672.5,0,1,0,1;
racing,killCuboid,1.1,1.8,16.1,-4043,8.5,-3672.5,0,1,0,1;
racing,killCuboid,1.1,2.3,16.1,-4043,49,-3240.5,0,1,0,1;
racing,killCuboid,1.1,2.3,16.1,-4043,11,-3240.5,0,1,0,1;
racing,killCuboid,1.1,4,1.1,-4088,30,-4102.5,0,1,0,1;
racing,killCuboid,1.1,4,1.1,-4054,30,-4102.5,0,1,0,1;
racing,killCuboid,1.1,4,1.1,-4021,30,-4102.5,0,1,0,1;
racing,killCuboid,1.1,4,1.1,-3988,30,-4102.5,0,1,0,1;
racing,killCuboid,1.1,2.5,1.1,-4076,30,-3672.5,0,1,0,1;
racing,killCuboid,1.1,2.5,1.1,-4038,30,-3672.5,0,1,0,1;
racing,killCuboid,1.1,2.5,1.1,-4000,30,-3672.5,0,1,0,1;
racing,killCuboid,1.1,1.5,1.1,-4064,30,-3240.5,0,1,0,1;
racing,killCuboid,1.1,1.5,1.1,-4011,30,-3240.5,0,1,0,1;
racing,killCuboid,1.1,2.4,9,-4430,12.5,-2867,0,0,0,0;
racing,killCuboid,1.1,2.4,9,-4430,47.5,-2867,0,0,0,0;
racing,killCuboid,1.1,1,2.4,-4430,30,-2852.5,0,0,0,0;
racing,killCuboid,1.1,1,2.4,-4430,30,-2881.5,0,0,0,0;
racing,killCuboid,1,6,6,-4610,30,-2765,0,1,0,1;
racing,killCuboid,1,6,6,-4440,30,-2765,0,1,0,1;
racing,killCuboid,1,6,23,-4525,30,-2970,0,1,0,1;
racing,killCuboid,1,6,21,-4640,30,-2865,0,0,0,0;
racing,killCuboid,5.5,6,1,-4410,30,-2940,0,1,0,1;
racing,killCuboid,5.5,6,1,-4410,30,-2795,0,1,0,1;
racing,killCuboid,1,6,10,-4575,30,-2610,0,0,0,0;
racing,killCuboid,1,6,10,-4575,30,-2410,0,0,0,0;
racing,killCuboid,1,6,10,-4575,30,-2210,0,0,0,0;
racing,killCuboid,1,6,10,-4575,30,-2010,0,0,0,0;
racing,killCuboid,1,6,10,-4575,30,-1810,0,0,0,0;
racing,killCuboid,1,6,10,-4475,30,-2710,0,0,0,0;
racing,killCuboid,1,6,10,-4475,30,-2510,0,0,0,0;
racing,killCuboid,1,6,10,-4475,30,-2310,0,0,0,0;
racing,killCuboid,1,6,10,-4475,30,-2110,0,0,0,0;
racing,killCuboid,1,6,10,-4475,30,-1910,0,0,0,0;
racing,killCuboid,1,6,10,-4475,30,-1710,0,0,0,0;
racing,killCuboid,1.1,6.1,10.1,-4575,30,-2710,0,0,0,0;
racing,killCuboid,1.1,6.1,10.1,-4575,30,-2510,0,0,0,0;
racing,killCuboid,1.1,6.1,10.1,-4575,30,-2310,0,0,0,0;
racing,killCuboid,1.1,6.1,10.1,-4575,30,-2110,0,0,0,0;
racing,killCuboid,1.1,6.1,10.1,-4575,30,-1910,0,0,0,0;
racing,killCuboid,1.1,6.1,10.1,-4575,30,-1710,0,0,0,0;
racing,killCuboid,1.1,6.1,10.1,-4475,30,-2610,0,0,0,0;
racing,killCuboid,1.1,6.1,10.1,-4475,30,-2410,0,0,0,0;
racing,killCuboid,1.1,6.1,10.1,-4475,30,-2210,0,0,0,0;
racing,killCuboid,1.1,6.1,10.1,-4475,30,-2010,0,0,0,0;
racing,killCuboid,1.1,6.1,10.1,-4475,30,-1810,0,0,0,0;
racing,killCuboid,1,6,8,-4548,30,-2635,0,0.414,0,1;
racing,killCuboid,1,6,8,-4548,30,-2435,0,0.414,0,1;
racing,killCuboid,1,6,5,-4505,30,-2510,0,1,0,1;
racing,killCylinder,1,3,1,-4575,30,-2260,0,0,0,0;
racing,killCylinder,1,3,1,-4563,30,-2248,0,0,0,0;
racing,killCylinder,1,3,1,-4551,30,-2236,0,0,0,0;
racing,killCylinder,1,3,1,-4539,30,-2224,0,0,0,0;
racing,killCylinder,1,3,1,-4527,30,-2212,0,0,0,0;
racing,killCylinder,1,3,1,-4515,30,-2200,0,0,0,0;
racing,killCylinder,1,3,1,-4503,30,-2188,0,0,0,0;
racing,killCylinder,1,3,1,-4491,30,-2176,0,0,0,0;
racing,killCylinder,1,3,1,-4479,30,-2164,0,0,0,0;
racing,killCylinder,0.5,3,0.5,-4575,30,-2260,0,0,0,0;
racing,killCylinder,0.5,3,0.5,-4563,30,-2248,0,0,0,0;
racing,killCylinder,0.5,3,0.5,-4551,30,-2236,0,0,0,0;
racing,killCylinder,0.5,3,0.5,-4539,30,-2224,0,0,0,0;
racing,killCylinder,0.5,3,0.5,-4527,30,-2212,0,0,0,0;
racing,killCylinder,0.5,3,0.5,-4515,30,-2200,0,0,0,0;
racing,killCylinder,0.5,3,0.5,-4503,30,-2188,0,0,0,0;
racing,killCylinder,0.5,3,0.5,-4491,30,-2176,0,0,0,0;
racing,killCylinder,0.5,3,0.5,-4479,30,-2164,0,0,0,0;
racing,killCylinder,1.5,4.5,1.5,-4525,52.5,-2010,0,0,1,1;
racing,killCylinder,1.5,4.5,1.5,-4525,37.5,-1960,0,0,1,1;
racing,killCylinder,1.5,4.5,1.5,-4525,22.5,-1910,0,0,1,1;
racing,killCylinder,1.5,4.5,1.5,-4525,7.5,-1860,0,0,1,1;
racing,killCylinder,0.75,4.5,0.75,-4525,52.5,-2010,0,0,1,1;
racing,killCylinder,0.75,4.5,0.75,-4525,37.5,-1960,0,0,1,1;
racing,killCylinder,0.75,4.5,0.75,-4525,22.5,-1910,0,0,1,1;
racing,killCylinder,0.75,4.5,0.75,-4525,7.5,-1860,0,0,1,1;
racing,killCuboid,1,20,30,-4575,100,-1510,0,0,0,0;
racing,killCuboid,1,20,30,-4475,100,-1510,0,0,0,0;
racing,killCuboid,10,14,1,-4525,130,-1660,0,0,0,0;
racing,killCuboid,10,14,1,-4525,130,-1360,0,0,0,0;
racing,killCuboid,11,1,31,-4525,205,-1510,0,0,0,0;
racing,killCuboid,9,0.75,25,-4525,205,-1510,0,0,0,0;
racing,killCuboid,7,0.5,19,-4525,205,-1510,0,0,0,0;
racing,killCuboid,5,0.25,13,-4525,205,-1510,0,0,0,0;
racing,killCuboid,3,0.1,7,-4525,205,-1510,0,0,0,0;
racing,killCuboid,9,1,20,-4525,172,-1083,0,0,0,0;
racing,killCuboid,7,1,15,-4525,172,-1083,0,0,0,0;
racing,killCuboid,5,1,10,-4525,172,-1083,0,0,0,0;
racing,killCuboid,3,1,5,-4525,172,-1083,0,0,0,0;
racing,killCuboid,9,1,56,-4525,252,-1083,0,0,0,0;
racing,killCuboid,6,1,40,-4525,252,-1083,0,0,0,0;
racing,killCuboid,3,1,24,-4525,252,-1083,0,0,0,0;
racing,killCuboid,9,4,1,-4525,230,-1360,0,0,0,0;
racing,killSphere,2.1,2.1,2.1,-4525,205,-1195,0,0,0,0;
racing,killSphere,2.1,2.1,2.1,-4525,205,-971,0,0,0,0;
64389;
racing,killCylinder,1,6,1,-4525,210,-1083,0,0,-0.414,0.85;
racing,killCylinder,1,6,1,-4525,210,-1083,0,0,0.414,0.85;
racing,killCylinder,0.5,6,0.5,-4525,210,-1083,0,0,-0.414,0.85;
racing,killCylinder,0.5,6,0.5,-4525,210,-1083,0,0,0.414,0.85;
racing,killCuboid,1,26,56,-4575,130,-1080,0,0,0,0;
racing,killCuboid,0.5,20,40,-4575,130,-1080,0,0,0,0;
racing,killCuboid,1,26,56,-4475,130,-1080,0,0,0,0;
racing,killCuboid,0.5,20,40,-4475,130,-1080,0,0,0,0;
racing,killCuboid,1,4,5,-4557.5,20,-582.5,0,0.414,0,1;
racing,killCuboid,1,4,5,-4492.5,20,-582.5,0,-0.414,0,1;
racing,killCuboid,20,4,1,-4575,20,-700,0,1,0,1;
racing,killCuboid,20,4,1,-4475,20,-700,0,1,0,1;
racing,killprism,9,1,4,-4525.8,16.5,-690,1,0,0,1;
racing,killCuboid,1,4,15,-4540,20,-490,0,0,0,0;
racing,killCuboid,1,4,15,-4510,20,-490,0,0,0,0;
racing,killCuboid,13,4,1,-4475,20,-315,0,1,0,1;
racing,killCuboid,13,4,1,-4575,20,-315,0,1,0,1;
racing,killCuboid,1,4,5,-4557.5,20,-397.5,0,-0.414,0,1;
racing,killCuboid,1,4,5,-4492.5,20,-397.5,0,0.414,0,1;
racing,killCuboid,1,4,5,-4557.5,20,-232.5,0,0.414,0,1;
racing,killCuboid,1,4,5,-4492.5,20,-232.5,0,-0.414,0,1;
racing,killCuboid,2,8,0.75,-4525,5.75,-320,1,0,0,1;
racing,killCuboid,2,8,0.75,-4525,34.25,-320,1,0,0,1;
racing,killCylinder,1,10,1,-4540,35,-115,1,0,0,1;
racing,killCylinder,1,10,1,-4510,35,-115,1,0,0,1;
racing,killCylinder,1,10,1,-4540,5,-115,1,0,0,1;
racing,killCylinder,1,10,1,-4510,5,-115,1,0,0,1;
racing,killCylinder,1,1.5,1,-4525,35,-15,0,0,1,-1;
racing,killCylinder,1,1.5,1,-4525,5,-15,0,0,1,-1;
racing,killCylinder,1,2,1,-4540,20,-15,0,0,0,0;
racing,killCylinder,1,2,1,-4510,20,-15,0,0,0,0;
racing,killCuboid,1,3,20,-4540,20,-115,0,0,0,0;
racing,killCuboid,1,3,20,-4510,20,-115,0,0,0,0;
racing,killCuboid,3,1,20,-4525,35,-115,0,0,0,0;
racing,killCuboid,3,1,20,-4525,5,-115,0,0,0,0;
racing,killCuboid,1,6,9,-4585,30,-15,0,1,0,1;
racing,killCuboid,1,6,9,-4465,30,-15,0,1,0,1;
racing,killCuboid,3,2.5,1,-4525,47.5,-15,0,0,0,0;
racing,killCuboid,21,6,1,-4525,30,185,0,0,0,0;
racing,killCuboid,1,6,21,-4625,30,85,0,0,0,0;
racing,killCuboid,2,20,120,-4198.595,97.6367,391.5038,0,3.649151E-05,0,1;
racing,killtube,11.25,88,11.25,-4200,49,-300,0,1,-1,0;
racing,killtube,12.25,88,12.25,-4200,49,-300,0,1,-1,0;
racing,killCuboid,2,10,100,-4200,50,495,0,0,0,0;
racing,killCuboid,2,10,100,-4140,50,495,0,0,0,0;
racing,killCuboid,2,10,10,-4260,50,45,0,0,0,0;
racing,killCuboid,21,10,1,-4315,50,185,0,0,0,0;
racing,killCylinder,10,5,10,-4300,50,95,0,0,0,0;
racing,killCuboid,1,10,12.5,-4362.5,50,140,0,1,0,1;
racing,killCuboid,1,6,15,-4420,30,60,0,0,0,0;
racing,killCuboid,4.5,4,1,-4420,59.00023,167.5,0,0.7071068,0,0.7071068;
racing,killCuboid,1,10,30,-4200,50,-775,0,0,0,0;
racing,killCuboid,2,10,38,-4260,50,-815,0,0,0,0;
racing,killCuboid,2,10,38,-4140,50,-815,0,0,0,0;
racing,killCuboid,9.9,9.9,0.5,-4200,50,-1077.4,0,0,0,0;
racing,killCuboid,0.25,10,1,-4188.75,50,35,0,0,0,0;
racing,killCuboid,0.25,10,1,-4151.25,50,35,0,0,0,0;
racing,killCuboid,0.5,10,1,-4187.5,50,185,0,0,0,0;
racing,killCuboid,0.5,10,1,-4152.5,50,185,0,0,0,0;
racing,killCuboid,0.75,10,1,-4186.25,50,335,0,0,0,0;
racing,killCuboid,0.75,10,1,-4153.75,50,335,0,0,0,0;
racing,killCuboid,1,10,1,-4185,50,485,0,0,0,0;
racing,killCuboid,1,10,1,-4155,50,485,0,0,0,0;
racing,killCuboid,1.25,10,1,-4183.75,50,635,0,0,0,0;
racing,killCuboid,1.25,10,1,-4156.25,50,635,0,0,0,0;
racing,killCuboid,1.5,10,1,-4182.5,50,785,0,0,0,0;
racing,killCuboid,1.5,10,1,-4157.5,50,785,0,0,0,0;
racing,killCuboid,1.75,10,1,-4181.25,50,935,0,0,0,0;
racing,killCuboid,1.75,10,1,-4158.75,50,935,0,0,0,0;
racing,killCuboid,3.5,1,1,-4170,95,35,0,0,0,0;
racing,killCuboid,3,2,1,-4170,90,185,0,0,0,0;
racing,killCuboid,2.5,3,1,-4170,85,335,0,0,0,0;
racing,killCuboid,2,4,1,-4170,80,485,0,0,0,0;
racing,killCuboid,1.5,5,1,-4170,75,635,0,0,0,0;
racing,killCuboid,1,6,1,-4170,70,785,0,0,0,0;
racing,killCuboid,0.5,7,1,-4170,65,935,0,0,0,0;
racing,killcuboid,1,8,38,-4135,40,1180,0,0,0,0;
racing,killcuboid,1,8,38,-4205,40,1180,0,0,0,0;
racing,killcuboid,1,30,45,-4250,150,3760,0,0,0,0;
racing,killcuboid,1,30,45,-4090,150,3760,0,0,0,0;
racing,killcuboid,20,0.5,20,-4170,2.3,4090,0,0,0,0;
racing,killcuboid,20,1,20,-4170,55,4090,0,0,0,0;
racing,killCuboid,0.5,4,7.5,-4237.5,30,4192.5,0,1,0,1;
racing,killCuboid,0.5,4,7.5,-4102.5,30,4192.5,0,1,0,1;
racing,killCuboid,0.5,4,7.5,-4237.5,30,3987.5,0,1,0,1;
racing,killCuboid,0.5,4,7.5,-4102.5,30,3987.5,0,1,0,1;
racing,killCuboid,0.5,4,20,-4272.5,30,4090,0,0,0,0;
racing,killCuboid,0.5,4,20,-4067.5,30,4090,0,0,0,0;
racing,killCuboid,17,1,47,-4170,305,3770,0,0,0,0;
racing,killCylinder,1,8.5,1,-4170,305,3535,0,0,-1,-1;
racing,killCylinder,0.5,8.5,0.5,-4170,305,3535,0,0,-1,-1;
racing,killCuboid,6,6,1,-4195,30,4225,0,1,0,1;
racing,killCuboid,6,6,1,-4145,30,4225,0,1,0,1;
racing,killCuboid,1,6,7,-4235,30,4250,0,1,0,1;
racing,killCuboid,1,6,7,-4105,30,4250,0,1,0,1;
racing,killCuboid,2,6,14,-4340,30,4445,0,1,0,1;
racing,killCuboid,3,6,14,-4340,30,4260,0,1,0,1;
racing,killCuboid,10,6,21,-4460,30,4350,0,0,0,0;
racing,killCuboid,1,6,5,-4065,30,4270,0,0,0,0;
racing,killCuboid,1,6,10,-4065,30,4345,0,0,0,0;
42636;
racing,killCuboid,1,6,10,-4010,30,4390,0,1,0,1;
racing,killCuboid,1,6,10,-3955,30,4345,0,0,0,0;
racing,killCuboid,1,6,5,-3935,30,4290,0,1,0,1;
racing,killCuboid,1,6,10,-3915,30,4345,0,0,0,0;
racing,killCuboid,1,6,10,-3860,30,4390,0,1,0,1;
racing,killCuboid,1,6,10,-3805,30,4345,0,0,0,0;
racing,killCuboid,1,6,5,-3785,30,4290,0,1,0,1;
racing,killCuboid,1,6,10,-3765,30,4345,0,0,0,0;
racing,killCuboid,1,6,10,-3710,30,4390,0,1,0,1;
racing,killCuboid,1,6,10,-3655,30,4345,0,0,0,0;
racing,killCuboid,1,6,5,-3635,30,4290,0,1,0,1;
racing,killCuboid,1,6,10,-3615,30,4345,0,0,0,0;
racing,killCuboid,1,6,10,-3560,30,4390,0,1,0,1;
racing,killCuboid,1,6,10,-3505,30,4345,0,0,0,0;
racing,killCuboid,1,6,5,-3485,30,4290,0,1,0,1;
racing,killCuboid,1,6,10,-3465,30,4345,0,0,0,0;
racing,killCuboid,1,6,10,-3410,30,4390,0,1,0,1;
racing,killcuboid,1,6,12,-3935,30,4395,0,0,0,0;
racing,killcylinder,1,3,1,-3935,30,4335,0,0,0,0;
racing,killcuboid,1,6,12,-3785,30,4395,0,0,0,0;
racing,killcylinder,1,3,1,-3785,30,4335,0,0,0,0;
racing,killcuboid,1,6,12,-3635,30,4395,0,0,0,0;
racing,killcylinder,1,3,1,-3635,30,4335,0,0,0,0;
racing,killcuboid,1,6,12,-3485,30,4395,0,0,0,0;
racing,killcylinder,1,3,1,-3485,30,4335,0,0,0,0;
racing,killcuboid,1.8,0.2,0.15,-3485,0,4315.5,0,0,0,0;
racing,killcuboid,0.15,0.2,14.1,-3495,0,4385,0,0,0,0;
racing,killcuboid,0.15,0.2,14.1,-3475,0,4385,0,0,0,0;
racing,killcylinder,1.6,2.9,1.6,-3360,30,4390,0,0,0,0;
racing,killcylinder,1.6,2.9,1.6,-3260,30,4390,0,0,0,0;
racing,killcuboid,1.1,5.9,25,-3270,30,4300,0,1,0,0.414;
racing,killcuboid,1.1,5.9,25,-3170,30,4300,0,1,0,0.414;
racing,killcuboid,1.1,5.9,25,-3270,30,4115,0,1,0,-0.414;
racing,killcuboid,1.1,5.9,25,-3170,30,4115,0,1,0,-0.414;
racing,killcuboid,1.1,5.9,15,-3260,30,3947.5,0,0,0,0;
racing,killcuboid,1.1,5.9,15,-3360,30,3947.5,0,0,0,0;
racing,killcuboid,1.1,5.9,25,-3270,30,3780,0,1,0,0.414;
racing,killcuboid,1.1,5.9,25,-3170,30,3780,0,1,0,0.414;
racing,killcuboid,1.1,5.9,30,-3035,30,3590,0,1,0,1;
racing,killcuboid,1.1,5.9,30,-2935,30,3690,0,1,0,1;
racing,killcuboid,1.1,5.9,10,-3190,30,3635,0,0,0,0;
racing,killcuboid,1.1,5.9,10,-2790,30,3635,0,0,0,0;
racing,killcuboid,1.1,5.9,25,-2970,30,3495,0,1,0,-0.414;
racing,killcuboid,1.1,5.9,25,-2870,30,3495,0,1,0,-0.414;
racing,killcuboid,1.1,5.9,25,-2970,30,3310,0,1,0,0.414;
racing,killcuboid,1.1,5.9,25,-2870,30,3310,0,1,0,0.414;
racing,killcuboid,1.1,5.9,15,-2880,30,3142.5,0,0,0,0;
racing,killcuboid,1.1,5.9,15,-2780,30,3142.5,0,0,0,0;
racing,killcuboid,1.1,5.9,25,-2970,30,2975,0,1,0,-0.414;
racing,killcuboid,1.1,5.9,25,-2870,30,2975,0,1,0,-0.414;
racing,killcuboid,1.1,5.9,25,-2970,30,2790,0,1,0,0.414;
racing,killcuboid,1.1,5.9,25,-2870,30,2790,0,1,0,0.414;
racing,killcylinder,2.1,2.9,2.1,-3080,30,4207.5,0,1,0,-1;
racing,killcylinder,2.1,2.9,2.1,-3260,30,4025,0,1,0,1;
racing,killcylinder,2.1,2.9,2.1,-3180,30,4207.5,0,1,0,-1;
racing,killcylinder,2.1,2.9,2.1,-3360,30,4025,0,1,0,1;
racing,killcylinder,2.1,2.9,2.1,-3360,30,3875,0,1,0,1;
racing,killcylinder,2.1,2.9,2.1,-3260,30,3875,0,1,0,1;
racing,killcylinder,2.1,2.9,2.1,-3185,30,3690,0,0,0,0;
racing,killcylinder,2.1,2.9,2.1,-3085,30,3690,0,0,0,0;
racing,killcylinder,2.1,2.9,2.1,-2880,30,3587.5,0,0,0,0;
racing,killcylinder,2.1,2.9,2.1,-2790,30,3577.5,0,0,0,0;
racing,killcylinder,2.1,2.9,2.1,-2960,30,3402.5,0,0,0,0;
racing,killcylinder,2.1,2.9,2.1,-2780,30,3220,0,0,0,0;
racing,killcylinder,2.1,2.9,2.1,-2780,30,3065,0,0,0,0;
racing,killcylinder,2.1,2.9,2.1,-2960,30,2882.5,0,0,0,0;
racing,killcylinder,2.1,2.9,2.1,-3060,30,3402.5,0,0,0,0;
racing,killcylinder,2.1,2.9,2.1,-2880,30,3220,0,0,0,0;
racing,killcylinder,2.1,2.9,2.1,-2880,30,3065,0,0,0,0;
racing,killcylinder,2.1,2.9,2.1,-3060,30,2882.5,0,0,0,0;
racing,killCuboid,8,2,2,-2935,10,3480,0,0.414,0,1;
racing,killCuboid,8,2,2,-2935,50,3480,0,0.414,0,1;
racing,killCuboid,8,2,2,-3200,10,4280,0,1,0,0.414;
racing,killCuboid,8,2,2,-3200,50,4280,0,1,0,0.414;
racing,killCuboid,3,6,3,-2912.5,30,3280,0,1,0,0.414;
racing,killCuboid,3,6,3,-3230,30,4082.5,0,1,0,-0.414;
racing,killCuboid,9,1,6,-2830,5,3145,0,0,0,0;
racing,killCuboid,9,1,6,-2830,55,3145,0,0,0,0;
racing,killCuboid,9,1.5,6,-2830,30,3145,0,0,0,0;
racing,killCuboid,9,1,6,-3310,5,3950,0,0,0,0;
racing,killCuboid,9,1,6,-3310,55,3950,0,0,0,0;
racing,killCuboid,9,1.5,6,-3310,30,3950,0,0,0,0;
racing,killPyramid,1,2.5,1,-3210,20,3770,0,0.414,0,1;
racing,killPyramid,1,-2.5,1,-3210,40,3770,0,0.414,0,1;
racing,killPyramid,1,2.5,1,-3210,20,3770,0,-1,0,1;
racing,killPyramid,1,-2.5,1,-3210,40,3770,0,-1,0,1;
racing,killcylinder,1.6,20,1.6,-2990,30,3640,0.5,0.5,-0.5,0.5;
racing,killcylinder,1.1,3.1,1.1,-2890,30,3640,0,0,0,0;
racing,killcylinder,1.1,5,1.1,-2990,30,3640,0,1,1,0;
racing,killcylinder,1.1,3.1,1.1,-3090,30,3640,0,0,0,0;
racing,killcylinder,1.1,3.6,1.1,-2840,30,3640,0,1,0.414,0;
racing,killcylinder,1.1,3.6,1.1,-2940,30,3640,0,1,-0.414,0;
racing,killcylinder,1.1,3.6,1.1,-3040,30,3640,0,1,0.414,0;
racing,killcylinder,1.1,3.6,1.1,-3140,30,3640,0,1,-0.414,0;
racing,killcylinder,1.1,3.1,1.1,-2815,30,3640,0,1,1,0;
racing,killcylinder,1.1,3.6,1.1,-2865,30,3640,0,1,-0.414,0;
racing,killcylinder,1.1,3.1,1.1,-2915,30,3640,0,0,0,0;
racing,killcylinder,1.1,3.6,1.1,-2965,30,3640,0,1,0.414,0;
racing,killcylinder,1.1,5,1.1,-3015,30,3640,0,1,1,0;
racing,killcylinder,1.1,3.6,1.1,-3065,30,3640,0,1,-0.414,0;
46407;
racing,killcylinder,1.1,3.1,1.1,-3115,30,3640,0,0,0,0;
racing,killcylinder,1.1,3.6,1.1,-3165,30,3640,0,1,0.414,0;
racing,killcylinder,3.1,3.1,3.1,-3870,30,-3885,0,0,0,0;
racing,killcylinder,2.1,3.1,2.1,-3870,30,-3455,0,0,0,0;
racing,killcylinder,1.1,3.1,1.1,-3870,30,-3020,0,0,0,0;
racing,killcylinder,3.1,5.5,3.1,-3870,30,-3885,1,-1,1,1;
racing,killcylinder,2.1,5.5,2.1,-3870,30,-3455,1,-1,1,1;
racing,killcylinder,1.1,5.5,1.1,-3870,30,-3020,1,-1,1,1;
racing,checkpointCuboid,1.8,7,18,-4110,9.5,4397.5,0.22,0,0,-0.975;
racing,checkpointCylinder,14,0.8,18,-4497.3,33.1,-2841.6,0.235,0.355,0.6707,0.607;
racing,checkpointCylinder,8,1,6,-4538,23.75,125,-1,0,0,1;
racing,killcylinder,2.1,2.9,2.1,-2780,30,2700,0,0,0,0;
racing,killcylinder,2.1,2.9,2.1,-2880,30,2700,0,0,0,0;
racing,killcylinder,2.1,2.9,2.1,-2780,30,2600,0,0,0,0;
racing,killcylinder,2.1,2.9,2.1,-2880,30,2600,0,0,0,0;
racing,killCuboid,1,6,500,-280,30,2599.75,0,1,0,1;
racing,killCuboid,1,6,500,-280,30,2700.25,0,1,0,1;
racing,killCuboid,9,1,500,-280,4.75,2650,0,1,0,1;
racing,killCuboid,3.9,6,5,2240,30,2619.75,0,0,0,0;
racing,killCuboid,3.9,6,5,2240,30,2680.25,0,0,0,0;
racing,killCuboid,1,2.5,3.9,2240,12.25,2650,0,1,0,1;
racing,killCuboid,1,2.5,3.9,2240,47.75,2650,0,1,0,1;
racing,killcylinder,0.95,2.9,0.95,-2600,30,2650,0,0,0,0;
racing,killcylinder,0.95,2.9,0.95,-2560,30,2660,0,0,0,0;
racing,killcylinder,0.95,2.9,0.95,-2560,30,2640,0,0,0,0;
racing,killcylinder,0.95,2.9,0.95,-2520,30,2670,0,0,0,0;
racing,killcylinder,0.95,2.9,0.95,-2520,30,2630,0,0,0,0;
racing,killcylinder,0.95,2.9,0.95,-2480,30,2680,0,0,0,0;
racing,killcylinder,0.95,2.9,0.95,-2480,30,2620,0,0,0,0;
racing,killcylinder,0.95,2.9,0.95,-2440,30,2690,0,0,0,0;
racing,killcylinder,0.95,2.9,0.95,-2440,30,2610,0,0,0,0;
racing,killcylinder,0.95,2.9,0.95,-2400,30,2680,0,0,0,0;
racing,killcylinder,0.95,2.9,0.95,-2400,30,2620,0,0,0,0;
racing,killcylinder,0.95,2.9,0.95,-2360,30,2670,0,0,0,0;
racing,killcylinder,0.95,2.9,0.95,-2360,30,2630,0,0,0,0;
racing,killcylinder,0.95,2.9,0.95,-2320,30,2660,0,0,0,0;
racing,killcylinder,0.95,2.9,0.95,-2320,30,2640,0,0,0,0;
racing,killcylinder,0.95,2.9,0.95,-2280,30,2650,0,0,0,0;
racing,killCuboid,9,0.495,0.9,-1900,12.5,2650,0,1,0,1;
racing,killCuboid,9,0.495,0.9,-1800,47.5,2650,0,1,0,1;
racing,killCuboid,9,0.9,0.9,-1700,15,2650,0,1,0,1;
racing,killCuboid,9,0.9,0.9,-1600,45,2650,0,1,0,1;
racing,killCuboid,9,1.4,0.9,-1500,17.5,2650,0,1,0,1;
racing,killCuboid,9,1.4,0.9,-1400,42.5,2650,0,1,0,1;
racing,killCuboid,9,1.9,0.9,-1300,20,2650,0,1,0,1;
racing,killCuboid,9,1.9,0.9,-1200,40,2650,0,1,0,1;
racing,killCuboid,9,2.4,0.9,-1100,22.5,2650,0,1,0,1;
racing,killCuboid,9,2.4,0.9,-1000,37.5,2650,0,1,0,1;
racing,killCuboid,9,2.9,0.9,-900,25.0,2650,0,1,0,1;
racing,killCuboid,9,2.9,0.9,-800,35.0,2650,0,1,0,1;
racing,killsphere,15.9,1.9,4,400,28,2652,0,0,0,0;
racing,killtube,10.1,19.9,4.1,400,29,2649,0.5,0.5,-0.5,0.5;
racing,killtube,12,19.9,5,400,29,2649,0.5,0.5,-0.5,0.5;
racing,endCapsule,1.5,1,1.5,2540,32.74026,2651,0,0,0,1;
racing,startCuboid,5,6,2,-4000,30,-5210,0,0,0,0;
racing,killCuboid,1000,1,1000,0,-4.0,-425,0,0,0,0;
custom,cuboid,metal1,1,10,1000,0,1,1,1,0.01,0.01,0,50,-5425,0,1,0,1;
custom,cuboid,metal1,1,10,1000,0,1,1,1,0.01,0.01,0,50,4460,0,1,0,1;
custom,cuboid,metal1,1,10,1000,0,1,1,1,0.01,0.01,4900,50,-425,0,0,0,0;
custom,cuboid,metal1,1,10,1000,0,1,1,1,0.01,0.01,-5000,50,-425,0,0,0,0;
custom,cuboid,stone4,1000,1,1000,0,1,1,1,64,64,0,-4.5,-425,0,0,0,0;
custom,cuboid,metal1,20,1,20,0,1,1,1,0.01,0.01,-4000,5,-5320,0,0,0,0;
custom,cylinder,metal1,0.5,2,0.5,0,1,1,1,0.01,1,-4000,20,-5220,0,0,0,0;
custom,sphere,metal1,1,1,1,0,1,1,1,0.01,1,-4000.25,42.5,-5219.25,0,0,0,0;
custom,cylinder,brick2,1,3,1,0,1,1,1,0.25,1,-4000,30,-4425,0,0,0,0;
custom,arc180,lava1,12,12,12,0,1,1,1,1,1,-4085,28.5,-4100,0,0,0,1;
custom,arc180,lava1,-12,12,12,0,1,1,1,1,1,-3965,28.5,-3883.5,0,0,0,1;
custom,arc180,lava1,12,12,12,0,1,1,1,1,1,-4085,28.5,-3667.5,0,0,0,1;
custom,arc180,lava1,-12,12,12,0,1,1,1,1,1,-3965,28.5,-3451.5,0,0,0,1;
custom,arc180,lava1,12,12,12,0,1,1,1,1,1,-4085,28.5,-3235.5,0,0,0,1;
custom,arc180,lava1,-12,12,12,0,1,1,1,1,1,-3965,28.5,-3019.5,0,0,0,1;
custom,arc180,lava1,-16,12,24,0,1,1,1,1,1,-3865,28.5,-3883.5,0,0,0,1;
custom,arc180,lava1,-16,12,24,0,1,1,1,1,1,-3865,28.5,-3451.5,0,0,0,1;
custom,arc180,lava1,-16,12,24,0,1,1,1,1,1,-3865,28.5,-3019.5,0,0,0,1;
custom,cylinder,lava1,5,3,5,0,1,1,1,0.25,0.5,-3941,30,-4104.5,0,0,0,0;
custom,cylinder,lava1,5,3,5,0,1,1,1,0.25,0.5,-3941,30,-3672,0,0,0,0;
custom,cylinder,lava1,5,3,5,0,1,1,1,0.25,0.5,-3941,30,-3240,0,0,0,0;
custom,cuboid,lava1,1,6,12,0,1,1,1,0.25,0.5,-3963.5,30,-4162.5,0,0.05,0,0.99;
custom,cuboid,lava1,1,6,40,0,1,1,1,1,0.5,-4224.984,30,-2907,0,1,0,1;
custom,cuboid,lava1,1,6,50,0,1,1,1,1,0.5,-4175,30,-2827,0,1,0,1;
custom,cuboid,metal1,20,0.5,20,0,1,1,1,0.01,0.01,-4535,2.5,-2867,0,0,0,0;
custom,cuboid,metal1,2,0.5,5.5,0,1,1,1,0.01,0.01,-4425,2.5,-2939.5,0,0,0,0;
custom,cuboid,metal1,2,0.5,5.5,0,1,1,1,0.01,0.01,-4425,2.5,-2794.5,0,0,0,0;
custom,cuboid,default,1,6,1,0,1,1,1,1,1,-4475,30,-2765,0,1,0,1;
custom,cuboid,default,1,6,1,0,1,1,1,1,1,-4575,30,-2765,0,1,0,1;
custom,cuboid,brick2,1,6,10,0,1,1,1,0.5,0.5,-4575,30,-1910,0,0,0,0;
custom,cuboid,brick2,1,6,10,0,1,1,1,0.5,0.5,-4475,30,-2410,0,0,0,0;
custom,cylinder,default,1,10,1,0,1,1,1,1,1,-4575,100,-1660,0,0,0,0;
custom,cylinder,default,1,10,1,0,1,1,1,1,1,-4475,100,-1660,0,0,0,0;
custom,cylinder,default,1,10,1,0,1,1,1,1,1,-4575,100,-1360,0,0,0,0;
custom,cylinder,default,1,10,1,0,1,1,1,1,1,-4475,100,-1360,0,0,0,0;
custom,cylinder,default,1,5,1,0,1,1,1,1,1,-4525,60,-1660,0,0,1,1;
custom,cylinder,default,1,5,1,0,1,1,1,1,1,-4525,60,-1360,0,0,1,1;
custom,sphere,stone10,2,2,2,0,1,1,1,1,1,-4525,205,-971,0,0,0,0;
custom,cylinder,default,1,5.5,1,0,1,1,1,1,1,-4525,40,-800,0,0,1,1;
custom,cylinder,default,1,2,1,0,1,1,1,1,1,-4475,20,-800,0,0,0,0;
custom,cylinder,default,1,2,1,0,1,1,1,1,1,-4575,20,-800,0,0,0,0;
custom,prism,bark,4.3,0.5,2,0,1,1,1,1,1,-4525.8,10,-690,1,0,0,-1;
custom,cylinder,default,1,2,1,0,1,1,1,1,1,-4540,20,-415,0,0,0,0;
custom,cylinder,default,1,2,1,0,1,1,1,1,1,-4510,20,-415,0,0,0,0;
55529;
custom,cylinder,default,1,2,1,0,1,1,1,1,1,-4575,20,-250,0,0,0,0;
custom,cylinder,default,1,2,1,0,1,1,1,1,1,-4475,20,-250,0,0,0,0;
custom,cuboid,metal1,20,0.5,20,0,1,1,1,0.01,0.01,-4525,2.5,85,0,0,0,0;
custom,cylinder,metal3,3.5,32,3.5,0,1,1,1,1,1,-4200,50,-315,-0.5,0.5,-0.5,0.5;
custom,cylinder,stone8,2,5,2,0,1,1,1,0.25,1,-4300,50,95,0,0,0,0;
custom,cylinder,stone8,2,3,2,0,1,1,1,0.25,0.5,-4500,30,125,0,0,0,0;
custom,cylinder,stone8,1.5,0.1,3,0,1,1,1,0.01,0.01,-4200,50,-775,0,0,-1,1;
custom,cylinder,stone8,0.7,0.05,0.7,0,1,1,1,0.01,0.01,-4170,36,940,-1,0,0,1;
custom,cylinder,stone8,0.7,0.05,0.7,0,1,1,1,0.01,0.01,-4170,36,930,-1,0,0,1;
custom,cylinder,stone5,1,2,1,0,1,1,1,1,1,-4170,60,1375,0,0,-1,1;
custom,cuboid,metal1,20,0.5,20,1,0.5,0.5,0.5,0.01,0.01,-4170,2.5,4090,0,0,0,0;
custom,cuboid,metal1,0.5,1,8,1,0.5,0.5,0.5,0.5,0.01,-4110,5,4192.5,0,1,0,1;
custom,cuboid,metal1,0.5,1,8,1,0.5,0.5,0.5,0.5,0.01,-4230,5,4192.5,0,1,0,1;
custom,cuboid,metal1,0.5,1,8,1,0.5,0.5,0.5,0.5,0.01,-4110,5,3987.5,0,1,0,1;
custom,cuboid,metal1,0.5,1,8,1,0.5,0.5,0.5,0.5,0.01,-4110,55,3987.5,0,1,0,1;
custom,cuboid,metal1,0.5,1,8,1,0.5,0.5,0.5,0.5,0.01,-4230,5,3987.5,0,1,0,1;
custom,cuboid,metal1,0.5,1,8,1,0.5,0.5,0.5,0.5,0.01,-4230,55,3987.5,0,1,0,1;
custom,cuboid,metal1,0.5,1,21,1,0.5,0.5,0.5,0.5,0.01,-4272.5,5,4090,0,0,0,0;
custom,cuboid,metal1,0.5,1,21,1,0.5,0.5,0.5,0.5,0.01,-4067.5,5,4090,0,0,0,0;
custom,cuboid,metal1,1,4,0.5,1,0.5,0.5,0.5,0.01,0.5,-4195,30,3987.5,0,0,0,0;
custom,cuboid,metal1,1,4,0.5,1,0.5,0.5,0.5,0.01,0.5,-4145,30,3987.5,0,0,0,0;
custom,cuboid,metal1,4,1,0.5,1,0.5,0.5,0.5,0.5,0.01,-4170,55,3987.5,0,0,0,0;
custom,checkpointCuboid,default,4,5,0.5,0,1,1,1,1,1,-4170,25,3987.5,0,0,0,0;
custom,prism,default,4.5,1,4.5,0,1,0,0,1,1,-4170,76.6,3988,-1,0,0,-1;
custom,prism,default,4,1,4,1,1,0,0,1,1,-4170,76,3987.5,-1,0,0,-1;
custom,prism,default,3,1,3,0,1,0,0,1,1,-4170,75,3987,-1,0,0,-1;
custom,capsule,default,0.3,0.75,0.25,1,0,0,0,1,1,-4169.75,78,3981.25,0,0,0,0;
custom,sphere,default,0.4,0.4,0.4,1,0,0,0,1,1,-4170,65.8,3983,0,0,0,0;
custom,cuboid,metal1,20,0.5,20,0,1,1,1,0.01,0.01,-4170,2.5,4355,0,0,0,0;
custom,cuboid,stone5,1,0.2,2,0,1,1,1,0.01,0.01,-4245,161,2510,0,1,0,1;
custom,cuboid,stone5,1,0.2,2,0,1,1,1,0.01,0.01,-4245,170,2510,0,1,0,1;
custom,cuboid,stone5,1,0.2,2,0,1,1,1,0.01,0.01,-4245,179,2510,0,1,0,1;
custom,cuboid,stone5,0.2,0.7,1,0,1,1,1,0.01,0.01,-4254,165.5,2510,0,0,0,0;
custom,cuboid,stone5,0.2,0.7,1,0,1,1,1,0.01,0.01,-4254,174.5,2510,0,0,0,0;
custom,cuboid,stone5,1,0.2,2,0,1,1,1,0.01,0.01,-4215,161,2510,0,1,0,1;
custom,cuboid,stone5,0.2,1.8,1,0,1,1,1,0.01,0.01,-4224,171,2510,0,0,0,0;
custom,cuboid,stone5,1,0.2,2,0,1,1,1,0.01,0.01,-4185,161,2510,0,1,0,1;
custom,cuboid,stone5,1,0.2,2,0,1,1,1,0.01,0.01,-4185,179,2510,0,1,0,1;
custom,cuboid,stone5,0.2,1.6,1,0,1,1,1,0.01,0.01,-4185,170,2510,0,0,0,0;
custom,cuboid,stone5,1,0.2,2,0,1,1,1,0.01,0.01,-4155,161,2510,0,1,0,1;
custom,cuboid,stone5,1,0.2,2,0,1,1,1,0.01,0.01,-4155,179,2510,0,1,0,1;
custom,cuboid,stone5,0.2,1.6,1,0,1,1,1,0.01,0.01,-4146,170,2510,0,0,0,0;
custom,cuboid,stone5,0.2,1.6,1,0,1,1,1,0.01,0.01,-4164,170,2510,0,0,0,0;
custom,cuboid,stone5,1,0.2,2,0,1,1,1,0.01,0.01,-4125,179,2510,0,1,0,1;
custom,cuboid,stone5,1,0.2,2,0,1,1,1,0.01,0.01,-4125,170,2510,0,1,0,1;
custom,cuboid,stone5,0.2,0.7,1,0,1,1,1,0.01,0.01,-4134,174.5,2510,0,0,0,0;
custom,cuboid,stone5,0.2,0.7,1,0,1,1,1,0.01,0.01,-4116,174.5,2510,0,0,0,0;
custom,cuboid,stone5,0.2,0.9,1,0,1,1,1,0.01,0.01,-4134,164.5,2510,0,0,0,0;
custom,cuboid,stone5,1,0.2,2,0,1,1,1,0.01,0.01,-4095,161,2510,0,1,0,1;
custom,cuboid,stone5,1,0.2,2,0,1,1,1,0.01,0.01,-4095,170,2510,0,1,0,1;
custom,cuboid,stone5,1,0.2,2,0,1,1,1,0.01,0.01,-4095,179,2510,0,1,0,1;
custom,cuboid,stone5,0.2,0.7,1,0,1,1,1,0.01,0.01,-4104,165.5,2510,0,0,0,0;
custom,cuboid,stone5,0.2,0.7,1,0,1,1,1,0.01,0.01,-4104,174.5,2510,0,0,0,0;
custom,cuboid,metal3,0.9,5.9,9.9,1,1,0,0,1,1,-4010,30,4390,0,1,0,1;
custom,cuboid,metal3,0.9,5.9,9.9,1,1,0,0,1,1,-3955,30,4345,0,0,0,0;
custom,cuboid,metal3,0.9,5.9,4.9,1,1,0,0,1,1,-3935,30,4290,0,1,0,1;
custom,cuboid,metal3,0.9,5.9,11.9,1,1,0,0,1,1,-3935,30,4395,0,0,0,0;
custom,cylinder,metal3,0.9,2.95,0.9,1,1,0,0,1,1,-3935,30,4335,0,0,0,0;
custom,cuboid,metal3,0.9,5.9,9.9,1,1,0,0,1,1,-3915,30,4345,0,0,0,0;
custom,cylinder,metal3,0.9,2.95,0.9,1,1,0,0,1,1,-3710,30,4390,0,1,0,1;
custom,cuboid,metal3,0.9,5.9,0.9,1,1,0,0,1.0,1.0,-3615,30,4390,0,0,0,0;
custom,cuboid,metal3,0.9,5.9,0.9,1,1,0,0,1.0,1.0,-3615,30,4290,0,0,0,0;
custom,cuboid,metal3,0.9,5.9,0.9,1,1,0,0,1.0,1.0,-3655,30,4290,0,0,0,0;
custom,cylinder,metal3,0.9,2.95,0.9,1,1,0,0,1,1,-3635,30,4335,0,0,0,0;
custom,cuboid,metal3,1.9,0.15,0.1,1,1,0,0,1.0,1.0,-3485,0,4315.5,0,0,0,0;
custom,cuboid,metal3,0.1,0.15,14,1,1,0,0,1.0,1.0,-3495,0,4385,0,0,0,0;
custom,cuboid,metal3,0.1,0.15,14,1,1,0,0,1.0,1.0,-3475,0,4385,0,0,0,0;
custom,cuboid,metal3,1,6,100,1,0,0,1,1.0,1.0,-2760,30,4390,0,1,0,1;
custom,cuboid,metal3,7,6,1,1,0,0,1,1.0,1.0,-2255,30,4420,0,1,0,1;
custom,cuboid,metal3,6,0.5,6,1,0,0,1,1.0,1.0,-2290,2.5,4425,0,1,0,1;
custom,cuboid,metal3,6,0.5,6,1,0,0,1,1.0,1.0,-2290,57.5,4425,0,1,0,1;
custom,cylinder,metal3,1.5,3,1.5,1,1,1,0,1.0,1.0,-3360,30,4390,0,0,0,0;
custom,cylinder,metal3,1.5,3,1.5,1,1,1,0,1.0,1.0,-3260,30,4390,0,0,0,0;
custom,cylinder,metal3,2,3,2,1,1,1,0,1.0,1.0,-3080,30,4207.5,0,1,0,-1;
custom,cylinder,metal3,2,3,2,1,1,1,0,1.0,1.0,-3260,30,4025,0,1,0,1;
custom,cylinder,metal3,2,3,2,1,1,1,0,1.0,1.0,-3180,30,4207.5,0,1,0,-1;
custom,cylinder,metal3,2,3,2,1,1,1,0,1.0,1.0,-3360,30,4025,0,1,0,1;
custom,cylinder,metal3,2,3,2,1,1,1,0,1.0,1.0,-3360,30,3875,0,1,0,1;
custom,cylinder,metal3,2,3,2,1,1,1,0,1.0,1.0,-3260,30,3875,0,1,0,1;
custom,cylinder,metal3,2,3,2,1,1,1,0,1.0,1.0,-3185,30,3690,0,0,0,0;
custom,cylinder,metal3,2,3,2,1,1,1,0,1.0,1.0,-3085,30,3690,0,0,0,0;
custom,cylinder,metal3,2,3,2,1,1,1,0,1.0,1.0,-2880,30,3587.5,0,0,0,0;
custom,cylinder,metal3,2,3,2,1,1,1,0,1.0,1.0,-2790,30,3577.5,0,0,0,0;
custom,cylinder,metal3,2,3,2,1,1,1,0,1.0,1.0,-2980,30,3220,0,0,0,0;
custom,prism,brick2,8.5,6,5,0,1,1,1,2,0.5,-4430,30,-2785,0,1,0,-0.414;
custom,cuboid,metal3,2,24,2,0,1,1,1,1.01,1.01,-4110,36,4352,0.5,0,0,0.8;
custom,arc180,metal1,10,4,10,0,1,1,1,0.01,0.01,-4505,62,-2847.5,-0.4,0.2,-0.6,0.7;
custom,torus,metal1,8,10,8,0,1,1,1,0.01,0.01,-4535,20,125,-0.5,0.5,-0.5,0.5;
custom,cylinder,metal3,2,3,2,1,1,1,0,1.0,1.0,-2780,30,2700,0,0,0,0;
custom,cylinder,metal3,2,3,2,1,1,1,0,1.0,1.0,-2880,30,2700,0,0,0,0;
custom,cylinder,metal3,2,3,2,1,1,1,0,1.0,1.0,-2780,30,2600,0,0,0,0;
custom,cylinder,metal3,2,3,2,1,1,1,0,1.0,1.0,-2880,30,2600,0,0,0,0;
custom,cuboid,metal2,10,6,1,0,1,1,1,1.0,1.0,-2830,30,2600,0,0,0,0;
custom,cuboid,metal2,10,6,1,0,1,1,1,1.0,1.0,-2880,30,2650,0,1,0,-1;
custom,cuboid,metal2,1,6,500,0,1,1,1,32,1.0,-280,30,2600,0,1,0,1;
custom,cuboid,metal2,1,6,500,0,1,1,1,32,1.0,-280,30,2700,0,1,0,1;
custom,cuboid,metal2,9,1,500,0,1,1,1,1,32.0,-280,5,2650,0,1,0,1;
custom,cuboid,metal2,4,6,5,0,1,1,1,1,1.0,2240,30,2620,0,0,0,0;
custom,cuboid,metal2,4,6,5,0,1,1,1,1,1.0,2240,30,2680,0,0,0,0;
custom,cuboid,metal2,1,2.5,4,0,1,1,1,0.25,0.5,2240,12.5,2650,0,1,0,1;
76176;
custom,cuboid,metal2,1,2.5,4,0,1,1,1,0.25,0.5,2240,47.5,2650,0,1,0,1;
custom,cuboid,brick2,5,20,40,0,1,1,1,1.0,1.0,2630,100,2815,0,-0.414,0,1;
custom,cuboid,grass4,40,5,40,1,0,0.5,0,4,4,2532.5,-1.5,2650,0,0.414,0,1;
custom,house8,brick3,2,2,2,1,0.5,0.5,0.5,0.5,0.5,2640,57.5,2700,0,1,0,1;
custom,house8,brick3,2,2,2,1,0.5,0.5,0.5,0.5,0.5,2640,57.5,2600,0,1,0,1;
custom,cylinder,stone10,2,0.1,2,0,1,1,1,0.01,0.01,2540,24.5,2650,0,0,0,0;
custom,house8,brick3,2,1.5,2,1,0.5,0.5,0.5,1.0,1.0,2505,47.5,2790,0,0,0,1;
custom,house8,brick3,2,1.5,2,1,0.5,0.5,0.5,1.0,1.0,2505,47.5,2510,0,1,0,0;
custom,house8,brick3,1.5,1.0,1.5,1,0.5,0.5,0.5,1.0,1.0,2505,90,2800,0,0,0,1;
custom,house8,brick3,1.5,1.0,1.5,1,0.5,0.5,0.5,1.0,1.0,2505,90,2500,0,1,0,0;
custom,house8,brick3,2,1,1,1,0.5,0.5,0.5,1.0,1.0,2390,41,2540,0,1,0,-0.414;
custom,house8,brick3,2,1,1,1,0.5,0.5,0.5,1.0,1.0,2345,41,2585,0,1,0,-0.414;
custom,house8,brick3,2,1,1,1,0.5,0.5,0.5,1.0,1.0,2385,41,2760,0,-0.414,0,1;
custom,house8,brick3,2,1,1,1,0.5,0.5,0.5,1.0,1.0,2340,41,2715,0,-0.414,0,1;
custom,cylinder,stone3,10,0.25,10,0,1,1,1,1.0,0.1,2425,25.5,2650,0,0,0,0;
custom,cylinder,crystal2,9.9,0.25,9.9,0,1,1,1,0.01,0.01,2425,25.6,2650,0,0,0,0;
custom,torus,stone3,2,5,2,0,1,1,1,1.0,1.1,2425,27,2651,0,0,0,0;
custom,cylinder,stone3,2,0.5,2,0,1,1,1,1.0,0.5,2425,35,2650,0,0,0,0;
custom,cylinder,stone3,5,0.25,5,0,1,1,1,1.0,0.1,2425,40,2650,0,0,0,0;
custom,cylinder,crystal2,4.9,0.25,4.9,0,1,1,1,0.01,0.01,2425,40.1,2650,0,0,0,0;
custom,torus,stone3,1,3,1,0,1,1,1,1.0,1.1,2425,42,2650.5,0,0,0,0;
custom,cylinder,stone3,0.9,0.4,0.9,0,1,1,1,1.0,0.5,2425,47,2650,0,0,0,0;
custom,cylinder,stone3,2,0.12,2,0,1,1,1,1.0,0.1,2425,50,2650,0,0,0,0;
custom,cylinder,crystal2,1.9,0.12,1.9,0,1,1,1,0.01,0.01,2425,50.1,2650,0,0,0,0;
custom,cylinder,stone3,1,1,1,0,1,1,1,0.5,1,2425,60,2650,0,0,0,0;
racing,killcylinder,9,4,9,2425,60,2650,0,0,0,0;
racing,killcylinder,9,4,9,2425,60,2650,0,0.414,0,1;
custom,cylinder,stone4,0.1,2,0.1,0,1,1,1,0.1,4,-3280,20,4400,0,0,0,0;
custom,prism,stone4,0.5,0.1,1,0,1,1,1,1,1,-3278,30,4396.5,0.17,-0.17,-0.685,0.685;
custom,prism,default,0.40,0.12,0.8,1,1,1,0,1,1,-3278,30,4396.5,0.17,-0.17,-0.685,0.685;
custom,cylinder,metal2,2,3,2,1,0,0,0,1,1,-2830,30,2650,0,0,0,0;
custom,cylinder,metal2,2,3,2,1,0,0,1,1,1,-2830,25,2650,0,0,0,0;
custom,cylinder,metal2,2,3,2,1,0,1,1,1,1,-2830,20,2650,0,0,0,0;
custom,cylinder,metal2,2,3,2,1,1,1,1,1,1,-2830,15,2650,0,0,0,0;
custom,cylinder,metal2,2,3,2,1,1,1,0,1,1,-2830,10,2650,0,0,0,0;
custom,cylinder,metal2,2,3,2,1,1,0,0,1,1,-2830,5,2650,0,0,0,0;
custom,cylinder,metal2,2,3,2,1,0,0,0,1,1,-2830,0,2650,0,0,0,0;
custom,cylinder,metal2,2,3,2,1,0,0,0.5,1,1,-2830,-5,2650,0,0,0,0;
custom,cylinder,metal2,2,3,2,1,0,0.5,0.5,1,1,-2830,-10,2650,0,0,0,0;
custom,cylinder,metal2,2,3,2,1,0.5,0.5,0.5,1,1,-2830,-15,2650,0,0,0,0;
custom,cylinder,metal2,2,3,2,1,0.5,0.5,0,1,1,-2830,-20,2650,0,0,0,0;
custom,cylinder,metal2,2,3,2,1,0.5,0,0,1,1,-2830,-25,2650,0,0,0,0;
customb,arch1,default,2,2,4,0,1,1,1,1.0,1.0,2610,165,2650,0,0,0,0;
spawnpoint,playerC,-4000,11,-5410,0,0,0,0;
spawnpoint,playerM,-4000,11,-5410,0,0,0,0;
custom,cylinder,stone8,0.3,0.05,0.3,0,1,1,1,0.01,0.01,-4170,72,340,-1,0,0,1;
custom,cylinder,stone8,0.3,0.05,0.3,0,1,1,1,0.01,0.01,-4170,72,330,-1,0,0,1;
custom,cylinder,stone8,0.4,0.05,0.4,0,1,1,1,0.01,0.01,-4170,63,490,-1,0,0,1;
custom,cylinder,stone8,0.4,0.05,0.4,0,1,1,1,0.01,0.01,-4170,63,480,-1,0,0,1;
custom,cylinder,metal3,2,3,2,1,1,1,0,1.0,1.0,-2860,30,2882.5,0,0,0,0;
racing,killcuboid,1,-30,45,-4250,-30,3685,0,0,0,0;
racing,killcuboid,1,-30,45,-4090,-30,3595,0,0,0,0;
racing,killCuboid,10,6,1,-4095,30,2310,0,1,0,1;
misc,barrier,10,8,1,-4095,30,2310,0,1,0,1;
custom,pyramid,regioneditormat,1,2,1,0,1,1,1,1.0,1.0,-4095,105,2310,0,1,0,1;
custom,pyramid,regioneditormat,1,2,1,0,1,1,1,1.0,1.0,-4095,70,2310,0,0,-1,0;
custom,pyramid,regioneditormat,1,2,1,0,1,1,1,1.0,1.0,-4095,105,2310,0,0.9238795,0,0.3826834;
custom,pyramid,regioneditormat,1,2,1,0,1,1,1,1.0,1.0,-4095,70,2310,-0.3826834,0,-0.9238795,0;
racing,killCuboid,50,6,1,-4340,30,2365,0,0,0,1;
misc,barrier,50,8,1,-4340,30,2365,0,0,0,1;
custom,pyramid,regioneditormat,1,2,1,0,1,1,1,1.0,1.0,-4340,105,2365,0,0,0,1;
custom,pyramid,regioneditormat,1,2,1,0,1,1,1,1.0,1.0,-4340,70,2365,0,0,-1,0;
custom,pyramid,regioneditormat,1,2,1,0,1,1,1,1.0,1.0,-4340,105,2365,0,0.3826834,0,0.9238795;
custom,pyramid,regioneditormat,1,2,1,0,1,1,1,1.0,1.0,-4340,70,2365,-0.3826834,0,-0.9238795,0;
racing,killCuboid,50,6,1,-4425,30,2255,0,0,0,1;
misc,barrier,50,8,1,-4425,30,2255,0,0,0,1;
custom,pyramid,regioneditormat,1,2,1,0,1,1,1,1.0,1.0,-4425,105,2255,0,0,0,1;
custom,pyramid,regioneditormat,1,2,1,0,1,1,1,1.0,1.0,-4425,70,2255,0,0,-1,0;
custom,pyramid,regioneditormat,1,2,1,0,1,1,1,1.0,1.0,-4425,105,2255,0,0.3826834,0,0.9238795;
custom,pyramid,regioneditormat,1,2,1,0,1,1,1,1.0,1.0,-4425,70,2255,-0.3826834,0,-0.9238795,0;
racing,killCuboid,120,6,1,-4680,30,2850,0,1,0,1;
misc,barrier,120,8,1,-4680,30,2850,0,1,0,1;
misc,barrier,120,1,120,-4680,75,2850,0,1,0,1;
custom,pyramid,regioneditormat,1,2,1,0,1,1,1,1.0,1.0,-4680,105,2850,0,1,0,1;
custom,pyramid,regioneditormat,1,2,1,0,1,1,1,1.0,1.0,-4680,70,2850,0,0,-1,0;
custom,pyramid,regioneditormat,1,2,1,0,1,1,1,1.0,1.0,-4680,105,2850,0,0.9238795,0,0.3826834;
custom,pyramid,regioneditormat,1,2,1,0,1,1,1,1.0,1.0,-4680,70,2850,-0.3826834,0,-0.9238795,0;
racing,killCuboid,100,6,1,-4595,30,2860,0,1,0,1;
misc,barrier,100,8,1,-4595,30,2860,0,1,0,1;
custom,pyramid,regioneditormat,1,2,1,0,1,1,1,1.0,1.0,-4595,105,2860,0,1,0,1;
custom,pyramid,regioneditormat,1,2,1,0,1,1,1,1.0,1.0,-4595,70,2860,0,0,-1,0;
custom,pyramid,regioneditormat,1,2,1,0,1,1,1,1.0,1.0,-4595,105,2860,0,0.9238795,0,0.3826834;
custom,pyramid,regioneditormat,1,2,1,0,1,1,1,1.0,1.0,-4595,70,2860,-0.3826834,0,-0.9238795,0;
racing,killCuboid,51.5,6,1,-4342.5,30,3365,0,0,0,1;
misc,barrier,51.5,8,1,-4342.5,30,3365,0,0,0,1;
custom,pyramid,regioneditormat,1,2,1,0,1,1,1,1.0,1.0,-4342.5,105,3365,0,0,0,1;
custom,pyramid,regioneditormat,1,2,1,0,1,1,1,1.0,1.0,-4342.5,70,3365,0,0,-1,0;
custom,pyramid,regioneditormat,1,2,1,0,1,1,1,1.0,1.0,-4342.5,105,3365,0,0.3826834,0,0.9238795;
custom,pyramid,regioneditormat,1,2,1,0,1,1,1,1.0,1.0,-4342.5,70,3365,-0.3826834,0,-0.9238795,0;
racing,killCuboid,44,6,1,-4465,30,3455,0,0,0,1;
misc,barrier,44,8,1,-4465,30,3455,0,0,0,1;
custom,pyramid,regioneditormat,1,2,1,0,1,1,1,1.0,1.0,-4465,105,3455,0,0,0,1;
custom,pyramid,regioneditormat,1,2,1,0,1,1,1,1.0,1.0,-4465,70,3455,0,0,-1,0;
custom,pyramid,regioneditormat,1,2,1,0,1,1,1,1.0,1.0,-4465,105,3455,0,0.3826834,0,0.9238795;
custom,pyramid,regioneditormat,1,2,1,0,1,1,1,1.0,1.0,-4465,70,3455,-0.3826834,0,-0.9238795,0;
custom,cylinder,ice1,2,12,2,0,1,1,1,1.0,1.0,-4314.931,73.74306,3526.149,0,0.7680364,0,0.6404063;
custom,cylinder,ice1,2,12,2,0,1,1,1,1.0,1.0,-4510.473,73.69383,3287.561,0,0.9091861,0,0.4163901;
custom,cylinder,ice1,2,12,2,0,1,1,1,1.0,1.0,-4528.495,78.32957,2442.442,0,0.3422794,0,0.9395982;
custom,cylinder,ice1,2,12,2,0,1,1,1,1.0,1.0,-4226.903,64.80956,2218.188,0,0.9785923,0,-0.2058083;
misc,barrier,15,5,1,-4170,95,3455,0,0,0,0;
41872;
;
41500;
z68421;
