custom,cuboid,stone1,2,12,12,0,1,1,1,1.0,1.0,645.5932,36.46381,608.3361,0,0.9999995,0,-0.001021158;
custom,cuboid,stone1,2,12,12,0,1,1,1,1.0,1.0,590.8783,36.0223,657.6563,0,0.7005677,0,0.713586;
custom,cuboid,stone1,2,12,12,0,1,1,1,1.0,1.0,540.2109,35.86591,597.0806,0,-0.002227497,0,0.9999976;
racing,killCuboid,2,12,12,543.3047,36.15709,597.3215,0,0.0004905842,0,-0.9999999;
racing,killCuboid,2,12,12,594.3472,36.64802,652.2527,0,0.7099162,0,-0.7042862;
racing,killCuboid,2,12,12,638.7125,36.78693,605.7104,0,-0.02431757,0,0.9997043;
custom,cuboid,stone1,2,12,15,0,1,1,1,1.0,1.0,487.5653,35.61216,504.7868,0,0.460147,0,0.8878428;
custom,cuboid,stone1,2,12,15,0,1,1,1,1.0,1.0,606.6033,36.37284,492.428,0,-0.2789147,0,-0.9603159;
racing,killCuboid,2,12,15,488.6684,36.02834,503.2116,0,0.4574082,0,0.8892569;
racing,killCuboid,2,12,15,604.922,36.05338,493.4418,0,0.284602,0,0.9586458;
custom,cuboid,stone1,2,12,15,0,1,1,1,1.0,1.0,503.1183,36.49373,409.858,0,0.5755987,0,0.8177323;
racing,killCuboid,2,12,15,502.291,36.17225,413.3104,0,0.574385,0,0.8185853;
custom,cuboid,stone1,2,12,23,0,1,1,1,1.0,1.0,323.7032,35.51113,464.482,0,0.7060744,0,0.7081378;
custom,cuboid,stone1,2,12,23,0,1,1,1,1.0,1.0,327.6925,36.67998,388.5702,0,0.7150263,0,0.6990976;
custom,cuboid,stone1,2,12,23,0,1,1,1,1.0,1.0,120.569,35.76657,525.5046,0,0.8807808,0,0.4735243;
custom,cuboid,stone1,2,12,23,0,1,1,1,1.0,1.0,118.9441,36.77232,441.9269,0,0.8547906,0,0.5189731;
racing,killCuboid,2,12,23,323.7237,37.24519,392.4682,0,0.7060593,0,-0.7081528;
racing,killCuboid,2,12,23,321.8618,35.16209,461.9276,0,0.7099618,0,-0.7042402;
racing,killCuboid,2,12,23,117.5172,35.86478,524.5496,0,0.4710637,0,-0.8820993;
racing,killCuboid,2,12,23,122.1648,36.29084,444.1931,0,0.512169,0,-0.8588848;
custom,cuboid,stone1,2,12,23,0,1,1,1,1.0,1.0,-82.05827,35.96983,587.9689,0,0.7096006,0,0.7046042;
custom,cuboid,stone1,2,12,23,0,1,1,1,1.0,1.0,-88.14349,36.62723,508.5674,0,0.7555743,0,0.655063;
racing,killCuboid,2,12,23,-81.91203,36.22104,585.7768,0,0.7070513,0,0.7071623;
racing,killCuboid,2,12,23,-90.48627,36.901,512.4887,0,0.751443,0,0.6597981;
custom,cuboid,stone1,2,14,23,0,1,1,1,1.0,1.0,-294.7793,26.13938,552.499,0,0.5792813,0,0.8151277;
custom,cuboid,stone1,2,14,23,0,1,1,1,1.0,1.0,-280.8858,26.80746,455.7153,0,0.4174713,0,0.9086902;
racing,killCuboid,2,14,23,-282.3451,27.18306,457.1105,0,0.4191716,0,0.9079071;
racing,killCuboid,2,14,23,-297.6848,26.72968,550.2614,0,0.5811617,0,0.8137881;
custom,cuboid,stone1,2,14,23,0,1,1,1,1.0,1.0,-508.2123,26.39022,523.0919,0,0.7342737,0,0.6788536;
racing,killCuboid,2,14,23,-507.4091,26.7523,521.4601,0,0.7332648,0,0.6799433;
custom,cuboid,stone1,2,14,44,0,1,1,1,1.0,1.0,-624.481,27.09583,319.717,0,-0.01386458,0,-0.9999039;
racing,killCuboid,2,14,44,-621.3124,27.31873,319.8629,0,-0.0111601,0,-0.9999377;
custom,cuboid,stone1,2,14,44,0,1,1,1,1.0,1.0,-424.684,27.02836,86.54883,0,0.747946,0,0.6637596;
racing,killCuboid,2,14,44,-423.3202,27.32475,92.59137,0,0.6606624,0,-0.7506831;
racing,checkpointCuboid,3,3,3,-534.8395,58.76505,240.8239,0,0.9961093,0,-0.08812645;
racing,killCuboid,2,14,12,-376.8157,27.74246,332.5173,0,0.1161956,0,0.9932264;
custom,cylinder,stone1,55,3,55,0,1,1,1,5,5,583.9637,-20.99466,825.946,0,0.7996608,0,0.600452;
racing,startCuboid,2,13,12,591.4843,32.67601,552.72,0,0.6852158,0,0.7283401;
spawnpoint,playerC,598.7443,50.20445,604.196,0,0.9999996,0,0.0008568325;
spawnpoint,playerM,583.2032,47.40425,594.8551,0,0.9999996,0,0.0008568325;
racing,killCuboid,12,4,2,537.2728,14.41467,478.3485,0,-0.4212807,0,-0.9069303;
racing,killCuboid,12,4,2,539.9344,75.89086,472.9924,0,0.9157318,0,-0.4017902;
racing,killCuboid,12,4,2,478.8492,37.89395,450.6039,0,0.4417349,0,0.8971456;
racing,killCuboid,12,4,2,387.2333,45.3936,433.5288,0.220323,0.6661949,0.2237165,0.6764563;
racing,killCuboid,12,4,2,305.6213,-0.6874251,425.112,0,0.6828358,0,-0.7305719;
racing,killCuboid,12,4,2,260.8527,45.31634,420.2016,-0.3071972,0.6925586,-0.4724316,-0.4503342;
racing,killCuboid,12,4,2,187.1563,-4.683874,425.9106,0,0.9114615,0,0.4113854;
racing,killCuboid,12,4,2,435.6151,-10.01648,423.1786,0,0.8461471,0,-0.5329496;
racing,killCuboid,12,4,2,314.8342,75.77518,421.912,0,0.7298188,0,-0.6836407;
racing,killCuboid,12,2,2,188.6274,40.56614,441.1017,0.01811848,-0.5403724,-0.1216516,-0.8323883;
racing,killCuboid,12,2,2,141.0942,63.25016,484.5176,-0.5522704,0.2589063,0.6217674,0.4912946;
racing,killCuboid,12,2,2,99.26749,40.63002,505.948,-0.4864451,0.6370134,-0.1140581,0.5870059;
racing,killCuboid,12,2,2,126.8364,49.59928,485.7115,-0.9623796,0.1844824,-0.1964431,0.03466859;
racing,killCuboid,12,2,2,-24.11627,66.92705,538.4211,0,0.8873667,0,0.4610644;
racing,killCuboid,12,2,2,-40.044,5.762714,545.2824,0,0.5974112,0,-0.8019351;
racing,killCuboid,12,2,2,53.56203,49.92677,504.1594,-0.4620652,0.5494304,0.6576881,0.2281852;
racing,killCuboid,12,2,2,9.967597,10.11503,537.7045,0.5118468,0.4558071,0.373074,-0.6253547;
racing,killCuboid,12,2,2,-38.83416,37.89083,544.2018,0,0.6117048,0,-0.7910861;
racing,killCuboid,12,2,2,-130.2986,15.33306,553.5558,-0.6360637,0.08683573,0.4791147,0.5986081;
racing,killCuboid,12,2,2,-136.3106,67.95876,584.7844,-0.437746,0.5614526,0.4761465,0.5161725;
racing,killCuboid,12,2,2,-164.0041,48.44831,565.2225,0,0.6816269,0,-0.7317;
racing,killCuboid,12,5,2,-241.5184,18.41447,558.0909,0,0.4871191,0,0.8733356;
racing,killCuboid,12,5,2,-317.374,81.73951,496.1562,0,0.4991695,0,0.8665044;
racing,killCuboid,12,5,2,-331.5273,11.93978,483.6601,0,-0.8809316,0,0.4732437;
racing,killCuboid,12,5,2,-274.1573,63.51302,521.5397,0,0.4904403,0,0.8714748;
racing,killCylinder,3,12,3,-432.4962,-21.62578,464.7881,0,-0.1643888,0,0.9863957;
racing,killSphere,4,4,4,-478.5525,66.48583,204.0087,0,-0.4775622,0,0.8785979;
racing,killCylinder,3,12,3,-387.5708,-21.30582,460.2459,0,0.2813078,0,0.9596177;
racing,killCylinder,3,12,3,-390.3483,-24.22052,384.7441,0,-0.9460145,0,-0.3241245;
racing,killCylinder,3,12,3,-478.3862,-22.76628,494.3013,0,0.4005482,0,0.9162757;
racing,killCylinder,3,12,3,-469.7656,-22.62725,408.7815,0,-0.9105935,0,-0.4133034;
racing,killCylinder,3,12,3,-457.9471,-22.67149,340.942,0,-0.6650891,0,0.746764;
racing,killCylinder,3,12,3,-521.3069,-23.50809,443.2384,0,0.9842917,0,0.1765497;
racing,killCylinder,3,12,3,-564.7291,-23.42162,488.2519,0,-0.3304377,0,0.9438279;
racing,killCylinder,3,12,3,-591.5516,-22.46794,434.1258,0,-0.5131232,0,0.858315;
racing,killCylinder,3,12,3,-544.6186,-22.63137,379.2031,0,0.7241938,0,0.6895966;
racing,killCylinder,3,12,3,-578.8456,-22.77417,331.6177,0,0.9978601,0,0.06538548;
racing,killCylinder,3,12,3,-423.4383,-19.05762,299.214,0,-0.447354,0,0.894357;
racing,killCylinder,3,12,3,-400.2933,-20.68497,243.6527,0,-0.7864292,0,0.6176805;
racing,killCylinder,3,12,3,-518.2495,-22.44193,330.3512,0,0.8589009,0,0.5121419;
custom,cylinder,stone1,3,12,3,0,1,1,1,1.0,1.0,-499.2894,-21.06451,371.0928,0,-0.9919761,0,0.1264263;
custom,cylinder,stone1,3,12,3,0,1,1,1,1.0,1.0,-554.3318,-22.09907,465.2597,0,-0.9950361,0,0.09951484;
custom,cylinder,stone1,3,12,3,0,1,1,1,1.0,1.0,-472.5099,-20.66191,272.2655,0,0.8802092,0,-0.4745859;
custom,cuboid,stone1,4,12,4,0,1,1,1,1.0,1.0,-533.1542,-17.13725,241.3093,0,0.09245803,0,0.9957166;
racing,killSphere,4,4,4,-448.5994,14.51008,150.6094,0,-0.1249334,0,0.9921651;
racing,killSphere,4,4,4,-345.1766,11.27378,194.4593,0,0.7295401,0,0.6839381;
racing,killSphere,4,4,4,-520.5426,16.42236,191.1479,0,0.7890449,0,0.6143356;
racing,killSphere,4,4,4,-430.5136,56.56784,432.1228,0,0.173153,0,0.9848949;
racing,killSphere,4,4,4,-574.6284,49.53214,181.5547,0,0.3244565,0,-0.9459007;
racing,killSphere,4,4,4,-387.0361,51.10777,189.4328,0,0.9988812,0,0.04729019;
racing,killSphere,4,4,4,-581.2769,13.75259,267.1974,0,0.06868264,0,0.9976386;
custom,cuboid,stone1,2,14,34,0,1,1,1,1.0,1.0,-252.3413,27.89626,177.1658,0,-0.09767516,0,-0.9952183;
custom,cuboid,stone1,2,14,34,0,1,1,1,1.0,1.0,-102.0109,27.3508,396.4203,0,0.3575014,0,-0.9339126;
racing,killCuboid,2,14,34,-254.6154,28.11309,178.1435,0,0.995668,0,-0.09297971;
racing,killCuboid,2,14,34,-100.7285,27.78806,387.4684,0,0.3538153,0,-0.9353154;
custom,cuboid,stone1,2,14,34,0,1,1,1,1.0,1.0,-104.8324,28.47124,218.6062,0,0.3816142,0,-0.9243218;
racing,killCuboid,2,14,34,-100.389,28.68638,221.8153,0,0.3788362,0,-0.9254637;
custom,cuboid,stone1,2,14,34,0,1,1,1,1.0,1.0,160.8166,26.77582,232.6893,0,0.603871,0,-0.7970821;
custom,cuboid,stone1,2,14,34,0,1,1,1,1.0,1.0,159.8603,28.85711,62.65188,0,0.7976585,0,0.6031094;
racing,killCuboid,2,14,34,160.5615,27.12717,223.5284,0,0.6124936,0,-0.7904756;
racing,killCuboid,2,14,34,160.763,29.1705,67.04408,0,0.603571,0,-0.7973093;
racing,killCuboid,2,14,23,-277,26.96666,450.1934,0,0.4158993,0,0.9094107;
custom,cuboid,stone1,2,14,23,0,1,1,1,1.0,1.0,410.9731,27.24636,127.5491,0,0.4829232,0,-0.8756628;
racing,killCuboid,2,14,23,409.0475,27.335,123.5002,0,-0.4817148,0,0.8763282;
custom,cuboid,stone1,2,14,45,0,1,1,1,1.0,1.0,492.0794,27.54939,-145.966,0,0.01588579,0,0.9998738;
racing,killCuboid,2,14,45,487.6572,27.74759,-145.213,0,0.0155334,0,0.9998794;
custom,cuboid,stone1,2,14,34,0,1,1,1,1.0,1.0,324.6738,29.17205,-109.0547,0,-0.04653591,0,0.9989166;
racing,killCuboid,2,14,34,317.0449,29.0938,-107.8063,0,-0.04070957,0,0.999171;
racing,killCuboid,2,14,34,330.5911,28.92969,-105.8503,0,0.9976023,0,0.06920672;
custom,cuboid,stone1,2,14,34,0,1,1,1,1.0,1.0,426.5888,28.34395,-496.9413,0,0.1870067,0,0.9823586;
racing,killCuboid,2,14,34,425.0593,25.85723,-496.8243,0,0.1880059,0,0.9821679;
custom,cuboid,stone1,2,14,67,0,1,1,1,1.0,1.0,16.33273,29.519,-301.8296,0,0.6701894,0,0.7421902;
racing,killCuboid,2,14,67,19.86097,29.81485,-304.0571,0,0.7432798,0,-0.6689808;
custom,cuboid,stone1,2,14,76,0,1,1,1,1.0,1.0,66.05767,28.66883,-510.0264,0,0.7358963,0,-0.6770943;
racing,killCuboid,2,14,76,65.82079,29.05685,-505.6466,0,0.675212,0,0.7376238;
racing,checkpointCuboid,3,3,3,415.3001,41.77012,-124.818,0,0.03075016,0,0.9995271;
custom,cylinder,stone1,4,12,4,0,1,1,1,1.0,1.0,415.8134,-99.78072,-127.4249,0,0.05036858,0,0.9987307;
racing,killSphere,4,4,4,-340.295,13.83099,146.5623,0,0.6681585,0,0.744019;
racing,killSphere,4,4,4,-451.7126,9.350132,197.766,0,0.6207951,0,0.7839729;
racing,killSphere,4,4,4,-447.9067,68.19809,109.3897,0,0.8703454,0,0.4924418;
racing,killSphere,4,4,4,-328.8155,32.27275,101.857,0,0.2802067,0,0.9599397;
racing,killSphere,4,4,4,-270.219,23.97017,182.771,0,0.1304825,0,0.9914506;
racing,killSphere,6,6,6,-259.7465,36.67416,260.6724,0,-0.983799,0,-0.1792751;
racing,killSphere,6,6,6,-279.8205,55.69933,142.7974,0,0.7039827,0,0.7102172;
racing,killSphere,6,6,6,-341.828,5.356355,313.5331,0,-0.3895682,0,0.9209977;
racing,killSphere,6,6,6,-295.8692,76.15662,340.3486,0,-0.1728373,0,0.9849504;
racing,killSphere,6,6,6,-242.5009,-7.55983,331.3637,0,-0.9371471,0,0.3489348;
custom,cylinder,stone1,3,6,3,0,1,1,1,1.0,1.0,-327.2729,6.641359,227.388,0,-0.03584758,0,0.9993573;
custom,cylinder,stone1,3,6,3,0,1,1,1,1.0,1.0,-382.0272,-37.8822,165.5186,0,-0.121952,0,0.992536;
racing,killCuboid,3,6,12,-160.586,26.05969,365.4532,0,0.3938516,0,0.9191741;
racing,killCuboid,3,6,12,-213.2731,9.799205,457.0136,0,0.7336621,0,0.6795146;
racing,killCuboid,3,3,14,-241.2295,68.18775,395.4566,0,0.1194081,0,-0.9928453;
racing,killCuboid,3,3,18,-293.5183,11.0291,395.8642,-0.4410931,-0.3523565,-0.1937097,0.8023456;
racing,killCuboid,3,3,18,-103.8045,9.844693,340.1606,0.07964348,0.9158162,0.2266418,-0.3218246;
racing,killCuboid,3,3,18,-118.2336,24.92777,266.6386,0,-0.3564847,0,-0.9343012;
racing,killCuboid,3,3,18,-38.14814,26.73974,248.9932,-0.2660017,0.5089799,0.2399662,0.7826869;
racing,killCuboid,3,3,18,-111.5597,80.49011,311.4614,0,0.3421274,0,0.9396536;
racing,killCuboid,3,3,18,92.08353,49.67554,176.8029,0,-0.08156559,0,-0.996668;
racing,killCuboid,3,3,18,3.793308,5.178184,205.354,0,0.9387924,0,-0.3444835;
racing,killCuboid,3,3,18,152.0771,30.71003,158.4101,0.179472,-0.03173494,0.02614666,-0.9829034;
racing,killCuboid,3,3,18,14.04427,74.43417,196.6248,0,0.9320679,0,-0.3622836;
racing,killCuboid,3,3,18,242.043,-13.30184,167.8099,0.3450904,-0.1321459,-0.04914459,-0.9279197;
racing,killCuboid,3,3,18,246.3944,40.84832,123.0946,-0.0360749,0.941412,0.1626845,-0.2932163;
racing,killCuboid,3,3,18,73.39336,22.17162,176.0923,0,0.9884189,0,-0.1517499;
racing,killCuboid,3,3,18,334.1951,54.24236,90.20247,0,0.9766663,0,-0.2147627;
racing,killCuboid,3,3,18,192.7011,78.98426,137.9794,0,0.1861171,0,0.9825276;
racing,killCuboid,3,3,18,225.2518,3.163209,138.7899,0,0.9939142,0,-0.1101566;
racing,killCuboid,3,3,18,372.4492,83.69891,54.32093,0,-0.5183461,0,-0.855171;
racing,killCuboid,3,3,18,364.1554,17.35663,84.36805,0,0.4728226,0,0.8811577;
racing,killCuboid,3,3,18,403.2049,33.70919,-34.74791,0,0.6856136,0,-0.7279658;
racing,killCuboid,3,3,18,394.7583,9.309243,30.66626,0,0.7227728,0,-0.6910858;
racing,killCuboid,3,3,22,433.7924,18.83159,-201.7076,-0.1887721,-0.6464099,0.1695825,-0.7195562;
racing,killCuboid,3,3,22,411.521,-4.204754,-180.9761,0.2519501,-0.671156,-0.2616727,-0.6462184;
racing,killCuboid,3,3,22,405.9648,59.76896,-175.2131,0,0.7076201,0,-0.7065932;
racing,killCuboid,3,3,22,436.5447,78.38996,-78.3214,0,0.7000732,0,0.7140711;
racing,killCuboid,12,3,33,298.7165,-0.8352481,-398.4738,0,0.9985891,0,0.05310225;
racing,killCuboid,12,12,3,297.2503,50.88396,-379.0325,0,0.03442288,0,-0.9994074;
racing,killSphere,3,3,3,318.1012,35.27231,-325.1988,0,0.7669009,0,-0.6417655;
racing,killSphere,3,3,3,325.256,31.56277,-440.9236,0,0.8825552,0,-0.4702088;
racing,killSphere,6,6,6,218.0927,41.33455,-312.3445,0,0.717249,0,-0.6968169;
racing,killSphere,6,6,6,326.599,-16.61075,-336.5474,0,0.6701522,0,-0.7422237;
racing,killSphere,6,6,6,331.158,-27.53678,-417.26,0,0.7426357,0,-0.6696957;
racing,killSphere,6,6,6,242.9124,49.62151,-464.3325,0,0.6988189,0,-0.7152987;
racing,killSphere,6,6,6,407.1732,51.06297,-300.413,0,0.9988155,0,-0.04865827;
racing,killSphere,6,6,6,412.665,41.9915,-420.0415,0,0.9998204,0,0.01895429;
racing,killPyramid,6,6,6,145.0578,35.91969,-375.3412,0,0.7191533,0,0.6948516;
racing,killPyramid,6,6,6,119.9533,11.31968,-452.7001,0,-0.07176556,0,0.9974216;
racing,killCylinder,6,6,6,55.6022,37.31738,-337.517,0,0.2547374,0,0.9670103;
racing,killCylinder,6,6,6,70.79652,40.48097,-479.628,0,-0.2137468,0,0.9768891;
racing,killSphere,6,6,6,41.80328,33.05859,-417.7051,0,0.99976,0,-0.02191086;
racing,killSphere,6,6,6,176.2426,42.92278,-448.9708,0,0.1275704,0,0.9918295;
racing,killCylinder,6,6,6,-37.14518,39.65386,-339.3938,0,0.3234824,0,0.9462342;
racing,killSphere,6,6,6,-59.58469,21.30131,-452.1711,0,0.6238365,0,0.7815548;
racing,killCylinder,6,6,6,-139.5147,30.97212,-413.6302,0,0.7626162,0,0.6468514;
custom,cuboid,stone1,3,6,44,0,1,1,1,1.0,1.0,-253.079,19.42768,-412.9141,0,-0.001065931,0,0.9999995;
custom,cuboid,stone1,3,6,44,0,1,1,1,1.0,1.0,447.9702,19.38623,-275.2236,0,0.8846467,0,0.466262;
racing,endCuboid,40,10,3,-249.9314,97.63248,-418.9428,0,0.7057626,0,0.7084485;
racing,killCuboid,3,6,44,-202.902,46.27055,-420.9857,0,-0.03449203,0,-0.999405;
custom,cylinder,stone1,1,12,1,0,1,1,1,1.0,1.0,199.4536,40.2466,-397.8016,0,0.9793853,0,0.2020009;
custom,cylinder,stone1,1,12,1,0,1,1,1,1.0,1.0,10.40084,42.08601,-403.2199,0,0.8714631,0,-0.490461;
custom,cuboid,lava1,300,1,300,0,1,1,1,44,44,-654.8042,-2.057527,34.90315,0,0.7133427,0,-0.7008154;
racing,killCuboid,300,1,300,-542.7299,-0.7985245,-56.07006,0,0.7254815,0,-0.6882417;
custom,tube,stone1,8,9,8,0,1,1,1,5,5,-409.7925,-1.035465,-428.5048,0,0.3480706,0,0.9374684;
racing,killCapsule,12,12,12,-50.95357,36.4661,-438.524,0,0.5621974,0,-0.8270031;
custom,cuboid,stone1,2,12,12,0,1,1,1,1,1,590.8783,226.0223,657.6563,0,0.7005677,0,0.713586;
custom,cuboid,stone1,2,12,12,0,1,1,1,1,1,540.2109,225.86591,597.0806,0,-0.0022275,0,0.9999976;
racing,killCuboid,2,12,12,543.3047,226.15709,597.3215,0,0.0004906,0,-0.9999999;
racing,killCuboid,2,12,12,594.3472,226.64802,652.2527,0,0.7099162,0,-0.7042862;
racing,killCuboid,2,12,12,638.7125,226.78693,605.7104,0,-0.0243176,0,0.9997043;
custom,cuboid,stone1,2,12,15,0,1,1,1,1,1,487.5653,225.61216,504.7868,0,0.460147,0,0.8878428;
custom,cuboid,stone1,2,12,15,0,1,1,1,1,1,606.6033,226.37284,492.428,0,-0.2789147,0,-0.9603159;
racing,killCuboid,2,12,15,488.6684,226.02834,503.2116,0,0.4574082,0,0.8892569;
racing,killCuboid,2,12,15,604.922,226.05338,493.4418,0,0.284602,0,0.9586458;
custom,cuboid,stone1,2,12,15,0,1,1,1,1,1,503.1183,226.49373,409.858,0,0.5755987,0,0.8177323;
racing,killCuboid,2,12,15,502.291,226.17225,413.3104,0,0.574385,0,0.8185853;
custom,cuboid,stone1,2,12,23,0,1,1,1,1,1,323.7032,225.51113,464.482,0,0.7060744,0,0.7081378;
custom,cuboid,stone1,2,12,23,0,1,1,1,1,1,327.6925,226.67998,388.5702,0,0.7150263,0,0.6990976;
custom,cuboid,stone1,2,12,23,0,1,1,1,1,1,120.569,225.76657,525.5046,0,0.8807808,0,0.4735243;
custom,cuboid,stone1,2,12,23,0,1,1,1,1,1,118.9441,226.77232,441.9269,0,0.8547906,0,0.5189731;
racing,killCuboid,2,12,23,323.7237,227.24519,392.4682,0,0.7060593,0,-0.7081528;
racing,killCuboid,2,12,23,321.8618,225.16209,461.9276,0,0.7099618,0,-0.7042402;
racing,killCuboid,2,12,23,117.5172,225.86478,524.5496,0,0.4710637,0,-0.8820993;
racing,killCuboid,2,12,23,122.1648,226.29084,444.1931,0,0.512169,0,-0.8588848;
custom,cuboid,stone1,2,12,23,0,1,1,1,1,1,-82.05827,225.96983,587.9689,0,0.7096006,0,0.7046042;
custom,cuboid,stone1,2,12,23,0,1,1,1,1,1,-88.14349,226.62723,508.5674,0,0.7555743,0,0.655063;
racing,killCuboid,2,12,23,-81.91203,226.22104,585.7768,0,0.7070513,0,0.7071623;
racing,killCuboid,2,12,23,-90.48627,226.901,512.4887,0,0.751443,0,0.6597981;
custom,cuboid,stone1,2,14,23,0,1,1,1,1,1,-294.7793,216.13938,552.499,0,0.5792813,0,0.8151277;
custom,cuboid,stone1,2,14,23,0,1,1,1,1,1,-280.8858,216.80746,455.7153,0,0.4174713,0,0.9086902;
racing,killCuboid,2,14,23,-282.3451,217.18306,457.1105,0,0.4191716,0,0.9079071;
racing,killCuboid,2,14,23,-297.6848,216.72968,550.2614,0,0.5811617,0,0.8137881;
custom,cuboid,stone1,2,14,23,0,1,1,1,1,1,-508.2123,216.39022,523.0919,0,0.7342737,0,0.6788536;
racing,killCuboid,2,14,23,-507.4091,216.7523,521.4601,0,0.7332648,0,0.6799433;
custom,cuboid,stone1,2,14,44,0,1,1,1,1,1,-624.481,217.09583,319.717,0,-0.0138646,0,-0.9999039;
racing,killCuboid,2,14,44,-621.3124,217.31873,319.8629,0,-0.0111601,0,-0.9999377;
custom,cuboid,stone1,2,14,44,0,1,1,1,1,1,-424.684,217.02836,86.54883,0,0.747946,0,0.6637596;
racing,killCuboid,2,14,44,-423.3202,217.32475,92.59137,0,0.6606624,0,-0.7506831;
racing,checkpointCuboid,3,3,3,-534.8395,248.76505,240.8239,0,0.9961093,0,-0.0881264;
racing,killCuboid,2,14,12,-376.8157,217.74246,332.5173,0,0.1161956,0,0.9932264;
racing,startCuboid,2,13,12,591.4843,222.67601,552.72,0,0.6852158,0,0.7283401;
spawnpoint,playerC,598.7443,240.20445,604.196,0,0.9999996,0,0.0008568;
spawnpoint,playerM,583.2032,237.40425,594.8551,0,0.9999996,0,0.0008568;
racing,killCuboid,12,4,2,537.2728,204.41467,478.3485,0,-0.4212807,0,-0.9069303;
racing,killCuboid,12,4,2,539.9344,265.89086,472.9924,0,0.9157318,0,-0.4017902;
racing,killCuboid,12,4,2,478.8492,227.89395,450.6039,0,0.4417349,0,0.8971456;
racing,killCuboid,12,4,2,387.2333,235.3936,433.5288,0.220323,0.6661949,0.2237165,0.6764563;
racing,killCuboid,12,4,2,305.6213,189.3125749,425.112,0,0.6828358,0,-0.7305719;
racing,killCuboid,12,4,2,260.8527,235.31634,420.2016,-0.3071972,0.6925586,-0.4724316,-0.4503342;
racing,killCuboid,12,4,2,187.1563,185.316126,425.9106,0,0.9114615,0,0.4113854;
racing,killCuboid,12,4,2,435.6151,179.98352,423.1786,0,0.8461471,0,-0.5329496;
racing,killCuboid,12,4,2,314.8342,265.77518,421.912,0,0.7298188,0,-0.6836407;
racing,killCuboid,12,2,2,188.6274,230.56614,441.1017,0.0181185,-0.5403724,-0.1216516,-0.8323883;
racing,killCuboid,12,2,2,141.0942,253.25016,484.5176,-0.5522704,0.2589063,0.6217674,0.4912946;
racing,killCuboid,12,2,2,99.26749,230.63002,505.948,-0.4864451,0.6370134,-0.1140581,0.5870059;
racing,killCuboid,12,2,2,126.8364,239.59928,485.7115,-0.9623796,0.1844824,-0.1964431,0.0346686;
racing,killCuboid,12,2,2,-24.11627,256.92705,538.4211,0,0.8873667,0,0.4610644;
racing,killCuboid,12,2,2,-40.044,195.762714,545.2824,0,0.5974112,0,-0.8019351;
racing,killCuboid,12,2,2,53.56203,239.92677,504.1594,-0.4620652,0.5494304,0.6576881,0.2281852;
racing,killCuboid,12,2,2,9.967597,200.11503,537.7045,0.5118468,0.4558071,0.373074,-0.6253547;
racing,killCuboid,12,2,2,-38.83416,227.89083,544.2018,0,0.6117048,0,-0.7910861;
racing,killCuboid,12,2,2,-130.2986,205.33306,553.5558,-0.6360637,0.0868357,0.4791147,0.5986081;
racing,killCuboid,12,2,2,-136.3106,257.95876,584.7844,-0.437746,0.5614526,0.4761465,0.5161725;
racing,killCuboid,12,2,2,-164.0041,238.44831,565.2225,0,0.6816269,0,-0.7317;
racing,killCuboid,12,5,2,-241.5184,208.41447,558.0909,0,0.4871191,0,0.8733356;
racing,killCuboid,12,5,2,-317.374,271.73951,496.1562,0,0.4991695,0,0.8665044;
racing,killCuboid,12,5,2,-331.5273,201.93978,483.6601,0,-0.8809316,0,0.4732437;
racing,killCuboid,12,5,2,-274.1573,253.51302,521.5397,0,0.4904403,0,0.8714748;
racing,killCylinder,3,12,3,-432.4962,168.37422,464.7881,0,-0.1643888,0,0.9863957;
racing,killSphere,4,4,4,-478.5525,256.48583,204.0087,0,-0.4775622,0,0.8785979;
racing,killCylinder,3,12,3,-387.5708,168.69418,460.2459,0,0.2813078,0,0.9596177;
racing,killCylinder,3,12,3,-390.3483,165.77948,384.7441,0,-0.9460145,0,-0.3241245;
racing,killCylinder,3,12,3,-478.3862,167.23372,494.3013,0,0.4005482,0,0.9162757;
racing,killCylinder,3,12,3,-469.7656,167.37275,408.7815,0,-0.9105935,0,-0.4133034;
racing,killCylinder,3,12,3,-457.9471,167.32851,340.942,0,-0.6650891,0,0.746764;
racing,killCylinder,3,12,3,-521.3069,166.49191,443.2384,0,0.9842917,0,0.1765497;
racing,killCylinder,3,12,3,-564.7291,166.57838,488.2519,0,-0.3304377,0,0.9438279;
racing,killCylinder,3,12,3,-591.5516,167.53206,434.1258,0,-0.5131232,0,0.858315;
racing,killCylinder,3,12,3,-544.6186,167.36863,379.2031,0,0.7241938,0,0.6895966;
racing,killCylinder,3,12,3,-578.8456,167.22583,331.6177,0,0.9978601,0,0.0653855;
racing,killCylinder,3,12,3,-423.4383,170.94238,299.214,0,-0.447354,0,0.894357;
racing,killCylinder,3,12,3,-400.2933,169.31503,243.6527,0,-0.7864292,0,0.6176805;
racing,killCylinder,3,12,3,-518.2495,167.55807,330.3512,0,0.8589009,0,0.5121419;
custom,cylinder,stone1,3,12,3,0,1,1,1,1,1,-499.2894,168.93549,371.0928,0,-0.9919761,0,0.1264263;
custom,cylinder,stone1,3,12,3,0,1,1,1,1,1,-554.3318,167.90093,465.2597,0,-0.9950361,0,0.0995148;
custom,cylinder,stone1,3,12,3,0,1,1,1,1,1,-472.5099,169.33809,272.2655,0,0.8802092,0,-0.4745859;
custom,cuboid,stone1,4,12,4,0,1,1,1,1,1,-533.1542,172.86275,241.3093,0,0.092458,0,0.9957166;
racing,killSphere,4,4,4,-448.5994,204.51008,150.6094,0,-0.1249334,0,0.9921651;
racing,killSphere,4,4,4,-345.1766,201.27378,194.4593,0,0.7295401,0,0.6839381;
racing,killSphere,4,4,4,-520.5426,206.42236,191.1479,0,0.7890449,0,0.6143356;
racing,killSphere,4,4,4,-430.5136,246.56784,432.1228,0,0.173153,0,0.9848949;
racing,killSphere,4,4,4,-574.6284,239.53214,181.5547,0,0.3244565,0,-0.9459007;
racing,killSphere,4,4,4,-387.0361,241.10777,189.4328,0,0.9988812,0,0.0472902;
racing,killSphere,4,4,4,-581.2769,203.75259,267.1974,0,0.0686826,0,0.9976386;
custom,cuboid,stone1,2,14,34,0,1,1,1,1,1,-252.3413,217.89626,177.1658,0,-0.0976752,0,-0.9952183;
custom,cuboid,stone1,2,14,34,0,1,1,1,1,1,-102.0109,217.3508,396.4203,0,0.3575014,0,-0.9339126;
racing,killCuboid,2,14,34,-254.6154,218.11309,178.1435,0,0.995668,0,-0.0929797;
racing,killCuboid,2,14,34,-100.7285,217.78806,387.4684,0,0.3538153,0,-0.9353154;
custom,cuboid,stone1,2,14,34,0,1,1,1,1,1,-104.8324,218.47124,218.6062,0,0.3816142,0,-0.9243218;
racing,killCuboid,2,14,34,-100.389,218.68638,221.8153,0,0.3788362,0,-0.9254637;
custom,cuboid,stone1,2,14,34,0,1,1,1,1,1,160.8166,216.77582,232.6893,0,0.603871,0,-0.7970821;
custom,cuboid,stone1,2,14,34,0,1,1,1,1,1,159.8603,218.85711,62.65188,0,0.7976585,0,0.6031094;
racing,killCuboid,2,14,34,160.5615,217.12717,223.5284,0,0.6124936,0,-0.7904756;
racing,killCuboid,2,14,34,160.763,219.1705,67.04408,0,0.603571,0,-0.7973093;
racing,killCuboid,2,14,23,-277,216.96666,450.1934,0,0.4158993,0,0.9094107;
custom,cuboid,stone1,2,14,23,0,1,1,1,1,1,410.9731,217.24636,127.5491,0,0.4829232,0,-0.8756628;
racing,killCuboid,2,14,23,409.0475,217.335,123.5002,0,-0.4817148,0,0.8763282;
custom,cuboid,stone1,2,14,45,0,1,1,1,1,1,492.0794,217.54939,-145.966,0,0.0158858,0,0.9998738;
racing,killCuboid,2,14,45,487.6572,217.74759,-145.213,0,0.0155334,0,0.9998794;
custom,cuboid,stone1,2,14,34,0,1,1,1,1,1,324.6738,219.17205,-109.0547,0,-0.0465359,0,0.9989166;
racing,killCuboid,2,14,34,317.0449,219.0938,-107.8063,0,-0.0407096,0,0.999171;
racing,killCuboid,2,14,34,330.5911,218.92969,-105.8503,0,0.9976023,0,0.0692067;
custom,cuboid,stone1,2,14,34,0,1,1,1,1,1,426.5888,218.34395,-496.9413,0,0.1870067,0,0.9823586;
racing,killCuboid,2,14,34,425.0593,215.85723,-496.8243,0,0.1880059,0,0.9821679;
custom,cuboid,stone1,2,14,67,0,1,1,1,1,1,16.33273,219.519,-301.8296,0,0.6701894,0,0.7421902;
racing,killCuboid,2,14,67,19.86097,219.81485,-304.0571,0,0.7432798,0,-0.6689808;
custom,cuboid,stone1,2,14,76,0,1,1,1,1,1,66.05767,218.66883,-510.0264,0,0.7358963,0,-0.6770943;
racing,killCuboid,2,14,76,65.82079,219.05685,-505.6466,0,0.675212,0,0.7376238;
racing,checkpointCuboid,3,3,3,415.3001,231.77012,-124.818,0,0.0307502,0,0.9995271;
racing,killSphere,4,4,4,-340.295,203.83099,146.5623,0,0.6681585,0,0.744019;
racing,killSphere,4,4,4,-451.7126,199.350132,197.766,0,0.6207951,0,0.7839729;
racing,killSphere,4,4,4,-447.9067,258.19809,109.3897,0,0.8703454,0,0.4924418;
racing,killSphere,4,4,4,-328.8155,222.27275,101.857,0,0.2802067,0,0.9599397;
racing,killSphere,4,4,4,-270.219,213.97017,182.771,0,0.1304825,0,0.9914506;
racing,killSphere,6,6,6,-259.7465,226.67416,260.6724,0,-0.983799,0,-0.1792751;
racing,killSphere,6,6,6,-279.8205,245.69933,142.7974,0,0.7039827,0,0.7102172;
racing,killSphere,6,6,6,-341.828,195.356355,313.5331,0,-0.3895682,0,0.9209977;
racing,killSphere,6,6,6,-295.8692,266.15662,340.3486,0,-0.1728373,0,0.9849504;
racing,killSphere,6,6,6,-242.5009,182.44017,331.3637,0,-0.9371471,0,0.3489348;
custom,cylinder,stone1,3,6,3,0,1,1,1,1,1,-327.2729,196.641359,227.388,0,-0.0358476,0,0.9993573;
custom,cylinder,stone1,3,6,3,0,1,1,1,1,1,-382.0272,152.1178,165.5186,0,-0.121952,0,0.992536;
racing,killCuboid,3,6,12,-160.586,216.05969,365.4532,0,0.3938516,0,0.9191741;
racing,killCuboid,3,6,12,-213.2731,199.799205,457.0136,0,0.7336621,0,0.6795146;
racing,killCuboid,3,3,14,-241.2295,258.18775,395.4566,0,0.1194081,0,-0.9928453;
racing,killCuboid,3,3,18,-293.5183,201.0291,395.8642,-0.4410931,-0.3523565,-0.1937097,0.8023456;
racing,killCuboid,3,3,18,-103.8045,199.844693,340.1606,0.0796435,0.9158162,0.2266418,-0.3218246;
racing,killCuboid,3,3,18,-118.2336,214.92777,266.6386,0,-0.3564847,0,-0.9343012;
racing,killCuboid,3,3,18,-38.14814,216.73974,248.9932,-0.2660017,0.5089799,0.2399662,0.7826869;
racing,killCuboid,3,3,18,-111.5597,270.49011,311.4614,0,0.3421274,0,0.9396536;
racing,killCuboid,3,3,18,92.08353,239.67554,176.8029,0,-0.0815656,0,-0.996668;
racing,killCuboid,3,3,18,3.793308,195.178184,205.354,0,0.9387924,0,-0.3444835;
racing,killCuboid,3,3,18,152.0771,220.71003,158.4101,0.179472,-0.0317349,0.0261467,-0.9829034;
racing,killCuboid,3,3,18,14.04427,264.43417,196.6248,0,0.9320679,0,-0.3622836;
racing,killCuboid,3,3,18,242.043,176.69816,167.8099,0.3450904,-0.1321459,-0.0491446,-0.9279197;
racing,killCuboid,3,3,18,246.3944,230.84832,123.0946,-0.0360749,0.941412,0.1626845,-0.2932163;
racing,killCuboid,3,3,18,73.39336,212.17162,176.0923,0,0.9884189,0,-0.1517499;
racing,killCuboid,3,3,18,334.1951,244.24236,90.20247,0,0.9766663,0,-0.2147627;
racing,killCuboid,3,3,18,192.7011,268.98426,137.9794,0,0.1861171,0,0.9825276;
racing,killCuboid,3,3,18,225.2518,193.163209,138.7899,0,0.9939142,0,-0.1101566;
racing,killCuboid,3,3,18,372.4492,273.69891,54.32093,0,-0.5183461,0,-0.855171;
racing,killCuboid,3,3,18,364.1554,207.35663,84.36805,0,0.4728226,0,0.8811577;
racing,killCuboid,3,3,18,403.2049,223.70919,-34.74791,0,0.6856136,0,-0.7279658;
racing,killCuboid,3,3,18,394.7583,199.309243,30.66626,0,0.7227728,0,-0.6910858;
racing,killCuboid,3,3,22,433.7924,208.83159,-201.7076,-0.1887721,-0.6464099,0.1695825,-0.7195562;
racing,killCuboid,3,3,22,411.521,185.795246,-180.9761,0.2519501,-0.671156,-0.2616727,-0.6462184;
racing,killCuboid,3,3,22,405.9648,249.76896,-175.2131,0,0.7076201,0,-0.7065932;
racing,killCuboid,3,3,22,436.5447,268.38996,-78.3214,0,0.7000732,0,0.7140711;
racing,killCuboid,12,3,33,298.7165,189.1647519,-398.4738,0,0.9985891,0,0.0531022;
racing,killCuboid,12,3,33,297.1544,273.47056,-402.3139,0,0.0557356,0,-0.9984456;
racing,killCuboid,12,12,3,297.2503,240.88396,-379.0325,0,0.0344229,0,-0.9994074;
racing,killSphere,3,3,3,318.1012,225.27231,-325.1988,0,0.7669009,0,-0.6417655;
racing,killSphere,3,3,3,325.256,221.56277,-440.9236,0,0.8825552,0,-0.4702088;
racing,killSphere,6,6,6,218.0927,231.33455,-312.3445,0,0.717249,0,-0.6968169;
racing,killSphere,6,6,6,326.599,173.38925,-336.5474,0,0.6701522,0,-0.7422237;
racing,killSphere,6,6,6,331.158,162.46322,-417.26,0,0.7426357,0,-0.6696957;
racing,killSphere,6,6,6,242.9124,239.62151,-464.3325,0,0.6988189,0,-0.7152987;
racing,killSphere,6,6,6,407.1732,241.06297,-300.413,0,0.9988155,0,-0.0486583;
racing,killSphere,6,6,6,412.665,231.9915,-420.0415,0,0.9998204,0,0.0189543;
racing,killPyramid,6,6,6,145.0578,225.91969,-375.3412,0,0.7191533,0,0.6948516;
racing,killPyramid,6,6,6,119.9533,201.31968,-452.7001,0,-0.0717656,0,0.9974216;
racing,killCylinder,6,6,6,55.6022,227.31738,-337.517,0,0.2547374,0,0.9670103;
racing,killCylinder,6,6,6,70.79652,230.48097,-479.628,0,-0.2137468,0,0.9768891;
racing,killSphere,6,6,6,41.80328,223.05859,-417.7051,0,0.99976,0,-0.0219109;
racing,killSphere,6,6,6,176.2426,232.92278,-448.9708,0,0.1275704,0,0.9918295;
racing,killCylinder,6,6,6,-37.14518,229.65386,-339.3938,0,0.3234824,0,0.9462342;
racing,killSphere,6,6,6,-59.58469,211.30131,-452.1711,0,0.6238365,0,0.7815548;
racing,killCylinder,6,6,6,-139.5147,220.97212,-413.6302,0,0.7626162,0,0.6468514;
custom,cuboid,stone1,3,6,44,0,1,1,1,1,1,-253.079,209.42768,-412.9141,0,-0.0010659,0,0.9999995;
custom,cuboid,stone1,3,6,44,0,1,1,1,1,1,447.9702,209.38623,-275.2236,0,0.8846467,0,0.466262;
racing,endCuboid,3,6,44,-250.5185,260.95435,-468.5754,0,0.9999612,0,-0.0088078;
racing,killCuboid,3,6,44,-202.902,236.27055,-420.9857,0,-0.034492,0,-0.999405;
racing,killCuboid,3,6,44,-59.35542,258.01981,-462.5142,0,0.9993608,0,0.0357489;
custom,cylinder,stone1,1,12,1,0,1,1,1,1,1,199.4536,230.2466,-397.8016,0,0.9793853,0,0.2020009;
custom,cylinder,stone1,1,12,1,0,1,1,1,1,1,10.40084,232.08601,-403.2199,0,0.8714631,0,-0.490461;
custom,tube,stone1,8,9,8,0,1,1,1,5,5,-409.7925,188.964535,-428.5048,0,0.3480706,0,0.9374684;
racing,killCuboid,23,14,44,92.06885,289.97685,-451.1427,0,0.9991512,0,0.0411931;
racing,killCapsule,12,12,12,-50.95357,226.4661,-438.524,0,0.5621974,0,-0.8270031;
custom,cuboid,stone1,2,-12,12,0,1,1,1,1,1,590.8783,154.17383,657.6563,0,-0.7005677,0,-0.713586;
custom,cuboid,stone1,2,-12,12,0,1,1,1,1,1,540.2109,154.33022,597.0806,0,0.0022275,0,-0.9999976;
racing,killCuboid,2,-12,12,543.3047,154.03904,597.3215,0,-0.0004906,0,0.9999999;
racing,killCuboid,2,-12,12,594.3472,153.54811,652.2527,0,-0.7099162,0,0.7042862;
racing,killCuboid,2,-12,12,638.7125,153.4092,605.7104,0,0.0243176,0,-0.9997043;
custom,cuboid,stone1,2,-12,15,0,1,1,1,1,1,487.5653,154.58397,504.7868,0,-0.460147,0,-0.8878428;
custom,cuboid,stone1,2,-12,15,0,1,1,1,1,1,606.6033,153.82329,492.428,0,0.2789147,0,0.9603159;
racing,killCuboid,2,-12,15,488.6684,154.16779,503.2116,0,-0.4574082,0,-0.8892569;
racing,killCuboid,2,-12,15,604.922,154.14275,493.4418,0,-0.284602,0,-0.9586458;
custom,cuboid,stone1,2,-12,15,0,1,1,1,1,1,503.1183,153.7024,409.858,0,-0.5755987,0,-0.8177323;
racing,killCuboid,2,-12,15,502.291,154.02388,413.3104,0,-0.574385,0,-0.8185853;
custom,cuboid,stone1,2,-12,23,0,1,1,1,1,1,323.7032,154.685,464.482,0,-0.7060744,0,-0.7081378;
custom,cuboid,stone1,2,-12,23,0,1,1,1,1,1,327.6925,153.51615,388.5702,0,-0.7150263,0,-0.6990976;
custom,cuboid,stone1,2,-12,23,0,1,1,1,1,1,120.569,154.42956,525.5046,0,-0.8807808,0,-0.4735243;
custom,cuboid,stone1,2,-12,23,0,1,1,1,1,1,118.9441,153.42381,441.9269,0,-0.8547906,0,-0.5189731;
racing,killCuboid,2,-12,23,323.7237,152.95094,392.4682,0,-0.7060593,0,0.7081528;
racing,killCuboid,2,-12,23,321.8618,155.03404,461.9276,0,-0.7099618,0,0.7042402;
racing,killCuboid,2,-12,23,117.5172,154.33135,524.5496,0,-0.4710637,0,0.8820993;
racing,killCuboid,2,-12,23,122.1648,153.90529,444.1931,0,-0.512169,0,0.8588848;
custom,cuboid,stone1,2,-12,23,0,1,1,1,1,1,-82.05827,154.2263,587.9689,0,-0.7096006,0,-0.7046042;
custom,cuboid,stone1,2,-12,23,0,1,1,1,1,1,-88.14349,153.5689,508.5674,0,-0.7555743,0,-0.655063;
racing,killCuboid,2,-12,23,-81.91203,153.97509,585.7768,0,-0.7070513,0,-0.7071623;
racing,killCuboid,2,-12,23,-90.48627,153.29513,512.4887,0,-0.751443,0,-0.6597981;
custom,cuboid,stone1,2,-14,23,0,1,1,1,1,1,-294.7793,164.05675,552.499,0,-0.5792813,0,-0.8151277;
custom,cuboid,stone1,2,-14,23,0,1,1,1,1,1,-280.8858,163.38867,455.7153,0,-0.4174713,0,-0.9086902;
racing,killCuboid,2,-14,23,-282.3451,163.01307,457.1105,0,-0.4191716,0,-0.9079071;
racing,killCuboid,2,-14,23,-297.6848,163.46645,550.2614,0,-0.5811617,0,-0.8137881;
custom,cuboid,stone1,2,-14,23,0,1,1,1,1,1,-508.2123,163.80591,523.0919,0,-0.7342737,0,-0.6788536;
racing,killCuboid,2,-14,23,-507.4091,163.44383,521.4601,0,-0.7332648,0,-0.6799433;
custom,cuboid,stone1,2,-14,44,0,1,1,1,1,1,-624.481,163.1003,319.717,0,0.0138646,0,0.9999039;
racing,killCuboid,2,-14,44,-621.3124,162.8774,319.8629,0,0.0111601,0,0.9999377;
custom,cuboid,stone1,2,-14,44,0,1,1,1,1,1,-424.684,163.16777,86.54883,0,-0.747946,0,-0.6637596;
racing,killCuboid,2,-14,44,-423.3202,162.87138,92.59137,0,-0.6606624,0,0.7506831;
racing,checkpointCuboid,3,-3,3,-534.8395,131.43108,240.8239,0,-0.9961093,0,0.0881264;
racing,killCuboid,2,-14,12,-376.8157,162.45367,332.5173,0,-0.1161956,0,-0.9932264;
racing,startCuboid,2,-13,12,591.4843,157.52012,552.72,0,-0.6852158,0,-0.7283401;
spawnpoint,playerC,598.7443,139.99168,604.196,0,-0.9999996,0,-0.0008568;
spawnpoint,playerM,583.2032,142.79188,594.8551,0,-0.9999996,0,-0.0008568;
racing,killCuboid,12,-4,2,537.2728,175.78146,478.3485,0,0.4212807,0,0.9069303;
racing,killCuboid,12,-4,2,539.9344,114.30527,472.9924,0,-0.9157318,0,0.4017902;
racing,killCuboid,12,-4,2,478.8492,152.30218,450.6039,0,-0.4417349,0,-0.8971456;
racing,killCuboid,12,-4,2,387.2333,144.80253,433.5288,0.220323,-0.6661949,0.2237165,-0.6764563;
racing,killCuboid,12,-4,2,305.6213,190.8835551,425.112,0,-0.6828358,0,0.7305719;
racing,killCuboid,12,-4,2,260.8527,144.87979,420.2016,-0.3071972,-0.6925586,-0.4724316,0.4503342;
racing,killCuboid,12,-4,2,187.1563,194.880004,425.9106,0,-0.9114615,0,-0.4113854;
racing,killCuboid,12,-4,2,435.6151,200.21261,423.1786,0,-0.8461471,0,0.5329496;
racing,killCuboid,12,-4,2,314.8342,114.42095,421.912,0,-0.7298188,0,0.6836407;
racing,killCuboid,12,-2,2,188.6274,149.62999,441.1017,0.0181185,0.5403724,-0.1216516,0.8323883;
racing,killCuboid,12,-2,2,141.0942,126.94597,484.5176,-0.5522704,-0.2589063,0.6217674,-0.4912946;
racing,killCuboid,12,-2,2,99.26749,149.56611,505.948,-0.4864451,-0.6370134,-0.1140581,-0.5870059;
racing,killCuboid,12,-2,2,126.8364,140.59685,485.7115,-0.9623796,-0.1844824,-0.1964431,-0.0346686;
racing,killCuboid,12,-2,2,-24.11627,123.26908,538.4211,0,-0.8873667,0,-0.4610644;
racing,killCuboid,12,-2,2,-40.044,184.433416,545.2824,0,-0.5974112,0,0.8019351;
racing,killCuboid,12,-2,2,53.56203,140.26936,504.1594,-0.4620652,-0.5494304,0.6576881,-0.2281852;
racing,killCuboid,12,-2,2,9.967597,180.0811,537.7045,0.5118468,-0.4558071,0.373074,0.6253547;
racing,killCuboid,12,-2,2,-38.83416,152.3053,544.2018,0,-0.6117048,0,0.7910861;
racing,killCuboid,12,-2,2,-130.2986,174.86307,553.5558,-0.6360637,-0.0868357,0.4791147,-0.5986081;
racing,killCuboid,12,-2,2,-136.3106,122.23737,584.7844,-0.437746,-0.5614526,0.4761465,-0.5161725;
racing,killCuboid,12,-2,2,-164.0041,141.74782,565.2225,0,-0.6816269,0,0.7317;
racing,killCuboid,12,-5,2,-241.5184,171.78166,558.0909,0,-0.4871191,0,-0.8733356;
racing,killCuboid,12,-5,2,-317.374,108.45662,496.1562,0,-0.4991695,0,-0.8665044;
racing,killCuboid,12,-5,2,-331.5273,178.25635,483.6601,0,0.8809316,0,-0.4732437;
racing,killCuboid,12,-5,2,-274.1573,126.68311,521.5397,0,-0.4904403,0,-0.8714748;
racing,killCylinder,3,-12,3,-432.4962,211.82191,464.7881,0,0.1643888,0,-0.9863957;
racing,killSphere,4,-4,4,-478.5525,123.7103,204.0087,0,0.4775622,0,-0.8785979;
racing,killCylinder,3,-12,3,-387.5708,211.50195,460.2459,0,-0.2813078,0,-0.9596177;
racing,killCylinder,3,-12,3,-390.3483,214.41665,384.7441,0,0.9460145,0,0.3241245;
racing,killCylinder,3,-12,3,-478.3862,212.96241,494.3013,0,-0.4005482,0,-0.9162757;
racing,killCylinder,3,-12,3,-469.7656,212.82338,408.7815,0,0.9105935,0,0.4133034;
racing,killCylinder,3,-12,3,-457.9471,212.86762,340.942,0,0.6650891,0,-0.746764;
racing,killCylinder,3,-12,3,-521.3069,213.70422,443.2384,0,-0.9842917,0,-0.1765497;
racing,killCylinder,3,-12,3,-564.7291,213.61775,488.2519,0,0.3304377,0,-0.9438279;
racing,killCylinder,3,-12,3,-591.5516,212.66407,434.1258,0,0.5131232,0,-0.858315;
racing,killCylinder,3,-12,3,-544.6186,212.8275,379.2031,0,-0.7241938,0,-0.6895966;
racing,killCylinder,3,-12,3,-578.8456,212.9703,331.6177,0,-0.9978601,0,-0.0653855;
racing,killCylinder,3,-12,3,-423.4383,209.25375,299.214,0,0.447354,0,-0.894357;
racing,killCylinder,3,-12,3,-400.2933,210.8811,243.6527,0,0.7864292,0,-0.6176805;
racing,killCylinder,3,-12,3,-518.2495,212.63806,330.3512,0,-0.8589009,0,-0.5121419;
custom,cylinder,stone1,3,-12,3,0,1,1,1,1,1,-499.2894,211.26064,371.0928,0,0.9919761,0,-0.1264263;
custom,cylinder,stone1,3,-12,3,0,1,1,1,1,1,-554.3318,212.2952,465.2597,0,0.9950361,0,-0.0995148;
custom,cylinder,stone1,3,-12,3,0,1,1,1,1,1,-472.5099,210.85804,272.2655,0,-0.8802092,0,0.4745859;
custom,cuboid,stone1,4,-12,4,0,1,1,1,1,1,-533.1542,207.33338,241.3093,0,-0.092458,0,-0.9957166;
racing,killSphere,4,-4,4,-448.5994,175.68605,150.6094,0,0.1249334,0,-0.9921651;
racing,killSphere,4,-4,4,-345.1766,178.92235,194.4593,0,-0.7295401,0,-0.6839381;
racing,killSphere,4,-4,4,-520.5426,173.77377,191.1479,0,-0.7890449,0,-0.6143356;
racing,killSphere,4,-4,4,-430.5136,133.62829,432.1228,0,-0.173153,0,-0.9848949;
racing,killSphere,4,-4,4,-574.6284,140.66399,181.5547,0,-0.3244565,0,0.9459007;
racing,killSphere,4,-4,4,-387.0361,139.08836,189.4328,0,-0.9988812,0,-0.0472902;
racing,killSphere,4,-4,4,-581.2769,176.44354,267.1974,0,-0.0686826,0,-0.9976386;
custom,cuboid,stone1,2,-14,34,0,1,1,1,1,1,-252.3413,162.29987,177.1658,0,0.0976752,0,0.9952183;
custom,cuboid,stone1,2,-14,34,0,1,1,1,1,1,-102.0109,162.84533,396.4203,0,-0.3575014,0,0.9339126;
racing,killCuboid,2,-14,34,-254.6154,162.08304,178.1435,0,-0.995668,0,0.0929797;
racing,killCuboid,2,-14,34,-100.7285,162.40807,387.4684,0,-0.3538153,0,0.9353154;
custom,cuboid,stone1,2,-14,34,0,1,1,1,1,1,-104.8324,161.72489,218.6062,0,-0.3816142,0,0.9243218;
racing,killCuboid,2,-14,34,-100.389,161.50975,221.8153,0,-0.3788362,0,0.9254637;
custom,cuboid,stone1,2,-14,34,0,1,1,1,1,1,160.8166,163.42031,232.6893,0,-0.603871,0,0.7970821;
custom,cuboid,stone1,2,-14,34,0,1,1,1,1,1,159.8603,161.33902,62.65188,0,-0.7976585,0,-0.6031094;
racing,killCuboid,2,-14,34,160.5615,163.06896,223.5284,0,-0.6124936,0,0.7904756;
racing,killCuboid,2,-14,34,160.763,161.02563,67.04408,0,-0.603571,0,0.7973093;
racing,killCuboid,2,-14,23,-277,163.22947,450.1934,0,-0.4158993,0,-0.9094107;
custom,cuboid,stone1,2,-14,23,0,1,1,1,1,1,410.9731,162.94977,127.5491,0,-0.4829232,0,0.8756628;
racing,killCuboid,2,-14,23,409.0475,162.86113,123.5002,0,0.4817148,0,-0.8763282;
custom,cuboid,stone1,2,-14,45,0,1,1,1,1,1,492.0794,162.64674,-145.966,0,-0.0158858,0,-0.9998738;
racing,killCuboid,2,-14,45,487.6572,162.44854,-145.213,0,-0.0155334,0,-0.9998794;
custom,cuboid,stone1,2,-14,34,0,1,1,1,1,1,324.6738,161.02408,-109.0547,0,0.0465359,0,-0.9989166;
racing,killCuboid,2,-14,34,317.0449,161.10233,-107.8063,0,0.0407096,0,-0.999171;
racing,killCuboid,2,-14,34,330.5911,161.26644,-105.8503,0,-0.9976023,0,-0.0692067;
custom,cuboid,stone1,2,-14,34,0,1,1,1,1,1,426.5888,161.85218,-496.9413,0,-0.1870067,0,-0.9823586;
racing,killCuboid,2,-14,34,425.0593,164.3389,-496.8243,0,-0.1880059,0,-0.9821679;
custom,cuboid,stone1,2,-14,67,0,1,1,1,1,1,16.33273,160.67713,-301.8296,0,-0.6701894,0,-0.7421902;
racing,killCuboid,2,-14,67,19.86097,160.38128,-304.0571,0,-0.7432798,0,0.6689808;
custom,cuboid,stone1,2,-14,76,0,1,1,1,1,1,66.05767,161.5273,-510.0264,0,-0.7358963,0,0.6770943;
racing,killCuboid,2,-14,76,65.82079,161.13928,-505.6466,0,-0.675212,0,-0.7376238;
custom,cylinder,stone1,4,-12,4,0,1,1,1,1,1,415.8134,289.97685,-127.4249,0,-0.0503686,0,-0.9987307;
racing,killSphere,4,-4,4,-340.295,176.36514,146.5623,0,-0.6681585,0,-0.744019;
racing,killSphere,4,-4,4,-451.7126,180.845998,197.766,0,-0.6207951,0,-0.7839729;
racing,killSphere,4,-4,4,-447.9067,121.99804,109.3897,0,-0.8703454,0,-0.4924418;
racing,killSphere,4,-4,4,-328.8155,157.92338,101.857,0,-0.2802067,0,-0.9599397;
racing,killSphere,4,-4,4,-270.219,166.22596,182.771,0,-0.1304825,0,-0.9914506;
racing,killSphere,6,-6,6,-259.7465,153.52197,260.6724,0,0.983799,0,0.1792751;
racing,killSphere,6,-6,6,-279.8205,134.4968,142.7974,0,-0.7039827,0,-0.7102172;
racing,killSphere,6,-6,6,-341.828,184.839775,313.5331,0,0.3895682,0,-0.9209977;
racing,killSphere,6,-6,6,-295.8692,114.03951,340.3486,0,0.1728373,0,-0.9849504;
racing,killSphere,6,-6,6,-242.5009,197.75596,331.3637,0,0.9371471,0,-0.3489348;
custom,cylinder,stone1,3,-6,3,0,1,1,1,1,1,-327.2729,183.554771,227.388,0,0.0358476,0,-0.9993573;
custom,cylinder,stone1,3,-6,3,0,1,1,1,1,1,-382.0272,228.07833,165.5186,0,0.121952,0,-0.992536;
racing,killCuboid,3,-6,12,-160.586,164.13644,365.4532,0,-0.3938516,0,-0.9191741;
racing,killCuboid,3,-6,12,-213.2731,180.396925,457.0136,0,-0.7336621,0,-0.6795146;
racing,killCuboid,3,-3,14,-241.2295,122.00838,395.4566,0,-0.1194081,0,0.9928453;
racing,killCuboid,3,-3,18,-293.5183,179.16703,395.8642,-0.4410931,0.3523565,-0.1937097,-0.8023456;
racing,killCuboid,3,-3,18,-103.8045,180.351437,340.1606,0.0796435,-0.9158162,0.2266418,0.3218246;
racing,killCuboid,3,-3,18,-118.2336,165.26836,266.6386,0,0.3564847,0,0.9343012;
racing,killCuboid,3,-3,18,-38.14814,163.45639,248.9932,-0.2660017,-0.5089799,0.2399662,-0.7826869;
racing,killCuboid,3,-3,18,-111.5597,109.70602,311.4614,0,-0.3421274,0,-0.9396536;
racing,killCuboid,3,-3,18,92.08353,140.52059,176.8029,0,0.0815656,0,0.996668;
racing,killCuboid,3,-3,18,3.793308,185.017946,205.354,0,-0.9387924,0,0.3444835;
racing,killCuboid,3,-3,18,152.0771,159.4861,158.4101,0.179472,0.0317349,0.0261467,0.9829034;
racing,killCuboid,3,-3,18,14.04427,115.76196,196.6248,0,-0.9320679,0,0.3622836;
racing,killCuboid,3,-3,18,242.043,203.49797,167.8099,0.3450904,0.1321459,-0.0491446,0.9279197;
racing,killCuboid,3,-3,18,246.3944,149.34781,123.0946,-0.0360749,-0.941412,0.1626845,0.2932163;
racing,killCuboid,3,-3,18,73.39336,168.02451,176.0923,0,-0.9884189,0,0.1517499;
racing,killCuboid,3,-3,18,334.1951,135.95377,90.20247,0,-0.9766663,0,0.2147627;
racing,killCuboid,3,-3,18,192.7011,111.21187,137.9794,0,-0.1861171,0,-0.9825276;
racing,killCuboid,3,-3,18,225.2518,187.032921,138.7899,0,-0.9939142,0,0.1101566;
racing,killCuboid,3,-3,18,372.4492,106.49722,54.32093,0,0.5183461,0,0.855171;
racing,killCuboid,3,-3,18,364.1554,172.8395,84.36805,0,-0.4728226,0,-0.8811577;
racing,killCuboid,3,-3,18,403.2049,156.48694,-34.74791,0,-0.6856136,0,0.7279658;
racing,killCuboid,3,-3,18,394.7583,180.886887,30.66626,0,-0.7227728,0,0.6910858;
racing,killCuboid,3,-3,22,433.7924,171.36454,-201.7076,-0.1887721,0.6464099,0.1695825,0.7195562;
racing,killCuboid,3,-3,22,411.521,194.400884,-180.9761,0.2519501,0.671156,-0.2616727,0.6462184;
racing,killCuboid,3,-3,22,405.9648,130.42717,-175.2131,0,-0.7076201,0,0.7065932;
racing,killCuboid,3,-3,22,436.5447,111.80617,-78.3214,0,-0.7000732,0,-0.7140711;
racing,killCuboid,12,-3,33,298.7165,191.0313781,-398.4738,0,-0.9985891,0,-0.0531022;
racing,killCuboid,12,-12,3,297.2503,139.31217,-379.0325,0,-0.0344229,0,0.9994074;
racing,killSphere,3,-3,3,318.1012,154.92382,-325.1988,0,-0.7669009,0,0.6417655;
racing,killSphere,3,-3,3,325.256,158.63336,-440.9236,0,-0.8825552,0,0.4702088;
racing,killSphere,6,-6,6,218.0927,148.86158,-312.3445,0,-0.717249,0,0.6968169;
racing,killSphere,6,-6,6,326.599,206.80688,-336.5474,0,-0.6701522,0,0.7422237;
racing,killSphere,6,-6,6,331.158,217.73291,-417.26,0,-0.7426357,0,0.6696957;
racing,killSphere,6,-6,6,242.9124,140.57462,-464.3325,0,-0.6988189,0,0.7152987;
racing,killSphere,6,-6,6,407.1732,139.13316,-300.413,0,-0.9988155,0,0.0486583;
racing,killSphere,6,-6,6,412.665,148.20463,-420.0415,0,-0.9998204,0,-0.0189543;
racing,killPyramid,6,-6,6,145.0578,154.27644,-375.3412,0,-0.7191533,0,-0.6948516;
racing,killPyramid,6,-6,6,119.9533,178.87645,-452.7001,0,0.0717656,0,-0.9974216;
racing,killCylinder,6,-6,6,55.6022,152.87875,-337.517,0,-0.2547374,0,-0.9670103;
racing,killCylinder,6,-6,6,70.79652,149.71516,-479.628,0,0.2137468,0,-0.9768891;
racing,killSphere,6,-6,6,41.80328,157.13754,-417.7051,0,-0.99976,0,0.0219109;
racing,killSphere,6,-6,6,176.2426,147.27335,-448.9708,0,-0.1275704,0,-0.9918295;
racing,killCylinder,6,-6,6,-37.14518,150.54227,-339.3938,0,-0.3234824,0,-0.9462342;
racing,killSphere,6,-6,6,-59.58469,168.89482,-452.1711,0,-0.6238365,0,-0.7815548;
racing,killCylinder,6,-6,6,-139.5147,159.22401,-413.6302,0,-0.7626162,0,-0.6468514;
custom,cuboid,stone1,3,-6,44,0,1,1,1,1,1,-253.079,170.76845,-412.9141,0,0.0010659,0,-0.9999995;
custom,cuboid,stone1,3,-6,44,0,1,1,1,1,1,447.9702,170.8099,-275.2236,0,-0.8846467,0,-0.466262;
racing,killCuboid,3,-6,44,-202.902,143.92558,-420.9857,0,0.034492,0,0.999405;
custom,cylinder,stone1,1,-12,1,0,1,1,1,1,1,199.4536,149.94953,-397.8016,0,-0.9793853,0,-0.2020009;
custom,cylinder,stone1,1,-12,1,0,1,1,1,1,1,10.40084,148.11012,-403.2199,0,-0.8714631,0,0.490461;
custom,tube,stone1,8,-9,8,0,1,1,1,5,5,-409.7925,191.231595,-428.5048,0,-0.3480706,0,-0.9374684;
racing,killCapsule,12,-12,12,-50.95357,153.73003,-438.524,0,-0.5621974,0,0.8270031;
