//shit pc's beware you're in for a scare;
map,disablebounds;
custom,cuboid,stone3,750,1,750,0,1,1,1,128,128,0,-4.5,-150,0,0,0,0;
racing,endCuboid,15,8,5,-350,45,2925,0,0,0,0;
racing,startCuboid,2,6,2,-15,80,-90,0,0,0,0;
racing,startCuboid,2,6,2,15,80,-90,0,0,0,0;
racing,checkpointCuboid,15,0.5,5,-350,92.5,2925,0,0,0,0;
racing,killCuboid,120,3,20,-350,15,2610,0,0,0,0;
spawnpoint,playerC,0,70,-160,0,0,0,0;
spawnpoint,playerM,0,70,-160,0,0,0,0;
spawnpoint,titan,-150,11,2800,0,0,0,0;
spawnpoint,titan,-550,11,2800,0,0,0,0;
photon,spawnTitan,30,0,-400,11,2800,0,0,0,0;
photon,spawnTitan,30,0,-350,11,2800,0,0,0,0;
photon,spawnTitan,30,0,-300,11,2800,0,0,0,0;
base,horse,ice1,5,5,5,0,1,0,0,1.0,1.0,0,80,-110,0,1,0,0;
base,horse,ice1,5,5,5,0,1,0,0,1.0,1.0,35,75,-110,0,-1,0,1;
base,horse,ice1,5,5,5,0,1,0,0,1.0,1.0,-35,75,-110,0,1,0,1;
misc,barrier,32,1,50,190,65,-360,0,1,0,1;
misc,barrier,50,1,50,380,65,50,0,0,0,0;
misc,barrier,13,1,19,535,65,-265,0,1,0,1;
misc,barrier,20,1,20,-55,65,-385,0,1,0,-0.414;
misc,barrier,14,1,14,-130,65,-455,0,1,0,-1;
misc,barrier,10,1,10,-200,65,-455,0,1,0,-0.414;
misc,barrier,7,1,7,-240,65,-490,0,1,0,-1;
misc,barrier,5,1,5,-275,65,-490,0,1,0,-0.414;
misc,barrier,3,1,5,-292.5,65,-510,0,1,0,-1;
misc,barrier,2,1,4,-300,65,-500,0,1,0,-0.414;
misc,barrier,750,1,750,0,115,-150,0,0,0,0;
misc,barrier,0.5,5,7,-480.83,80,-213.92,0,0.38,0,-0.92;
misc,barrier,0.5,5,7,-423.88,80,-255.74,0,0.85,0,0.51;
misc,barrier,0.5,5,7,-357.63,80,-276.99,0,0.76,0,0.64;
misc,barrier,0.5,5,7,-291.11,80,-276.5,0,0.64,0,0.76;
misc,barrier,0.5,5,7,-227.1,80,-256.14,0,0.52,0,0.85;
misc,barrier,0.5,5,7,-170.39,80,-215.66,0,0.38,0,0.92;
misc,barrier,0.5,5,7,-129.23,80,-159.11,0,0.23,0,0.97;
misc,barrier,0.5,5,7,-521.42,80,-157.84,0,0.23,0,-0.97;
misc,barrier,0.5,5,7,-169.17,80,94.1,0,0.92,0,0.38;
misc,barrier,0.5,5,7,-225.98,80,135.83,0,0.52,0,-0.85;
misc,barrier,0.5,5,7,-289.89,80,156.66,0,0.64,0,-0.76;
misc,barrier,0.5,5,7,-521.78,80,37.11,0,0.23,0,0.97;
misc,barrier,0.5,5,7,-479.45,80,96.07,0,0.38,0,0.92;
misc,barrier,0.5,5,7,-423.84,80,135.95,0,0.52,0,0.85;
misc,barrier,0.5,5,6,-131.88,80,42.61,0,0.23,0,-0.97;
misc,barrier,0.5,5,2,-384.01,80,152.86,0,0.77,0,-0.63;
misc,barrier,12,5,0.5,-322.5,80,222,0,1,0,1;
misc,barrier,14,5,0.5,-377.5,80,222,0,1,0,1;
misc,barrier,5.5,5,1,-190,85,75,0,1,0,0.414;
custom,cuboid,stone2,10,2,10,0,1,1,1,1,1,0,60,-150,0,0,0,0;
custom,cuboid,stone2,1,6,46,0,1,1,1,4,1,30,80,130,0,0,0,0;
custom,cuboid,stone2,1,6,38,0,1,1,1,4,1,-30,80,90,0,0,0,0;
custom,cuboid,stone2,1,6,12,0,1,1,1,2,1,50,80,-150,0,0,0,0;
custom,cuboid,stone2,1,6,12,0,1,1,1,2,1,-50,80,-150,0,0,0,0;
custom,cuboid,stone2,2.1,5.99,1.1,0,1,1,1,0.25,1,-35,80,-95,0,0,0,0;
custom,cuboid,stone2,2.1,5.99,1.1,0,1,1,1,0.25,1,35,80,-95,0,0,0,0;
custom,cuboid,stone2,9,6,1.1,0,1,1,1,2,1,0,80,-205,0,0,0,0;
custom,cylinder,stone2,4,3,4,0,1,1,1,1,1,-45,80,280,0,0,0,0;
custom,cuboid,stone2,1,11,36,0,1,1,1,4,2,-145,55,365,0,1,0,-1;
custom,cuboid,stone3,6,1,46,0,1,1,1,1,4,0,55,130,0,0,0,0;
custom,cuboid,stone3,7,1,15,0,1,1,1,1,2,-105,55,330,0,1,0,1;
custom,cuboid,stone3,7,1,15,0,1,1,1,1,2,-247.5,26.5,330,-0.2,1,0.2,1;
custom,cuboid,stone3,7,1,15,0,1,1,1,1,2,-595,55,330,0,1,0,1;
custom,cuboid,stone3,7,1,15,0,1,1,1,1,2,-452.5,26.5,330,0.2,1,-0.2,1;
custom,cuboid,stone2,1,11,29.5,0,1,1,1,4,2,-522.5,55,365,0,1,0,-1;
custom,cuboid,stone3,7,1,8,0,1,1,1,1,1,-350,-2,330,0,1,0,-1;
custom,cuboid,stone2,1,6,100,0,1,1,1,12,1,-675,80,-130,0,0,0,0;
custom,cuboid,stone2,1,11,28,0,1,1,1,4,2,-185,55,295,0,1,0,-1;
custom,cuboid,stone2,1,11,18,0,1,1,1,4,2,-465,55,295,0,1,0,-1;
custom,cylinder,stone2,4,3,4,0,1,1,1,1,1,-555,80,280,0,0,0,0;
custom,cuboid,stone3,10,1,93,0,1,1,1,1,10,-620,55,-170,0,0,0,0;
custom,cuboid,stone2,1,6,80,0,1,1,1,8,1,-570,80,-120,0,0,0,0;
custom,cuboid,stone2,1,6,100,0,1,1,1,12,1,-170,80,-635,0,1,0,1;
custom,cuboid,stone3,11,1,90,0,1,1,1,1,8,-120,55,-580,0,1,0,1;
custom,cuboid,stone2,1,6,90,0,1,1,1,12,1,-120,80,-525,0,1,0,1;
custom,cuboid,stone2,2.5,2.5,2.5,0,1,1,1,0.5,0.5,-635,70,-590,0,0,0,0;
custom,cuboid,stone2,2,6,6,0,1,1,1,1,1,-585,80,-540,0,0.414,0,1;
custom,cuboid,stone2,1,5,11,0,1,1,1,1,1,335,25,-580,0,0,0,0;
custom,cylinder,stone2,2,5.5,2,0,1,1,1,0.5,2,330,50,-580,0,1,1,0;
custom,cuboid,stone2,1,5,11,0,1,1,1,1,1,435,85,-580,0,0,0,0;
custom,cuboid,stone2,1,5,11,0,1,1,1,1,1,535,25,-580,0,0,0,0;
custom,cuboid,stone2,1,5,11,0,1,1,1,1,1,635,85,-580,0,0,0,0;
custom,cylinder,stone2,1,5.5,1,0,1,1,1,0.5,2,435,60,-580,0,1,1,0;
custom,cylinder,stone2,1,5.5,1,0,1,1,1,0.5,2,535,50,-580,0,1,1,0;
custom,cylinder,stone2,1,5.5,1,0,1,1,1,0.5,2,635,60,-580,0,1,1,0;
custom,cuboid,stone2,1,11,2,0,1,1,1,1,1,385,55,-535,0,0,0,0;
custom,cuboid,stone2,1,11,6,0,1,1,1,1,1,385,55,-605,0,0,0,0;
custom,cuboid,stone2,1,11,4,0,1,1,1,1,1,485,55,-545,0,0,0,0;
custom,cuboid,stone2,1,11,4,0,1,1,1,1,1,485,55,-615,0,0,0,0;
custom,cuboid,stone2,1,11,6,0,1,1,1,1,1,585,55,-555,0,0,0,0;
custom,cuboid,stone2,1,11,2,0,1,1,1,1,1,585,55,-625,0,0,0,0;
custom,cuboid,stone2,1,11,31,0,1,1,1,4,2,485,55,-525,0,1,0,1;
custom,cuboid,stone2,1,11,30,0,1,1,1,4,2,735,55,-485,0,0,0,0;
custom,cuboid,stone2,1,11,30,0,1,1,1,4,2,590,55,-330,0,1,0,-1;
custom,cuboid,stone2,1,11,14,0,1,1,1,1.5,1.5,645,55,-450,0,0,0,0;
custom,cylinder,stone2,2,5.5,2,0,1,1,1,1,2,640,55,-520,0,0,0,0;
custom,cuboid,stone2,1,11,41,0,1,1,1,4,2,535,55,-635,0,1,0,1;
custom,cuboid,stone2,1,11,20,0,1,1,1,2,1.5,540,55,-375,0,1,0,1;
custom,cylinder,stone2,2,5.5,2,0,1,1,1,1,2,640,55,-380,0,0,0,0;
custom,cuboid,stone2,3.5,5,1,0,1,1,1,0.5,0.5,445,85,-352.5,0,1,0,1;
custom,cuboid,stone2,8,4,1,0,1,1,1,1,1,690,20,-445,0,0,0,0;
custom,cuboid,stone2,8,4,1,0,1,1,1,1,1,690,90,-445,0,0,0,0;
custom,cuboid,stone2,2,3,1,0,1,1,1,0.5,0.5,660,55,-445,0,0,0,0;
custom,cuboid,stone2,2,3,1,0,1,1,1,0.5,0.5,720,55,-445,0,0,0,0;
custom,cuboid,stone2,2,6,1,0,1,1,1,0.5,1,435,30,-325,0,1,0,1;
custom,cuboid,stone2,3,6,1,0,1,1,1,0.5,1,435,30,-385,0,1,0,1;
custom,cuboid,stone2,1,6,10,0,1,1,1,1,1,380,30,-310,0,1,0,1;
custom,cylinder,stone2,5,3,5,0,1,1,1,1,1,330,30,-290,0,0,0,0;
custom,cuboid,stone2,1,6,20,0,1,1,1,2,1,430,30,-270,0,1,0,1;
custom,cuboid,stone2,1,6,30,0,1,1,1,4,1,535,30,-125,0,0,0,0;
custom,cuboid,stone2,1,6,20,0,1,1,1,4,1,330,30,-400,0,1,0,1;
custom,cuboid,stone2,1,6,19,0,1,1,1,4,1,235,30,-300,0,0,0,0;
custom,cuboid,stone2,1,6,24,0,1,1,1,4,1,350,30,-200,0,1,0,1;
custom,cuboid,stone2,1,6,30,0,1,1,1,4,1,475,30,-55,0,0,0,0;
custom,cuboid,stone2,1,6,10,0,1,1,1,2,1,520,30,100,0,1,0,1;
custom,cuboid,stone2,1,6,10,0,1,1,1,2,1,580,30,30,0,1,0,1;
custom,cuboid,stone2,1,6,20,0,1,1,1,2,1,635,30,125,0,0,0,0;
custom,cuboid,stone2,1,6,50,0,1,1,1,6,1,390,30,230,0,1,0,1;
custom,cuboid,stone2,1,6,8,0,1,1,1,1,1,575,30,135,0,0,0,0;
custom,cuboid,stone2,1,6,30,0,1,1,1,2,1,430,30,180,0,1,0,1;
custom,cylinder,stone2,10,3,10,0,1,1,1,2,1,280,30,135,0,0,0,0;
custom,cuboid,stone2,1,6,33,0,1,1,1,4,1,235,30,-30,0,0,0,0;
custom,cuboid,stone2,1,6,34,0,1,1,1,4,1,115,30,-405,0,1,0,-0.414;
custom,cuboid,stone2,1,6,28.5,0,1,1,1,4,1,45,30,-335,0,1,0,-0.414;
custom,cuboid,stone2,1,6,46,0,1,1,1,4,1,145,30,-5,0,0,0,0;
custom,cuboid,stone2,1,6,20,0,1,1,1,2,1,-155,30,-432.5,0,1,0,1;
custom,cuboid,stone2,1,2,14,0,1,1,1,1.5,0.5,-300,50,-480,0,1,0,-0.414;
custom,cuboid,stone2,1,2,14,0,1,1,1,1.5,0.5,-300,10,-480,0,1,0,-0.414;
custom,cuboid,stone2,1,5,14,0,1,1,1,1.5,0.5,-300,85,-480,0,1,0,-0.414;
custom,cuboid,stone2,1,2,5,0,1,1,1,1,0.5,-330,30,-510,0,1,0,-0.414;
custom,cuboid,stone2,1,2,5,0,1,1,1,1,0.5,-270,30,-450,0,1,0,-0.414;
custom,cuboid,stone2,1,11,81,0,1,1,1,8,1,-540,55,-115,0,0,0,0;
custom,cuboid,stone2,1,11,20,0,1,1,1,2,1,-435,55,-515,0,1,0,-1;
custom,cuboid,stone2,1.1,10.95,32,0,1,1,1,4,1,-140,55,-320,0,0.414,0,1;
custom,cuboid,stone2,1,11,53,0,1,1,1,4,1,-60,55,25,0,0,0,0;
custom,cuboid,stone2,1,5,33,0,1,1,1,4,1,-170,25,-525,0,1,0,1;
custom,cylinder,stone2,34,5.5,34,0,1,1,1,8,1,-325,55,-60,0,0,0,0;
custom,cylinder,stone2,34,5.51,34,0,1,1,1,8,1,-325,55,-60,0,1,0,0.414;
custom,cylinder,stone3,44,0.5,44,0,1,1,1,8,8,-325,55,-60,0,0,0,0;
custom,cylinder,stone2,44.1,0.5,44.1,0,1,1,1,16,0.25,-325,54.49,-60,0,0,0,0;
custom,cylinder,stone2,44,0.5,44,0,1,1,1,8,8,-325,54.48,-60,0,0,0,0;
custom,cuboid,stone3,5.25,1.1,13.5,0,1,1,1,1,2,-90,55,-60,0,0,0,0;
custom,cuboid,stone2,6,5.95,1,0,1,1,1,4,0.5,-90,30,10,0,0,0,0;
custom,cuboid,stone2,6,5.5,1,0,1,1,1,4,0.5,-90,27.5,20,0,0,0,0;
custom,cuboid,stone2,6,5,1,0,1,1,1,4,0.5,-90,25,30,0,0,0,0;
custom,cuboid,stone2,6,4.5,1,0,1,1,1,4,0.5,-90,22.5,40,0,0,0,0;
custom,cuboid,stone2,6,4,1,0,1,1,1,4,0.5,-90,20,50,0,0,0,0;
custom,cuboid,stone2,6,3.5,1,0,1,1,1,4,0.5,-90,17.5,60,0,0,0,0;
custom,cuboid,stone2,6,3,1,0,1,1,1,4,0.5,-90,15,70,0,0,0,0;
custom,cuboid,stone2,6,2.5,1,0,1,1,1,4,0.5,-90,12.5,80,0,0,0,0;
custom,cuboid,stone2,6,2,1,0,1,1,1,4,0.5,-90,10,90,0,0,0,0;
custom,cuboid,stone2,6,1.5,1,0,1,1,1,4,0.5,-90,7.5,100,0,0,0,0;
custom,cuboid,stone2,6,1,1,0,1,1,1,4,0.5,-90,5,110,0,0,0,0;
custom,cuboid,stone2,6,0.5,1,0,1,1,1,4,0.5,-90,2.5,120,0,0,0,0;
custom,cuboid,stone3,5,0.99,200,0,1,1,1,1,32,-350,55,1150,0,0,0,0;
custom,cuboid,stone2,5,0.99,200,0,1,1,1,1,32,-350,54.8,1150,0,0,0,0;
custom,cuboid,stone2,5.05,0.99,200,0,1,1,1,32,0.25,-350,54.9,1150,0,0,0,0;
custom,cuboid,stone2,1,11,178,0,1,1,1,24,2,-380,55,1260,0,0,0,0;
custom,cuboid,stone2,1,11,178,0,1,1,1,24,2,-320,55,1260,0,0,0,0;
custom,cuboid,stone2,1,5,8,0,1,1,1,2,1,-370,85,330,0,0,0,0;
custom,cuboid,stone2,1,5,8,0,1,1,1,2,1,-330,85,330,0,0,0,0;
custom,cylinder,stone2,1,5.5,1,0,1,1,1,1,4,-503,55,69,0,0,0,0;
custom,cylinder,stone2,1,5.5,1,0,1,1,1,1,4,-454,55,118,0,0,0,0;
custom,cylinder,stone2,1,5.5,1,0,1,1,1,1,4,-392,55,148,0,0,0,0;
custom,cylinder,stone2,1,5.5,1,0,1,1,1,1,4,-325,55,161,0,0,0,0;
custom,cylinder,stone2,1,5.5,1,0,1,1,1,1,4,-257,55,150,0,0,0,0;
custom,cylinder,stone2,1,5.5,1,0,1,1,1,1,4,-196,55,117,0,0,0,0;
custom,cylinder,stone2,1,5.5,1,0,1,1,1,1,4,-147,55,69,0,0,0,0;
custom,cylinder,stone2,1,5.5,1,0,1,1,1,1,4,-196,55,-238,0,0,0,0;
custom,cylinder,stone2,1,5.5,1,0,1,1,1,1,4,-257,55,-270,0,0,0,0;
custom,cylinder,stone2,1,5.5,1,0,1,1,1,1,4,-325,55,-280,0,0,0,0;
custom,cylinder,stone2,1,5.5,1,0,1,1,1,1,4,-394,55,-269,0,0,0,0;
custom,cylinder,stone2,1,5.5,1,0,1,1,1,1,4,-454,55,-238,0,0,0,0;
custom,cylinder,stone2,1,5.5,1,0,1,1,1,1,4,-503,55,-188,0,0,0,0;
custom,cylinder,stone2,1,5.5,1,0,1,1,1,1,4,-147,55,-190,0,0,0,0;
custom,cuboid,stone2,1,11,16,0,1,1,1,2,1,-120,55,90,0,0,0,0;
custom,cylinder,stone2,1,5.51,1,0,1,1,1,0.5,1,-120,55,10,0,0,0,0;
custom,cylinder,stone2,1,5.51,1,0,1,1,1,0.5,1,-120,55,170,0,0,0,0;
custom,cuboid,stone2,6,11.1,1,0,1,1,1,1,2,-85,55,-125,0,0,0,0;
custom,cylinder,stone2,1,5.5,1,0,1,1,1,0.5,1,-115,55,-125,0,0,0,0;
custom,cuboid,stone2,6,5,1,0,1,1,1,1,1,-145,25,-125,0,0,0,0;
custom,cuboid,stone2,6,5,1,0,1,1,1,1,1,-150,25,10,0,0,0,0;
custom,cylinder,stone2,47,0.51,47,0,1,1,1,8,8,-325,110,-60,0,0,0,0;
custom,cylinder,stone2,47.1,0.5,47.1,0,1,1,1,16,0.25,-325,110,-60,0,0,0,0;
custom,cuboid,stone2,5,5,1,0,1,1,1,1,1,-350,25,295,0,0,0,0;
custom,cuboid,stone2,5,5,1,0,1,1,1,1,1,-350,25,365,0,0,0,0;
custom,cuboid,stone2,2,6.1,2,0,1,1,1,0.5,1,-55,30,-435,0,0.414,0,-1;
custom,cuboid,stone2,2,6.1,2,0,1,1,1,0.5,1,145,30,-235,0,1,0,-0.414;
custom,cylinder,stone2,2,5.5,2,0,1,1,1,1,4,-325,55,290,0,0,0,0;
custom,cylinder,stone2,2,5.5,2,0,1,1,1,1,4,-375,55,290,0,0,0,0;
custom,cylinder,stone2,1,5.5,1,0,1,1,1,1,4,-325,55,245,0,0,0,0;
custom,cylinder,stone2,1,5.5,1,0,1,1,1,1,4,-375,55,245,0,0,0,0;
custom,cylinder,stone2,1,5.5,1,0,1,1,1,1,4,-325,55,205,0,0,0,0;
custom,cylinder,stone2,1,5.5,1,0,1,1,1,1,4,-375,55,205,0,0,0,0;
custom,cylinder,stone2,1,5.5,1,0,1,1,1,1,4,-375,55,152.5,0,0,0,0;
custom,cuboid,stone2,8,0.9,13.98,0,1,1,1,1,2,-350,110,230,0,0,0,0;
custom,cuboid,stone2,8.1,0.89,13.99,0,1,1,1,1,0.25,-350,110,230,0,0,0,0;
custom,cuboid,stone2,4.99,1,7,0,1,1,1,1,1,-350,110,335,0,0,0,0;
custom,cylinder,stone2,1,2.95,1,0,1,1,1,1,1,-330,85,370,0,0,0,0;
custom,cylinder,stone2,1,2.95,1,0,1,1,1,1,1,-370,85,370,0,0,0,0;
custom,cylinder,stone2,1,2.49,1,0,1,1,1,1,1,-350,110,370,-0.5,0.5,-0.5,-0.5;
custom,cuboid,ice1,14,0.5,12,0,1,1,1,2,2,-465,2.5,230,0,0,0,0;
custom,cuboid,metal1,14.1,0.5,12.1,0,1,1,1,0.01,0.01,-465,2.4,230,0,0,0,0;
custom,cuboid,ice1,12,0.5,12,0,1,1,1,2,2,-250,2.5,230,0,0,0,0;
custom,cuboid,metal1,12.1,0.5,12.1,0,1,1,1,0.01,0.01,-250,2.4,230,0,0,0,0;
custom,cuboid,ice1,2.5,0.5,12,0,1,1,1,0.5,2,-350,2.5,230,0,0,0,0;
custom,cuboid,metal1,2.6,0.5,12.1,0,1,1,1,0.01,0.01,-350,2.4,230,0,0,0,0;
custom,cuboid,ice1,14,0.5,12,0,1,1,1,2,2,-465,2.5,-450,0,0,0,0;
custom,cuboid,metal1,14.1,0.5,12.1,0,1,1,1,0.01,0.01,-465,2.4,-450,0,0,0,0;
custom,cuboid,ice1,10,0.5,8,0,1,1,1,1,1,-485,2.5,-330,0,0,0,0;
custom,cuboid,metal1,10.1,0.5,8.1,0,1,1,1,0.01,0.01,-485,2.4,-330,0,0,0,0;
custom,cuboid,ice1,4,0.5,4,0,1,1,1,0.5,0.5,-515,2.5,-250,0,0,0,0;
custom,cuboid,metal1,4.1,0.5,4.1,0,1,1,1,0.01,0.01,-515,2.4,-250,0,0,0,0;
custom,cuboid,ice1,3,0.5,4,0,1,1,1,0.5,0.5,-365,2.5,-490,0,0,0,0;
custom,cuboid,metal1,3.1,0.5,4.1,0,1,1,1,0.01,0.01,-365,2.4,-490,0,0,0,0;
custom,cuboid,ice1,6,0.5,30,0,1,1,1,0.75,3,-190,2.5,-320,0,0.414,0,1;
custom,cuboid,metal1,6.1,0.5,30.1,0,1,1,1,0.01,0.01,-190,2.4,-320,0,0.414,0,1;
custom,cylinder,ice1,8,0.25,8,0,1,1,1,1,1,-355,2.5,-335,0,0,0,0;
custom,cylinder,metal1,8.1,0.25,8.1,0,1,1,1,0.01,0.01,-355,2.4,-335,0,0,0,0;
custom,cylinder,ice1,6,0.25,6,0,1,1,1,1,1,-495,2.5,125,0,0,0,0;
custom,cylinder,metal1,6.1,0.25,6.1,0,1,1,1,0.01,0.01,-495,2.4,125,0,0,0,0;
custom,cylinder,ice1,7,0.25,7,0,1,1,1,1,1,-125,2.5,230,0,0,0,0;
custom,cylinder,metal1,7.1,0.25,7.1,0,1,1,1,0.01,0.01,-125,2.4,230,0,0,0,0;
custom,cuboid,ice1,3,0.5,3,0,1,1,1,0.5,0.5,-165,2.5,140,0,1,0,-0.414;
custom,cuboid,metal1,3.1,0.5,3.1,0,1,1,1,0.01,0.01,-165,2.4,140,0,1,0,-0.414;
custom,cylinder,ice1,37,0.25,37,1,0.2,0.1,0,8,8,-325,2.5,-60,0,0,0,0;
custom,cylinder,metal1,37.1,0.25,37.1,0,1,1,1,0.01,0.01,-325,2.4,-60,0,0,0,0;
custom,cylinder,stone2,8,3,8,0,1,1,1,2,1,-575,80,180,0,0,0,0;
custom,cylinder,stone2,8,3,8,0,1,1,1,2,1,-670,80,100,0,0,0,0;
custom,cylinder,stone2,4,3,4,0,1,1,1,2,1,-622.5,80,20,0,0,0,0;
custom,cylinder,stone2,6,3,6,0,1,1,1,2,1,-575,80,-30,0,0,0,0;
custom,cylinder,stone2,6,3,6,0,1,1,1,2,1,-670,80,-90,0,0,0,0;
custom,cylinder,stone2,3,3,3,0,1,1,1,2,1,-622.5,80,-150,0,0,0,0;
custom,cylinder,stone2,4,3,4,0,1,1,1,1,1,-575,80,-185,0,0,0,0;
custom,cylinder,stone2,4,3,4,0,1,1,1,1,1,-670,80,-225,0,0,0,0;
custom,cylinder,stone2,2,3,2,0,1,1,1,1,1,-622.5,80,-265,0,0,0,0;
custom,cylinder,stone2,10,0.95,14,0,1,1,1,2,0.25,-622.5,100.5,-400,0,0,0,0;
custom,cylinder,stone2,10,1.45,14,0,1,1,1,2,0.25,-622.5,64.5,-400,0,0,0,0;
custom,cylinder,stone2,10,0.05,14,0,1,1,1,2,2,-622.5,79.5,-400,0,0,0,0;
custom,cylinder,stone2,10,0.05,14,0,1,1,1,2,2,-622.5,90.5,-400,0,0,0,0;
custom,cylinder,stone2,10,0.05,14,0,1,1,1,2,2,-622.5,110.5,-400,0,0,0,0;
custom,cuboid,stone2,1,6,1,0,1,1,1,0.5,1,255,80,-535,0,1,0,1;
custom,cuboid,stone2,1,6,1,0,1,1,1,0.5,1,55,80,-535,0,1,0,1;
custom,cuboid,stone2,1,6,1,0,1,1,1,0.5,1,-145,80,-535,0,1,0,1;
custom,cuboid,stone2,1,6,1,0,1,1,1,0.5,1,-345,80,-535,0,1,0,1;
custom,cuboid,stone2,1,6,1,0,1,1,1,0.5,1,-545,80,-535,0,1,0,1;
custom,cuboid,stone2,1,6,1,0,1,1,1,0.5,1,-645,80,-625,0,1,0,1;
custom,cuboid,stone2,1,6,1,0,1,1,1,0.5,1,-445,80,-625,0,1,0,1;
custom,cuboid,stone2,1,6,1,0,1,1,1,0.5,1,-245,80,-625,0,1,0,1;
custom,cuboid,stone2,1,6,1,0,1,1,1,0.5,1,-45,80,-625,0,1,0,1;
custom,cuboid,stone2,1,6,1,0,1,1,1,0.5,1,155,80,-625,0,1,0,1;
custom,cuboid,stone2,1,8,0.9,0,1,1,1,0.25,1,-345,77.5,-565,0.414,1,0.414,1;
custom,cuboid,stone2,1,8,0.9,0,1,1,1,0.25,1,55,77.5,-565,0.414,1,0.414,1;
custom,cuboid,stone2,1,8,0.9,0,1,1,1,0.25,1,-445,77.5,-595,0.414,1,-0.414,-1;
custom,cuboid,stone2,1,8,0.9,0,1,1,1,0.25,1,-45,77.5,-595,0.414,1,-0.414,-1;
custom,cuboid,stone2,1,1,9,0,1,1,1,2,0.5,-545,105,-585,0,0,0,0;
custom,cuboid,stone2,1,1,9,0,1,1,1,2,0.5,-245,95,-575,0,0,0,0;
custom,cuboid,stone2,1,1,9,0,1,1,1,2,0.5,-145,75,-585,0,0,0,0;
custom,cuboid,stone2,1,1,9,0,1,1,1,2,0.5,155,65,-575,0,0,0,0;
custom,cuboid,stone2,1,6,1,0,1,1,1,0.5,1,290,80,-580,0,0,0,0;
custom,cuboid,stone2,1,6,1,0,1,1,1,0.5,1,190,80,-590,0,0,0,0;
custom,cuboid,stone2,1,6,1,0,1,1,1,0.5,1,190,80,-570,0,0,0,0;
custom,cuboid,stone2,1,6,1,0,1,1,1,0.5,1,90,80,-580,0,0,0,0;
custom,cuboid,stone2,1,6,1,0,1,1,1,0.5,1,-10,80,-600,0,0,0,0;
custom,cuboid,stone2,1,6,1,0,1,1,1,0.5,1,-10,80,-560,0,0,0,0;
custom,cuboid,stone2,1,6,1,0,1,1,1,0.5,1,-110,80,-580,0,0,0,0;
custom,cuboid,stone2,1,6,1,0,1,1,1,0.5,1,-210,80,-610,0,0,0,0;
custom,cuboid,stone2,1,6,1,0,1,1,1,0.5,1,-210,80,-550,0,0,0,0;
custom,cuboid,stone2,1,6,1,0,1,1,1,0.5,1,-310,80,-580,0,0,0,0;
custom,cylinder,stone2,1,4.5,1,0,1,1,1,0.25,1,272.5,30,-290,0,0,0.52,1;
custom,cylinder,stone2,1,4.5,1,0,1,1,1,0.25,1,272.5,30,-290,0,0,-0.52,1;
custom,cylinder,stone2,1,4.5,1,0,1,1,1,0.5,1,475,30,-235,-0.52,0,0,1;
custom,cylinder,stone2,1,3.5,1,0,1,1,1,0.5,1,505,30,-200,0,0,0.52,1;
custom,cylinder,stone2,1,8,1,0,1,1,1,0.125,2,555,30,65,0.5,0.5,-0.5,0.5;
custom,cylinder,stone2,1,3,1,0,1,1,1,0.5,1,605,30,140,0,0,0,0;
custom,cuboid,stone2,1.5,12,1.5,0,1,1,1,0.25,1,80,100,-370,0,0,0,0;
custom,cuboid,stone2,1,15,1,0,1,1,1,0.25,1,80,50,-370,0,0,0.414,1;
custom,cuboid,stone2,1,15,1,0,1,1,1,0.25,1,80,50,-370,0,0,-0.414,1;
custom,cuboid,stone2,1,15,1,0,1,1,1,0.25,1,80,50,-370,0,0.414,1,0;
custom,cuboid,stone2,1,15,1,0,1,1,1,0.25,1,80,50,-370,0,-0.414,1,0;
custom,cuboid,stone2,1.5,7.15,1.49,0,1,1,1,0.5,1,170,30,-40,0,0,0.414,1;
custom,cuboid,stone2,1.5,7.15,1.51,0,1,1,1,0.5,1,210,30,-40,0,0,-0.414,1;
custom,cuboid,stone2,1.5,7.15,1.48,0,1,1,1,0.5,1,210,30,-40,0,0,0.414,1;
custom,cuboid,stone2,1.5,7.15,1.52,0,1,1,1,0.5,1,170,30,-40,0,0,-0.414,1;
custom,cuboid,stone2,5.02,5.02,5.02,0,1,1,1,1,1,-465,30,-450,0,0,0,0;
custom,cuboid,stone2,4.98,4.98,4.98,0,1,1,1,1,1,-465,30,-450,0,1,0.414,0;
custom,cuboid,stone2,5.01,5.01,5.01,0,1,1,1,1,1,-465,30,-450,0,0,0.414,1;
custom,cuboid,stone2,4.99,4.99,4.99,0,1,1,1,1,1,-465,30,-450,0,0.414,0,1;
custom,cuboid,stone2,1,5,1,0,1,1,1,0.5,2,-465,30,230,0,0,0,0;
custom,cuboid,stone2,1.5,1.5,1.5,0,1,1,1,0.5,0.5,-465,65,230,0.414,0,-0.414,1;
custom,cuboid,stone2,5,1,1,0,1,1,1,2,0.5,-250,10,230,0,0,0,0;
custom,cuboid,stone2,4,1,1,0,1,1,1,2,0.5,-250,10,250,0,0,0,0;
custom,cuboid,stone2,4,1,1,0,1,1,1,2,0.5,-250,10,210,0,0,0,0;
custom,cuboid,stone2,2,1,1,0,1,1,1,1,0.5,-250,10,265,0,0,0,0;
custom,cuboid,stone2,2,1,1,0,1,1,1,1,0.5,-250,10,195,0,0,0,0;
custom,cuboid,stone2,1,1,0.5,0,1,1,1,0.5,0.5,-350,10,280,0,0,0.414,1;
custom,cuboid,stone2,1,1,0.5,0,1,1,1,0.5,0.5,-350,10,270,0,0,0.414,1;
custom,cuboid,stone2,1,1,0.5,0,1,1,1,0.5,0.5,-350,10,260,0,0,0.414,1;
custom,cuboid,stone2,1,1,0.5,0,1,1,1,0.5,0.5,-350,10,250,0,0,0.414,1;
custom,cuboid,stone2,1,1,0.5,0,1,1,1,0.5,0.5,-350,10,240,0,0,0.414,1;
custom,cuboid,stone2,1,1,0.5,0,1,1,1,0.5,0.5,-350,10,230,0,0,0.414,1;
custom,cuboid,stone2,1,1,0.5,0,1,1,1,0.5,0.5,-350,10,220,0,0,0.414,1;
custom,cuboid,stone2,1,1,0.5,0,1,1,1,0.5,0.5,-350,10,210,0,0,0.414,1;
custom,cuboid,stone2,1,1,0.5,0,1,1,1,0.5,0.5,-350,10,200,0,0,0.414,1;
custom,cuboid,stone2,1,1,0.5,0,1,1,1,0.5,0.5,-350,10,190,0,0,0.414,1;
custom,cuboid,stone2,1,1,0.5,0,1,1,1,0.5,0.5,-350,10,180,0,0,0.414,1;
custom,pyramid,stone2,4,2,2,0,1,1,1,1,1,-485,20,-330,0,0,0,0;
custom,torus,stone2,3,3,3,0,1,1,1,2,2,-515,5,-248.5,0,0,0,0;
custom,pyramid,stone2,0.5,3,0.5,0,1,1,1,0.5,1,-515,30,-250,0,0,0,0;
custom,cuboid,stone2,1.5,1.5,1.5,0,1,1,1,0.5,0.5,-365,12.5,-500,0,0,0,0;
custom,cuboid,stone2,1.25,1.25,1.25,0,1,1,1,0.5,0.5,-365,10,-490,0,0,0,0;
custom,cuboid,stone2,1,1,1,0,1,1,1,0.5,0.5,-365,7.5,-480,0,0,0,0;
custom,cuboid,stone2,2,2,2,0,1,1,1,0.5,0.5,-110,15,-240,0,0.414,0,1;
custom,cuboid,stone2,2,2,2,0,1,1,1,0.5,0.5,-130,15,-260,0,0,0,0;
custom,cuboid,stone2,2,2,2,0,1,1,1,0.5,0.5,-150,15,-280,0,0.414,0,1;
custom,cuboid,stone2,2,2,2,0,1,1,1,0.5,0.5,-170,15,-300,0,0,0,0;
custom,cuboid,stone2,2,2,2,0,1,1,1,0.5,0.5,-190,15,-320,0,0.414,0,1;
custom,cuboid,stone2,2,2,2,0,1,1,1,0.5,0.5,-210,15,-340,0,0,0,0;
custom,cuboid,stone2,2,2,2,0,1,1,1,0.5,0.5,-230,15,-360,0,0.414,0,1;
custom,cuboid,stone2,2,2,2,0,1,1,1,0.5,0.5,-250,15,-380,0,0,0,0;
custom,cuboid,stone2,2,2,2,0,1,1,1,0.5,0.5,-270,15,-400,0,0.414,0,1;
custom,cuboid,stone2,1,1,1,0,1,1,1,0.5,0.5,-355,10,-335,0,0.414,0,1;
custom,cuboid,stone2,1,1,1,0,1,1,1,0.5,0.5,-355,15,-335,0.414,0,-0.414,1;
custom,cuboid,stone2,1,1,1,0,1,1,1,0.5,0.5,-355,20,-335,0,0,0,0;
custom,cuboid,stone2,1,1,1,0,1,1,1,0.5,0.5,-355,25,-335,-0.414,0,-0.414,1;
custom,cuboid,stone2,1,1,1,0,1,1,1,0.5,0.5,-355,30,-335,0,0.414,0,1;
custom,cuboid,stone2,1,1,1,0,1,1,1,0.5,0.5,-355,35,-335,0.414,0,-0.414,1;
custom,cuboid,stone2,1,1,1,0,1,1,1,0.5,0.5,-355,40,-335,0,0,0,0;
custom,cuboid,stone2,1,1,1,0,1,1,1,0.5,0.5,-355,45,-335,-0.414,0,-0.414,1;
custom,cuboid,stone2,1,1,1,0,1,1,1,0.5,0.5,-355,50,-335,0,0.414,0,1;
custom,cuboid,stone2,1,1,1,0,1,1,1,0.5,0.5,-355,55,-335,0.414,0,-0.414,1;
custom,cuboid,stone2,1,1,1,0,1,1,1,0.5,0.5,-355,60,-335,0,0,0,0;
custom,cuboid,stone2,1,1,1,0,1,1,1,0.5,0.5,-355,65,-335,-0.414,0,-0.414,1;
custom,cuboid,stone2,1,1,1,0,1,1,1,0.5,0.5,-355,70,-335,0,0.414,0,1;
custom,cuboid,stone2,1,1,1,0,1,1,1,0.5,0.5,-355,75,-335,0.414,0,-0.414,1;
custom,cuboid,stone2,1,1,1,0,1,1,1,0.5,0.5,-355,80,-335,0,0,0,0;
custom,cuboid,stone2,1,1,1,0,1,1,1,0.5,0.5,-355,85,-335,-0.414,0,-0.414,1;
custom,cuboid,stone2,1.5,1.5,1.5,0,1,1,1,0.5,0.5,-465,65,230,0.414,0,-0.414,1;
custom,cuboid,stone2,3,0.1,3,0,1,1,1,0.5,0.25,-495,5.5,125,0,0,0,0;
custom,cuboid,stone2,2.5,0.1,2.5,0,1,1,1,0.5,0.25,-495,6.5,125,0,0.414,0,1;
custom,cuboid,stone2,2,0.1,2,0,1,1,1,0.5,0.25,-495,7.5,125,0,0,0,0;
custom,cuboid,stone2,1.5,0.1,1.5,0,1,1,1,0.5,0.25,-495,8.5,125,0,0.414,0,1;
custom,cuboid,stone2,1,0.1,1,0,1,1,1,0.5,0.25,-495,9.5,125,0,0,0,0;
custom,cuboid,stone2,0.5,0.1,0.5,0,1,1,1,0.5,0.25,-495,10.5,125,0,0.414,0,1;
custom,cuboid,stone2,0.1,0.5,0.1,0,1,1,1,0.5,0.5,-495,11.5,125,0,0,0,0;
custom,cuboid,stone2,0.5,7,0.5,0,1,1,1,0.25,2,-150,40,230,0,0,0,0;
custom,cuboid,stone2,0.5,7,0.5,0,1,1,1,0.25,2,-100,40,230,0,0,0,0;
custom,cuboid,stone2,0.5,7,0.5,0,1,1,1,0.25,2,-125,40,205,0,0,0,0;
custom,cuboid,stone2,0.5,7,0.5,0,1,1,1,0.25,2,-125,40,255,0,0,0,0;
custom,cylinder,stone2,8,0.25,8,0,1,1,1,1,1,-125,75,230,0,0,0,0;
custom,cylinder,stone2,7,0.25,7,0,1,1,1,1,1,-125,80,230,0,0,0,0;
custom,cylinder,stone2,4,0.25,4,0,1,1,1,1,1,-125,85,230,0,0,0,0;
custom,cuboid,stone2,0.5,4,0.5,0,1,1,1,0.5,2,-165,20,140,0,1,0,-0.414;
custom,cylinder,stone2,0.5,3,0.5,0,1,1,1,0.5,2,-165,30,140,0,1,0,-0.414;
custom,cuboid,stone2,0.49,0.5,1,0,1,1,1,0.5,0.5,-165,10,140,0,1,0,-0.414;
custom,cuboid,stone2,0.49,0.5,2,0,1,1,1,1,0.5,-165,15,140,0,1,0,-0.414;
custom,cuboid,stone2,0.49,0.5,3,0,1,1,1,2,0.5,-165,20,140,0,1,0,-0.414;
custom,cuboid,stone2,0.49,0.5,2.5,0,1,1,1,2,0.5,-165,25,140,0,1,0,-0.414;
custom,cuboid,stone2,3,3,34,0,1,1,1,0.5,4.5,-150,-4,-520,0.2,0.6,0.2,0.6;
custom,cuboid,stone2,2,11,1,0,1,1,1,0.5,2,-318,55,-515,0,1,0,-0.5;
custom,cuboid,stone2,2,2,2,0,1,1,1,0.5,0.5,-15,70,50,0,0,0,0;
custom,cuboid,stone2,2,2,2,0,1,1,1,0.5,0.5,15,70,150,0,0,0,0;
custom,cuboid,stone2,2,3,2,0,1,1,1,0.5,0.5,-15,75,250,0,0,0,0;
custom,cuboid,stone2,2,3,2,0,1,1,1,0.5,0.5,-170,75,350,0,0,0,0;
custom,cuboid,stone2,2,3,2,0,1,1,1,0.5,0.5,-600,75,350,0,0,0,0;
custom,cuboid,stone2,2,3,2,0,1,1,1,0.5,0.5,160,15,180,0,0,0,0;
custom,cuboid,stone2,2,2,2,0,1,1,1,0.5,0.5,190,10,-250,0,1,0,0.414;
custom,cuboid,stone2,0.5,5,4,0,1,1,1,0.5,0.5,-350,82.5,350,0,0,0,0;
custom,cuboid,stone2,4,0.5,4,0,1,1,1,0.5,0.5,-350,82.5,350,0,0,0,0;
custom,cylinder,stone2,0.5,2.5,0.5,0,1,1,1,0.5,1,-350,82.5,330,0,0,0,0;
custom,cylinder,stone2,0.5,2.5,0.5,0,1,1,1,0.5,1,-350,82.5,370,0,0,0,0;
custom,cylinder,stone2,0.5,2,0.5,0,1,1,1,0.5,1,-350,82.5,330,0,0,-1,1;
custom,cylinder,stone2,0.5,2,0.5,0,1,1,1,0.5,1,-350,82.5,370,0,0,-1,1;
custom,cuboid,stone2,1.5,6,4,0,1,1,1,0.5,1,-367.5,80,650,0,0,0,0;
custom,cuboid,stone2,1.5,6,4,0,1,1,1,0.5,1,-332.5,80,650,0,0,0,0;
custom,cuboid,stone2,1,7,4,0,1,1,1,0.5,1,-350,85,1050,0,0,0.5,1;
custom,cuboid,stone2,1,7,4,0,1,1,1,0.5,1,-350,85,1050,0,0,-0.5,1;
custom,cylinder,stone2,1,3.5,1,0,1,1,1,0.5,1,-350,85,1030,0,0,-0.5,1;
custom,cylinder,stone2,1,3.5,1,0,1,1,1,0.5,1,-350,85,1030,0,0,0.5,1;
custom,cylinder,stone2,1,3.5,1,0,1,1,1,0.5,1,-350,85,1070,0,0,-0.5,1;
custom,cylinder,stone2,1,3.5,1,0,1,1,1,0.5,1,-350,85,1070,0,0,0.5,1;
custom,cuboid,stone2,3,6,4,0,1,1,1,0.5,1,-350,80,1450,0,0,0,0;
custom,cuboid,stone2,2,6,4,0,1,1,1,1,1,-365,80,2130,0,0,0,0;
custom,cuboid,stone2,2,6,4,0,1,1,1,1,1,-335,80,2130,0,0,0,0;
custom,cuboid,stone2,1,2,4,0,1,1,1,0.5,0.5,-350,70,2130,0,0,0,0;
custom,cuboid,stone2,1,2,4,0,1,1,1,0.5,0.5,-350,100,2130,0,0,0,0;
custom,cuboid,stone2,16,7,4,0,1,1,1,1,0.5,-350,35,2170,0,0,0,0;
custom,cuboid,stone2,24,6.5,4,0,1,1,1,2,0.5,-350,32.5,2210,0,0,0,0;
custom,cuboid,stone2,32,6,4,0,1,1,1,4,0.5,-350,30,2250,0,0,0,0;
custom,cuboid,stone2,40,5.5,4,0,1,1,1,6,0.5,-350,27.5,2290,0,0,0,0;
custom,cuboid,stone2,48,5,4,0,1,1,1,8,0.5,-350,25,2330,0,0,0,0;
custom,cuboid,stone2,56,4.5,4,0,1,1,1,10,0.5,-350,22.5,2370,0,0,0,0;
custom,cuboid,stone2,64,4,4,0,1,1,1,12,0.5,-350,20,2410,0,0,0,0;
custom,cuboid,stone2,72,3.5,4,0,1,1,1,14,0.5,-350,17.5,2450,0,0,0,0;
custom,cuboid,stone2,80,3,4,0,1,1,1,16,0.5,-350,15,2490,0,0,0,0;
custom,cuboid,stone2,2,10,80,0,1,1,1,8,1,-40,60,2425,0,0.414,0,1;
custom,cuboid,stone2,2,10,80,0,1,1,1,8,1,-660,60,2425,0,-0.414,0,1;
custom,cuboid,stone2,2,10,80,0,1,1,1,8,1,-660,60,2925,0,0.414,0,1;
custom,cuboid,stone2,2,10,80,0,1,1,1,8,1,-40,60,2925,0,-0.414,0,1;
custom,cuboid,stone2,110,3,1,0,1,1,1,16,1,-350,15,2715,0,0,0,0;
custom,cuboid,stone2,110,2.5,1,0,1,1,1,16,0.25,-350,12.5,2725,0,0,0,0;
custom,cuboid,stone2,110,2,1,0,1,1,1,16,0.25,-350,10,2735,0,0,0,0;
custom,cuboid,stone2,110,1.5,1,0,1,1,1,16,0.25,-350,7.5,2745,0,0,0,0;
custom,cuboid,stone2,110,1.5,1,0,1,1,1,16,1,-350,5,2755,0,0,0,0;
custom,cuboid,stone2,5,8,0.5,0,1,1,1,1,1,-425,45,2925,0,1,0,1;
custom,cuboid,stone2,5,8,0.5,0,1,1,1,1,1,-275,45,2925,0,1,0,1;
custom,cuboid,stone2,5,0.5,15.5,0,1,1,1,1,2,-350,87.5,2925,0,1,0,1;
custom,cuboid,stone2,1,10,1,0,1,1,1,0.25,1,-425,55,2900,0,0.414,0,1;
custom,cuboid,stone2,1,10,1,0,1,1,1,0.25,1,-275,55,2900,0,0.414,0,1;
custom,cuboid,stone2,1,10,1,0,1,1,1,0.25,1,-425,55,2950,0,0.414,0,1;
custom,cuboid,stone2,1,10,1,0,1,1,1,0.25,1,-275,55,2950,0,0.414,0,1;
custom,cuboid,stone2,18,1,1,0,1,1,1,2,0.075,-350,90,2900,0.414,0,0,1;
custom,cuboid,stone2,18,1,1,0,1,1,1,2,0.075,-350,90,2950,0.414,0,0,1;
custom,cuboid,stone2,8,1,1,0,1,1,1,1,0.25,-425,90,2925,0.414,1,-0.414,1;
custom,cuboid,stone2,8,1,1,0,1,1,1,1,0.25,-275,90,2925,0.414,1,-0.414,1;
custom,cuboid,stone2,1,0.2,2,0,1,1,1,0.01,0.01,-425,141,3225,0,1,0,1;
custom,cuboid,stone2,1,0.2,2,0,1,1,1,0.01,0.01,-425,150,3225,0,1,0,1;
custom,cuboid,stone2,1,0.2,2,0,1,1,1,0.01,0.01,-425,159,3225,0,1,0,1;
custom,cuboid,stone2,0.2,0.7,1,0,1,1,1,0.01,0.01,-434,145.5,3225,0,0,0,0;
custom,cuboid,stone2,0.2,0.7,1,0,1,1,1,0.01,0.01,-434,154.5,3225,0,0,0,0;
custom,cuboid,stone2,1,0.2,2,0,1,1,1,0.01,0.01,-395,141,3225,0,1,0,1;
custom,cuboid,stone2,0.2,1.8,1,0,1,1,1,0.01,0.01,-404,151,3225,0,0,0,0;
custom,cuboid,stone2,1,0.2,2,0,1,1,1,0.01,0.01,-365,141,3225,0,1,0,1;
custom,cuboid,stone2,1,0.2,2,0,1,1,1,0.01,0.01,-365,159,3225,0,1,0,1;
custom,cuboid,stone2,0.2,1.6,1,0,1,1,1,0.01,0.01,-365,150,3225,0,0,0,0;
custom,cuboid,stone2,1,0.2,2,0,1,1,1,0.01,0.01,-335,141,3225,0,1,0,1;
custom,cuboid,stone2,1,0.2,2,0,1,1,1,0.01,0.01,-335,159,3225,0,1,0,1;
custom,cuboid,stone2,0.2,1.6,1,0,1,1,1,0.01,0.01,-326,150,3225,0,0,0,0;
custom,cuboid,stone2,0.2,1.6,1,0,1,1,1,0.01,0.01,-344,150,3225,0,0,0,0;
custom,cuboid,stone2,1,0.2,2,0,1,1,1,0.01,0.01,-305,159,3225,0,1,0,1;
custom,cuboid,stone2,1,0.2,2,0,1,1,1,0.01,0.01,-305,150,3225,0,1,0,1;
custom,cuboid,stone2,0.2,0.7,1,0,1,1,1,0.01,0.01,-314,154.5,3225,0,0,0,0;
custom,cuboid,stone2,0.2,0.7,1,0,1,1,1,0.01,0.01,-296,154.5,3225,0,0,0,0;
custom,cuboid,stone2,0.2,0.9,1,0,1,1,1,0.01,0.01,-314,144.5,3225,0,0,0,0;
custom,cuboid,stone2,1,0.2,2,0,1,1,1,0.01,0.01,-275,141,3225,0,1,0,1;
custom,cuboid,stone2,1,0.2,2,0,1,1,1,0.01,0.01,-275,150,3225,0,1,0,1;
custom,cuboid,stone2,1,0.2,2,0,1,1,1,0.01,0.01,-275,159,3225,0,1,0,1;
custom,cuboid,stone2,0.2,0.7,1,0,1,1,1,0.01,0.01,-284,145.5,3225,0,0,0,0;
custom,cuboid,stone2,0.2,0.7,1,0,1,1,1,0.01,0.01,-284,154.5,3225,0,0,0,0;
custom,cuboid,stone3,120,1,50,0,1,1,1,16,8,-350,5,3010,0,0,0,0;
custom,cuboid,stone2,8,10,1,0,1,1,1,1,1,-350,60,3195,0,0,0,0;
custom,cylinder,metal3,25,0.25,5,1,0,0.5,0,1,1,-350,150,3230,-1,0,0,1;
custom,cylinder,stone2,26,0.25,6,0,0.75,0.75,0.75,1,1,-350,150,3231,-1,0,0,1;
custom,torus,stone2,30,5,8,0,1,1,1,4,4,-355,154,3230,-1,0,0,1;
custom,cuboid,stone2,9,2.5,0.5,0,1,1,1,4,0.25,0,82.5,-197.5,0,0,0,0;
custom,cuboid,stone2,9,2,0.5,0,1,1,1,4,0.25,0,80,-192.5,0,0,0,0;
custom,cuboid,stone2,9,1.5,0.5,0,1,1,1,4,0.25,0,77.5,-187.5,0,0,0,0;
custom,cuboid,stone2,9,1,0.5,0,1,1,1,4,0.25,0,75,-182.5,0,0,0,0;
custom,cuboid,stone2,9,0.5,0.5,0,1,1,1,4,0.25,0,72.5,-177.5,0,0,0,0;
custom,cuboid,stone2,9,0.1,0.5,0,1,1,1,4,0.25,0,70,-172.5,0,0,0,0;
custom,cuboid,stone2,1,6,2,0,1,1,1,0.25,1,0,80,-90,0,0,0,0;
custom,cuboid,stone2,2,0.5,2,0,1,1,1,0.25,0.25,-35,72.5,-110,0,0,0,0;
custom,cuboid,stone2,2,0.5,2,0,1,1,1,0.25,0.25,35,72.5,-110,0,0,0,0;
custom,cuboid,stone2,1,1,2,0,1,1,1,0.25,0.25,0,75,-110,0,0,0,0;
custom,cylinder,stone2,1,5,1,0,1,1,1,0.25,1,-315,55,3230,0,1,0,-1;
custom,cylinder,stone2,1,5,1,0,1,1,1,0.25,1,-385,55,3230,0,1,0,-1;
custom,cuboid,stone2,0.75,10,0.75,0,1,1,1,0.25,2,-550,55,2830,0,0,0,0;
custom,cuboid,stone2,0.75,10,0.75,0,1,1,1,0.25,2,-550,55,2830,0,0.414,0,1;
custom,cuboid,stone2,0.75,10,0.75,0,1,1,1,0.25,2,-150,55,2830,0,0,0,0;
custom,cuboid,stone2,0.75,10,0.75,0,1,1,1,0.25,2,-150,55,2830,0,0.414,0,1;
custom,cuboid,stone2,1.5,1.5,-1.5,0,1,1,1,0.25,0.25,-200,67.5,65,0,0.414,0,1;
custom,cuboid,stone2,1.5,1.5,1.5,0,1,1,1,0.25,0.25,-188,67.5,75,0,0.414,0,1;
custom,cuboid,stone2,1.5,-1.5,1.5,0,1,1,1,0.25,0.25,-179,67.5,88,0,0.414,0,1;
custom,cuboid,stone2,1.5,1.5,-1.5,0,1,1,1,0.25,0.25,-195,82.5,70,0,1,0,1;
custom,cuboid,stone2,1.5,1.5,-1.5,0,1,1,1,0.25,0.25,-180,82.5,85,0,0.2,0,1;
custom,cuboid,stone2,1.5,1.5,-1.5,0,1,1,1,0.25,0.25,-200,97.5,65,0,0.5,0,1;
custom,cuboid,stone2,1.5,1.5,1.5,0,1,1,1,0.25,0.25,-188,97.5,75,0,0.3,0,1;
custom,cuboid,stone2,1.5,-1.5,1.5,0,1,1,1,0.25,0.25,-179,97.5,88,0,0.414,0,1;
custom,cuboid,stone2,5,1,20,0,1,1,1,2,4,-350,40,3165,0,1,0,1;
custom,cuboid,stone2,10,1,40,0,1,1,1,3,6,-350,21.2,3095.8,-0.2,1,-0.2,1;
custom,cuboid,grass,5,1.1,5,1,0.5,0,0,1,2,-350,40,3165,0,1,0,1;
custom,cuboid,grass,10,1.1,5,1,0.5,0,0,1,2,-350,21.2,3096,-0.2,1,-0.2,1;
custom,cuboid,grass,5,1,30,1,0.5,0,0,1,8,-350,6,2910,0,0,0,0;
custom,cuboid,metal1,0.5,0.25,0.5,0,1,1,1,0.01,0.01,-350,47,3148,0,0,0,0;
custom,cuboid,metal1,0.8,1.25,0.25,0,1,1,1,0.01,0.01,-350,51.5,3151,0,0,0,0;
custom,cuboid,metal1,0.25,0.5,0.5,0,1,1,1,0.01,0.01,-353,48,3147.5,0,0,0,0;
custom,cuboid,metal1,0.25,0.5,0.5,0,1,1,1,0.01,0.01,-347,48,3147.5,0,0,0,0;
custom,cuboid,metal3,0.5,0.25,0.5,0,1,1,1,0.01,0.01,-365,47,3153,0,0,0,0;
custom,cuboid,metal3,0.8,1.25,0.25,0,1,1,1,0.01,0.01,-365,51.5,3156,0,0,0,0;
custom,cuboid,metal3,0.25,0.5,0.5,0,1,1,1,0.01,0.01,-368,48,3152.5,0,0,0,0;
custom,cuboid,metal3,0.25,0.5,0.5,0,1,1,1,0.01,0.01,-362,48,3152.5,0,0,0,0;
custom,cuboid,stone7,0.5,0.25,0.5,0,1,1,1,0.01,0.01,-335,47,3158,0,0,0,0;
custom,cuboid,stone7,0.8,1.25,0.25,0,1,1,1,0.01,0.01,-335,51.5,3161,0,0,0,0;
custom,cuboid,stone7,0.25,0.5,0.5,0,1,1,1,0.01,0.01,-332,48,3157.5,0,0,0,0;
custom,cuboid,stone7,0.25,0.5,0.5,0,1,1,1,0.01,0.01,-338,48,3157.5,0,0,0,0;
custom,prism,ice1,1,0.1,1,1,1,1,0,0.01,0.01,-20,85,360,-0.5,0.5,-0.5,0.5;
custom,prism,ice1,1,0.1,1,1,1,1,0,0.01,0.01,-10,85,360,-0.5,0.5,-0.5,0.5;
custom,prism,ice1,1,0.1,1,1,1,1,0,0.01,0.01,0,85,360,-0.5,0.5,-0.5,0.5;
custom,prism,ice1,1,0.1,1,1,1,1,0,0.01,0.01,10,85,360,-0.5,0.5,-0.5,0.5;
custom,prism,ice1,1,0.1,1,1,1,1,0,1,1,-325,65,330,0.5,0.5,0.5,-0.5;
custom,prism,ice1,1,0.1,1,1,1,1,0,1,1,-325,75,330,0.5,0.5,0.5,-0.5;
custom,prism,ice1,1,0.1,1,1,1,1,0,1,1,-325,85,330,0.5,0.5,0.5,-0.5;
custom,prism,ice1,1,0.1,1,1,1,1,0,1,1,-325,95,330,0.5,0.5,0.5,-0.5;
custom,prism,ice1,1,0.1,1,1,1,1,0,0.01,0.01,-670,85,330,0,0,1,-1;
custom,prism,ice1,1,0.1,1,1,1,1,0,0.01,0.01,-670,85,320,0,0,1,-1;
custom,prism,ice1,1,0.1,1,1,1,1,0,0.01,0.01,-670,85,310,0,0,1,-1;
custom,prism,ice1,1,0.1,1,1,1,1,0,0.01,0.01,-670,85,300,0,0,1,-1;
custom,prism,ice1,1,0.1,1,1,1,1,0,0.01,0.01,-635,85,-630,-0.5,0.5,0.5,-0.5;
custom,prism,ice1,1,0.1,1,1,1,1,0,0.01,0.01,-625,85,-630,-0.5,0.5,0.5,-0.5;
custom,prism,ice1,1,0.1,1,1,1,1,0,0.01,0.01,-615,85,-630,-0.5,0.5,0.5,-0.5;
custom,prism,ice1,1,0.1,1,1,1,1,0,0.01,0.01,-605,85,-630,-0.5,0.5,0.5,-0.5;
custom,prism,ice1,1,0.1,1,1,1,1,0,0.01,0.01,730,50,-605,-1,1,0,0;
custom,prism,ice1,1,0.1,1,1,1,1,0,0.01,0.01,730,50,-595,-1,1,0,0;
custom,prism,ice1,1,0.1,1,1,1,1,0,0.01,0.01,730,50,-585,-1,1,0,0;
custom,prism,ice1,1,0.1,1,1,1,1,0,0.01,0.01,730,50,-575,-1,1,0,0;
custom,prism,ice1,1,0.1,1,1,1,1,0,0.01,0.01,695,50,-335,-0.5,0.5,-0.5,0.5;
custom,prism,ice1,1,0.1,1,1,1,1,0,0.01,0.01,685,50,-335,-0.5,0.5,-0.5,0.5;
custom,prism,ice1,1,0.1,1,1,1,1,0,0.01,0.01,675,50,-335,-0.5,0.5,-0.5,0.5;
custom,prism,ice1,1,0.1,1,1,1,1,0,0.01,0.01,665,50,-335,-0.5,0.5,-0.5,0.5;
custom,prism,ice1,1,0.1,1,1,1,1,0,0.01,0.01,-535,25,-110,-1,1,0,0;
custom,prism,ice1,1,0.1,1,1,1,1,0,0.01,0.01,-535,25,-100,-1,1,0,0;
custom,prism,ice1,1,0.1,1,1,1,1,0,0.01,0.01,-535,25,-90,-1,1,0,0;
custom,prism,ice1,1,0.1,1,1,1,1,0,0.01,0.01,-535,25,-80,-1,1,0,0;
custom,prism,ice1,1,0.1,1,1,1,1,0,0.01,0.01,-535,25,-70,-1,1,0,0;
custom,prism,ice1,1,0.1,1,1,1,1,0,0.01,0.01,-535,25,-60,-1,1,0,0;
custom,prism,ice1,1,0.1,1,1,1,1,0,0.01,0.01,-535,25,-50,-1,1,0,0;
custom,prism,ice1,1,0.1,1,1,1,1,0,0.01,0.01,-65,50,260,0,0,1,1;
custom,prism,ice1,1,0.1,1,1,1,1,0,0.01,0.01,-65,50,250,0,0,1,1;
custom,prism,ice1,1,0.1,1,1,1,1,0,0.01,0.01,-65,50,240,0,0,1,1;
custom,prism,ice1,1,0.1,1,1,1,1,0,0.01,0.01,-65,50,230,0,0,1,1;
custom,prism,ice1,1,0.1,1,1,1,1,0,0.01,0.01,-65,50,220,0,0,1,1;
custom,prism,ice1,1,0.1,1,1,1,1,0,0.01,0.01,-65,50,210,0,0,1,1;
custom,prism,ice1,1,0.1,1,1,1,1,0,0.01,0.01,-65,50,200,0,0,1,1;
custom,prism,ice1,1,0.1,1,1,1,1,0,0.01,0.01,-65,50,190,0,0,1,1;
custom,prism,ice1,1,0.1,1,1,1,1,0,0.01,0.01,-65,50,180,0,0,1,1;
custom,prism,ice1,1,0.1,1,1,1,1,0,0.01,0.01,-350,70,2110,1,0,0,1;
custom,prism,ice1,1,0.1,1,1,1,1,0,0.01,0.01,-350,100,2110,-1,0,0,1;
custom,prism,ice1,1,0.1,1,1,1,1,0,0.01,0.01,-335,85,2110,0.5,-0.5,0.5,-0.5;
custom,prism,ice1,1,0.1,1,1,1,1,0,0.01,0.01,-365,85,2110,-0.5,0.5,0.5,-0.5;
custom,prism,ice1,1,0.1,1,1,1,1,0,0.01,0.01,240,30,-370,1,1,0,0;
custom,prism,ice1,1,0.1,1,1,1,1,0,0.01,0.01,240,30,-360,1,1,0,0;
custom,prism,ice1,1,0.1,1,1,1,1,0,0.01,0.01,240,30,-350,1,1,0,0;
custom,prism,ice1,1,0.1,1,1,1,1,0,0.01,0.01,240,30,-340,1,1,0,0;
custom,prism,ice1,1,0.1,1,1,1,1,0,0.01,0.01,240,30,-330,1,1,0,0;
custom,prism,ice1,1,0.1,1,1,1,1,0,0.01,0.01,150,30,217,0,0,1,-1;
custom,prism,ice1,1,0.1,1,1,1,1,0,0.01,0.01,150,30,207,0,0,1,-1;
custom,prism,ice1,1,0.1,1,1,1,1,0,0.01,0.01,150,30,197,0,0,1,-1;
custom,cuboid,stone2,10,5,1,0,1,1,1,1,1,0,25,-190,0,0,0,0;
custom,cuboid,stone2,10,5,1,0,1,1,1,1,1,0,25,-110,0,0,0,0;
custom,cuboid,stone2,10,5,1,0,1,1,1,1,1,-40,25,-150,0,1,0,1;
custom,cuboid,stone2,10,5,1,0,1,1,1,1,1,40,25,-150,0,1,0,1;
custom,cuboid,stone2,10,1,10,0,1,1,1,1,1,0,-3,-150,0,1,0,1;
custom,prism,ice1,1,0.15,1,1,1,1,0,0.01,0.01,-365,0,-400,1,0,0.414,0;
custom,prism,ice1,1,0.15,1,1,1,1,0,0.01,0.01,-375,0,-390,1,0,0.414,0;
custom,prism,ice1,1,0.15,1,1,1,1,0,0.01,0.01,-385,0,-380,1,0,0.414,0;
custom,prism,ice1,1,0.15,1,1,1,1,0,0.01,0.01,-395,0,-370,1,0,0.414,0;
custom,prism,ice1,1,0.15,1,1,1,1,0,0.01,0.01,-405,0,-360,1,0,0.414,0;
custom,prism,ice1,1,0.1,1,1,1,1,0,0.01,0.01,-510,55,290,0.5,-0.5,-0.5,0.5;
custom,prism,ice1,1,0.1,1,1,1,1,0,0.01,0.01,-500,55,290,0.5,-0.5,-0.5,0.5;
custom,prism,ice1,1,0.1,1,1,1,1,0,0.01,0.01,-490,55,290,0.5,-0.5,-0.5,0.5;
custom,prism,ice1,1,0.1,1,1,1,1,0,0.01,0.01,-480,55,290,0.5,-0.5,-0.5,0.5;
custom,prism,ice1,1,0.1,1,1,1,1,0,0.01,0.01,-440,55,290,0.5,-0.5,-0.5,0.5;
custom,prism,ice1,1,0.1,1,1,1,1,0,0.01,0.01,-430,55,290,0.5,-0.5,-0.5,0.5;
custom,prism,ice1,1,0.1,1,1,1,1,0,0.01,0.01,-420,55,290,0.5,-0.5,-0.5,0.5;
custom,prism,ice1,1,0.1,1,1,1,1,0,0.01,0.01,-410,55,290,0.5,-0.5,-0.5,0.5;
custom,prism,ice1,1,0.1,1,1,1,1,0,0.01,0.01,-240,55,290,0.5,-0.5,-0.5,0.5;
custom,prism,ice1,1,0.1,1,1,1,1,0,0.01,0.01,-230,55,290,0.5,-0.5,-0.5,0.5;
custom,prism,ice1,1,0.1,1,1,1,1,0,0.01,0.01,-220,55,290,0.5,-0.5,-0.5,0.5;
custom,prism,ice1,1,0.1,1,1,1,1,0,0.01,0.01,-210,55,290,0.5,-0.5,-0.5,0.5;
custom,prism,ice1,1,0.1,1,1,1,1,0,0.01,0.01,-200,55,290,0.5,-0.5,-0.5,0.5;
custom,prism,ice1,1,0.1,1,1,1,1,0,0.01,0.01,-190,55,290,0.5,-0.5,-0.5,0.5;
custom,prism,ice1,1,0.1,1,1,1,1,0,0.01,0.01,-180,55,290,0.5,-0.5,-0.5,0.5;
custom,prism,ice1,1,0.05,1,1,1,1,0,0.01,0.01,-350,60,130,-1,0,0,0;
custom,prism,ice1,1,0.05,1,1,1,1,0,0.01,0.01,-350,60,140,-1,0,0,0;
custom,prism,ice1,1,0.05,1,1,1,1,0,0.01,0.01,-350,60,150,-1,0,0,0;
custom,prism,ice1,1,0.05,1,1,1,1,0,0.01,0.01,-350,60,160,-1,0,0,0;
base,aot_supply,ice1,3000,0,3000,0,0,0,0,0,0,300,0,7300,0,0,-7,0;
base,aot_supply,ice1,3000,0,3000,0,0,0,0,0,0,300,0,7300,0,0,-7,0;
base,aot_supply,ice1,3000,0,3000,0,0,0,0,0,0,300,0,7300,0,0,-7,0;
base,aot_supply,ice1,3000,0,3000,0,0,0,0,0,0,300,0,7300,0,0,-7,0;
base,aot_supply,ice1,3000,0,3000,0,0,0,0,0,0,300,0,7300,0,0,-7,0;
base,aot_supply,ice1,3000,0,3000,0,0,0,0,0,0,300,5,7300,0,0,-7,0;
base,aot_supply,ice1,3000,0,3000,0,0,0,0,0,0,300,5,7300,0,0,-7,0;
base,aot_supply,ice1,3000,0,3000,0,0,0,0,0,0,300,5,7300,0,0,-7,0;
base,aot_supply,ice1,3000,0,3000,0,0,0,0,0,0,300,5,7300,0,0,-7,0;
base,aot_supply,ice1,3000,0,3000,0,0,0,0,0,0,300,5,7300,0,0,-7,0;
base,aot_supply,ice1,3000,0,3000,0,0,0,0,0,0,300,10,7300,0,0,-7,0;
base,aot_supply,ice1,3000,0,3000,0,0,0,0,0,0,300,10,7300,0,0,-7,0;
base,aot_supply,ice1,3000,0,3000,0,0,0,0,0,0,300,10,7300,0,0,-7,0;
base,aot_supply,ice1,3000,0,3000,0,0,0,0,0,0,300,10,7300,0,0,-7,0;
base,aot_supply,ice1,3000,0,3000,0,0,0,0,0,0,300,10,7300,0,0,-7,0;
base,aot_supply,ice1,3000,0,3000,0,0,0,0,0,0,300,15,7300,0,0,-7,0;
base,aot_supply,ice1,3000,0,3000,0,0,0,0,0,0,300,15,7300,0,0,-7,0;
base,aot_supply,ice1,3000,0,3000,0,0,0,0,0,0,300,15,7300,0,0,-7,0;
base,aot_supply,ice1,3000,0,3000,0,0,0,0,0,0,300,15,7300,0,0,-7,0;
base,aot_supply,ice1,3000,0,3000,0,0,0,0,0,0,300,15,7300,0,0,-7,0;
base,aot_supply,ice1,3000,0,3000,0,0,0,0,0,0,300,20,7300,0,0,-7,0;
base,aot_supply,ice1,3000,0,3000,0,0,0,0,0,0,300,20,7300,0,0,-7,0;
base,aot_supply,ice1,3000,0,3000,0,0,0,0,0,0,300,20,7300,0,0,-7,0;
base,aot_supply,ice1,3000,0,3000,0,0,0,0,0,0,300,20,7300,0,0,-7,0;
base,aot_supply,ice1,3000,0,3000,0,0,0,0,0,0,300,20,7300,0,0,-7,0;
base,aot_supply,ice1,3000,0,3000,0,0,0,0,0,0,300,25,7300,0,0,-7,0;
base,aot_supply,ice1,3000,0,3000,0,0,0,0,0,0,300,25,7300,0,0,-7,0;
base,aot_supply,ice1,3000,0,3000,0,0,0,0,0,0,300,25,7300,0,0,-7,0;
base,aot_supply,ice1,3000,0,3000,0,0,0,0,0,0,300,25,7300,0,0,-7,0;
base,aot_supply,ice1,3000,0,3000,0,0,0,0,0,0,300,25,7300,0,0,-7,0;
base,aot_supply,ice1,3000,0,3000,0,0,0,0,0,0,300,30,7300,0,0,-7,0;
base,aot_supply,ice1,3000,0,3000,0,0,0,0,0,0,300,30,7300,0,0,-7,0;
base,aot_supply,ice1,3000,0,3000,0,0,0,0,0,0,300,30,7300,0,0,-7,0;
base,aot_supply,ice1,3000,0,3000,0,0,0,0,0,0,300,30,7300,0,0,-7,0;
base,aot_supply,ice1,3000,0,3000,0,0,0,0,0,0,300,30,7300,0,0,-7,0;
base,aot_supply,ice1,3000,0,3000,0,0,0,0,0,0,300,35,7300,0,0,-7,0;
base,aot_supply,ice1,3000,0,3000,0,0,0,0,0,0,300,35,7300,0,0,-7,0;
base,aot_supply,ice1,3000,0,3000,0,0,0,0,0,0,300,35,7300,0,0,-7,0;
base,aot_supply,ice1,3000,0,3000,0,0,0,0,0,0,300,35,7300,0,0,-7,0;
base,aot_supply,ice1,3000,0,3000,0,0,0,0,0,0,300,35,7300,0,0,-7,0;
base,aot_supply,ice1,3000,0,3000,0,0,0,0,0,0,300,40,7300,0,0,-7,0;
base,aot_supply,ice1,3000,0,3000,0,0,0,0,0,0,300,40,7300,0,0,-7,0;
base,aot_supply,ice1,3000,0,3000,0,0,0,0,0,0,300,40,7300,0,0,-7,0;
base,aot_supply,ice1,3000,0,3000,0,0,0,0,0,0,300,40,7300,0,0,-7,0;
base,aot_supply,ice1,3000,0,3000,0,0,0,0,0,0,300,40,7300,0,0,-7,0;
base,aot_supply,ice1,3000,0,3000,0,0,0,0,0,0,300,45,7300,0,0,-7,0;
base,aot_supply,ice1,3000,0,3000,0,0,0,0,0,0,300,45,7300,0,0,-7,0;
base,aot_supply,ice1,3000,0,3000,0,0,0,0,0,0,300,45,7300,0,0,-7,0;
base,aot_supply,ice1,3000,0,3000,0,0,0,0,0,0,300,45,7300,0,0,-7,0;
base,aot_supply,ice1,3000,0,3000,0,0,0,0,0,0,300,45,7300,0,0,-7,0;
base,aot_supply,ice1,3000,0,3000,0,0,0,0,0,0,300,50,7300,0,0,-7,0;
base,aot_supply,ice1,3000,0,3000,0,0,0,0,0,0,300,50,7300,0,0,-7,0;
base,aot_supply,ice1,3000,0,3000,0,0,0,0,0,0,300,50,7300,0,0,-7,0;
base,aot_supply,ice1,3000,0,3000,0,0,0,0,0,0,300,50,7300,0,0,-7,0;
base,aot_supply,ice1,3000,0,3000,0,0,0,0,0,0,300,50,7300,0,0,-7,0;
base,aot_supply,ice1,3000,0,3000,0,0,0,0,0,0,300,55,7300,0,0,-7,0;
base,aot_supply,ice1,3000,0,3000,0,0,0,0,0,0,300,55,7300,0,0,-7,0;
base,aot_supply,ice1,3000,0,3000,0,0,0,0,0,0,300,55,7300,0,0,-7,0;
base,aot_supply,ice1,3000,0,3000,0,0,0,0,0,0,300,55,7300,0,0,-7,0;
base,aot_supply,ice1,3000,0,3000,0,0,0,0,0,0,300,55,7300,0,0,-7,0;
base,aot_supply,ice1,3000,0,3000,0,0,0,0,0,0,300,60,7300,0,0,-7,0;
base,aot_supply,ice1,3000,0,3000,0,0,0,0,0,0,300,60,7300,0,0,-7,0;
base,aot_supply,ice1,3000,0,3000,0,0,0,0,0,0,300,60,7300,0,0,-7,0;
base,aot_supply,ice1,3000,0,3000,0,0,0,0,0,0,300,60,7300,0,0,-7,0;
base,aot_supply,ice1,3000,0,3000,0,0,0,0,0,0,300,60,7300,0,0,-7,0;
base,aot_supply,ice1,3000,0,3000,0,0,0,0,0,0,300,65,7300,0,0,-7,0;
base,aot_supply,ice1,3000,0,3000,0,0,0,0,0,0,300,65,7300,0,0,-7,0;
base,aot_supply,ice1,3000,0,3000,0,0,0,0,0,0,300,65,7300,0,0,-7,0;
base,aot_supply,ice1,3000,0,3000,0,0,0,0,0,0,300,65,7300,0,0,-7,0;
base,aot_supply,ice1,3000,0,3000,0,0,0,0,0,0,300,65,7300,0,0,-7,0;
base,aot_supply,ice1,3000,0,3000,0,0,0,0,0,0,300,70,7300,0,0,-7,0;
base,aot_supply,ice1,3000,0,3000,0,0,0,0,0,0,300,70,7300,0,0,-7,0;
base,aot_supply,ice1,3000,0,3000,0,0,0,0,0,0,300,70,7300,0,0,-7,0;
base,aot_supply,ice1,3000,0,3000,0,0,0,0,0,0,300,70,7300,0,0,-7,0;
base,aot_supply,ice1,3000,0,3000,0,0,0,0,0,0,300,70,7300,0,0,-7,0;
base,aot_supply,ice1,3000,0,3000,0,0,0,0,0,0,300,75,7300,0,0,-7,0;
base,aot_supply,ice1,3000,0,3000,0,0,0,0,0,0,300,75,7300,0,0,-7,0;
base,aot_supply,ice1,3000,0,3000,0,0,0,0,0,0,300,75,7300,0,0,-7,0;
base,aot_supply,ice1,3000,0,3000,0,0,0,0,0,0,300,75,7300,0,0,-7,0;
base,aot_supply,ice1,3000,0,3000,0,0,0,0,0,0,300,75,7300,0,0,-7,0;
base,aot_supply,ice1,3000,0,3000,0,0,0,0,0,0,300,80,7300,0,0,-7,0;
base,aot_supply,ice1,3000,0,3000,0,0,0,0,0,0,300,80,7300,0,0,-7,0;
base,aot_supply,ice1,3000,0,3000,0,0,0,0,0,0,300,80,7300,0,0,-7,0;
base,aot_supply,ice1,3000,0,3000,0,0,0,0,0,0,300,80,7300,0,0,-7,0;
base,aot_supply,ice1,3000,0,3000,0,0,0,0,0,0,300,80,7300,0,0,-7,0;
base,aot_supply,ice1,3000,0,3000,0,0,0,0,0,0,300,85,7300,0,0,-7,0;
base,aot_supply,ice1,3000,0,3000,0,0,0,0,0,0,300,85,7300,0,0,-7,0;
base,aot_supply,ice1,3000,0,3000,0,0,0,0,0,0,300,85,7300,0,0,-7,0;
base,aot_supply,ice1,3000,0,3000,0,0,0,0,0,0,300,85,7300,0,0,-7,0;
base,aot_supply,ice1,3000,0,3000,0,0,0,0,0,0,300,85,7300,0,0,-7,0;
base,aot_supply,ice1,3000,0,3000,0,0,0,0,0,0,300,90,7300,0,0,-7,0;
base,aot_supply,ice1,3000,0,3000,0,0,0,0,0,0,300,90,7300,0,0,-7,0;
base,aot_supply,ice1,3000,0,3000,0,0,0,0,0,0,300,90,7300,0,0,-7,0;
base,aot_supply,ice1,3000,0,3000,0,0,0,0,0,0,300,90,7300,0,0,-7,0;
base,aot_supply,ice1,3000,0,3000,0,0,0,0,0,0,300,90,7300,0,0,-7,0;
base,aot_supply,ice1,3000,0,3000,0,0,0,0,0,0,300,95,7300,0,0,-7,0;
base,aot_supply,ice1,3000,0,3000,0,0,0,0,0,0,300,95,7300,0,0,-7,0;
base,aot_supply,ice1,3000,0,3000,0,0,0,0,0,0,300,95,7300,0,0,-7,0;
base,aot_supply,ice1,3000,0,3000,0,0,0,0,0,0,300,95,7300,0,0,-7,0;
base,aot_supply,ice1,3000,0,3000,0,0,0,0,0,0,300,95,7300,0,0,-7,0;
base,aot_supply,ice1,3000,0,3000,0,0,0,0,0,0,300,100,7300,0,0,-7,0;
base,aot_supply,ice1,3000,0,3000,0,0,0,0,0,0,300,100,7300,0,0,-7,0;
base,aot_supply,ice1,3000,0,3000,0,0,0,0,0,0,300,100,7300,0,0,-7,0;
base,aot_supply,ice1,3000,0,3000,0,0,0,0,0,0,300,100,7300,0,0,-7,0;
base,aot_supply,ice1,3000,0,3000,0,0,0,0,0,0,300,100,7300,0,0,-7,0;
base,aot_supply,ice1,3000,0,3000,0,0,0,0,0,0,300,105,7300,0,0,-7,0;
base,aot_supply,ice1,3000,0,3000,0,0,0,0,0,0,300,105,7300,0,0,-7,0;
base,aot_supply,ice1,3000,0,3000,0,0,0,0,0,0,300,105,7300,0,0,-7,0;
base,aot_supply,ice1,3000,0,3000,0,0,0,0,0,0,300,105,7300,0,0,-7,0;
base,aot_supply,ice1,3000,0,3000,0,0,0,0,0,0,300,105,7300,0,0,-7,0;
base,aot_supply,ice1,3000,0,3000,0,0,0,0,0,0,300,110,7300,0,0,-7,0;
base,aot_supply,ice1,3000,0,3000,0,0,0,0,0,0,300,110,7300,0,0,-7,0;
base,aot_supply,ice1,3000,0,3000,0,0,0,0,0,0,300,110,7300,0,0,-7,0;
base,aot_supply,ice1,3000,0,3000,0,0,0,0,0,0,300,110,7300,0,0,-7,0;
base,aot_supply,ice1,3000,0,3000,0,0,0,0,0,0,300,110,7300,0,0,-7,0;
base,aot_supply,ice1,3000,0,3000,0,0,0,0,0,0,300,115,7300,0,0,-7,0;
base,aot_supply,ice1,3000,0,3000,0,0,0,0,0,0,300,115,7300,0,0,-7,0;
base,aot_supply,ice1,3000,0,3000,0,0,0,0,0,0,300,115,7300,0,0,-7,0;
base,aot_supply,ice1,3000,0,3000,0,0,0,0,0,0,300,115,7300,0,0,-7,0;
base,aot_supply,ice1,3000,0,3000,0,0,0,0,0,0,300,115,7300,0,0,-7,0;
base,aot_supply,ice1,3000,0,3000,0,0,0,0,0,0,300,120,7300,0,0,-7,0;
base,aot_supply,ice1,3000,0,3000,0,0,0,0,0,0,300,120,7300,0,0,-7,0;
base,aot_supply,ice1,3000,0,3000,0,0,0,0,0,0,300,120,7300,0,0,-7,0;
base,aot_supply,ice1,3000,0,3000,0,0,0,0,0,0,300,120,7300,0,0,-7,0;
base,aot_supply,ice1,3000,0,3000,0,0,0,0,0,0,300,120,7300,0,0,-7,0;
base,aot_supply,ice1,3000,0,3000,0,0,0,0,0,0,300,125,7300,0,0,-7,0;
base,aot_supply,ice1,3000,0,3000,0,0,0,0,0,0,300,125,7300,0,0,-7,0;
base,aot_supply,ice1,3000,0,3000,0,0,0,0,0,0,300,125,7300,0,0,-7,0;
base,aot_supply,ice1,3000,0,3000,0,0,0,0,0,0,300,125,7300,0,0,-7,0;
base,aot_supply,ice1,3000,0,3000,0,0,0,0,0,0,300,125,7300,0,0,-7,0;
base,aot_supply,ice1,3000,0,3000,0,0,0,0,0,0,300,130,7300,0,0,-7,0;
base,aot_supply,ice1,3000,0,3000,0,0,0,0,0,0,300,130,7300,0,0,-7,0;
base,aot_supply,ice1,3000,0,3000,0,0,0,0,0,0,300,130,7300,0,0,-7,0;
base,aot_supply,ice1,3000,0,3000,0,0,0,0,0,0,300,130,7300,0,0,-7,0;
base,aot_supply,ice1,3000,0,3000,0,0,0,0,0,0,300,130,7300,0,0,-7,0;
base,aot_supply,ice1,3000,0,3000,0,0,0,0,0,0,300,135,7300,0,0,-7,0;
base,aot_supply,ice1,3000,0,3000,0,0,0,0,0,0,300,135,7300,0,0,-7,0;
base,aot_supply,ice1,3000,0,3000,0,0,0,0,0,0,300,135,7300,0,0,-7,0;
base,aot_supply,ice1,3000,0,3000,0,0,0,0,0,0,300,135,7300,0,0,-7,0;
base,aot_supply,ice1,3000,0,3000,0,0,0,0,0,0,300,135,7300,0,0,-7,0;
base,aot_supply,ice1,3000,0,3000,0,0,0,0,0,0,300,140,7300,0,0,-7,0;
base,aot_supply,ice1,3000,0,3000,0,0,0,0,0,0,300,140,7300,0,0,-7,0;
base,aot_supply,ice1,3000,0,3000,0,0,0,0,0,0,300,140,7300,0,0,-7,0;
base,aot_supply,ice1,3000,0,3000,0,0,0,0,0,0,300,140,7300,0,0,-7,0;
base,aot_supply,ice1,3000,0,3000,0,0,0,0,0,0,300,140,7300,0,0,-7,0;
base,aot_supply,ice1,3000,0,3000,0,0,0,0,0,0,300,145,7300,0,0,-7,0;
base,aot_supply,ice1,3000,0,3000,0,0,0,0,0,0,300,145,7300,0,0,-7,0;
base,aot_supply,ice1,3000,0,3000,0,0,0,0,0,0,300,145,7300,0,0,-7,0;
base,aot_supply,ice1,3000,0,3000,0,0,0,0,0,0,300,145,7300,0,0,-7,0;
base,aot_supply,ice1,3000,0,3000,0,0,0,0,0,0,300,145,7300,0,0,-7,0;
base,aot_supply,ice1,3000,0,3000,0,0,0,0,0,0,300,0,7300,0,0,-7,0;
base,aot_supply,ice1,3000,0,3000,0,0,0,0,0,0,300,0,7300,0,0,-7,0;
base,aot_supply,ice1,3000,0,3000,0,0,0,0,0,0,300,0,7300,0,0,-7,0;
base,aot_supply,ice1,3000,0,3000,0,0,0,0,0,0,300,0,7300,0,0,-7,0;
base,aot_supply,ice1,3000,0,3000,0,0,0,0,0,0,300,0,7300,0,0,-7,0;
base,aot_supply,ice1,3000,0,3000,0,0,0,0,0,0,300,5,7300,0,0,-7,0;
base,aot_supply,ice1,3000,0,3000,0,0,0,0,0,0,300,5,7300,0,0,-7,0;
base,aot_supply,ice1,3000,0,3000,0,0,0,0,0,0,300,5,7300,0,0,-7,0;
base,aot_supply,ice1,3000,0,3000,0,0,0,0,0,0,300,5,7300,0,0,-7,0;
base,aot_supply,ice1,3000,0,3000,0,0,0,0,0,0,300,5,7300,0,0,-7,0;
base,aot_supply,ice1,3000,0,3000,0,0,0,0,0,0,300,10,7300,0,0,-7,0;
base,aot_supply,ice1,3000,0,3000,0,0,0,0,0,0,300,10,7300,0,0,-7,0;
base,aot_supply,ice1,3000,0,3000,0,0,0,0,0,0,300,10,7300,0,0,-7,0;
base,aot_supply,ice1,3000,0,3000,0,0,0,0,0,0,300,10,7300,0,0,-7,0;
base,aot_supply,ice1,3000,0,3000,0,0,0,0,0,0,300,10,7300,0,0,-7,0;
base,aot_supply,ice1,3000,0,3000,0,0,0,0,0,0,300,15,7300,0,0,-7,0;
base,aot_supply,ice1,3000,0,3000,0,0,0,0,0,0,300,15,7300,0,0,-7,0;
base,aot_supply,ice1,3000,0,3000,0,0,0,0,0,0,300,15,7300,0,0,-7,0;
base,aot_supply,ice1,3000,0,3000,0,0,0,0,0,0,300,15,7300,0,0,-7,0;
base,aot_supply,ice1,3000,0,3000,0,0,0,0,0,0,300,15,7300,0,0,-7,0;
base,aot_supply,ice1,3000,0,3000,0,0,0,0,0,0,300,20,7300,0,0,-7,0;
base,aot_supply,ice1,3000,0,3000,0,0,0,0,0,0,300,20,7300,0,0,-7,0;
base,aot_supply,ice1,3000,0,3000,0,0,0,0,0,0,300,20,7300,0,0,-7,0;
base,aot_supply,ice1,3000,0,3000,0,0,0,0,0,0,300,20,7300,0,0,-7,0;
base,aot_supply,ice1,3000,0,3000,0,0,0,0,0,0,300,20,7300,0,0,-7,0;
base,aot_supply,ice1,3000,0,3000,0,0,0,0,0,0,300,25,7300,0,0,-7,0;
base,aot_supply,ice1,3000,0,3000,0,0,0,0,0,0,300,25,7300,0,0,-7,0;
base,aot_supply,ice1,3000,0,3000,0,0,0,0,0,0,300,25,7300,0,0,-7,0;
base,aot_supply,ice1,3000,0,3000,0,0,0,0,0,0,300,25,7300,0,0,-7,0;
base,aot_supply,ice1,3000,0,3000,0,0,0,0,0,0,300,25,7300,0,0,-7,0;
base,aot_supply,ice1,3000,0,3000,0,0,0,0,0,0,300,30,7300,0,0,-7,0;
base,aot_supply,ice1,3000,0,3000,0,0,0,0,0,0,300,30,7300,0,0,-7,0;
base,aot_supply,ice1,3000,0,3000,0,0,0,0,0,0,300,30,7300,0,0,-7,0;
base,aot_supply,ice1,3000,0,3000,0,0,0,0,0,0,300,30,7300,0,0,-7,0;
base,aot_supply,ice1,3000,0,3000,0,0,0,0,0,0,300,30,7300,0,0,-7,0;
base,aot_supply,ice1,3000,0,3000,0,0,0,0,0,0,300,35,7300,0,0,-7,0;
base,aot_supply,ice1,3000,0,3000,0,0,0,0,0,0,300,35,7300,0,0,-7,0;
base,aot_supply,ice1,3000,0,3000,0,0,0,0,0,0,300,35,7300,0,0,-7,0;
base,aot_supply,ice1,3000,0,3000,0,0,0,0,0,0,300,35,7300,0,0,-7,0;
base,aot_supply,ice1,3000,0,3000,0,0,0,0,0,0,300,35,7300,0,0,-7,0;
base,aot_supply,ice1,3000,0,3000,0,0,0,0,0,0,300,40,7300,0,0,-7,0;
base,aot_supply,ice1,3000,0,3000,0,0,0,0,0,0,300,40,7300,0,0,-7,0;
base,aot_supply,ice1,3000,0,3000,0,0,0,0,0,0,300,40,7300,0,0,-7,0;
base,aot_supply,ice1,3000,0,3000,0,0,0,0,0,0,300,40,7300,0,0,-7,0;
base,aot_supply,ice1,3000,0,3000,0,0,0,0,0,0,300,40,7300,0,0,-7,0;
base,aot_supply,ice1,3000,0,3000,0,0,0,0,0,0,300,45,7300,0,0,-7,0;
base,aot_supply,ice1,3000,0,3000,0,0,0,0,0,0,300,45,7300,0,0,-7,0;
base,aot_supply,ice1,3000,0,3000,0,0,0,0,0,0,300,45,7300,0,0,-7,0;
base,aot_supply,ice1,3000,0,3000,0,0,0,0,0,0,300,45,7300,0,0,-7,0;
base,aot_supply,ice1,3000,0,3000,0,0,0,0,0,0,300,45,7300,0,0,-7,0;
base,aot_supply,ice1,3000,0,3000,0,0,0,0,0,0,300,50,7300,0,0,-7,0;
base,aot_supply,ice1,3000,0,3000,0,0,0,0,0,0,300,50,7300,0,0,-7,0;
base,aot_supply,ice1,3000,0,3000,0,0,0,0,0,0,300,50,7300,0,0,-7,0;
base,aot_supply,ice1,3000,0,3000,0,0,0,0,0,0,300,50,7300,0,0,-7,0;
base,aot_supply,ice1,3000,0,3000,0,0,0,0,0,0,300,50,7300,0,0,-7,0;
base,aot_supply,ice1,3000,0,3000,0,0,0,0,0,0,300,55,7300,0,0,-7,0;
base,aot_supply,ice1,3000,0,3000,0,0,0,0,0,0,300,55,7300,0,0,-7,0;
base,aot_supply,ice1,3000,0,3000,0,0,0,0,0,0,300,55,7300,0,0,-7,0;
base,aot_supply,ice1,3000,0,3000,0,0,0,0,0,0,300,55,7300,0,0,-7,0;
base,aot_supply,ice1,3000,0,3000,0,0,0,0,0,0,300,55,7300,0,0,-7,0;
base,aot_supply,ice1,3000,0,3000,0,0,0,0,0,0,300,60,7300,0,0,-7,0;
base,aot_supply,ice1,3000,0,3000,0,0,0,0,0,0,300,60,7300,0,0,-7,0;
base,aot_supply,ice1,3000,0,3000,0,0,0,0,0,0,300,60,7300,0,0,-7,0;
base,aot_supply,ice1,3000,0,3000,0,0,0,0,0,0,300,60,7300,0,0,-7,0;
base,aot_supply,ice1,3000,0,3000,0,0,0,0,0,0,300,60,7300,0,0,-7,0;
base,aot_supply,ice1,3000,0,3000,0,0,0,0,0,0,300,65,7300,0,0,-7,0;
base,aot_supply,ice1,3000,0,3000,0,0,0,0,0,0,300,65,7300,0,0,-7,0;
base,aot_supply,ice1,3000,0,3000,0,0,0,0,0,0,300,65,7300,0,0,-7,0;
base,aot_supply,ice1,3000,0,3000,0,0,0,0,0,0,300,65,7300,0,0,-7,0;
base,aot_supply,ice1,3000,0,3000,0,0,0,0,0,0,300,65,7300,0,0,-7,0;
base,aot_supply,ice1,3000,0,3000,0,0,0,0,0,0,300,70,7300,0,0,-7,0;
base,aot_supply,ice1,3000,0,3000,0,0,0,0,0,0,300,70,7300,0,0,-7,0;
base,aot_supply,ice1,3000,0,3000,0,0,0,0,0,0,300,70,7300,0,0,-7,0;
base,aot_supply,ice1,3000,0,3000,0,0,0,0,0,0,300,70,7300,0,0,-7,0;
base,aot_supply,ice1,3000,0,3000,0,0,0,0,0,0,300,70,7300,0,0,-7,0;
base,aot_supply,ice1,3000,0,3000,0,0,0,0,0,0,300,75,7300,0,0,-7,0;
base,aot_supply,ice1,3000,0,3000,0,0,0,0,0,0,300,75,7300,0,0,-7,0;
base,aot_supply,ice1,3000,0,3000,0,0,0,0,0,0,300,75,7300,0,0,-7,0;
base,aot_supply,ice1,3000,0,3000,0,0,0,0,0,0,300,75,7300,0,0,-7,0;
base,aot_supply,ice1,3000,0,3000,0,0,0,0,0,0,300,75,7300,0,0,-7,0;
base,aot_supply,ice1,3000,0,3000,0,0,0,0,0,0,300,80,7300,0,0,-7,0;
base,aot_supply,ice1,3000,0,3000,0,0,0,0,0,0,300,80,7300,0,0,-7,0;
base,aot_supply,ice1,3000,0,3000,0,0,0,0,0,0,300,80,7300,0,0,-7,0;
base,aot_supply,ice1,3000,0,3000,0,0,0,0,0,0,300,80,7300,0,0,-7,0;
base,aot_supply,ice1,3000,0,3000,0,0,0,0,0,0,300,80,7300,0,0,-7,0;
base,aot_supply,ice1,3000,0,3000,0,0,0,0,0,0,300,85,7300,0,0,-7,0;
base,aot_supply,ice1,3000,0,3000,0,0,0,0,0,0,300,85,7300,0,0,-7,0;
base,aot_supply,ice1,3000,0,3000,0,0,0,0,0,0,300,85,7300,0,0,-7,0;
base,aot_supply,ice1,3000,0,3000,0,0,0,0,0,0,300,85,7300,0,0,-7,0;
base,aot_supply,ice1,3000,0,3000,0,0,0,0,0,0,300,85,7300,0,0,-7,0;
base,aot_supply,ice1,3000,0,3000,0,0,0,0,0,0,300,90,7300,0,0,-7,0;
base,aot_supply,ice1,3000,0,3000,0,0,0,0,0,0,300,90,7300,0,0,-7,0;
base,aot_supply,ice1,3000,0,3000,0,0,0,0,0,0,300,90,7300,0,0,-7,0;
base,aot_supply,ice1,3000,0,3000,0,0,0,0,0,0,300,90,7300,0,0,-7,0;
base,aot_supply,ice1,3000,0,3000,0,0,0,0,0,0,300,90,7300,0,0,-7,0;
base,aot_supply,ice1,3000,0,3000,0,0,0,0,0,0,300,95,7300,0,0,-7,0;
base,aot_supply,ice1,3000,0,3000,0,0,0,0,0,0,300,95,7300,0,0,-7,0;
base,aot_supply,ice1,3000,0,3000,0,0,0,0,0,0,300,95,7300,0,0,-7,0;
base,aot_supply,ice1,3000,0,3000,0,0,0,0,0,0,300,95,7300,0,0,-7,0;
base,aot_supply,ice1,3000,0,3000,0,0,0,0,0,0,300,95,7300,0,0,-7,0;
base,aot_supply,ice1,3000,0,3000,0,0,0,0,0,0,300,100,7300,0,0,-7,0;
base,aot_supply,ice1,3000,0,3000,0,0,0,0,0,0,300,100,7300,0,0,-7,0;
base,aot_supply,ice1,3000,0,3000,0,0,0,0,0,0,300,100,7300,0,0,-7,0;
base,aot_supply,ice1,3000,0,3000,0,0,0,0,0,0,300,100,7300,0,0,-7,0;
base,aot_supply,ice1,3000,0,3000,0,0,0,0,0,0,300,100,7300,0,0,-7,0;
base,aot_supply,ice1,3000,0,3000,0,0,0,0,0,0,300,105,7300,0,0,-7,0;
base,aot_supply,ice1,3000,0,3000,0,0,0,0,0,0,300,105,7300,0,0,-7,0;
base,aot_supply,ice1,3000,0,3000,0,0,0,0,0,0,300,105,7300,0,0,-7,0;
base,aot_supply,ice1,3000,0,3000,0,0,0,0,0,0,300,105,7300,0,0,-7,0;
base,aot_supply,ice1,3000,0,3000,0,0,0,0,0,0,300,105,7300,0,0,-7,0;
base,aot_supply,ice1,3000,0,3000,0,0,0,0,0,0,300,110,7300,0,0,-7,0;
base,aot_supply,ice1,3000,0,3000,0,0,0,0,0,0,300,110,7300,0,0,-7,0;
base,aot_supply,ice1,3000,0,3000,0,0,0,0,0,0,300,110,7300,0,0,-7,0;
base,aot_supply,ice1,3000,0,3000,0,0,0,0,0,0,300,110,7300,0,0,-7,0;
base,aot_supply,ice1,3000,0,3000,0,0,0,0,0,0,300,110,7300,0,0,-7,0;
base,aot_supply,ice1,3000,0,3000,0,0,0,0,0,0,300,115,7300,0,0,-7,0;
base,aot_supply,ice1,3000,0,3000,0,0,0,0,0,0,300,115,7300,0,0,-7,0;
base,aot_supply,ice1,3000,0,3000,0,0,0,0,0,0,300,115,7300,0,0,-7,0;
base,aot_supply,ice1,3000,0,3000,0,0,0,0,0,0,300,115,7300,0,0,-7,0;
base,aot_supply,ice1,3000,0,3000,0,0,0,0,0,0,300,115,7300,0,0,-7,0;
base,aot_supply,ice1,3000,0,3000,0,0,0,0,0,0,300,120,7300,0,0,-7,0;
base,aot_supply,ice1,3000,0,3000,0,0,0,0,0,0,300,120,7300,0,0,-7,0;
base,aot_supply,ice1,3000,0,3000,0,0,0,0,0,0,300,120,7300,0,0,-7,0;
base,aot_supply,ice1,3000,0,3000,0,0,0,0,0,0,300,120,7300,0,0,-7,0;
base,aot_supply,ice1,3000,0,3000,0,0,0,0,0,0,300,120,7300,0,0,-7,0;
base,aot_supply,ice1,3000,0,3000,0,0,0,0,0,0,300,125,7300,0,0,-7,0;
base,aot_supply,ice1,3000,0,3000,0,0,0,0,0,0,300,125,7300,0,0,-7,0;
base,aot_supply,ice1,3000,0,3000,0,0,0,0,0,0,300,125,7300,0,0,-7,0;
base,aot_supply,ice1,3000,0,3000,0,0,0,0,0,0,300,125,7300,0,0,-7,0;
base,aot_supply,ice1,3000,0,3000,0,0,0,0,0,0,300,125,7300,0,0,-7,0;
base,aot_supply,ice1,3000,0,3000,0,0,0,0,0,0,300,130,7300,0,0,-7,0;
base,aot_supply,ice1,3000,0,3000,0,0,0,0,0,0,300,130,7300,0,0,-7,0;
base,aot_supply,ice1,3000,0,3000,0,0,0,0,0,0,300,130,7300,0,0,-7,0;
base,aot_supply,ice1,3000,0,3000,0,0,0,0,0,0,300,130,7300,0,0,-7,0;
base,aot_supply,ice1,3000,0,3000,0,0,0,0,0,0,300,130,7300,0,0,-7,0;
base,aot_supply,ice1,3000,0,3000,0,0,0,0,0,0,300,135,7300,0,0,-7,0;
base,aot_supply,ice1,3000,0,3000,0,0,0,0,0,0,300,135,7300,0,0,-7,0;
base,aot_supply,ice1,3000,0,3000,0,0,0,0,0,0,300,135,7300,0,0,-7,0;
base,aot_supply,ice1,3000,0,3000,0,0,0,0,0,0,300,135,7300,0,0,-7,0;
base,aot_supply,ice1,3000,0,3000,0,0,0,0,0,0,300,135,7300,0,0,-7,0;
base,aot_supply,ice1,3000,0,3000,0,0,0,0,0,0,300,140,7300,0,0,-7,0;
base,aot_supply,ice1,3000,0,3000,0,0,0,0,0,0,300,140,7300,0,0,-7,0;
base,aot_supply,ice1,3000,0,3000,0,0,0,0,0,0,300,140,7300,0,0,-7,0;
base,aot_supply,ice1,3000,0,3000,0,0,0,0,0,0,300,140,7300,0,0,-7,0;
base,aot_supply,ice1,3000,0,3000,0,0,0,0,0,0,300,140,7300,0,0,-7,0;
base,aot_supply,ice1,3000,0,3000,0,0,0,0,0,0,300,145,7300,0,0,-7,0;
base,aot_supply,ice1,3000,0,3000,0,0,0,0,0,0,300,145,7300,0,0,-7,0;
base,aot_supply,ice1,3000,0,3000,0,0,0,0,0,0,300,145,7300,0,0,-7,0;
base,aot_supply,ice1,3000,0,3000,0,0,0,0,0,0,300,145,7300,0,0,-7,0;
base,aot_supply,ice1,3000,0,3000,0,0,0,0,0,0,300,145,7300,0,0,-7,0;
custom,trunk1,ice1,5,0.1,5,0,1,1,1,0.01,0.01,-190.8767,9.202566,2925.66,0,0.06961823,0,0.9975737;
custom,trunk1,ice1,5,0.1,5,0,1,1,1,0.01,0.01,-521.9412,9.34909,2887.882,0,0.2016602,0,-0.9794555;
custom,trunk1,ice1,5,0.1,5,0,1,1,1,0.01,0.01,-104.3469,8.479452,2807.722,0,0.4941681,0,0.8693664;
custom,trunk1,ice1,5,0.1,5,0,1,1,1,0.01,0.01,-672.5029,8.73928,2798.951,0,0.2695285,0,-0.9629924;
custom,trunk1,ice1,2,0.1,2,0,1,1,1,0.01,0.01,-265.6865,34.02918,2437.389,0,0.7672921,0,0.6412978;
custom,trunk1,ice1,2,0.1,2,0,1,1,1,0.01,0.01,-453.9417,34.05139,2432.039,0,0.9997674,0,-0.02156715;
custom,trunk1,ice1,2,0.1,2,0,1,1,1,0.01,0.01,-353.7713,39.49103,2393.553,0,0.9995258,0,0.03079162;
custom,trunk1,ice1,2,0.1,2,0,1,1,1,0.01,0.01,-201.0924,44.22622,2353.41,0,0.9991304,0,0.04169538;
custom,trunk1,ice1,2,0.1,2,0,1,1,1,0.01,0.01,-495.928,43.77814,2353.5,0,0.999997,0,0.00246246;
custom,trunk1,ice1,2,0.1,2,0,1,1,1,0.01,0.01,-290.1888,54.42405,2272,0,0.9999982,0,-0.00189857;
custom,trunk1,ice1,2,0.1,2,0,1,1,1,0.01,0.01,-414.3127,53.94832,2273.159,0,0.999997,0,0.002469255;
custom,trunk1,ice1,2,0.1,2,0,1,1,1,0.01,0.01,-346.5402,59.05474,2231.822,0,0.9999767,0,0.006833457;
custom,trunk1,ice1,2,0.1,2,0,1,1,1,0.01,0.01,-98.99664,29.49112,2476.2,0,0.9802952,0,0.1975379;
custom,trunk1,ice1,2,0.1,2,0,1,1,1,0.01,0.01,-622.8356,29.48959,2472.339,0,0.9804209,0,-0.1969132;
custom,trunk1,ice1,2,0.1,2,0,1,1,1,0.01,0.01,-320.1565,69.24471,2152.336,0,0.9990337,0,0.04394994;
custom,trunk1,ice1,2,0.1,2,0,1,1,1,0.01,0.01,-373.8072,68.79026,2152.917,0,0.9998007,0,0.01996583;
custom,trunk1,ice1,10,0.1,10,0,1,1,1,0.01,0.01,-372.2635,114.812,-33.37187,0,0.9679928,0,0.2509779;
custom,trunk1,ice1,2,0.1,2,0,1,1,1,0.01,0.01,-348.1767,58.66848,1942.728,0,0.9999651,0,-0.008355804;
custom,trunk1,ice1,2,0.1,2,0,1,1,1,0.01,0.01,-347.3528,59.10312,1830.828,0,0.9999999,0,0.0003708164;
custom,trunk1,ice1,2,0.1,2,0,1,1,1,0.01,0.01,-350.6804,59.3968,1648.287,0,0.9005937,0,-0.434662;
custom,trunk1,ice1,2,0.1,2,0,1,1,1,0.01,0.01,-345.0489,58.86178,1495.337,0,0.974759,0,0.2232599;
custom,trunk1,ice1,2,0.1,2,0,1,1,1,0.01,0.01,-349.4727,58.63015,1158.944,0,0.9941053,0,-0.1084185;
custom,trunk1,ice1,2,0.1,2,0,1,1,1,0.01,0.01,-339.3914,59.45756,875.3883,0,0.9182823,0,-0.3959263;
custom,trunk1,ice1,2,0.1,2,0,1,1,1,0.01,0.01,-360.9182,59.03033,1378.138,0,0.002660184,0,-0.9999965;
custom,trunk1,ice1,2,0.1,2,0,1,1,1,0.01,0.01,-361.3814,58.82672,737.6713,0,0.9990695,0,-0.04313101;
custom,trunk1,ice1,2,0.1,2,0,1,1,1,0.01,0.01,-342.7696,59.09002,562.4088,0,0.9930108,0,0.1180236;
custom,trunk1,ice1,10,0.1,10,0,1,1,1,0.01,0.01,-256.5566,114.6591,-63.74945,0,0.9442936,0,-0.3291043;
custom,trunk1,ice1,2,0.1,2,0,1,1,1,0.01,0.01,1.868775,59.5191,71.32881,0,0.9999931,0,-0.003719484;
custom,trunk1,ice1,2,0.1,2,0,1,1,1,0.01,0.01,-27.39643,68.73814,-141.1389,0,0.3158711,0,-0.9488021;
custom,trunk1,ice1,2,0.1,2,0,1,1,1,0.01,0.01,24.71342,68.77501,-138.4913,0,0.270792,0,0.9626379;
custom,trunk1,ice1,2,0.1,2,0,1,1,1,0.01,0.01,0.2903484,58.9987,220.7151,0,0.009551769,0,-0.9999544;
custom,trunk1,ice1,2,0.1,2,0,1,1,1,0.01,0.01,-8.633703,59.21278,317.4247,0,0.18523,0,-0.9826952;
custom,trunk1,ice1,2,0.1,2,0,1,1,1,0.01,0.01,-114.9811,59.03796,324.6093,0,0.7334399,0,-0.6797544;
custom,trunk1,ice1,2,0.1,2,0,1,1,1,0.01,0.01,-230.697,37.97398,329.2363,-0.1377959,0.7027854,-0.1417064,-0.6833917;
custom,trunk1,ice1,2,0.1,2,0,1,1,1,0.01,0.01,-465.8205,36.38453,329.8169,0.1398885,0.6805492,0.1347524,-0.7064884;
custom,trunk1,ice1,2,0.1,2,0,1,1,1,0.01,0.01,-621.8505,59.35229,320.0874,0,0.6778951,0,-0.7351587;
custom,trunk1,ice1,2,0.1,2,0,1,1,1,0.01,0.01,-623.9702,59.32648,200.7885,0,0.9999942,0,-0.003404059;
custom,trunk1,ice1,3,0.1,3,0,1,1,1,0.01,0.01,-634.9383,59.15403,87.81129,0,0.9999718,0,0.007507091;
custom,trunk1,ice1,3,0.1,3,0,1,1,1,0.01,0.01,-618.6078,59.39353,-87.75468,0,0.9986923,0,0.05112524;
custom,trunk1,ice1,3,0.1,3,0,1,1,1,0.01,0.01,-636.697,59.37394,-243.7942,0,0.99997,0,-0.007753696;
custom,trunk1,ice1,3,0.1,3,0,1,1,1,0.01,0.01,-625.9284,58.8743,-540.8376,0,0.999735,0,-0.02301971;
custom,trunk1,ice1,3,0.1,3,0,1,1,1,0.01,0.01,-548.0245,58.98248,-588.7733,0,0.7540602,0,0.6568053;
custom,trunk1,ice1,3,0.1,3,0,1,1,1,0.01,0.01,-334.3348,59.30908,-580.3926,0,0.6748596,0,0.7379462;
custom,trunk1,ice1,3,0.1,3,0,1,1,1,0.01,0.01,-124.2578,59.0732,-581.9873,0,0.7048598,0,0.7093467;
custom,trunk1,ice1,3,0.1,3,0,1,1,1,0.01,0.01,130.2977,58.75043,-574.5225,0,0.7171312,0,0.6969382;
custom,trunk1,ice1,3,0.1,3,0,1,1,1,0.01,0.01,266.5438,58.72436,-582.8091,0,0.741016,0,0.6714874;
custom,trunk1,ice1,4,0.1,4,0,1,1,1,0.01,0.01,447.2066,-0.6661689,-584.6605,0,0.8058508,0,0.5921187;
custom,trunk1,ice1,4,0.1,4,0,1,1,1,0.01,0.01,618.8188,-0.08736946,-590.2988,0,0.7335946,0,0.6795874;
custom,trunk1,ice1,4,0.1,4,0,1,1,1,0.01,0.01,689.8691,-0.4896569,-431.098,0,0.003324892,0,-0.9999945;
custom,trunk1,ice1,4,0.1,4,0,1,1,1,0.01,0.01,539.8167,-0.9303449,-351.278,0,0.730667,0,-0.682734;
custom,trunk1,ice1,4,0.1,4,0,1,1,1,0.01,0.01,338.7512,-0.4960648,-351.7651,0,0.7001947,0,-0.7139519;
custom,trunk1,ice1,4,0.1,4,0,1,1,1,0.01,0.01,291.3325,-0.2308445,-237.3448,0,0.1487895,0,0.9888689;
custom,trunk1,ice1,4,0.1,4,0,1,1,1,0.01,0.01,489.852,-0.6745366,-230.5625,0,0.638522,0,0.7696037;
custom,trunk1,ice1,4,0.1,4,0,1,1,1,0.01,0.01,501.2296,-0.9019048,5.326592,0,0.009922731,0,-0.9999508;
custom,trunk1,ice1,4,0.1,4,0,1,1,1,0.01,0.01,616.6518,-0.5900486,88.57567,0,0.5563874,0,0.830923;
custom,trunk1,ice1,4,0.1,4,0,1,1,1,0.01,0.01,521.4339,-0.2488398,205.6263,0,0.6844807,0,-0.729031;
custom,trunk1,ice1,4,0.1,4,0,1,1,1,0.01,0.01,236.8237,-1.011412,192.5522,0,0.7381033,0,-0.6746878;
custom,trunk1,ice1,4,0.1,4,0,1,1,1,0.01,0.01,184.9374,0.09744867,21.88405,0,0.999504,0,-0.03149423;
custom,trunk1,ice1,4,0.1,4,0,1,1,1,0.01,0.01,189.5601,0.3939286,-282.4954,0,0.9999532,0,-0.009680522;
custom,trunk1,ice1,4,0.1,4,0,1,1,1,0.01,0.01,29.03075,-0.9411259,-434.884,0,0.9633759,0,-0.2681544;
custom,trunk1,ice1,4,0.1,4,0,1,1,1,0.01,0.01,-155.9253,-0.2997022,-480.6206,0,0.7217145,0,-0.6921909;
custom,trunk1,ice1,4,0.1,4,0,1,1,1,0.01,0.01,-349.6024,-0.6933826,-425.8853,0,0.2176674,0,-0.976023;
custom,trunk1,ice1,4,0.1,4,0,1,1,1,0.01,0.01,-259.6457,-0.5827151,-293.6598,0,0.2994636,0,0.9541077;
custom,trunk1,ice1,4,0.1,4,0,1,1,1,0.01,0.01,-121.4307,-0.6232666,-173.2248,0,0.3036239,0,0.952792;
custom,trunk1,ice1,5,0.1,5,0,1,1,1,0.01,0.01,-451.5568,-0.3928333,-308.7386,0,0.468706,0,-0.8833542;
custom,trunk1,ice1,5,0.1,5,0,1,1,1,0.01,0.01,-435.3576,-0.7966578,174.1759,0,0.4174201,0,0.9087136;
custom,trunk1,ice1,5,0.1,5,0,1,1,1,0.01,0.01,-155.4996,-0.3132163,190.0555,0,0.71687,0,0.6972069;
custom,trunk1,ice1,2,0.1,3,0,1,1,1,0.01,0.01,-79.59937,59.65591,-51.74536,0,0.9999936,0,0.003581592;
custom,trunk1,ice1,2,0.1,2,0,1,1,1,0.01,0.01,-348.8641,59.44839,425.9313,0,0.9994883,0,0.03198801;
