ustomb,house1,default,1,2,4,0,1,1,1,1,1,35.44447,28.94678,49.79299,0,0.001988973,0,0.999998;
customb,house1,default,1,2,4,0,1,1,1,1,1,-48.26204,29.04658,50.52008,0,0.01333374,0,-0.9999111;
customb,house1,default,1,2,1.5,0,1,1,1,1,1,-11.72746,29.7651,-79.874,0,0.7034801,0,0.7107149;
custom,cuboid,stone5,6,4,1,0,1,1,1,1,1,23.61696,1023.918,273.7187,0,0.8321651,0,-0.5545281;
custom,cuboid,stone5,10,7,1,0,1,1,1,1,1,35.6333,1074.616,245.9493,0,0.8349856,0,-0.5502719;
custom,cylinder,stone1,20,55,20,0,1,1,1,1,1,-10.86453,552.4188,374.5767,0,-0.003254699,0,0.9999947;
custom,cylinder,stone2,10,5,10,0,1,1,1,1,1,-7.269434,344.5537,240.9926,0,0.7091957,0,0.7050117;
custom,cylinder,stone2,10,5,10,0,1,1,1,1,1,-8.249863,147.6026,241.9979,0,0.7091957,0,0.7050117;
custom,cylinder,stone2,10,5,10,0,1,1,1,1,1,-4.576321,439.75,512.2935,0,0.7091247,0,0.7050832;
custom,cylinder,stone2,10,5,10,0,1,1,1,1,1,37.04524,39.20531,505.8937,0,0.7680274,0,-0.640417;
custom,cylinder,stone2,10,5,10,0,1,1,1,1,1,-5.523381,242.2843,512.0967,0,0.7091247,0,0.7050832;
custom,cylinder,stone2,10,5,10,0,1,1,1,1,1,-6.312089,541.7997,240.9876,0,0.7091957,0,0.7050117;
custom,cylinder,stone2,10,5,10,0,1,1,1,1,1,124.5115,392.0076,376.3315,0,0.004032752,0,-0.9999919;
custom,cylinder,stone2,10,5,10,0,1,1,1,1,1,-4.998505,737.3495,239.9801,0,0.7091957,0,0.7050117;
custom,cylinder,stone2,10,5,10,0,1,1,1,1,1,-7.062321,45.9748,511.7545,0,0.7273614,0,0.6862546;
custom,cylinder,stone2,10,5,10,0,1,1,1,1,1,2.457427,930.1222,232.1948,0,0.710732,0,0.7034628;
custom,cylinder,stone2,10,5,10,0,1,1,1,1,1,125.0655,194.9825,374.9212,0,0.00185004,0,-0.9999983;
custom,cylinder,stone2,10,5,10,0,1,1,1,1,1,-2.534743,638.1037,513.7694,0,0.6840832,0,0.729404;
custom,cylinder,stone2,10,5,10,0,1,1,1,1,1,-147.3594,491.4982,369.6489,0,0.9999977,0,-0.002161426;
custom,cylinder,stone2,10,5,10,0,1,1,1,1,1,-4.750297,836.0188,514.6651,0,0.6614583,0,0.749982;
custom,cylinder,stone2,10,2.5,10,0,1,1,1,1,1,126.0204,31.91575,374.5525,0,0.7052154,0,-0.7089931;
custom,cylinder,bark,45,1,45,1,0,0.5568182,1,1,1,-14.05923,1108.829,384.3992,0,0.02886673,0,-0.9995833;
custom,cylinder,stone2,10,5,10,0,1,1,1,1,1,-147.1619,294.2643,369.2345,0,0.9999977,0,-0.002161426;
custom,cylinder,stone2,10,5,10,0,1,1,1,1,1,124.7186,587.7032,376.7992,0,0.0090339,0,0.9999592;
custom,cylinder,stone2,10,5,10,0,1,1,1,1,1,91.41475,23.73527,475.6121,0,0.6333632,0,-0.7738547;
custom,cylinder,stone2,10,5,10,0,1,1,1,1,1,124.7315,785.694,375.1727,0,0.004663086,0,0.9999892;
custom,cylinder,stone2,10,7.5,10,0,1,1,1,1,1,-146.5365,72.00919,369.9061,0,0.689979,0,0.7238294;
custom,cuboid,stone5,10,4,1,0,1,1,1,1,1,39.90071,991.0457,235.8808,0,0.8347281,0,-0.5506624;
custom,cylinder,stone2,10,5,10,0,1,1,1,1,1,-38.05387,52.98145,508.1396,0,0.8905377,0,-0.4549096;
custom,cylinder,stone2,10,5,10,0,1,1,1,1,1,-147.1579,687.9523,369.6976,0,0.9999977,0,-0.002161426;
custom,cylinder,stone2,10,5,10,0,1,1,1,1,1,105.755,18.52872,445.2383,0,0.4740392,0,-0.8805037;
custom,cylinder,stone2,10,5,10,0,1,1,1,1,1,-147.0739,884.0139,368.4234,0,0.9999622,0,-0.008703404;
custom,cylinder,stone2,10,5,10,0,1,1,1,1,1,121.9138,12.80525,413.4901,0,0.2256749,0,-0.9742027;
custom,cylinder,stone2,10,5,10,0,1,1,1,1,1,70.21152,31.16598,495.3497,0,0.6937204,0,-0.7202444;
custom,cylinder,stone2,10,5,10,0,1,1,1,1,1,-63.77558,61.09012,498.603,0,0.8934983,0,-0.4490665;
custom,cylinder,stone2,10,5,10,0,1,1,1,1,1,-92.34515,69.80983,487.4197,0,0.9838577,0,-0.1789527;
custom,cylinder,stone2,10,5,10,0,1,1,1,1,1,-116.9295,77.35442,467.517,0,0.9946423,0,-0.1033763;
custom,cylinder,stone2,10,5,10,0,1,1,1,1,1,-133.0961,83.67493,443.3855,0,0.999355,0,-0.0359102;
custom,cylinder,stone2,10,5,10,0,1,1,1,1,1,-141.9829,90.75958,408.3293,0,0.9999269,0,0.01209642;
custom,cylinder,stone2,10,5,10,0,1,1,1,1,1,-143.7636,103.9144,340.8917,0,0.9796723,0,0.2006048;
custom,cylinder,stone2,10,5,10,0,1,1,1,1,1,-130.6442,110.4967,311.8456,0,0.977425,0,0.211283;
custom,cylinder,stone2,10,5,10,0,1,1,1,1,1,-106.0019,118.0426,287.7795,0,0.9513369,0,0.3081529;
custom,cylinder,stone2,10,5,10,0,1,1,1,1,1,-84.98978,125.6535,269.6233,0,0.869724,0,0.4935383;
custom,cylinder,stone2,10,5,10,0,1,1,1,1,1,-65.6105,133.942,255.7078,0,0.8233978,0,0.5674647;
custom,cylinder,stone2,10,5,10,0,1,1,1,1,1,-45.16428,141.0375,242.0034,0,0.7638091,0,0.6454422;
custom,cylinder,stone2,10,5,10,0,1,1,1,1,1,21.55307,154.6119,245.396,0,0.5490331,0,0.8358006;
custom,cylinder,stone2,10,5,10,0,1,1,1,1,1,42.41021,161.5259,248.7906,0,0.5599256,0,0.8285429;
custom,cylinder,stone2,10,5,10,0,1,1,1,1,1,63.21509,166.9699,256.0064,0,0.5508546,0,0.8346012;
custom,cylinder,stone2,10,5,10,0,1,1,1,1,1,80.10691,173.2012,267.3795,0,0.4702512,0,0.8825327;
custom,cylinder,stone2,10,5,10,0,1,1,1,1,1,95.66814,178.9686,284.438,0,0.2617776,0,0.9651282;
custom,cylinder,stone2,10,5,10,0,1,1,1,1,1,111.0736,184.8714,306.1803,0,0.2343023,0,0.9721638;
custom,cylinder,stone2,10,5,10,0,1,1,1,1,1,119.8206,189.7126,340.5818,0,0.1551495,0,0.987891;
custom,cylinder,stone2,10,5,10,0,1,1,1,1,1,122.375,200.9944,409.0804,0,0.1536151,0,-0.9881308;
custom,cylinder,stone2,10,5,10,0,1,1,1,1,1,116.1018,208.1637,430.4918,0,0.2095629,0,-0.9777952;
custom,cylinder,stone2,10,5,10,0,1,1,1,1,1,107.0866,215.7845,455.2772,0,0.2074771,0,-0.9782399;
custom,cylinder,stone2,10,5,10,0,1,1,1,1,1,95.8273,222.9482,473.3628,0,0.2415135,0,-0.9703975;
custom,cylinder,stone2,10,5,10,0,1,1,1,1,1,72.11316,228.968,492.046,0,0.2961669,0,-0.9551362;
custom,cylinder,stone2,10,5,10,0,1,1,1,1,1,30.92808,235.5935,503.5217,0,0.5534427,0,-0.8328873;
custom,cylinder,stone2,10,5,10,0,1,1,1,1,1,-32.19852,247.52,506.4218,0,0.8301606,0,-0.5575245;
custom,cylinder,stone2,10,5,10,0,1,1,1,1,1,-58.12727,253.6896,502.2898,0,0.857085,0,-0.515175;
custom,cylinder,stone2,10,5,10,0,1,1,1,1,1,-79.89664,259.4489,491.5779,0,0.8681275,0,-0.4963414;
custom,cylinder,stone2,10,5,10,0,1,1,1,1,1,-96.92138,265.8943,484.8356,0,0.8615571,0,-0.5076609;
custom,cylinder,stone2,10,5,10,0,1,1,1,1,1,-114.1113,271.6364,472.0325,0,0.8938971,0,-0.4482722;
custom,cylinder,stone2,10,5,10,0,1,1,1,1,1,-129.9499,277.1691,453.5954,0,0.8899525,0,-0.4560532;
custom,cylinder,stone2,10,5,10,0,1,1,1,1,1,-145.4514,282.4355,427.705,0,0.9530184,0,-0.3029123;
custom,cylinder,stone2,10,5,10,0,1,1,1,1,1,-149.8448,287.8063,399.6417,0,0.9556261,0,-0.2945826;
custom,cylinder,stone2,10,5,10,0,1,1,1,1,1,-142.3886,300.8456,346.9903,0,0.9728789,0,0.2313153;
custom,cylinder,stone2,10,5,10,0,1,1,1,1,1,-134.2547,306.2182,324.0486,0,0.9790448,0,0.2036451;
custom,cylinder,stone2,10,5,10,0,1,1,1,1,1,-124.7873,312.3714,303.2532,0,0.979924,0,0.1993716;
custom,cylinder,stone2,10,5,10,0,1,1,1,1,1,-115.5592,317.2754,286.1375,0,0.9296037,0,0.3685606;
custom,cylinder,stone2,10,5,10,0,1,1,1,1,1,-97.89401,323.7029,273.8859,0,0.9523819,0,0.3049076;
custom,cylinder,stone2,10,5,10,0,1,1,1,1,1,-83.58187,330.2596,261.5119,0,0.9246919,0,0.3807164;
custom,cylinder,stone2,10,5,10,0,1,1,1,1,1,-65.3215,335.127,249.9429,0,0.863807,0,0.5038229;
custom,cylinder,stone2,10,5,10,0,1,1,1,1,1,-35.34001,339.5563,243.9716,0,0.8302218,0,0.5574331;
custom,cylinder,stone2,10,5,10,0,1,1,1,1,1,16.93031,351.0742,243.0649,0,0.6308802,0,0.7758803;
custom,cylinder,stone2,10,5,10,0,1,1,1,1,1,38.76817,356.7632,248.7971,0,0.5204879,0,0.8538691;
custom,cylinder,stone2,10,5,10,0,1,1,1,1,1,60.50834,362.2927,259.0715,0,0.4960645,0,0.8682857;
custom,cylinder,stone2,10,5,10,0,1,1,1,1,1,80.52444,368.4091,268.5945,0,0.4998465,0,0.866114;
custom,cylinder,stone2,10,5,10,0,1,1,1,1,1,98.97488,373.9012,282.1154,0,0.4125445,0,0.9109374;
custom,cylinder,stone2,10,5,10,0,1,1,1,1,1,114.7609,380.2084,305.1166,0,0.4184973,0,0.9082181;
custom,cylinder,stone2,10,5,10,0,1,1,1,1,1,124.3634,386.5662,335.2836,0,0.1670217,0,0.9859532;
custom,cylinder,stone2,10,5,10,0,1,1,1,1,1,123.2571,398.7406,402.0608,0,0.1461103,0,-0.9892683;
custom,cylinder,stone2,10,5,10,0,1,1,1,1,1,115.1966,404.2574,420.104,0,0.1677001,0,-0.9858381;
custom,cylinder,stone2,10,5,10,0,1,1,1,1,1,106.8806,410.5485,442.373,0,0.1741498,0,-0.9847192;
custom,cylinder,stone2,10,5,10,0,1,1,1,1,1,97.82105,417.2789,459.7887,0,0.1805937,0,-0.9835578;
custom,cylinder,stone2,10,5,10,0,1,1,1,1,1,86.91807,421.9331,474.6931,0,0.2126866,0,-0.9771205;
custom,cylinder,stone2,10,5,10,0,1,1,1,1,1,76.0487,426.1097,493.0407,0,0.28036,0,-0.959895;
custom,cylinder,stone2,10,5,10,0,1,1,1,1,1,28.61006,434.2222,509.6099,0,0.5136542,0,-0.8579973;
custom,cylinder,stone2,10,5,10,0,1,1,1,1,1,55.50548,430.2655,500.8204,0,0.6856579,0,-0.7279239;
custom,cylinder,stone2,10,5,10,0,1,1,1,1,1,-33.97044,444.2639,504.9299,0,0.8391416,0,-0.543913;
custom,cylinder,stone2,10,5,10,0,1,1,1,1,1,-56.13485,449.6401,496.9507,0,0.8246252,0,-0.5656795;
custom,cylinder,stone2,10,5,10,0,1,1,1,1,1,-75.0212,454.9216,491.0122,0,0.8258573,0,-0.5638792;
custom,cylinder,stone2,10,5,10,0,1,1,1,1,1,-91.19756,460.4995,483.8925,0,0.8295305,0,-0.5584615;
custom,cylinder,stone2,10,5,10,0,1,1,1,1,1,-106.6484,465.4791,476.1028,0,0.8697181,0,-0.4935488;
custom,cylinder,stone2,10,5,10,0,1,1,1,1,1,-118.9812,470.3329,465.7106,0,0.8718632,0,-0.4897495;
custom,cylinder,stone2,10,5,10,0,1,1,1,1,1,-130.4419,475.222,450.8084,0,0.9465146,0,-0.3226609;
custom,cylinder,stone2,10,5,10,0,1,1,1,1,1,-145.4461,486.8807,398.3802,0,0.971554,0,-0.2368181;
custom,cylinder,stone2,10,5,10,0,1,1,1,1,1,-139.0201,480.5831,426.3395,0,0.8172056,0,-0.5763463;
custom,cylinder,stone2,10,5,10,0,1,1,1,1,1,-143.6159,496.0732,345.7166,0,0.982248,0,0.187587;
custom,cylinder,stone2,10,5,10,0,1,1,1,1,1,-136.4268,502.4844,321.318,0,0.9656422,0,0.2598755;
custom,cylinder,stone2,10,5,10,0,1,1,1,1,1,-127.0068,508.2823,301.8289,0,0.9639186,0,0.2661975;
custom,cylinder,stone2,10,5,10,0,1,1,1,1,1,-110.5,514.0509,284.0213,0,0.9533817,0,0.3017673;
custom,cylinder,stone2,10,5,10,0,1,1,1,1,1,-97.03551,520.0711,268.6473,0,0.9479654,0,0.3183733;
custom,cylinder,stone2,10,5,10,0,1,1,1,1,1,-80.56676,526.3019,255.1444,0,0.9578726,0,0.2871934;
custom,cylinder,stone2,10,5,10,0,1,1,1,1,1,-60.11749,531.214,247.6268,0,0.8740656,0,0.4858079;
custom,cylinder,stone2,10,5,10,0,1,1,1,1,1,-36.62652,535.7605,240.5495,0,0.8708661,0,0.4915204;
custom,cylinder,stone2,10,5,10,0,1,1,1,1,1,19.502,548.0941,249.5818,0,0.5886157,0,0.808413;
custom,cylinder,stone2,10,5,10,0,1,1,1,1,1,38.74819,554.6815,257.4787,0,0.5270852,0,0.8498124;
custom,cylinder,stone2,10,5,10,0,1,1,1,1,1,56.71449,559.6837,262.5218,0,0.5140446,0,0.8577635;
custom,cylinder,stone2,10,5,10,0,1,1,1,1,1,74.04322,565.9036,273.1991,0,0.5177823,0,0.8555124;
custom,cylinder,stone2,10,5,10,0,1,1,1,1,1,87.83778,570.3042,287.2791,0,0.5215093,0,0.8532456;
custom,cylinder,stone2,10,5,10,0,1,1,1,1,1,114.5715,578.8676,325.6025,0,0.5008839,0,0.8655145;
custom,cylinder,stone2,10,5,10,0,1,1,1,1,1,123.3664,583.0245,348.8605,0,0.314132,0,0.9493793;
custom,cylinder,stone2,10,5,10,0,1,1,1,1,1,104.0926,575.0259,303.3256,0,0.1530998,0,0.9882107;
custom,cylinder,stone2,10,5,10,0,1,1,1,1,1,121.8611,593.2687,396.5053,0,0.1298396,0,-0.991535;
custom,cylinder,stone2,10,5,10,0,1,1,1,1,1,114.7476,598.6727,412.4094,0,0.1255664,0,-0.9920852;
custom,cylinder,stone2,10,5,10,0,1,1,1,1,1,101.0687,608.4464,446.6328,0,0.1558457,0,-0.9877814;
custom,cylinder,stone2,10,5,10,0,1,1,1,1,1,91.11608,613.7159,466.8503,0,0.1838341,0,-0.9829573;
custom,cylinder,stone2,10,5,10,0,1,1,1,1,1,73.63272,618.7227,481.9579,0,0.2329172,0,-0.9724966;
custom,cylinder,stone2,10,5,10,0,1,1,1,1,1,55.81132,623.6359,494.8985,0,0.2667458,0,-0.9637669;
custom,cylinder,stone2,10,5,10,0,1,1,1,1,1,39.7104,628.7005,504.5698,0,0.4881938,0,-0.8727353;
custom,cylinder,stone2,10,5,10,0,1,1,1,1,1,18.46365,633.7454,511.4886,0,0.5569879,0,-0.8305206;
custom,cylinder,stone2,10,5,10,0,1,1,1,1,1,106.0252,603.1048,429.3856,0,0.09329575,0,-0.9956384;
custom,cylinder,stone2,10,5,10,0,1,1,1,1,1,-28.05034,642.8369,510.4363,0,0.7997544,0,-0.6003274;
custom,cylinder,stone2,10,5,10,0,1,1,1,1,1,-51.39271,648.1802,505.3954,0,0.811395,0,-0.5844982;
custom,cylinder,stone2,10,5,10,0,1,1,1,1,1,-73.80353,653.9955,495.1214,0,0.8288742,0,-0.5594352;
custom,cylinder,stone2,10,5,10,0,1,1,1,1,1,-95.08369,660.0383,476.3019,0,0.8658837,0,-0.5002453;
custom,cylinder,stone2,10,5,10,0,1,1,1,1,1,-112.5944,665.6251,462.6694,0,0.8349363,0,-0.5503467;
custom,cylinder,stone2,10,5,10,0,1,1,1,1,1,-127.2442,670.8464,444.3807,0,0.8948125,0,-0.4464422;
custom,cylinder,stone2,10,5,10,0,1,1,1,1,1,-138.5127,677.262,422.2198,0,0.9396,0,-0.3422745;
custom,cylinder,stone2,10,5,10,0,1,1,1,1,1,-144.5753,682.226,397.0352,0,0.9908295,0,-0.1351185;
custom,cylinder,stone2,10,5,10,0,1,1,1,1,1,-142.4191,693.2101,344.386,0,0.98368,0,0.1799267;
custom,cylinder,stone2,10,5,10,0,1,1,1,1,1,-132.3319,698.2197,320.5769,0,0.9659663,0,0.2586679;
custom,cylinder,stone2,10,5,10,0,1,1,1,1,1,-123.195,703.5843,301.7615,0,0.9531017,0,0.3026504;
custom,cylinder,stone2,10,5,10,0,1,1,1,1,1,-110.7182,708.9938,284.4251,0,0.951769,0,0.3068157;
custom,cylinder,stone2,10,5,10,0,1,1,1,1,1,-98.7849,714.0922,269.9232,0,0.9524326,0,0.3047494;
custom,cylinder,stone2,10,5,10,0,1,1,1,1,1,-79.828,718.8013,256.6425,0,0.9304593,0,0.3663952;
custom,cylinder,stone2,10,5,10,0,1,1,1,1,1,-60.28838,725.1904,249.0027,0,0.8583378,0,0.5130851;
custom,cylinder,stone2,10,5,10,0,1,1,1,1,1,-36.34926,731.7476,241.1443,0,0.7907447,0,0.6121461;
custom,cylinder,stone2,10,5,10,0,1,1,1,1,1,18.50641,741.5677,243.8153,0,0.5465127,0,0.8374509;
custom,cylinder,stone2,10,5,10,0,1,1,1,1,1,37.22562,746.5056,251.4294,0,0.6018563,0,0.7986045;
custom,cylinder,stone2,10,5,10,0,1,1,1,1,1,58.78536,752.8473,262.4331,0,0.5132096,0,0.8582633;
custom,cylinder,stone2,10,5,10,0,1,1,1,1,1,72.38852,758.7918,273.4612,0,0.4772011,0,0.8787941;
custom,cylinder,stone2,10,5,10,0,1,1,1,1,1,84.94806,764.7086,287.3739,0,0.4206819,0,0.9072083;
custom,cylinder,stone2,10,5,10,0,1,1,1,1,1,108.6084,773.8668,332.8942,0,0.3214822,0,0.9469156;
custom,cylinder,stone2,10,5,10,0,1,1,1,1,1,116.9183,779.4648,349.6992,0,0.2313669,0,0.9728666;
custom,cylinder,stone2,10,5,10,0,1,1,1,1,1,97.96616,769.2908,306.2944,0,0.1735868,0,0.9848186;
custom,cylinder,stone2,10,5,10,0,1,1,1,1,1,122.5459,790.7353,399.512,0,0.1544516,0,-0.9880004;
custom,cylinder,stone2,10,5,10,0,1,1,1,1,1,111.3201,796.4471,423.13,0,0.1545392,0,-0.9879867;
custom,cylinder,stone2,10,5,10,0,1,1,1,1,1,101.3953,801.7563,442.1874,0,0.1846461,0,-0.9828051;
custom,cylinder,stone2,10,5,10,0,1,1,1,1,1,91.89246,806.5875,462.0231,0,0.2401154,0,-0.9707444;
custom,cylinder,stone2,10,5,10,0,1,1,1,1,1,77.3322,811.2624,475.753,0,0.2274128,0,-0.9737985;
custom,cylinder,stone2,10,5,10,0,1,1,1,1,1,64.31262,815.2433,488.3463,0,0.4717229,0,-0.8817468;
custom,cylinder,stone2,10,5,10,0,1,1,1,1,1,48.57801,820.1652,494.9142,0,0.5810232,0,-0.8138871;
custom,cylinder,stone2,10,5,10,0,1,1,1,1,1,36.73216,824.9032,503.6059,0,0.5792531,0,-0.8151478;
custom,cylinder,stone2,10,5,10,0,1,1,1,1,1,21.47099,830.4283,511.008,0,0.6177361,0,-0.7863855;
custom,cylinder,stone2,10,5,10,0,1,1,1,1,1,-23.1497,840.7736,507.6526,0,0.8054512,0,-0.5926622;
custom,cylinder,stone2,10,5,10,0,1,1,1,1,1,-41.93013,844.9018,502.008,0,0.8093132,0,-0.5873774;
custom,cylinder,stone2,10,5,10,0,1,1,1,1,1,-58.02208,849.685,494.9683,0,0.8281031,0,-0.5605759;
custom,cylinder,stone2,10,5,10,0,1,1,1,1,1,-75.48219,854.659,484.9069,0,0.8684583,0,-0.4957621;
custom,cylinder,stone2,10,5,10,0,1,1,1,1,1,-92.93138,860.0676,472.4961,0,0.8695421,0,-0.493859;
custom,cylinder,stone2,10,5,10,0,1,1,1,1,1,-108.4072,864.6215,456.5834,0,0.8684633,0,-0.4957535;
custom,cylinder,stone2,10,5,10,0,1,1,1,1,1,-121.192,869.1695,442.9739,0,0.9398761,0,-0.3415156;
custom,cylinder,stone2,10,5,10,0,1,1,1,1,1,-130.1989,874.3308,421.5522,0,0.9877737,0,-0.1558946;
custom,cylinder,stone2,10,5,10,0,1,1,1,1,1,-141.2981,878.7554,393.8787,0,0.987084,0,-0.160204;
custom,cylinder,stone2,10,5,10,0,1,1,1,1,1,-146.728,888.8462,346.662,0,0.9843066,0,0.1764668;
custom,cylinder,stone2,10,5,10,0,1,1,1,1,1,-140.8348,893.671,322.2917,0,0.9823211,0,0.1872038;
custom,cylinder,stone2,10,5,10,0,1,1,1,1,1,-132.4321,898.2933,307.4058,0,0.9756675,0,0.2192556;
custom,cylinder,stone2,10,5,10,0,1,1,1,1,1,-93.9545,908.889,277.2588,0,0.9802158,0,0.1979318;
custom,cylinder,stone2,10,5,10,0,1,1,1,1,1,-81.06874,914.2402,264.7875,0,0.9087501,0,0.4173407;
custom,cylinder,stone2,10,5,10,0,1,1,1,1,1,-63.27221,918.7474,250.7383,0,0.8358827,0,0.5489082;
custom,cylinder,stone2,10,5,10,0,1,1,1,1,1,-40.8808,925.4035,241.1192,0,0.8322693,0,0.5543716;
custom,cylinder,stone2,10,5,10,0,1,1,1,1,1,-113.3531,903.2361,293.5635,0,0.8418118,0,0.5397711;
custom,cylinder,stone2,10,5,10,0,1,1,1,1,1,122.497,1.207808,345.782,0,0.2046843,0,-0.9788281;
custom,cylinder,stone2,10,5,10,0,1,1,1,1,1,113.6441,-3.944907,324.3855,0,0.1811466,0,-0.9834561;
custom,cylinder,stone2,10,5,10,0,1,1,1,1,1,99.00148,-9.122882,303.5354,0,0.2281374,0,-0.9736289;
custom,cylinder,stone2,10,5,10,0,1,1,1,1,1,-8.386691,-47.18875,171.9655,0,0.003295328,0,-0.9999946;
custom,cylinder,stone2,10,5,10,0,1,1,1,1,1,-9.623834,-44.63841,191.0176,0,0.9741158,0,0.2260497;
custom,cylinder,stone2,10,5,10,0,1,1,1,1,1,-5.798312,-42.17694,207.7341,0,0.8953744,0,0.4453141;
custom,cylinder,stone2,10,5,10,0,1,1,1,1,1,-3.855066,-38.30597,224.2862,0,0.7481556,0,0.6635234;
custom,cylinder,stone2,10,5,10,0,1,1,1,1,1,3.326453,-34.62953,237.5784,0,0.7349809,0,0.6780878;
custom,cylinder,stone2,10,5,10,0,1,1,1,1,1,18.40676,-31.40284,246.4108,0,0.7139285,0,0.7002187;
custom,cylinder,stone2,10,5,10,0,1,1,1,1,1,31.38545,-27.93306,252.3739,0,0.682704,0,0.7306951;
custom,cylinder,stone2,10,5,10,0,1,1,1,1,1,43.70557,-24.30171,256.6348,0,0.6953512,0,0.7186701;
custom,cylinder,stone2,10,5,10,0,1,1,1,1,1,58.30873,-20.56339,258.6533,0,0.6858397,0,0.7277527;
custom,cylinder,stone2,10,5,10,0,1,1,1,1,1,73.16557,-17.75088,266.6885,0,0.7184495,0,0.6955791;
custom,cylinder,stone2,10,5,10,0,1,1,1,1,1,86.75264,-13.69706,281.3583,0,0.6198004,0,0.7847595;
custom,cylinder,stone5,3,60,3,0,1,1,1,1,1,68.88667,518.9495,204.0049,0,0.4446907,0,0.8956842;
custom,cylinder,stone5,3,60,3,0,1,1,1,1,1,108.7554,520.6013,222.1361,0,0.3972042,0,0.9177303;
custom,cylinder,stone5,3,60,3,0,1,1,1,1,1,50.63705,519.5441,200.8261,0,0.395201,0,0.9185947;
custom,cylinder,stone5,3,60,3,0,1,1,1,1,1,89.73461,520.007,211.5288,0,0.3629014,0,0.9318275;
custom,cylinder,stone5,3,60,3,0,1,1,1,1,1,121.5276,520.8174,234.3129,0,0.2360491,0,0.9717411;
custom,cylinder,stone5,3,60,3,0,1,1,1,1,1,177.7004,519.0255,319.275,0,0.07895433,0,0.9968782;
custom,cylinder,stone5,3,60,3,0,1,1,1,1,1,181.2314,519.7634,359.8281,0,0.07796893,0,-0.9969558;
custom,cylinder,stone5,3,60,3,0,1,1,1,1,1,174.0867,519.6528,422.2665,0,0.2159721,0,-0.9763995;
custom,cylinder,stone5,3,60,3,0,1,1,1,1,1,169.7287,519.1074,436.8656,0,0.3782179,0,-0.9257166;
custom,cylinder,stone5,3,60,3,0,1,1,1,1,1,126.1356,520.0281,516.2347,0,0.5052633,0,-0.8629652;
custom,cylinder,stone5,3,60,3,0,1,1,1,1,1,96.0364,520.5504,539.8847,0,0.6306664,0,-0.7760541;
custom,cylinder,stone5,3,60,3,0,1,1,1,1,1,14.43628,520.0759,568.5643,0,0.7657595,0,-0.6431271;
custom,cylinder,stone5,3,60,3,0,1,1,1,1,1,-42.39183,519.7897,562.0174,0,0.8348469,0,-0.5504822;
custom,cylinder,stone5,3,60,3,0,1,1,1,1,1,-95.53052,520.7037,546.7052,0,0.8868092,0,-0.4621359;
custom,cylinder,stone5,3,60,3,0,1,1,1,1,1,-112.2046,519.8908,535.5004,0,0.9115829,0,-0.4111162;
custom,cylinder,stone5,3,60,3,0,1,1,1,1,1,-159.8624,520.1439,495.5388,0,0.9605372,0,-0.2781516;
custom,cylinder,stone5,3,60,3,0,1,1,1,1,1,-190.4376,521.132,456.4703,0,0.9908072,0,-0.1352815;
custom,cylinder,stone5,3,60,3,0,1,1,1,1,1,-200.0391,519.4445,422.1741,0,0.9971187,0,0.0758575;
custom,cylinder,stone5,3,60,3,0,1,1,1,1,1,-204.0418,519.2763,380.8121,0,0.9874117,0,0.1581713;
custom,cylinder,stone5,3,60,3,0,1,1,1,1,1,-200.2339,519.8099,358.2295,0,0.9786852,0,0.2053662;
custom,cylinder,stone5,3,60,3,0,1,1,1,1,1,-195.4497,518.9096,315.9445,0,0.9671526,0,0.2541967;
custom,cylinder,stone5,3,60,3,0,1,1,1,1,1,-176.26,519.3831,278.1971,0,0.9337298,0,0.3579786;
custom,cylinder,stone5,3,60,3,0,1,1,1,1,1,-154.5723,519.4529,253.2191,0,0.9223616,0,0.3863278;
custom,cylinder,stone5,3,60,3,0,1,1,1,1,1,137.7333,520.1607,251.6258,0,0.8969092,0,0.4422148;
custom,cylinder,stone5,3,60,3,0,1,1,1,1,1,149.518,520.2322,268.5983,0,0.8302945,0,0.5573249;
custom,cylinder,stone5,3,60,3,0,1,1,1,1,1,156.7864,518.9484,281.0145,0,0.8179371,0,0.5753077;
custom,cylinder,stone5,3,60,3,0,1,1,1,1,1,182.326,519.0924,338.066,0,0.815416,0,0.5788754;
custom,cylinder,stone5,3,60,3,0,1,1,1,1,1,168.2456,518.9997,301.2301,0,0.8469161,0,0.5317266;
custom,cylinder,stone5,3,60,3,0,1,1,1,1,1,182.2451,519.5898,381.1284,0,0.770241,0,0.6377529;
custom,cylinder,stone5,3,60,3,0,1,1,1,1,1,182.0794,519.775,402.7207,0,0.7086526,0,0.7055576;
custom,cylinder,stone5,3,60,3,0,1,1,1,1,1,163.5516,519.547,451.0405,0,0.5699918,0,0.8216504;
custom,cylinder,stone5,3,60,3,0,1,1,1,1,1,157.2565,519.3176,470.2778,0,0.5627984,0,0.8265942;
custom,cylinder,stone5,3,60,3,0,1,1,1,1,1,147.376,520.6259,488.1067,0,0.5299124,0,0.8480524;
custom,cylinder,stone5,3,60,3,0,1,1,1,1,1,142.332,519.834,503.5908,0,0.4752325,0,0.8798603;
custom,cylinder,stone5,3,60,3,0,1,1,1,1,1,111.9331,519.4968,528.9005,0,0.4520371,0,0.8919991;
custom,cylinder,stone5,3,60,3,0,1,1,1,1,1,78.20499,520.7101,553.7897,0,0.281873,0,0.9594517;
custom,cylinder,stone5,3,60,3,0,1,1,1,1,1,59.15697,519.7519,564.231,0,0.1778923,0,0.98405;
custom,cylinder,stone5,3,60,3,0,1,1,1,1,1,38.89007,519.5519,570.0143,0,0.1196518,0,0.9928159;
custom,cylinder,stone5,3,60,3,0,1,1,1,1,1,-5.139362,519.511,571.6736,0,0.004310932,0,0.9999907;
custom,cylinder,stone5,3,60,3,0,1,1,1,1,1,-25.47555,519.2246,565.067,0,0.0436848,0,-0.9990454;
custom,cylinder,stone5,3,60,3,0,1,1,1,1,1,-61.77418,519.8798,560.3528,0,0.08075509,0,-0.996734;
custom,cylinder,stone5,3,60,3,0,1,1,1,1,1,-79.2431,520.2432,553.9448,0,0.08728674,0,-0.9961832;
custom,cylinder,stone5,3,60,3,0,1,1,1,1,1,-130.4194,519.5948,520.6103,0,0.3071383,0,-0.9516649;
custom,cylinder,stone5,3,60,3,0,1,1,1,1,1,-145.8878,519.9238,509.4459,0,0.3606045,0,-0.9327188;
custom,cylinder,stone5,3,60,3,0,1,1,1,1,1,-171.3806,519.9165,482.5823,0,0.4049618,0,-0.9143336;
custom,cylinder,stone5,3,60,3,0,1,1,1,1,1,-178.5928,519.978,471.1582,0,0.4444631,0,-0.8957972;
custom,cylinder,stone5,3,60,3,0,1,1,1,1,1,-195.0841,520.0163,436.7914,0,0.5375097,0,-0.8432576;
custom,cylinder,stone5,3,60,3,0,1,1,1,1,1,-203.3662,519.6793,399.3681,0,0.6055119,0,-0.7958363;
custom,cylinder,stone5,3,60,3,0,1,1,1,1,1,-203.1506,520.9459,337.5726,0,0.7648539,0,-0.6442038;
custom,cylinder,stone5,3,60,3,0,1,1,1,1,1,-187.7233,519.672,295.0171,0,0.8388623,0,-0.5443437;
custom,cylinder,stone5,3,60,3,0,1,1,1,1,1,-165.8125,520.1771,263.2875,0,0.8820883,0,-0.4710841;
custom,cylinder,stone5,3,60,3,0,1,1,1,1,1,-140.6506,520.9528,237.3562,0,0.920647,0,-0.390396;
custom,cylinder,stone5,3,60,3,0,1,1,1,1,1,-65.38849,519.5117,192.7325,0,0.985247,0,-0.1711387;
custom,cylinder,stone5,3,60,3,0,1,1,1,1,1,-132.1554,519.5916,228.9822,0,0.957085,0,-0.2898075;
custom,cylinder,stone5,3,60,3,0,1,1,1,1,1,-119.2361,520.1514,220.9112,0,0.9532095,0,-0.3023105;
custom,cylinder,stone5,3,60,3,0,1,1,1,1,1,-104.6557,519.6127,206.1681,0,0.967725,0,-0.2520085;
custom,cylinder,stone5,3,60,3,0,1,1,1,1,1,-86.45113,520.3268,195.6993,0,0.976404,0,-0.2159519;
custom,cylinder,stone5,3,45,3,0,1,1,1,1,1,28.09735,524.8719,188.5611,0,0.9988252,0,-0.04845847;
custom,cylinder,stone5,3,45,3,0,1,1,1,1,1,-45.90962,524.9527,184.8037,0,0.9997994,0,-0.0200273;
custom,cylinder,stone5,3,45,3,0,1,1,1,1,1,-31.04376,524.7893,183.8829,0,0.9956394,0,0.0932857;
custom,cylinder,stone5,3,45,3,0,1,1,1,1,1,37.01824,525.148,193.9578,0,0.9420399,0,0.3355008;
custom,cylinder,stone5,3,45,3,0,1,1,1,1,1,-11.75537,524.6866,180.5265,0,0.9993256,0,0.03672175;
custom,cylinder,stone5,3,45,3,0,1,1,1,1,1,9.592815,524.8408,181.6628,0,0.9999366,0,-0.01125602;
custom,cylinder,stone5,5,5,3,0,1,1,1,1,1,-10.54499,80.92366,176.9153,0.4748977,0.4654916,-0.5236219,0.5325503;
custom,cylinder,stone5,5,5,3,0,1,1,1,1,1,-6.797851,974.489,184.8267,0.5825397,0.5656838,-0.4009232,0.4241579;
custom,cylinder,stone5,5,5,3,0,1,1,1,1,1,-3.187983,1096.561,195.1093,0.7085258,0.7035981,0.03850576,0.03818642;
custom,cuboid,stone5,1,4,1,0,1,1,1,1,1,48.49771,1025.066,215.4865,0,0.8357938,0,-0.5490436;
custom,cuboid,stone5,12,15,2,0,1,1,1,1,1,-43.68895,24.93135,252.886,0,0.6294711,0,-0.7770239;
custom,cylinder,stone5,2,15,2,0,1,1,1,1,1,-29.07709,-57.67474,274.1557,0,0.9983254,0,0.0578484;
custom,cuboid,bark,9,2,25,1,0,0.5454546,1,1,1,-9.093175,92.19238,45.3107,0,-0.002862881,0,0.9999959;
custom,plane,stone3,8,2,25,0,1,1,1,1,1,-11.29063,0.2042452,55.69662,0,0.008170427,0,-0.9999666;
custom,cone,stone1,12,20,12,1,1,0.04545455,0,1,1,18.41663,1351.332,384.8283,0,0.04855026,0,-0.9988208;
custom,cuboid,stone2,12,2,2,0,1,1,1,1,1,-8.039102,43.07413,-483.1219,0,0.0008839869,0,0.9999996;
custom,cuboid,stone2,2,2,12,0,1,1,1,1,1,-8.76988,4.407469,-520.3358,0,0.7042316,0,-0.7099704;
custom,cuboid,stone2,2,2,12,0,1,1,1,1,1,-8.620414,23.64003,-501.8182,0,0.7048638,0,-0.7093427;
custom,cuboid,stone2,12,2,2,0,1,1,1,1,1,-7.739793,61.88742,-464.2565,0,0.0004045607,0,0.9999999;
custom,cuboid,stone2,12,2,2,0,1,1,1,1,1,-8.001399,80.65332,-445.8304,0,0.0003492918,0,0.9999999;
custom,cuboid,stone2,12,2,2,0,1,1,1,1,1,-8.060792,99.32425,-427.4551,0,0.002521442,0,0.9999968;
custom,cuboid,stone2,12,2,2,0,1,1,1,1,1,-8.257355,118.1223,-409.1724,0,0.001203147,0,0.9999993;
custom,cuboid,stone2,12,2,2,0,1,1,1,1,1,-8.550192,136.5419,-390.9137,0,0.0002827858,0,1;
custom,cuboid,stone2,12,2,2,0,1,1,1,1,1,-8.263896,155.5196,-373.1698,0,0.0002656611,0,1;
custom,cuboid,stone2,12,2,2,0,1,1,1,1,1,-8.187771,174.2966,-354.6958,0,-0.002362142,0,0.9999972;
custom,cuboid,stone2,12,2,2,0,1,1,1,1,1,-8.307343,193.0306,-336.5213,0,0.001121472,0,0.9999994;
custom,cuboid,stone2,12,2,2,0,1,1,1,1,1,-8.448793,211.9474,-317.7899,0,0.003720024,0,0.9999931;
custom,cuboid,stone2,12,2,2,0,1,1,1,1,1,-8.338546,230.9767,-299.5333,0,0.004571659,0,0.9999896;
custom,cuboid,stone2,12,2,2,0,1,1,1,1,1,-7.54477,249.8477,-281.2801,0,0.006302904,0,0.9999802;
custom,cuboid,stone2,12,2,2,0,1,1,1,1,1,-7.542855,268.4032,-262.9094,0,0.008458024,0,0.9999642;
custom,cuboid,stone2,12,2,2,0,1,1,1,1,1,-7.515862,287.7791,-244.0961,0,0.006711625,0,0.9999775;
custom,cuboid,stone2,2,2,12,0,1,1,1,1,1,-7.378612,307.2742,-225.7587,0,0.7133223,0,0.7008362;
custom,cuboid,stone2,2,2,12,0,1,1,1,1,1,-6.941873,326.502,-206.7276,0,0.7120939,0,0.7020842;
custom,cuboid,stone2,2,2,12,0,1,1,1,1,1,-6.811148,346.284,-188.3715,0,0.7108549,0,0.7033387;
custom,cuboid,stone2,2,2,12,0,1,1,1,1,1,-6.517254,365.3579,-169.6649,0,0.7093003,0,0.7049065;
custom,cuboid,stone2,2,2,12,0,1,1,1,1,1,-6.245378,383.895,-151.0483,0,0.7107934,0,0.7034009;
custom,cuboid,stone2,2,2,12,0,1,1,1,1,1,-5.756529,402.0135,-132.9414,0,0.7147352,0,0.6993952;
custom,cuboid,stone2,2,2,12,0,1,1,1,1,1,-5.445609,421.4774,-114.5649,0,0.7143602,0,0.6997782;
custom,cuboid,stone2,2,2,12,0,1,1,1,1,1,-5.117317,440.6249,-95.11313,0,0.7158452,0,0.698259;
custom,cuboid,stone2,30,2,12,0,1,1,1,1,1,-2.027218,443.5694,39.38644,0,0.6991235,0,-0.715001;
custom,cuboid,stone2,15,2,12,0,1,1,1,1,1,-1.524133,974.6204,116.7608,0,0.7126113,0,0.7015592;
custom,cuboid,stone2,15,2,12,0,1,1,1,1,1,-6.668569,987.1135,-137.4356,0,0.7122799,0,0.7018956;
custom,cuboid,stone2,15,2,2,0,1,1,1,1,1,46.02491,974.0793,-8.801649,0,0.7180576,0,0.6959838;
custom,cuboid,stone2,15,2,2,0,1,1,1,1,1,-53.79115,974.4563,-6.468288,0,0.7168408,0,0.6972369;
custom,cuboid,bark,15,2,2,0,1,1,1,1,1,32.63779,973.8227,1.862948,0,0.7180541,0,0.6959873;
custom,cuboid,bark,15,2,2,0,1,1,1,1,1,-39.5177,973.8141,-17.41167,0,0.6981947,0,-0.715908;
custom,cuboid,bark,8,2,3,0,1,1,1,1,1,-4.060078,973.3157,-49.2983,0,0.9999703,0,-0.007718397;
custom,cuboid,bark,8,2,3,0,1,1,1,1,1,-11.0314,973.9464,29.39743,0,0.9999669,0,-0.008141018;
custom,cuboid,stone1,30,10,2,0,1,1,1,1,1,-66.57147,1032.71,36.68576,0,0.6970162,0,-0.7170554;
custom,cuboid,stone1,30,10,2,0,1,1,1,1,1,60.44162,1032.639,39.10979,0,0.7196703,0,0.694316;
custom,cuboid,stone1,12,8,2,1,0.8636364,0.7386364,0.8068182,1,1,-5.743454,1034.661,-92.04913,0,0.9999583,0,-0.009137253;
custom,cuboid,stone1,35,2,12,1,0.8636364,0.7386364,0.8068182,1,1,-1.585594,1084.797,20.63296,0,0.7153609,0,0.6987552;
custom,cuboid,stone2,2,55,12,0,1,1,1,1,1,-2.801185,699.324,43.25159,0,0.7141479,0,0.6999949;
custom,cuboid,stone2,12,55,2,0,1,1,1,1,1,47.51773,696.3376,-24.83499,0,0.7198513,0,0.6941284;
custom,cuboid,stone2,12,55,2,0,1,1,1,1,1,-54.6886,696.7227,-22.17998,0,0.7007321,0,-0.7134246;
custom,cuboid,stone2,12,40,2,1,0.4318182,0.4431818,0.4772727,1,1,-5.022153,767.9109,-61.43072,0,0.9999765,0,-0.00685822;
custom,cuboid,stone2,2,80,12,1,0.4318182,0.4431818,0.4772727,1,1,-8.36258,349.4935,-338.477,-0.263967,0.6500722,0.2680785,-0.6601981;
custom,cuboid,stone1,12,100,2,0,1,1,1,1,1,43.88948,203.5547,-392.9035,-0.2614862,0.648905,0.2630851,-0.6643294;
custom,cuboid,stone1,12,70,2,0,1,1,1,1,1,-61.49006,314.8459,-282.9311,0.2673782,0.658473,0.2646764,0.6518195;
custom,cuboid,stone5,30,10,2,0,1,1,1,1,1,-67.47907,48.69721,-609.6237,0,0.9999485,0,-0.01014826;
custom,pyramid,stone5,5,2,0.1,0,1,1,1,1,1,-68.22358,83.64485,-564.2208,0,0.7030703,0,-0.7111203;
custom,pyramid,stone5,8,3,0.1,0,1,1,1,1,1,-67.73441,49.77714,-502.5439,-0.5014886,0.4928125,0.507183,-0.498408;
custom,pyramid,stone5,1,1,0.1,0,1,1,1,1,1,-68.15726,67.16654,-529.2164,-0.2546767,0.6335282,0.2725064,-0.6778806;
custom,pyramid,stone5,1,1,0.1,0,1,1,1,1,1,-68.96566,66.7156,-600.1966,0.2503639,0.6488331,-0.2586806,-0.6703864;
customb,house1,default,1,2,1.5,0,1,1,1,1,1,-627.2667,31.99786,-354.1615,0,0.7079728,0,-0.7062398;
customb,house1,default,1,2,1.5,0,1,1,1,1,1,-628.1931,30.81989,-264.7633,0,0.7070584,0,-0.7071551;
customb,house1,default,3,2,2,0,1,1,1,1,1,-603.4801,31.3745,-418.5881,0,0.001606376,0,-0.9999987;
customb,house1,default,1,2,1.5,0,1,1,1,1,1,-629.598,30.8878,139.1127,0,0.7093264,0,-0.7048802;
customb,house1,default,3,2,2,0,1,1,1,1,1,-604.5247,30.36127,-215.5414,0,0.002243476,0,0.9999975;
customb,house1,default,1,2,1.5,0,1,1,1,1,1,-629.1613,30.47884,51.73428,0,0.7062357,0,-0.7079769;
customb,house1,default,3,2,2,0,1,1,1,1,1,-604.8823,31.21921,-13.4977,0,-0.001341777,0,0.9999991;
customb,house1,default,1,2,1.5,0,1,1,1,1,1,-628.0696,31.52842,-62.09065,0,0.7077391,0,-0.7064739;
customb,house1,default,3,2,2,0,1,1,1,1,1,-605.8082,31.22236,188.2991,0,-0.0002016604,0,1;
customb,house1,default,1,2,1.5,0,1,1,1,1,1,-628.2416,31.19083,-150.2491,0,0.7037095,0,-0.7104878;
customb,house1,default,3,2,2,0,1,1,1,1,1,-605.9578,30.24153,390.1753,0,-0.001609579,0,0.9999987;
customb,house1,default,3,2,2,0,1,1,1,1,1,-434.3487,31.8834,185.5388,0,-0.002168716,0,0.9999977;
customb,house1,default,3,2,2,0,1,1,1,1,1,-433.7736,31.77583,-16.09928,0,-0.003067007,0,0.9999953;
customb,house1,default,3,2,2,0,1,1,1,1,1,-432.8741,32.28297,-217.3156,0,-0.001343996,0,0.9999991;
customb,house1,default,3,2,2,0,1,1,1,1,1,-432.8298,31.24995,-422.4254,0,-0.001010863,0,0.9999995;
customb,house1,default,1,2,1.5,0,1,1,1,1,1,-629.2899,29.60154,252.7635,0,0.7032152,0,-0.710977;
customb,house1,default,1,2,1.5,0,1,1,1,1,1,-629.3802,30.86931,341.3834,0,0.7069282,0,-0.7072853;
customb,house1,default,1,2,1.5,0,1,1,1,1,1,-427.2794,31.88844,-363.5403,0,0.7084444,0,0.7057667;
customb,house1,default,1,2,1.5,0,1,1,1,1,1,-427.4171,31.82103,-272.1167,0,0.7053561,0,0.7088531;
customb,house1,default,1,2,5,0,1,1,1,1,1,-347.7947,32.06867,-0.2936629,0,0.9999809,0,0.00617805;
customb,house1,default,1,2,1.5,0,1,1,1,1,1,-395.9418,32.42313,-158.344,0,0.7057269,0,0.708484;
customb,house1,default,1,2,1.5,0,1,1,1,1,1,-396.0703,32.08254,130.8468,0,0.702904,0,0.7112847;
customb,house1,default,2,2,3,0,1,1,1,1,1,-535.0805,31.49208,-10.89544,0,0.7157022,0,0.6984056;
customb,house1,default,2,2,6,0,1,1,1,1,1,-281.5508,32.65934,-469.5333,0,0.7087137,0,0.7054962;
customb,house1,default,2,2,7,0,1,1,1,1,1,-469.382,32.07604,-624.9865,0,0.7086349,0,0.7055753;
custom,house4,default,1,1,1,0,1,1,1,1,1,-84.20725,-0.4870475,-507.9523,0,-0.6900439,0,0.7237676;
custom,house4,default,1,1,1,0,1,1,1,1,1,-50.10832,-8.036842,-488.3759,0,-0.7487565,0,-0.6628452;
customb,house1,default,2,2,2,0,1,1,1,1,1,-667.6516,30.65646,-543.743,0,0.9999079,0,0.01356997;
custom,tower1,default,4,1,4,0,1,1,1,1,1,-620.8057,53.32525,-494.1158,0,0.7197126,0,-0.6942722;
customb,house1,default,1,2,1,0,1,1,1,1,1,-210.4095,31.13955,-581.4276,0,0.9998592,0,-0.01677899;
customb,house1,default,1,2,1,0,1,1,1,1,1,-326.3758,32.84225,-502.0914,0,0.005813185,0,0.9999831;
custom,tower1,default,1,1,1,0,1,1,1,1,1,-527.4409,-0.6734098,-314.7908,0,0.01220698,0,0.9999255;
custom,cuboid,stone2,4,4,4,0,1,1,1,1,1,-527.4967,-11.36131,-313.1656,0,0.01041597,0,0.9999458;
customb,arch1,default,1,1,2,0,1,1,1,1,1,-527.0526,39.13859,-234.4898,0,0.7116324,0,0.702552;
customb,arch1,default,1,1,2,0,1,1,1,1,1,-525.1409,67.8054,-465.9099,0,0.7197996,0,0.694182;
customb,arch1,default,1,1,2,0,1,1,1,1,1,-437.8688,72.24017,-546.3909,0,-0.01250283,0,0.9999219;
customb,arch1,default,1,1,2,0,1,1,1,1,1,-539.7421,28.42324,247.2151,-0.1899061,0.6858013,0.1927697,0.6756124;
customb,arch1,default,1,1,2,0,1,1,1,1,1,-522.7842,31.42325,246.0051,0.1946181,0.6844385,-0.1975529,0.6742705;
customb,house1,default,5,3,5,0,1,1,1,1,1,-308.7164,41.09378,237.1428,0,0.9644182,0,0.2643815;
customb,house1,default,1,5,12,0,1,1,1,1,1,-314.1614,79.23734,387.0948,0,0.964586,0,0.2637686;
customb,house1,default,1,5,12,0,1,1,1,1,1,-224.8832,70.26655,7.530716,0,0.2639045,0,-0.9645488;
customb,house1,default,2,2,2,0,1,1,1,1,1,-459.5738,31.73645,309.1175,0,0.9999943,0,-0.003369138;
customb,house1,default,0.5,5,1.5,0,1,1,1,1,1,-463.7593,80.39207,409.149,0,0.9969828,0,0.07762252;
customb,house1,default,0.5,2,2,0,1,1,1,1,1,-567.2579,30.13488,492.129,0,0.9343153,0,-0.3564478;
customb,house1,default,0.5,2,2,0,1,1,1,1,1,-475.7261,29.77042,540.0514,0,0.6899611,0,0.7238465;
custom,tower1,default,3,3,3,0,1,1,1,1,1,-453.617,38.55569,389.6419,0,0.9990553,0,-0.04345817;
custom,tower1,default,1,3,1,0,1,1,1,1,1,-471.3537,34.8933,457.9167,0,0.9086114,0,0.4176426;
customb,house1,default,1,3,2,0,1,1,1,1,1,-429.3967,137.0981,509.4155,0,0.264497,0,0.9643865;
custom,tower1,default,4,1,4,0,1,1,1,1,1,-437.4558,68.50764,502.4794,-0.6821137,0.196513,0.1766157,0.6818434;
custom,tower1,default,4,1,4,0,1,1,1,1,1,-139.4355,71.39353,-11.47746,-0.179096,0.1923062,0.685116,-0.6793814;
customb,house1,default,1,3,2,0,1,1,1,1,1,-149.357,127.6429,-10.80902,0,0.5048537,0,0.8632049;
customb,house1,default,0.5,2,2,0,1,1,1,1,1,-76.4446,32.06166,-25.45993,0,-0.1915348,0,0.9814858;
customb,house1,default,1,2,1.5,0,1,1,1,1,1,-366.4457,31.76296,-311.8374,0,0.9999221,0,0.01248216;
custom,cuboid,stone2,20,20,4,0,1,1,1,1,1,561.4294,94.05527,247.8968,0,0.02156818,0,-0.9997674;
custom,cuboid,stone2,20,20,4,0,1,1,1,1,1,229.8169,94.26695,248.6695,0,-0.03296004,0,0.9994567;
custom,tower2,default,4,2.5,4,0,1,1,1,1,1,329.1747,-28.93664,156.0026,0,0.03339699,0,-0.9994422;
custom,tower2,default,4,2.5,4,0,1,1,1,1,1,450.49,-29.29984,161.5348,0,0.01826664,0,-0.9998332;
custom,cuboid,bark,4,0.20,20,0,1,1,1,1,1,383.9388,32.01214,257.7319,0,0.02727638,0,-0.9996279;
custom,cylinder,bark,0.3,5,0.3,0,1,1,1,1,1,405.2242,-11.8615,163.0158,0,0.08188692,0,-0.9966416;
custom,cylinder,bark,0.3,5,0.3,0,1,1,1,1,1,372.8843,-11.25724,161.383,0,0.02101234,0,-0.9997792;
custom,cylinder,bark,0.3,5,0.3,0,1,1,1,1,1,371.0334,-10.70126,204.6934,0,0.01673207,0,-0.99986;
custom,cylinder,bark,0.3,5,0.3,0,1,1,1,1,1,368.2944,-10.40789,256.6174,0,0.01673207,0,-0.99986;
custom,cylinder,bark,0.3,5,0.3,0,1,1,1,1,1,403.2886,-10.8265,205.8237,0,0.001495035,0,-0.9999989;
custom,cylinder,bark,0.3,5,0.3,0,1,1,1,1,1,400.2556,-10.69288,262.6709,0,0.008056466,0,-0.9999676;
custom,cuboid,bark,5,1,60,0,1,1,1,1,1,363.7614,27.64686,370.8443,0,0.7160728,0,-0.6980257;
custom,cylinder,bark,0.3,5,0.3,0,1,1,1,1,1,397.7213,-10.66284,309.6119,0,0.6945508,0,-0.7194437;
custom,cylinder,bark,0.3,5,0.3,0,1,1,1,1,1,365.9789,-10.06619,308.7841,0,0.7025347,0,0.7116495;
custom,cylinder,stone1,0.5,5,0.5,0,1,1,1,1,1,349.5846,-9.425303,350.7298,0,0.7147508,0,-0.6993793;
custom,cylinder,stone1,0.5,5,0.5,0,1,1,1,1,1,311.4071,-9.754704,350.05,0,0.7298422,0,-0.6836157;
custom,cylinder,stone1,0.5,5,0.5,0,1,1,1,1,1,274.5067,-8.816876,349.2061,0,0.7193311,0,-0.6946674;
custom,cylinder,stone1,0.5,5,0.5,0,1,1,1,1,1,230.3655,-8.069203,347.7843,0,0.03058663,0,-0.9995322;
custom,cylinder,stone1,0.5,5,0.5,0,1,1,1,1,1,407.9138,-9.670106,353.5671,0,0.04371219,0,-0.9990442;
custom,cylinder,stone1,0.5,5,0.5,0,1,1,1,1,1,457.5866,-9.76072,354.9014,0,0.008900915,0,-0.9999604;
custom,cylinder,stone1,0.5,5,0.5,0,1,1,1,1,1,507.0461,-9.681916,356.3636,0,0.01984505,0,-0.9998031;
custom,cylinder,stone1,0.5,5,0.5,0,1,1,1,1,1,562.642,-9.85471,358.0263,0,0.00679789,0,-0.9999769;
custom,cylinder,stone1,0.5,5,0.5,0,1,1,1,1,1,610.7744,-9.577677,360.4588,0,0.00845839,0,0.9999642;
custom,cylinder,bark,0.05,10,0.05,0,1,1,1,1,1,249.473,38.92262,348.9831,-0.006435434,0.006413008,0.7083114,-0.7058417;
custom,cylinder,bark,0.05,15,0.05,0,1,1,1,1,1,556.5249,37.39388,357.9852,-0.01109086,0.01112961,0.7057849,-0.708252;
custom,cuboid,stone3,1,1,50,0,1,1,1,1,1,440.0027,36.45863,402.3786,0,0.6972815,0,0.7167974;
custom,cuboid,stone3,1,1,50,0,1,1,1,1,1,440.1258,45.83995,411.4339,0,0.6975716,0,0.7165151;
custom,cuboid,stone3,1,1,50,0,1,1,1,1,1,440.7097,40.8853,407.6799,0,0.6969141,0,0.7171546;
custom,cuboid,stone3,1,1,50,0,1,1,1,1,1,435.4385,32.13977,397.2933,0,0.6969051,0,0.7171634;
custom,cuboid,stone3,30,3,50,0,1,1,1,1,1,440.7758,36.05346,566.0345,0,0.6978105,0,0.7162825;
custom,cuboid,stone2,5,30,60,0,1,1,1,1,1,449.923,143.7402,651.0361,0,0.707997,0,0.7062155;
custom,cuboid,stone2,40,30,5,0,1,1,1,1,1,638.1701,143.1597,430.3894,-0.002462618,0.7054851,-0.002473896,0.7087162;
custom,cuboid,stone2,40,30,5,0,1,1,1,1,1,217.6206,143.7508,429.3663,0,0.6846197,0,0.7289005;
customb,house1,default,5,3,2,0,1,1,1,1,1,235.7804,93.96065,630.4703,0,0.9276185,0,-0.3735291;
customb,house1,default,5,3,2,0,1,1,1,1,1,618.2287,97.63012,626.3699,0,-0.3882966,0,0.9215345;
custom,house4,default,1,1,1,0,1,1,1,1,1,246.8507,31.68014,365.7987,0,0.689467,0,0.7243172;
customb,house1,default,1,2,1.5,0,1,1,1,1,1,558.2868,79.10754,450.7378,0,0.7009757,0,0.7131852;
custom,village1,default,1,1,1,0,1,1,1,1,1,407.1625,49.92398,519.7094,0,-0.9999451,0,0.01047833;
custom,house4,default,1,1,1,0,1,1,1,1,1,257.8482,50.15618,432.4258,0,0.6929123,0,0.7210219;
custom,house4,default,1,1,1,0,1,1,1,1,1,256.3628,50.15618,469.0425,0,0.6954249,0,0.7185988;
custom,house4,default,1,1,1,0,1,1,1,1,1,254.6826,50.35618,507.7749,0,0.6853239,0,0.7282384;
custom,house2,default,1,1,1,0,1,1,1,1,1,592.0414,50.37452,432.456,0,0.9999154,0,0.01300685;
customb,tree2,default,0.5,0.5,0.5,0,1,1,1,1,1,451.5588,87.34229,452.3098,0,0.8189325,0,0.5738898;
custom,leaf0,default,0.5,0.5,0.5,0,1,1,1,1,1,450.4033,121.6629,451.8264,0,0.9611388,0,0.2760656;
custom,leaf0,default,0.75,0.75,0.75,0,1,1,1,1,1,449.5791,114.3338,452.7368,0,0.9771321,0,0.2126332;
custom,leaf0,default,0.5,0.5,0.5,0,1,1,1,1,1,450.4462,118.1216,451.0395,9.518482E-11,0.9629167,1.737415E-11,0.269799;
custom,leaf0,default,0.5,0.5,0.5,0,1,1,1,1,1,450.5666,116.1161,451.6161,0.1825089,0.6580859,-0.7106693,0.1690048;
custom,leaf0,default,0.5,0.5,0.5,0,1,1,1,1,1,450.4778,116.1161,452.6078,0.6872696,0.682487,0.1764995,0.1752713;
custom,leaf0,default,0.5,0.5,0.5,0,1,1,1,1,1,448.8425,120.0559,453.0744,-0.1054983,0.8831398,0.3895116,0.2391966;
custom,leaf0,default,0.5,0.5,0.5,0,1,1,1,1,1,449.667,120.878,448.9244,-0.3009514,0.3139522,0.1056566,0.8942589;
custom,leaf0,default,0.5,0.5,0.5,0,1,1,1,1,1,455.5378,120.345,451.6016,0.2574723,0.4530961,0.1385255,-0.8421536;
custom,leaf0,default,0.5,0.5,0.5,0,1,1,1,1,1,457.7787,82.12317,469.9028,0,0.8897563,0,0.4564361;
custom,leaf0,default,0.5,0.5,0.5,0,1,1,1,1,1,456.4619,82.01367,469.7095,-0.2781514,0.8032533,-0.1723465,0.4977074;
custom,leaf0,default,0.5,0.5,0.5,0,1,1,1,1,1,458.5638,81.52256,472.1804,-0.2642497,0.7294502,0.4227009,0.4684;
custom,leaf0,default,0.5,0.5,0.5,0,1,1,1,1,1,455.5588,79.41572,427.5445,0.009247575,0.6195295,-0.01490346,0.7847775;
custom,leaf0,default,0.5,0.5,0.5,0,1,1,1,1,1,456.0655,80.04451,428.0393,-0.4395277,0.5125335,0.4648179,0.5727733;
custom,leaf0,default,0.5,0.5,0.5,0,1,1,1,1,1,455.2924,80.51083,425.822,-0.1395024,0.6245902,-0.1492927,0.7537493;
custom,leaf0,default,0.5,0.5,0.5,0,1,1,1,1,1,465.806,93.68918,461.9621,0,0.9819219,0,0.1892869;
custom,leaf0,default,0.5,0.5,0.5,0,1,1,1,1,1,468.8717,94.31094,462.337,-0.07996007,0.8797811,0.4405621,0.1596766;
custom,leaf0,default,0.5,0.5,0.5,0,1,1,1,1,1,471.1723,93.62414,463.8419,0.1973619,0.9658419,0.03880561,0.1633761;
custom,leaf0,default,0.5,0.5,0.5,0,1,1,1,1,1,437.3555,81.38014,461.9058,0,0.9928898,0,-0.1190369;
custom,leaf0,default,0.5,0.5,0.5,0,1,1,1,1,1,435.3623,83.58011,460.481,0.2126597,0.8042546,0.5474157,-0.09103053;
custom,leaf0,default,0.5,0.5,0.5,0,1,1,1,1,1,435.5726,83.47518,461.8752,0.1878921,0.9678834,-0.01818587,-0.1660347;
custom,leaf0,default,0.3,0.3,0.3,0,1,1,1,1,1,436.3102,97.62566,452.8375,0,0.9954646,0,-0.09513351;
custom,leaf0,default,0.3,0.3,0.3,0,1,1,1,1,1,436.1965,98.22565,452.2487,0.06115077,0.7625694,0.639873,-0.07287668;
custom,leaf0,default,0.3,0.3,0.3,0,1,1,1,1,1,436.0269,99.26392,452.4221,0.2645777,0.9584389,-0.07252652,-0.07831615;
custom,cylinder,stone1,3,3,3,0,1,1,1,1,1,452.0112,22.77552,452.2998,0,0.9954692,0,-0.09508532;
custom,cylinder,grass,2.7,2.7,2.7,1,0,0.3409091,0,1,1,452.0987,26.15389,452.5183,0,0.9939027,0,-0.1102607;
customb,arch1,default,1,1,4,0,1,1,1,1,1,440.4351,143.9298,586.4088,0,0.7135702,0,0.7005838;
custom,cuboid,bark,10,5,150,1,0,0.2613636,1,1,1,419.4466,-22.68276,-469.4826,0,0.9997386,0,0.02286135;
custom,cuboid,bark,10,5,50,1,0,0.2613636,1,1,1,492.9668,-22.48406,315.2454,0,0.7029302,0,0.7112589;
custom,cuboid,stone1,5,4,40,0,1,1,1,1,1,434.7928,3.766191,373.5545,0,0.6984835,0,0.7156261;
custom,cuboid,stone1,2,5,150,0,1,1,1,1,1,475.9863,-1.931489,-525.425,0,0.9997421,0,0.02271105;
custom,cuboid,stone1,2,5,150,0,1,1,1,1,1,366.1527,-1.864482,-511.041,0,0.9997312,0,0.02318683;
customb,tree2,default,1,1,1,0,1,1,1,1,1,311.538,89.83882,158.7743,0,0.7054682,0,0.7087415;
custom,cuboid,grass,8,3,150,1,0,0.3068181,0.125,1,1,525.6616,7.832871,-518.8958,0,0.9997403,0,0.02279062;
custom,cuboid,grass,8,3,150,1,0,0.3068181,0.125,1,1,321.373,7.417476,-530.9677,0,0.9996899,0,0.02490336;
customb,tree2,default,1,1,1,0,1,1,1,1,1,467.0108,89.8233,158.9183,0,0.7131557,0,0.7010057;
customb,tree2,default,1,1,1,0,1,1,1,1,1,315.1308,89.33209,77.2746,0,0.72227,0,0.6916112;
customb,tree2,default,1,1,1,0,1,1,1,1,1,470.7562,89.13924,71.29632,0,0.72227,0,0.6916112;
customb,tree2,default,1,1,1,0,1,1,1,1,1,319.3934,89.97716,-12.6569,0,0.72227,0,0.6916112;
customb,tree2,default,1,1,1,0,1,1,1,1,1,475.3491,90.1612,-19.10608,0,0.72227,0,0.6916112;
customb,tree2,default,1,1,1,0,1,1,1,1,1,322.5217,89.32841,-101.1818,0,0.7131258,0,0.7010362;
customb,tree2,default,1,1,1,0,1,1,1,1,1,480.2486,89.78234,-110.4145,0,0.7131258,0,0.7010362;
customb,tree2,default,1,1,1,0,1,1,1,1,1,328.0854,88.82844,-200.704,0,0.7115944,0,0.7025906;
customb,tree2,default,1,1,1,0,1,1,1,1,1,484.0186,90.1063,-206.3483,0,0.7115944,0,0.7025906;
customb,tree2,default,1,1,1,0,1,1,1,1,1,332.0616,89.17976,-312.7813,0,0.7115935,0,0.7025915;
customb,tree2,default,1,1,1,0,1,1,1,1,1,488.8582,89.41365,-312.1995,0,0.7115935,0,0.7025915;
customb,tree2,default,1,1,1,0,1,1,1,1,1,338.0536,90.27849,-408.8996,0,0.6992129,0,0.7149135;
customb,tree2,default,1,1,1,0,1,1,1,1,1,492.9301,89.87735,-406.4834,0,0.6992129,0,0.7149135;
customb,tree2,default,1,1,1,0,1,1,1,1,1,342.734,89.30241,-524.5169,0,0.708492,0,0.7057189;
customb,tree2,default,1,1,1,0,1,1,1,1,1,497.9175,89.76305,-518.7704,0,0.6991923,0,0.7149337;
custom,tower2,default,2,1,2,0,1,1,1,1,1,394.6795,-56.58641,63.14141,0,0.9997891,0,0.02054013;
custom,tower2,default,2,1,2,0,1,1,1,1,1,410.6031,-56.94922,-246.8476,0,0.9999343,0,0.01146263;
custom,cuboid,stone5,10,15,2,0,1,1,1,1,1,388.5328,154.7148,230.2214,0,0.0204026,0,-0.9997919;
custom,cuboid,stone5,3,3,1.5,0,1,1,1,1,1,350.2911,80.89344,226.9356,0.004749452,0.01071775,-0.4051142,-0.9141909;
custom,cuboid,stone5,3,3,1.5,0,1,1,1,1,1,421.467,80.97553,230.1426,-0.01238518,0.02643949,0.4240191,-0.9051825;
custom,cuboid,bark,5,0.2,20,0,1,1,1,1,1,424.3519,23.2355,-620.6432,0,0.9998677,0,0.01626559;
customb,house1,default,2,2,10,0,1,1,1,1,1,451.1095,29.89782,-649.8184,0,0.706085,0,0.7081272;
custom,cylinder,bark,0.2,5,0.2,0,1,1,1,1,1,443.1187,-20.31865,-525.7438,0,0.9999995,0,-0.001057549;
custom,cylinder,bark,0.2,5,0.2,0,1,1,1,1,1,399.9167,-20.86937,-525.7847,0,0.9999275,0,0.01204409;
custom,cylinder,bark,1,5,1,0,1,1,1,1,1,421.4839,72.7019,-505.7392,0.7082375,0.7057694,0.01205089,0.01200031;
custom,cylinder,bark,1,5,1,0,1,1,1,1,1,389.5266,21.7935,-506.0476,0,0.9998226,0,0.01883486;
custom,cylinder,bark,1,5,1,0,1,1,1,1,1,451.7674,22.19688,-503.7408,0,0.9997286,0,0.02329933;
customb,house1,default,0.5,2,4,0,1,1,1,1,1,369.2067,30.9451,-583.2476,0,0.7178572,0,-0.6961904;
customb,house1,default,0.5,2,2,0,1,1,1,1,1,534.291,29.57874,-568.6846,0,0.9997927,0,0.02036045;
customb,house1,default,0.5,2,1,0,1,1,1,1,1,365.5354,31.15767,-548.4756,0,0.9998489,0,0.01738253;
custom,cuboid,bark,20,0.2,20,0,1,1,1,1,1,522.7612,22.90639,-615.9104,0,0.6905934,0,0.7232432;
custom,cuboid,bark,20,0.2,20,0,1,1,1,1,1,386.3959,22.84573,-686.611,0,0.6965618,0,0.7174969;
custom,cuboid,bark,4,1,10,0,1,1,1,1,1,237.3362,6.376386,-613.2643,-0.08996454,0.6907564,0.08726285,0.7121426;
customb,house1,default,0.5,2,1.5,0,1,1,1,1,1,494.7734,29.67005,-528.7523,0,0.6961774,0,0.7178698;
customb,house1,default,1,2,2,0,1,1,1,1,1,228.7083,30.86795,-520.7507,0,0.9998436,0,0.01768777;
customb,house1,default,1,2,2,0,1,1,1,1,1,154.1132,29.61098,-571.339,0,0.9998123,0,-0.01937487;
customb,house1,default,1,2,4,0,1,1,1,1,1,70.66988,29.3128,-399.8091,0,0.9482148,0,0.3176301;
customb,house1,default,1,2,4,0,1,1,1,1,1,140.7245,31.1128,-343.9556,0,0.9482148,0,0.3176301;
customb,house1,default,1,2,3,0,1,1,1,1,1,58.64045,29.79273,-157.0824,0,-0.1036928,0,0.9946094;
custom,tower1,default,4,1,4,0,1,1,1,1,1,-27.17868,50.33281,-293.9152,0,0.9404135,0,0.3400332;
custom,cylinder,stone1,6,10,6,0,1,1,1,1,1,-37.41518,-5.94473,-177.4065,0,0.9528944,0,0.3033021;
custom,cone,stone2,3,1,3,0,1,1,1,1,1,-45.29948,4.930084,-179.7895,0,0.9561307,0,0.2929403;
custom,plane,bark,10,1,70,1,0.2840909,0,0,1,1,405.8106,17.12283,-177.4966,-0.02470106,0.001744805,0.9996934,4.310693E-05;
base,aot_supply,592.2604,52.40839,441.1462,0,0.003643417,0,-0.9999934;
custom,cuboid,bark,20,1,70,1,0,0.6136364,1,1,1,-420.2834,92.95705,-522.4608,0,0.7062397,0,-0.7079728;
custom,cuboid,bark,50,1,70,1,0,0.6136364,1,1,1,-588.8839,92.88036,-215.2645,0,0.999997,0,0.002452868;
custom,cuboid,bark,50,1,30,1,0,0.6136364,1,1,1,-688.5032,92.43459,192.2755,0,0.9999904,0,-0.004387289;
custom,cuboid,bark,20,1,30,1,0,0.6136364,1,1,1,-560.583,92.37502,362.1,0,0.9967772,0,0.08022029;
custom,cuboid,bark,20,1,30,1,0,0.6136364,1,1,1,-581.9491,91.34845,475.7584,0,0.9630619,0,-0.2692802;
custom,cuboid,bark,20,1,100,1,0,0.6136364,1,1,1,-402.8837,214.252,397.9059,0,0.2737096,0,-0.9618124;
custom,cuboid,bark,15,1,20,1,0,0.6136364,1,1,1,-118.5257,90.65463,-93.8054,0,0.2507564,0,-0.9680502;
custom,cuboid,bark,30,1,30,1,0,0.6136364,1,1,1,-73.11033,90.8559,-235.5742,0,0.1050769,0,-0.9944641;
custom,cuboid,bark,20,1,50,1,0,0.6136364,1,1,1,363.6921,92.10515,-619.7147,0,0.6940597,0,0.7199175;
custom,cuboid,bark,10,1,30,1,0,0.6136364,1,1,1,125.6103,91.48135,-403.2864,0,0.3148012,0,-0.9491577;
custom,cuboid,bark,10,1,10,1,0,0.6136364,1,1,1,193.4215,91.72182,-525.3854,0,0.0008873065,0,-0.9999996;
custom,cuboid,bark,20,1,80,1,0,0.6136364,1,1,1,406.1822,172.6112,-170.7219,0,0.9995659,0,0.02946292;
custom,cuboid,bark,75,20,2,1,0,0.6136364,1,1,1,512.6415,92.5448,-147.2935,0,0.685836,0,0.7277562;
custom,cuboid,bark,75,20,2,1,0,0.6136364,1,1,1,312.1295,103.5659,-151.49,0,0.7275531,0,-0.6860514;
custom,cuboid,bark,20,10,2,1,0,0.6136364,1,1,1,426.6467,143.4767,-532.5136,0,0.9998174,0,0.0191115;
custom,cuboid,default,80,3,80,0,1,1,1,1,1,605.4189,9.327394,813.8668,0,0.6835771,0,0.7298784;
misc,racingStart,10,9,0.5,-9.74283,41.36673,119.8674,0,0,0,1;
misc,racingEnd,8,14,2,384.0227,13.43249,236.5284,0,-0.02094242,0,0.9997807;
custom,cuboid,bark,40,1,140,0,1,1,1,4,4,-489.2929,-4.897523,33.83712,0,0.01292813,0,0.9999164;
custom,cuboid,bark,40,1,100,0,1,1,1,4,4,-472.366,-4.507234,-664.0409,0,0.6854264,0,-0.728142;
custom,cuboid,bark,40,1,100,0,1,1,1,4,4,35.17096,-4.395948,-281.3378,0,0.9657827,0,0.2593525;
custom,cuboid,stone5,10,16,0.5,0,1,1,1,1,1,14.05122,1030.582,241.6413,0,0.7398598,0,0.6727611;