custom,cuboid,stone5,1,5,1,0,1,1,1,1.0,1.0,-131.8172,26.01044,-660.9776,0,-0.0002419003,0,-1;
custom,cuboid,stone5,1,5,1,0,1,1,1,1.0,1.0,-131.7726,25.97062,-590.8895,0,-0.9999999,0,0.0003088815;
custom,cuboid,stone5,1,5,1,0,1,1,1,1.0,1.0,-62.01398,25.95505,-661.0402,0,-0.00170607,0,-0.9999986;
custom,cuboid,stone5,1,5,1,0,1,1,1,1.0,1.0,-61.80399,25.93874,-591.1438,0,0.9999978,0,-0.002100524;
misc,barrier,8,0.3,8,-96.87472,49.52961,-626.0118,0,0.7057731,0,-0.708438;
racing,killCuboid,7,5,1,-95.92062,25.94191,-661.0663,0,-0.0003269453,0,0.9999999;
racing,killCuboid,7,5,1,-61.92168,25.94043,-626.9381,0,0.7064587,0,-0.7077544;
racing,killCuboid,7,5,1,-131.8881,25.85436,-625.8149,0,0.7066574,0,0.7075559;
racing,killCuboid,1,5,1,-61.72699,25.95306,-581.1566,0,0.9999913,0,-0.004171528;
racing,killCuboid,1,5,1,-131.7688,25.96632,-580.9154,0,0.9999988,0,-0.001574642;
racing,killCuboid,8,0.5,50,-96.14675,48.46628,-326.0155,0,0.001087557,0,0.9999994;
racing,killCuboid,5,0.5,50,-58.68861,21.15166,-326.1059,0.7073532,0.7068595,-0.0007383465,-0.0007398986;
racing,killCuboid,5,0.5,50,-133.5807,21.03154,-326.0067,0.7073532,0.7068595,-0.0007383465,-0.0007398986;
racing,killCuboid,6,5,5,-91.64456,20.44713,-551.0368,0,0.000864174,0,0.9999996;
map,disablebounds;
racing,killCuboid,4.8,5,0.5,-26.39512,21.2883,272.8047,0,0.9887996,0,0.1492493;
racing,killCuboid,1,4.5,5,-126.5916,10.58937,-550.9709,0,1,0,-0.0001674187;
racing,killCuboid,500,0.5,500,971.7261,-1.920969,567.2887,0,0.455495,0,0.8902383;
racing,killCuboid,1,0.1,5,-66.54957,27.04758,-478.4889,0.002987244,0.9766479,-0.2148177,0.001805576;
racing,killCuboid,7,0.1,1,-96.58939,37.43983,-451.0456,0,1,0,-1.583827E-05;
racing,killCuboid,7,0.1,1,-96.76455,17.47907,-451.2047,0,1,0,-0.0002528054;
custom,cuboid,stone5,1,5,1,0,1,1,1,1.0,1.0,-131.8172,26.01044,-660.9776,0,-0.0002419003,0,-1;
custom,cuboid,stone5,1,5,1,0,1,1,1,1.0,1.0,-131.7726,25.97062,-590.8895,0,-0.9999999,0,0.0003088815;
custom,cuboid,stone5,1,5,1,0,1,1,1,1.0,1.0,-62.01398,25.95505,-661.0402,0,-0.00170607,0,-0.9999986;
custom,cuboid,stone5,1,5,1,0,1,1,1,1.0,1.0,-61.80399,25.93874,-591.1438,0,0.9999978,0,-0.002100524;
misc,barrier,8,0.3,8,-96.87472,49.52961,-626.0118,0,0.7057731,0,-0.708438;
racing,killCuboid,6,2,0.1,-91.83345,27.66786,-445.5122,0,0.9999985,0,-0.001754452;
racing,killCuboid,4.8,5,0.5,20.24004,21.19603,279.6617,0,0.9999738,0,-0.007245635;
racing,killCuboid,6,5,5,-101.4949,21.0319,-481.0446,0,0.9999997,0,-0.0008025813;
racing,killCuboid,2,0.3,6,-101.5613,31.58409,-515.9937,0,0.7072542,0,-0.7069595;
racing,killCuboid,2,0.3,6,-91.57394,17.53041,-516.0212,0,0.7077891,0,0.7064239;
racing,killCuboid,0.5,3,1,-66.60879,31.0089,-503.5618,0,0.7041119,0,0.7100891;
racing,killCuboid,1,1,1,-66.5928,-1.797795,-501.0406,0,0.9999928,0,0.003820837;
racing,killCuboid,1,1,1,-66.73502,2.189008,-491.3281,0,0.9999933,0,0.003651701;
racing,killCuboid,1,1,1,-66.65596,6.881212,-481.2266,0,0.9999917,0,0.004093671;
racing,killCuboid,1,1,1,-66.68859,10.41714,-471.1486,0,0.9999964,0,0.002707524;
racing,killCuboid,1,1,1,-66.7818,13.02956,-461.2439,0,0.9999999,0,0.0005495842;
custom,cuboid,stone5,3,5,3,0,1,1,1,1.0,1.0,-116.0999,20.99364,-471.2967,0,0.9999999,0,-0.0005252941;
custom,cuboid,stone4,6,5,0.5,0,1,1,1,1.0,1.0,-101.2095,21.08524,-428.7801,0,0.9999971,0,-0.002403661;
racing,killCuboid,6.1,5.1,0.6,-101.0801,20.96514,-401.9349,0,0.9999971,0,-0.002403661;
custom,cuboid,stone4,1,4,0.5,0,1,1,1,1.0,1.0,-66.55573,26.25418,-428.8029,0,0.9999365,0,0.01126798;
racing,killCuboid,1.1,4.1,0.6,-65.14171,25.93417,-401.9405,0,0.9999365,0,0.01126798;
racing,killCuboid,6.1,5.1,0.6,-101.2095,21.08524,-428.7801,0,0.9999971,0,-0.002403661;
racing,killCuboid,1.1,4.1,0.6,-66.55573,26.25418,-428.8029,0,0.9999365,0,0.01126798;
custom,cuboid,stone4,1,5,1,0,1,1,1,1.0,1.0,-97.16155,21.19784,-358.8908,0,0.9999989,0,-0.001498708;
custom,cuboid,stone4,1,5,1,0,1,1,1,1.0,1.0,-121.3169,21.15783,-333.5639,0,0.9999987,0,0.001642884;
custom,cuboid,stone4,1,5,1,0,1,1,1,1.0,1.0,-71.52524,21.11776,-333.6701,0,0.9999818,0,-0.006036527;
racing,killCuboid,1.1,5.1,1.1,-97.16155,21.19784,-358.8908,0,0.9999989,0,-0.001498708;
racing,killCuboid,1.1,5.1,1.1,-71.33038,20.99783,-383.5453,0,0.9999999,0,-0.0004515122;
racing,killCuboid,1.1,5.1,1.1,-71.52524,21.11776,-333.6701,0,0.9999818,0,-0.006036527;
racing,killCuboid,1.1,5.1,1.1,-121.3769,21.118,-383.5157,0,0.9999999,0,-0.0004515108;
racing,killCuboid,1.1,5.1,1.1,-121.3169,20.83782,-333.5639,0,0.9999987,0,0.001642884;
racing,killCuboid,1,5,1,-71.00408,21.07421,-251.7933,0,0.9999952,0,-0.003103085;
racing,killCuboid,1,5,1,-71.23594,20.99281,-301.7333,0,0.7090439,0,0.7051643;
racing,killCuboid,1,5,1,-121.1726,21.12601,-301.5257,0,0.70377,0,-0.7104279;
racing,killCuboid,1,5,1,-120.9729,20.98748,-251.5871,0,0.9999964,0,-0.002683299;
racing,killCuboid,1,5,1,-71.05693,20.92514,-277.8711,0,0.7097985,0,0.7044049;
racing,killCuboid,1,5,1,-97.65252,21.3198,-301.6238,0,0.9999852,0,-0.005444075;
racing,killCuboid,1,5,1,-121.0701,21.10446,-277.2063,0,0.7103779,0,0.7038205;
racing,killCuboid,1,5,1,-85.47115,21.0026,-277.7808,0,0.9999994,0,-0.001119061;
racing,killCuboid,1,5,1,-107.278,21.20263,-277.2341,0,0.9999994,0,-0.001119061;
custom,cuboid,stone4,1,5,1,0,1,1,1,1.0,1.0,-96.49284,21.10958,-251.7203,0,0.9999999,0,-0.0005074687;
custom,cylinder,stone6,7,2,10,0,1,1,1,1.0,1.0,-96.10278,-1.180917,-164.1162,0,0.9999837,0,0.005712857;
custom,cylinder,stone6,7,1,10,0,1,1,1,1.0,1.0,-96.10278,36.41928,-164.1162,0,0.9999837,0,0.005712857;
racing,killCylinder,7.1,1.1,10.1,-96.10278,36.93918,-164.1162,0,0.9999837,0,0.005712857;
racing,killCylinder,7.1,1.1,10.1,-96.10278,8.179211,-164.1162,0,0.9999837,0,0.005712857;
custom,cylinder,stone6,3,1,6,0,1,1,1,1.0,1.0,-76.21204,22.89885,-166.8491,0,0.9994228,0,-0.03397106;
custom,cylinder,stone6,3,1,6,0,1,1,1,1.0,1.0,-113.0742,16.73451,-163.9117,0,-0.0418921,0,-0.9991221;
racing,killCylinder,3.1,1.1,6.1,-76.21204,22.89885,-166.8491,0,0.9994228,0,-0.03397106;
racing,killCylinder,3.1,1.1,6.1,-112.9723,19.29457,-163.997,0,-0.03735782,0,-0.999302;
custom,cuboid,stone4,8,2,2,0,1,1,1,2,2,-95.54488,9.135951,-86.23163,0,0.9999995,0,-0.001005473;
custom,cuboid,stone4,8,2,2,0,1,1,1,2,2,-95.60346,36.20101,-86.11047,0,0.9999999,0,-0.0003693022;
racing,checkpointCuboid,8,0.7,2,-95.68192,22.66476,-86.22559,0,1,0,-0.0001947391;
racing,killCuboid,0.5,5,20,-132.4314,21.22888,24.06942,1.920293E-06,0.002052488,0.0006981291,0.9999977;
racing,killCuboid,0.5,5,20,-57.76231,21.30815,23.86557,0,0.9999976,0,-0.002177465;
racing,killCuboid,8,0.5,20,-94.97375,48.70993,23.92928,0,0.9999987,0,-0.001624558;
custom,cuboid,stone4,1,5,0.49,0,1,1,1,2,2,-132.3093,21.1412,50.1647,0,0.7056606,0,-0.7085501;
racing,killCuboid,0.5,5,3,-131.8573,21.1983,138.8762,0,0.9999651,0,-0.008356616;
custom,cuboid,stone4,1,5,0.49,0,1,1,1,2,2,-57.97113,21.20616,-21.31196,0,0.7090354,0,0.7051729;
custom,cuboid,stone4,1,5,0.49,0,1,1,1,2,2,-132.6195,20.86494,-21.11971,0,0.7055617,0,-0.7086485;
custom,cuboid,stone4,1,5,0.49,0,1,1,1,2,2,-57.67027,21.11456,49.99624,0,0.7095211,0,0.7046843;
custom,cuboid,stone4,1,5,0.49,0,1,1,1,2,2,-132.0595,21.23783,118.9067,0,0.7048541,0,-0.7093524;
racing,killCylinder,15,3,15,19.22353,17.75792,121.7952,0,0.6448442,0,-0.7643141;
misc,barrier,12,1,33,110.2501,50.94746,-40.63786,0,0.6997619,0,-0.7143762;
racing,killCuboid,4.8,5,0.5,66.50559,21.22336,271.407,0,0.9865822,0,-0.1632656;
custom,cylinder,stone4,2,3,2,0,1,1,1,2,2,19.64693,17.62009,121.7497,0,0.7225897,0,-0.6912771;
racing,killCuboid,4.8,5,0.5,-68.52051,21.25683,251.8569,0,0.9532589,0,0.3021547;
racing,killCuboid,4.8,5,0.5,-102.1172,21.26196,219.1029,0,0.8943121,0,0.4474438;
racing,killCuboid,4.8,5,0.5,-124.057,21.24923,177.2332,0,0.8130577,0,0.5821832;
racing,killCuboid,4.8,5,0.5,108.2866,21.23457,249.6252,0,0.9489667,0,-0.3153764;
racing,killCylinder,5,3,5,60.42857,16.04593,-33.59194,0,0.08472295,0,-0.9964046;
racing,killCuboid,4.8,5,0.5,141.2254,21.22187,215.9368,0,0.8877288,0,-0.4603669;
racing,killCuboid,4.8,5,0.5,162.051,21.32371,173.7591,0,0.8049722,0,-0.5933126;
racing,killCuboid,4.8,5,0.5,168.767,21.351,126.7967,0,0.7016586,0,-0.7125134;
racing,killCuboid,4.8,5,0.5,160.6395,21.34058,80.7752,0,0.5818312,0,-0.8133096;
racing,killCuboid,4.8,5,0.5,138.9776,21.24385,39.52161,0,0.4475498,0,-0.894259;
racing,killCuboid,4.8,5,0.5,105.0056,21.19497,6.758554,0,0.3024355,0,-0.9531699;
racing,killCuboid,4.8,5,0.5,59.95761,21.10747,-7.131547,0,-0.008711061,0,-0.9999621;
custom,cylinder,stone4,1,3,1,0,1,1,1,2,2,58.56123,16.04085,-31.22877,0,0.0188825,0,-0.9998217;
racing,killCylinder,30,0.1,30,18.01468,47.22322,129.4952,0,0.08933184,0,0.9960019;
racing,killCuboid,3,5,1,-114.3567,21.11782,148.4937,0,0.9999818,0,-0.006041756;
racing,killCuboid,4,5,1,-72.5412,21.29846,220.9907,0,-0.3114758,0,-0.9502541;
racing,killCuboid,5,5,1,-0.3414423,21.27892,252.1041,0,-0.5971563,0,-0.8021249;
racing,killCuboid,8,2,1,70.33173,6.471709,225.2921,0,0.5764349,0,-0.8171431;
racing,killCuboid,8,2,1,70.20542,36.23246,225.4353,0,0.5759642,0,-0.8174749;
racing,killCuboid,1,1,6,73.5884,21.33683,234.915,0,-0.1710484,0,-0.9852626;
racing,killCuboid,1,5,5,129.8396,21.2091,184.3316,0,0.4555132,0,0.890229;
racing,killCuboid,1,5,4,146.2268,21.19991,108.8604,0,0.7249511,0,0.6888003;
racing,killCuboid,1,5,3,113.3316,20.92189,34.67263,0,0.8904985,0,0.4549863;
racing,killCuboid,7,5,0.1,-20.11381,22.58722,48.88709,0,0.008481199,0,0.9999641;
racing,killCuboid,0.1,5,5,35.97152,21.08662,-34.23618,0,0.9999508,0,-0.009921551;
racing,killCuboid,4,5,0.5,38.79834,21.06489,15.4894,0,0.7052418,0,0.7089669;
racing,killCuboid,5,5,0.5,20.64211,21.12201,15.31294,0,0.3871606,0,0.9220123;
racing,killCuboid,0.5,5,7,1.359565,21.06,-0.9070187,0,0.7107565,0,0.7034382;
racing,killCuboid,0.5,5,15,111.0335,21.10599,-58.3416,0,0.7145672,0,0.6995668;
racing,killCuboid,0.5,5,13,9.637444,21.19657,-96.01258,0,0.6977983,0,-0.7162945;
racing,killCuboid,0.5,5,8,226.0406,21.1489,-60.96991,0,0.6979466,0,-0.7161498;
custom,cuboid,stone6,11,5,0.5,0,1,1,1,1.0,1.0,129.5842,21.16718,-98.81794,0,0.01087901,0,0.9999408;
custom,cuboid,stone6,4,5,0.5,0,1,1,1,1.0,1.0,263.172,21.08462,-84.35889,0,0.700636,0,-0.7135189;
custom,cuboid,stone6,8,0.5,70,0,1,1,1,8,8,214.9103,43.54629,-448.5238,0,0.9999052,0,-0.0137711;
custom,cuboid,stone6,0.5,5,70,0,1,1,1,8,8,177.2046,20.23375,-447.4538,0,0.01343961,0,0.9999097;
custom,cuboid,stone6,8,0.5,70,0,1,1,1,8,8,214.9103,-1.853831,-448.5238,0,0.9999052,0,-0.0137711;
custom,cuboid,stone6,0.5,5,70,0,1,1,1,8,8,253.4994,21.07376,-449.5319,0,0.01343961,0,0.9999098;
custom,cylinder,metal2,1,3,1,0,1,1,1,1,1,248.5778,15.59776,-245.1045,0,0.09612062,0,0.9953697;
racing,killCuboid,8,0.49,70,214.9103,43.54624,-448.5238,0,0.9999052,0,-0.0137711;
racing,killCuboid,8,0.49,70,214.9103,-1.813829,-448.5238,0,0.9999052,0,-0.0137711;
racing,killCuboid,0.49,5,70,253.4994,21.07376,-449.5319,0,0.01343961,0,0.9999098;
racing,killCuboid,0.49,5,70,177.2046,20.83375,-447.4538,0,0.01343961,0,0.9999097;
custom,cylinder,metal2,1,3,1,0,1,1,1,1,1,214.104,15.99243,-130.71,0,0.9967958,0,-0.07998921;
custom,cylinder,metal2,1,3,1,0,1,1,1,1,1,234.141,15.86009,-131.2952,0,0.9957459,0,-0.09214171;
racing,killCylinder,0.99,3,0.99,214.104,15.95243,-130.71,0,0.9967958,0,-0.07998921;
racing,killCylinder,0.99,3,0.99,234.141,15.90009,-131.2952,0,0.9957459,0,-0.09214171;
custom,cuboid,metal2,6,2,15,0,1,1,1,1,1,215.4207,31.82067,-439.7133,0,0.01310379,0,0.9999142;
custom,cylinder,metal2,1,3,1,0,1,1,1,1,1,202.9171,15.54807,-149.2773,0,0.08406229,0,0.9964605;
custom,cylinder,metal2,1,3,1,0,1,1,1,1,1,242.9449,15.61197,-150.4112,0,0.9958745,0,-0.09074181;
custom,cylinder,metal2,1,3,1,0,1,1,1,1,1,223.1656,15.49784,-149.9168,0,0.08021627,0,0.9967775;
custom,cylinder,metal2,1,3,1,0,1,1,1,1,1,192.7784,15.60494,-169.1286,0,0.11077,0,0.9938461;
custom,cylinder,metal2,1,3,1,0,1,1,1,1,1,213.1211,15.50427,-169.6439,0,0.09181879,0,0.9957758;
custom,cylinder,metal2,1,3,1,0,1,1,1,1,1,252.6574,15.20864,-170.713,0,0.06258572,0,0.9980396;
custom,cylinder,metal2,1,3,1,0,1,1,1,1,1,233.4779,15.7385,-170.3002,0,-0.07231645,0,0.9973818;
racing,killCylinder,0.99,3,0.99,202.9171,15.54807,-149.2773,0,0.08406229,0,0.9964605;
racing,killCylinder,0.99,3,0.99,242.9449,15.61197,-150.4112,0,0.9958745,0,-0.09074181;
racing,killCylinder,0.99,3,0.99,223.1656,15.49784,-149.9168,0,0.08021627,0,0.9967775;
racing,killCylinder,0.99,3,0.99,192.7784,15.60494,-169.1286,0,0.11077,0,0.9938461;
racing,killCylinder,0.99,3,0.99,213.1211,15.50427,-169.6439,0,0.09181879,0,0.9957758;
racing,killCylinder,0.99,3,0.99,252.6574,15.20864,-170.713,0,0.06258572,0,0.9980396;
racing,killCylinder,0.99,3,0.99,233.4779,15.9785,-170.3002,0,-0.07231645,0,0.9973818;
custom,cylinder,metal2,1,3,1,0,1,1,1,1,1,201.7952,15.53917,-189.5186,0,-0.07134096,0,0.997452;
custom,cylinder,metal2,1,3,1,0,1,1,1,1,1,241.8032,15.08917,-190.9111,0,0.09261376,0,0.9957021;
custom,cylinder,metal2,1,3,1,0,1,1,1,1,1,221.6131,15.37421,-190.2417,0,0.01235584,0,0.9999237;
custom,cylinder,metal2,1,3,1,0,1,1,1,1,1,210.7544,16.02923,-209.2173,0,0.09989207,0,0.9949983;
custom,cylinder,metal2,1,3,1,0,1,1,1,1,1,230.4766,15.26657,-209.8002,0,0.08806998,0,0.9961143;
racing,killCylinder,0.99,3,0.99,201.7952,15.45917,-189.5186,0,-0.07134096,0,0.997452;
racing,killCylinder,0.99,3,0.99,241.8032,15.08917,-190.9111,0,0.09261376,0,0.9957021;
racing,killCylinder,0.99,3,0.99,221.6131,15.37421,-190.2417,0,0.01235584,0,0.9999237;
racing,killCylinder,0.99,3,0.99,210.7544,16.02923,-209.2173,0,0.09989207,0,0.9949983;
racing,killCylinder,0.99,3,0.99,230.4766,15.26657,-209.8002,0,0.08806998,0,0.9961143;
custom,cylinder,metal2,1,3,1,0,1,1,1,1,1,193.336,15.6852,-243.6916,0,0.9968201,0,-0.07968483;
custom,cylinder,metal2,1,3,1,0,1,1,1,1,1,200.5657,15.87268,-264.8885,0,0.0924302,0,0.9957192;
custom,cylinder,metal2,1,3,1,0,1,1,1,1,1,240.4803,14.35268,-265.9585,0,0.08617211,0,0.9962803;
custom,cylinder,metal2,1,3,1,0,1,1,1,1,1,219.6553,13.95352,-265.3207,0,0.09251501,0,0.9957113;
custom,cylinder,metal2,2,3,2,0,1,1,1,1,1,218.5735,15.27368,-290.2402,0,0.1038048,0,0.9945977;
custom,cylinder,metal2,1,3,1,0,1,1,1,1,1,198.9306,15.24733,-315.1145,0,0.1124754,0,0.9936545;
custom,cylinder,metal2,1,3,1,0,1,1,1,1,1,239.0532,15.46633,-316.1805,0,0.08841674,0,0.9960836;
custom,cylinder,metal2,1,3,1,0,1,1,1,1,1,218.0297,15.34633,-315.5721,0,0.09050275,0,0.9958962;
custom,cylinder,metal2,1,3,1,0,1,1,1,1,1,246.5357,15.60049,-336.1881,0,-0.08136116,0,-0.9966847;
custom,cylinder,metal2,1,3,1,0,1,1,1,1,1,190.6601,15.47967,-335.0164,0,0.07822508,0,0.9969357;
racing,killCylinder,0.99,3,0.99,193.336,15.6852,-243.6916,0,0.9968201,0,-0.07968483;
racing,killCylinder,1.99,3,1.99,218.5735,15.27368,-290.2402,0,0.1038048,0,0.9945977;
racing,killCylinder,0.99,3,0.99,200.5657,15.87268,-264.8885,0,0.0924302,0,0.9957192;
racing,killCylinder,0.99,3,0.99,240.4803,14.35268,-265.9585,0,0.08617211,0,0.9962803;
racing,killCylinder,0.99,3,0.99,219.6553,13.95352,-265.3207,0,0.09251501,0,0.9957113;
racing,killCylinder,0.99,3,0.99,239.0532,15.46633,-316.1805,0,0.08841674,0,0.9960836;
racing,killCylinder,0.99,3,0.99,218.0297,15.34633,-315.5721,0,0.09050275,0,0.9958962;
racing,killCylinder,0.99,3,0.99,246.5357,15.60049,-336.1881,0,-0.08136116,0,-0.9966847;
racing,killCylinder,0.99,3,0.99,190.6601,15.47967,-335.0164,0,0.07822508,0,0.9969357;
racing,killCylinder,0.99,3,0.99,198.9306,15.24733,-315.1145,0,0.1124754,0,0.9936545;
racing,killCylinder,0.99,3,0.99,218.5735,15.27368,-290.2402,0,0.1038048,0,0.9945977;
racing,killCylinder,0.99,3,0.99,248.5693,15.93878,-245.1118,0,0.9748336,0,0.222934;
custom,cuboid,metal2,6,2,15,0,1,1,1,1,1,215.4029,6.851038,-439.7714,0,0.01295778,0,0.9999161;
spawnpoint,playerC,-97.16268,2.849076,-636.5286,0,0.005343523,0,0.9999857;
custom,cuboid,metal2,2,0.5,15,0,1,1,1,1,1,235.335,19.39241,-440.2698,0,0.01282602,0,0.9999177;
custom,cuboid,metal2,2,0.5,15,0,1,1,1,1,1,195.5005,19.44688,-439.2434,0,0.01317376,0,0.9999133;
racing,killCuboid,5.98,1.99,14.99,215.4006,31.85102,-439.6916,0,0.01295778,0,0.9999161;
racing,killCuboid,5.99,1.99,14.99,215.4029,6.891037,-439.7714,0,0.01295778,0,0.9999161;
racing,killCuboid,1.99,0.49,14.99,195.5005,19.44688,-439.2434,0,0.01317376,0,0.9999133;
racing,killCuboid,1.99,0.49,14.99,235.335,19.39241,-440.2698,0,0.01282602,0,0.9999177;
racing,killCuboid,1,2,15,181.8159,6.85296,-439.0152,0,0.02037008,0,0.9997925;
racing,killCuboid,1,2,15,182.7401,31.813,-438.8957,0,0.02037011,0,0.9997925;
racing,killCuboid,1,2,15,250.2007,6.880405,-440.6527,0,0.01378056,0,0.999905;
racing,killCuboid,1,2,15,248.0089,31.82589,-440.668,0,0.9999328,0,-0.01159181;
racing,killCuboid,0.1,2,14.98,215.4674,19.89774,-439.7783,0,0.999919,0,-0.01272564;
custom,cuboid,stone5,8,1,8,0,1,1,1,1,1,-96.84945,-2.350474,-625.9883,0,0.999999,0,-0.001418047;
racing,killCuboid,3,1,10,190.9385,21.06742,-598.0234,0,0.01456606,0,0.999894;
racing,killCuboid,7,2,25,209.0055,6.023808,-673.5443,0,-0.01427828,0,-0.9998981;
racing,killCuboid,3,1,10,231.4725,21.00729,-600.4281,0,0.9999264,0,-0.01213208;
racing,killPrism,3,1,3,210.9993,21.08897,-676.5433,0,0.4734146,0,-0.8808398;
racing,killPrism,3,1,3,206.7609,21.08786,-695.1965,0,0.03178687,0,0.9994947;
racing,killCuboid,1,1,5,230.9612,21.07951,-670.2511,0,0.9737201,0,0.2277481;
racing,killCuboid,1,1,5,186.479,20.93538,-666.8004,0,0.2877466,0,0.9577066;
racing,killCuboid,1,1,5,228.7142,21.0702,-698.9351,0,0.2911187,0,0.956687;
racing,killCuboid,1,1,5,185.3854,20.97065,-695.9055,0,0.2295717,0,-0.9732918;
racing,killCuboid,3,1,8,183.9225,21.01023,-755.1825,0,0.02675131,0,0.9996421;
racing,killCuboid,3,1,8,224.5068,20.89255,-757.1977,0,0.01314359,0,0.9999136;
racing,killCuboid,7,2,25,208.904,36.00469,-673.8281,0,0.01405238,0,0.9999013;
racing,killCylinder,1,3,1,-99.64336,16.08316,148.4454,0,0.7087008,0,-0.7055092;
racing,killCylinder,1,3,1,-56.51932,16.31875,209.2995,0,0.3904283,0,-0.9206334;
racing,killCylinder,1,3,1,6.789855,16.16759,228.304,0,0.2272199,0,-0.9738435;
racing,killCylinder,1,3,1,109.7095,16.2828,169.8621,0,0.4654652,0,0.8850662;
racing,killCylinder,1,3,1,126.0154,16.18395,109.8792,0,0.7341817,0,0.6789531;
racing,killCylinder,1,3,1,101.1595,15.9046,43.5247,0,0.8889086,0,0.4580846;
racing,killCylinder,0.5,3,0.5,38.6389,16.02052,35.20767,0,0.9995906,0,0.02861212;
racing,killCylinder,0.5,3,0.5,3.284808,16.08902,33.11052,0,0.9254404,0,0.3788931;
racing,killCylinder,0.5,3,0.5,-33.5191,15.99798,-0.5302086,0,0.7161143,0,0.697983;
racing,killCuboid,0.5,5,60,89.97599,17.88473,-495.269,0,-0.01341559,0,-0.99991;
racing,killCuboid,2.7,5,0.5,240.6413,17.00153,-811.5063,0,0.606006,0,-0.7954602;
racing,killCuboid,2.7,5,0.5,230.2285,16.91022,-834.7507,0,0.4791175,0,-0.8777508;
racing,killCuboid,2.7,5,0.5,213.8005,16.92874,-853.3099,0,0.3295984,0,-0.9441213;
racing,killCuboid,2.7,5,0.5,191.3837,17.18534,-866.5496,0,0.1765135,0,-0.9842982;
racing,killCuboid,2.7,5,0.5,165.8706,17.00195,-871.7922,0,0.02121101,0,-0.9997751;
racing,killCuboid,2.7,5,0.5,141.173,17.13792,-869.0188,0,0.1340047,0,0.9909807;
racing,killCuboid,2.7,5,0.5,118.1967,17.30546,-858.8441,0,0.2888532,0,0.9573734;
racing,killCuboid,2.7,5,0.5,98.99481,17.23294,-841.8427,0,0.4347491,0,0.9005517;
racing,killCuboid,2.7,5,0.5,86.16466,17.30553,-819.7169,0,0.5677289,0,0.8232156;
racing,killCuboid,2.7,5,0.5,81.73151,17.31847,-794.2156,0,0.7175963,0,0.6964594;
racing,killCuboid,8.1,0.1,60,133.3787,42.43918,-496.3813,0,-0.0135213,0,-0.9999086;
custom,cuboid,lava1,500,1,500,0,1,1,1,300,300,14.13918,-4.772027,1348.058,0,0.0124696,0,-0.9999223;
racing,killCuboid,8,1,5,137.5457,36.81578,-320.6291,0,0.01291534,0,0.9999166;
racing,killCuboid,8,3,5,137.5742,6.819695,-321.1634,0,-0.01262402,0,-0.9999203;
racing,killCuboid,8,1,15,138.8269,-1.341082,-271.4187,0,0.9999211,0,-0.01256042;
misc,barrier,1,1,5,-91.18965,53.04668,-581.0204,0,0.7068061,0,-0.7074074;
custom,cylinder,stone6,1,3,1,0,1,1,1,1,1,101.682,11.26705,-757.0674,0,0.09763784,0,0.995222;
custom,cylinder,stone6,1,3,1,0,1,1,1,1,1,151.5223,11.4297,-758.2206,0,0.09267744,0,0.9956962;
custom,cylinder,stone6,1,3,1,0,1,1,1,1,1,125.9313,11.39069,-737.5689,0,0.9956565,0,-0.09310239;
custom,cylinder,stone6,1,3,1,0,1,1,1,1,1,125.3487,11.2436,-757.6523,0,0.09195285,0,0.9957634;
custom,cylinder,stone6,2,3,2,0,1,1,1,1,1,107.8956,12.10572,-695.3649,0,0.09619904,0,0.9953621;
custom,cylinder,stone6,2,3,2,0,1,1,1,1,1,147.73,11.98177,-696.2811,0,0.9957967,0,-0.09159093;
custom,cylinder,stone6,2,3,2,0,1,1,1,1,1,127.622,12.20804,-659.2469,0,0.995934,0,-0.09008586;
custom,cylinder,stone6,2,3,2,0,1,1,1,1,1,132.7842,11.99984,-490.1875,0,0.994805,0,-0.1017991;
custom,cylinder,stone6,2,3,2,0,1,1,1,1,1,113.842,12.06842,-448.2513,0,0.9957686,0,-0.0918965;
custom,cylinder,stone6,2,3,2,0,1,1,1,1,1,153.9439,12.07232,-449.1099,0,0.09302225,0,0.9956641;
custom,cylinder,stone6,1,3,1,0,1,1,1,1,1,133.0329,12.43494,-405.0183,0,0.9970567,0,-0.07666755;
custom,cylinder,stone6,1,3,1,0,1,1,1,1,1,160.3747,12.29216,-376.9782,0,0.996275,0,-0.08623274;
custom,cylinder,stone6,1,3,1,0,1,1,1,1,1,110.3867,12.49216,-375.8231,0,0.9967411,0,-0.08066716;
custom,cylinder,stone6,1,3,1,0,1,1,1,1,1,133.0709,10.01216,-376.3956,0,0.9968873,0,-0.07884043;
custom,cylinder,stone6,8,1,8,0,1,1,1,1,1,131.2367,7.851509,-572.8134,0,0.9957009,0,-0.09262697;
custom,cylinder,stone6,8,1,8,0,1,1,1,1,1,131.1975,32.57498,-572.9811,0,0.9955295,0,-0.09445179;
racing,killCylinder,7.99,0.99,7.99,131.2367,7.851509,-572.8134,0,0.9957009,0,-0.09262697;
racing,killCylinder,7.99,0.99,7.99,131.1975,32.57498,-572.9811,0,0.9955295,0,-0.09445179;
racing,killCylinder,0.99,3,0.99,101.682,11.26705,-757.0674,0,0.09763784,0,0.995222;
racing,killCylinder,0.99,3,0.99,151.5223,11.4297,-758.2206,0,0.09267744,0,0.9956962;
racing,killCylinder,0.99,3,0.99,125.9313,11.39069,-737.5689,0,0.9956565,0,-0.09310239;
racing,killCylinder,0.99,3,0.99,125.3487,11.2436,-757.6523,0,0.09195285,0,0.9957634;
racing,killCylinder,0.99,3,0.99,133.0329,12.43494,-405.0183,0,0.9970567,0,-0.07666755;
racing,killCylinder,0.99,3,0.99,160.3747,12.29216,-376.9782,0,0.996275,0,-0.08623274;
racing,killCylinder,0.99,3,0.99,110.3867,12.49216,-375.8231,0,0.9967411,0,-0.08066716;
racing,killCylinder,0.99,3,0.99,133.0709,10.01216,-376.3956,0,0.9968873,0,-0.07884043;
racing,killCylinder,1.99,3,1.99,107.8956,12.10572,-695.3649,0,0.09619904,0,0.9953621;
racing,killCylinder,1.99,3,1.99,147.73,11.98177,-696.2811,0,0.9957967,0,-0.09159093;
racing,killCylinder,1.99,3,1.99,127.622,12.20804,-659.2469,0,0.995934,0,-0.09008586;
racing,killCylinder,1.99,3,1.99,132.7842,11.99984,-490.1875,0,0.994805,0,-0.1017991;
racing,killCylinder,1.99,3,1.99,113.842,12.06842,-448.2513,0,0.9957686,0,-0.0918965;
racing,killCylinder,1.99,3,1.99,153.9439,12.07232,-449.1099,0,0.09302225,0,0.9956641;
racing,killCuboid,3.5,1,5,114.9842,26.91018,-320.7345,0,-0.01312246,0,-0.9999139;
racing,killCuboid,3.5,1,5,160.1213,26.83029,-321.8299,0,-0.01313268,0,-0.9999138;
racing,killTube,2,2,2,138.5213,26.84986,-289.0244,0.08199976,0.7041324,0.7031773,0.05491206;
custom,killCylinder,default,2,0,2,0,1,1,1,1.0,1.0,138.9249,26.59723,-282.2525,-0.06967176,0.7038203,0.699936,-0.09936006;
custom,cuboid,stone4,8.1,2,2,0,1,1,1,1.0,1.0,140.6856,10.05827,-206.195,0,0.9999149,0,-0.01305377;
racing,checkpointCuboid,8.1,2.8,1.99,140.6856,28.01833,-206.195,0,0.9999149,0,-0.01305377;
racing,killCylinder,2,3,2,85.69526,12.85147,-204.8692,0,0.9961285,0,-0.0879096;
racing,killCuboid,0.5,5,16,104.2766,17.57075,-137.6614,0,0.7163116,0,0.6977806;
custom,cylinder,stone4,1,3,1,0,1,1,1,1.0,1.0,85.93695,12.84673,-204.7392,0,0.7054921,0,0.7087179;
racing,killCuboid,0.5,5,70,12.25351,17.7873,-487.8033,0,-0.01330105,0,-0.9999115;
racing,killCuboid,0.5,5,63,69.72662,18.04014,-521.9366,0,0.9999002,0,-0.01413162;
racing,killCylinder,1,3,1,24.15495,12.76907,-138.3403,0,0.9807303,0,0.1953665;
racing,killCuboid,1,5,0.1,90.52772,17.90443,-195.6729,0,0.9999125,0,-0.01323302;
custom,cuboid,stone4,5.5,0.5,5.5,0,1,1,1,1.0,1.0,37.34675,9.249063,-635.5762,0.01350145,0.2061846,0.9784159,-0.002845207;
custom,cylinder,stone4,0.5,3,0.5,0,1,1,1,1.0,1.0,17.32799,12.73536,-297.1357,0,0.9964818,0,-0.08380985;
custom,cylinder,stone4,0.5,3,0.5,0,1,1,1,1.0,1.0,14.56277,12.75705,-402.0037,0,-0.09011842,0,-0.9959311;
custom,cylinder,stone4,0.5,3,0.5,0,1,1,1,1.0,1.0,11.73013,12.77662,-506.9465,0,0.616028,0,-0.7877243;
racing,killCuboid,5.5,0.5,5.5,37.34675,9.289079,-635.5762,0.01350145,0.2061846,0.9784159,-0.002845207;
custom,cuboid,stone4,5.5,0.5,5.5,0,1,1,1,1.0,1.0,35.83004,7.142127,-688.0427,0.1650521,0.01507507,0.0001186119,0.9861696;
racing,killCuboid,5.5,0.5,5.5,35.8121,18.22214,-688.5225,0.1650521,0.01507507,0.0001186119,0.9861696;
racing,killCuboid,5.5,0.5,5.5,35.83004,7.222127,-688.0427,0.1650521,0.01507507,0.0001186119,0.9861696;
racing,killCuboid,5.5,0.5,5.5,37.34675,20.44909,-635.5762,0.01350145,0.2061846,0.9784159,-0.002845207;
racing,killCylinder,0.6,2.8,0.6,36.51672,9.225396,-661.6346,-0.01107676,-0.007547861,-0.7093478,-0.7047312;
custom,cylinder,stone4,0.5,2.8,0.5,0,1,1,1,1.0,1.0,36.51672,9.105396,-661.6346,-0.01107676,-0.007547861,-0.7093478,-0.7047312;
racing,killPyramid,5.5,2,5.5,33.71175,1.523273,-778.9454,0,0.01412224,0,0.9999003;
racing,killCylinder,0.1,0.4,0.1,33.72203,23.19183,-778.9427,0,0.003265382,0,0.9999947;
racing,killPrism,1,2,1,29.22589,29.42217,-776.588,0,0.4960699,0,-0.8682827;
racing,killPrism,1,2,1,39.37817,29.41192,-774.6734,0,0.9999784,0,-0.006585572;
custom,cylinder,stone4,0.09,0.4,0.09,0,1,1,1,1.0,1.0,33.73858,23.18287,-778.9089,0,0.9999942,0,0.003398964;
racing,killCuboid,0.5,5,4,60.19351,18.04166,-856.8737,0,-0.01443009,0,-0.9998959;
racing,killCuboid,0.5,5,20,157.0244,17.86422,-881.4101,0,0.7145351,0,0.6995997;
racing,killCuboid,0.5,5,20,0.3809344,17.74167,-937.629,0,-0.01362313,0,-0.9999072;
racing,killCuboid,16,5,23,140.4852,17.85955,-961.051,0,0.7002198,0,-0.7139274;
racing,killCuboid,0.5,5,25,151.9236,17.85349,-1065.429,0,0.7141805,0,0.6999616;
racing,killCuboid,0.9,6,0.5,-2.154439,12.80141,-1041.706,0,0.6819478,0,0.7314008;
racing,killCuboid,0.8,6,0.5,-0.4997671,12.75659,-1048.55,0,0.5558747,0,0.8312661;
racing,killCuboid,0.8,6,0.5,3.046067,12.7527,-1054.354,0,0.4178033,0,0.9085376;
racing,killCuboid,0.8,6,0.5,8.323194,12.74381,-1058.857,0,0.2720456,0,0.9622844;
racing,killCuboid,0.8,6,0.5,14.85599,12.73672,-1061.577,0,0.1172086,0,0.9931073;
racing,killCuboid,0.8,6,0.5,22.94169,12.75763,-1062.674,0,0.007140879,0,0.9999745;
custom,cylinder,stone4,1,3,1,0,1,1,1,1.0,1.0,62.19128,12.88142,-876.9766,0,0.001893193,0,-0.9999982;
custom,cylinder,stone4,1,3,1,0,1,1,1,1.0,1.0,64.15582,12.70954,-964.6177,0,0.02157655,0,-0.9997672;
custom,cylinder,stone4,1,3,1,0,1,1,1,1.0,1.0,197.2467,12.63693,-961.7638,0,0.7252305,0,-0.6885062;
racing,killCuboid,5,5,0.5,301.8767,17.78837,-1068.501,0,0.01087136,0,0.9999409;
racing,killCuboid,0.5,5,15,401.8382,17.82969,-1070.163,0,0.7017801,0,-0.7123937;
racing,killCuboid,0.5,5,15,255.3959,17.86653,-806.0134,0,0.9999748,0,-0.007099157;
racing,killCuboid,0.5,5,32,481.3509,17.91101,-908.6005,0,0.006300034,0,0.9999802;
racing,killCuboid,0.5,5,32,444.342,17.88676,-745.7454,0,0.7041982,0,-0.7100034;
racing,killCuboid,2,5,1,264.0043,17.85733,-1038.484,0,0.9999476,0,-0.01024027;
racing,killCuboid,2,5,1,269.3414,18.06741,-1028.479,0,0.9999577,0,-0.009198879;
racing,killCuboid,2,5,1,273.9454,17.98738,-1018.54,0,0.9999669,0,-0.008151724;
racing,killCuboid,0.3,5,5,281.7452,16.76949,-797.8937,0,0.7029511,0,-0.7112383;
racing,killCuboid,3,5,2,274.3193,17.89006,-998.53,0,0.7006596,0,-0.7134957;
racing,killCuboid,2,5,1,271.6697,17.88565,-978.4393,0,0.9999572,0,-0.009255779;
racing,killCuboid,2,5,1,269.104,17.86719,-968.3174,0,0.9999553,0,-0.009457382;
racing,killCuboid,2,5,1,265.5697,17.82313,-958.1913,0,-0.01018215,0,-0.9999482;
racing,killCuboid,2,5,1,266.1237,17.74695,-919.3734,0,0.9999481,0,-0.01019277;
racing,killCuboid,2,5,1,270.0033,17.7167,-909.4509,0,0.9999365,0,-0.01127442;
racing,killCuboid,2,5,1,273.2022,17.68689,-899.4578,0,-0.01168196,0,-0.9999318;
racing,killCuboid,2,5,1,276.7767,17.75604,-889.4807,0,0.999927,0,-0.01208807;
racing,killCuboid,1,5,2,280.3834,17.68645,-879.5633,0,0.6987412,0,-0.7153746;
racing,killCuboid,2,5,5,281.1851,17.72344,-849.6038,0,0.999902,0,-0.01399942;
racing,killCuboid,1,5,2,279.7675,17.64413,-814.3912,0,0.7041728,0,-0.7100286;
racing,killCuboid,1,5,2,292.6085,17.81882,-1060.811,0,0.6995723,0,-0.7145619;
racing,killCuboid,1,5,2,296.192,17.76791,-1050.884,0,0.6998989,0,-0.714242;
racing,killCuboid,1,5,2,299.8186,17.71738,-1040.909,0,0.7000151,0,-0.7141281;
racing,killCuboid,1,5,2,303.6232,17.69205,-1030.989,0,0.6990451,0,-0.7150777;
racing,killCuboid,1,5,2,306.7686,17.69693,-1020.988,0,0.7008151,0,-0.7133431;
racing,killCuboid,3.4,5,2,307.1492,17.78588,-999.0108,0,0.7012832,0,-0.7128829;
racing,killCuboid,1,5,2,304.4155,17.68787,-976.9219,0,0.7005308,0,-0.7136223;
racing,killCuboid,1,5,2,301.1753,17.69479,-966.8947,0,0.7014291,0,-0.7127393;
racing,killCuboid,1,5,2,297.5561,17.6223,-956.8864,0,0.7033358,0,-0.7108577;
racing,killCuboid,0.4,5,2,297.5904,17.62522,-949.9094,0,0.7024393,0,-0.7117437;
racing,killCuboid,1.8,5,3,277.8243,17.65633,-938.5378,0,0.7032518,0,-0.710941;
racing,killCuboid,1,5,2,296.6318,17.63034,-924.6859,0,0.7039822,0,-0.7102177;
racing,killCuboid,1,5,2,299.0719,17.55946,-914.6807,0,0.7044603,0,-0.7097434;
racing,killCuboid,1,5,2,302.5383,17.54318,-904.7241,0,0.7044263,0,-0.7097772;
racing,killCuboid,1,5,2,305.7388,17.57326,-894.7465,0,0.7053519,0,-0.7088574;
racing,killCuboid,1,5,2,308.9712,17.27076,-884.691,0,0.7050654,0,-0.7091424;
racing,killCuboid,7,5,2,309.1371,17.26723,-844.5964,0,0.7053853,0,-0.7088242;
custom,cuboid,stone5,1.3,2,2,0,1,1,1,1.0,1.0,263.5989,-0.6121185,-871.5212,0,0.9999811,0,-0.006145509;
racing,checkpointCuboid,1.3,0.2,2,263.5243,10.4049,-871.5292,0,0.9999779,0,-0.006642486;
racing,killCuboid,0.1,5,1,294.805,17.66472,-810.0289,0,0.7119073,0,0.7022734;
custom,cuboid,stone4,1,5,1,0,1,1,1,1.0,1.0,287.7458,16.1576,-938.9516,0,0.702864,0,-0.7113243;
custom,cuboid,stone4,1,5,1,0,1,1,1,1.0,1.0,286.6738,17.68924,-829.7922,0,0.6986119,0,-0.7155008;
