map,disablebounds;
racing,checkpointcuboid,0.4,1,1,346,107.5,524,0,0,0,-1;
racing,checkpointcuboid,2,5.6,3.5,510,311.5,-1042.5,0,0,0,-1;
racing,checkpointcuboid,1,1,1,1142,307,-1681.5,0,0,0,-1;
racing,endcuboid,5,5,5,-600,858.3,-1670.5,0,0,0,-1;
racing,startcuboid,0.5,6,8.4,-243,17.5,80,0,0,0,-1;
spawnpoint,playerC,-330,3,80,0,1,0,1,0,0,0;
custom,cuboid,grass,500,1,500,0,0,0,0,15,15,0,-4.5,0,0,0,1,0;
spawnpoint,playerM,-330,3,80,0,1,0,1,0,0,0;
custom,cuboid,default,70,26,0.550,0,0,0,0,1,1,0,73,40,0,1,0,0;
custom,cuboid,default,70,11,0.550,0,0,0,0,1,1,0,47.5,120,0,1,0,0;
custom,cuboid,default,64,0.5,8,0,0,0,0,1,1,-28,50,80,0,1,0,0;
custom,cuboid,default,64,0.5,8,0,0,0,0,1,1,28,100,80,0,1,0,0;
custom,cuboid,default,70,0.5,8.280,0,0,0,0,1,1,0,150,81,0,1,0,0;
custom,cuboid,default,70,0.5,8.280,0,0,0,0,1,1,0,200.5,81,0,1,0,0;
custom,cuboid,default,0.5,26,8.490,1,0.1,0.9,1,1,1,-348,73,80,0,1,0,0;
custom,cuboid,default,0.490,26,8.490,1,0.1,0.9,1,1,1,348,73,80,0,1,0,0;
racing,killcuboid,0.8,26,8.5,-346,73,80,0,0,0,-1;
racing,killcuboid,0.8,26,8.5,346,73,80,0,0,0,-1;
racing,killcuboid,3,0.450,8.5,335,50,80,0,0,0,-1;
racing,killcuboid,3,0.450,8.5,-335,100,80,0,0,0,-1;
racing,killpyramid,3,3,4.5,168,75,80,0,0,0,-1;
custom,pyramid,default,2.5,2.5,4,0,0,0,0,0,1,168,75,80,0,1,0,0;
racing,killcuboid,7,5,3,-60,75,54,0,0,0,-1;
racing,killcuboid,7,5,3,-60,75,107,0,0,0,-1;
racing,killcuboid,20,5,0.3,-192,125,80,0,0,0,-1;
racing,killcuboid,62,5,0.5,-38,125,120,0,0,0,-1;
racing,killcuboid,70,5,0.5,0,125,41,0,0,0,-1;
custom,cuboid,default,4.5,5,0.450,0,0,0,0,1,1,270,125,120,0,1,0,0;
custom,cuboid,default,0.7,5,0.3,0,0,0,0,1,1,210,125,120,0,1,0,0;
custom,cuboid,default,0.7,5,0.3,0,0,0,0,1,1,165,125,120,0,1,0,0;
custom,cuboid,default,0.7,5,0.3,0,0,0,0,1,1,120,125,120,0,1,0,0;
custom,cuboid,default,0.7,5,0.3,0,0,0,0,1,1,75,125,120,0,1,0,0;
custom,cuboid,default,0.7,5,0.3,0,0,0,0,1,1,30,125,120,0,1,0,0;
custom,cuboid,default,0.7,5,0.3,0,0,0,0,1,1,-15,125,120,0,1,0,0;
custom,cuboid,default,0.7,5,0.3,0,0,0,0,1,1,-60,125,120,0,1,0,0;
custom,cuboid,default,0.7,5,0.3,0,0,0,0,1,1,-105,125,120,0,1,0,0;
custom,cuboid,default,0.7,5,0.3,0,0,0,0,1,1,-150,125,120,0,1,0,0;
custom,cuboid,default,0.7,5,0.3,0,0,0,0,1,1,-195,125,120,0,1,0,0;
custom,cuboid,default,0.7,5,0.3,0,0,0,0,1,1,-240,125,120,0,1,0,0;
custom,cuboid,default,0.7,5,0.3,0,0,0,0,1,1,-285,125,120,0,1,0,0;
racing,killcuboid,0.8,5.5,30.7,346,125,275.8,0,0,0,-1;
racing,killcuboid,0.8,5,41,290,125,325,0,0,0,-1;
racing,killcuboid,6.4,0.5,33.2,318,100,288.5,0,0,0,-1;
misc,barrier,6.4,0.3,35,318,150,297.8,0,0,0,-1;
custom,cuboid,defaulf,14.4,0.5,8,0,0,0,0,0,1,358,100,494,0,1,0,0;
custom,cuboid,defaulf,14.4,5,0.5,0,0,0,0,0,1,358,125,531.5,0,1,0,0;
custom,cuboid,defaulf,6.4,0.5,8,0,0,0,0,0,1,318,150,494,0,1,0,0;
racing,killcuboid,0.5,20,46,432.5,197.5,304,0,1,0,0;
racing,killcuboid,0.5,15,54,348,227.5,264.5,0,1,0,0;
racing,killcuboid,8,0.5,3.8,390,150,515,0,0,0,-1;
racing,killcuboid,8,0.5,40,390.5,158.8,264,0,1,0.15,0;
racing,killcuboid,8,0.5,44.3,390.5,215,285.5,0,1,0.15,0;
custom,cuboid,default,2,0.4,44.3,0,0,0,0,0.15,0,395.5,215,285.5,0,1,0.15,0;
custom,cuboid,defaulf,0.8,5.5,2.5,0,0,0,0,0,1,346,125,441.5,0,1,0,0;
custom,cuboid,defaulf,27.4,0.5,8,0,0,0,0,0,1,487.5,217.3,34.5,0,1,0,0;
custom,cuboid,defaulf,14.4,0.5,8,0,0,0,0,0,1,422.5,280,34.5,0,1,0,0;
custom,cuboid,defaulf,14.4,5.8,0.5,0,0,0,0,0,1,422.5,248.5,-3,0,1,0,0;
custom,cuboid,defaulf,19.4,5.8,0.5,0,0,0,0,0,1,527.5,248.5,72,0,1,0,0;
custom,capsule,default,1,2.5,1.5,0,0,0,0,0,1,470,248.5,100,0,1,0,0;
racing,killcuboid,13,0.5,62,559.5,217.3,-315.5,0,0,0,-1;
racing,killcuboid,13,0.5,70,559.5,280,-275.5,0,0,0,-1;
racing,killcuboid,0.5,5.8,70,622,248.7,-275.6,0,0,0,-1;
racing,killcuboid,0.5,5.8,62,497,248.5,-315.5,0,0,0,-1;
racing,killcuboid,12,3.7,0.5,559.5,258.5,-230,0,0,0,-1;
racing,killcuboid,12,3.7,0.5,559.5,238.7,-435,0,0,0,-1;
racing,killcuboid,12,3.7,0.5,559.5,258.5,-623,0,0,0,-1;
custom,cuboid,default,0.4,1.7,70,0,0,0,0,0,1,622,248.7,-275.6,0,1,0,0;
custom,cuboid,default,0.4,1.7,62.5,0,0,0,0,0,1,497,248.7,-313,0,1,0,0;
custom,cuboid,default,12,1.7,0.3,0,0,0,0,0,1,559.5,248.7,-230,0,1,0,0;
custom,cuboid,default,12,1.7,0.3,0,0,0,0,0,1,559.5,248.7,-435,0,1,0,0;
custom,cuboid,default,12,1.7,0.3,0,0,0,0,0,1,559.5,248.7,-623,0,1,0,0;
racing,killcuboid,13,0.5,15,559.5,217.3,-700.5,0,0,0,-1;
custom,cuboid,default,0.5,5.8,15,0,0,0,0,0,1,622,248.7,-700.5,0,1,0,0;
custom,cuboid,default,0.5,5.8,15,0,0,0,0,0,1,497,248.7,-700.5,0,1,0,0;
custom,cuboid,default,13,0.5,15,0,0,0,0,0,1,559.5,280,-700.6,0,1,0,0;
custom,cuboid,default,13,0.5,20,0,0,0,0,0,1,559.5,247,-870,0,1,0.15,0;
custom,cuboid,default,13,0.5,20,0,0,0,0,0,1,559.5,309.1,-870,0,1,0.15,0;
custom,cuboid,default,0.5,5.9,21.7,0,0,0,0,0,1,497,280,-870,0,1,0.15,0;
custom,cuboid,default,0.5,5.9,21.7,0,0,0,0,0,1,622,280,-870,0,1,0.15,0;
custom,cuboid,default,67.050,0.5,9.9,0,0,0,0,0,1,829.5,280,-1014.5,0,1,0,0;
custom,cuboid,default,13,0.5,9.9,0,0,0,0,0,1,559.5,342.7,-1014.5,0,1,0,0;
custom,cylinder,default,3,6.850,3,0,0,0,0,0,1,556,273,-976,1,1,0,0;
custom,cylinder,default,3,6.850,3,0,0,0,0,0,1,556,342,-958,1,1,0,0;
custom,cuboid,default,53.6,5.8,0.5,0,0,0,0,0,1,891.5,311.5,-967.5,0,1,0,0;
misc,barrier,53.5,0.5,9.9,892,342.7,-1014.5,0,0,0,-1;
custom,cuboid,default,0.2,5.8,1,1,0.1,0.5,1,0,1,622,311.5,-1020,0,1,0,0;
custom,cuboid,default,60,5.8,0.8,0,0,0,0,0,1,799,311.5,-1060,0,1,0,0;
custom,cuboid,default,60,2.9,0.8,0,0,0,0,0,1,859.5,311.5,-1110,0,1,0,0;
custom,cuboid,default,60,2.9,0.8,0,0,0,0,,,799,311.5,-1160,0,1,0,0;
custom,cuboid,default,60,2.9,0.8,0,0,0,0,,,859.5,311.5,-1210,0,1,0,0;
custom,cuboid,default,60,2.9,0.8,0,0,0,0,,,799,311.5,-1260,0,1,0,0;
custom,cuboid,default,60,2.9,0.8,0,0,0,0,,,859.5,311.5,-1310,0,1,0,0;
custom,cuboid,default,60,5.820,0.8,0,0,0,0,,,799,311.5,-1360,0,1,0,0;
custom,cuboid,default,0.5,5.8,39.9,0,0.1,0.5,1,0,1,497,311.5,-1164.5,0,1,0,0;
custom,cuboid,default,0.5,5.8,39.9,0,0.1,0.5,1,0,1,1162,311.5,-1164.5,0,1,0,0;
racing,killcuboid,0.6,5.9,30.050,497,311.5,-1214,0,0,0,-1;
racing,killcuboid,0.6,5.9,39.950,1162,311.5,-1164.5,0,0,0,-1;
racing,killcuboid,67,0.5,30,829.5,342.7,-1214,0,0,0,-1;
racing,killcuboid,67.050,0.5,30,829.5,280,-1214,0,0,0,-1;
66254;
racing,killcuboid,60.1,5.850,0.850,859.5,311.5,-1110,0,0,0,-1;
racing,killcuboid,60.1,5.850,0.850,799,311.5,-1160,0,0,0,-1;
racing,killcuboid,60.1,5.850,0.850,859.5,311.5,-1210,0,0,0,-1;
racing,killcuboid,60.1,5.850,0.850,799,311.5,-1260,0,0,0,-1;
racing,killcuboid,60.1,5.850,0.850,859.5,311.5,-1310,0,0,0,-1;
racing,killcuboid,60.1,5.850,0.850,799,311.5,-1360,0,0,0,-1;
custom,cuboid,default,6,2.9,0.8,0,0,0,0,0,1,529.5,326,-1110,0,1,0,0;
custom,cuboid,default,6.050,2.9,0.8,0,0,0,0,0,1,1129.250,326,-1260,0,1,0,0;
racing,killcuboid,6.050,2.950,0.850,529.5,326,-1110,0,0,0,-1;
racing,killcuboid,6.080,2.950,0.850,1129.250,326,-1260,0,0,0,-1;
custom,cuboid,default,0.5,5.8,13,1,0.1,0.5,1,0,1,1162,311.5,-1429,0,1,0,0;
custom,cuboid,default,0.5,5.8,13,0,0.1,0.5,1,0,1,1096.5,311.5,-1429,0,1,0,0;
misc,barrier,7.050,0.5,17.440,1129.250,342.7,-1451.2,0,0,0,-1;
custom,cuboid,default,7.050,0.5,17.440,0,5,8,1,0,1,1129.250,280,-1451.2,0,1,0,0;
custom,cuboid,default,4,1,27,1,0.1,0.5,1,0,1,1129.250,297,-1571.640,0,1,0,0;
custom,tube,default,4,30,4,0,0.1,0.5,1,0,1,1129.250,311.5,-1550,0,1,1,0;
custom,tube,default,5,30,5,0,0.1,0.5,1,0,1,1129.250,311.5,-1550,0,1,1,0;
custom,tube,default,6,30,6,0,0.1,0.5,1,0,1,1129.250,311.5,-1550,0,1,1,0;
custom,tube,default,7,30,7,0,0.1,0.5,1,0,1,1129.250,311.5,-1550,0,1,1,0;
custom,tube,default,8,30,8,0,0.1,0.5,1,0,1,1129.250,311.5,-1550,0,1,1,0;
custom,tube,default,9,30,9,0,0.1,0.5,1,0,1,1129.250,311.5,-1550,0,1,1,0;
custom,tube,default,10,30,10,0,0.1,0.5,1,0,1,1129.250,311.5,-1550,0,1,1,0;
misc,barrier,4,1.1,27,1129.250,297,-1571.640,0,0,0,-1;
custom,tube,stone3,4,88,4,0,0,0,0,3,1,780.20,311.5,-1670.5,1,1,0,0;
custom,tube,default,5,87.950,5,0,0,0,0,3,1,780.20,311.5,-1670.5,1,1,0,0;
custom,tube,default,6,87.950,6,0,0,0,0,3,1,780.20,311.5,-1670.5,1,1,0,0;
custom,tube,default,7,87.950,7,0,0,0,0,3,1,780.20,311.5,-1670.5,1,1,0,0;
custom,tube,default,8,87.950,8,0,0,0,0,3,1,780.20,311.5,-1670.5,1,1,0,0;
custom,cuboid,default,4,3.5,0.5,0,0,0,0,0,1,1130,319,-1689,0,0,1,0;
custom,cuboid,default,0.5,3.5,4.3,0,0,0,0,0,1,1149.050,319,-1670,0,0,1,0;
custom,cuboid,default,4,0.5,4.3,1,0.1,0.5,1,0,1,1129.250,330.4,-1670,0,0,1,0;
racing,killcuboid,5,2,5,1129.250,317,-1555,0,0,0,-1;
racing,killcuboid,2,3,5,1122,317,-1555,0,0,0,-1;
racing,killcuboid,2,3,0.5,1140,317,-1650,0,0,0,-1;
custom,cuboid,default,0.780,7,0.5,0,0,0,0,0,1,780,311.5,-1670.5,0,0,1,0;
custom,cuboid,default,0.780,7,0.5,0,0,0,0,0,1,900,311.5,-1670.5,0,0,1,0;
custom,cuboid,default,0.780,7,0.5,0,0,0,0,0,1,1020,311.5,-1670.5,0,0,1,0;
custom,cuboid,default,0.780,7,0.5,0,0,0,0,0,1,660,311.5,-1670.5,0,0,1,0;
custom,cuboid,default,0.780,7,0.5,0,0,0,0,0,1,540,311.5,-1670.5,0,0,1,0;
racing,killcuboid,0.8,7,2,780,311.5,-1660,0,0,0,-1;
racing,killcuboid,0.8,7,2,900,311.5,-1680,0,0,0,-1;
racing,killcuboid,0.8,7,2,1020,311.5,-1660,0,0,0,-1;
racing,killcuboid,0.8,7,2,660,311.5,-1680,0,0,0,-1;
racing,killcuboid,0.8,7,2,540,311.5,-1660,0,0,0,-1;
custom,cuboid,default,0.5,8,2,0,0.1,0.5,1,0,1,481.910,311.5,-1712,0,0,1,0;
custom,cuboid,default,0.5,8,2,0,0.1,0.5,1,0,1,481.910,311.5,-1630,0,0,1,0;
custom,cuboid,default,0.5,1,10,0,0.1,0.5,1,0,1,481.910,346.5,-1670.5,0,0,1,0;
custom,cuboid,default,0.5,1,10,0,0.1,0.5,1,0,1,481.910,276.5,-1670.5,0,0,1,0;
custom,cuboid,default,50,8,0.8,0,0,0,0,0,1,234.410,311.5,-1616.5,0,0,1,0;
custom,cuboid,default,50,8,0.8,0,0,0,0,0,1,234.410,311.5,-1724.5,0,0,1,0;
custom,cuboid,default,20,1,11.6,1,0.1,0.5,1,0,1,384.410,356.5,-1670.5,0,0,1,0;
custom,cuboid,default,60,1,11.6,1,0.1,0.5,1,0,1,184.410,266.5,-1670.5,0,0,1,0;
custom,cuboid,default,30,1,3,0,0,0,0,0,1,134.4,356.5,-1670.5,0,0,1,0;
misc,barrier,30,1,11.6,134.4,356.5,-1670.5,0,0,0,-1;
custom,cuboid,default,0.8,58,11.6,0,0,0,0,0,1,-211.925,541.9,-1670.5,0,0,1,-0.180;
custom,cuboid,default,8,1.960,0.8,0,0,0,0,0,1,-29.9,311.5,-1616.5,0,0,1,0;
custom,cuboid,default,3,54,0.8,0,0,0,0,0,1,-150,560,-1616.5,0,0,1,-0.180;
custom,cuboid,default,8,1.960,0.8,0,0,0,0,0,1,-29.9,311.5,-1724.5,0,0,1,0;
custom,cuboid,default,3,54,0.8,0,0,0,0,0,1,-150,560,-1724.5,0,0,1,-0.180;
custom,cuboid,default,8,1.5,0.8,0,0.1,0.5,1,0,1,-270.1,810.8,-1616.5,0,0,1,0;
custom,cuboid,default,8,1.5,0.8,0,0.1,0.5,1,0,1,-270.1,810.8,-1724.5,0,0,1,0;
custom,cuboid,default,8,8,0.8,1,0.1,0.5,1,0,1,-270.1,858.3,-1724.5,0,0,1,0;
custom,cuboid,default,60,1,11.6,0,0.1,0.5,1,0,1,-270.1,903.3,-1670.5,0,0,1,0;
custom,cuboid,default,1,53.7,3,0,0.1,0.5,1,0,1,-10.6,630,-1670.5,0,0,1,0;
misc,barrier,1,53.7,11.6,-10.6,630,-1670.5,0,0,0,-1;
misc,barrier,40,70,0.750,-120,585,-1616.5,0,0,0,-1;
misc,barrier,40,70,0.750,-120,585,-1724.5,0,0,0,-1;