//missing end cubiod, unfinished but is still mostly stable, a good base to continue on;
custom,cuboid,stone3,3000,10,3000,0,1,1,1,3000,3000,1288.475,6637.242,-419.4819,0,0.6653698,0,0.746514;
racing,killCuboid,3000,10,3000,1288.475,6637.802,-419.4819,0,0.6653698,0,0.746514;
custom,tower1,grass4,1,50,1,0,1,1,1,1.0,1.0,-17.7284,2808.497,-9.293605,0,0.6049346,0,0.7962753;
custom,cuboid,stone3,12,1,12,0,1,1,1,12,12,-111.4455,6684.086,427.0966,0,0.9973445,0,0.07282948;
custom,cylinder,stone3,0.5,2,0.5,0,1,1,1,12,12,-47.8077,6702.686,378.9607,0,0.716419,0,-0.6976703;
custom,cylinder,stone3,0.5,2,0.5,0,1,1,1,12,12,-158.9341,6702.716,362.6046,0,0.8481568,0,-0.5297453;
custom,cylinder,stone3,0.5,2,0.5,0,1,1,1,12,12,-63.30473,6702.817,492.059,0,0.9893047,0,0.1458641;
custom,cylinder,stone3,0.5,2,0.5,0,1,1,1,12,12,-176.0044,6702.969,475.3009,0,0.9889683,0,0.1481276;
racing,killCuboid,0.3,4,11.5,-55.27073,6702.653,434.6797,0,0.9974656,0,0.07115067;
racing,killCuboid,0.3,4,11.5,-119.5253,6702.7,484.0291,0,0.7548096,0,-0.6559439;
racing,killCuboid,0.3,4,11.5,-167.6677,6702.607,418.356,0,0.997034,0,0.07696305;
spawnpoint,playerC,-89.70779,6693.553,450.1114,0,0.02440768,0,-0.9997021;
spawnpoint,playerM,-123.9554,6690.436,432.1315,0,0.01952215,0,-0.9998094;
racing,killCuboid,0.3,4,7,-81.18488,6702.656,374.215,0,0.6539114,0,0.7565711;
custom,cylinder,stone3,0.5,2,0.5,0,1,1,1,12,12,-115.9706,6702.829,369.0312,0,0.9950808,0,0.09906712;
racing,startCuboid,0.3,4,4.3,-137.4962,6702.91,365.3255,0,0.7537597,0,-0.6571502;
custom,cuboid,stone9,0.3,4,12,0,1,1,1,12,12,-106.5988,6702.795,309.1657,0,-0.07791083,0,0.9969604;
custom,cuboid,stone9,0.3,4,15,0,1,1,1,12,12,-147.4856,6702.915,288.0283,0,-0.07791083,0,0.9969604;
custom,cuboid,stone9,0.3,4,7,0,1,1,1,12,12,-64.36574,6702.712,255.996,0,0.6549449,0,0.7556767;
custom,cuboid,stone9,0.3,4,15,0,1,1,1,12,12,-63.4046,6703.112,225.8624,0,0.6549449,0,0.7556767;
custom,cuboid,stone9,0.3,4.4,12,0,1,1,1,12,12,-2.681694,6700.674,312.7324,0,0.2444096,0,0.9696721;
custom,cuboid,stone9,0.3,4.4,15,0,1,1,1,12,12,44.85144,6701.034,301.6007,0,0.2444096,0,0.9696721;
custom,cuboid,stone9,0.5,4.4,20,0,1,1,1,12,12,10.65691,6700.64,463.0073,0,0.07026357,0,-0.9975284;
custom,cuboid,stone9,0.5,4.4,25,0,1,1,1,12,12,62.43753,6700.992,488.2492,0,0.07026358,0,-0.9975285;
custom,arc180,stone9,12,12,12,0,1,1,1,12,12,-118.5846,6691.271,603.6393,0,0.6881868,0,0.7255335;
custom,arc180,stone9,14,12,14,0,1,1,1,12,12,-338.9219,6691.439,476.197,0,0.7533839,0,-0.657581;
custom,arc180,stone9,20,12,20,0,1,1,1,12,12,-123.242,6691.397,682.328,0,0.6581618,0,0.7528765;
custom,arc180,stone9,8,12,8,0,1,1,1,12,12,-344.4809,6691.844,525.2535,0,0.771236,0,-0.6365494;
custom,cuboid,stone9,1,4.4,40,0,1,1,1,12,12,-461.6742,6701.262,741.72,0,0.1055807,0,-0.9944108;
custom,cuboid,stone9,1,4.4,48,0,1,1,1,12,12,-521.2091,6700.982,759.907,0,0.1055807,0,-0.9944108;
custom,cuboid,stone9,1,4.4,40,0,1,1,1,12,12,-379.5043,6700.863,1029.515,0,0.6336683,0,0.7736049;
custom,cuboid,stone9,1,4.4,32,0,1,1,1,12,12,-351.1263,6701.543,963.3934,0,0.6336683,0,0.7736049;
custom,arc90,stone9,25,12,25,0,1,1,1,12,12,-76.94828,6685.952,1008.476,0,0.9927334,0,0.1203346;
custom,arc90,stone9,8,12,8,0,1,1,1,12,12,-152.9142,6686.494,972.9551,0,0.9932083,0,0.1163497;
custom,cuboid,stone9,1,4.4,60,0,1,1,1,12,12,91.52278,6701.688,728.2015,0,0.3631405,0,-0.9317344;
custom,cuboid,stone9,1,4.4,80,0,1,1,1,12,12,307.5625,6701.168,627.076,0,0.3631405,0,-0.9317344;
custom,arc90,stone9,30,12,30,0,1,1,1,12,12,448.9892,6685.858,329.9223,0,0.9231208,0,-0.3845102;
custom,arc90,stone9,30,12,30,0,1,1,1,12,12,289.8751,6686.304,327.8891,0,0.9062189,0,-0.4228089;
custom,arc90,stone9,30,12,30,0,1,1,1,12,12,458.2687,6685.966,-36.30571,0,0.3674191,0,0.9300555;
custom,arc90,stone9,30,12,30,0,1,1,1,12,12,274.9765,6686.369,-36.45167,0,0.3936456,0,0.9192623;
custom,arc180,stone9,30,12,30,0,1,1,1,12,12,399.4032,6692.254,-518.2137,0,-0.939536,0,0.3424503;
custom,arc180,stone9,20,12,20,0,1,1,1,12,12,217.7981,6691.907,-413.8483,0,-0.9181292,0,0.3962812;
custom,cuboid,stone9,1,4.4,120,0,1,1,1,12,12,-356.9278,6701.276,-274.5673,0,0.4681887,0,-0.8836285;
custom,cuboid,stone9,1,4.4,110,0,1,1,1,12,12,-374.8778,6701.054,-209.0179,0,0.4681887,0,-0.8836285;
custom,cuboid,stone9,1.5,4.5,80,0,1,1,1,12,12,-1120.226,6700.712,280.2847,0,0.8817014,0,0.471808;
custom,cuboid,stone9,1.5,4.5,80,0,1,1,1,12,12,-1133.633,6700.792,259.2722,0,0.8817014,0,0.471808;
racing,killCuboid,1.6,4.5,80.1,-1120.226,6700.712,280.2847,0,0.8817014,0,0.471808;
racing,killCuboid,1.6,4.5,80.1,-1133.633,6700.792,259.2722,0,0.8817014,0,0.471808;
custom,cuboid,stone3,12,1,12,0,1,1,1,12,12,-1492.714,6683.548,540.4529,0,0.8773786,0,0.4797987;
racing,killCuboid,0.4,4,12,-106.5988,6702.795,309.1657,0,-0.07791083,0,0.9969604;
racing,killCuboid,0.4,4,15,-147.4856,6702.915,288.0283,0,-0.07791083,0,0.9969604;
racing,killCuboid,0.4,4,7,-64.36574,6702.712,255.996,0,0.6549449,0,0.7556767;
racing,killCuboid,0.4,4,15,-63.4046,6703.112,225.8624,0,0.6549449,0,0.7556767;
racing,killCuboid,0.4,4.4,12,-2.681694,6700.674,312.7324,0,0.2444096,0,0.9696721;
racing,killCuboid,0.4,4.4,15,44.85144,6701.034,301.6007,0,0.2444096,0,0.9696721;
racing,killCuboid,0.6,4.4,20,10.65691,6700.64,463.0073,0,0.07026357,0,-0.9975284;
racing,killCuboid,0.6,4.4,25,62.43753,6700.992,488.2492,0,0.07026358,0,-0.9975285;
racing,killArc180,12.1,12,12.1,-118.5846,6691.271,603.6393,0,0.6881868,0,0.7255335;
racing,killCuboid,3,4,12,179.366,6704.076,-642.2338,0,0.859,0,0.5119756;
racing,killCuboid,3,4,12,273.6555,6703.606,-666.9516,0,0.7420223,0,0.6703752;
racing,killArc180,8.1,12,8.1,-344.4809,6691.844,525.2535,0,0.771236,0,-0.6365494;
racing,killCuboid,1.1,4.4,40,-461.6742,6701.262,741.72,0,0.1055807,0,-0.9944108;
racing,killCuboid,1.1,4.4,48,-521.2091,6700.982,759.907,0,0.1055807,0,-0.9944108;
racing,killCuboid,1.1,4.4,40,-379.5043,6700.863,1029.515,0,0.6336683,0,0.7736049;
racing,killCuboid,1.1,4.4,32,-351.1263,6701.543,963.3934,0,0.6336683,0,0.7736049;
racing,killCuboid,3,4.4,12,221.9147,6701.558,-10.65217,0,0.9969943,0,-0.07747468;
racing,killArc90,8.1,12,8.1,-152.9142,6686.494,972.9551,0,0.9932083,0,0.1163497;
racing,killCuboid,1.1,4.4,60,91.52278,6701.688,728.2015,0,0.3631405,0,-0.9317344;
racing,killCuboid,1.1,4.4,80,307.5625,6701.168,627.076,0,0.3631405,0,-0.9317344;
racing,killCuboid,3,4.4,12,501.7767,6702.776,-547.9973,0,0.2492829,0,0.9684308;
racing,killArc90,30.1,12,30.1,289.8751,6686.304,327.8891,0,0.9062189,0,-0.4228089;
racing,killArc90,30.1,12,30.1,458.2687,6685.966,-36.30571,0,0.3674191,0,0.9300555;
racing,killCuboid,3,4.4,12,447.0749,6701.757,-610.6758,0,0.4323301,0,0.9017155;
racing,killCuboid,3,4.4,12,354.7033,6701.57,-658.1151,0,0.5991722,0,0.8006202;
racing,killArc180,20.1,12,20.1,217.7981,6691.907,-413.8483,0,-0.9181292,0,0.3962812;
racing,killCuboid,1.1,4.4,120,-356.9278,6701.276,-274.5673,0,0.4681887,0,-0.8836285;
racing,killCuboid,1.1,4.4,110,-374.8778,6701.054,-209.0179,0,0.4681887,0,-0.8836285;
racing,killCuboid,3,4.4,12,536.7321,6701.558,-446.7504,0,0.05573245,0,0.9984457;
racing,killCuboid,3,4.4,12,525.078,6701.703,-336.0331,0,-0.1415207,0,0.9899353;
racing,killCuboid,3,4.4,12,476.5641,6701.813,-252.455,0,0.3345735,0,-0.9423696;
racing,killCuboid,3,4.4,12,252.928,6701.976,-164.0711,0,0.3095708,0,-0.9508764;
racing,killCuboid,3,4.4,12,243.8486,6701.727,-145.0056,0,0.9833505,0,0.1817189;
racing,killCuboid,3,4.4,12,224.7251,6701.586,-87.86097,0,0.9984103,0,0.05636397;
racing,killCuboid,3,4.4,12,237.1649,6701.631,53.3976,0,0.9783525,0,-0.2069455;
racing,killCuboid,3,4.4,12,264.7078,6701.849,106.5019,0,0.942943,0,-0.3329542;
racing,killCuboid,3,4.4,12,468.2609,6701.17,195.197,0,0.3258139,0,0.945434;
racing,killCuboid,3,4.4,12,486.7491,6701.127,237.2729,0,0.1945754,0,0.9808877;
racing,killCuboid,3,4.4,12,501.9876,6701.132,298.293,0,0.9977883,0,-0.06647254;
racing,killCuboid,3,4.4,12,498.059,6701.293,385.6202,0,-0.06494454,0,0.9978889;
racing,killCuboid,3,4.4,12,486.7559,6701.227,417.3778,0,0.9798239,0,0.1998629;
racing,killCuboid,3,4.4,12,460.3702,6701.169,469.6686,0,0.9477742,0,0.3189422;
racing,killCuboid,3,4.4,12,26.05884,6701.412,973.9908,0,0.1861576,0,-0.98252;
racing,killCuboid,3,4.4,12,6.082546,6701.216,998.8275,0,-0.3144698,0,0.9492675;
racing,killCuboid,3,4.4,12,-43.10758,6701.292,1044.525,0,0.4364178,0,-0.8997442;
racing,killCuboid,3,4.4,12,-97.86643,6701.248,1070.604,0,0.5485376,0,-0.8361259;
racing,killCuboid,3,4.4,12,-154.4986,6701.262,1080.167,0,0.6524047,0,-0.7578709;
racing,killCuboid,3,4.4,12,-204.9373,6701.419,1075.033,0,0.7469651,0,-0.6648633;
racing,killCuboid,3,4.4,12,40.92149,6700.813,661.4904,0,0.1639572,0,-0.9864675;
racing,killCuboid,3,4.4,12,9.022442,6701.176,702.4065,0,0.3565757,0,-0.9342665;
racing,killCuboid,3,4.4,12,-59.59549,6700.88,746.9425,0,0.5303692,0,-0.8477669;
racing,killCuboid,3,4.4,12,-120.0003,6700.774,754.9257,0,0.6852003,0,-0.7283548;
racing,killCuboid,3,4.4,12,-195.8806,6700.866,735.6047,0,0.8159734,0,-0.5780895;
racing,killCuboid,3,4.4,12,-243.7886,6701.102,696.5203,0,0.9128987,0,-0.4081863;
racing,killCuboid,3,4.4,12,-272.9549,6700.978,647.5159,0,0.9744852,0,-0.2244518;
racing,killCuboid,3,4.4,12,-284.0445,6700.718,606.6481,0,0.9993756,0,-0.03533272;
racing,killCuboid,3,4.4,12,-223.732,6700.913,501.085,0,0.9993864,0,-0.0350281;
racing,killCuboid,3,4.4,12,-220.9158,6701.74,518.0264,0,0.2228501,0,0.9748527;
racing,killCuboid,3,4.4,12,-280.5627,6700.855,437.0858,0,0.9118992,0,-0.4104143;
racing,killCuboid,3,4.4,12,-314.4681,6701.051,424.823,0,0.8162448,0,-0.5777062;
racing,killCuboid,3,4.4,12,-325.7492,6700.974,420.1803,0,0.7306873,0,0.6827123;
racing,killCuboid,3,4.4,12,-386.1921,6700.86,427.2198,0,0.8484545,0,0.5292684;
racing,killCuboid,3,4.4,12,-421.2047,6700.959,444.4883,0,0.9322169,0,0.3619;
racing,killCuboid,3,4.4,12,-452.2051,6701.181,471.3569,0,0.9871796,0,0.1596135;
custom,cuboid,stone1,1,4.4,5,0,1,1,1,12,12,-64.7081,6678.5,243.2415,0,0.9969997,0,0.0774055;
custom,cuboid,stone1,1,1,5,0,1,1,1,12,12,-64.7081,6717.922,243.2415,0,0.9969997,0,0.0774055;
custom,cuboid,stone1,1,1,8,0,1,1,1,12,12,45.27232,6690.046,407.3654,0,-0.6454765,0,-0.7637801;
custom,cuboid,stone1,1,1,8,0,1,1,1,12,12,40.87086,6716.962,406.4409,0,-0.6430741,0,-0.765804;
custom,cylinder,stone1,1,1,1,0,1,1,1,12,12,35.80011,6704.104,405.3774,0,0.03750842,0,-0.9992963;
custom,cylinder,stone1,1,1,1,0,1,1,1,12,12,55.19112,6703.253,407.3835,0,0.04841833,0,-0.9988272;
racing,killCylinder,1,3,1,59.7291,6693.276,868.7574,0,0.9065846,0,0.4220242;
custom,cylinder,stone1,1,2,1,0,1,1,1,12,12,15.09261,6702.537,627.0139,0,0.2991636,0,-0.9542018;
custom,cuboid,stone1,1,2,9,0,1,1,1,12,12,-63.35942,6685.345,683.8692,0,-0.2026124,0,-0.979259;
custom,cuboid,stone1,1,2,9,0,1,1,1,12,12,-63.14604,6712.73,684.9046,0,-0.2081362,0,-0.9780999;
custom,cylinder,stone1,1,1,1,0,1,1,1,12,12,-68.27302,6697.594,672.4816,0,0.5580326,0,-0.829819;
custom,cylinder,stone1,1,1,1,0,1,1,1,12,12,-53.6896,6699.562,704.3557,0,0.4546992,0,-0.8906451;
custom,cylinder,stone1,1,1,1,0,1,1,1,12,12,-60.45229,6700.767,687.4273,0,0.5045134,0,-0.8634039;
custom,cylinder,stone1,1,2,1,0,1,1,1,12,12,-246.1142,6702.94,556.7056,0,0.9789507,0,0.2040967;
custom,cylinder,stone1,1,2,1,0,1,1,1,12,12,-263.096,6703.293,558.6296,0,0.9991779,0,-0.04053952;
custom,cylinder,stone1,1,2,1,0,1,1,1,12,12,-347.8166,6703.242,471.7557,0,0.5431391,0,0.8396428;
custom,cylinder,stone1,1,2,1,0,1,1,1,12,12,-349.1047,6703.223,452.9111,0,0.7626411,0,0.646822;
custom,cylinder,stone1,1,2,1,0,1,1,1,12,12,-161.0045,6702.752,672.0645,0,0.8665121,0,-0.4991561;
custom,cylinder,stone1,1,2,1,0,1,1,1,12,12,-164.0834,6702.847,686.1052,0,0.8197129,0,-0.5727747;
custom,cylinder,stone1,1,2,1,0,1,1,1,12,12,-168.2153,6702.78,702.0278,0,0.7169936,0,-0.6970797;
custom,cuboid,stone1,1,2,5,0,1,1,1,12,12,-443.5604,6712.942,531.8036,0,-0.5758744,0,-0.8175382;
custom,cylinder,stone1,2,2,2,0,1,1,1,12,12,-466.2399,6703.076,632.4796,0,0.1748542,0,-0.9845943;
custom,cylinder,stone1,2,2,2,0,1,1,1,12,12,-480.0187,6703.094,689.5823,0,0.05577592,0,-0.9984433;
custom,cylinder,stone1,2,2,2,0,1,1,1,12,12,-490.5934,6703.235,738.939,0,0.06251682,0,-0.998044;
custom,cuboid,stone1,1,3,1,0,1,1,1,12,12,-510.0619,6699.307,831.2884,0,0.09094781,0,-0.9958557;
custom,cuboid,stone1,1,1,4,0,1,1,1,12,12,-490.7056,6709.367,834.8124,0,-0.6428129,0,-0.7660233;
custom,cuboid,stone1,1,1,4,0,1,1,1,12,12,-520.8074,6718.135,856.7998,0,-0.6518704,0,-0.7583305;
custom,cuboid,stone1,1,1,4,0,1,1,1,12,12,-537.3883,6701.039,915.6957,0,-0.6717082,0,-0.7408159;
custom,cuboid,stone1,1,5,8,0,1,1,1,12,12,-425.4766,6677.573,990.4463,0,0.9958699,0,0.09079164;
custom,cuboid,stone1,1,3,8,0,1,1,1,12,12,-337.2039,6710.134,1004.435,0,0.9958301,0,0.09122789;
custom,cuboid,stone1,1,3,8,0,1,1,1,12,12,-218.4264,6683.003,1027.631,0,0.9972989,0,0.07345036;
custom,cuboid,stone1,1,1,8,0,1,1,1,12,12,-218.9313,6717.684,1030.995,0,0.9978791,0,0.06509414;
custom,cylinder,stone1,1,1,1,0,1,1,1,12,12,-219.8554,6706.095,1041.515,0,0.6741447,0,0.7385993;
custom,cylinder,stone1,1,1,1,0,1,1,1,12,12,-217.9419,6706.201,1024.563,0,0.6741447,0,0.7385993;
custom,cylinder,stone1,1,1,1,0,1,1,1,12,12,-215.7323,6706.583,1008.325,0,0.6611516,0,0.7502524;
custom,cuboid,stone1,1,1,12,0,1,1,1,12,12,-91.09471,6696.135,1014.597,0.1372867,0.3664898,-0.05477227,0.9186063;
custom,cuboid,stone1,1,1,12,0,1,1,1,12,12,-125.5465,6699.368,1028.688,-0.1636063,0.4156731,0.07629032,0.8914195;
custom,cuboid,stone1,1,1,12,0,1,1,1,12,12,-45.83672,6687.773,971.7076,0.3638339,0.2497582,-0.1019244,0.8915477;
custom,cuboid,stone1,1,1,12,0,1,1,1,12,12,-10.01694,6694.082,915.8737,-0.2091042,0.5068864,0.1282619,0.8263719;
custom,cuboid,stone1,1,1,12,0,1,1,1,12,12,-26.73072,6697.759,947.8228,0.05408724,0.876509,0.1014156,-0.4674627;
custom,cuboid,stone1,1,1,5,0,1,1,1,12,12,344.3714,6689.768,546.7405,0,0.9153162,0,-0.402736;
racing,killCylinder,1,3,1,35.85841,6693.161,843.0416,0,0.943578,0,0.3311504;
custom,cylinder,stone1,1,2,1,0,1,1,1,12,12,357.0381,6703.172,559.5344,0,0.9510246,0,0.3091153;
custom,cylinder,stone1,1,2,1,0,1,1,1,12,12,345.7823,6703.773,545.2177,0,0.9510246,0,0.3091153;
custom,cylinder,stone1,1,2,1,0,1,1,1,12,12,425.9166,6703.066,466.9905,0,0.9600109,0,0.2799628;
custom,cylinder,stone1,1,2,1,0,1,1,1,12,12,412.42,6703.201,456.4774,0,0.9475818,0,0.3195135;
custom,cylinder,stone1,1,2,1,0,1,1,1,12,12,398.8781,6703.146,445.4053,0,0.9475818,0,0.3195135;
custom,cylinder,stone1,1,2,1,0,1,1,1,12,12,384.3817,6702.969,436.0649,0,0.9664481,0,0.2568622;
racing,killCuboid,1.1,4.5,5.1,-64.7081,6678.5,243.2415,0,0.9969997,0,0.0774055;
racing,killCuboid,1.1,1.1,5.1,-64.7081,6717.922,243.2415,0,0.9969997,0,0.0774055;
racing,killCuboid,1.1,1.1,8.1,45.27232,6690.046,407.3654,0,-0.6454765,0,-0.7637801;
racing,killCuboid,1.1,1.1,8.1,40.87086,6716.962,406.4409,0,-0.6430741,0,-0.765804;
racing,killCylinder,1.1,1.1,1.1,35.80011,6704.104,405.3774,0,0.03750842,0,-0.9992963;
racing,killCylinder,1.1,1.1,1.1,55.19112,6703.253,407.3835,0,0.04841833,0,-0.9988272;
racing,killCylinder,1.1,2,1,1.1,-2.954712,6702.597,615.2062,0,0.6418508,0,-0.7668296;
racing,killCylinder,1.1,2.1,1.1,15.09261,6702.537,627.0139,0,0.2991636,0,-0.9542018;
racing,killCuboid,1.1,2.1,9.1,-63.35942,6685.345,683.8692,0,-0.2026124,0,-0.979259;
racing,killCuboid,1.1,2.1,9.1,-63.14604,6712.73,684.9046,0,-0.2081362,0,-0.9780999;
racing,killCylinder,1.1,1.1,1.1,-68.27302,6697.594,672.4816,0,0.5580326,0,-0.829819;
racing,killCylinder,1.1,1.1,1.1,-53.6896,6699.562,704.3557,0,0.4546992,0,-0.8906451;
racing,killCylinder,1.1,1.1,1.1,-60.45229,6700.767,687.4273,0,0.5045134,0,-0.8634039;
racing,killCylinder,1.1,2.1,1.1,-246.1142,6702.94,556.7056,0,0.9789507,0,0.2040967;
racing,killCylinder,1.1,2.1,1.1,-263.096,6703.293,558.6296,0,0.9991779,0,-0.04053952;
racing,killCylinder,1.1,2.1,1.1,-347.8166,6703.242,471.7557,0,0.5431391,0,0.8396428;
racing,killCylinder,1.1,2.1,1.1,-349.1047,6703.223,452.9111,0,0.7626411,0,0.646822;
racing,killCylinder,1.1,2.1,1.1,-161.0045,6702.752,672.0645,0,0.8665121,0,-0.4991561;
racing,killCylinder,1.1,2.1,1.1,-164.0834,6702.847,686.1052,0,0.8197129,0,-0.5727747;
racing,killCylinder,1.1,2.1,1.1,-168.2153,6702.78,702.0278,0,0.7169936,0,-0.6970797;
racing,killCuboid,1.1,2.1,5.1,-443.5604,6712.942,531.8036,0,-0.5758744,0,-0.8175382;
racing,killCylinder,2.1,2.1,2.1,-466.2399,6703.076,632.4796,0,0.1748542,0,-0.9845943;
racing,killCylinder,2.1,2.1,2.1,-480.0187,6703.094,689.5823,0,0.05577592,0,-0.9984433;
racing,killCylinder,2.1,2.1,2.1,-490.5934,6703.235,738.939,0,0.06251682,0,-0.998044;
racing,killCuboid,1.1,3.1,1.1,-510.0619,6699.307,831.2884,0,0.09094781,0,-0.9958557;
racing,killCuboid,1.1,1.1,4.1,-490.7056,6709.367,834.8124,0,-0.6428129,0,-0.7660233;
racing,killCuboid,1.1,1.1,4.1,-520.8074,6718.135,856.7998,0,-0.6518704,0,-0.7583305;
racing,killCuboid,1.1,1.1,4.1,-537.3883,6701.039,915.6957,0,-0.6717082,0,-0.7408159;
racing,killCuboid,1.1,5.1,8.1,-425.4766,6677.573,990.4463,0,0.9958699,0,0.09079164;
racing,killCuboid,1.1,3.1,8.1,-337.2039,6710.134,1004.435,0,0.9958301,0,0.09122789;
racing,killCuboid,1.1,3.1,8.1,-218.4264,6683.003,1027.631,0,0.9972989,0,0.07345036;
racing,killCuboid,1.1,1.1,8.1,-218.9313,6717.684,1030.995,0,0.9978791,0,0.06509414;
racing,killCylinder,1.1,1.1,1.1,-219.8554,6706.095,1041.515,0,0.6741447,0,0.7385993;
racing,killCylinder,1.1,1.1,1.1,-217.9419,6706.201,1024.563,0,0.6741447,0,0.7385993;
racing,killCylinder,1.1,1.1,1.1,-215.7323,6706.583,1008.325,0,0.6611516,0,0.7502524;
racing,killCuboid,1.1,1.1,12.1,-91.09471,6696.135,1014.597,0.1372867,0.3664898,-0.05477227,0.9186063;
racing,killCuboid,1.1,1.1,12.1,-125.5465,6699.368,1028.688,-0.1636063,0.4156731,0.07629032,0.8914195;
racing,killCuboid,1.1,1.1,12.1,-45.83672,6687.773,971.7076,0.3638339,0.2497582,-0.1019244,0.8915477;
racing,killCuboid,1.1,1.1,12.1,-10.01694,6694.082,915.8737,-0.2091042,0.5068864,0.1282619,0.8263719;
racing,killCuboid,1.1,1.1,12.1,-26.73072,6697.759,947.8228,0.05408724,0.876509,0.1014156,-0.4674627;
racing,killCuboid,1.1,1.1,5.1,344.3714,6689.768,546.7405,0,0.9153162,0,-0.402736;
racing,killCylinder,1,3,1,22.38341,6693.468,831.0057,0,0.939908,0,0.3414277;
racing,killCylinder,1.1,2.1,1.1,357.0381,6703.172,559.5344,0,0.9510246,0,0.3091153;
racing,killCylinder,1.1,2.1,1.1,345.7823,6703.773,545.2177,0,0.9510246,0,0.3091153;
racing,killCylinder,1.1,2.1,1.1,425.9166,6703.066,466.9905,0,0.9600109,0,0.2799628;
racing,killCylinder,1.1,2.1,1.1,412.42,6703.201,456.4774,0,0.9475818,0,0.3195135;
racing,killCylinder,1.1,2.1,1.1,398.8781,6703.146,445.4053,0,0.9475818,0,0.3195135;
racing,killCylinder,1.1,2.1,1.1,384.3817,6702.969,436.0649,0,0.9664481,0,0.2568622;
racing,killCylinder,1,3,1,48.33846,6693.315,856.0779,0,0.9065846,0,0.4220242;
racing,killCylinder,1,3,1,81.70892,6693.282,835.7518,0,0.9164314,0,0.400192;
racing,killCylinder,1,3,1,94.6175,6693.127,849.4049,0,0.9173021,0,0.3981919;
racing,killCylinder,1,3,1,67.90407,6693.194,822.6802,0,0.8619331,0,0.5070222;
racing,killCylinder,1,3,1,53.48591,6693.922,808.6086,0,0.9471197,0,0.3208804;
racing,killCylinder,1,3,1,39.93416,6693.619,794.5732,0,0.9471197,0,0.3208806;
racing,killCylinder,1,3,1,136.9464,6693.224,786.9456,0,0.9172831,0,0.3982358;
racing,killCylinder,1,3,1,123.5859,6693.213,774.2972,0,0.7028602,0,0.711328;
racing,killCylinder,1,3,1,109.0001,6693.663,760.08,0,0.9198667,0,0.3922313;
racing,killCylinder,1,3,1,95.17137,6693.706,744.6888,0,0.9198667,0,0.3922313;
racing,killCylinder,1,3,1,162.8693,6693.042,777.3213,0,0.9345399,0,0.3558583;
racing,killCylinder,1,3,1,147.7684,6693.183,762.2809,0,0.9345399,0,0.3558583;
racing,killCylinder,1,3,1,134.7034,6693.59,746.7227,0,0.9298015,0,0.3680614;
racing,killCylinder,1,3,1,118.9624,6694.06,736.1618,0,0.4230667,0,0.9060986;
racing,killCylinder,1,3,1,108.0806,6693.095,718.4257,0,0.9625887,0,0.2709669;
racing,killCuboid,1,6,5,230.1602,6693.082,673.9868,0,0.9165533,0,-0.3999127;
racing,killCylinder,1,3,1,48.33846,6693.315,856.0779,0,0.9065846,0,0.4220242;
racing,killCylinder,1,3,1,81.70892,6693.282,835.7518,0,0.9164314,0,0.400192;
racing,killCylinder,1,3,1,94.6175,6693.127,849.4049,0,0.9173021,0,0.3981919;
racing,killCylinder,1,3,1,67.90407,6693.194,822.6802,0,0.8619331,0,0.5070222;
racing,killCylinder,1,3,1,53.48591,6693.922,808.6086,0,0.9471197,0,0.3208804;
racing,killCylinder,1,3,1,39.93416,6693.619,794.5732,0,0.9471197,0,0.3208806;
racing,killCylinder,1,3,1,136.9464,6693.224,786.9456,0,0.9172831,0,0.3982358;
racing,killCylinder,1,3,1,123.5859,6693.213,774.2972,0,0.7028602,0,0.711328;
racing,killCylinder,1,3,1,109.0001,6693.663,760.08,0,0.9198667,0,0.3922313;
racing,killCylinder,1,3,1,95.17137,6693.706,744.6888,0,0.9198667,0,0.3922313;
racing,killCylinder,1,3,1,162.8693,6693.042,777.3213,0,0.9345399,0,0.3558583;
racing,killCylinder,1,3,1,147.7684,6693.183,762.2809,0,0.9345399,0,0.3558583;
racing,killCylinder,1,3,1,134.7034,6693.59,746.7227,0,0.9298015,0,0.3680614;
racing,killCylinder,1,3,1,118.9624,6694.06,736.1618,0,0.4230667,0,0.9060986;
racing,killCylinder,1,3,1,108.0806,6693.095,718.4257,0,0.9625887,0,0.2709669;
racing,killCuboid,1,6,5,230.1602,6693.082,673.9868,0,0.9165533,0,-0.3999127;
racing,killCylinder,1,12,1,444.386,6694.047,393.6678,-0.4988476,0.7692764,-0.3936688,-0.06625586;
racing,killCylinder,1,12,1,413.7116,6693.482,316.0971,-0.7413392,0.45623,-0.2827064,-0.4029237;
racing,killCylinder,1,12,1,449.1885,6704.969,329.797,-0.2335866,0.6595698,-0.6728773,-0.2400857;
racing,killCylinder,1,12,1,364.9399,6669.139,221.9008,0.4984347,0.8437473,-0.1966659,-0.03123988;
racing,killCylinder,1,9,1,406.9528,6682.156,172.4299,-0.4324448,0.8337411,0.2511357,-0.2340901;
racing,killCylinder,1,9,1,367.8517,6707.959,125.3925,0.7269738,0.6409131,-0.1848678,-0.1629829;
racing,killCylinder,1,9,1,421.5408,6705.14,276.9946,0.5689664,0.7372254,-0.2928045,-0.2168908;
racing,killCylinder,1,9,1,348.3592,6713.296,78.61625,0.6696661,0.6744351,-0.2654285,-0.161964;
racing,killCylinder,1,9,1,297.1068,6695.444,42.19721,0.5665932,0.7972738,-0.1205777,-0.1696694;
racing,killCylinder,1,9,1,294.5242,6691.008,-26.44174,0.8277904,0.5499828,0.09230818,0.06132942;
racing,killCylinder,1,9,1,277.2885,6695.099,-14.57188,0.5786679,0.8142647,-0.02665034,-0.03750067;
racing,killCylinder,1,9,1,330.6708,6680.169,-130.4837,0.8539977,0.5171994,0.04833174,0.02927073;
racing,killCylinder,1,9,1,303.5332,6668.245,-107.9325,0.4895404,0.8582554,0.07635192,0.1338592;
racing,killCuboid,1,5,12,380.7411,6674.087,-229.3237,0,0.8944722,0,-0.4471235;
racing,killCylinder,2,5,2,415.6118,6673.364,-322.3485,0,0.9987429,0,0.05012695;
racing,killCylinder,2,5,2,353.7729,6673.105,-328.3767,0,0.977697,0,0.2100203;
racing,killCylinder,2,5,2,385.7555,6673.381,-323.3184,0,0.977697,0,0.2100203;
racing,killCylinder,2,5,2,443.8263,6674.08,-315.7914,0,0.9517309,0,0.3069336;
racing,killCylinder,2,5,2,474.2697,6673.828,-309.3826,0,0.9404333,0,0.3399782;
racing,killCylinder,1,12,1,444.386,6694.047,393.6678,-0.4988476,0.7692764,-0.3936688,-0.06625586;
racing,killCylinder,1,12,1,413.7116,6693.482,316.0971,-0.7413392,0.45623,-0.2827064,-0.4029237;
racing,killCylinder,1,12,1,449.1885,6704.969,329.797,-0.2335866,0.6595698,-0.6728773,-0.2400857;
racing,killCylinder,1,12,1,364.9399,6669.139,221.9008,0.4984347,0.8437473,-0.1966659,-0.03123988;
racing,killCylinder,1,9,1,406.9528,6682.156,172.4299,-0.4324448,0.8337411,0.2511357,-0.2340901;
racing,killCylinder,1,9,1,367.8517,6707.959,125.3925,0.7269738,0.6409131,-0.1848678,-0.1629829;
racing,killCylinder,1,9,1,421.5408,6705.14,276.9946,0.5689664,0.7372254,-0.2928045,-0.2168908;
racing,killCylinder,1,9,1,348.3592,6713.296,78.61625,0.6696661,0.6744351,-0.2654285,-0.161964;
racing,killCylinder,1,9,1,297.1068,6695.444,42.19721,0.5665932,0.7972738,-0.1205777,-0.1696694;
racing,killCylinder,1,9,1,294.5242,6691.008,-26.44174,0.8277904,0.5499828,0.09230818,0.06132942;
racing,killCylinder,1,9,1,277.2885,6695.099,-14.57188,0.5786679,0.8142647,-0.02665034,-0.03750067;
racing,killCylinder,1,9,1,330.6708,6680.169,-130.4837,0.8539977,0.5171994,0.04833174,0.02927073;
racing,killCylinder,1,9,1,303.5332,6668.245,-107.9325,0.4895404,0.8582554,0.07635192,0.1338592;
racing,killCuboid,1,5,12,380.7411,6674.087,-229.3237,0,0.8944722,0,-0.4471235;
racing,killCylinder,2,5,2,415.6118,6673.364,-322.3485,0,0.9987429,0,0.05012695;
racing,killCylinder,2,5,2,353.7729,6673.105,-328.3767,0,0.977697,0,0.2100203;
racing,killCylinder,2,5,2,385.7555,6673.381,-323.3184,0,0.977697,0,0.2100203;
racing,killCylinder,2,5,2,443.8263,6674.08,-315.7914,0,0.9517309,0,0.3069336;
racing,killCylinder,2,5,2,474.2697,6673.828,-309.3826,0,0.9404333,0,0.3399782;
racing,killCuboid,2,2,30,410.563,6690.981,-538.4882,0,0.4044714,0,-0.9145507;
racing,killCuboid,2,2,30,455.1989,6691.691,-415.6165,0,0.6637118,0,-0.7479885;
racing,killCuboid,2,2,30,283.6663,6692.441,-613.5752,0,0.9978486,0,0.06556057;
racing,killCuboid,2,1,30,473.2458,6718.443,-417.0504,0,0.7531375,0,0.6578631;
racing,killCuboid,2,1,30,411.4992,6718.134,-538.6029,0,0.9143353,0,0.4049581;
racing,killCuboid,2,1,30,285.766,6718.213,-633.3808,0,0.9981194,0,0.0612999;
racing,killCuboid,2,3,2,453.1659,6706.063,-414.7577,0,0.7623209,0,0.6471992;
racing,killCuboid,2,3,2,382.1219,6703.724,-406.9488,0,0.7614731,0,0.6481966;
racing,killCuboid,2,3,5,329.633,6702.789,-465.0094,0,0.9164143,0,0.400231;
racing,killCuboid,2,3,5,408.8316,6700.999,-537.0049,0,0.4023932,0,-0.915467;
racing,killCuboid,2,3,5,274.6531,6700.903,-545.0057,0,0.9979777,0,0.06356473;
racing,killCuboid,2,3,5,283.8262,6701.306,-613.0768,0,0.9977174,0,0.06752899;
racing,killCuboid,2,2,30,410.563,6690.981,-538.4882,0,0.4044714,0,-0.9145507;
racing,killCuboid,2,2,30,455.1989,6691.691,-415.6165,0,0.6637118,0,-0.7479885;
racing,killCuboid,2,2,30,283.6663,6692.441,-613.5752,0,0.9978486,0,0.06556057;
racing,killCuboid,2,1,30,473.2458,6718.443,-417.0504,0,0.7531375,0,0.6578631;
racing,killCuboid,2,1,30,411.4992,6718.134,-538.6029,0,0.9143353,0,0.4049581;
racing,killCuboid,2,1,30,285.766,6718.213,-633.3808,0,0.9981194,0,0.0612999;
racing,killCuboid,2,3,2,453.1659,6706.063,-414.7577,0,0.7623209,0,0.6471992;
racing,killCuboid,2,3,2,382.1219,6703.724,-406.9488,0,0.7614731,0,0.6481966;
racing,killCuboid,2,3,5,329.633,6702.789,-465.0094,0,0.9164143,0,0.400231;
racing,killCuboid,2,3,5,408.8316,6700.999,-537.0049,0,0.4023932,0,-0.915467;
racing,killCuboid,2,3,5,274.6531,6700.903,-545.0057,0,0.9979777,0,0.06356473;
racing,killCuboid,2,3,5,283.8262,6701.306,-613.0768,0,0.9977174,0,0.06752899;
racing,killCuboid,2,2,30,410.563,6690.981,-538.4882,0,0.4044714,0,-0.9145507;
racing,killCuboid,2,2,30,455.1989,6691.691,-415.6165,0,0.6637118,0,-0.7479885;
racing,killCuboid,2,2,30,283.6663,6692.441,-613.5752,0,0.9978486,0,0.06556057;
racing,killCuboid,2,1,30,473.2458,6718.443,-417.0504,0,0.7531375,0,0.6578631;
racing,killCuboid,2,1,30,411.4992,6718.134,-538.6029,0,0.9143353,0,0.4049581;
racing,killCuboid,2,1,30,285.766,6718.213,-633.3808,0,0.9981194,0,0.0612999;
racing,killCuboid,2,3,2,453.1659,6706.063,-414.7577,0,0.7623209,0,0.6471992;
racing,killCuboid,2,3,2,382.1219,6703.724,-406.9488,0,0.7614731,0,0.6481966;
racing,killCuboid,2,3,5,329.633,6702.789,-465.0094,0,0.9164143,0,0.400231;
racing,killCuboid,2,3,5,408.8316,6700.999,-537.0049,0,0.4023932,0,-0.915467;
racing,killCuboid,2,3,5,274.6531,6700.903,-545.0057,0,0.9979777,0,0.06356473;
racing,killCuboid,2,3,5,283.8262,6701.306,-613.0768,0,0.9977174,0,0.06752899;
misc,barrier,80,1,80,-149.9951,6728.191,784.455,0,0.6388347,0,0.769344;
misc,barrier,50,1,50,-96.46141,6728.118,458.0617,0,0.7639947,0,-0.6452225;
misc,barrier,60,1,150,337.5493,6728.205,-84.8224,0,0.9981178,0,-0.06132612;
misc,barrier,45,1,200,-576.5442,6728.117,0.03489731,0,0.8864604,0,0.4628044;
custom,cuboid,stone9,3,4,2,0,1,1,1,12,12,-1449.016,6673.973,489.1684,0,-0.8881848,0,-0.4594865;
custom,cuboid,stone9,3,2,2,0,1,1,1,12,12,-1450.21,6712.734,486.8523,0,-0.8879598,0,-0.4599211;
racing,killCuboid,3.1,4.1,2.1,-1449.016,6673.973,489.1684,0,-0.8881848,0,-0.4594865;
racing,killCuboid,3.1,2.1,2.1,-1450.21,6712.734,486.8523,0,-0.8879598,0,-0.4599211;
custom,cylinder,stone9,2,3,2,0,1,1,1,5,5,-1451.074,6693.361,504.0472,0,0.9920771,0,0.1256308;
custom,cylinder,stone9,2,3,2,0,1,1,1,5,5,-1468.819,6693.417,479.9828,0,0.9249277,0,0.3801433;
custom,cylinder,stone9,2,3,2,0,1,1,1,5,5,-1419.726,6692.887,555.0477,0,0.938363,0,0.3456514;
custom,cylinder,stone9,2,3,2,0,1,1,1,5,5,-1478.51,6693.689,467.8111,0,0.8607334,0,0.5090559;
custom,cylinder,stone9,2,3,2,0,1,1,1,5,5,-1561.848,6694.043,525.2903,0,0.8841318,0,0.4672375;
custom,cylinder,stone9,2,3,2,0,1,1,1,5,5,-1505.44,6693.939,610.5565,0,0.8470238,0,0.5315549;
custom,prism,default,2,2,2,1,1,1,0,5,5,170.9942,6711.132,-632.9011,0.1799656,-0.6737063,0.6952102,0.1743991;
custom,cuboid,default,0.2,0.7,0.2,1,0,0,0,5,5,175.5834,6711.663,-624.3931,0,0.9666602,0,-0.2560627;
custom,cuboid,default,0.2,0.2,0.2,1,0,0,0,5,5,175.6014,6706.265,-624.4404,0,0.9659082,0,-0.2588848;
custom,cylinder,stone3,1,3,1,0,1,1,1,8,8,-1505.821,6687.621,544.7095,0,0.9455987,0,-0.3253354;
custom,cylinder,stone9,2,4,2,0,1,1,1,5,5,-1479.898,6684.198,595.2979,0,0.2671292,0,0.9636607;
custom,cylinder,stone9,2,4,2,0,1,1,1,5,5,-1442.204,6682.737,570.5068,0,0.4441424,0,0.8959562;
racing,killCuboid,0.5,4.4,4.5,-1434.965,6700.648,530.2805,0,0.2974071,0,0.9547508;
racing,killCuboid,0.5,4.4,10,-1520.931,6701.426,496.6065,0,0.8799226,0,0.475117;
racing,killCuboid,0.5,4.4,10,-1534.444,6701.88,566.1091,0,0.2833195,0,0.9590256;
racing,killCuboid,0.5,4.4,3,-1488.04,6701.692,600.427,0,0.8745932,0,0.4848575;
racing,killCuboid,0.5,4.4,3,-1432.764,6700.637,561.2292,0,0.8791224,0,0.476596;
racing,killCuboid,0.5,4.5,8,-1474.499,6701.492,627.6031,0,0.9940576,0,-0.1088552;
racing,killCuboid,0.5,4.5,12,-1426.851,6700.091,628.5053,0,0.9940577,0,-0.1088552;
racing,killCuboid,0.5,4.5,25,-1522.851,6700.799,740.6732,0,0.5218472,0,-0.853039;
racing,killCuboid,0.5,4.5,15,-1530.576,6701.399,698.7551,0,0.5218472,0,-0.853039;
racing,killCuboid,0.5,4.5,80,-1927.041,6701.06,510.1381,0,0.8822991,0,-0.4706892;
racing,killCuboid,0.5,4.5,100,-2039.062,6701.027,514.7416,0,0.8822991,0,-0.4706892;
racing,killCuboid,0.5,4.5,100,-1972.719,6700.689,-119.6144,0,0.9540836,0,0.2995405;
racing,killCuboid,0.5,4.5,120,-2073.259,6700.632,-70.72612,0,0.9540836,0,0.2995405;
custom,cylinder,stone3,1,3,1,0,1,1,1,8,8,-1480.237,6687.429,527.9175,0,0.3046149,0,0.9524756;
racing,checkpointCuboid,0.5,3,3,-1494.457,6700.826,537.2665,0,0.4776829,0,-0.8785324;
custom,cylinder,earth2,1,3,1,0,1,1,1,8,8,-2239.501,6693.552,288.0735,0,0.8930334,0,-0.4499904;
custom,cuboid,earth2,1,4.5,12,0,1,1,1,8,8,-1761.814,6699.333,-389.8082,0.1519357,0.9278157,0.05505775,0.3362175;
custom,cuboid,earth2,1,4.5,12,0,1,1,1,8,8,-1903.093,6683.23,-333.493,-0.1790427,0.9283114,0.07230289,0.3177326;
custom,cuboid,earth2,1,4.5,12,0,1,1,1,8,8,-2132.363,6702.763,-10.06228,-0.06817286,0.9510602,-0.02154875,0.3006206;
custom,cuboid,earth2,1,4.5,12,0,1,1,1,8,8,-1961.964,6701.237,-112.4185,0.08886863,0.9553087,0.02877343,0.2804635;
custom,cuboid,earth2,1,4.5,12,0,1,1,1,8,8,-2127.795,6699.784,130.8862,0.124035,0.9421399,0.04064957,0.3087641;
custom,cuboid,earth2,1,4.5,12,0,1,1,1,8,8,-2243.581,6701.412,150.8722,-0.1245274,0.9458796,-0.03911534,0.2971106;
custom,cylinder,earth2,1,3,1,0,1,1,1,8,8,-1476.785,6693.132,660.4357,0,0.3943067,0,0.9189789;
custom,cuboid,earth2,1,4.5,12,0,1,1,1,8,8,-1748.17,6702.121,727.6995,0,0.8763942,0,-0.4815945;
custom,cylinder,earth2,1,3,1,0,1,1,1,8,8,-1594.349,6693.906,720.0771,0,0.3507482,0,-0.9364698;
custom,cuboid,earth2,1,4.5,12,0,1,1,1,8,8,-2111.461,6700.256,368.8412,0,0.886932,0,-0.4619;
custom,cuboid,earth2,1,4.5,12,0,1,1,1,8,8,-2077.63,6700.33,505.8304,0,0.8715946,0,-0.4902274;
custom,cuboid,earth2,1,4.5,12,0,1,1,1,8,8,-1855.804,6700.788,531.1198,0,0.8863907,0,-0.462938;
misc,barrier,66,1,120,-1813.369,6727.922,488.2192,0,0.9126021,0,-0.4088489;
misc,barrier,23,1,66,-1855.285,6728.303,-238.4709,0,-0.2960489,0,0.9551728;
racing,killCuboid,1,1,5,-1528.736,6713.538,720.9725,0,0.9669412,0,-0.2549996;
racing,killCuboid,1,1,5,-1502.93,6696.361,706.6241,0,-0.2489055,0,-0.9685279;
racing,killCuboid,1,1,5,-1559.112,6696.9,732.6941,0,0.9662303,0,-0.2576801;
racing,killCylinder,1,3,1,-1682.547,6693.748,694.3781,0,0.8751132,0,-0.4839183;
racing,killCylinder,1,3,1,-1850.331,6693.595,590.5101,0,0.9011456,0,-0.4335167;
racing,killCylinder,1,3,1,-1860.418,6693.782,604.2894,0,0.8854684,0,-0.4646997;
racing,killCylinder,1,3,1,-2039.265,6693.782,499.2077,0,0.8588731,0,-0.5121884;
racing,killCylinder,1,3,1,-2030.472,6693.822,485.4084,0,0.8588731,0,-0.5121884;
racing,killCylinder,1,3,1,-2019.907,6693.942,468.9267,0,0.8588731,0,-0.5121884;
racing,killCylinder,1,3,1,-2140.757,6693.289,389.4333,0,0.9437537,0,-0.3306493;
racing,killCylinder,1,3,1,-2152.735,6693.248,407.7473,0,0.8865452,0,-0.462642;
racing,killCylinder,1,3,1,-2205.155,6693.277,191.3136,0,0.9552915,0,0.2956659;
racing,killCylinder,1,3,1,-2221.252,6693.317,178.3894,0,0.9552915,0,0.2956659;
racing,killCylinder,1,3,1,-2144.105,6693.636,105.4324,0,0.9615096,0,0.2747714;
racing,killCylinder,1,3,1,-2151.564,6693.399,78.08949,0,0.948608,0,0.3164534;
racing,killCylinder,1,3,1,-2119.766,6693.573,55.91055,0,0.948608,0,0.3164534;
racing,killCylinder,1,3,1,-2109.251,6693.367,21.0953,0,0.9578259,0,0.2873492;
racing,killCylinder,1,3,1,-2036.504,6693.511,-57.57726,0,0.9513099,0,0.3082363;
racing,killCylinder,1,3,1,-2027.096,6693.303,-90.53376,0,0.9519531,0,0.3062439;
racing,killCylinder,1,3,1,-1955.419,6693.415,-175.2355,0,0.95195,0,0.3062534;
racing,killCylinder,1,3,1,-1979.596,6693.326,-178.9877,0,0.9338354,0,0.357703;
racing,killCuboid,1,1,5,-1528.736,6713.538,720.9725,0,0.9669412,0,-0.2549996;
racing,killCuboid,1,1,5,-1502.93,6696.361,706.6241,0,-0.2489055,0,-0.9685279;
racing,killCuboid,1,1,5,-1559.112,6696.9,732.6941,0,0.9662303,0,-0.2576801;
custom,cylinder,earth1,1,30,1,0,1,1,1,8,8,-1674.398,6974.036,-589.2568,0,0.2205831,0,-0.9753682;
racing,killCylinder,1.1,30,1.1,-1674.398,6974.036,-589.2568,0,0.2205831,0,-0.9753682;
racing,killCylinder,1,3,1,-1682.547,6693.748,694.3781,0,0.8751132,0,-0.4839183;
racing,killCylinder,1,3,1,-1850.331,6693.595,590.5101,0,0.9011456,0,-0.4335167;
racing,killCylinder,1,3,1,-1860.418,6693.782,604.2894,0,0.8854684,0,-0.4646997;
racing,killCylinder,1,3,1,-2039.265,6693.782,499.2077,0,0.8588731,0,-0.5121884;
racing,killCylinder,1,3,1,-2030.472,6693.822,485.4084,0,0.8588731,0,-0.5121884;
racing,killCylinder,1,3,1,-2019.907,6693.942,468.9267,0,0.8588731,0,-0.5121884;
racing,killCylinder,1,3,1,-2140.757,6693.289,389.4333,0,0.9437537,0,-0.3306493;
racing,killCylinder,1,3,1,-2152.735,6693.248,407.7473,0,0.8865452,0,-0.462642;
racing,killCylinder,1,3,1,-2205.155,6693.277,191.3136,0,0.9552915,0,0.2956659;
racing,killCylinder,1,3,1,-2221.252,6693.317,178.3894,0,0.9552915,0,0.2956659;
racing,killCylinder,1,3,1,-2144.105,6693.636,105.4324,0,0.9615096,0,0.2747714;
racing,killCylinder,1,3,1,-2151.564,6693.399,78.08949,0,0.948608,0,0.3164534;
racing,killCylinder,1,3,1,-2119.766,6693.573,55.91055,0,0.948608,0,0.3164534;
racing,killCylinder,1,3,1,-2109.251,6693.367,21.0953,0,0.9578259,0,0.2873492;
racing,killCylinder,1,3,1,-2036.504,6693.511,-57.57726,0,0.9513099,0,0.3082363;
racing,killCylinder,1,3,1,-2027.096,6693.303,-90.53376,0,0.9519531,0,0.3062439;
racing,killCylinder,1,3,1,-1955.419,6693.415,-175.2355,0,0.95195,0,0.3062534;
racing,killCylinder,1,3,1,-1979.596,6693.326,-178.9877,0,0.9338354,0,0.357703;
racing,killTube,15,70,15,-1678.978,6961.521,-588.587,0,0.3737102,0,-0.9275455;
racing,killArc90,10,25,10,-1650.558,6646.173,-534.293,0,0.9928174,0,0.1196393;
racing,killArc90,10,25,10,-1727.09,6646.635,-609.8693,0,0.2393281,0,0.9709387;
racing,killArc90,10,25,10,-1657.331,6646.896,-649.6991,0,0.4626569,0,-0.8865374;
racing,killArc90,10,25,10,-1621.608,6647.314,-606.2446,0,-0.8661046,0,0.4998628;
racing,killTube,15,70,15,-1678.978,6961.521,-588.587,0,0.3737102,0,-0.9275455;
racing,killArc90,10,25,10,-1650.558,6646.173,-534.293,0,0.9928174,0,0.1196393;
racing,killArc90,10,25,10,-1727.09,6646.635,-609.8693,0,0.2393281,0,0.9709387;
racing,killArc90,10,25,10,-1657.331,6646.896,-649.6991,0,0.4626569,0,-0.8865374;
racing,killArc90,10,25,10,-1621.608,6647.314,-606.2446,0,-0.8661046,0,0.4998628;
racing,killTube,15,70,15,-1678.978,6961.521,-588.587,0,0.3737102,0,-0.9275455;
racing,killArc90,10,25,10,-1650.558,6646.173,-534.293,0,0.9928174,0,0.1196393;
racing,killArc90,10,25,10,-1727.09,6646.635,-609.8693,0,0.2393281,0,0.9709387;
racing,killArc90,10,25,10,-1657.331,6646.896,-649.6991,0,0.4626569,0,-0.8865374;
racing,killArc90,10,25,10,-1621.608,6647.314,-606.2446,0,-0.8661046,0,0.4998628;
racing,killCuboid,5,10,10,-1662.94,6646.747,-537.5198,0,0.07253022,0,0.9973662;
racing,killCuboid,5,10,10,-1634.047,6656.812,-554.1476,0,0.2668901,0,0.963727;
racing,killCuboid,5,10,10,-1624.329,6665.075,-588.684,0,0.5539593,0,0.8325438;
racing,killCuboid,5,10,10,-1632.364,6673.124,-620.2363,0,0.7778126,0,0.6284962;
racing,killCuboid,5,10,10,-1653.762,6679.595,-637.9613,0,0.8987162,0,0.438531;
racing,killCuboid,5,10,10,-1684.863,6687.976,-639.6583,0,0.9924386,0,0.1227425;
racing,killCuboid,5,10,10,-1708.506,6697.811,-631.7401,0,0.992547,0,-0.1218629;
racing,killCuboid,5,10,10,-1725.354,6706.526,-612.5199,0,0.9327061,0,-0.3606377;
racing,killCuboid,5,2,10,-1728.921,6755.28,-586.9386,0,0.8256377,0,-0.5642008;
racing,killCuboid,5,2,10,-1714.795,6763.871,-555.401,0,0.5926887,0,-0.8054317;
racing,killCuboid,5,2,10,-1690.965,6774.451,-539.0306,0,0.3781894,0,-0.9257283;
racing,killCuboid,5,2,10,-1660.945,6782.298,-536.8403,0,0.08727374,0,-0.9961844;
racing,killCuboid,5,2,10,-1628.71,6789.98,-564.08,0,0.3143008,0,0.9493235;
racing,killCuboid,5,2,10,-1624.564,6799.181,-601.7936,0,0.6320628,0,0.7749172;
racing,killCuboid,5,2,10,-1639.522,6808.499,-629.1243,0,0.8378566,0,0.5458905;
racing,killCuboid,5,2,10,-1678.398,6816.708,-640.277,0,0.9789314,0,0.2041896;
racing,killCuboid,5,2,10,-1707.201,6825.61,-629.9344,0,0.9957889,0,-0.09167577;
racing,killCuboid,5,2,10,-1723.59,6835.25,-608.2461,0,0.92204,0,-0.3870947;
racing,killCuboid,5,2,10,-1725.412,6845.59,-580.5032,0,0.794595,0,-0.6071399;
racing,killCuboid,5,2,10,-1711.574,6855.688,-553.5388,0,0.5785063,0,-0.815678;
racing,killCuboid,5,2,10,-1681.062,6865.439,-537.7787,0,0.2943905,0,-0.9556853;
racing,killCuboid,5,2,10,-1648.743,6876.221,-542.548,0,0.02831794,0,0.999599;
racing,killCuboid,5,2,10,-1625.188,6886.275,-565.24,0,0.3463812,0,0.9380939;
racing,killCuboid,5,2,10,-1622.112,6895.033,-595.1742,0,0.5953954,0,0.8034329;
racing,killCuboid,5,2,10,-1628.797,6902.721,-617.2709,0,0.7664989,0,0.6422458;
racing,killCuboid,5,2,10,-1647.424,6916.474,-633.2349,0,0.8779356,0,0.4787788;
racing,killCuboid,5,2,10,-1674.784,6930.029,-641.0135,0,0.97335,0,0.2293249;
racing,killCuboid,5,2,10,-1704.598,6941.418,-635.2845,0,0.9957963,0,-0.09159583;
racing,killCuboid,5,2,10,-1721.558,6953.46,-613.8258,0,0.940944,0,-0.3385623;
racing,killCuboid,5,2,10,-1726.017,6964.959,-587.7341,0,0.8364174,0,-0.548093;
racing,killCuboid,5,2,10,-1716.906,6977.752,-557.9072,0,0.6381762,0,-0.7698904;
racing,killCuboid,5,2,10,-1694.197,6988.346,-539.963,0,0.3936455,0,-0.9192623;
racing,killCuboid,5,2,10,-1670.068,7002.94,-537.0095,0,0.1872062,0,-0.9823207;
racing,killCuboid,5,2,10,-1643.741,7015.804,-546.5104,0,0.08171838,0,0.9966555;
racing,killCuboid,5,2,10,-1624.432,7027.284,-574.3492,0,0.4127746,0,0.9108332;
racing,killCuboid,5,2,10,-1626.498,7039.773,-608.9146,0,0.6836451,0,0.7298147;
racing,killCuboid,5,2,10,-1639.913,7052.822,-632.551,0,0.8453901,0,0.5341495;
racing,killCuboid,5,2,10,-1669.022,7064.292,-644.7457,0,0.9680939,0,0.2505878;
racing,killCuboid,5,2,10,-1694.534,7078.839,-638.8909,0,0.9998166,0,0.01915229;
racing,killCuboid,5,2,10,-1718.113,7089.404,-625.4556,0,0.9731124,0,-0.2303309;
racing,killCuboid,5,2,10,-1728.538,7099.352,-602.21,0,0.892979,0,-0.4500985;
racing,killCuboid,5,2,10,-1725.511,7110.867,-576.0215,0,0.7604844,0,-0.6493562;
racing,killCuboid,5,2,10,-1709.696,7121.147,-549.1511,0,0.5303181,0,-0.8477988;
racing,killCuboid,5,2,10,-1682.143,7131.898,-536.613,0,0.2720832,0,-0.9622737;
racing,killCuboid,5,2,10,-1655.727,7139.905,-540.4783,0,-0.033571,0,0.9994363;
racing,killCuboid,5,2,10,-1627.523,7151.76,-564.848,0,0.3373542,0,0.9413778;
racing,killCuboid,5,2,10,-1619.759,7162.84,-592.3708,0,0.5748722,0,0.8182432;
racing,killCuboid,5,2,10,-1632.47,7172.646,-621.4586,0,0.7895206,0,0.6137241;
racing,killCuboid,5,2,10,-1661.277,7182.643,-640.2075,0,0.9466487,0,0.3222673;
racing,killCuboid,5,2,10,-1691.914,7196.308,-638.4648,0,0.999541,0,0.03029546;
racing,killCuboid,5,2,10,-1715.131,7206.403,-626.5493,0,0.9782808,0,-0.2072845;
racing,killCuboid,5,2,10,-1729.069,7216.275,-586.7205,0,0.8418123,0,-0.5397704;
custom,prism,default,1,1,1,1,1,1,0,8,8,-1466.86,6683.782,569.8223,0,-0.2209401,0,0.9752874;
custom,prism,default,1,1,1,1,1,1,0,8,8,-1472.535,6683.834,561.0434,0,-0.2093498,0,0.9778408;
custom,prism,default,3,0.1,3,1,1,1,0,8,8,-1751.685,6779.479,-486.5859,-0.2019666,-0.6757049,0.6799642,-0.2007016;
custom,cuboid,default,0.2,1.5,0.05,1,0,0,0,8,8,-1752.065,6780.742,-486.4683,0.0008959809,0.9584633,-0.003011111,0.2851987;
custom,cuboid,default,0.2,0.2,0.05,1,0,0,0,8,8,-1752.253,6770.849,-486.1134,0,0.9315252,0,0.3636767;
racing,killArc180,12,20,12,-1682.769,7235.482,-624.9272,0,0.6753303,0,-0.7375154;
racing,killArc90,12,20,12,-1597.902,7225.991,-590.2113,0,0.9781578,0,-0.2078635;
racing,killArc90,12,20,12,-1766.976,7225.74,-583.2541,0,0.6314405,0,0.7754244;
racing,killCuboid,30,1,100,-1632.927,7057.436,-54.53811,0.008999723,0.986517,0.1527209,-0.05813463;
custom,cuboid,ice1,5,1,100,0,0,0,0,8,8,-1632.927,7136.652,-54.53811,0.008999723,0.986517,0.1527209,-0.05813463;
racing,killCuboid,30,1,100,-1632.927,7135.291,-54.53811,0.008999723,0.986517,0.1527209,-0.05813463;
racing,killCuboid,1,35,100,-1579.37,7115.952,-71.49918,0.008999723,0.986517,0.1527209,-0.05813463;
racing,killCuboid,1,35,100,-1684.033,7134.65,-51.53897,0.008999723,0.986517,0.1527209,-0.05813463;
racing,killCuboid,30,1,100,-1632.927,7135.291,-54.53811,0.008999723,0.986517,0.1527209,-0.05813463;
racing,killCuboid,1,35,100,-1579.37,7115.952,-71.49918,0.008999723,0.986517,0.1527209,-0.05813463;
racing,killCuboid,1,35,100,-1684.033,7134.65,-51.53897,0.008999723,0.986517,0.1527209,-0.05813463;
racing,killArc180,12,20,12,-1682.769,7235.482,-624.9272,0,0.6753303,0,-0.7375154;
racing,killArc90,12,20,12,-1597.902,7225.991,-590.2113,0,0.9781578,0,-0.2078635;
racing,killArc90,12,20,12,-1766.976,7225.74,-583.2541,0,0.6314405,0,0.7754244;
racing,killCuboid,30,1,100,-1632.927,7057.436,-54.53811,0.008999723,0.986517,0.1527209,-0.05813463;
racing,killCuboid,55,1,55,-1692.642,7289.049,-435.307,0,0.6869496,0,-0.7267051;
racing,killCuboid,1,2,12,-1667.375,7212.133,-327.9889,0,0.7568486,0,0.6535903;
racing,killCuboid,1,2,12,-1672.584,7180.418,-326.6498,0,0.7537602,0,0.6571496;
racing,killCuboid,1,3,12,-1644.675,7152.267,-151.0641,0,0.7577037,0,0.6525987;
racing,killCuboid,1,3,12,-1627.77,7093.623,-21.50058,0,0.759891,0,0.6500505;
racing,killCuboid,1,1,12,-1616.768,7075.875,110.5145,0,0.7615907,0,0.6480583;
racing,killCuboid,1,1,12,-1616.836,7061,109.9276,0,0.7559065,0,0.6546797;
racing,killCuboid,1,3,12,-1599.759,7017.925,265.0632,0,0.7429067,0,0.6693949;
racing,killCuboid,1,2,12,-1667.375,7212.133,-327.9889,0,0.7568486,0,0.6535903;
racing,killCuboid,1,2,12,-1672.584,7180.418,-326.6498,0,0.7537602,0,0.6571496;
racing,killCuboid,1,3,12,-1644.675,7152.267,-151.0641,0,0.7577037,0,0.6525987;
racing,killCuboid,1,3,12,-1627.77,7093.623,-21.50058,0,0.759891,0,0.6500505;
racing,killCuboid,1,1,12,-1616.768,7075.875,110.5145,0,0.7615907,0,0.6480583;
racing,killCuboid,1,1,12,-1616.836,7061,109.9276,0,0.7559065,0,0.6546797;
racing,killCuboid,1,3,12,-1599.759,7017.925,265.0632,0,0.7429067,0,0.6693949;
racing,killCuboid,1,2,12,-1667.375,7212.133,-327.9889,0,0.7568486,0,0.6535903;
racing,killCuboid,1,2,12,-1672.584,7180.418,-326.6498,0,0.7537602,0,0.6571496;
racing,killCuboid,1,3,12,-1644.675,7152.267,-151.0641,0,0.7577037,0,0.6525987;
racing,killCuboid,1,3,12,-1627.77,7093.623,-21.50058,0,0.759891,0,0.6500505;
racing,killCuboid,1,1,12,-1616.768,7075.875,110.5145,0,0.7615907,0,0.6480583;
racing,killCuboid,1,1,12,-1616.836,7061,109.9276,0,0.7559065,0,0.6546797;
racing,killCuboid,1,3,12,-1599.759,7017.925,265.0632,0,0.7429067,0,0.6693949;
custom,cuboid,stone3,30,1,30,0,0,0,0,8,8,-1559.969,6909.241,546.9005,0,0.9975371,0,-0.07014011;
custom,cylinder,stone3,2,2,2,0,0,0,0,8,8,-1600.404,6932.976,516.7376,0,0.9964129,0,-0.08462516;
custom,cylinder,stone3,2,2,2,0,0,0,0,8,8,-1540.211,6933.237,509.3237,0,0.9360321,0,-0.3519148;
racing,checkpointCuboid,0.5,4,5,-1569.047,6932.941,513.3655,0,0.6632727,0,-0.7483779;
custom,prism,default,1,0.1,1,1,1,1,0,8,8,-1574.37,6913.892,472.6546,0,-0.4375747,0,0.8991821;
custom,prism,default,1,0.1,1,1,1,1,0,8,8,-1576.758,6913.791,458.3271,0,-0.4256903,0,0.904869;
custom,cuboid,bark,10000,25000,4,0,1,1,1,222,222,-11802.55,7191.735,11018.97,0,0.07213393,0,-0.997395;
custom,cuboid,bark,10000,25000,4,0,1,1,1,222,222,-12122.31,6825.35,5098.916,0,0.7577733,0,-0.6525179;
custom,cuboid,bark,10000,25000,4,0,1,1,1,222,222,-8322.618,7134.25,-14403.02,0,0.9973787,0,0.0723587;
custom,cuboid,bark,10000,25000,4,0,1,1,1,222,222,11951.89,7151.127,-11788.58,0,0.9979684,0,0.06371181;
custom,cuboid,bark,10000,25000,4,0,1,1,1,222,222,15262.47,6929.055,-10288.21,0,0.6543636,0,0.7561802;