custom,tower2,default,1,1,1,0,1,1,1,1.0,1.0,412.1164,-363.5887,-574.1894,0,0.6946955,0,-0.719304;
racing,killCuboid,80,1,80,57.26298,-357.3532,-264.4499,0,0.693125,0,-0.7208174;
custom,cuboid,bark,5,1,5,0,1,1,1,1.0,1.0,445.316,-350.024,94.10011,0,0.6935092,0,-0.7204478;
custom,sphere,bark,1,1,1,0,1,1,1,1.0,1.0,410.6342,-326.9071,-50.84466,0,0.9995996,0,-0.02829381;
custom,cuboid,bark,5,1,0.5,0,1,1,1,1.0,1.0,433.1988,-349.9005,-196.5586,0,0.999957,0,0.009272988;
racing,killCuboid,1,20,80,456.9732,-322.2071,-281.9512,0,0.9997864,0,-0.02066805;
custom,cuboid,bark,5,20,0.5,0,1,1,1,1.0,1.0,446.5085,-323.8017,119.7466,0,0.9997647,0,-0.0216905;
racing,killCuboid,1,20,70,403.2582,-321.429,-229.4697,0,0.9997995,0,-0.02002796;
custom,sphere,bark,1,1,1,0,1,1,1,1.0,1.0,399.0475,-319.1145,-340.8013,0,0.9999792,0,-0.006455302;
custom,cuboid,bark,5,1,1,0,1,1,1,1.0,1.0,375.2423,-349.9765,-195.1116,0,-0.007065466,0,-0.999975;
racing,killCuboid,80,20,1,-347.7307,-323.6863,-249.7833,0,0.7206221,0,0.6933281;
racing,killCuboid,60,20,1,-39.95395,-325.3921,-181.5618,0,0.01306868,0,0.9999146;
custom,cuboid,crystal2,5,1,5,0,1,1,1,1.0,1.0,-311.6134,-350.2542,-589.175,0,0.7204353,0,0.6935222;
racing,killCuboid,60,20,1,51.36197,-324.726,-96.36491,0,0.02563706,0,0.9996713;
custom,capsule,bark,1,20,1,0,1,1,1,1.0,1.0,183.4998,-218.8332,-39.65903,0,0.04113128,0,0.9991538;
racing,endCuboid,1,1,1,-311.8595,-340.6768,-591.6688,0,0.7218269,0,0.6920737;
custom,capsule,bark,1,20,1,0,1,1,1,1.0,1.0,359.3507,-241.82,21.06858,0,0.9998519,0,-0.01720944;
custom,capsule,bark,1,20,1,0,1,1,1,1.0,1.0,-240.5963,-226.9485,40.4162,0,0.9998124,0,-0.01937058;
racing,checkpointCuboid,5,20,0.1,375.1486,-337.5348,-195.3018,0,0.9999434,0,-0.01063582;
racing,killCuboid,1,20,70,342.9628,-325.3857,-327.9299,0,0.0235292,0,0.9997231;
racing,killCuboid,60,20,1,61.24636,-322.9106,30.63996,0,0.9998502,0,-0.0173073;
racing,killCuboid,60,20,1,-35.39228,-322.3517,-32.58875,0,0.01591378,0,0.9998734;
racing,killCuboid,80,20,1,69.10238,-326.7025,137.151,-0.00523565,0.9998138,5.705102E-05,-0.01857433;
racing,killCuboid,80,20,1,40.21206,-324.9496,-665.2936,0,0.01793741,0,0.9998391;
racing,killCuboid,80,1,80,56.31962,-228.0351,-266.4814,0,-0.02209092,0,-0.999756;
custom,sphere,crystal2,1,1,1,0,1,1,1,1.0,1.0,-221.5124,-310.6534,-81.9849,0,0.7382276,0,0.6745517;
custom,sphere,crystal2,1,1,1,0,1,1,1,1.0,1.0,256.1287,-307.2148,-192.0174,0,0.7991084,0,-0.6011869;
custom,cuboid,bark,5,3,0.1,0,1,1,1,1.0,1.0,-14.44796,-335.2687,-211.6384,0,0.702746,0,-0.7114409;
racing,startCuboid,5,20,1,444.4305,-300.4189,72.95622,0,0.02615797,0,0.9996578;
racing,killCuboid,1,20,30,249.7145,-391.9231,-339.132,0,0.01739709,0,0.9998487;
racing,killCuboid,1,20,30,251.8145,-176.6909,-341.2072,0,0.00982234,0,0.9999518;
racing,killCuboid,1,20,30,247.9324,-294.9643,-386.0906,0,0.9995463,0,-0.03012072;
racing,killCuboid,1,20,30,240.6755,-322.3753,-555.254,0,0.02260183,0,0.9997445;
racing,killCuboid,9,1,40,295.3862,-301.7471,-387.825,0,0.9997131,0,-0.02395569;
custom,cylinder,bark,0.5,9,0.5,0,1,1,1,1.0,1.0,243.0477,-302.1925,-579.9791,-0.02592863,0.02620159,-0.7029167,0.7103164;
custom,cuboid,bark,5,15,5,0,1,1,1,1.0,1.0,445.5471,-235.716,93.51075,0,0.0261046,0,0.9996592;
racing,killCuboid,5,15,5,444.9776,-235.5991,91.96258,0,0.0159841,0,0.9998723;
custom,cuboid,bark,9,15,1,0,1,1,1,1.0,1.0,302.4318,-231.7232,-193.0773,0,0.9997201,0,-0.02366004;
racing,killCuboid,9,15,1.3,302.4115,-228.4837,-193.4758,0,0.9996684,0,-0.0257538;
custom,cuboid,bark,5,3,5,0,1,1,1,1.0,1.0,5.389549,-357.9943,-212.1126,0,0.7028124,0,-0.7113753;
racing,checkpointCuboid,1,1,1,7.583431,-338.9545,-210.1384,0,0.7028124,0,-0.7113753;
racing,killCuboid,1,20,50,8.825226,-326.7275,-239.4488,0,0.707136,0,-0.7070777;
custom,cylinder,bark,1,20,1,0,1,1,1,1.0,1.0,-236.2303,-426.3382,-239.543,0,0.7252683,0,0.6884664;
racing,killCuboid,1,20,15,-236.4552,-326.5148,-309.5486,0,0.9999941,0,0.003445612;
racing,killCuboid,1,20,15,-272.3994,-318.3987,-250.1793,0,0.9998859,0,-0.01511086;
racing,killCuboid,1,20,15,-311.7589,-316.3787,-314.4718,0,-0.01278074,0,-0.9999183;
racing,killCuboid,1,20,15,-246.7171,-317.4791,-383.7198,0,0.7190968,0,0.6949099;
custom,cylinder,bark,1,20,1,0,1,1,1,1.0,1.0,-274.5574,-418.2192,-319.9891,0,0.02446423,0,-0.9997007;
custom,cylinder,bark,1,20,1,0,1,1,1,1.0,1.0,-309.9498,-416.4738,-244.4651,0,0.5695822,0,0.8219343;
racing,killCuboid,1,20,20,-253.2383,-327.1339,-445.1032,0,0.7162434,0,0.6978506;
racing,killCuboid,1,20,20,-50.11747,-325.6239,-448.5591,0,0.715817,0,0.698288;
racing,killCuboid,1,20,20,-92.36469,-315.3325,-391.6175,0,0.724273,0,0.6895134;
racing,killCuboid,1,20,20,-83.20437,-416.3785,-483.4668,0,0.9999612,0,-0.008813352;
racing,killCuboid,1,20,20,-84.47784,-195.7213,-483.7306,0,0.999854,0,-0.01708882;
custom,cuboid,bark,0.5,3,0.5,0,1,1,1,1.0,1.0,-84.02724,-305.157,-393.8506,0,0.7205844,0,0.6933672;
custom,cuboid,bark,0.5,3,0.5,0,1,1,1,1.0,1.0,-86.19235,-305.2365,-446.081,0,0.7205844,0,0.6933672;
custom,cuboid,bark,5,0.5,0.5,0,1,1,1,1.0,1.0,-84.66126,-292.7488,-419.3759,0,0.719615,0,0.6943733;



racing,killCuboid,20,20,1,-26.5613,-433.2169,-492.7513,0,0.6926934,0,-0.7212322;
racing,killCuboid,20,20,1,-27.20489,-217.6434,-490.0295,0,0.6931363,0,-0.7208065;
custom,cuboid,metal1,5,0.5,0.5,0,1,1,1,1.0,1.0,-24.54554,-336.2997,-422.0538,0,0.7174496,0,0.6966104;
custom,cuboid,metal1,5,0.5,0.5,0,1,1,1,1.0,1.0,-24.47393,-315.0584,-421.8802,0,0.7184213,0,0.6956082;
custom,cuboid,metal1,0.5,3,0.5,0,1,1,1,1.0,1.0,-25.32791,-327.5307,-447.5847,0,0.7131804,0,0.7009806;
custom,cuboid,metal1,0.5,3,0.5,0,1,1,1,1.0,1.0,-23.88814,-327.5072,-396.7512,0,0.7253015,0,0.6884314;
custom,cuboid,metal1,0.5,3,0.5,0,1,1,1,1.0,1.0,-24.61035,-325.0421,-422.624,0,0.7192641,0,0.6947368;
racing,killCuboid,0.7,3,0.7,-25.11654,-329.0727,-422.5506,0,0.7177464,0,0.6963046;
racing,killCuboid,1,20,40,11.14693,-319.545,-320.1817,0,0.6972793,0,-0.7167996;
racing,checkpointCuboid,5,1,0.5,254.7775,-297.4596,-216.234,0,0.6875596,0,-0.726128;
racing,checkpointCuboid,5,1,0.5,254.2937,-271.2296,-218.1852,0,0.6957692,0,-0.7182655;
racing,checkpointCuboid,0.5,3,0.5,253.9216,-281.2471,-240.4502,0,0.6980782,0,-0.7160215;
racing,checkpointCuboid,4.9,9.9,19.9,-171.2842,-265.1309,-207.929,0,0.7000437,0,-0.7141001;
racing,killCuboid,5,10,20,-169.9135,-266.0866,-208.6984,0,0.6981578,0,-0.7159439;
racing,killCuboid,1,20,15,41.76654,-326.0332,-391.197,0,0.999854,0,-0.0170912;
racing,checkpointCuboid,0.95,20,0.95,1.912656,-316.6167,-395.7308,0,0.9995606,0,-0.02964114;
racing,checkpointCuboid,0.95,20,0.95,-182.4545,-324.5609,-314.8497,0,0.6985366,0,-0.7155744;
racing,checkpointCuboid,0.8,20,0.8,205.7086,-321.6555,-326.1409,0,0.7208034,0,0.6931396;
racing,killCuboid,1,20,20,200.8788,-319.7315,-424.1613,0,0.01943967,0,0.9998111;
racing,killCuboid,1,20,20,196.6044,-320.8737,-523.8211,0,0.02069484,0,0.9997859;
racing,killCuboid,1,20,20,-245.8437,-327.4141,-651.7412,0,0.9997187,0,-0.02372074;
custom,cuboid,bark,0.8,20,0.8,0,1,1,1,1.0,1.0,44.379,-324.003,-320.3598,0,0.7172964,0,0.6967682;
racing,killCuboid,5,20,1,216.5901,-205.6596,-575.7944,0,0.03281187,0,0.9994616;
racing,checkpointCuboid,4.5,20,0.8,215.7972,-204.6195,-576.6351,0,0.03525391,0,0.9993784;
racing,killCuboid,2,20,0.8,230.3042,-305.9138,-579.0253,0,0.9993479,0,-0.03610854;
racing,killCuboid,2,20,0.8,200.2926,-306.0338,-576.9628,0,0.9994792,0,-0.03227107;
racing,killCuboid,2,20,0.8,214.9984,-415.3725,-578.1516,0,0.9992431,0,-0.03889915;
racing,checkpointCuboid,2,20,0.6,215.4121,-415.8869,-578.5087,0,0.03767064,0,0.9992902;
racing,checkpointCuboid,1.5,20,0.6,202.5578,-276.1447,-577.9006,0,0.03100823,0,0.9995191;
racing,checkpointCuboid,1.5,20,0.6,228.1782,-305.8881,-579.94,0,0.9990715,0,-0.04308337;
racing,killCuboid,1,20,20,151.1057,-327.7685,-567.4714,0,0.02736014,0,0.9996257;
racing,checkpointCuboid,0.8,20,0.8,156.514,-331.7818,-472.1093,0,0.9995517,0,-0.02994285;
custom,cuboid,bark,1,15,1,0,1,1,1,1.0,1.0,173.8017,-369.7124,-526.2186,0,-0.01977509,0,-0.9998045;
racing,killCuboid,16,20,25,118.4343,-398.4091,-448.635,0,0.9996267,0,-0.02732123;
racing,checkpointCuboid,15.5,20,24.5,118.0052,-399.7681,-449.3932,0,0.9995359,0,-0.0304615;
racing,checkpointCuboid,0.5,1,0.5,173.8828,-290.2,-526.8518,0,0.02972035,0,0.9995583;
custom,sphere,bark,1,1,1,0,1,1,1,1.0,1.0,176.2047,-327.2709,-448.652,0,0.00518001,0,-0.9999866;
custom,sphere,bark,1,1,1,0,1,1,1,1.0,1.0,94.71327,-272.8426,-506.4246,0,0.01002915,0,0.9999497;
racing,killCuboid,1,20,40,-45.88854,-327.2643,-564.9872,0,0.6919075,0,-0.7219862;
racing,checkpointCuboid,6,20,0.8,-26.42146,-434.0547,-495.4922,0,0.6916185,0,-0.722263;
racing,checkpointCuboid,6,20,0.8,-26.74871,-217.0081,-491.5724,0,0.6868199,0,-0.7268277;
racing,checkpointCuboid,6,20,0.8,-84.54543,-193.9715,-499.1541,0,0.7009872,0,-0.7131739;
racing,checkpointCuboid,6,20,0.8,-83.5275,-417.5326,-504.7859,0,0.7009113,0,-0.7132484;
racing,checkpointCuboid,0.6,20,0.6,-241.4557,-327.7945,-556.3021,0,0.01393999,0,0.9999028;
racing,killCylinder,1,20,1,-287.0497,-311.8676,-567.652,0,0.9998616,0,0.01663663;
racing,killCylinder,1,20,1,-336.0246,-311.8676,-564.8698,0,0.9999033,0,-0.01390536;
racing,killCylinder,1,20,1,-287.5689,-320.7459,-615.7529,0,0.7030405,0,0.7111499;
racing,killCylinder,1,20,1,-338.071,-315.9418,-613.791,0,0.9167396,0,-0.3994855;
racing,killCylinder,1,20,1,-329.2521,-300.5984,-570.7557,0,0.9999956,0,-0.00298361;
racing,killCylinder,1,20,1,-322.9218,-300.5984,-575.8371,0,0.9999956,0,-0.00298361;
racing,killCylinder,1,20,1,-294.0651,-309.3935,-572.0664,0,0.9992602,0,0.03845967;
racing,killCylinder,1,20,1,-300.6981,-309.3935,-577.0945,0,0.9992601,0,0.03846002;
racing,killCylinder,1,20,1,-293.1934,-323.9641,-610.1335,0,0.919337,0,-0.393471;
racing,killCylinder,1,20,1,-300.3506,-323.9641,-603.3405,0,0.919337,0,-0.393471;
racing,killCylinder,1,20,1,-331.8008,-328.6721,-607.7382,0,0.4238811,0,-0.9057178;
racing,killCylinder,1,20,1,-325.7629,-328.6721,-602.7193,0,0.4238811,0,-0.9057178;
spawnpoint,playerC,444.1602,-344.1051,100.2875,0,0.9999977,0,-0.002152247;
spawnpoint,playerM,443.559,-344.1403,99.46202,0,0.9991057,0,-0.04228238;
custom,cuboid,bark,5,0.5,0.5,0,1,1,1,1,1,84.5669,-318.9894,-420.2644,0,0.7132835,0,0.7008756;
custom,killCuboid,empty,81,1.1,81,1,0,0,0,1,1,57.26298,-357.3532,-264.4499,0,0.693125,0,-0.7208174;

custom,killCuboid,empty,81,1.1,81,1,0,0,0,1,1,56.31962,-228.0351,-266.4814,0,-0.02209092,0,-0.999756;

custom,killcuboid,bombexplosiontex,9,0.9,40,1,1,1,0,99999,99999,295.3862,-301.7471,-387.825,0,0.9997131,0,-0.02395569;