map,disablebounds;
custom,cuboid,wood4,6,6,1,0,1,1,1,1.0,1.0,0,30,-100,0,0,0,0;
custom,cuboid,wood4,1,6,30,0,1,1,1,1.0,1.0,35,30,45,0,0,0,0;
custom,cuboid,wood4,1,6,30,0,1,1,1,1.0,1.0,-35,30,45,0,0,0,0;
custom,cuboid,wood4,1,6,10,0,1,1,1,1.0,1.0,-80,30,200,0,1,0,1;
custom,cuboid,wood4,1,6,10,0,1,1,1,1.0,1.0,80,30,200,0,1,0,1;
custom,cuboid,wood4,1,6,10,0,1,1,1,1.0,1.0,0,30,270,0,1,0,1;
custom,cuboid,wood4,1,6,6,0,1,1,1,1.0,1.0,-55,30,295,0,0,0,0;
custom,cuboid,wood4,1,6,6,0,1,1,1,1.0,1.0,55,30,295,0,0,0,0;
custom,cuboid,wood4,1,6,6,0,1,1,1,1.0,1.0,-125,30,235,0,0,0,0;
custom,cuboid,wood4,1,6,6,0,1,1,1,1.0,1.0,125,30,235,0,0,0,0;
custom,cuboid,wood4,1,6,8,0,1,1,1,1.0,1.0,-90,30,330,0,1,0,1;
custom,cuboid,wood4,1,6,8,0,1,1,1,1.0,1.0,90,30,330,0,1,0,1;
custom,arc180,wood4,3.5,12,3.5,0,1,1,1,1.0,1.0,147.5,28.70,229.30,0,1,0,0;
custom,arc180,wood4,-3.5,12,3.5,0,1,1,1,1.0,1.0,-147.5,28.70,229.30,0,1,0,0;
custom,arc180,wood4,11.685,12,11.685,0,1,1,1,1.0,1.0,188.45,28.70,229.30,0,1,0,0;
custom,arc180,wood4,-11.685,12,11.685,0,1,1,1,1.0,1.0,-188.45,28.70,229.30,0,1,0,0;
custom,cuboid,wood4,1,6,40,0,1,1,1,1.0,1.0,-125,30,-62,0,0,0,0;
custom,cuboid,wood4,1,6,40,0,1,1,1,1.0,1.0,125,30,-62,0,0,0,0;
custom,cylinder,metal1,0.75,3,0.75,0,1,1,1,0.01,4.0,80,30,165,0,0,0,0;
custom,cylinder,metal1,0.75,3,0.75,0,1,1,1,0.01,4.0,80,30,125,0,0,0,0;
custom,cylinder,metal1,0.75,3,0.75,0,1,1,1,0.01,4.0,80,30,85,0,0,0,0;
custom,cylinder,metal1,0.75,3,0.75,0,1,1,1,0.01,4.0,80,30,45,0,0,0,0;
custom,cylinder,metal1,0.75,3,0.75,0,1,1,1,0.01,4.0,80,30,5,0,0,0,0;
custom,cylinder,metal1,0.75,3,0.75,0,1,1,1,0.01,4.0,80,30,-35,0,0,0,0;
custom,cylinder,metal1,0.75,3,0.75,0,1,1,1,0.01,4.0,80,30,-75,0,0,0,0;
custom,cylinder,metal1,0.75,3,0.75,0,1,1,1,0.01,4.0,80,30,-115,0,0,0,0;
custom,cylinder,metal1,0.75,3,0.75,0,1,1,1,0.01,4.0,80,30,-155,0,0,0,0;
custom,cylinder,metal1,0.75,3,0.75,0,1,1,1,0.01,4.0,80,30,-195,0,0,0,0;
custom,cylinder,metal1,0.75,3,0.75,0,1,1,1,0.01,4.0,-80,30,165,0,0,0,0;
custom,cylinder,metal1,0.75,3,0.75,0,1,1,1,0.01,4.0,-80,30,125,0,0,0,0;
custom,cylinder,metal1,0.75,3,0.75,0,1,1,1,0.01,4.0,-80,30,85,0,0,0,0;
custom,cylinder,metal1,0.75,3,0.75,0,1,1,1,0.01,4.0,-80,30,45,0,0,0,0;
custom,cylinder,metal1,0.75,3,0.75,0,1,1,1,0.01,4.0,-80,30,5,0,0,0,0;
custom,cylinder,metal1,0.75,3,0.75,0,1,1,1,0.01,4.0,-80,30,-35,0,0,0,0;
custom,cylinder,metal1,0.75,3,0.75,0,1,1,1,0.01,4.0,-80,30,-75,0,0,0,0;
custom,cylinder,metal1,0.75,3,0.75,0,1,1,1,0.01,4.0,-80,30,-115,0,0,0,0;
custom,cylinder,metal1,0.75,3,0.75,0,1,1,1,0.01,4.0,-80,30,-155,0,0,0,0;
custom,cylinder,metal1,0.75,3,0.75,0,1,1,1,0.01,4.0,-80,30,-195,0,0,0,0;
custom,cuboid,wood4,1,6,5,0,1,1,1,1.0,1.0,-105,30,-257,0,1,0,1;
custom,cuboid,wood4,1,6,5,0,1,1,1,1.0,1.0,105,30,-257,0,1,0,1;
custom,cone,metal1,0.5,0.25,0.5,0,1,1,1,0.01,0.01,81.15,3,164.7,0,0,0,0;
custom,cone,metal1,0.5,-0.25,0.5,0,1,1,1,0.01,0.01,81.15,57,164.7,0,0,0,0;
custom,cone,metal1,0.5,0.25,0.5,0,1,1,1,0.01,0.01,81.15,3,124.7,0,0,0,0;
custom,cone,metal1,0.5,-0.25,0.5,0,1,1,1,0.01,0.01,81.15,57,124.7,0,0,0,0;
custom,cone,metal1,0.5,0.25,0.5,0,1,1,1,0.01,0.01,81.15,3,84.7,0,0,0,0;
custom,cone,metal1,0.5,-0.25,0.5,0,1,1,1,0.01,0.01,81.15,57,84.7,0,0,0,0;
custom,cone,metal1,0.5,0.25,0.5,0,1,1,1,0.01,0.01,81.15,3,44.7,0,0,0,0;
custom,cone,metal1,0.5,-0.25,0.5,0,1,1,1,0.01,0.01,81.15,57,44.7,0,0,0,0;
custom,cone,metal1,0.5,0.25,0.5,0,1,1,1,0.01,0.01,81.15,3,4.7,0,0,0,0;
custom,cone,metal1,0.5,-0.25,0.5,0,1,1,1,0.01,0.01,81.15,57,4.7,0,0,0,0;
custom,cone,metal1,0.5,0.25,0.5,0,1,1,1,0.01,0.01,81.15,3,-35.3,0,0,0,0;
custom,cone,metal1,0.5,-0.25,0.5,0,1,1,1,0.01,0.01,81.15,57,-35.3,0,0,0,0;
custom,cone,metal1,0.5,0.25,0.5,0,1,1,1,0.01,0.01,81.15,3,-75.3,0,0,0,0;
custom,cone,metal1,0.5,-0.25,0.5,0,1,1,1,0.01,0.01,81.15,57,-75.3,0,0,0,0;
custom,cone,metal1,0.5,0.25,0.5,0,1,1,1,0.01,0.01,81.15,3,-115.3,0,0,0,0;
custom,cone,metal1,0.5,-0.25,0.5,0,1,1,1,0.01,0.01,81.15,57,-115.3,0,0,0,0;
custom,cone,metal1,0.5,0.25,0.5,0,1,1,1,0.01,0.01,81.15,3,-155.3,0,0,0,0;
custom,cone,metal1,0.5,-0.25,0.5,0,1,1,1,0.01,0.01,81.15,57,-155.3,0,0,0,0;
custom,cone,metal1,0.5,0.25,0.5,0,1,1,1,0.01,0.01,81.15,3,-195.3,0,0,0,0;
custom,cone,metal1,0.5,-0.25,0.5,0,1,1,1,0.01,0.01,81.15,57,-195.3,0,0,0,0;
custom,cone,metal1,-0.5,0.25,0.5,0,1,1,1,0.01,0.01,-81.15,3,164.7,0,0,0,0;
custom,cone,metal1,-0.5,-0.25,0.5,0,1,1,1,0.01,0.01,-81.15,57,164.7,0,0,0,0;
custom,cone,metal1,-0.5,0.25,0.5,0,1,1,1,0.01,0.01,-81.15,3,124.7,0,0,0,0;
custom,cone,metal1,-0.5,-0.25,0.5,0,1,1,1,0.01,0.01,-81.15,57,124.7,0,0,0,0;
custom,cone,metal1,-0.5,0.25,0.5,0,1,1,1,0.01,0.01,-81.15,3,84.7,0,0,0,0;
custom,cone,metal1,-0.5,-0.25,0.5,0,1,1,1,0.01,0.01,-81.15,57,84.7,0,0,0,0;
custom,cone,metal1,-0.5,0.25,0.5,0,1,1,1,0.01,0.01,-81.15,3,44.7,0,0,0,0;
custom,cone,metal1,-0.5,-0.25,0.5,0,1,1,1,0.01,0.01,-81.15,57,44.7,0,0,0,0;
custom,cone,metal1,-0.5,0.25,0.5,0,1,1,1,0.01,0.01,-81.15,3,4.7,0,0,0,0;
custom,cone,metal1,-0.5,-0.25,0.5,0,1,1,1,0.01,0.01,-81.15,57,4.7,0,0,0,0;
custom,cone,metal1,-0.5,0.25,0.5,0,1,1,1,0.01,0.01,-81.15,3,-35.3,0,0,0,0;
custom,cone,metal1,-0.5,-0.25,0.5,0,1,1,1,0.01,0.01,-81.15,57,-35.3,0,0,0,0;
custom,cone,metal1,-0.5,0.25,0.5,0,1,1,1,0.01,0.01,-81.15,3,-75.3,0,0,0,0;
custom,cone,metal1,-0.5,-0.25,0.5,0,1,1,1,0.01,0.01,-81.15,57,-75.3,0,0,0,0;
custom,cone,metal1,-0.5,0.25,0.5,0,1,1,1,0.01,0.01,-81.15,3,-115.3,0,0,0,0;
custom,cone,metal1,-0.5,-0.25,0.5,0,1,1,1,0.01,0.01,-81.15,57,-115.3,0,0,0,0;
custom,cone,metal1,-0.5,0.25,0.5,0,1,1,1,0.01,0.01,-81.15,3,-155.3,0,0,0,0;
custom,cone,metal1,-0.5,-0.25,0.5,0,1,1,1,0.01,0.01,-81.15,57,-155.3,0,0,0,0;
custom,cone,metal1,-0.5,0.25,0.5,0,1,1,1,0.01,0.01,-81.15,3,-195.3,0,0,0,0;
custom,cone,metal1,-0.5,-0.25,0.5,0,1,1,1,0.01,0.01,-81.15,57,-195.3,0,0,0,0;
custom,cylinder,metal1,0.75,3,0.75,0,1,1,1,0.01,4.0,-40,30,-155,0,0,0,0;
custom,cylinder,metal1,0.75,3,0.75,0,1,1,1,0.01,4.0,-40,30,-195,0,0,0,0;
custom,cylinder,metal1,0.75,3,0.75,0,1,1,1,0.01,4.0,40,30,-155,0,0,0,0;
custom,cylinder,metal1,0.75,3,0.75,0,1,1,1,0.01,4.0,40,30,-195,0,0,0,0;
custom,cone,metal1,-0.5,0.25,0.5,0,1,1,1,0.01,0.01,-41.15,3,-195.3,0,0,0,0;
custom,cone,metal1,-0.5,-0.25,0.5,0,1,1,1,0.01,0.01,-41.15,57,-195.3,0,0,0,0;
custom,cone,metal1,0.5,0.25,0.5,0,1,1,1,0.01,0.01,41.15,3,-195.3,0,0,0,0;
custom,cone,metal1,0.5,-0.25,0.5,0,1,1,1,0.01,0.01,41.15,57,-195.3,0,0,0,0;
custom,cone,metal1,-0.5,0.25,0.5,0,1,1,1,0.01,0.01,-41.15,3,-155.3,0,0,0,0;
custom,cone,metal1,-0.5,-0.25,0.5,0,1,1,1,0.01,0.01,-41.15,57,-155.3,0,0,0,0;
custom,cone,metal1,0.5,0.25,0.5,0,1,1,1,0.01,0.01,41.15,3,-155.3,0,0,0,0;
custom,cone,metal1,0.5,-0.25,0.5,0,1,1,1,0.01,0.01,41.15,57,-155.3,0,0,0,0;
custom,cuboid,wood4,4.5,6,4.5,0,1,1,1,1.0,1.0,60,30,-175,0,0,0,0;
custom,cuboid,wood4,4.5,6,4.5,0,1,1,1,1.0,1.0,-60,30,-175,0,0,0,0;
custom,cylinder,wood4,10,3,10,0,1,1,1,1.0,1.0,80,30,-302,0,0,0,0;
custom,cylinder,wood4,10,3,10,0,1,1,1,1.0,1.0,-80,30,-302,0,0,0,0;
custom,cuboid,wood4,1,6,10,0,1,1,1,1.0,1.0,30,30,-350,0,0,0,0;
custom,cuboid,wood4,1,6,10,0,1,1,1,1.0,1.0,-30,30,-350,0,0,0,0;
custom,cuboid,metal1,1,6,2,0,1,1,1,0.01,0.01,34.5,30,-300,0,0,0,0;
custom,cuboid,wood4,1,6,1.6,0,1,1,1,1.0,1.0,32.5,30,-300,0,0,0,0;
custom,cuboid,metal1,1,6,1.2,0,1,1,1,0.01,0.01,30.5,30,-300,0,0,0,0;
custom,cuboid,wood4,1,6,0.8,0,1,1,1,1.0,1.0,28.5,30,-300,0,0,0,0;
custom,cuboid,metal1,1,6,0.4,0,1,1,1,0.01,0.01,26.5,30,-300,0,0,0,0;
custom,cuboid,metal1,1,6,2,0,1,1,1,0.01,0.01,-34.5,30,-300,0,0,0,0;
custom,cuboid,wood4,1,6,1.6,0,1,1,1,1.0,1.0,-32.5,30,-300,0,0,0,0;
custom,cuboid,metal1,1,6,1.2,0,1,1,1,0.01,0.01,-30.5,30,-300,0,0,0,0;
custom,cuboid,wood4,1,6,0.8,0,1,1,1,1.0,1.0,-28.5,30,-300,0,0,0,0;
custom,cuboid,metal1,1,6,0.4,0,1,1,1,0.01,0.01,-26.5,30,-300,0,0,0,0;
custom,cuboid,wood4,1,6,10,0,1,1,1,1.0,1.0,0,30,-47.5,0,0,0,0;
custom,cuboid,wood4,1,6,10,0,1,1,1,1.0,1.0,0,30,-45,-1,1,0,0;
custom,cylinder,wood4,1,3,1,0,1,1,1,1.0,1.0,0,30,2.5,0,0,0,0;
custom,cylinder,wood4,1,3,1,0,1,1,1,1.0,1.0,0,30,5,-1,1,0,0;
custom,cuboid,wood1,0.25,2.5,0.25,0,1,1,1,1.0,1.0,28.75,47.5,1,0,0,0,0;
custom,cuboid,wood1,0.25,2.5,0.25,0,1,1,1,1.0,1.0,6.25,47.5,1,0,0,0,0;
custom,cuboid,wood1,2,0.25,0.25,0,1,1,1,1.0,1.0,17.5,36.25,1,0,0,0,0;
custom,cuboid,wood1,2,0.25,0.25,0,1,1,1,1.0,1.0,17.5,58.75,1,0,0,0,0;
custom,cuboid,wood1,0.25,2.5,0.25,0,1,1,1,1.0,1.0,28.75,12.5,1,0,0,0,0;
custom,cuboid,wood1,0.25,2.5,0.25,0,1,1,1,1.0,1.0,6.25,12.5,1,0,0,0,0;
custom,cuboid,wood1,2,0.25,0.25,0,1,1,1,1.0,1.0,17.5,23.75,1,0,0,0,0;
custom,cuboid,wood1,2,0.25,0.25,0,1,1,1,1.0,1.0,17.5,1.25,1,0,0,0,0;
custom,cuboid,wood1,0.25,2.5,0.25,0,1,1,1,1.0,1.0,-28.75,47.5,1,0,0,0,0;
custom,cuboid,wood1,0.25,2.5,0.25,0,1,1,1,1.0,1.0,-6.25,47.5,1,0,0,0,0;
custom,cuboid,wood1,2,0.25,0.25,0,1,1,1,1.0,1.0,-17.5,36.25,1,0,0,0,0;
custom,cuboid,wood1,2,0.25,0.25,0,1,1,1,1.0,1.0,-17.5,58.75,1,0,0,0,0;
custom,cuboid,wood1,0.25,2.5,0.25,0,1,1,1,1.0,1.0,-28.75,12.5,1,0,0,0,0;
custom,cuboid,wood1,0.25,2.5,0.25,0,1,1,1,1.0,1.0,-6.25,12.5,1,0,0,0,0;
custom,cuboid,wood1,2,0.25,0.25,0,1,1,1,1.0,1.0,-17.5,23.75,1,0,0,0,0;
custom,cuboid,wood1,2,0.25,0.25,0,1,1,1,1.0,1.0,-17.5,1.25,1,0,0,0,0;
custom,cuboid,wood4,50,1,64,1,0.5,0.5,0.5,8.0,8.0,0,65,17.5,0,0,0,0;
custom,cuboid,metal1,50,1,64,0,0.5,0.5,0.5,0.01,0.01,0,75,17.5,0,0,0,0;
custom,cuboid,metal1,50,1,64,0,0.5,0.5,0.5,0.01,0.01,0,-4.5,17.5,0,0,0,0;
custom,cuboid,metal1,2,8,8,0,1,1,1,0.01,0.01,210,40,-312.5,0,1,0,1;
custom,cuboid,metal1,2,7.5,8,0,1,1,1,0.01,0.01,210,37.5,-332.5,0,1,0,1;
custom,cuboid,metal1,2,7,8,0,1,1,1,0.01,0.01,210,35,-352.5,0,1,0,1;
custom,cuboid,metal1,2,6.5,8,0,1,1,1,0.01,0.01,210,32.5,-372.5,0,1,0,1;
custom,cuboid,metal1,2,6,8,0,1,1,1,0.01,0.01,210,30,-392.5,0,1,0,1;
custom,cuboid,metal1,2,5.5,8,0,1,1,1,0.01,0.01,210,27.5,-412.5,0,1,0,1;
custom,cuboid,metal1,2,5,8,0,1,1,1,0.01,0.01,210,25,-432.5,0,1,0,1;
custom,cuboid,metal1,2,4.5,8,0,1,1,1,0.01,0.01,210,22.5,-452.5,0,1,0,1;
custom,cuboid,metal1,12,4,12,0,1,1,1,0.01,0.01,190,20,-522.5,0,1,0,1;
custom,cuboid,metal1,2,3.5,8,0,1,1,1,0.01,0.01,120,17.5,-542.5,0,0,0,0;
custom,cuboid,metal1,2,3,8,0,1,1,1,0.01,0.01,100,15,-542.5,0,0,0,0;
custom,cuboid,metal1,2,2.5,8,0,1,1,1,0.01,0.01,80,12.5,-542.5,0,0,0,0;
custom,cuboid,metal1,2,2,8,0,1,1,1,0.01,0.01,60,10,-542.5,0,0,0,0;
custom,cuboid,metal1,2,1.5,8,0,1,1,1,0.01,0.01,40,7.5,-542.5,0,0,0,0;
custom,cuboid,metal1,2,1,8,0,1,1,1,0.01,0.01,20,5,-542.5,0,0,0,0;
custom,cuboid,wood4,1,14,16,0,1,1,1,1,1,175,70,-382.5,0,0,0,0;
custom,cuboid,wood4,1,14,10,0,1,1,1,1,1,80,70,-507.5,0,1,0,-1;
custom,cuboid,wood4,1,14,16,0,1,1,1,1,1,245,70,-382.5,0,0,0,0;
custom,cuboid,wood4,1,14,10,0,1,1,1,1,1,80,70,-577.5,0,1,0,-1;
custom,cylinder,wood4,10,7,10,0,1,1,1,1,1,130,70,-462.5,0,0,0,0;
custom,cuboid,metal1,2,8,8,0,1,1,1,0.01,0.01,-210,40,-312.5,0,1,0,1;
custom,cuboid,metal1,2,7.5,8,0,1,1,1,0.01,0.01,-210,37.5,-332.5,0,1,0,1;
custom,cuboid,metal1,2,7,8,0,1,1,1,0.01,0.01,-210,35,-352.5,0,1,0,1;
custom,cuboid,metal1,2,6.5,8,0,1,1,1,0.01,0.01,-210,32.5,-372.5,0,1,0,1;
custom,cuboid,metal1,2,6,8,0,1,1,1,0.01,0.01,-210,30,-392.5,0,1,0,1;
custom,cuboid,metal1,2,5.5,8,0,1,1,1,0.01,0.01,-210,27.5,-412.5,0,1,0,1;
custom,cuboid,metal1,2,5,8,0,1,1,1,0.01,0.01,-210,25,-432.5,0,1,0,1;
custom,cuboid,metal1,2,4.5,8,0,1,1,1,0.01,0.01,-210,22.5,-452.5,0,1,0,1;
custom,cuboid,metal1,12,4,12,0,1,1,1,0.01,0.01,-190,20,-522.5,0,1,0,1;
custom,cuboid,metal1,2,3.5,8,0,1,1,1,0.01,0.01,-120,17.5,-542.5,0,0,0,0;
custom,cuboid,metal1,2,3,8,0,1,1,1,0.01,0.01,-100,15,-542.5,0,0,0,0;
custom,cuboid,metal1,2,2.5,8,0,1,1,1,0.01,0.01,-80,12.5,-542.5,0,0,0,0;
custom,cuboid,metal1,2,2,8,0,1,1,1,0.01,0.01,-60,10,-542.5,0,0,0,0;
custom,cuboid,metal1,2,1.5,8,0,1,1,1,0.01,0.01,-40,7.5,-542.5,0,0,0,0;
custom,cuboid,metal1,2,1,8,0,1,1,1,0.01,0.01,-20,5,-542.5,0,0,0,0;
custom,cuboid,wood4,1,14,16,0,1,1,1,1,1,-175,70,-382.5,0,0,0,0;
custom,cuboid,wood4,1,14,10,0,1,1,1,1,1,-80,70,-507.5,0,1,0,-1;
custom,cuboid,wood4,1,14,16,0,1,1,1,1,1,-245,70,-382.5,0,0,0,0;
custom,cuboid,wood4,1,14,10,0,1,1,1,1,1,-80,70,-577.5,0,1,0,-1;
custom,cylinder,wood4,10,7,10,0,1,1,1,1,1,-130,70,-462.5,0,0,0,0;
custom,cuboid,metal1,2,2,1,0,1,1,1,0.01,0.01,0,10,-577.5,0,0,0,0;
custom,cuboid,metal1,2,2,1,0,1,1,1,0.01,0.01,0,50,-577.5,0,0,0,0;
custom,cuboid,metal1,2,2,1,0,1,1,1,0.01,0.01,0,90,-577.5,0,0,0,0;
custom,cuboid,metal1,2,2,1,0,1,1,1,0.01,0.011,0,130,-577.5,0,0,0,0;
custom,cuboid,wood4,2,2,1,0,1,1,1,0.25,0.25,0,30,-577.5,0,0,0,0;
custom,cuboid,wood4,2,2,1,0,1,1,1,0.25,0.25,0,70,-577.5,0,0,0,0;
custom,cuboid,wood4,2,2,1,0,1,1,1,0.25,0.25,0,110,-577.5,0,0,0,0;
custom,cuboid,metal1,2,2,1,0,1,1,1,0.01,0.01,20,30,-577.5,0,0,0,0;
custom,cuboid,metal1,2,2,1,0,1,1,1,0.01,0.01,20,70,-577.5,0,0,0,0;
custom,cuboid,metal1,2,2,1,0,1,1,1,0.01,0.01,20,110,-577.5,0,0,0,0;
custom,cuboid,metal1,2,2,1,0,1,1,1,0.01,0.01,-20,30,-577.5,0,0,0,0;
custom,cuboid,metal1,2,2,1,0,1,1,1,0.01,0.01,-20,70,-577.5,0,0,0,0;
custom,cuboid,metal1,2,2,1,0,1,1,1,0.01,0.01,-20,110,-577.5,0,0,0,0;
custom,cuboid,wood4,2,2,1,0,1,1,1,0.25,0.25,20,10,-577.5,0,0,0,0;
custom,cuboid,wood4,2,2,1,0,1,1,1,0.25,0.25,20,50,-577.5,0,0,0,0;
custom,cuboid,wood4,2,2,1,0,1,1,1,0.25,0.25,20,90,-577.5,0,0,0,0;
custom,cuboid,wood4,2,2,1,0,1,1,1,0.25,0.25,20,130,-577.5,0,0,0,0;
custom,cuboid,wood4,2,2,1,0,1,1,1,0.25,0.25,-20,10,-577.5,0,0,0,0;
custom,cuboid,wood4,2,2,1,0,1,1,1,0.25,0.25,-20,50,-577.5,0,0,0,0;
custom,cuboid,wood4,2,2,1,0,1,1,1,0.25,0.25,-20,90,-577.5,0,0,0,0;
custom,cuboid,wood4,2,2,1,0,1,1,1,0.25,0.25,-20,130,-577.5,0,0,0,0;
custom,cuboid,wood4,1,6,11,0,1,1,1,1,1,30,30,-455,0,0,0,0;
custom,cuboid,wood4,1,6,11,0,1,1,1,1,1,-30,30,-455,0,0,0,0;
custom,cuboid,metal1,0.5,6,0.25,0,1,1,1,0.01,0.01,27.5,30,-511.25,0,0,0,0;
custom,cuboid,metal1,0.5,6,0.25,0,1,1,1,0.01,0.01,-27.5,30,-511.25,0,0,0,0;
custom,cuboid,wood4,6,1,21,1,0.5,0.5,0.5,1.0,1.0,0,65,-407.5,0,0,0,0;
custom,cuboid,metal1,20,1,20,0,1,1,1,0.01,0.01,0,75,-402.5,0,0,0,0;
custom,cuboid,metal1,7,1,28,0,1,1,1,0.01,0.01,0,-4.5,-442.5,0,0,0,0;
custom,arc90,wood4,14.5,28,14.5,0,1,1,1,1.0,1.0,193.94,53.2,-522.6,0,0.71,0,-0.704;
custom,arc90,wood4,-14.5,-28,14.5,0,1,1,1,1.0,1.0,-193.94,86.8,-522.6,0,-0.71,0,-0.704;
custom,cuboid,wood4,6,6,1,0,1,1,1,0.5,0.5,0,110,-507.5,0,0,0,0;
custom,cuboid,wood4,6,2,6,1,0.5,0.5,0.5,1.0,1.0,0,70,-542.5,0,0,0,0;
custom,statue2,metal1,2,2,2,0,1,1,1,0.11,0.11,10,80,-540,0,1,0,1;
custom,statue2,metal1,2,2,2,0,1,1,1,0.11,0.11,-10,80,-540,0,1,0,-1;
custom,statue2,metal1,1.5,1.5,1.5,0,1,1,1,0.11,0.11,10,160,-470,0,1,0,1;
custom,statue2,metal1,1.5,1.5,1.5,0,1,1,1,0.11,0.11,-10,160,-470,0,1,0,-1;
custom,statue2,metal1,2,2,2,0,1,1,1,0.11,0.11,0,220,-222.5,0,0,0,1;
custom,cuboid,wood4,1,6,50,0,1,1,1,1.0,1.0,175,110,-52.5,0,0,0,0;
custom,cuboid,wood4,1,6,50,0,1,1,1,1.0,1.0,-175,110,-52.5,0,0,0,0;
custom,cuboid,wood4,1,6,50,0,1,1,1,1.0,1.0,135,110,-52.5,0,0,0,0;
custom,cuboid,wood4,1,6,50,0,1,1,1,1.0,1.0,-135,110,-52.5,0,0,0,0;
custom,cylinder,wood4,5,3,5,0,1,1,1,1.0,1.0,-155,110,197.5,0,0,0,0;
custom,cylinder,wood4,5,3,5,0,1,1,1,1.0,1.0,155,110,197.5,0,0,0,0;
custom,cuboid,wood4,1,6,30,0,1,1,1,1.0,1.0,65,110,47.5,0,0,0,0;
custom,cuboid,wood4,1,6,30,0,1,1,1,1.0,1.0,-65,110,47.5,0,0,0,0;
custom,cylinder,wood4,4.015,3,4.015,0,1,1,1,1.0,1.0,0,110,-144.5,0,0,0,0;
custom,arc180,wood4,10.625,12,10.625,0,1,1,1,1.0,1.0,157.04,108.68,250.63,0,1,0,1;
custom,arc180,wood4,10.625,12,-10.625,0,1,1,1,1.0,1.0,-157.04,108.68,250.63,0,1,0,1;
custom,cuboid,wood4,1,1.5,50,0,1,1,1,1.0,1.0,245,87.5,-52.5,0,0,0,0;
custom,cuboid,wood4,1,1.5,50,0,1,1,1,1.0,1.0,245,132.5,-52.5,0,0,0,0;
custom,cuboid,wood4,1.6,0.2,50,1,0.6,0.6,0.6,1.0,1.0,245,96,-52.5,0,0,0,0;
custom,cuboid,wood4,1.4,0.1,50,1,0.7,0.7,0.7,1.0,1.0,245,97.5,-52.5,0,0,0,0;
custom,cuboid,wood4,1.3,0.1,50,1,0.8,0.8,0.8,1.0,1.0,245,98.5,-52.5,0,0,0,0;
custom,cuboid,wood4,1.3,0.1,50,1,0.8,0.8,0.8,1.0,1.0,245,94.5,-52.5,0,0,0,0;
custom,cuboid,wood4,1,0.1,50,0,0.9,0.9,0.9,1.0,1.0,245,99.5,-52.5,0,0,0,0;
custom,cuboid,wood4,1.6,0.2,50,1,0.6,0.6,0.6,1.0,1.0,245,124,-52.5,0,0,0,0;
custom,cuboid,wood4,1.4,0.1,50,1,0.7,0.7,0.7,1.0,1.0,245,122.5,-52.5,0,0,0,0;
custom,cuboid,wood4,1.3,0.1,50,1,0.8,0.8,0.8,1.0,1.0,245,121.5,-52.5,0,0,0,0;
custom,cuboid,wood4,1.3,0.1,50,1,0.8,0.8,0.8,1.0,1.0,245,125.5,-52.5,0,0,0,0;
custom,cuboid,wood4,1,0.1,50,0,0.9,0.9,0.9,1.0,1.0,245,120.5,-52.5,0,0,0,0;
custom,cylinder,wood4,0.75,1,0.75,0,0.9,0.9,0.9,1.0,1.0,245,110,-52.5,0,0,0,0;
custom,cylinder,wood4,0.75,1,0.75,0,0.9,0.9,0.9,1.0,1.0,245,110,-92.5,0,0,0,0;
custom,cylinder,wood4,0.75,1,0.75,0,0.9,0.9,0.9,1.0,1.0,245,110,-132.5,0,0,0,0;
custom,cylinder,wood4,0.75,1,0.75,0,0.9,0.9,0.9,1.0,1.0,245,110,-172.5,0,0,0,0;
custom,cylinder,wood4,0.75,1,0.75,0,0.9,0.9,0.9,1.0,1.0,245,110,-212.5,0,0,0,0;
custom,cylinder,wood4,0.75,1,0.75,0,0.9,0.9,0.9,1.0,1.0,245,110,-252.5,0,0,0,0;
custom,cylinder,wood4,0.75,1,0.75,0,0.9,0.9,0.9,1.0,1.0,245,110,-292.5,0,0,0,0;
custom,cylinder,wood4,0.75,1,0.75,0,0.9,0.9,0.9,1.0,1.0,245,110,-12.5,0,0,0,0;
custom,cylinder,wood4,0.75,1,0.75,0,0.9,0.9,0.9,1.0,1.0,245,110,27.5,0,0,0,0;
custom,cylinder,wood4,0.75,1,0.75,0,0.9,0.9,0.9,1.0,1.0,245,110,67.5,0,0,0,0;
custom,cylinder,wood4,0.75,1,0.75,0,0.9,0.9,0.9,1.0,1.0,245,110,107.5,0,0,0,0;
custom,cylinder,wood4,0.75,1,0.75,0,0.9,0.9,0.9,1.0,1.0,245,110,147.5,0,0,0,0;
custom,cylinder,wood4,0.75,1,0.75,0,0.9,0.9,0.9,1.0,1.0,245,110,187.5,0,0,0,0;
custom,cuboid,wood4,1,1.5,50,0,1,1,1,1.0,1.0,-245,87.5,-52.5,0,0,0,0;
custom,cuboid,wood4,1,1.5,50,0,1,1,1,1.0,1.0,-245,132.5,-52.5,0,0,0,0;
custom,cuboid,wood4,1.6,0.2,50,1,0.6,0.6,0.6,1.0,1.0,-245,96,-52.5,0,0,0,0;
custom,cuboid,wood4,1.4,0.1,50,1,0.7,0.7,0.7,1.0,1.0,-245,97.5,-52.5,0,0,0,0;
custom,cuboid,wood4,1.3,0.1,50,1,0.8,0.8,0.8,1.0,1.0,-245,98.5,-52.5,0,0,0,0;
custom,cuboid,wood4,1.3,0.1,50,1,0.8,0.8,0.8,1.0,1.0,-245,94.5,-52.5,0,0,0,0;
custom,cuboid,wood4,1,0.1,50,0,0.9,0.9,0.9,1.0,1.0,-245,99.5,-52.5,0,0,0,0;
custom,cuboid,wood4,1.6,0.2,50,1,0.6,0.6,0.6,1.0,1.0,-245,124,-52.5,0,0,0,0;
custom,cuboid,wood4,1.4,0.1,50,1,0.7,0.7,0.7,1.0,1.0,-245,122.5,-52.5,0,0,0,0;
custom,cuboid,wood4,1.3,0.1,50,1,0.8,0.8,0.8,1.0,1.0,-245,121.5,-52.5,0,0,0,0;
custom,cuboid,wood4,1.3,0.1,50,1,0.8,0.8,0.8,1.0,1.0,-245,125.5,-52.5,0,0,0,0;
custom,cuboid,wood4,1,0.1,50,0,0.9,0.9,0.9,1.0,1.0,-245,120.5,-52.5,0,0,0,0;
custom,cylinder,wood4,0.75,1,0.75,0,0.9,0.9,0.9,1.0,1.0,-245,110,-52.5,0,0,0,0;
custom,cylinder,wood4,0.75,1,0.75,0,0.9,0.9,0.9,1.0,1.0,-245,110,-92.5,0,0,0,0;
custom,cylinder,wood4,0.75,1,0.75,0,0.9,0.9,0.9,1.0,1.0,-245,110,-132.5,0,0,0,0;
custom,cylinder,wood4,0.75,1,0.75,0,0.9,0.9,0.9,1.0,1.0,-245,110,-172.5,0,0,0,0;
custom,cylinder,wood4,0.75,1,0.75,0,0.9,0.9,0.9,1.0,1.0,-245,110,-212.5,0,0,0,0;
custom,cylinder,wood4,0.75,1,0.75,0,0.9,0.9,0.9,1.0,1.0,-245,110,-252.5,0,0,0,0;
custom,cylinder,wood4,0.75,1,0.75,0,0.9,0.9,0.9,1.0,1.0,-245,110,-292.5,0,0,0,0;
custom,cylinder,wood4,0.75,1,0.75,0,0.9,0.9,0.9,1.0,1.0,-245,110,-12.5,0,0,0,0;
custom,cylinder,wood4,0.75,1,0.75,0,0.9,0.9,0.9,1.0,1.0,-245,110,27.5,0,0,0,0;
custom,cylinder,wood4,0.75,1,0.75,0,0.9,0.9,0.9,1.0,1.0,-245,110,67.5,0,0,0,0;
custom,cylinder,wood4,0.75,1,0.75,0,0.9,0.9,0.9,1.0,1.0,-245,110,107.5,0,0,0,0;
custom,cylinder,wood4,0.75,1,0.75,0,0.9,0.9,0.9,1.0,1.0,-245,110,147.5,0,0,0,0;
custom,cylinder,wood4,0.75,1,0.75,0,0.9,0.9,0.9,1.0,1.0,-245,110,187.5,0,0,0,0;
custom,cuboid,wood4,1,6,8,0,1,1,1,1.0,1.0,38.18,110,-127.25,0,1,0,-0.414;
custom,cuboid,wood4,1,6,8,0,1,1,1,1.0,1.0,-38.18,110,-127.25,0,1,0,0.414;
custom,cuboid,wood4,1,6,16,0,1,1,1,1.0,1.0,78.18,110,-187.25,0,1,0,-0.414;
custom,cuboid,wood4,1,6,16,0,1,1,1,1.0,1.0,-78.18,110,-187.25,0,1,0,0.414;
custom,cuboid,wood4,1,14,20,0,1,1,1,1.0,1.0,-23.1,150,-340.3,0,0,0,0;
custom,cuboid,wood4,1,14,20,0,1,1,1,1.0,1.0,23.1,150,-340.3,0,0,0,0;
custom,cuboid,wood4,1,14,30,0,1,1,1,1.0,1.0,-70,150,-352.5,0,0,0,0;
custom,cuboid,wood4,1,14,30,0,1,1,1,1.0,1.0,70,150,-352.5,0,0,0,0;
custom,cylinder,wood4,1,7,1,0,1,1,1,1.0,1.0,-23.1,150,-440.3,0,0,0,0;
custom,cylinder,wood4,1,7,1,0,1,1,1,1.0,1.0,23.1,150,-440.3,0,0,0,0;
custom,cuboid,wood4,15,8,1,0,1,1,1,1.0,1.0,0,180,-507.5,0,0,0,0;
custom,arc180,wood4,8.2,28,8.2,0,1,1,1,1.0,1.0,-1.43,146.9,-477.5,0,-1,0,1;
custom,cuboid,wood4,20,1,90,1,0.5,0.5,0.5,1.0,1.0,175,145,-152.5,0,0,0,0;
custom,cuboid,wood4,20,1,90,1,0.5,0.5,0.5,1.0,1.0,-175,145,-152.5,0,0,0,0;
custom,cuboid,wood4,9,1,15,1,0.5,0.5,0.5,1.0,1.0,0,145,-557.5,0,1,0,1;
custom,cuboid,wood4,15,1,54,1,0.5,0.5,0.5,1.0,1.0,0,145,27.5,0,0,0,0;
custom,cuboid,wood4,5,1,20,1,0.5,0.5,0.5,1.0,1.0,0,145,-342.5,0,0,0,0;
custom,cuboid,metal1,20,1,90,0,0.5,0.5,0.5,0.01,0.01,175,155,-152.5,0,0,0,0;
custom,cuboid,metal1,20,1,90,0,0.5,0.5,0.5,0.01,0.01,-175,155,-152.5,0,0,0,0;
custom,cuboid,metal1,9,1,15,0,0.5,0.5,0.5,0.01,0.01,0,155,-557.5,0,1,0,1;
custom,cuboid,metal1,15,1,54,0,0.5,0.5,0.5,0.01,0.01,0,155,27.5,0,0,0,0;
custom,cuboid,metal1,5,1,20,0,0.5,0.5,0.5,0.01,0.01,0,155,-342.5,0,0,0,0;
custom,cuboid,wood4,5,2,6,1,0.5,0.5,0.5,1.0,1.0,0,150,-472.5,0,0,0,0;
custom,cuboid,metal1,4,7.5,1,0,1,1,1,0.01,0.01,-47.5,117.5,-247.5,0,0,0,0;
custom,cuboid,metal1,4,7,1,0,1,1,1,0.01,0.01,-47.5,115,-257.5,0,0,0,0;
custom,cuboid,metal1,4,6.5,1,0,1,1,1,0.01,0.01,-47.5,112.5,-267.5,0,0,0,0;
custom,cuboid,metal1,4,6,1,0,1,1,1,0.01,0.01,-47.5,110,-277.5,0,0,0,0;
custom,cuboid,metal1,4,5.5,1,0,1,1,1,0.01,0.01,-47.5,107.5,-287.5,0,0,0,0;
custom,cuboid,metal1,4,5,1,0,1,1,1,0.01,0.01,-47.5,105,-297.5,0,0,0,0;
custom,cuboid,metal1,4,4.5,1,0,1,1,1,0.01,0.01,-47.5,102.5,-307.5,0,0,0,0;
custom,cuboid,metal1,4,4,1,0,1,1,1,0.01,0.01,-47.5,100,-317.5,0,0,0,0;
custom,cuboid,metal1,4,3.5,1,0,1,1,1,0.01,0.01,-47.5,97.5,-327.5,0,0,0,0;
custom,cuboid,metal1,4,3,1,0,1,1,1,0.01,0.01,-47.5,95,-337.5,0,0,0,0;
custom,cuboid,metal1,4,2.5,1,0,1,1,1,0.01,0.01,-47.5,92.5,-347.5,0,0,0,0;
custom,cuboid,metal1,4,2,1,0,1,1,1,0.01,0.01,-47.5,90,-357.5,0,0,0,0;
custom,cuboid,metal1,4,1.5,1,0,1,1,1,0.01,0.01,-47.5,87.5,-367.5,0,0,0,0;
custom,cuboid,metal1,4,1,1,0,1,1,1,0.01,0.01,-47.5,85,-377.5,0,0,0,0;
custom,cuboid,metal1,4,0.5,1,0,1,1,1,0.01,0.01,-47.5,82.5,-387.5,0,0,0,0;
custom,cuboid,metal1,4,7.5,1,0,1,1,1,0.01,0.01,47.5,117.5,-247.5,0,0,0,0;
custom,cuboid,metal1,4,7,1,0,1,1,1,0.01,0.01,47.5,115,-257.5,0,0,0,0;
custom,cuboid,metal1,4,6.5,1,0,1,1,1,0.01,0.01,47.5,112.5,-267.5,0,0,0,0;
custom,cuboid,metal1,4,6,1,0,1,1,1,0.01,0.01,47.5,110,-277.5,0,0,0,0;
custom,cuboid,metal1,4,5.5,1,0,1,1,1,0.01,0.01,47.5,107.5,-287.5,0,0,0,0;
custom,cuboid,metal1,4,5,1,0,1,1,1,0.01,0.01,47.5,105,-297.5,0,0,0,0;
custom,cuboid,metal1,4,4.5,1,0,1,1,1,0.01,0.01,47.5,102.5,-307.5,0,0,0,0;
custom,cuboid,metal1,4,4,1,0,1,1,1,0.01,0.01,47.5,100,-317.5,0,0,0,0;
custom,cuboid,metal1,4,3.5,1,0,1,1,1,0.01,0.01,47.5,97.5,-327.5,0,0,0,0;
custom,cuboid,metal1,4,3,1,0,1,1,1,0.01,0.01,47.5,95,-337.5,0,0,0,0;
custom,cuboid,metal1,4,2.5,1,0,1,1,1,0.01,0.01,47.5,92.5,-347.5,0,0,0,0;
custom,cuboid,metal1,4,2,1,0,1,1,1,0.01,0.01,47.5,90,-357.5,0,0,0,0;
custom,cuboid,metal1,4,1.5,1,0,1,1,1,0.01,0.01,47.5,87.5,-367.5,0,0,0,0;
custom,cuboid,metal1,4,1,1,0,1,1,1,0.01,0.01,47.5,85,-377.5,0,0,0,0;
custom,cuboid,metal1,4,0.5,1,0,1,1,1,0.01,0.01,47.5,82.5,-387.5,0,0,0,0;
custom,cuboid,wood4,4,12,1,0,1,1,1,1.0,1.0,0,220,-245,0,0,0,0;
custom,cuboid,wood4,10,12,1,0,1,1,1,1.0,1.0,125,220,-207.5,0,0,0,0;
custom,cuboid,wood4,10,12,1,0,1,1,1,1.0,1.0,-125,220,-207.5,0,0,0,0;
custom,cuboid,wood4,1,12,100,0,1,1,1,1.0,1.0,180,220,287.5,0,0,0,0;
custom,cuboid,wood4,1,12,100,0,1,1,1,1.0,1.0,-180,220,287.5,0,0,0,0;
custom,cuboid,metal1,37,1,50,0,1,1,1,0.01,0.01,0,155,547.5,0,0,0,0;
custom,cuboid,wood4,5.75,6,4.5,0,1,1,1,1.0,1.0,-47.5,250,-225,0,0,0,0;
custom,cuboid,wood4,5.75,6,4.5,0,1,1,1,1.0,1.0,47.5,250,-225,0,0,0,0;
custom,cylinder,metal1,2,3,2,0,1,1,1,0.1,4.0,0,190,-220,0,0,0,0;
custom,cuboid,wood4,9,6,10,0,1,1,1,1.0,1.0,-135,190,832.5,0,1,0,1;
custom,cuboid,wood4,9,3,10,0,1,1,1,1.0,1.0,-135,265,832.5,0,1,0,1;
custom,cuboid,wood4,3,3,10,0,1,1,1,1.0,1.0,-135,235,802.5,0,1,0,1;
custom,cuboid,wood4,3,3,10,0,1,1,1,1.0,1.0,-135,235,862.5,0,1,0,1;
custom,cuboid,wood4,9,6,10,0,1,1,1,1.0,1.0,135,190,832.5,0,1,0,1;
custom,cuboid,wood4,9,3,10,0,1,1,1,1.0,1.0,135,265,832.5,0,1,0,1;
custom,cuboid,wood4,3,3,10,0,1,1,1,1.0,1.0,135,235,802.5,0,1,0,1;
custom,cuboid,wood4,3,3,10,0,1,1,1,1.0,1.0,135,235,862.5,0,1,0,1;
custom,cuboid,metal1,9,1,36,0,1,1,1,0.01,0.01,0,155,842.5,0,1,0,1;
custom,cuboid,metal1,9,6,2,0,1,1,1,0.01,0.01,75,190,832.5,0,1,0,1;
custom,cuboid,metal1,9,5.5,2,0,1,1,1,0.01,0.01,55,187.5,832.5,0,1,0,1;
custom,cuboid,metal1,9,5,2,0,1,1,1,0.01,0.01,35,185,832.5,0,1,0,1;
custom,cuboid,metal1,9,4.5,2,0,1,1,1,0.01,0.01,15,182.5,832.5,0,1,0,1;
custom,cuboid,metal1,9,6,2,0,1,1,1,0.01,0.01,-75,190,832.5,0,1,0,1;
custom,cuboid,metal1,9,5.5,2,0,1,1,1,0.01,0.01,-55,187.5,832.5,0,1,0,1;
custom,cuboid,metal1,9,5,2,0,1,1,1,0.01,0.01,-35,185,832.5,0,1,0,1;
custom,cuboid,metal1,9,4.5,2,0,1,1,1,0.01,0.01,-15,182.5,832.5,0,1,0,1;
custom,cuboid,metal1,9,4.5,1,0,1,1,1,0.01,0.01,0,182.5,832.5,0,1,0,1;
custom,cuboid,metal1,5,4,2,0,1,1,1,0.01,0.01,0,180,777.5,0,0,0,0;
custom,cuboid,metal1,5,3.5,2,0,1,1,1,0.01,0.01,0,177.5,757.5,0,0,0,0;
custom,cuboid,metal1,5,3,2,0,1,1,1,0.01,0.01,0,175,737.5,0,0,0,0;
custom,cuboid,metal1,5,2.5,2,0,1,1,1,0.01,0.01,0,172.5,717.5,0,0,0,0;
custom,cuboid,metal1,5,2,2,0,1,1,1,0.01,0.01,0,170,697.5,0,0,0,0;
custom,cuboid,metal1,5,1.5,2,0,1,1,1,0.01,0.01,0,167.5,677.5,0,0,0,0;
custom,cuboid,metal1,5,1,2,0,1,1,1,0.01,0.01,0,165,657.5,0,0,0,0;
custom,cuboid,metal1,5,0.5,2,0,1,1,1,0.01,0.01,0,162.5,637.5,0,0,0,0;
custom,pillar1,metal1,2,0.75,4,0,1,1,1,0.01,1,-110,157.5,-70,0,1,0,1;
custom,cannon1,metal1,1.5,1.5,1.5,0,1,1,1,0.01,0.01,-110,202.5,-67.5,0,1,0,1;
custom,pillar1,metal1,2,0.75,4,0,1,1,1,0.01,1,-110,157.5,70,0,1,0,1;
custom,cannon1,metal1,1.5,1.5,1.5,0,1,1,1,0.01,0.01,-110,202.5,72.5,0,1,0,1;
custom,pillar1,metal1,2,0.75,4,0,1,1,1,0.01,1,-110,157.5,210,0,1,0,1;
custom,cannon1,metal1,1.5,1.5,1.5,0,1,1,1,0.01,0.01,-110,202.5,212.5,0,1,0,1;
custom,pillar1,metal1,2,0.75,4,0,1,1,1,0.01,1,-110,157.5,350,0,1,0,1;
custom,cannon1,metal1,1.5,1.5,1.5,0,1,1,1,0.01,0.01,-110,202.5,352.5,0,1,0,1;
custom,pillar1,metal1,2,0.75,4,0,1,1,1,0.01,1,-110,157.5,490,0,1,0,1;
custom,cannon1,metal1,1.5,1.5,1.5,0,1,1,1,0.01,0.01,-110,202.5,492.5,0,1,0,1;
custom,pillar1,metal1,2,0.75,4,0,1,1,1,0.01,1,-110,157.5,630,0,1,0,1;
custom,cannon1,metal1,1.5,1.5,1.5,0,1,1,1,0.01,0.01,-110,202.5,632.5,0,1,0,1;
custom,pillar1,metal1,2,0.75,4,0,1,1,1,0.01,1,110,157.5,-70,0,-1,0,1;
custom,cannon1,metal1,1.5,1.5,1.5,0,1,1,1,0.01,0.01,110,202.5,-72,0,-1,0,1;
custom,pillar1,metal1,2,0.75,4,0,1,1,1,0.01,1,110,157.5,70,0,-1,0,1;
custom,cannon1,metal1,1.5,1.5,1.5,0,1,1,1,0.01,0.01,110,202.5,68,0,-1,0,1;
custom,pillar1,metal1,2,0.75,4,0,1,1,1,0.01,1,110,157.5,210,0,-1,0,1;
custom,cannon1,metal1,1.5,1.5,1.5,0,1,1,1,0.01,0.01,110,202.5,208,0,-1,0,1;
custom,pillar1,metal1,2,0.75,4,0,1,1,1,0.01,1,110,157.5,350,0,-1,0,1;
custom,cannon1,metal1,1.5,1.5,1.5,0,1,1,1,0.01,0.01,110,202.5,348,0,-1,0,1;
custom,pillar1,metal1,2,0.75,4,0,1,1,1,0.01,1,110,157.5,490,0,-1,0,1;
custom,cannon1,metal1,1.5,1.5,1.5,0,1,1,1,0.01,0.01,110,202.5,488,0,-1,0,1;
custom,pillar1,metal1,2,0.75,4,0,1,1,1,0.01,1,110,157.5,630,0,-1,0,1;
custom,cannon1,metal1,1.5,1.5,1.5,0,1,1,1,0.01,0.01,110,202.5,628,0,-1,0,1;
custom,cuboid,metal1,1.5,12,4,0,1,1,1,0.01,1.0,-140,220,-70,0,0,0,0;
custom,cylinder,metal1,1.5,6,1.5,0,1,1,1,0.01,1.0,-140,220,-90,0,0,0,0;
custom,cylinder,metal1,1.5,6,1.5,0,1,1,1,0.01,1.0,-140,220,-50,0,0,0,0;
custom,cylinder,metal1,1,1.5,1,0,1,1,1,1.0,0.01,-160,255,-70,0,0,-1,1;
custom,cuboid,metal1,1.5,12,4,0,1,1,1,0.01,1.0,-140,220,70,0,0,0,0;
custom,cylinder,metal1,1.5,6,1.5,0,1,1,1,0.01,1.0,-140,220,90,0,0,0,0;
custom,cylinder,metal1,1.5,6,1.5,0,1,1,1,0.01,1.0,-140,220,50,0,0,0,0;
custom,cylinder,metal1,1,1.5,1,0,1,1,1,1.0,0.01,-160,255,70,0,0,-1,1;
custom,cuboid,metal1,1.5,12,4,0,1,1,1,0.01,1.0,-140,220,210,0,0,0,0;
custom,cylinder,metal1,1.5,6,1.5,0,1,1,1,0.01,1.0,-140,220,230,0,0,0,0;
custom,cylinder,metal1,1.5,6,1.5,0,1,1,1,0.01,1.0,-140,220,190,0,0,0,0;
custom,cylinder,metal1,1,1.5,1,0,1,1,1,1.0,0.01,-160,255,210,0,0,-1,1;
custom,cuboid,metal1,1.5,12,4,0,1,1,1,0.01,1.0,-140,220,350,0,0,0,0;
custom,cylinder,metal1,1.5,6,1.5,0,1,1,1,0.01,1.0,-140,220,370,0,0,0,0;
custom,cylinder,metal1,1.5,6,1.5,0,1,1,1,0.01,1.0,-140,220,330,0,0,0,0;
custom,cylinder,metal1,1,1.5,1,0,1,1,1,1.0,0.01,-160,255,350,0,0,-1,1;
custom,cuboid,metal1,1.5,12,4,0,1,1,1,0.01,1.0,-140,220,490,0,0,0,0;
custom,cylinder,metal1,1.5,6,1.5,0,1,1,1,0.01,1.0,-140,220,510,0,0,0,0;
custom,cylinder,metal1,1.5,6,1.5,0,1,1,1,0.01,1.0,-140,220,470,0,0,0,0;
custom,cylinder,metal1,1,1.5,1,0,1,1,1,1.0,0.01,-160,255,490,0,0,-1,1;
custom,cuboid,metal1,1.5,12,4,0,1,1,1,0.01,1.0,-140,220,630,0,0,0,0;
custom,cylinder,metal1,1.5,6,1.5,0,1,1,1,0.01,1.0,-140,220,650,0,0,0,0;
custom,cylinder,metal1,1.5,6,1.5,0,1,1,1,0.01,1.0,-140,220,610,0,0,0,0;
custom,cylinder,metal1,1,1.5,1,0,1,1,1,1.0,0.01,-160,255,630,0,0,-1,1;
custom,cuboid,metal1,1.5,12,4,0,1,1,1,0.01,1.0,140,220,-70,0,0,0,0;
custom,cylinder,metal1,1.5,6,1.5,0,1,1,1,0.01,1.0,140,220,-90,0,0,0,0;
custom,cylinder,metal1,1.5,6,1.5,0,1,1,1,0.01,1.0,140,220,-50,0,0,0,0;
custom,cylinder,metal1,1,1.5,1,0,1,1,1,1.0,0.01,160,255,-70,0,0,-1,1;
custom,cuboid,metal1,1.5,12,4,0,1,1,1,0.01,1.0,140,220,70,0,0,0,0;
custom,cylinder,metal1,1.5,6,1.5,0,1,1,1,0.01,1.0,140,220,90,0,0,0,0;
custom,cylinder,metal1,1.5,6,1.5,0,1,1,1,0.01,1.0,140,220,50,0,0,0,0;
custom,cylinder,metal1,1,1.5,1,0,1,1,1,1.0,0.01,160,255,70,0,0,-1,1;
custom,cuboid,metal1,1.5,12,4,0,1,1,1,0.01,1.0,140,220,210,0,0,0,0;
custom,cylinder,metal1,1.5,6,1.5,0,1,1,1,0.01,1.0,140,220,230,0,0,0,0;
custom,cylinder,metal1,1.5,6,1.5,0,1,1,1,0.01,1.0,140,220,190,0,0,0,0;
custom,cylinder,metal1,1,1.5,1,0,1,1,1,1.0,0.01,160,255,210,0,0,-1,1;
custom,cuboid,metal1,1.5,12,4,0,1,1,1,0.01,1.0,140,220,350,0,0,0,0;
custom,cylinder,metal1,1.5,6,1.5,0,1,1,1,0.01,1.0,140,220,370,0,0,0,0;
custom,cylinder,metal1,1.5,6,1.5,0,1,1,1,0.01,1.0,140,220,330,0,0,0,0;
custom,cylinder,metal1,1,1.5,1,0,1,1,1,1.0,0.01,160,255,350,0,0,-1,1;
custom,cuboid,metal1,1.5,12,4,0,1,1,1,0.01,1.0,140,220,490,0,0,0,0;
custom,cylinder,metal1,1.5,6,1.5,0,1,1,1,0.01,1.0,140,220,510,0,0,0,0;
custom,cylinder,metal1,1.5,6,1.5,0,1,1,1,0.01,1.0,140,220,470,0,0,0,0;
custom,cylinder,metal1,1,1.5,1,0,1,1,1,1.0,0.01,160,255,490,0,0,-1,1;
custom,cuboid,metal1,1.5,12,4,0,1,1,1,0.01,1.0,140,220,630,0,0,0,0;
custom,cylinder,metal1,1.5,6,1.5,0,1,1,1,0.01,1.0,140,220,650,0,0,0,0;
custom,cylinder,metal1,1.5,6,1.5,0,1,1,1,0.01,1.0,140,220,610,0,0,0,0;
custom,cylinder,metal1,1,1.5,1,0,1,1,1,1.0,0.01,160,255,630,0,0,-1,1;
custom,cuboid,wood1,8,0.5,24,0,1,1,1,1.0,1.0,0,162.5,282.5,0,0,0,0;
custom,cuboid,wood4,5,2,21,1,0.5,0.5,0.5,1.0,1.0,0,175,282.5,0,0,0,0;
custom,cuboid,wood1,8,0.5,24,0,1,1,1,1.0,1.0,0,187.5,282.5,0,0,0,0;
custom,cuboid,wood4,3,2,19,1,0.5,0.5,0.5,1.0,1.0,0,200,282.5,0,0,0,0;
custom,cuboid,metal1,3.5,0.2,19.5,0,0.5,0.5,0.5,0.01,1.0,0,211,282.5,0,0,0,0;
custom,cylinder,metal1,1,1,1,0,1,1,1,0.01,1,-32.5,175,170,0,0,0,0;
custom,cylinder,metal1,1,1,1,0,1,1,1,0.01,1,-32.5,175,200,0,0,0,0;
custom,cylinder,metal1,1,1,1,0,1,1,1,0.01,1,-32.5,175,230,0,0,0,0;
custom,cylinder,metal1,1,1,1,0,1,1,1,0.01,1,-32.5,175,260,0,0,0,0;
custom,cylinder,metal1,1,1,1,0,1,1,1,0.01,1,-32.5,175,395,0,0,0,0;
custom,cylinder,metal1,1,1,1,0,1,1,1,0.01,1,-32.5,175,365,0,0,0,0;
custom,cylinder,metal1,1,1,1,0,1,1,1,0.01,1,-32.5,175,335,0,0,0,0;
custom,cylinder,metal1,1,1,1,0,1,1,1,0.01,1,-32.5,175,305,0,0,0,0;
custom,cylinder,metal1,1,1,1,0,1,1,1,0.01,1,32.5,175,170,0,0,0,0;
custom,cylinder,metal1,1,1,1,0,1,1,1,0.01,1,32.5,175,200,0,0,0,0;
custom,cylinder,metal1,1,1,1,0,1,1,1,0.01,1,32.5,175,230,0,0,0,0;
custom,cylinder,metal1,1,1,1,0,1,1,1,0.01,1,32.5,175,260,0,0,0,0;
custom,cylinder,metal1,1,1,1,0,1,1,1,0.01,1,32.5,175,395,0,0,0,0;
custom,cylinder,metal1,1,1,1,0,1,1,1,0.01,1,32.5,175,365,0,0,0,0;
custom,cylinder,metal1,1,1,1,0,1,1,1,0.01,1,32.5,175,335,0,0,0,0;
custom,cylinder,metal1,1,1,1,0,1,1,1,0.01,1,32.5,175,305,0,0,0,0;
custom,cylinder,metal1,1,1,1,0,1,1,1,0.01,1,0,175,395,0,0,0,0;
custom,cylinder,metal1,1,1,1,0,1,1,1,0.01,1,0,175,170,0,0,0,0;
custom,statue1,metal1,1,1,1,0,1,1,1,0.01,0.01,-29,189.5,173,0,1,0,-0.414;
custom,statue1,metal1,-1,1,1,0,1,1,1,0.01,0.01,29,189.5,173,0,1,0,0.414;
custom,statue1,metal1,-1,1,1,0,1,1,1,0.01,0.01,-29,189.5,392,0,-0.414,0,1;
custom,statue1,metal1,1,1,1,0,1,1,1,0.01,0.01,29,189.5,392,0,0.414,0,1;
custom,statue2,metal1,0.75,0.75,0.75,0,1,1,1,0.11,0.11,0,186.75,172.5,0,1,0,0;
custom,statue2,metal1,0.75,0.75,0.75,0,1,1,1,0.11,0.11,0,186.75,392.5,0,0,0,0;
custom,statue2,metal1,0.75,0.75,0.75,0,1,1,1,0.11,0.11,-32,186.75,282.5,0,1,0,-1;
custom,statue2,metal1,0.5,0.5,0.5,0,1,1,1,0.11,0.11,-33,187.5,305,0,1,0,-1;
custom,statue2,metal1,0.5,0.5,0.5,0,1,1,1,0.11,0.11,-33,187.5,325,0,1,0,-1;
custom,statue2,metal1,0.5,0.5,0.5,0,1,1,1,0.11,0.11,-33,187.5,345,0,1,0,-1;
custom,statue2,metal1,0.5,0.5,0.5,0,1,1,1,0.11,0.11,-33,187.5,365,0,1,0,-1;
custom,statue2,metal1,0.5,0.5,0.5,0,1,1,1,0.11,0.11,-33,187.5,260,0,1,0,-1;
custom,statue2,metal1,0.5,0.5,0.5,0,1,1,1,0.11,0.11,-33,187.5,240,0,1,0,-1;
custom,statue2,metal1,0.5,0.5,0.5,0,1,1,1,0.11,0.11,-33,187.5,220,0,1,0,-1;
custom,statue2,metal1,0.5,0.5,0.5,0,1,1,1,0.11,0.11,-33,187.5,200,0,1,0,-1;
custom,statue2,metal1,0.75,0.75,0.75,0,1,1,1,0.11,0.11,32,186.75,282.5,0,1,0,1;
custom,statue2,metal1,0.5,0.5,0.5,0,1,1,1,0.11,0.11,33,187.5,305,0,1,0,1;
custom,statue2,metal1,0.5,0.5,0.5,0,1,1,1,0.11,0.11,33,187.5,325,0,1,0,1;
custom,statue2,metal1,0.5,0.5,0.5,0,1,1,1,0.11,0.11,33,187.5,345,0,1,0,1;
custom,statue2,metal1,0.5,0.5,0.5,0,1,1,1,0.11,0.11,33,187.5,365,0,1,0,1;
custom,statue2,metal1,0.5,0.5,0.5,0,1,1,1,0.11,0.11,33,187.5,260,0,1,0,1;
custom,statue2,metal1,0.5,0.5,0.5,0,1,1,1,0.11,0.11,33,187.5,240,0,1,0,1;
custom,statue2,metal1,0.5,0.5,0.5,0,1,1,1,0.11,0.11,33,187.5,220,0,1,0,1;
custom,statue2,metal1,0.5,0.5,0.5,0,1,1,1,0.11,0.11,33,187.5,200,0,1,0,1;
racing,killCuboid,2,12,28,0,220,70,0,1,0,1;
racing,killCuboid,2,12,28,0,220,490,0,1,0,1;
racing,killCuboid,4,2.5,1,-157.5,267.5,70,0,0,0,0;
racing,killCuboid,4,9.5,1,-157.5,207.5,210,0,0,0,0;
racing,killCuboid,4,2.5,1,-157.5,267.5,210,0,0,0,0;
racing,killCuboid,4,9.5,1,-157.5,207.5,350,0,0,0,0;
racing,killCuboid,4,2.5,1,157.5,267.5,70,0,0,0,0;
racing,killCuboid,4,9.5,1,157.5,207.5,210,0,0,0,0;
racing,killCuboid,4,2.5,1,157.5,267.5,210,0,0,0,0;
racing,killCuboid,4,9.5,1,157.5,207.5,350,0,0,0,0;
custom,cuboid,wood4,1,12,37,0,1,1,1,1.0,1.0,0,220,882.5,0,1,0,1;
custom,pillar1,metal1,1.6,0.5,1.6,0,1,1,1,0.01,1.0,0,202.8,865,0,0,0,0;
custom,statue1,metal1,1,1,1,0,1,1,1,0.01,0.01,0,229.5,865,0,-1,0,0;
custom,statue1,metal1,-1,1,1,0,1,1,1,0.01,0.01,0,229.5,865,0,1,0,0;
custom,cuboid,wood4,20,1,30,1,0.5,0.5,0.5,1.0,1.0,0,225,-397.5,0,0,0,0;
custom,cuboid,metal1,20,1,30,0,0.5,0.5,0.5,0.01,0.01,0,235,-397.5,0,0,0,0;
custom,cuboid,wood4,37,1,114,1,0.5,0.5,0.5,1.0,1.0,0,285,322.5,0,0,0,0;
custom,cuboid,metal1,37,1,114,0,0.5,0.5,0.5,0.01,0.01,0,295,322.5,0,0,0,0;
custom,cuboid,wood4,9,6,40,0,1,1,1,1.0,1.0,-230,190,687.5,0,0,0,0;
custom,cuboid,wood4,3,11,3,0,1,1,1,1.0,1.0,-200,275,562.5,0,1,0,1;
custom,cuboid,wood4,3,8,3,0,1,1,1,1.0,1.0,-200,260,532.5,0,1,0,1;
custom,cuboid,wood4,3,11,3,0,1,1,1,1.0,1.0,-200,275,502.5,0,1,0,1;
custom,cuboid,wood4,9,17,3,0,1,1,1,1.0,1.0,-260,305,532.5,0,1,0,1;
custom,cuboid,wood4,9,3,7,0,1,1,1,1.0,1.0,-150,315,532.5,0,1,0,1;
custom,cuboid,wood4,9,3,13,0,1,1,1,1.0,1.0,-180,375,532.5,0,1,0,1;
custom,cuboid,wood4,3,3,13,0,1,1,1,1.0,1.0,-180,345,562.5,0,1,0,1;
custom,cuboid,wood4,3,3,13,0,1,1,1,1.0,1.0,-180,345,502.5,0,1,0,1;
custom,cuboid,wood4,3,11,3,0,1,1,1,1.0,1.0,-230,275,502.5,0,0,0,0;
custom,cuboid,wood4,3,5,3,0,1,1,1,1.0,1.0,-230,305,562.5,0,0,0,0;
custom,cuboid,wood4,3,3,21,0,1,1,1,1.0,1.0,-200,235,682.5,0,0,0,0;
custom,cuboid,wood4,3,6,9,0,1,1,1,1.0,1.0,-230,250,862.5,0,1,0,1;
custom,cuboid,wood4,3,3,27,0,1,1,1,1.0,1.0,-260,235,712.5,0,0,0,0;
custom,cylinder,wood4,6,7.5,6,0,1,1,1,1.0,1.0,-185,235,787.5,0,0,0,0;
custom,cylinder,wood4,6,1.5,6,0,1,1,1,1.0,1.0,-185,300,532.5,-0.5,0.5,-0.5,0.5;
custom,cylinder,wood4,6,1.5,6,0,1,1,1,1.0,1.0,-230,280,577.5,0,0,-1,1;
custom,cuboid,wood4,9,3,27,0,1,1,1,1.0,1.0,-230,265,712.5,0,0,0,0;
custom,cuboid,wood4,9,6,40,0,1,1,1,1.0,1.0,230,190,687.5,0,0,0,0;
custom,cuboid,wood4,3,11,3,0,1,1,1,1.0,1.0,200,275,562.5,0,1,0,1;
custom,cuboid,wood4,3,8,3,0,1,1,1,1.0,1.0,200,260,532.5,0,1,0,1;
custom,cuboid,wood4,3,11,3,0,1,1,1,1.0,1.0,200,275,502.5,0,1,0,1;
custom,cuboid,wood4,9,17,3,0,1,1,1,1.0,1.0,260,305,532.5,0,1,0,1;
custom,cuboid,wood4,9,3,7,0,1,1,1,1.0,1.0,150,315,532.5,0,1,0,1;
custom,cuboid,wood4,9,3,13,0,1,1,1,1.0,1.0,180,375,532.5,0,1,0,1;
custom,cuboid,wood4,3,3,13,0,1,1,1,1.0,1.0,180,345,562.5,0,1,0,1;
custom,cuboid,wood4,3,3,13,0,1,1,1,1.0,1.0,180,345,502.5,0,1,0,1;
custom,cuboid,wood4,3,11,3,0,1,1,1,1.0,1.0,230,275,502.5,0,0,0,0;
custom,cuboid,wood4,3,5,3,0,1,1,1,1.0,1.0,230,305,562.5,0,0,0,0;
custom,cuboid,wood4,3,3,21,0,1,1,1,1.0,1.0,200,235,682.5,0,0,0,0;
custom,cuboid,wood4,3,6,9,0,1,1,1,1.0,1.0,230,250,862.5,0,1,0,1;
custom,cuboid,wood4,3,3,27,0,1,1,1,1.0,1.0,260,235,712.5,0,0,0,0;
custom,cylinder,wood4,6,7.5,6,0,1,1,1,1.0,1.0,185,235,787.5,0,0,0,0;
custom,cylinder,wood4,6,1.5,6,0,1,1,1,1.0,1.0,185,300,532.5,-0.5,0.5,-0.5,0.5;
custom,cylinder,wood4,6,1.5,6,0,1,1,1,1.0,1.0,230,280,577.5,0,0,-1,1;
custom,cuboid,wood4,9,3,27,0,1,1,1,1.0,1.0,230,265,712.5,0,0,0,0;
custom,cuboid,wood4,1,9,14,0,1,1,1,1.0,1.0,-175,345,647.5,0,0,0,0;
custom,cuboid,wood4,1,9,14,0,1,1,1,1.0,1.0,175,345,647.5,0,0,0,0;
custom,cuboid,wood4,1,9,36,0,1,1,1,1.0,1.0,0,345,722.5,0,1,0,1;
custom,cuboid,wood4,1,9,74,0,1,1,1,1.0,1.0,175,345,117.5,0,0,0,0;
custom,cuboid,wood4,1,9,74,0,1,1,1,1.0,1.0,-175,345,117.5,0,0,0,0;
custom,cuboid,wood4,7,9,1,0,1,1,1,1.0,1.0,135,345,-240,0,0,0,0;
custom,cuboid,wood4,7,9,1,0,1,1,1,1.0,1.0,-135,345,-240,0,0,0,0;
custom,cuboid,wood4,1,9,20,0,1,1,1,1.0,1.0,105,345,-345,0,0,0,0;
custom,cuboid,wood4,1,9,20,0,1,1,1,1.0,1.0,-105,345,-345,0,0,0,0;
custom,cuboid,wood4,22,9,1,0,1,1,1,1.0,1.0,0,345,-450,0,0,0,0;
custom,cuboid,metal1,4,2,4,0,1,1,1,0.01,0.01,80,290,-267.5,0,0,0,0;
custom,cuboid,metal1,4,2,4,0,1,1,1,0.01,0.01,00,290,-267.5,0,0,0,0;
custom,cuboid,metal1,4,2,4,0,1,1,1,0.01,0.01,-80,290,-267.5,0,0,0,0;
custom,cuboid,metal1,4,2,4,0,1,1,1,0.01,0.01,40,290,-307.5,0,0,0,0;
custom,cuboid,metal1,4,2,4,0,1,1,1,0.01,0.01,-40,290,-307.5,0,0,0,0;
custom,cuboid,metal1,4,2,4,0,1,1,1,0.01,0.01,80,290,-347.5,0,0,0,0;
custom,cuboid,metal1,4,2,4,0,1,1,1,0.01,0.01,00,290,-347.5,0,0,0,0;
custom,cuboid,metal1,4,2,4,0,1,1,1,0.01,0.01,-80,290,-347.5,0,0,0,0;
custom,cuboid,metal1,4,2,4,0,1,1,1,0.01,0.01,40,290,-387.5,0,0,0,0;
custom,cuboid,metal1,4,2,4,0,1,1,1,0.01,0.01,-40,290,-387.5,0,0,0,0;
custom,cuboid,metal1,4,2,4,0,1,1,1,0.01,0.01,80,290,-427.5,0,0,0,0;
custom,cuboid,metal1,4,2,4,0,1,1,1,0.01,0.01,00,290,-427.5,0,0,0,0;
custom,cuboid,metal1,4,2,4,0,1,1,1,0.01,0.01,-80,290,-427.5,0,0,0,0;
custom,cuboid,metal1,1,2.01,20,0,1,1,1,0.01,0.01,105,290,-345,0,0,0,0;
custom,cuboid,metal1,1,2.01,20,0,1,1,1,0.01,0.01,-105,290,-345,0,0,0,0;
custom,cuboid,metal1,22,2.01,1,0,1,1,1,0.01,0.01,0,290,-450,0,0,0,0;
custom,cuboid,metal1,20,1,10,0,1,1,1,0.01,0.01,0,235,-597.5,0,0,0,0;
custom,cuboid,wood4,20,1,10,1,0.5,0.5,0.5,1.0,1.0,0,225,-597.5,0,0,0,0;
custom,cuboid,wood4,1,6,40,0,1,1,1,1.0,1.0,105,250,-447.5,0,0,0,0;
custom,cuboid,wood4,1,6,40,0,1,1,1,1.0,1.0,-105,250,-447.5,0,0,0,0;
custom,cuboid,wood4,3,6,1,0,1,1,1,1.0,1.0,-90,250,-245,0,0,0,0;
custom,cuboid,wood4,3,6,1,0,1,1,1,1.0,1.0,90,250,-245,0,0,0,0;
custom,cuboid,metal1,1,8,6,0,1,1,1,0.01,0.01,90,200,-682.5,0,0,0,0;
custom,cuboid,metal1,1,8,6,0,1,1,1,0.01,0.01,40,200,-682.5,0,0,0,0;
custom,cuboid,metal1,1,8,4,0,1,1,1,0.01,0.01,65,200,-657.5,0,1,0,1;
custom,cuboid,metal1,1,8,4,0,1,1,1,0.01,0.01,65,200,-707.5,0,1,0,1;
custom,cuboid,metal1,1,8,6,0,1,1,1,0.01,0.01,-90,200,-682.5,0,0,0,0;
custom,cuboid,metal1,1,8,6,0,1,1,1,0.01,0.01,-40,200,-682.5,0,0,0,0;
custom,cuboid,metal1,1,8,4,0,1,1,1,0.01,0.01,-65,200,-657.5,0,1,0,1;
custom,cuboid,metal1,1,8,4,0,1,1,1,0.01,0.01,-65,200,-707.5,0,1,0,1;
custom,cuboid,metal1,1,8,6,0,1,1,1,0.01,0.01,-25,200,-682.5,0,0,0,0;
custom,cuboid,metal1,1,8,6,0,1,1,1,0.01,0.01,25,200,-682.5,0,0,0,0;
custom,cuboid,metal1,1,8,4,0,1,1,1,0.01,0.01,0,200,-657.5,0,1,0,1;
custom,cuboid,metal1,1,8,4,0,1,1,1,0.01,0.01,0,200,-707.5,0,1,0,1;
racing,killCuboid,0.5,8,20,0,200,-650,0,1,0,1;
racing,killCuboid,0.5,8,20,0,200,-715,0,1,0,1;
racing,killCuboid,0.5,8,6,97.5,200,-682.5,0,0,0,0;
racing,killCuboid,0.5,8,6,-97.5,200,-682.5,0,0,0,0;
racing,killCuboid,0.5,8,6,32.5,200,-682.5,0,0,0,0;
racing,killCuboid,0.5,8,6,-32.5,200,-682.5,0,0,0,0;
custom,cuboid,wood4,1,6,22,0,1,1,1,1.0,1.0,0,250,-722.5,0,1,0,1;
racing,killCuboid,0.1,4,20,0,260,-717,0,1,0,1;
custom,cuboid,wood4,1,6,7,0,1,1,1,0.2,1.0,105,250,-682.5,0,0,0,0;
custom,cuboid,wood4,1,6,7,0,1,1,1,0.2,1.0,-105,250,-682.5,0,0,0,0;
custom,cuboid,wood4,20,9,4,0,1,1,1,1.0,1.0,-150,345,220,0,1,0,1;
custom,cuboid,wood4,3,9,14,0,1,1,1,1.0,1.0,-115,345,220,0,0,0,0;
custom,cylinder,wood4,6,4.5,6,0,1,1,1,1.0,1.0,-130,345,290,0,0,0,0;
custom,cylinder,wood4,6,4.5,6,0,1,1,1,1.0,1.0,-130,345,150,0,0,0,0;
custom,cuboid,wood4,20,9,4,0,1,1,1,1.0,1.0,150,345,220,0,1,0,1;
custom,cuboid,wood4,3,9,14,0,1,1,1,1.0,1.0,115,345,220,0,0,0,0;
custom,cylinder,wood4,6,4.5,6,0,1,1,1,1.0,1.0,130,345,290,0,0,0,0;
custom,cylinder,wood4,6,4.5,6,0,1,1,1,1.0,1.0,130,345,150,0,0,0,0;
custom,cuboid,metal1,20,0.5,14,0,1,1,1,1.01,0.01,0,302.5,220,0,1,0,0;
custom,cuboid,metal1,20,0.5,12,0,1,1,1,1.01,0.01,0,307.5,220,0,0,0,0;
custom,cuboid,metal1,20,0.5,10,0,1,1,1,1.01,0.01,0,312.5,220,0,1,0,0;
custom,cuboid,metal1,20,0.5,8,0,1,1,1,1.01,0.01,0,317.5,220,0,0,0,0;
custom,pillar1,metal1,1,0.25,2,0,1,1,1,0.05,1.05,0,318.8,220,0,0,0,0;
custom,pillar1,metal1,1,-0.25,1,0,1,1,1,0.05,1.05,0,390.8,220,0,0,0,0;
custom,cylinder,metal1,0.75,2.5,0.75,0,1,1,1,0.05,1.05,0,355,220,0,0,0,0;
custom,pillar1,metal1,1,0.25,2,0,1,1,1,0.05,1.05,30,318.8,220,0,0,0,0;
custom,pillar1,metal1,1,-0.25,1,0,1,1,1,0.05,1.05,30,390.8,220,0,0,0,0;
custom,cylinder,metal1,0.75,2.5,0.75,0,1,1,1,0.05,1.05,30,355,220,0,0,0,0;
custom,pillar1,metal1,1,0.25,2,0,1,1,1,0.05,1.05,60,318.8,220,0,0,0,0;
custom,pillar1,metal1,1,-0.25,1,0,1,1,1,0.05,1.05,60,390.8,220,0,0,0,0;
custom,cylinder,metal1,0.75,2.5,0.75,0,1,1,1,0.05,1.05,60,355,220,0,0,0,0;
custom,pillar1,metal1,1,0.25,2,0,1,1,1,0.05,1.05,90,318.8,220,0,0,0,0;
custom,pillar1,metal1,1,-0.25,1,0,1,1,1,0.05,1.05,90,390.8,220,0,0,0,0;
custom,cylinder,metal1,0.75,2.5,0.75,0,1,1,1,0.05,1.05,90,355,220,0,0,0,0;
custom,pillar1,metal1,1,0.25,2,0,1,1,1,0.05,1.05,-30,318.8,220,0,0,0,0;
custom,pillar1,metal1,1,-0.25,1,0,1,1,1,0.05,1.05,-30,390.8,220,0,0,0,0;
custom,cylinder,metal1,0.75,2.5,0.75,0,1,1,1,0.05,1.05,-30,355,220,0,0,0,0;
custom,pillar1,metal1,1,0.25,2,0,1,1,1,0.05,1.05,-60,318.8,220,0,0,0,0;
custom,pillar1,metal1,1,-0.25,1,0,1,1,1,0.05,1.05,-60,390.8,220,0,0,0,0;
custom,cylinder,metal1,0.75,2.5,0.75,0,1,1,1,0.05,1.05,-60,355,220,0,0,0,0;
custom,pillar1,metal1,1,0.25,2,0,1,1,1,0.05,1.05,-90,318.8,220,0,0,0,0;
custom,pillar1,metal1,1,-0.25,1,0,1,1,1,0.05,1.05,-90,390.8,220,0,0,0,0;
custom,cylinder,metal1,0.75,2.5,0.75,0,1,1,1,0.05,1.05,-90,355,220,0,0,0,0;
custom,cuboid,metal1,20,0.5,20,0,1,1,1,0.01,1.01,0,302.5,-55,0,0,0,0;
custom,cuboid,metal1,18,0.5,18,0,1,1,1,1.01,0.01,0,307.5,-55,0,0,0,0;
custom,cuboid,metal1,16,0.5,16,0,1,1,1,0.01,1.01,0,312.5,-55,0,0,0,0;
custom,cuboid,metal1,14,0.5,14,0,1,1,1,1.01,0.01,0,317.5,-55,0,0,0,0;
custom,cylinder,metal3,8,0.1,8,0,1,1,1,1.01,0.01,0,321,-55,0,0,0,0;
custom,pyramid,metal1,3,3,3,0,1,1,1,0.01,1.01,0,348,-55,0,0,0,0;
custom,cuboid,wood4,1.5,0.2,35.5,1,0.5,0.5,0.5,1.0,1.0,162.5,301,-57.5,0,0,0,0;
custom,cuboid,metal1,1,1.5,35.5,0,0.9,0.9,0.9,0.01,0.1,165,309.5,-57.5,0,0,0,0;
custom,cuboid,wood4,1.5,0.2,35.5,1,0.5,0.5,0.5,1.0,1.0,162.5,318,-57.5,0,0,0,0;
custom,cuboid,wood4,1.2,0.2,35.5,1,0.6,0.6,0.6,1.0,1.0,164,320,-57.5,0,0,0,0;
custom,cuboid,wood4,0.9,0.2,35.5,1,0.7,0.7,0.7,1.0,1.0,165.5,322,-57.5,0,0,0,0;
custom,cuboid,wood4,0.6,0.2,35.5,1,0.8,0.8,0.8,1.0,1.0,167,324,-57.5,0,0,0,0;
custom,cuboid,wood4,1.5,0.2,35.5,1,0.5,0.5,0.5,1.0,1.0,-162.5,301,-57.5,0,0,0,0;
custom,cuboid,metal1,1,1.5,35.5,0,0.9,0.9,0.9,0.01,0.1,-165,309.5,-57.5,0,0,0,0;
custom,cuboid,wood4,1.5,0.2,35.5,1,0.5,0.5,0.5,1.0,1.0,-162.5,318,-57.5,0,0,0,0;
custom,cuboid,wood4,1.2,0.2,35.5,1,0.6,0.6,0.6,1.0,1.0,-164,320,-57.5,0,0,0,0;
custom,cuboid,wood4,0.9,0.2,35.5,1,0.7,0.7,0.7,1.0,1.0,-165.5,322,-57.5,0,0,0,0;
custom,cuboid,wood4,0.6,0.2,35.5,1,0.8,0.8,0.8,1.0,1.0,-167,324,-57.5,0,0,0,0;
custom,pillar1,metal1,1,0.5,1,0,1,1,1,0.01,1.0,125,298,-210,0,0,0,0;
custom,statue2,metal1,1.25,1.25,1.25,0,1,1,1,0.11,0.11,125,328.5,-210,0,0,0,0;
custom,pillar1,metal1,1,0.5,1,0,1,1,1,0.01,1.0,-125,298,-210,0,0,0,0;
custom,statue2,metal1,1.25,1.25,1.25,0,1,1,1,0.11,0.11,-125,328.5,-210,0,0,0,0;
custom,statue1,metal1,1,1,1,0,1,1,1,0.25,0.25,171,375,102.5,0.5,-0.5,0.5,0.5;
custom,statue1,metal1,1,1,1,0,1,1,1,0.25,0.25,171,375,42.5,0.5,-0.5,0.5,0.5;
custom,statue1,metal1,1,1,1,0,1,1,1,0.25,0.25,171,375,-18.5,0.5,-0.5,0.5,0.5;
custom,statue1,metal1,1,1,1,0,1,1,1,0.25,0.25,171,375,-78.5,0.5,-0.5,0.5,0.5;
custom,statue1,metal1,1,1,1,0,1,1,1,0.25,0.25,171,375,-138.5,0.5,-0.5,0.5,0.5;
custom,statue1,metal1,1,1,1,0,1,1,1,0.25,0.25,171,375,-198.5,0.5,-0.5,0.5,0.5;
custom,statue1,metal1,-1,1,1,0,1,1,1,0.25,0.25,-171,375,102.5,-0.5,0.5,-0.5,0.5;
custom,statue1,metal1,-1,1,1,0,1,1,1,0.25,0.25,-171,375,42.5,0.5,0.5,-0.5,0.5;
custom,statue1,metal1,-1,1,1,0,1,1,1,0.25,0.25,-171,375,-18.5,0.5,0.5,-0.5,0.5;
custom,statue1,metal1,-1,1,1,0,1,1,1,0.25,0.25,-171,375,-78.5,0.5,0.5,-0.5,0.5;
custom,statue1,metal1,-1,1,1,0,1,1,1,0.25,0.25,-171,375,-138.5,0.5,0.5,-0.5,0.5;
custom,statue1,metal1,-1,1,1,0,1,1,1,0.25,0.25,-171,375,-198.5,0.5,0.5,-0.5,0.5;
custom,pillar1,metal1,4,0.4,4,0,1,1,1,0.01,1.0,0,299,400,0,0,0,0;
custom,pillar1,metal1,2.5,-0.4,2.5,0,1,1,1,0.01,1.0,0,391.5,400,0,0,0,0;
custom,cylinder,metal1,2,3,2,0,1,1,1,0.01,1.0,0,343,400,0,1,0,1;
custom,pillar1,metal1,4,0.4,4,0,1,1,1,0.01,1.0,100,299,400,0,0,0,0;
custom,pillar1,metal1,2.5,-0.4,2.5,0,1,1,1,0.01,1.0,100,391.5,400,0,0,0,0;
custom,cylinder,metal1,2,3,2,0,1,1,1,0.01,1.0,100,343,400,0,1,0,1;
custom,pillar1,metal1,4,0.4,4,0,1,1,1,0.01,1.0,-100,299,400,0,0,0,0;
custom,pillar1,metal1,2.5,-0.4,2.5,0,1,1,1,0.01,1.0,-100,391.5,400,0,0,0,0;
custom,cylinder,metal1,2,3,2,0,1,1,1,0.01,1.0,-100,343,400,0,1,0,1;
custom,pillar1,metal1,6,0.4,6,0,1,1,1,0.01,1.0,75,299,650,0,0,0,0;
custom,pillar1,metal1,3.5,-0.4,3.5,0,1,1,1,0.01,1.0,75,391.5,650,0,0,0,0;
custom,cylinder,metal1,3,3,3,0,1,1,1,0.01,1.0,75,343,650,0,1,0,1;
custom,pillar1,metal1,6,0.4,6,0,1,1,1,0.01,1.0,-75,299,650,0,0,0,0;
custom,pillar1,metal1,3.5,-0.4,3.5,0,1,1,1,0.01,1.0,-75,391.5,650,0,0,0,0;
custom,cylinder,metal1,3,3,3,0,1,1,1,0.01,1.0,-75,343,650,0,1,0,1;
custom,pillar1,metal1,3,0.6,1.5,0,1,1,1,0.01,1.0,0,297,532.5,0,0,0,0;
custom,statue1,metal1,1.25,1.25,1.25,0,1,1,1,0.06,0.06,-10,333.333,531.5,0,-1,0,1;
custom,statue1,metal1,1.25,1.25,-1.25,0,1,1,1,0.06,0.06,10,333.333,531.5,0,-1,0,1;
racing,killCuboid,34,0.1,96,0,300.5,245,0,0,0,0;
custom,cuboid,wood4,8,1,98,1,0.5,0.5,0.5,1.0,8,140,395,245,0,0,0,0;
custom,cuboid,wood4,8,1,98,1,0.5,0.5,0.5,1.0,8,-140,395,245,0,0,0,0;
custom,cuboid,wood4,20,1,40,1,0.5,0.5,0.5,1.0,4,0,395,245,0,0,0,0;
custom,cuboid,wood4,20,1,16,1,0.5,0.5,0.5,1.0,1,0,395,655,0,0,0,0;
custom,cuboid,wood4,4,1,20,1,0.5,0.5,0.5,0.5,1,0,395,465,0,1,0,-1;
custom,cuboid,wood4,4,1,9,1,0.5,0.5,0.5,1.0,1,-80,395,530,0,0,0,0;
custom,cuboid,wood4,4,1,9,1,0.5,0.5,0.5,1.0,1,80,395,530,0,0,0,0;
custom,cuboid,wood4,9,1,20,1,0.5,0.5,0.5,1.0,1,0,395,-200,0,1,0,-1;
custom,cylinder,wood4,1,10,1,0,1,1,1,1.0,1,0,395,-155,-0.5,0.5,-0.5,-0.5;
custom,cylinder,wood4,1,10,1,0,1,1,1,1.0,1,0,395,45,-0.5,0.5,-0.5,-0.5;
custom,cylinder,wood4,1,6,1,0,1,1,1,1.0,1,0,395,575,-0.5,0.5,-0.5,-0.5;
custom,cylinder,wood4,1,6,1,0,1,1,1,1.0,1,0,395,485,-0.5,0.5,-0.5,-0.5;
custom,cylinder,wood4,1,10,1,0,1,1,1,1.0,1,100,395,-55,0,1,-1,0;
custom,cylinder,wood4,1,10,1,0,1,1,1,1.0,1,-100,395,-55,0,1,-1,0;
custom,cylinder,wood4,1,4.5,1,0,1,1,1,1.0,1,60,395,530,0,1,-1,0;
custom,cylinder,wood4,1,4.5,1,0,1,1,1,1.0,1,-60,395,530,0,1,-1,0;
custom,cuboid,wood4,21,1,22,1,0.5,0.5,0.5,1.0,1,0,395,-350,0,1,0,-1;
custom,cylinder,metal1,8,0.1,4,0,1,1,1,1,0,0.01,345,-445,0,1,1,0;
custom,cylinder,metal3,3,0.1,3,0,1,1,1,1.0,1,67.5,320,-445,0,1,1,0;
custom,cylinder,metal3,3,0.1,3,0,1,1,1,1.0,1,-67.5,320,-445,0,1,1,0;
custom,cylinder,metal3,3,0.1,3,0,1,1,1,1.0,1,67.5,370,-445,0,1,1,0;
custom,cylinder,metal3,3,0.1,3,0,1,1,1,1.0,1,-67.5,370,-445,0,1,1,0;
custom,cylinder,metal3,2,0.1,2,0,1,1,1,1.0,1,100.5,260,-297.5,-0.5,0.5,0.5,0.5;
custom,cylinder,metal3,2,0.1,2,0,1,1,1,1.0,1,100.5,260,-337.5,-0.5,0.5,0.5,0.5;
custom,cylinder,metal3,2,0.1,2,0,1,1,1,1.0,1,100.5,260,-377.5,-0.5,0.5,0.5,0.5;
custom,cylinder,metal3,2,0.1,2,0,1,1,1,1.0,1,100.5,260,-417.5,-0.5,0.5,0.5,0.5;
custom,cylinder,metal3,2,0.1,2,0,1,1,1,1.0,1,100.5,260,-457.5,-0.5,0.5,0.5,0.5;
custom,cylinder,metal3,2,0.1,2,0,1,1,1,1.0,1,100.5,260,-497.5,-0.5,0.5,0.5,0.5;
custom,cylinder,metal3,2,0.1,2,0,1,1,1,1.0,1,100.5,260,-537.5,-0.5,0.5,0.5,0.5;
custom,cylinder,metal3,2,0.1,2,0,1,1,1,1.0,1,100.5,260,-577.5,-0.5,0.5,0.5,0.5;
custom,cylinder,metal3,2,0.1,2,0,1,1,1,1.0,1,100.5,260,-617.5,-0.5,0.5,0.5,0.5;
custom,cylinder,metal3,2,0.1,2,0,1,1,1,1.0,1,100.5,260,-657.5,-0.5,0.5,0.5,0.5;
custom,cylinder,metal3,2,0.1,2,0,1,1,1,1.0,1,100.5,260,-697.5,-0.5,0.5,0.5,0.5;
custom,cylinder,metal3,2,0.1,2,0,1,1,1,1.0,1,-100.5,260,-297.5,-0.5,0.5,0.5,0.5;
custom,cylinder,metal3,2,0.1,2,0,1,1,1,1.0,1,-100.5,260,-337.5,-0.5,0.5,0.5,0.5;
custom,cylinder,metal3,2,0.1,2,0,1,1,1,1.0,1,-100.5,260,-377.5,-0.5,0.5,0.5,0.5;
custom,cylinder,metal3,2,0.1,2,0,1,1,1,1.0,1,-100.5,260,-417.5,-0.5,0.5,0.5,0.5;
custom,cylinder,metal3,2,0.1,2,0,1,1,1,1.0,1,-100.5,260,-457.5,-0.5,0.5,0.5,0.5;
custom,cylinder,metal3,2,0.1,2,0,1,1,1,1.0,1,-100.5,260,-497.5,-0.5,0.5,0.5,0.5;
custom,cylinder,metal3,2,0.1,2,0,1,1,1,1.0,1,-100.5,260,-537.5,-0.5,0.5,0.5,0.5;
custom,cylinder,metal3,2,0.1,2,0,1,1,1,1.0,1,-100.5,260,-577.5,-0.5,0.5,0.5,0.5;
custom,cylinder,metal3,2,0.1,2,0,1,1,1,1.0,1,-100.5,260,-617.5,-0.5,0.5,0.5,0.5;
custom,cylinder,metal3,2,0.1,2,0,1,1,1,1.0,1,-100.5,260,-657.5,-0.5,0.5,0.5,0.5;
custom,cylinder,metal3,2,0.1,2,0,1,1,1,1.0,1,-100.5,260,-697.5,-0.5,0.5,0.5,0.5;
custom,cuboid,wood4,22,1,27,1,0.5,0.5,0.5,1.0,1,0,285,-590,0,0,0,0;
racing,killCuboid,20,0.01,27,0,279.95,-590,0,0,0,0;
custom,pillar1,metal1,1.5,0.5,1.5,0,1,1,1,0.01,1.0,0,-1.3,259,0,0,0,0;
custom,statue1,metal1,1.25,1.25,1.25,0,1,1,1,0.1,0.1,0,28.6,257.8,0,-1,0,0;
custom,statue1,metal1,-1.25,1.25,1.25,0,1,1,1,0.1,0.1,0,28.6,257.8,0,-1,0,0;
custom,cuboid,metal1,2,0.5,2,0,1,1,1,0.01,0.01,0,31.1,259.5,0,0,0,0;
custom,cuboid,metal3,6,0.1,1,1,0,0.5,0,1.0,1.0,0,1,-90,0,0,0,0;
custom,cuboid,metal3,6,0.1,1,1,0,0.5,0,1.0,1.0,0,35.5,-90,0,0,0,0;
custom,cuboid,wood4,40,22,1,0,1,1,1,1.0,1.0,0,110,-600,0,0,0,0;
custom,cuboid,wood4,40,40,3,1,0.5,0.5,0.5,1.0,1.0,0,90,-877,0,1,0.414,0;
custom,cuboid,wood4,2,1,20,0,1,1,1,1.0,1.0,0,-95,-950,0,1,0.414,0;
custom,cuboid,wood4,2,1,20,0,1,1,1,1.0,1.0,40,-95,-950,0,1,0.414,0;
custom,cuboid,wood4,2,1,20,0,1,1,1,1.0,1.0,80,-95,-950,0,1,0.414,0;
custom,cuboid,wood4,2,1,20,0,1,1,1,1.0,1.0,120,-95,-950,0,1,0.414,0;
custom,cuboid,wood4,2,1,20,0,1,1,1,1.0,1.0,160,-95,-950,0,1,0.414,0;
custom,cuboid,wood4,2,1,20,0,1,1,1,1.0,1.0,200,-95,-950,0,1,0.414,0;
custom,cuboid,wood4,2,1,20,0,1,1,1,1.0,1.0,-40,-95,-950,0,1,0.414,0;
custom,cuboid,wood4,2,1,20,0,1,1,1,1.0,1.0,-80,-95,-950,0,1,0.414,0;
custom,cuboid,wood4,2,1,20,0,1,1,1,1.0,1.0,-120,-95,-950,0,1,0.414,0;
custom,cuboid,wood4,2,1,20,0,1,1,1,1.0,1.0,-160,-95,-950,0,1,0.414,0;
custom,cuboid,wood4,2,1,20,0,1,1,1,1.0,1.0,-200,-95,-950,0,1,0.414,0;
custom,cuboid,wood4,2,1,6,0,1,1,1,1.0,1.0,20,-55,-990,0,1,0.414,0;
custom,cuboid,wood4,2,1,6,0,1,1,1,1.0,1.0,100,-55,-990,0,1,0.414,0;
custom,cuboid,wood4,2,1,6,0,1,1,1,1.0,1.0,180,-55,-990,0,1,0.414,0;
custom,cuboid,wood4,2,1,6,0,1,1,1,1.0,1.0,-20,-55,-990,0,1,0.414,0;
custom,cuboid,wood4,2,1,6,0,1,1,1,1.0,1.0,-100,-55,-990,0,1,0.414,0;
custom,cuboid,wood4,2,1,6,0,1,1,1,1.0,1.0,-180,-55,-990,0,1,0.414,0;
custom,cuboid,wood4,2,1,6,0,1,1,1,1.0,1.0,60,-135,-910,0,1,0.414,0;
custom,cuboid,wood4,2,1,6,0,1,1,1,1.0,1.0,140,-135,-910,0,1,0.414,0;
custom,cuboid,wood4,2,1,6,0,1,1,1,1.0,1.0,-60,-135,-910,0,1,0.414,0;
custom,cuboid,wood4,2,1,6,0,1,1,1,1.0,1.0,-140,-135,-910,0,1,0.414,0;
custom,cuboid,metal1,40,46,3,0,1,1,1,0.02,0.02,0,15,-735,0,1,0.414,0;
custom,cuboid,wood4,40,20,1,0,1,1,1,1.0,1.0,0,-237.5,-902.5,0,0,0,0;
custom,cuboid,wood4,40,10,2,1,0.5,0.5,0.5,1.0,1.0,0,-52.5,-1039,0,1,-1,0;
custom,cuboid,wood4,40,14,1,0,1,1,1,1.0,1.0,0,-132.5,-1080,0,0,0,0;
custom,cuboid,wood4,1,75,50,0,1,1,1,1.0,1.0,205,-155,-835,0,0,0,0;
custom,cuboid,wood4,1,75,50,0,1,1,1,1.0,1.0,-205,-155,-835,0,0,0,0;
custom,cuboid,wood4,10,1,15,1,0.5,0.5,0.5,1.0,1.0,160,225,-655,0,0,0,0;
custom,cuboid,wood4,10,1,15,1,0.5,0.5,0.5,1.0,1.0,-160,225,-655,0,0,0,0;
custom,cuboid,metal1,42,5,19,0,1,1,1,0.01,0.01,0,-287.5,-990,0,0,0,0;
custom,cuboid,wood4,1,6,26,0,1,1,1,1.0,1.0,-112.5,-232.5,-1180,0,1,0,0.414;
custom,cuboid,wood4,1,6,26,0,1,1,1,1.0,1.0,112.5,-232.5,-1180,0,1,0,-0.414;
custom,cuboid,metal1,2,6,5,0,1,1,1,0.01,1,15,-232.5,-1290,0,0,0,0;
custom,cuboid,metal1,2,6,5,0,1,1,1,0.01,1,-15,-232.5,-1290,0,0,0,0;
custom,cuboid,metal1,40,1,23,0,1,1,1,0.01,0.01,0,-267.5,-1200,0,0,0,0;
custom,cuboid,wood4,40,1,23,1,0.5,0.5,0.5,1,1,0,-197.5,-1200,0,0,0,0;
custom,cuboid,metal1,1,1,40,0,1,1,1,0.01,1,0,-180,-912.5,0,1,0,1;
custom,cuboid,metal1,1,1,40,0,1,1,1,0.01,0.01,0,-190,-922.5,0,1,0,1;
custom,cuboid,metal1,1,1,40,0,1,1,1,0.01,1,0,-200,-932.5,0,1,0,1;
custom,cuboid,metal1,1,1,40,0,1,1,1,0.01,0.01,0,-210,-942.5,0,1,0,1;
custom,cuboid,metal1,1,1,40,0,1,1,1,0.01,1,0,-220,-952.5,0,1,0,1;
custom,cuboid,metal1,1,1,40,0,1,1,1,0.01,0.01,0,-230,-962.5,0,1,0,1;
custom,cuboid,metal1,1,1,40,0,1,1,1,0.01,1,0,-240,-972.5,0,1,0,1;
custom,cuboid,metal1,1,1,40,0,1,1,1,0.01,0.01,0,-250,-982.5,0,1,0,1;
custom,cuboid,metal1,1,1,40,0,1,1,1,0.01,1,0,-260,-992.5,0,1,0,1;
custom,cuboid,metal1,4,0.5,4,0,1,1,1,0.01,1,0,-260,-1105,0,1,0,1;
custom,cuboid,metal1,3,0.5,3,0,1,1,1,1.01,0.01,0,-255,-1105,0,1,0,1;
custom,pillar1,metal1,1,0.25,1,0,1,1,1,0.01,1.0,0,-253.5,-1105,0,0,0,0;
custom,pyramid,crystal1,0.2,-0.1,0.2,0,1,1,1,0.1,0.1,0,-237,-1105,0,0,0,0;
custom,pyramid,crystal1,0.2,0.1,0.2,0,1,1,1,0.1,0.1,0,-233,-1105,0,00,0,0;
custom,capsule,crystal2,0.1,0.1,0.1,0,1,1,1,0.1,0.1,0,-235,-1105,0,0,0,0;
custom,cuboid,metal1,20,1,40,0,1,1,1,0.01,0.01,0,-267.5,-1515,0,0,0,0;
custom,cuboid,wood4,1,6,40,0,1,1,1,1.0,1.0,95,-232.5,-1515,0,0,0,0;
custom,cuboid,wood4,1,6,40,0,1,1,1,1.0,1.0,-95,-232.5,-1515,0,0,0,0;
custom,cuboid,wood4,1,6,8,0,1,1,1,1.0,1.0,-65,-232.5,-1310,0,1,0,1;
custom,cuboid,wood4,1,6,8,0,1,1,1,1.0,1.0,65,-232.5,-1310,0,1,0,1;
custom,pillar1,metal1,1.5,0.5,3,0,1,1,1,0.01,1.0,60,-264,-1370,0,1,0,1;
custom,cannon1,metal1,1.2,1.2,1.2,0,1,1,1,0.01,0.01,62,-233.5,-1371.5,0,-1,0,1;
custom,pillar1,metal1,1.5,0.5,3,0,1,1,1,0.01,1.0,60,-264,-1430,0,1,0,1;
custom,cannon1,metal1,1.2,1.2,1.2,0,1,1,1,0.01,0.01,62,-233.5,-1431.5,0,-1,0,1;
custom,pillar1,metal1,1.5,0.5,3,0,1,1,1,0.01,1.0,60,-264,-1490,0,1,0,1;
custom,cannon1,metal1,1.2,1.2,1.2,0,1,1,1,0.01,0.01,62,-233.5,-1491.5,0,-1,0,1;
custom,pillar1,metal1,1.5,0.5,3,0,1,1,1,0.01,1.0,60,-264,-1550,0,1,0,1;
custom,cannon1,metal1,1.2,1.2,1.2,0,1,1,1,0.01,0.01,62,-233.5,-1551.5,0,-1,0,1;
custom,pillar1,metal1,1.5,0.5,3,0,1,1,1,0.01,1.0,60,-264,-1610,0,1,0,1;
custom,cannon1,metal1,1.2,1.2,1.2,0,1,1,1,0.01,0.01,62,-233.5,-1611.5,0,-1,0,1;
custom,pillar1,metal1,1.5,0.5,3,0,1,1,1,0.01,1.0,-60,-264,-1370,0,1,0,1;
custom,cannon1,metal1,-1.2,1.2,1.2,0,1,1,1,0.01,0.01,-62,-233.5,-1371.5,0,1,0,1;
custom,pillar1,metal1,1.5,0.5,3,0,1,1,1,0.01,1.0,-60,-264,-1430,0,1,0,1;
custom,cannon1,metal1,-1.2,1.2,1.2,0,1,1,1,0.01,0.01,-62,-233.5,-1431.5,0,1,0,1;
custom,pillar1,metal1,1.5,0.5,3,0,1,1,1,0.01,1.0,-60,-264,-1490,0,1,0,1;
custom,cannon1,metal1,-1.2,1.2,1.2,0,1,1,1,0.01,0.01,-62,-233.5,-1491.5,0,1,0,1;
custom,pillar1,metal1,1.5,0.5,3,0,1,1,1,0.01,1.0,-60,-264,-1550,0,1,0,1;
custom,cannon1,metal1,-1.2,1.2,1.2,0,1,1,1,0.01,0.01,-62,-233.5,-1551.5,0,1,0,1;
custom,pillar1,metal1,1.5,0.5,3,0,1,1,1,0.01,1.0,-60,-264,-1610,0,1,0,1;
custom,cannon1,metal1,-1.2,1.2,1.2,0,1,1,1,0.01,0.01,-62,-233.5,-1611.5,0,1,0,1;
custom,pillar1,metal1,3,0.5,3,0,1,1,1,0.01,1.0,0,-264,-1670,0,1,0,1;
custom,sphere,metal1,1.6,2,1.6,0,1,1,1,1.0,1.0,0,-224,-1670,0,0,0,0;
custom,cuboid,metal1,20,4,10,0,1,1,1,0.01,0.01,0,-282.5,-1765,0,0,0,0;
custom,cuboid,metal1,20,4,10,0,1,1,1,0.01,0.01,0,-322.5,-1865,0,0,0,0;
custom,cuboid,metal1,20,4,10,0,1,1,1,0.01,0.01,0,-362.5,-1965,0,0,0,0;
custom,cuboid,metal1,20,4,10,0,1,1,1,0.01,0.01,0,-402.5,-2065,0,0,0,0;
custom,cuboid,metal1,8,16,40,0,1,1,1,0.01,1,140,-342.5,-1915,0,0,0,0;
custom,cuboid,metal1,8,16,40,0,1,1,1,0.01,1,-140,-342.5,-1915,0,0,0,0;
custom,cuboid,wood4,20,1,39,1,0.5,0.5,0.5,1.0,1.0,0,-197.5,-1510,0,0,0,0;
custom,cylinder,wood4,5,3,5,0,1,1,1,1.0,1.0,115,-232.5,-1715,0,0,0,0;
custom,cylinder,wood4,5,3,5,0,1,1,1,1.0,1.0,-115,-232.5,-1715,0,0,0,0;
custom,cuboid,wood4,1,6,6.5,0,1,1,1,1.0,1.0,147.5,-232.5,-1735,0,1,0,1;
custom,cuboid,wood4,1,6,6.5,0,1,1,1,1.0,1.0,-147.5,-232.5,-1735,0,1,0,1;
custom,cuboid,metal1,1,20,40,0,1,1,1,0.01,1.0,175,-162.5,-1915,0,0,0,0;
custom,cuboid,metal1,1,20,40,0,1,1,1,0.01,1.0,-175,-162.5,-1915,0,0,0,0;
custom,cuboid,metal1,1,14,36,0,1,1,1,0.01,1.0,0,-132.5,-1710,0,1,0,1;
custom,cuboid,metal1,2,1,4,0,1,1,1,0.01,0.01,-150,-197.5,-1720,0,1,0,1;
custom,cuboid,metal1,2,1,4,0,1,1,1,0.01,0.01,150,-197.5,-1720,0,1,0,1;
custom,cone,metal1,1,0.5,1,0,1,1,1,0.01,0.01,-130,-257,-2090.5,0,0,0,0;
custom,cone,metal1,1,-0.5,1,0,1,1,1,0.01,0.01,-130,-68,-2090.5,0,0,0,0;
custom,cylinder,metal1,1.75,10,1.75,0,1,1,1,0.01,1,-132.5,-162.5,-2090,0,0,0,0;
custom,cone,metal1,1,0.5,1,0,1,1,1,0.01,0.01,-130,-257,-1990.5,0,0,0,0;
custom,cone,metal1,1,-0.5,1,0,1,1,1,0.01,0.01,-130,-68,-1990.5,0,0,0,0;
custom,cylinder,metal1,1.75,10,1.75,0,1,1,1,0.01,1,-132.5,-162.5,-1990,0,0,0,0;
custom,cone,metal1,1,0.5,1,0,1,1,1,0.01,0.01,-130,-257,-1890.5,0,0,0,0;
custom,cone,metal1,1,-0.5,1,0,1,1,1,0.01,0.01,-130,-68,-1890.5,0,0,0,0;
custom,cylinder,metal1,1.75,10,1.75,0,1,1,1,0.01,1,-132.5,-162.5,-1890,0,0,0,0;
custom,cone,metal1,1,0.5,1,0,1,1,1,0.01,0.01,-130,-257,-1790.5,0,0,0,0;
custom,cone,metal1,1,-0.5,1,0,1,1,1,0.01,0.01,-130,-68,-1790.5,0,0,0,0;
custom,cylinder,metal1,1.75,10,1.75,0,1,1,1,0.01,1,-132.5,-162.5,-1790,0,0,0,0;
custom,cone,metal1,-1,0.5,1,0,1,1,1,0.01,0.01,130,-257,-2090.5,0,0,0,0;
custom,cone,metal1,-1,-0.5,1,0,1,1,1,0.01,0.01,130,-68,-2090.5,0,0,0,0;
custom,cylinder,metal1,1.75,10,1.75,0,1,1,1,0.01,1,132.5,-162.5,-2090,0,0,0,0;
custom,cone,metal1,-1,0.5,1,0,1,1,1,0.01,0.01,130,-257,-1990.5,0,0,0,0;
custom,cone,metal1,-1,-0.5,1,0,1,1,1,0.01,0.01,130,-68,-1990.5,0,0,0,0;
custom,cylinder,metal1,1.75,10,1.75,0,1,1,1,0.01,1,132.5,-162.5,-1990,0,0,0,0;
custom,cone,metal1,-1,0.5,1,0,1,1,1,0.01,0.01,130,-257,-1890.5,0,0,0,0;
custom,cone,metal1,-1,-0.5,1,0,1,1,1,0.01,0.01,130,-68,-1890.5,0,0,0,0;
custom,cylinder,metal1,1.75,10,1.75,0,1,1,1,0.01,1,132.5,-162.5,-1890,0,0,0,0;
custom,cone,metal1,-1,0.5,1,0,1,1,1,0.01,0.01,130,-257,-1790.5,0,0,0,0;
custom,cone,metal1,-1,-0.5,1,0,1,1,1,0.01,0.01,130,-68,-1790.5,0,0,0,0;
custom,cylinder,metal1,1.75,10,1.75,0,1,1,1,0.01,1,132.5,-162.5,-1790,0,0,0,0;
custom,statue1,metal1,0.1,4,4,0,1,1,1,0.1,0.1,82.5,-170,-1720,0,1,0,-1;
custom,statue1,metal1,0.1,4,-4,0,1,1,1,0.1,0.1,-82.5,-170,-1720,0,1,0,-1;
custom,cuboid,metal1,36,4,41,0,1,1,1,0.01,1.0,0,-42.5,-1910,0,0,0,0;
custom,cuboid,earth1,1000,1,1000,0,1,1,1,8,8,0,-4.75,4280,0,0,0,0;
custom,boulder5,rock3,10,50,100,0,1,1,1,8,8,-780,-455,-1650,0,1,0,-1;
custom,boulder5,rock3,10,50,-100,0,1,1,1,8,8,827.5,-455,-1650,0,1,0,1;
custom,boulder5,rock3,10,30,-100,0,1,1,1,8,8,0,-150,-1600,0,1,0,1;
custom,cuboid,earth1,1000,10,1000,0,1,1,1,16,16,0,-472.5,-6340,0,0,0,0;
custom,cuboid,metal1,2,5,4,0,1,1,1,0.01,0.01,0,-397.5,-2469,0,0,0,0;
custom,tube,metal1,10,5,10,0,1,1,1,1,1,-2.5,-313,-2470,0,1,1,0;
custom,startTube,default,10,64.5,10,0,1,1,1,1.0,1.0,-2.5,-313,-2730.5,0,1,1,0;
custom,cuboid,metal1,2,5,4,0,1,1,1,0.01,0.01,0,-397.5,-2969,0,0,0,0;
custom,tube,metal1,10,5,10,0,1,1,1,1,1,-2.5,-313,-2970,0,1,1,0;
custom,cuboid,metal1,2,8,4,0,1,1,1,0.01,0.01,0,-397.5,-3009,0,0,0,0;
custom,tube,metal1,7.5,5,7.5,0,1,1,1,1,1,-2.5,-313,-3010,0,1,1,0;
custom,startTube,default,7.5,64.5,7.5,0,1,1,1,1.0,1.0,-2.5,-313,-3270.5,0,1,1,0;
custom,cuboid,metal1,2,8,4,0,1,1,1,0.01,0.01,0,-397.5,-3509,0,0,0,0;
custom,tube,metal1,7.5,5,7.5,0,1,1,1,1,1,-2.5,-313,-3510,0,1,1,0;
custom,cuboid,metal1,2,11,4,0,1,1,1,0.01,0.01,0,-397.5,-3549,0,0,0,0;
custom,tube,metal1,5,5,5,0,1,1,1,1,1,-2.5,-313,-3550,0,1,1,0;
custom,startTube,default,5,64.5,5,0,1,1,1,1.0,1.0,-2.5,-313,-3810.5,0,1,1,0;
custom,cuboid,metal1,2,11,2,0,1,1,1,0.01,0.01,-2,-397.5,-4040,0,0,0,0;
custom,tube,metal1,5,5,5,0,1,1,1,1,1,-2.5,-313,-4050,0,1,1,0;
custom,cuboid,metal1,8,10,8,0,1,1,1,0.01,0.01,-140,-372.5,-2170,0,1,0,1;
custom,cuboid,metal1,8,10,8,0,1,1,1,0.01,0.01,140,-372.5,-2170,0,1,0,1;
custom,statue2,metal1,3,3,3,0,1,1,1,0.11,0.11,-140,-325,-2170,0,1,0,0;
custom,statue2,metal1,3,3,3,0,1,1,1,0.11,0.11,140,-325,-2170,0,1,0,0;
custom,tube,metal1,5,5,5,0,1,1,1,1,1,-2.5,-313,-4050,0,1,1,0;
//racing,endCylinder,5,2,5,-2.5,-313,-4050,0,1,1,0;
custom,endCylinder,default,5,2,5,0,1,1,1,1.0,1.0,-2.5,-313,-4050,0,1,1,0;
racing,endCuboid,5,5,1.1,0,-313,-4050,0,0,0,0;
racing,killTube,4,1,4,-2.5,-313,-4025,0,1,1,0;
custom,tube,brick2,7,2,7,0,1,1,1,1,1,-2.5,-313,-4050,0,1,1,0;
custom,tube,brick2,10,2,10,0,1,1,1,1,1,-2.5,-313,-4050,0,1,1,0;
custom,tube,brick2,14.5,2,14.5,0,1,1,1,1,1,-2.5,-313,-4050,0,1,1,0;
custom,cuboid,brick2,1,100,1000,0,1,1,1,32.0,8.0,-5040,-190,-4050,0,1,0,1;
custom,cuboid,brick2,1,100,1000,0,1,1,1,32.0,8.0,5040,-190,-4050,0,1,0,1;
custom,cuboid,brick2,1,10,8,0,1,1,1,1.0,1.0,0,-395,-4050,0,1,0,1;
custom,cuboid,brick2,8,60,1,0,1,1,1,0.5,4.0,0,10,-4050,0,0,0,0;
custom,cuboid,grass4,1000,2,1000,0,1,1,1,32,32,0,-420,-9050,0,0,0,0;
spawnpoint,titan,-240,-385,-3420,0,0,0,0;
spawnpoint,titan,-115,-385,-3915,0,0,0,0;
spawnpoint,titan,285,-385,-3905,0,0,0,0;
spawnpoint,titan,135,-385,-3605,0,0,0,0;
spawnpoint,titan,205,-385,-3290,0,0,0,0;
spawnpoint,titan,220,-385,-29857,0,0,0,0;
spawnpoint,titan,-280,-385,-2790,0,0,0,0;
spawnpoint,titan,-335,-385,-3865,0,0,0,0;
spawnpoint,titan,310,-385,-3735,0,0,0,0;
photon,spawnJumper,30,0,220,-390,-3955,0,0,0,0;
photon,spawnJumper,30,0,205,-390,-3775,0,0,0,0;
photon,spawnJumper,30,0,-260,-390,-3925,0,0,0,0;
photon,spawnJumper,30,0,-215,-390,-3685,0,0,0,0;
photon,spawnCrawler,30,0,-15,-390,-3335,0,0,0,0;
photon,spawnCrawler,30,0,-20,-390,-2795,0,0,0,0;
misc,barrier,1,5,50,-255,110,-52.5,0,0,0,0;
misc,barrier,1,5,50,255,110,-52.5,0,0,0,0;
misc,barrier,50,2,150,0,410,355,0,0,0,0;
racing,startCuboid,2,2,0.25,17.5,12.5,1,0,0,0,0;
racing,startCuboid,2,2,0.25,-17.5,12.5,1,0,0,0,0;
racing,startCuboid,2,2,0.25,17.5,47.5,1,0,0,0,0;
racing,startCuboid,2,2,0.25,-17.5,47.5,1,0,0,0,0;
spawnpoint,playerC,-17.5,2,-92.5,0,0,0,0;
spawnpoint,playerC,17.5,2,-92.5,0,0,0,0;
spawnpoint,playerC,-17.5,36.5,-92.5,0,0,0,0;
spawnpoint,playerC,17.5,36.5,-92.5,0,0,0,0;
custom,cuboid,metal1,2,3.5,1.5,0,1,1,1,0.01,0.01,0,-392.5,-4550,0,0,0,0;
custom,cuboid,brick2,2,2.5,1.5,0,1,1,1,0.01,0.01,20,-397.5,-4550,0,0,0,0;
custom,cuboid,stone7,2,1.5,1.5,0,1,1,1,0.01,0.01,-20,-402.5,-4550,0,0,0,0;
custom,cuboid,metal3,2,0.1,1.5,0,1,1,1,0.01,0.01,0,-374.5,-4550,0,0,0,0;
custom,cuboid,metal3,2,0.1,1.5,0,1,1,1,0.01,0.01,-20,-394.5,-4550,0,0,0,0;
custom,cuboid,metal3,2,0.1,1.5,0,1,1,1,0.01,0.01,20,-384.5,-4550,0,0,0,0;
custom,cuboid,stone3,20,1,70,0,1,1,1,2.0,4,0,-414.5,-4400,0,0,0,0;
custom,house8,default,3,3,2,0,1,1,1,1.0,4,125,-360,-4100,0,1,0,1;
custom,house8,default,3,3,2,0,1,1,1,1.0,4,125,-360,-4200,0,1,0,1;
custom,house8,default,3,3,2,0,1,1,1,1.0,4,125,-360,-4300,0,1,0,1;
custom,house8,default,3,3,2,0,1,1,1,1.0,4,125,-360,-4400,0,1,0,1;
custom,house8,default,3,3,2,0,1,1,1,1.0,4,125,-360,-4500,0,1,0,1;
custom,house8,default,3,3,2,0,1,1,1,1.0,4,125,-360,-4600,0,1,0,1;
custom,house8,default,3,3,2,0,1,1,1,1.0,4,125,-360,-4700,0,1,0,1;
custom,house8,default,3,3,-2,0,1,1,1,1.0,4,-125,-360,-4100,0,1,0,1;
custom,house8,default,3,3,-2,0,1,1,1,1.0,4,-125,-360,-4200,0,1,0,1;
custom,house8,default,3,3,-2,0,1,1,1,1.0,4,-125,-360,-4300,0,1,0,1;
custom,house8,default,3,3,-2,0,1,1,1,1.0,4,-125,-360,-4400,0,1,0,1;
custom,house8,default,3,3,-2,0,1,1,1,1.0,4,-125,-360,-4500,0,1,0,1;
custom,house8,default,3,3,-2,0,1,1,1,1.0,4,-125,-360,-4600,0,1,0,1;
custom,house8,default,3,3,-2,0,1,1,1,1.0,4,-125,-360,-4700,0,1,0,1;
custom,house8,default,3,3,2,0,1,1,1,1.0,4,0,-360,-4780,0,1,0,0;
custom,house8,default,3,3,2,0,1,1,1,1.0,4,99,-360,-4780,0,1,0,0;
custom,house8,default,3,3,2,0,1,1,1,1.0,4,-99,-360,-4780,0,1,0,0;
custom,house8,default,4,1.5,1.5,0,1,1,1,1.0,4,0,-277.5,-4775,0,1,0,0;
custom,house8,default,3,1,1,0,1,1,1,1.0,4,0,-233,-4770,0,1,0,0;
custom,cuboid,stone4,1,0.2,1.75,1,0.5,0.5,0.5,0.01,0.01,-1,-236,-4750,0,1,0,1;
custom,tree2,default,2,2.5,2,0,1,1,1,1.0,4,300,-242,-4160,0,0,0,0;
custom,tree2,default,2,2.5,2,0,1,1,1,1.0,4,300,-242,-4360,0,0,0,0;
custom,tree2,default,2,2.5,2,0,1,1,1,1.0,4,300,-242,-4560,0,0,0,0;
custom,tree2,default,2,2.5,2,0,1,1,1,1.0,4,300,-242,-4760,0,0,0,0;
custom,tree2,default,-2,2.5,2,0,1,1,1,1.0,4,-300,-242,-4160,0,0,0,0;
custom,tree2,default,-2,2.5,2,0,1,1,1,1.0,4,-300,-242,-4360,0,0,0,0;
custom,tree2,default,-2,2.5,2,0,1,1,1,1.0,4,-300,-242,-4560,0,0,0,0;
custom,tree2,default,-2,2.5,2,0,1,1,1,1.0,4,-300,-242,-4760,0,0,0,0;
custom,tree2,default,2.5,3,2.5,0,1,1,1,1.0,4,200,-210,-4960,0,0,0,0;
custom,tree2,default,-2.5,3,2.5,0,1,1,1,1.0,4,-200,-210,-4960,0,0,0,0;
custom,tree2,default,3,4,3,0,1,1,1,1.0,4,0,-140,-5100,0,0,0,0;
custom,tree2,default,-3,4,3,0,1,1,1,1.0,4,0,-140,-5100,0,1,0,1;
custom,tree2,default,3,4,3,0,1,1,1,1.0,4,0,-140,-5100,0,1,0,0.414;
custom,tree2,default,-3,4,3,0,1,1,1,1.0,4,0,-140,-5100,0,1,0,-0.414;
custom,cuboid,grass2,6,1,49.5,1,0.75,0,0,1.0,4,0,-413.25,-4295,0,0,0,0;
custom,cuboid,ice1,0.3,0.1,0.1,0,1,1,1,1.0,4,-20,-405,-4542.5,0,0,0,0;
custom,cuboid,ice1,0.3,0.1,0.1,0,1,1,1,1.0,4,-20,-402,-4542.5,0,0,0,0;
custom,cuboid,ice1,0.3,0.1,0.1,0,1,1,1,1.0,4,-20,-399,-4542.5,0,0,0,0;
custom,cuboid,ice1,0.1,0.7,0.1,0,1,1,1,1.0,4,-22,-402,-4542.5,0,0,0,0;
custom,cuboid,ice1,0.4,0.1,0.1,0,1,1,1,1.0,4,19.5,-400,-4542.5,0,0,0,0;
custom,cuboid,ice1,0.3,0.1,0.1,0,1,1,1,1.0,4,20,-397,-4542.5,0,0,0,0;
custom,cuboid,ice1,0.4,0.1,0.1,0,1,1,1,1.0,4,20.5,-394,-4542.5,0,0,0,0;
custom,cuboid,ice1,0.1,0.4,0.1,0,1,1,1,1.0,4,22,-398.5,-4542.5,0,0,0,0;
custom,cuboid,ice1,0.1,0.4,0.1,0,1,1,1,1.0,4,18,-395.5,-4542.5,0,0,0,0;
custom,cuboid,ice1,0.1,0.7,0.1,0,1,1,1,1.0,4,0,-391,-4542.5,0,0,0,0;
custom,cuboid,ice1,0.5,0.1,0.1,0,1,1,1,1.0,4,0,-395,-4542.5,0,0,0,0;
custom,cuboid,ice1,0.1,0.5,0.1,0,1,1,1,1.0,4,1.9,-389.61,-4542.5,-0.414,1,0,0;
custom,cylinder,metal1,1,25,1,0,1,1,1,0.01,4,0,50,-800,-0.5,0.5,0.5,0.5;
custom,cylinder,metal1,1,12,1,0,1,1,1,0.01,4,0,50,-800,0,1,1,0;
custom,cylinder,metal1,1,12,1,0,1,1,1,0.01,4,50,50,-800,0,1,1,0;
custom,cylinder,metal1,1,12,1,0,1,1,1,0.01,4,100,50,-800,0,1,1,0;
custom,cylinder,metal1,1,12,1,0,1,1,1,0.01,4,150,50,-800,0,1,1,0;
custom,cylinder,metal1,1,12,1,0,1,1,1,0.01,4,200,50,-800,0,1,1,0;
custom,cylinder,metal1,1,12,1,0,1,1,1,0.01,4,-50,50,-800,0,1,1,0;
custom,cylinder,metal1,1,12,1,0,1,1,1,0.01,4,-100,50,-800,0,1,1,0;
custom,cylinder,metal1,1,12,1,0,1,1,1,0.01,4,-150,50,-800,0,1,1,0;
custom,cylinder,metal1,1,12,1,0,1,1,1,0.01,4,-200,50,-800,0,1,1,0;
custom,cylinder,metal1,1,12,1,0,1,1,1,0.01,4,0,50,-800,0,0,0,0;
custom,cylinder,metal1,1,12,1,0,1,1,1,0.01,4,50,50,-800,0,0,0,0;
custom,cylinder,metal1,1,12,1,0,1,1,1,0.01,4,100,50,-800,0,0,0,0;
custom,cylinder,metal1,1,12,1,0,1,1,1,0.01,4,150,50,-800,0,0,0,0;
custom,cylinder,metal1,1,12,1,0,1,1,1,0.01,4,200,50,-800,0,0,0,0;
custom,cylinder,metal1,1,12,1,0,1,1,1,0.01,4,-50,50,-800,0,0,0,0;
custom,cylinder,metal1,1,12,1,0,1,1,1,0.01,4,-100,50,-800,0,0,0,0;
custom,cylinder,metal1,1,12,1,0,1,1,1,0.01,4,-150,50,-800,0,0,0,0;
custom,cylinder,metal1,1,12,1,0,1,1,1,0.01,4,-200,50,-800,0,0,0,0;
custom,pillar1,metal1,1.5,0.3,2,0,1,1,1,0.01,1.0,0,79,-170,0,0,0,0;
custom,statue1,metal1,1,1,1,0,1,1,1,0.01,0.01,-1,95,-172.5,0,1,0,-1;
custom,statue1,metal1,-1,1,1,0,1,1,1,0.01,0.01,1,95,-172.5,0,1,0,1;
custom,pillar1,metal1,3,0.75,3,0,1,1,1,0.01,1.0,0,158,-55,0,0,0,1;
custom,statue1,metal1,2,2,2,0,1,1,1,0.01,0.01,1.75,201.5,-54,0,1,0,0.414;
custom,statue1,metal1,-2,2,2,0,1,1,1,0.01,0.01,-1.75,201.5,-54,0,1,0,-0.414;
custom,pillar1,metal1,3,1.5,3,0,1,1,1,0.01,1.0,-92.5,132.5,715,0,0,0,0;
custom,statue2,metal1,1.6,1.6,1.6,0,1,1,1,0.11,0.11,-92,218,714,0,-1,0,-0.414;
custom,pillar1,metal1,3,1.5,3,0,1,1,1,0.01,1.0,92.5,132.5,715,0,0,0,0;
custom,statue2,metal1,1.6,1.6,1.6,0,1,1,1,0.11,0.11,92,218,714,0,1,0,-0.414;
custom,endCuboid,default,2,0.5,0.2,0,1,1,1,1.0,1.0,0,40,-571.5,0,0,0,0;
custom,endPrism,default,1,0.2,1.5,0,1,1,1,1.0,1.0,16,40,-571.5,-0.5,0.5,0.5,-0.5;
custom,endPrism,default,1,0.2,-1.5,0,1,1,1,1.0,1.0,-16,40,-571.5,-0.5,0.5,0.5,-0.5;
custom,endCuboid,default,2,0.5,0.2,0,1,1,1,1.0,1.0,0,30,247.5,0,0,0,0;
custom,endPrism,default,1,0.2,1.5,0,1,1,1,1.0,1.0,16,30,247.5,-0.5,0.5,0.5,-0.5;
custom,endPrism,default,1,0.2,-1.5,0,1,1,1,1.0,1.0,-16,30,247.5,-0.5,0.5,0.5,-0.5;
custom,endCuboid,default,2,0.5,0.2,0,1,1,1,1.0,1.0,0,260,877.5,0,0,0,0;
custom,endPrism,default,1,0.2,1.5,0,1,1,1,1.0,1.0,16,260,877.5,-0.5,0.5,0.5,-0.5;
custom,endPrism,default,1,0.2,-1.5,0,1,1,1,1.0,1.0,-16,260,877.5,-0.5,0.5,0.5,-0.5;
custom,endCuboid,default,2,0.5,0.2,0,1,1,1,1.0,1.0,0,195,-75,0,0,0,0;
custom,endPrism,default,1,0.2,1.5,0,1,1,1,1.0,1.0,16,195,-75,-0.5,0.5,0.5,-0.5;
custom,endPrism,default,1,0.2,-1.5,0,1,1,1,1.0,1.0,-16,195,-75,-0.5,0.5,0.5,-0.5;
custom,endCuboid,default,2,0.5,0.2,0,1,1,1,1.0,1.0,0,120,-180,0,1,0,1;
custom,endPrism,default,1,0.2,1.5,0,1,1,1,1.0,1.0,0,120,-196,0,0,1,-1;
custom,endCuboid,default,2,0.5,0.2,0,1,1,1,1.0,1.0,0,365,530,0,1,0,1;
custom,endPrism,default,1,0.2,1.5,0,1,1,1,1.0,1.0,0,365,514,0,0,1,-1;
custom,endCuboid,default,0.5,5,0.2,0,1,1,1,1.0,1.0,-1,-202.5,-2450,0,0,0,0;
custom,endPrism,default,2,0.2,3,0,1,1,1,1.0,1.0,-1,-240,-2450,-1,0,0,1;

//extra checkpoints;
racing,checkpointCuboid,2,6,2,0,30,-512.5,0,1,0,0;
racing,checkpointCuboid,2,6,2,0,110,-490,0,1,0,0;
racing,checkpointCuboid,5,0.5,5,0,207.5,812.5,0,1,0,0;
racing,checkpointCuboid,1,6,3,0,-232.5,-1280,0,1,0,0;
//spawn hub;
misc,region,MC,2147483647,2147483647,2147483647,0,0,0,0,0,0,1;
//unregistered magenta player area;
spawnpoint,playerM,0,-10185,-185,0,0,0,1;
misc,barrier,14,1.5,20,0,-10077.5,-110,0,1,0,0;
custom,cuboid,metal4,14,1.5,20,1,1,0,1,1.4,2,0,-10192.5,-110,0,1,0,0;
custom,cuboid,metal4,20,13,1.5,0,1,1,1,2,1.3,-62.5,-10135,-110,0,0.7070168,0,0.7070168;
custom,cuboid,metal4,20,13,1.5,0,1,1,1,2,1.3,62.5,-10135,-110,0,0.7070168,0,0.7070168;
custom,cuboid,metal4,14,13,1.5,0,1,1,1,1.4,1.3,0,-10135,-202.5,0,1,0,0;
custom,cuboid,bombexplosiontex,14,13,1.5,1,1,1,1,999999,999999,0,-10135,-17.5,0,1,0,0;
//titan cage;
//photon,spawnTitan,0,0,0,-10184,-80,0,1,0,0;
custom,cuboid,metal4,3.5,0.5,0.5,0,1,1,1,0.35,0.05,0,-10155,-95,0,0,0,-1;
custom,cuboid,metal4,3.5,0.5,0.5,0,1,1,1,0.35,0.05,-15,-10155,-80,0,0.7070168,0,0.7070168;
custom,cuboid,metal4,3.5,0.5,0.5,0,1,1,1,0.35,0.05,0,-10155,-65,0,1,0,0;
custom,cuboid,metal4,3.5,0.5,0.5,0,1,1,1,0.35,0.05,15,-10155,-80,0,0.7070168,0,0.7070168;
//registered magenta player area;
//spawnpoint,playerM,0,-10135,15,0,0,0,1;
misc,barrier,38,1.5,22.5,0,-10077.5,92.5,0,1,0,0;
custom,cuboid,metal4,38,1.5,22.5,1,1,0,1,3.8,2.25,0,-10192.5,92.5,0,1,0,0;
custom,cuboid,metal4,11.9,13,1.6,0,1,1,1,1.19,1.3,-115,-10135,-17.5,0,1,0,0;
custom,cuboid,metal4,11.9,13,1.6,0,1,1,1,1.19,1.3,115,-10135,-17.5,0,1,0,0;
custom,cuboid,metal4,4.5,13,10.5,0,1,1,1,1.05,1.3,-180,-10135,27.5,0,1,0,0;
custom,cuboid,metal4,4.5,13,4.5,0,1,1,1,0.45,1.3,-150,-10135,87.5,0,1,0,0;
custom,cuboid,metal4,4.5,13,4.5,0,1,1,1,0.45,1.3,-120,-10135,117.5,0,1,0,0;
custom,cuboid,metal4,4.5,13,4.5,0,1,1,1,0.45,1.3,-90,-10135,147.5,0,1,0,0;
custom,cuboid,metal4,4.5,13,4.5,0,1,1,1,0.45,1.3,-60,-10135,177.5,0,1,0,0;
custom,cuboid,metal4,10.5,13,4.5,0,1,1,1,1.05,1.3,0,-10135,207.5,0,1,0,0;
custom,cuboid,metal4,1.5,13,1.5,0,1,1,1,0.15,1.3,0,-10135,177.5,0,1,0,0;
custom,cuboid,metal4,4.5,13,10.5,0,1,1,1,1.05,1.3,180,-10135,27.5,0,1,0,0;
custom,cuboid,metal4,4.5,13,4.5,0,1,1,1,0.45,1.3,150,-10135,87.5,0,1,0,0;
custom,cuboid,metal4,4.5,13,4.5,0,1,1,1,0.45,1.3,120,-10135,117.5,0,1,0,0;
custom,cuboid,metal4,4.5,13,4.5,0,1,1,1,0.45,1.3,90,-10135,147.5,0,1,0,0;
custom,cuboid,metal4,4.5,13,4.5,0,1,1,1,0.45,1.3,60,-10135,177.5,0,1,0,0;
custom,cuboid,metal4,1.5,6,1.5,1,1,0,1,0.15,0.6,0,-10170,15,0,1,0,0;
custom,cuboid,metal4,1.5,1.5,1.5,1,1,0,1,0.15,0.15,0,-10142.5,15,0,1,0,0;
//region boxes;
//white;
custom,killCuboid,bombexplosiontex,1.6,13,1.6,0,1,1,1,999999,999999,-150,-10135,57.5,0,1,0,0;
custom,killCuboid,bombexplosiontex,1.6,13,1.6,0,1,1,1,999999,999999,-150,-10135,57.5,0,1,0,0;
//red;
custom,killCuboid,bombexplosiontex,1.6,13,1.6,1,1,0,0,999999,999999,-120,-10135,87.5,0,1,0,0;
custom,killCuboid,bombexplosiontex,1.6,13,1.6,1,1,0,0,999999,999999,-120,-10135,87.5,0,1,0,0;
//orange;
custom,killCuboid,bombexplosiontex,1.6,13,1.6,1,1,0.6666667,0,999999,999999,-90,-10135,117.5,0,1,0,0;
custom,killCuboid,bombexplosiontex,1.6,13,1.6,1,1,0.6666667,0,999999,999999,-90,-10135,117.5,0,1,0,0;
//yellow;
custom,killCuboid,bombexplosiontex,1.6,13,1.6,1,0.6666667,1,0,999999,999999,-60,-10135,147.5,0,1,0,0;
custom,killCuboid,bombexplosiontex,1.6,13,1.6,1,0.6666667,1,0,999999,999999,-60,-10135,147.5,0,1,0,0;
//green;
custom,killCuboid,bombexplosiontex,1.6,13,1.6,1,0,1,0,999999,999999,-30,-10135,177.5,0,1,0,0;
custom,killCuboid,bombexplosiontex,1.6,13,1.6,1,0,1,0,999999,999999,-30,-10135,177.5,0,1,0,0;
//cyan;
custom,killCuboid,bombexplosiontex,1.6,13,1.6,1,0,1,1,999999,999999,30,-10135,177.5,0,1,0,0;
custom,killCuboid,bombexplosiontex,1.6,13,1.6,1,0,1,1,999999,999999,30,-10135,177.5,0,1,0,0;
//blue;
//custom,killCuboid,bombexplosiontex,1.6,13,1.6,1,0,0,1,999999,999999,60,-10135,147.5,0,1,0,0;
//custom,killCuboid,bombexplosiontex,1.6,13,1.6,1,0,0,1,999999,999999,60,-10135,147.5,0,1,0,0;
//indigo;
//custom,killCuboid,bombexplosiontex,1.6,13,1.6,1,0.6666667,0,1,999999,999999,90,-10135,117.5,0,1,0,0;
//custom,killCuboid,bombexplosiontex,1.6,13,1.6,1,0.6666667,0,1,999999,999999,90,-10135,117.5,0,1,0,0;
//violet;
//custom,killCuboid,bombexplosiontex,1.6,13,1.6,1,1,0,0.6666667,999999,999999,120,-10135,87.5,0,1,0,0;
//custom,killCuboid,bombexplosiontex,1.6,13,1.6,1,1,0,0.6666667,999999,999999,120,-10135,87.5,0,1,0,0;
//black;
//custom,killCuboid,bombexplosiontex,1.6,13,1.6,1,0,0,0,999999,999999,150,-10135,57.5,0,1,0,0;
//custom,killCuboid,bombexplosiontex,1.6,13,1.6,1,0,0,0,999999,999999,150,-10135,57.5,0,1,0,0;