map,disablebounds;
custom,cuboid,stone3,800,1,800,0,1,1,1,96.0,96.0,0,-4,0,0,0,0,0;
custom,cuboid,grass,160,1,400,1,0,0.4,0,16,16,-200,-3.4,-3050,0,0,0,0;
custom,house9,brick1,1,1,2,0,1,1,1,2,2,0,40,-525,0,0,0,0;
custom,cylinder,stone3,14,0.1,14,0,1,1,1,1.0,1.0,0,1,-500,0,0,0,0;
custom,cylinder,stone6,13,0.1,13,0,1,1,1,1.0,1.0,0,3,-500,0,0,0,0;
custom,cylinder,stone3,12,0.1,12,0,1,1,1,1.0,1.0,0,5,-500,0,0,0,0;
custom,cylinder,stone6,11,0.1,11,0,1,1,1,1.0,1.0,0,7,-500,0,0,0,0;
custom,cylinder,stone3,10,0.1,10,0,1,1,1,1.0,1.0,0,9,-500,0,0,0,0;
custom,cylinder,stone6,9,0.1,9,0,1,1,1,1.0,1.0,0,11,-500,0,0,0,0;
custom,cylinder,stone3,8,0.1,8,0,1,1,1,1.0,1.0,0,13,-500,0,0,0,0;
custom,cylinder,stone6,7,0.1,7,0,1,1,1,1.0,1.0,0,15,-500,0,0,0,0;
custom,cylinder,stone3,6,0.1,6,0,1,1,1,1.0,1.0,0,17,-500,0,0,0,0;
custom,cylinder,stone6,5,0.1,5,0,1,1,1,1.0,1.0,0,19,-500,0,0,0,0;
custom,cuboid,wood1,3.9,0.2,7.9,0,1,1,1,1,1,0,19.5,-524,0,0,0,-0;
custom,cuboid,stone6,6,2,4,0,1,1,1,1.0,1.0,0,10,-535,0,1,0,1;
custom,cuboid,brick1,6,6,4,0,1,1,1,1.0,1.0,0,30,-595,0,1,0,-1;
custom,cuboid,brick2,2,10,40,0,1,1,1,4.0,1.0,0,50,-620,0,1,0,1;
custom,cuboid,brick2,2,10,50,0,1,1,1,4.0,1.0,210,50,-380,0,0,0,0;
custom,cuboid,brick2,2,10,50,0,1,1,1,4.0,1.0,-210,50,-380,0,0,0,0;
custom,cuboid,brick2,2,10,18,0,1,1,1,1.0,1.0,130,50,-120,0,1,0,1;
custom,cuboid,brick2,2,10,18,0,1,1,1,1.0,1.0,-130,50,-120,0,1,0,1;
custom,tower5,default,2,1.5,2,0,1,1,1,1.0,1.0,-51.5,-0.1,-120,0,0,0,0;
custom,tower5,default,2,1.5,2,0,1,1,1,1.0,1.0,51.5,-0.1,-120,0,0,0,0;
custom,tower4,default,0.75,0.75,0.75,0,1,1,1,1.0,1.0,-1,38,-120,0,1,0,0;
custom,prism,brick1,2,52,1.5,0,1,1,1,1.0,8,210.25,106,-380,0,1,-1,0;
custom,prism,brick1,2,52,1.5,0,1,1,1,1.0,8,-209.75,106,-380,0,-1,1,0;
custom,prism,brick1,2,44,1.5,0,1,1,1,1.0,8,10,106,-620,0.5,0.5,-0.5,0.5;
custom,prism,brick1,2,15,1.5,0,1,1,1,1.0,8,138,106,-120,0.5,0.5,-0.5,0.5;
custom,prism,brick1,2,15,1.5,0,1,1,1,1.0,8,-132,106,-120,0.5,0.5,-0.5,0.5;
custom,cylinder,bark,0.05,0.2,0.05,0,1,1,1,1,1,13,22.5,-547.5,0,0,0,0;
custom,cylinder,bark,0.05,0.2,0.05,0,1,1,1,1,1,3,22.5,-547.5,0,0,0,0;
custom,cylinder,bark,0.05,0.2,0.05,0,1,1,1,1,1,13,22.5,-542.5,0,0,0,0;
custom,cylinder,bark,0.05,0.2,0.05,0,1,1,1,1,1,3,22.5,-542.5,0,0,0,0;
custom,cuboid,wood4,0.6,0.05,1.25,0,1,1,1,1,1,8,24.5,-545,0,1,0,1;
custom,cylinder,bark,0.05,0.2,0.05,0,1,1,1,1,1,7,22.5,-535,0,0,0,0;
custom,cylinder,bark,0.05,0.2,0.05,0,1,1,1,1,1,10,22.5,-535,0,0,0,0;
custom,cylinder,bark,0.05,0.1,0.05,0,1,1,1,1,1,7,21.5,-537,0,0,0,0;
custom,cylinder,bark,0.05,0.1,0.05,0,1,1,1,1,1,10,21.5,-537,0,0,0,0;
custom,cuboid,bark,0.25,0.025,0.35,0,1,1,1,1,1,8.5,22.5,-536.1,0,1,0,1;
custom,cuboid,default,0.4,0.02,0.7,1,0,0,0,1,1,8.5,28,-545,0.5,0.5,0.5,0.5;
custom,cuboid,default,0.2,0.02,0.3,1,0,0,0,1,1,8.5,25,-545.5,0,1,0,1;
custom,cylinder,default,0.05,0.1,0.05,1,0.03,0.03,0.03,1,1,8.5,26,-545.25,0,0,0,0;
custom,cuboid,metal3,0.35,0.02,0.65,1,0,0,1,0.01,0.01,8.5,28,-544.9,0.5,0.5,0.5,0.5;
custom,cuboid,bark,0.1,0.02,0.3,0,1,1,1,1,1,8.5,23.8,-535,0.5,0.5,0.5,0.5;
custom,cylinder,default,0.1,0.5,0.1,1,0.3,0.3,0.3,1.0,1.0,10,74.5,-525,0,0,0,0;
custom,sphere,default,1,0.05,1,1,1,1,1,1.0,1.0,10.397,79.92,-524.808,-0.106,0.848,0.507,0.116;
custom,cylinder,default,0.05,0.3,0.05,1,0.73,0.67,0.5,1.0,1.0,8.54,77.62,-520.978,-0.045,0.949,0.269,0.16;
custom,sphere,default,0.1,0.1,0.1,1,0,0,0,1.0,1.0,8.006,79.97,-519.605,0,0.864,0,-0.503;
custom,cylinder,default,0.2,0.2,0.2,1,0.54,0.52,0.590,1.0,1.0,10.008,69.213,-524.74,0,0.833,0,-0.55;
custom,house8,brick1,1,2,2,0,1,1,1,1.0,1.0,36,35.5,-592.5,0,1,0,0;
custom,house8,brick1,1,2,2,0,1,1,1,1.0,1.0,68,35.5,-592.5,0,1,0,0;
custom,house8,brick1,1,2,2,0,1,1,1,1.0,1.0,100,35.5,-592.5,0,1,0,0;
custom,house8,brick1,1,2,2,0,1,1,1,1.0,1.0,132,35.5,-592.5,0,1,0,0;
custom,house8,brick1,1,2,2,0,1,1,1,1.0,1.0,164,35.5,-592.5,0,1,0,0;
custom,house8,brick1,1,2,2,0,1,1,1,1.0,1.0,196,35.5,-592.5,0,1,0,0;
custom,house8,brick1,1,2,2,0,1,1,1,1.0,1.0,-36,35.5,-592.5,0,1,0,0;
custom,house8,brick1,1,2,2,0,1,1,1,1.0,1.0,-68,35.5,-592.5,0,1,0,0;
custom,house8,brick1,1,2,2,0,1,1,1,1.0,1.0,-100,35.5,-592.5,0,1,0,0;
custom,house8,brick1,1,2,2,0,1,1,1,1.0,1.0,-132,35.5,-592.5,0,1,0,0;
custom,house8,brick1,1,2,2,0,1,1,1,1.0,1.0,-164,35.5,-592.5,0,1,0,0;
custom,house8,brick1,1,2,2,0,1,1,1,1.0,1.0,-196,35.5,-592.5,0,1,0,0;
custom,house8,brick1,1,2,2,0,1,1,1,1.0,1.0,196,35.5,-150,0,0,0,0;
custom,house8,brick1,1,2,2,0,1,1,1,1.0,1.0,164,35.5,-150,0,0,0,0;
custom,house8,brick1,1,2,2,0,1,1,1,1.0,1.0,132,35.5,-150,0,0,0,0;
custom,house8,brick1,1,2,2,0,1,1,1,1.0,1.0,100,35.5,-150,0,0,0,0;
custom,house8,brick1,1,2,2,0,1,1,1,1.0,1.0,-196,35.5,-150,0,0,0,0;
custom,house8,brick1,1,2,2,0,1,1,1,1.0,1.0,-164,35.5,-150,0,0,0,0;
custom,house8,brick1,1,2,2,0,1,1,1,1.0,1.0,-132,35.5,-150,0,0,0,0;
custom,house8,brick1,1,2,2,0,1,1,1,1.0,1.0,-100,35.5,-150,0,0,0,0;
custom,house8,brick1,2,2,2,0,1,1,1,1.0,1.0,182.5,35.5,-179,0,1,0,1;
custom,house8,brick1,2,2,2,0,1,1,1,1.0,1.0,182.5,35.5,-243,0,1,0,1;
custom,house8,brick1,2,2,2,0,1,1,1,1.0,1.0,182.5,35.5,-307,0,1,0,1;
custom,house8,brick1,2,2,2,0,1,1,1,1.0,1.0,182.5,35.5,-371,0,1,0,1;
custom,house8,brick1,2,2,2,0,1,1,1,1.0,1.0,182.5,35.5,-435,0,1,0,1;
custom,house8,brick1,2,2,2,0,1,1,1,1.0,1.0,182.5,35.5,-499,0,1,0,1;
custom,house8,brick1,2,2,2,0,1,1,1,1.0,1.0,182.5,35.5,-563,0,1,0,1;
custom,house8,brick1,2,2,2,0,1,1,1,1.0,1.0,-182.5,35.5,-179,0,-1,0,1;
custom,house8,brick1,2,2,2,0,1,1,1,1.0,1.0,-182.5,35.5,-243,0,-1,0,1;
custom,house8,brick1,2,2,2,0,1,1,1,1.0,1.0,-182.5,35.5,-307,0,-1,0,1;
custom,house8,brick1,2,2,2,0,1,1,1,1.0,1.0,-182.5,35.5,-371,0,-1,0,1;
custom,house8,brick1,2,2,2,0,1,1,1,1.0,1.0,-182.5,35.5,-435,0,-1,0,1;
custom,house8,brick1,2,2,2,0,1,1,1,1.0,1.0,-182.5,35.5,-499,0,-1,0,1;
custom,house8,brick1,2,2,2,0,1,1,1,1.0,1.0,-182.5,35.5,-563,0,-1,0,1;
custom,house8,brick1,3,2,2,0,1,1,1,1.0,1.0,-151.8,35.5,-562.2,0,0.921,0,-0.391;
custom,house8,brick1,3,2,2,0,1,1,1,1.0,1.0,151.8,35.5,-562.2,0,-0.921,0,-0.391;
custom,house8,brick1,3,2,2,0,1,1,1,1.0,1.0,-153.04,35.5,-180.68,0,0.377,0,-0.926;
custom,house8,brick1,3,2,2,0,1,1,1,1.0,1.0,153.04,35.5,-180.68,0,-0.377,0,-0.926;
custom,house8,brick1,2,2,2,0,1,1,1,1.0,1.0,99.13,35.5,-138.117,0,0.553,0,0.833;
custom,house8,brick1,2,2,2,0,1,1,1,1.0,1.0,-99.13,35.5,-138.117,0,-0.553,0,0.833;
custom,house8,brick1,2,2.5,2,0,1,1,1,1.0,1.0,97,32,-110,0,1,0,0;
custom,house8,brick1,2,2.5,2,0,1,1,1,1.0,1.0,-97,32,-110,0,1,0,0;
custom,house8,brick1,3,2,0.5,0,1,1,1,1.0,1.0,-35,35.5,-310,0,1,0,-1;
custom,house8,brick1,3,2,0.5,0,1,1,1,1.0,1.0,-45,35.5,-308.5,0,1,0,1;
custom,house8,brick1,3,2,0.5,0,1,1,1,1.0,1.0,35,35.5,-308.5,0,1,0,1;
custom,house8,brick1,3,2,0.5,0,1,1,1,1.0,1.0,45,35.5,-310,0,1,0,-1;
custom,house8,brick1,3,2,1,0,1,1,1,1.0,1.0,80,35.5,5,0,1,0,1;
custom,house8,brick1,3,2,1,0,1,1,1,1.0,1.0,-80,35.5,5,0,-1,0,1;
custom,house8,brick1,3,2,1,0,1,1,1,1.0,1.0,80,35.5,135,0,1,0,1;
custom,house8,brick1,3,2,1,0,1,1,1,1.0,1.0,-80,35.5,135,0,-1,0,1;
custom,house8,brick1,3,2,1,0,1,1,1,1.0,1.0,80,35.5,265,0,1,0,1;
custom,house8,brick1,3,2,1,0,1,1,1,1.0,1.0,-80,35.5,265,0,-1,0,1;
custom,house8,brick1,3,2,1,0,1,1,1,1.0,1.0,60,35.5,500,0,-1,0,1;
custom,house8,brick1,3,2,1,0,1,1,1,1.0,1.0,-60,35.5,500,0,1,0,1;
custom,house8,brick1,3,2,1,0,1,1,1,1.0,1.0,80,35.5,735,0,1,0,1;
custom,house8,brick1,3,2,1,0,1,1,1,1.0,1.0,-80,35.5,735,0,-1,0,1;
custom,house8,brick1,3,2,1,0,1,1,1,1.0,1.0,160,35.5,500,0,1,0,1;
custom,house8,brick1,3,2,1,0,1,1,1,1.0,1.0,-160,35.5,500,0,-1,0,1;
custom,house8,brick1,3,2,1,0,1,1,1,1.0,1.0,80,35.5,865,0,1,0,1;
custom,house8,brick1,3,2,1,0,1,1,1,1.0,1.0,-80,35.5,865,0,-1,0,1;
custom,house8,brick1,3,2,1,0,1,1,1,1.0,1.0,160,35.5,1100,0,1,0,1;
custom,house8,brick1,3,2,1,0,1,1,1,1.0,1.0,-160,35.5,1100,0,-1,0,1;
custom,house8,brick1,3,2,1,0,1,1,1,1.0,1.0,60,35.5,1100,0,-1,0,1;
custom,house8,brick1,3,2,1,0,1,1,1,1.0,1.0,-60,35.5,1100,0,1,0,1;
custom,house8,brick1,3,2,1,0,1,1,1,1.0,1.0,80,35.5,1335,0,1,0,1;
custom,house8,brick1,3,2,1,0,1,1,1,1.0,1.0,-80,35.5,1335,0,-1,0,1;
custom,house8,brick1,3,2,1,0,1,1,1,1.0,1.0,80,35.5,1465,0,1,0,1;
custom,house8,brick1,3,2,1,0,1,1,1,1.0,1.0,-80,35.5,1465,0,-1,0,1;
custom,house8,brick1,3,2,1,0,1,1,1,1.0,1.0,80,35.5,1595,0,1,0,1;
custom,house8,brick1,3,2,1,0,1,1,1,1.0,1.0,-80,35.5,1595,0,-1,0,1;
custom,house8,brick1,5,2,1,0,1,1,1,1.0,1.0,-117.835,35.5,375.75,0,-0.8663,0,0.4996;
custom,house8,brick1,5,2,1,0,1,1,1,1.0,1.0,119.1924,35.5,376.4589,0,-0.8662671,0,-0.4995811;
custom,house8,brick1,5,2,1,0,1,1,1,1.0,1.0,-119.152,35.5,623.597,0,0.4996,0,-0.8663;
custom,house8,brick1,5,2,1,0,1,1,1,1.0,1.0,117.9001,35.5,624.24,0,-0.4995811,0,-0.8662671;
custom,house8,brick1,3,2,1,0,1,1,1,1.0,1.0,-38.123,35.5,416.80,0,0.5,0,0.866;
custom,house8,brick1,3,2,1,0,1,1,1,1.0,1.0,-38.123,35.5,416.80,0,0.5,0,0.866;
custom,house8,brick1,3,2,1,0,1,1,1,1.0,1.0,37.32513,35.5,416.9777,0,-0.500011,0,0.8660191;
custom,house8,brick1,3,2,1,0,1,1,1,1.0,1.0,-37.336,35.5,582.972,0,-0.866,0,-0.5;
custom,house8,brick1,3,2,1,0,1,1,1,1.0,1.0,38.11594,35.5,583.2173,0,-0.8660191,0,0.500011;
custom,house8,brick1,5,2,1,0,1,1,1,1.0,1.0,-117.835,35.5,975.75,0,-0.8663,0,0.4996;
custom,house8,brick1,5,2,1,0,1,1,1,1.0,1.0,119.1887,35.5,976.4114,0,-0.8662671,0,-0.4995811;
custom,house8,brick1,5,2,1,0,1,1,1,1.0,1.0,-119.152,35.5,1223.597,0,0.4996,0,-0.8663;
custom,house8,brick1,5,2,1,0,1,1,1,1.0,1.0,117.8559,35.5,1224.203,0,-0.4995811,0,-0.8662671;
custom,house8,brick1,3,2,1,0,1,1,1,1.0,1.0,-38.123,35.5,1016.80,0,0.5,0,0.866;
custom,house8,brick1,3,2,1,0,1,1,1,1.0,1.0,37.35989,35.5,1017.003,0,-0.500011,0,0.8660191;
custom,house8,brick1,3,2,1,0,1,1,1,1.0,1.0,-38.123,35.5,1016.80,0,0.5,0,0.866;
custom,house8,brick1,3,2,1,0,1,1,1,1.0,1.0,-37.336,35.5,1182.972,0,-0.866,0,-0.5;
custom,house8,brick1,3,2,1,0,1,1,1,1.0,1.0,38.15437,35.5,1183.234,0,-0.8660191,0,0.500011;
custom,house8,brick1,1.64,2,1,0,1,1,1,1.0,1.0,-0.868,35.5,382.334,0,-0.01446,0,0.9999;
custom,house8,brick1,1.64,2,1,0,1,1,1,1.0,1.0,-0.868,35.5,982.334,0,-0.01446,0,0.9999;
custom,house8,brick1,1.64,2,1,0,1,1,1,1.0,1.0,0.8855,35.5,617.5883,0,0.9999,0,0.01446;
custom,house8,brick1,1.64,2,1,0,1,1,1,1.0,1.0,0.8855,35.5,1217.5883,0,0.9999,0,0.01446;
custom,house8,brick4,1.5,2.5,1,0,1,1,1,0.5,0.5,-105,35.5,-60,0,1,0,-1;
custom,house8,brick4,1.5,2.5,1,0,1,1,1,0.5,0.5,-105,35.5,70,0,1,0,-1;
custom,house8,brick4,1.5,2.5,1,0,1,1,1,0.5,0.5,-105,35.5,200,0,1,0,-1;
custom,house8,brick4,1.5,2.5,1,0,1,1,1,0.5,0.5,-105,35.5,800,0,1,0,-1;
custom,house8,brick4,1.5,2.5,1,0,1,1,1,0.5,0.5,-105,35.5,1400,0,1,0,-1;
custom,house8,brick4,1.5,2.5,1,0,1,1,1,0.5,0.5,-105,35.5,1530,0,1,0,-1;
custom,house8,brick4,1.5,2.5,1,0,1,1,1,0.5,0.5,105,35.5,-60,0,1,0,1;
custom,house8,brick4,1.5,2.5,1,0,1,1,1,0.5,0.5,105,35.5,70,0,1,0,1;
custom,house8,brick4,1.5,2.5,1,0,1,1,1,0.5,0.5,105,35.5,200,0,1,0,1;
custom,house8,brick4,1.5,2.5,1,0,1,1,1,0.5,0.5,105,35.5,800,0,1,0,1;
custom,house8,brick4,1.5,2.5,1,0,1,1,1,0.5,0.5,105,35.5,1400,0,1,0,1;
custom,house8,brick4,1.5,2.5,1,0,1,1,1,0.5,0.5,105,35.5,1530,0,1,0,1;
custom,tower3,default,1.5,1.5,1.5,0,1,1,1,1.0,1.0,0,-5.0,500,0,0,0,0;
custom,tower3,default,1.5,1.5,1.5,0,1,1,1,1.0,1.0,0,-5.0,1100,0,0,0,0;
custom,house8,brick1,3,2,1,0,1,1,1,1.0,1.0,112.0575,35.5,1620.161,0,1,0,-0.414;
custom,house8,brick1,3,2,1,0,1,1,1,1.0,1.0,182.0575,35.5,1550.161,0,1,0,-0.414;
custom,house8,brick1,3,2,1,0,1,1,1,1.0,1.0,252.0575,35.5,1480.161,0,1,0,-0.414;
custom,house8,brick1,3,2,1,0,1,1,1,1.0,1.0,322.0575,35.5,1410.161,0,1,0,-0.414;
custom,house8,brick1,3,2,1,0,1,1,1,1.0,1.0,392.0575,35.5,1340.161,0,1,0,-0.414;
custom,house8,brick1,3,2,1,0,1,1,1,1.0,1.0,462.0575,35.5,1270.161,0,1,0,-0.414;
custom,house8,brick1,3,2,1,0,1,1,1,1.0,1.0,532.0575,35.5,1200.161,0,1,0,-0.414;
custom,house8,brick1,3,2,1,0,1,1,1,1.0,1.0,602.0575,35.5,1130.161,0,1,0,-0.414;
custom,house8,brick1,3,2,1,0,1,1,1,1.0,1.0,672.0575,35.5,1060.161,0,1,0,-0.414;
custom,house8,brick1,3,2,1,0,1,1,1,1.0,1.0,742.0575,35.5,990.161,0,1,0,-0.414;
custom,house8,brick1,3,2,1,0,1,1,1,1.0,1.0,812.0575,35.5,920.161,0,1,0,-0.414;
custom,house8,brick1,3,2,1,0,1,1,1,1.0,1.0,882.0575,35.5,850.161,0,1,0,-0.414;
custom,house8,brick1,3,2,1,0,1,1,1,1.0,1.0,952.0575,35.5,780.161,0,1,0,-0.414;
custom,house8,brick1,3,2,1,0,1,1,1,1.0,1.0,1022.0575,35.5,710.161,0,1,0,-0.414;
custom,house8,brick1,3,2,1,0,1,1,1,1.0,1.0,242.0575,35.5,1750.161,0,0.414,0,1;
custom,house8,brick1,3,2,1,0,1,1,1,1.0,1.0,172.0575,35.5,1820.161,0,0.414,0,1;
custom,house8,brick1,3,2,1,0,1,1,1,1.0,1.0,102.0575,35.5,1890.161,0,0.414,0,1;
custom,house8,brick1,3,2,1,0,1,1,1,1.0,1.0,32.0575,35.5,1960.161,0,0.414,0,1;
custom,house8,brick1,3,2,1,0,1,1,1,1.0,1.0,-37.9425,35.5,2030.161,0,0.414,0,1;
custom,house8,brick1,3,2,1,0,1,1,1,1.0,1.0,312.0575,35.5,1680.161,0,0.414,0,1;
custom,house8,brick1,3,2,1,0,1,1,1,1.0,1.0,382.0575,35.5,1610.161,0,0.414,0,1;
custom,house8,brick1,3,2,1,0,1,1,1,1.0,1.0,452.0575,35.5,1540.161,0,0.414,0,1;
custom,house8,brick1,3,2,1,0,1,1,1,1.0,1.0,522.0575,35.5,1470.161,0,0.414,0,1;
custom,house8,brick1,3,2,1,0,1,1,1,1.0,1.0,592.0575,35.5,1400.161,0,0.414,0,1;
custom,house8,brick1,3,2,1,0,1,1,1,1.0,1.0,662.0575,35.5,1330.161,0,0.414,0,1;
custom,house8,brick1,3,2,1,0,1,1,1,1.0,1.0,732.0575,35.5,1260.161,0,0.414,0,1;
custom,house8,brick1,3,2,1,0,1,1,1,1.0,1.0,802.0575,35.5,1190.161,0,0.414,0,1;
custom,house8,brick1,3,2,1,0,1,1,1,1.0,1.0,872.0575,35.5,1120.161,0,0.414,0,1;
custom,house8,brick1,3,2,1,0,1,1,1,1.0,1.0,942.0575,35.5,1050.161,0,0.414,0,1;
custom,house8,brick1,3,2,1,0,1,1,1,1.0,1.0,1012.0575,35.5,980.161,0,0.414,0,1;
custom,house8,brick1,3,2,1,0,1,1,1,1.0,1.0,1082.0575,35.5,910.161,0,0.414,0,1;
custom,house8,brick1,3,2,1,0,1,1,1,1.0,1.0,1152.0575,35.5,840.161,0,0.414,0,1;
custom,house8,brick1,3,2,1,0,1,1,1,1.0,1.0,1222.0575,35.5,770.161,0,0.414,0,1;
custom,house8,brick1,3,2,1,0,1,1,1,1.0,1.0,1292.0575,35.5,700.161,0,0.414,0,1;
custom,house8,brick1,1.5,1,1,0,1,1,1,1.0,1.0,185.90,17.5,1602.5,0,1,0,0.414;
custom,house8,brick1,1.5,1,1,0,1,1,1,1.0,1.0,260.90,17.5,1677.5,0,1,0,0.414;
custom,house8,brick1,5,1,1,0,1,1,1,4.0,1.0,363.4,56.5,1500,0,1,0,0.414;
custom,house8,brick1,5,1,1,0,1,1,1,4.0,1.0,643.4,56.5,1220,0,1,0,0.414;
custom,house8,brick1,5,1,1,0,1,1,1,4.0,1.0,923.4,56.5,940,0,1,0,0.414;
custom,house8,brick1,1.5,1,1,0,1,1,1,1.0,1.0,465.90,17.5,1322.5,0,1,0,0.414;
custom,house8,brick1,1.5,1,1,0,1,1,1,1.0,1.0,500.90,17.5,1357.5,0,1,0,0.414;
custom,house8,brick1,1.5,1,1,0,1,1,1,1.0,1.0,820.90,17.5,1117.5,0,1,0,0.414;
custom,house8,brick1,1.5,1,1,0,1,1,1,1.0,1.0,785.90,17.5,1082.5,0,1,0,0.414;
custom,house8,brick1,3,1,1,0,1,1,1,4.0,1.0,1063.4,17.5,800,0,1,0,0.414;
custom,house8,brick1,3,2,1,0,1,1,1,1.0,1.0,-80,35.5,1725,0,1,0,-1;
custom,house8,brick1,3,2,1,0,1,1,1,1.0,1.0,-80,35.5,1855,0,1,0,-1;
custom,house8,brick1,3,2,1,0,1,1,1,1.0,1.0,-80,35.5,1985,0,1,0,-1;
custom,house8,brick4,1.5,2.5,1,0,1,1,1,0.5,0.5,-105,35.5,1660,0,1,0,-1;
custom,house8,brick4,1.5,2.5,1,0,1,1,1,0.5,0.5,-105,35.5,1790,0,1,0,-1;
custom,house8,brick4,1.5,2.5,1,0,1,1,1,0.5,0.5,-105,35.5,1920,0,1,0,-1;
custom,house8,brick1,2,2,1,0,1,1,1,1.0,1.0,-40.3,35.5,1978.214,0,0.1768,0,-0.984;
custom,house8,brick1,4,2,1,0,1,1,1,1.0,1.0,1051.412,35.5,621.2426,0,1,0,-1;
custom,house8,brick1,4,2,1,0,1,1,1,1.0,1.0,1051.412,35.5,471.2426,0,1,0,-1;
custom,house8,brick1,4,2,1,0,1,1,1,1.0,1.0,1051.412,35.5,321.2426,0,1,0,-1;
custom,house8,brick1,4,2,1,0,1,1,1,1.0,1.0,1051.412,35.5,171.2426,0,1,0,-1;
custom,house8,brick1,4,2,1,0,1,1,1,1.0,1.0,1051.412,35.5,21.2426,0,1,0,-1;
custom,house8,brick1,4,2,1,0,1,1,1,1.0,1.0,1051.412,35.5,-128.7574,0,1,0,-1;
custom,house8,brick1,4,2,1,0,1,1,1,1.0,1.0,1051.412,35.5,-278.7574,0,1,0,-1;
custom,house8,brick1,4,2,1,0,1,1,1,1.0,1.0,1051.412,35.5,-428.7574,0,1,0,-1;
custom,house8,brick1,4,2,1,0,1,1,1,1.0,1.0,1051.412,35.5,-578.7574,0,1,0,-1;
custom,house8,brick1,4,2,1,0,1,1,1,1.0,1.0,1051.412,35.5,-728.7574,0,1,0,-1;
custom,house8,brick1,4,2,1,0,1,1,1,1.0,1.0,1051.412,35.5,-878.7574,0,1,0,-1;
custom,house8,brick1,4,2,1,0,1,1,1,1.0,1.0,1051.412,35.5,-1028.7574,0,1,0,-1;
custom,house8,brick1,4,2,1,0,1,1,1,1.0,1.0,1051.412,35.5,-1178.7574,0,1,0,-1;
custom,house8,brick1,4,2,1,0,1,1,1,1.0,1.0,1051.412,35.5,-1328.7574,0,1,0,-1;
custom,house8,brick1,4,2,1,0,1,1,1,1.0,1.0,1051.412,35.5,-1478.7574,0,1,0,-1;
custom,house8,brick1,4,2,1,0,1,1,1,1.0,1.0,1051.412,35.5,-1628.7574,0,1,0,-1;
custom,house8,brick1,4,2,1,0,1,1,1,1.0,1.0,1051.412,35.5,-1778.7574,0,1,0,-1;
custom,house8,brick1,4,2,1,0,1,1,1,1.0,1.0,1051.412,35.5,-1928.7574,0,1,0,-1;
custom,house8,brick1,4,2,1,0,1,1,1,1.0,1.0,1251.412,35.5,750.5,0,1,0,1;
custom,house8,brick1,4,2,1,0,1,1,1,1.0,1.0,1251.412,35.5,621.2426,0,1,0,1;
custom,house8,brick1,4,2,1,0,1,1,1,1.0,1.0,1251.412,35.5,471.2426,0,1,0,1;
custom,house8,brick1,4,2,1,0,1,1,1,1.0,1.0,1251.412,35.5,321.2426,0,1,0,1;
custom,house8,brick1,4,2,1,0,1,1,1,1.0,1.0,1251.412,35.5,171.2426,0,1,0,1;
custom,house8,brick1,4,2,1,0,1,1,1,1.0,1.0,1251.412,35.5,21.2426,0,1,0,1;
custom,house8,brick1,4,2,1,0,1,1,1,1.0,1.0,1251.412,35.5,-128.7574,0,1,0,1;
custom,house8,brick1,4,2,1,0,1,1,1,1.0,1.0,1251.412,35.5,-278.7574,0,1,0,1;
custom,house8,brick1,4,2,1,0,1,1,1,1.0,1.0,1251.412,35.5,-428.7574,0,1,0,1;
custom,house8,brick1,4,2,1,0,1,1,1,1.0,1.0,1251.412,35.5,-578.7574,0,1,0,1;
custom,house8,brick1,4,2,1,0,1,1,1,1.0,1.0,1251.412,35.5,-728.7574,0,1,0,1;
custom,house8,brick1,4,2,1,0,1,1,1,1.0,1.0,1251.412,35.5,-878.7574,0,1,0,1;
custom,house8,brick1,4,2,1,0,1,1,1,1.0,1.0,1251.412,35.5,-1028.7574,0,1,0,1;
custom,house8,brick1,4,2,1,0,1,1,1,1.0,1.0,1251.412,35.5,-1178.7574,0,1,0,1;
custom,house8,brick1,4,2,1,0,1,1,1,1.0,1.0,1251.412,35.5,-1328.7574,0,1,0,1;
custom,house8,brick1,4,2,1,0,1,1,1,1.0,1.0,1251.412,35.5,-1478.7574,0,1,0,1;
custom,house8,brick1,4,2,1,0,1,1,1,1.0,1.0,1251.412,35.5,-1628.7574,0,1,0,1;
custom,house8,brick1,4,2,1,0,1,1,1,1.0,1.0,1251.412,35.5,-1778.7574,0,1,0,1;
custom,house8,brick1,4,2,1,0,1,1,1,1.0,1.0,1251.412,35.5,-1928.7574,0,1,0,1;
custom,house8,brick1,4,2,1,0,1,1,1,1.0,1.0,1251.412,35.5,-2078.7574,0,1,0,1;
custom,house8,brick1,4,2,1,0,1,1,1,1.0,1.0,951.412,35.5,-1578.7574,0,1,0,-1;
custom,house8,brick1,4,2,1,0,1,1,1,1.0,1.0,951.412,35.5,-1728.7574,0,1,0,-1;
custom,house8,brick1,4,2,1,0,1,1,1,1.0,1.0,951.412,35.5,-1878.7574,0,1,0,-1;
custom,house8,brick1,4,2,1,0,1,1,1,1.0,1.0,951.412,35.5,-2028.7574,0,1,0,-1;
custom,house8,brick1,4,2,1,0,1,1,1,1.0,1.0,851.412,35.5,-1478.7574,0,1,0,-1;
custom,house8,brick1,4,2,1,0,1,1,1,1.0,1.0,851.412,35.5,-1628.7574,0,1,0,-1;
custom,house8,brick1,4,2,1,0,1,1,1,1.0,1.0,851.412,35.5,-1778.7574,0,1,0,-1;
custom,house8,brick1,4,2,1,0,1,1,1,1.0,1.0,851.412,35.5,-1928.7574,0,1,0,-1;
custom,house8,brick1,4,2,1,0,1,1,1,1.0,1.0,651.412,35.5,-1478.7574,0,1,0,-1;
custom,house8,brick1,4,2,1,0,1,1,1,1.0,1.0,651.412,35.5,-1628.7574,0,1,0,-1;
custom,house8,brick1,4,2,1,0,1,1,1,1.0,1.0,651.412,35.5,-1778.7574,0,1,0,-1;
custom,house8,brick1,4,2,1,0,1,1,1,1.0,1.0,651.412,35.5,-1928.7574,0,1,0,-1;
custom,house8,brick1,4,2,1,0,1,1,1,1.0,1.0,651.412,35.5,-2078.7574,0,1,0,-1;
custom,house8,brick1,4,2,1,0,1,1,1,1.0,1.0,651.412,35.5,-1328.7574,0,1,0,-1;
custom,house8,brick1,4,2,1,0,1,1,1,1.0,1.0,651.412,35.5,-1178.7574,0,1,0,-1;
custom,house8,brick1,4,2,1,0,1,1,1,1.0,1.0,651.412,35.5,-1028.7574,0,1,0,-1;
custom,house8,brick1,4,2,1,0,1,1,1,1.0,1.0,651.412,35.5,-878.7574,0,1,0,-1;
custom,house8,brick1,4,2,1,0,1,1,1,1.0,1.0,651.412,35.5,-728.7574,0,1,0,-1;
custom,house8,brick1,4,2,1,0,1,1,1,1.0,1.0,651.412,35.5,-578.7574,0,1,0,-1;
custom,house8,brick1,4,2,1,0,1,1,1,1.0,1.0,651.412,35.5,-428.7574,0,1,0,-1;
custom,house8,brick1,4,2,1,0,1,1,1,1.0,1.0,851.412,35.5,-1328.7574,0,1,0,1;
custom,house8,brick1,4,2,1,0,1,1,1,1.0,1.0,851.412,35.5,-1178.7574,0,1,0,1;
custom,house8,brick1,4,2,1,0,1,1,1,1.0,1.0,851.412,35.5,-1028.7574,0,1,0,1;
custom,house8,brick1,4,2,1,0,1,1,1,1.0,1.0,851.412,35.5,-878.7574,0,1,0,1;
custom,house8,brick1,4,2,1,0,1,1,1,1.0,1.0,851.412,35.5,-728.7574,0,1,0,1;
custom,house8,brick1,4,2,1,0,1,1,1,1.0,1.0,851.412,35.5,-578.7574,0,1,0,1;
custom,house8,brick1,4,2,1,0,1,1,1,1.0,1.0,851.412,35.5,-428.7574,0,1,0,1;
custom,house8,brick1,6,2,1,0,1,1,1,1.0,1.0,950,35.5,-1405,0,0,0,0;
custom,house8,brick1,6,2,1,0,1,1,1,1.0,1.0,950,35.5,-2105,0,1,0,0;
custom,house8,brick1,6,2,1,0,1,1,1,1.0,1.0,750,35.5,-2105,0,1,0,0;
custom,house8,brick1,6,2,1,0,1,1,1,1.0,1.0,1150,35.5,-2105,0,1,0,0;
custom,house8,brick4,1.5,2.5,1,0,1,1,1,1.0,1.0,1035.5,44.5,545,0,1,0,-1;
custom,house8,brick4,1.5,2.5,1,0,1,1,1,1.0,1.0,1035.5,44.5,395,0,1,0,-1;
custom,house8,brick4,1.5,2.5,1,0,1,1,1,1.0,1.0,1035.5,44.5,245,0,1,0,-1;
custom,house8,brick4,1.5,2.5,1,0,1,1,1,1.0,1.0,1035.5,44.5,95,0,1,0,-1;
custom,house8,brick4,1.5,2.5,1,0,1,1,1,1.0,1.0,1035.5,44.5,-55,0,1,0,-1;
custom,house8,brick4,1.5,2.5,1,0,1,1,1,1.0,1.0,1035.5,44.5,-205,0,1,0,-1;
custom,house8,brick4,1.5,2.5,1,0,1,1,1,1.0,1.0,1035.5,44.5,-355,0,1,0,-1;
custom,house8,brick4,1.5,2.5,1,0,1,1,1,1.0,1.0,1035.5,44.5,-505,0,1,0,-1;
custom,house8,brick4,1.5,2.5,1,0,1,1,1,1.0,1.0,1035.5,44.5,-655,0,1,0,-1;
custom,house8,brick4,1.5,2.5,1,0,1,1,1,1.0,1.0,1035.5,44.5,-805,0,1,0,-1;
custom,house8,brick4,1.5,2.5,1,0,1,1,1,1.0,1.0,1035.5,44.5,-955,0,1,0,-1;
custom,house8,brick4,1.5,2.5,1,0,1,1,1,1.0,1.0,1035.5,44.5,-1105,0,1,0,-1;
custom,house8,brick4,1.5,2.5,1,0,1,1,1,1.0,1.0,1035.5,44.5,-1255,0,1,0,-1;
custom,house8,brick4,1.5,2.5,1,0,1,1,1,1.0,1.0,1267.5,44.5,545,0,1,0,1;
custom,house8,brick4,1.5,2.5,1,0,1,1,1,1.0,1.0,1267.5,44.5,395,0,1,0,1;
custom,house8,brick4,1.5,2.5,1,0,1,1,1,1.0,1.0,1267.5,44.5,245,0,1,0,1;
custom,house8,brick4,1.5,2.5,1,0,1,1,1,1.0,1.0,1267.5,44.5,95,0,1,0,1;
custom,house8,brick4,1.5,2.5,1,0,1,1,1,1.0,1.0,1267.5,44.5,-55,0,1,0,1;
custom,house8,brick4,1.5,2.5,1,0,1,1,1,1.0,1.0,1267.5,44.5,-205,0,1,0,1;
custom,house8,brick4,1.5,2.5,1,0,1,1,1,1.0,1.0,1267.5,44.5,-355,0,1,0,1;
custom,house8,brick4,1.5,2.5,1,0,1,1,1,1.0,1.0,1267.5,44.5,-505,0,1,0,1;
custom,house8,brick4,1.5,2.5,1,0,1,1,1,1.0,1.0,1267.5,44.5,-655,0,1,0,1;
custom,house8,brick4,1.5,2.5,1,0,1,1,1,1.0,1.0,1267.5,44.5,-805,0,1,0,1;
custom,house8,brick4,1.5,2.5,1,0,1,1,1,1.0,1.0,1267.5,44.5,-955,0,1,0,1;
custom,house8,brick4,1.5,2.5,1,0,1,1,1,1.0,1.0,1267.5,44.5,-1105,0,1,0,1;
custom,house8,brick4,1.5,2.5,1,0,1,1,1,1.0,1.0,1267.5,44.5,-1255,0,1,0,1;
custom,house8,brick4,1.5,2.5,1,0,1,1,1,1.0,1.0,1267.5,44.5,-1405,0,1,0,1;
custom,house8,brick4,1.5,2.5,1,0,1,1,1,1.0,1.0,1267.5,44.5,-1555,0,1,0,1;
custom,house8,brick4,1.5,2.5,1,0,1,1,1,1.0,1.0,1267.5,44.5,-1705,0,1,0,1;
custom,house8,brick4,1.5,2.5,1,0,1,1,1,1.0,1.0,1267.5,44.5,-1855,0,1,0,1;
custom,house8,brick4,1.5,2.5,1,0,1,1,1,1.0,1.0,1267.5,44.5,-2005,0,1,0,1;
custom,house8,brick4,1.5,2.5,1,0,1,1,1,1.0,1.0,865.5,44.5,-1255,0,1,0,1;
custom,house8,brick4,1.5,2.5,1,0,1,1,1,1.0,1.0,865.5,44.5,-1105,0,1,0,1;
custom,house8,brick4,1.5,2.5,1,0,1,1,1,1.0,1.0,865.5,44.5,-955,0,1,0,1;
custom,house8,brick4,1.5,2.5,1,0,1,1,1,1.0,1.0,865.5,44.5,-805,0,1,0,1;
custom,house8,brick4,1.5,2.5,1,0,1,1,1,1.0,1.0,865.5,44.5,-655,0,1,0,1;
custom,house8,brick4,1.5,2.5,1,0,1,1,1,1.0,1.0,865.5,44.5,-505,0,1,0,1;
custom,house8,brick4,1.5,2.5,1,0,1,1,1,1.0,1.0,635.5,44.5,-505,0,1,0,-1;
custom,house8,brick4,1.5,2.5,1,0,1,1,1,1.0,1.0,635.5,44.5,-655,0,1,0,-1;
custom,house8,brick4,1.5,2.5,1,0,1,1,1,1.0,1.0,635.5,44.5,-805,0,1,0,-1;
custom,house8,brick4,1.5,2.5,1,0,1,1,1,1.0,1.0,635.5,44.5,-955,0,1,0,-1;
custom,house8,brick4,1.5,2.5,1,0,1,1,1,1.0,1.0,635.5,44.5,-1105,0,1,0,-1;
custom,house8,brick4,1.5,2.5,1,0,1,1,1,1.0,1.0,635.5,44.5,-1255,0,1,0,-1;
custom,house8,brick4,1.5,2.5,1,0,1,1,1,1.0,1.0,635.5,44.5,-1405,0,1,0,-1;
custom,house8,brick4,1.5,2.5,1,0,1,1,1,1.0,1.0,635.5,44.5,-1555,0,1,0,-1;
custom,house8,brick4,1.5,2.5,1,0,1,1,1,1.0,1.0,635.5,44.5,-1705,0,1,0,-1;
custom,house8,brick4,1.5,2.5,1,0,1,1,1,1.0,1.0,635.5,44.5,-1855,0,1,0,-1;
custom,house8,brick4,1.5,2.5,1,0,1,1,1,1.0,1.0,635.5,44.5,-2005,0,1,0,-1;
custom,tower1,default,2,0.75,2,0,1,1,1,1.0,1.0,1152,40,500,0,0,0,0;
custom,tower1,default,2,0.75,2,0,1,1,1,1.0,1.0,1152,40,100,0,0,0,0;
custom,tower1,default,2,0.75,2,0,1,1,1,1.0,1.0,1152,40,-300,0,0,0,0;
custom,tower1,default,2,0.75,2,0,1,1,1,1.0,1.0,1152,40,-700,0,0,0,0;
custom,tower1,default,6,0.75,6,0,1,1,1,1.0,1.0,1152,40,-1100,0,0,0,0;
custom,tower1,default,2,0.75,2,0,1,1,1,1.0,1.0,1152,40,-1500,0,0,0,0;
custom,tower1,default,4,0.75,4,0,1,1,1,1.0,1.0,751.75,40,-1100,0,0,0,0;
custom,tower1,default,4,0.75,4,0,1,1,1,1.0,1.0,751.75,40,-500,0,0,0,0;
custom,tower1,default,4,0.75,4,0,1,1,1,1.0,1.0,680.5,40,-785,0,0,0,0;
custom,tower1,default,4,0.75,4,0,1,1,1,1.0,1.0,823,40,-785,0,0,0,0;
custom,tower1,default,4,0.75,4,0,1,1,1,1.0,1.0,716.75,40,-650,0,0,0,0;
custom,tower1,default,4,0.75,4,0,1,1,1,1.0,1.0,786.75,40,-650,0,0,0,0;
custom,tower1,default,4,0.75,4,0,1,1,1,1.0,1.0,716.75,40,-950,0,0,0,0;
custom,tower1,default,4,0.75,4,0,1,1,1,1.0,1.0,786.75,40,-950,0,0,0,0;
custom,house8,brick1,6,2,1,0,1,1,1,1.0,1.0,851.412,35.5,-266.25,0,1,0,1;
custom,house8,brick1,6,2,1,0,1,1,1,1.0,1.0,651.412,35.5,-267.5,0,1,0,-1;
custom,house8,brick1,6,2,1,0,1,1,1,1.0,1.0,851.412,35.5,-73.25,0,1,0,1;
custom,house8,brick1,6,2,1,0,1,1,1,1.0,1.0,651.412,35.5,-74,0,1,0,-1;
custom,house8,brick1,6,2,1,0,1,1,1,1.0,1.0,851.412,35.5,119.75,0,1,0,1;
custom,house8,brick1,6,2,1,0,1,1,1,1.0,1.0,651.412,35.5,119.5,0,1,0,-1;
custom,house8,brick1,6,2,1,0,1,1,1,1.0,1.0,851.412,35.5,313.25,0,1,0,1;
custom,house8,brick1,6,2,1,0,1,1,1,1.0,1.0,651.412,35.5,312.5,0,1,0,-1;
custom,house8,brick1,7,2,10,0,1,1,1,1.0,1.0,750,52.5,-150,0,0,0,0;
custom,house8,brick1,7,2,10,0,1,1,1,1.0,1.0,754,52.5,195,0,-1,0,0;
custom,cylinder,brick1,1,1,1,0,1,1,1,1.0,1.0,752.5,10,-290,0,0,0,0;
custom,cylinder,brick1,1,1,1,0,1,1,1,1.0,1.0,722.5,10,-290,0,0,0,0;
custom,cylinder,brick1,1,1,1,0,1,1,1,1.0,1.0,782.5,10,-290,0,0,0,0;
custom,cylinder,brick1,1,1,1,0,1,1,1,1.0,1.0,812.5,10,-290,0,0,0,0;
custom,cylinder,brick1,1,1,1,0,1,1,1,1.0,1.0,692.5,10,-290,0,0,0,0;
custom,cylinder,brick1,1,1,1,0,1,1,1,1.0,1.0,752.5,10,-240,0,0,0,0;
custom,cylinder,brick1,1,1,1,0,1,1,1,1.0,1.0,722.5,10,-240,0,0,0,0;
custom,cylinder,brick1,1,1,1,0,1,1,1,1.0,1.0,782.5,10,-240,0,0,0,0;
custom,cylinder,brick1,1,1,1,0,1,1,1,1.0,1.0,812.5,10,-240,0,0,0,0;
custom,cylinder,brick1,1,1,1,0,1,1,1,1.0,1.0,692.5,10,-240,0,0,0,0;
custom,cylinder,brick1,1,1,1,0,1,1,1,1.0,1.0,752.5,10,-190,0,0,0,0;
custom,cylinder,brick1,1,1,1,0,1,1,1,1.0,1.0,722.5,10,-190,0,0,0,0;
custom,cylinder,brick1,1,1,1,0,1,1,1,1.0,1.0,782.5,10,-190,0,0,0,0;
custom,cylinder,brick1,1,1,1,0,1,1,1,1.0,1.0,812.5,10,-190,0,0,0,0;
custom,cylinder,brick1,1,1,1,0,1,1,1,1.0,1.0,692.5,10,-190,0,0,0,0;
custom,cylinder,brick1,1,1,1,0,1,1,1,1.0,1.0,752.5,10,-140,0,0,0,0;
custom,cylinder,brick1,1,1,1,0,1,1,1,1.0,1.0,722.5,10,-140,0,0,0,0;
custom,cylinder,brick1,1,1,1,0,1,1,1,1.0,1.0,782.5,10,-140,0,0,0,0;
custom,cylinder,brick1,1,1,1,0,1,1,1,1.0,1.0,812.5,10,-140,0,0,0,0;
custom,cylinder,brick1,1,1,1,0,1,1,1,1.0,1.0,692.5,10,-140,0,0,0,0;
custom,cylinder,brick1,1,1,1,0,1,1,1,1.0,1.0,752.5,10,-90,0,0,0,0;
custom,cylinder,brick1,1,1,1,0,1,1,1,1.0,1.0,722.5,10,-90,0,0,0,0;
custom,cylinder,brick1,1,1,1,0,1,1,1,1.0,1.0,782.5,10,-90,0,0,0,0;
custom,cylinder,brick1,1,1,1,0,1,1,1,1.0,1.0,812.5,10,-90,0,0,0,0;
custom,cylinder,brick1,1,1,1,0,1,1,1,1.0,1.0,692.5,10,-90,0,0,0,0;
custom,cylinder,brick1,1,1,1,0,1,1,1,1.0,1.0,752.5,10,-40,0,0,0,0;
custom,cylinder,brick1,1,1,1,0,1,1,1,1.0,1.0,722.5,10,-40,0,0,0,0;
custom,cylinder,brick1,1,1,1,0,1,1,1,1.0,1.0,782.5,10,-40,0,0,0,0;
custom,cylinder,brick1,1,1,1,0,1,1,1,1.0,1.0,812.5,10,-40,0,0,0,0;
custom,cylinder,brick1,1,1,1,0,1,1,1,1.0,1.0,692.5,10,-40,0,0,0,0;
custom,cylinder,brick1,1,1,1,0,1,1,1,1.0,1.0,752.5,10,10,0,0,0,0;
custom,cylinder,brick1,1,1,1,0,1,1,1,1.0,1.0,722.5,10,10,0,0,0,0;
custom,cylinder,brick1,1,1,1,0,1,1,1,1.0,1.0,782.5,10,10,0,0,0,0;
custom,cylinder,brick1,1,1,1,0,1,1,1,1.0,1.0,812.5,10,10,0,0,0,0;
custom,cylinder,brick1,1,1,1,0,1,1,1,1.0,1.0,692.5,10,10,0,0,0,0;
custom,cylinder,brick1,1,1,1,0,1,1,1,1.0,1.0,752.5,10,60,0,0,0,0;
custom,cylinder,brick1,1,1,1,0,1,1,1,1.0,1.0,722.5,10,60,0,0,0,0;
custom,cylinder,brick1,1,1,1,0,1,1,1,1.0,1.0,782.5,10,60,0,0,0,0;
custom,cylinder,brick1,1,1,1,0,1,1,1,1.0,1.0,812.5,10,60,0,0,0,0;
custom,cylinder,brick1,1,1,1,0,1,1,1,1.0,1.0,692.5,10,60,0,0,0,0;
custom,cylinder,brick1,1,1,1,0,1,1,1,1.0,1.0,752.5,10,110,0,0,0,0;
custom,cylinder,brick1,1,1,1,0,1,1,1,1.0,1.0,722.5,10,110,0,0,0,0;
custom,cylinder,brick1,1,1,1,0,1,1,1,1.0,1.0,782.5,10,110,0,0,0,0;
custom,cylinder,brick1,1,1,1,0,1,1,1,1.0,1.0,812.5,10,110,0,0,0,0;
custom,cylinder,brick1,1,1,1,0,1,1,1,1.0,1.0,692.5,10,110,0,0,0,0;
custom,cylinder,brick1,1,1,1,0,1,1,1,1.0,1.0,752.5,10,160,0,0,0,0;
custom,cylinder,brick1,1,1,1,0,1,1,1,1.0,1.0,722.5,10,160,0,0,0,0;
custom,cylinder,brick1,1,1,1,0,1,1,1,1.0,1.0,782.5,10,160,0,0,0,0;
custom,cylinder,brick1,1,1,1,0,1,1,1,1.0,1.0,812.5,10,160,0,0,0,0;
custom,cylinder,brick1,1,1,1,0,1,1,1,1.0,1.0,692.5,10,160,0,0,0,0;
custom,cylinder,brick1,1,1,1,0,1,1,1,1.0,1.0,752.5,10,210,0,0,0,0;
custom,cylinder,brick1,1,1,1,0,1,1,1,1.0,1.0,722.5,10,210,0,0,0,0;
custom,cylinder,brick1,1,1,1,0,1,1,1,1.0,1.0,782.5,10,210,0,0,0,0;
custom,cylinder,brick1,1,1,1,0,1,1,1,1.0,1.0,812.5,10,210,0,0,0,0;
custom,cylinder,brick1,1,1,1,0,1,1,1,1.0,1.0,692.5,10,210,0,0,0,0;
custom,cylinder,brick1,1,1,1,0,1,1,1,1.0,1.0,752.5,10,260,0,0,0,0;
custom,cylinder,brick1,1,1,1,0,1,1,1,1.0,1.0,722.5,10,260,0,0,0,0;
custom,cylinder,brick1,1,1,1,0,1,1,1,1.0,1.0,782.5,10,260,0,0,0,0;
custom,cylinder,brick1,1,1,1,0,1,1,1,1.0,1.0,812.5,10,260,0,0,0,0;
custom,cylinder,brick1,1,1,1,0,1,1,1,1.0,1.0,692.5,10,260,0,0,0,0;
custom,cylinder,brick1,1,1,1,0,1,1,1,1.0,1.0,752.5,10,310,0,0,0,0;
custom,cylinder,brick1,1,1,1,0,1,1,1,1.0,1.0,722.5,10,310,0,0,0,0;
custom,cylinder,brick1,1,1,1,0,1,1,1,1.0,1.0,782.5,10,310,0,0,0,0;
custom,cylinder,brick1,1,1,1,0,1,1,1,1.0,1.0,812.5,10,310,0,0,0,0;
custom,cylinder,brick1,1,1,1,0,1,1,1,1.0,1.0,692.5,10,310,0,0,0,0;
custom,house8,brick1,6,2,1,0,1,1,1,1.0,1.0,851.412,35.5,506,0,1,0,1;
custom,house8,brick1,6,2,1,0,1,1,1,1.0,1.0,651.412,35.5,506,0,1,0,-1;
custom,house8,brick1,2,2,1,0,1,1,1,1.0,1.0,698.3,35.5,650,0,0,0,0;
custom,house8,brick1,2,2,1,0,1,1,1,1.0,1.0,803.5,35.5,650,0,0,0,0;
custom,house8,brick1,2,2,1,0,1,1,1,1.0,1.0,674.205,35.5,622.8223,0,0.406,0,-0.914;
custom,house8,brick1,2,2,1,0,1,1,1,1.0,1.0,827.2565,35.5,624.4864,0,-0.406,0,-0.914;
custom,house8,brick1,2,2,1,0,1,1,1,1.0,1.0,634.6,35.5,652.21,0,1,0,0;
custom,house8,brick1,4,2,1,0,1,1,1,1.0,1.0,786.765,35.5,733.137,0,1,0,1;
custom,house8,brick1,3.25,2,1,0,1,1,1,1.0,1.0,786.765,35.5,895,0,1,0,1;
custom,house8,brick1,4,2,1,0,1,1,1,1.0,1.0,732,35.5,734,0,0,0,1;
custom,house8,brick1,4,2,1,0,1,1,1,1.0,1.0,732,35.5,833.5,0,1,0,0;
custom,house8,brick1,4,2,1,0,1,1,1,1.0,1.0,655,35.5,784.75,0,1,0,1;
custom,house8,brick1,4,2,1,0,1,1,1,1.0,1.0,670,35.5,953,0,1,0,-0.414;
custom,house8,brick1,4,2,1,0,1,1,1,1.0,1.0,578.4,35.5,1044.55,0,1,0,-0.414;
custom,house8,brick1,4,2,1,0,1,1,1,1.0,1.0,659.9,35.5,901.32,0,0,0,0;
custom,house8,brick1,4,2,1,0,1,1,1,1.0,1.0,598,35.5,711,0,-1,0,1;
custom,house8,brick1,4,2,1,0,1,1,1,1.0,1.0,598,35.5,840.55,0,-1,0,1;
custom,house8,brick1,4,2,1,0,1,1,1,1.0,1.0,478.76,35.5,1086.657,0,1,0,0;
custom,house8,brick1,4,2,1,0,1,1,1,1.0,1.0,349.2,35.5,1086.657,0,1,0,0;
custom,house8,brick1,4,2,1,0,1,1,1,1.0,1.0,498.76,35.5,1166.657,0,0,0,0;
custom,house8,brick1,4,2,1,0,1,1,1,1.0,1.0,369.2,35.5,1166.657,0,0,0,0;
custom,house8,brick1,4,2,1,0,1,1,1,1.0,1.0,239.64,35.5,1166.657,0,0,0,0;
custom,tube,stone3,40,6,40,0,1,1,1,16,16,380,20.5,260,0,0,0,0;
custom,tube,stone2,38,6,38,0,1,1,1,16,16,380,16.5,260,0,0,0,0;
custom,tube,stone2,36,6,36,0,1,1,1,16,16,380,12.5,260,0,0,0,0;
custom,tube,stone2,34,6,34,0,1,1,1,16,16,380,8.5,260,0,0,0,0;
custom,tube,stone2,32,6,32,0,1,1,1,16,16,380,4.5,260,0,0,0,0;
custom,tube,stone2,30,6,30,0,1,1,1,16,16,380,0.5,260,0,0,0,0;
custom,tube,stone2,28,6,28,0,1,1,1,16,16,380,-3.5,260,0,0,0,0;
custom,tube,stone2,26,6,26,0,1,1,1,16,16,380,-7.5,260,0,0,0,0;
custom,tube,stone2,24,6,24,0,1,1,1,16,16,380,-11.5,260,0,0,0,0;
custom,tube,stone2,22,6,22,0,1,1,1,16,16,380,-15.5,260,0,0,0,0;
custom,tube,stone2,20,6,20,0,1,1,1,16,16,380,-19.5,260,0,0,0,0;
custom,house8,brick1,3,1,1,0,1,1,1,1,1,583.078,60.5,388.576,0,0.468,0,0.884;
custom,house8,brick1,3,1,1,0,1,1,1,1,1,620.715,60.5,300.679,0,0.637,0,0.771;
custom,house8,brick1,3,1,1,0,1,1,1,1,1,513.764,60.5,458.087,0,0.295,0,0.955;
custom,house8,brick1,3,1,1,0,1,1,1,1,1,236.180,60.5,458.321,0,0.292,0,-0.956;
custom,house8,brick1,3,1,1,0,1,1,1,1,1,168.738,60.5,389.650,0,0.472,0,-0.882;
custom,house8,brick1,3,1,1,0,1,1,1,1,1,131.710,60.5,299.824,0,0.635,0,-0.77;
custom,house8,brick1,3,1,1,0,1,1,1,1,1,132.371,60.5,202.515,0,0.774,0,-0.634;
custom,house8,brick1,3,1,1,0,1,1,1,1,1,621.164,60.5,202.630,0,0.773,0,0.634;
custom,house8,brick1,3,1,1,0,1,1,1,1,1,583.336,60.5,112.511,0,0.883,0,0.470;
custom,house8,brick1,3,1,1,0,1,1,1,1,1,169.124,60.5,113.657,0,0.880,0,-0.475;
custom,house8,brick1,3,1,1,0,1,1,1,1,1,239.189,60.5,42.970,0,0.956,0,-0.292;
custom,house8,brick1,3,1,1,0,1,1,1,1,1,515.835,60.5,43.923,0,0.957,0,0.292;
custom,tree2,default,0.5,0.5,0.5,0,1,1,1,1.0,1.0,450.1491,33.54473,284.6936,0,0.9996625,0,-0.02597735;
custom,tree2,default,0.5,0.5,0.5,0,1,1,1,1.0,1.0,432.2997,32.89677,310.5419,0,0.9975783,0,-0.06955218;
custom,tree2,default,0.5,0.5,0.5,0,1,1,1,1.0,1.0,408.2068,33.20501,326.7358,0,0.9993199,0,-0.0368742;
custom,tree2,default,0.5,0.5,0.5,0,1,1,1,1.0,1.0,378.2586,33.63376,333.4557,0,1,0,0.0002183477;
custom,tree2,default,0.5,0.5,0.5,0,1,1,1,1.0,1.0,348.1073,31.66225,327.9032,0,0.9989399,0,0.04603495;
custom,tree2,default,0.5,0.5,0.5,0,1,1,1,1.0,1.0,323.2112,25.96468,311.3512,0,0.9999432,0,-0.01066144;
custom,tree2,default,0.5,0.5,0.5,0,1,1,1,1.0,1.0,306.644,32.67474,285.5586,0,0.9996048,0,-0.02811125;
custom,tree2,default,0.5,0.5,0.5,0,1,1,1,1.0,1.0,300.904,32.87082,256.6314,0,0.9999175,0,-0.01284342;
custom,tree2,default,0.5,0.5,0.5,0,1,1,1,1.0,1.0,306.967,32.76581,227.8853,0,0.9998121,0,-0.01938619;
custom,tree2,default,0.5,0.5,0.5,0,1,1,1,1.0,1.0,323.7754,33.16362,201.9252,0,0.9996049,0,-0.02810911;
custom,tree2,default,0.5,0.5,0.5,0,1,1,1,1.0,1.0,349.0671,32.62457,185.7278,0,0.9965862,0,-0.08255889;
custom,tree2,default,0.5,0.5,0.5,0,1,1,1,1.0,1.0,377.341,32.82999,179.4911,0,0.9972687,0,-0.07385906;
custom,tree2,default,0.5,0.5,0.5,0,1,1,1,1.0,1.0,408.4919,32.14793,185.1126,0,0.998015,0,-0.06297655;
custom,tree2,default,0.5,0.5,0.5,0,1,1,1,1.0,1.0,433.597,33.10368,202.8013,0,0.9993995,0,-0.03464988;
custom,tree2,default,0.5,0.5,0.5,0,1,1,1,1.0,1.0,448.6738,32.34631,226.6195,0,0.9996049,0,-0.02810577;
custom,tree2,default,0.5,0.5,0.5,0,1,1,1,1.0,1.0,456.1,32.54581,257.6219,0,0.9996641,0,-0.02591896;
custom,tree2,default,0.8,0.8,0.8,0,1,1,1,1.0,1.0,378.889,52.97391,254.7893,0,0.9998143,0,-0.01927344;
custom,tree2,default,0.65,0.65,0.65,0,1,1,1,1.0,1.0,387.694,42.92495,295.1292,0,0.9943359,0,-0.1062829;
custom,tree2,default,0.65,0.65,0.65,0,1,1,1,1.0,1.0,415.5917,42.61482,277.2602,0,0.8841667,0,-0.4671716;
custom,tree2,default,0.65,0.65,0.65,0,1,1,1,1.0,1.0,421.1256,41.89658,246.9388,0,0.6397805,0,-0.7685577;
custom,tree2,default,0.65,0.65,0.65,0,1,1,1,1.0,1.0,400.988,43.11373,220.2096,0,0.3115383,0,-0.9502336;
custom,tree2,default,0.65,0.65,0.65,0,1,1,1,1.0,1.0,369.7334,43.21679,215.2561,0,0.08882643,0,0.9960471;
custom,tree2,default,0.65,0.65,0.65,0,1,1,1,1.0,1.0,343.6058,43.28236,232.5147,0,0.4843667,0,0.8748651;
custom,tree2,default,0.65,0.65,0.65,0,1,1,1,1.0,1.0,339.8676,41.44186,262.3137,0,0.7572322,0,0.6531458;
custom,tree2,default,0.65,0.65,0.65,0,1,1,1,1.0,1.0,355.2074,43.51094,285.7318,0,0.9446341,0,0.3281256;
custom,cylinder,grass,18,1,18,1,0,0.2,0,2.0,2.0,377.5,-7.800001,255,0,0,0,1;
custom,house8,brick1,18,2,1,0,1,1,1,2,0.25,410,35.5,785,0,1,0,-1;
custom,house8,brick1,22,2,1,0,1,1,1,2,0.25,183,35.5,816.5,0,1,0,1;
custom,house8,brick1,10,2,1,0,1,1,1,2,0.5,340,35.5,657.5,0,1,0,1;
custom,house8,brick1,5,2,1,0,1,1,1,1,1,260,35.5,801.7,0,1,0,0;
custom,house8,brick1,3,2,1,0,1,1,1,1,1,237.5,35.5,995,0,-1,0,0;
custom,house8,brick1,4,2,1,0,1,1,1,1,1,345,35.5,900,0,-1,0,0;
custom,house8,brick1,2,2,1,0,1,1,1,1,1,386.75,35.5,995,0,-1,0,0;
custom,house8,brick1,3,1,1,0,1,1,1,1.0,1.0,308.038,60.5,491.862,0,0.101,0,-0.995;
custom,house8,brick1,3,1,1,0,1,1,1,1.0,1.0,440.187,60.5,492.74,0,-0.099,0,-0.995;
custom,cuboid,stone2,4,2,2,0,1,1,1,1.0,1.0,373,28,495,0,0,0,0;
custom,cuboid,stone2,4,2,2,0,1,1,1,1.0,1.0,373,23,515,0,0,0,0;
custom,cuboid,stone2,4,2,2,0,1,1,1,1.0,1.0,373,18,535,0,0,0,0;
custom,cuboid,stone2,4,2,2,0,1,1,1,1.0,1.0,373,13,555,0,0,0,0;
custom,cuboid,stone2,4,2,2,0,1,1,1,1.0,1.0,373,8,575,0,0,0,0;
custom,cuboid,stone2,4,2,2,0,1,1,1,1.0,1.0,373,3,595,0,0,0,0;
custom,cuboid,stone2,4,2,2,0,1,1,1,1.0,1.0,373,-2,615,0,0,0,0;
custom,cuboid,stone2,4,2,2,0,1,1,1,1.0,1.0,373,-7,635,0,0,0,0;
custom,cuboid,stone3,2.5,4,50,0,1,1,1,1.0,8,375,23,-235,0,0,0,0;
custom,house8,brick1,4,2,1,0,1,1,1,1.0,1,348,35.5,-51,0,1,0,-1;
custom,house8,brick1,4,2,1,0,1,1,1,1.0,1,348,35.5,-180.5,0,1,0,-1;
custom,house8,brick1,4,2,1,0,1,1,1,1.0,1,348,35.5,-310,0,1,0,-1;
custom,house8,brick1,4,2,1,0,1,1,1,1.0,1,402,35.5,-49,0,1,0,1;
custom,house8,brick1,4,2,1,0,1,1,1,1.0,1,402,35.5,-178.5,0,1,0,1;
custom,house8,brick1,4,2,1,0,1,1,1,1.0,1,402,35.5,-308,0,1,0,1;
custom,house8,brick1,3,2,1,0,1,1,1,1.0,1,402,35.5,-421.5,0,1,0,1;
custom,house8,brick1,3,2,1,0,1,1,1,1.0,1,348,35.5,-423,0,1,0,-1;
custom,house8,brick1,3,1,1,0,1,1,1,1.0,1,438.30,60.5,9.590,0,0.995,0,0.098;
custom,house8,brick1,3,1,1,0,1,1,1,1.0,1,313.20,60.5,9.757,0,0.995,0,-0.102;
custom,house8,brick1,2,1,2,0,1,1,1,1.0,1,375,90,22.5,0,1,0,0;
custom,house8,brick1,4,2,1,0,1,1,1,1.0,1.0,442.6648,35.5,-505.2135,0,0.414,0,1;
custom,house8,brick1,4,2,1,0,1,1,1,1.0,1.0,305.8338,35.5,-506.651,0,0.414,0,-1;
custom,cylinder,brick1,0.75,2,0.75,0,1,1,1,1.0,1.0,386.5,56.5,48,0,0,0,0;
custom,cylinder,brick1,0.75,2,0.75,0,1,1,1,1.0,1.0,362.5,56.5,48,0,0,0,0;
custom,cylinder,brick1,0.75,2,0.75,0,1,1,1,1.0,1.0,402,56.5,48,0,0,0,0;
custom,cylinder,brick1,0.75,2,0.75,0,1,1,1,1.0,1.0,347,56.5,48,0,0,0,0;
custom,cylinder,brick1,0.75,2,0.75,0,1,1,1,1.0,1.0,402,56.5,30,0,0,0,0;
custom,cylinder,brick1,0.75,2,0.75,0,1,1,1,1.0,1.0,347,56.5,30,0,0,0,0;
custom,cuboid,stone2,24,2,4,0,1,1,1,8,1.0,372.5,30,-484,0,0,0,0;
custom,cuboid,stone2,24,2,4,1,0.8,0.8,0.8,8,1.0,372.5,25,-504,0,0,0,0;
custom,cuboid,stone2,24,2,4,0,1,1,1,8,1.0,372.5,20,-524,0,0,0,0;
custom,cuboid,stone2,24,2,4,1,0.8,0.8,0.8,8,1.0,372.5,15,-544,0,0,0,0;
custom,cuboid,stone2,24,2,4,0,1,1,1,8,1.0,372.5,10,-564,0,0,0,0;
custom,cuboid,stone2,24,2,4,1,0.8,0.8,0.8,8,1.0,372.5,5,-584,0,0,0,0;
custom,cuboid,stone2,24,2,4,0,1,1,1,8,1.0,372.5,0,-604,0,0,0,0;
custom,cuboid,stone2,24,2,4,1,0.8,0.8,0.8,8,1.0,372.5,-5,-624,0,0,0,0;
custom,house8,brick1,4,2,1,0,1,1,1,1,1.0,260,35.5,-610,0,1,0,-1;
custom,house8,brick1,4,2,1,0,1,1,1,1,1.0,260,35.5,-739.5,0,1,0,-1;
custom,house8,brick1,4,2,1,0,1,1,1,1,1.0,260,35.5,-869,0,1,0,-1;
custom,house8,brick1,4,2,1,0,1,1,1,1,1.0,260,35.5,-998.5,0,1,0,-1;
custom,house8,brick1,4,2,1,0,1,1,1,1,1.0,485,35.5,-610,0,1,0,1;
custom,house8,brick1,4,2,1,0,1,1,1,1,1.0,485,35.5,-739.5,0,1,0,1;
custom,house8,brick1,4,2,1,0,1,1,1,1,1.0,485,35.5,-869,0,1,0,1;
custom,house8,brick1,4,2,1,0,1,1,1,1,1.0,485,35.5,-998.5,0,1,0,1;
custom,house8,brick1,2,2,1,0,1,1,1,1,1.0,307.5,35.5,-1060,0,1,0,0;
custom,house8,brick1,2,2,1,0,1,1,1,1,1.0,438.5,35.5,-1060,0,1,0,0;
custom,house8,brick1,2,2,1,0,1,1,1,1,1.0,463.958,35.5,-1040.27,0,1,0,0.414;
custom,house8,brick1,2,2,1,0,1,1,1,1,1.0,279.6755,35.5,-1039.17,0,1,0,-0.414;
custom,tower5,default,2,1.5,4,0,1,1,1,1,1.0,405,-22,-1060,0,0,0,0;
custom,tower5,default,2,1.5,4,0,1,1,1,1,1.0,340,-22,-1060,0,0,0,0;
custom,cuboid,stone2,18,1,18,0,1,1,1,2,2,0,-4,-3100,0,1,0,1;
custom,cuboid,wood3,0.5,20,19,0,1,1,1,2,2,0,90,-3007.5,0,1,0,1;
custom,cuboid,brick1,0.5,20,20,0,1,1,1,2,2,0,90,-3002.5,0,1,0,1;
custom,cuboid,wood3,0.5,20,18,0,1,1,1,2,2,-92.5,90,-3100,0,0,0,0;
custom,cuboid,brick1,0.5,20,19,0,1,1,1,2,2,-97.5,90,-3100,0,0,0,0;
custom,cuboid,wood3,0.5,20,18,0,1,1,1,2,2,92.5,90,-3100,0,0,0,0;
custom,cuboid,brick1,0.5,20,19,0,1,1,1,2,2,97.5,90,-3100,0,0,0,0;
custom,cuboid,stone2,4,0.5,0.5,0,1,1,1,2,1,0,2.5,-3135,0,0,0,0;
custom,cuboid,stone2,4,1,0.5,0,1,1,1,2,1,0,5,-3130,0,0,0,0;
custom,cuboid,stone2,4,1.5,0.5,0,1,1,1,2,1,0,7.5,-3125,0,0,0,0;
custom,cuboid,stone2,4,2,0.5,0,1,1,1,2,1,0,10,-3120,0,0,0,0;
custom,cuboid,stone2,4,2.5,0.5,0,1,1,1,2,1,0,12.5,-3115,0,0,0,0;
custom,cuboid,stone2,4,3,0.5,0,1,1,1,2,1,0,15,-3110,0,0,0,0;
custom,cuboid,stone2,4,3.5,0.5,0,1,1,1,2,1,0,17.5,-3105,0,0,0,0;
custom,cuboid,stone2,4,4,0.5,0,1,1,1,2,1,0,20,-3100,0,0,0,0;
custom,cuboid,stone2,4,4.5,0.5,0,1,1,1,2,1,0,22.5,-3095,0,0,0,0;
custom,cuboid,stone2,4,5,0.5,0,1,1,1,2,1,0,25,-3090,0,0,0,0;
custom,cuboid,stone2,4,5.5,0.5,0,1,1,1,2,1,0,27.5,-3085,0,0,0,0;
custom,cuboid,stone2,4,6,0.5,0,1,1,1,2,1,0,30,-3080,0,0,0,0;
custom,cuboid,stone2,4,6.5,0.5,0,1,1,1,2,1,0,32.5,-3075,0,0,0,0;
custom,cuboid,stone2,4,7,0.5,0,1,1,1,2,1,0,35,-3070,0,0,0,0;
custom,cuboid,stone2,4,0.5,0.5,0,1,1,1,2,1,-70,72.5,-3070,0,0,0,0;
custom,cuboid,stone2,4,1,0.5,0,1,1,1,2,1,-70,75,-3075,0,0,0,0;
custom,cuboid,stone2,4,1.5,0.5,0,1,1,1,2,1,-70,77.5,-3080,0,0,0,0;
custom,cuboid,stone2,4,2,0.5,0,1,1,1,2,1,-70,80,-3085,0,0,0,0;
custom,cuboid,stone2,4,2.5,0.5,0,1,1,1,2,1,-70,82.5,-3090,0,0,0,0;
custom,cuboid,stone2,4,3,0.5,0,1,1,1,2,1,-70,85,-3095,0,0,0,0;
custom,cuboid,stone2,4,3.5,0.5,0,1,1,1,2,1,-70,87.5,-3100,0,0,0,0;
custom,cuboid,stone2,4,4,0.5,0,1,1,1,2,1,-70,90,-3105,0,0,0,0;
custom,cuboid,stone2,4,4.5,0.5,0,1,1,1,2,1,-70,92.5,-3110,0,0,0,0;
custom,cuboid,stone2,4,5,0.5,0,1,1,1,2,1,-70,95,-3115,0,0,0,0;
custom,cuboid,stone2,4,5.5,0.5,0,1,1,1,2,1,-70,97.5,-3120,0,0,0,0;
custom,cuboid,stone2,4,6,0.5,0,1,1,1,2,1,-70,100,-3125,0,0,0,0;
custom,cuboid,stone2,4,6.5,0.5,0,1,1,1,2,1,-70,102.5,-3130,0,0,0,0;
custom,cuboid,stone2,4,7,0.5,0,1,1,1,2,1,-70,105,-3135,0,0,0,0;
custom,cuboid,stone2,4,0.5,0.5,0,1,1,1,2,1,70,72.5,-3070,0,0,0,0;
custom,cuboid,stone2,4,1,0.5,0,1,1,1,2,1,70,75,-3075,0,0,0,0;
custom,cuboid,stone2,4,1.5,0.5,0,1,1,1,2,1,70,77.5,-3080,0,0,0,0;
custom,cuboid,stone2,4,2,0.5,0,1,1,1,2,1,70,80,-3085,0,0,0,0;
custom,cuboid,stone2,4,2.5,0.5,0,1,1,1,2,1,70,82.5,-3090,0,0,0,0;
custom,cuboid,stone2,4,3,0.5,0,1,1,1,2,1,70,85,-3095,0,0,0,0;
custom,cuboid,stone2,4,3.5,0.5,0,1,1,1,2,1,70,87.5,-3100,0,0,0,0;
custom,cuboid,stone2,4,4,0.5,0,1,1,1,2,1,70,90,-3105,0,0,0,0;
custom,cuboid,stone2,4,4.5,0.5,0,1,1,1,2,1,70,92.5,-3110,0,0,0,0;
custom,cuboid,stone2,4,5,0.5,0,1,1,1,2,1,70,95,-3115,0,0,0,0;
custom,cuboid,stone2,4,5.5,0.5,0,1,1,1,2,1,70,97.5,-3120,0,0,0,0;
custom,cuboid,stone2,4,6,0.5,0,1,1,1,2,1,70,100,-3125,0,0,0,0;
custom,cuboid,stone2,4,6.5,0.5,0,1,1,1,2,1,70,102.5,-3130,0,0,0,0;
custom,cuboid,stone2,4,7,0.5,0,1,1,1,2,1,70,105,-3135,0,0,0,0;
custom,cuboid,stone2,18,0.5,6,0,1,1,1,2,1,0,72.5,-3037.5,0,0,0,0;
custom,cuboid,stone2,18,0.5,6,0,1,1,1,2,1,0,142.5,-3167.5,0,0,0,0;
custom,cuboid,wood3,0.5,20,7.5,0,1,1,1,2,2,57.5,90,-3192.5,0,1,0,1;
custom,cuboid,brick1,0.5,20,8,0,1,1,1,2,2,60,90,-3197.5,0,1,0,1;
custom,cuboid,wood3,0.5,20,7.5,0,1,1,1,2,2,-57.5,90,-3192.5,0,1,0,1;
custom,cuboid,brick1,0.5,20,8,0,1,1,1,2,2,-60,90,-3197.5,0,1,0,1;
custom,cuboid,brick1,3,20,7,0,1,1,1,1,4,35,95,-3102.5,0,0,0,0;
custom,cuboid,brick1,3,20,7,0,1,1,1,1,4,-35,95,-3102.5,0,0,0,0;
custom,cuboid,wood3,0.5,11,4,0,1,1,1,1,1,0,90,-3192.5,0,1,0,1;
custom,cuboid,brick1,0.5,11,4,0,1,1,1,1,1,0,90,-3197.5,0,1,0,1;
custom,cuboid,stone2,4,0.5,1,0,1,1,1,1,1,0,147.5,-3195,0,0,0,0;
custom,cuboid,brick1,20,0.5,5,0,1,1,1,4,1,0,142.5,-3225,0,0,0,0;
custom,cuboid,brick1,5,0.5,25,0,1,1,1,1,4,125,142.5,-3125,0,0,0,0;
custom,cuboid,brick1,5,0.5,25,0,1,1,1,1,4,-125,142.5,-3125,0,0,0,0;
custom,cuboid,stone2,20,0.5,5,0,1,1,1,4,1,0,147.5,-3225,0,0,0,0;
custom,cuboid,stone2,5,0.5,25,0,1,1,1,1,4,125,147.5,-3125,0,0,0,0;
custom,cuboid,stone2,5,0.5,25,0,1,1,1,1,4,-125,147.5,-3125,0,0,0,0;
custom,cuboid,wood3,20,0.5,5,0,1,1,1,4,1,0,192.5,-3225,0,0,0,0;
custom,cuboid,wood3,5,0.5,25,0,1,1,1,1,4,125,192.5,-3125,0,0,0,0;
custom,cuboid,wood3,5,0.5,25,0,1,1,1,1,4,-125,192.5,-3125,0,0,0,0;
custom,cuboid,brick1,1,2,26,0,1,1,1,4,0.5,-155,150,-3130,0,0,0,0;
custom,cuboid,brick1,1,2,26,0,1,1,1,4,0.5,155,150,-3130,0,0,0,0;
custom,cuboid,brick1,1,2,26,0,1,1,1,4,0.5,-155,190,-3130,0,0,0,0;
custom,cuboid,brick1,1,2,26,0,1,1,1,4,0.5,155,190,-3130,0,0,0,0;
custom,cuboid,brick1,20,0.5,5,0,1,1,1,4,1,0,197.5,-3225,0,0,0,0;
custom,cuboid,brick1,5,0.5,25,0,1,1,1,1,4,125,197.5,-3125,0,0,0,0;
custom,cuboid,brick1,5,0.5,25,0,1,1,1,1,4,-125,197.5,-3125,0,0,0,0;
custom,cuboid,brick1,1,2,30,0,1,1,1,4,0.5,0,150,-3255,0,1,0,-1;
custom,cuboid,brick1,1,2,30,0,1,1,1,4,0.5,0,190,-3255,0,1,0,-1;
custom,cuboid,brick1,6,5,19.5,0,1,1,1,1,1,0,170,-3037.5,0,1,0,1;
custom,cuboid,brick1,4,5,7,0,1,1,1,1,1,0,170,-3102.5,0,0,0,0;
custom,cuboid,wood3,20,0.5,20,0,1,1,1,1,1,0,192.5,-3100,0,0,0,0;
custom,cuboid,brick1,20,0.5,20,0,1,1,1,4,4,0,197.5,-3100,0,0,0,0;
custom,cuboid,brick1,20,20,20,0,1,1,1,4,4,0,100,-2900,0,0,0,0;
custom,cuboid,brick1,20,0.5,5,0,1,1,1,4,1,0,142.5,-2775,0,0,0,0;
custom,cuboid,brick1,5,0.5,25,0,1,1,1,1,4,125,142.5,-2875,0,0,0,0;
custom,cuboid,brick1,5,0.5,25,0,1,1,1,1,4,-125,142.5,-2875,0,0,0,0;
custom,cuboid,stone2,20,0.5,5,0,1,1,1,4,1,0,147.5,-2775,0,0,0,0;
custom,cuboid,stone2,5,0.5,25,0,1,1,1,1,4,125,147.5,-2875,0,0,0,0;
custom,cuboid,stone2,5,0.5,25,0,1,1,1,1,4,-125,147.5,-2875,0,0,0,0;
custom,cuboid,wood3,20,0.5,5,0,1,1,1,4,1,0,192.5,-2775,0,0,0,0;
custom,cuboid,wood3,5,0.5,25,0,1,1,1,1,4,125,192.5,-2875,0,0,0,0;
custom,cuboid,wood3,5,0.5,25,0,1,1,1,1,4,-125,192.5,-2875,0,0,0,0;
custom,cuboid,brick1,1,2,26,0,1,1,1,4,0.5,-155,150,-2870,0,0,0,0;
custom,cuboid,brick1,1,2,26,0,1,1,1,4,0.5,155,150,-2870,0,0,0,0;
custom,cuboid,brick1,1,2,26,0,1,1,1,4,0.5,-155,190,-2870,0,0,0,0;
custom,cuboid,brick1,1,2,26,0,1,1,1,4,0.5,155,190,-2870,0,0,0,0;
custom,cuboid,brick1,20,0.5,5,0,1,1,1,4,1,0,197.5,-2775,0,0,0,0;
custom,cuboid,brick1,5,0.5,25,0,1,1,1,1,4,125,197.5,-2875,0,0,0,0;
custom,cuboid,brick1,5,0.5,25,0,1,1,1,1,4,-125,197.5,-2875,0,0,0,0;
custom,cuboid,brick1,1,2,13,0,1,1,1,4,0.5,85,150,-2745,0,1,0,-1;
custom,cuboid,brick1,1,2,13,0,1,1,1,4,0.5,-85,190,-2745,0,1,0,-1;
custom,cuboid,brick1,1,2,13,0,1,1,1,4,0.5,85,190,-2745,0,1,0,-1;
custom,cuboid,brick1,1,2,13,0,1,1,1,4,0.5,-85,150,-2745,0,1,0,-1;
custom,cuboid,brick1,4,0.5,50,0,1,1,1,1,8,0,142.5,-2500,0,0,0,0;
custom,cuboid,brick1,4,0.5,50,0,1,1,1,1,8,0,197.5,-2500,0,0,0,0;
custom,cuboid,wood3,4,0.5,50,0,1,1,1,1,8,0,147.5,-2500,0,0,0,0;
custom,cuboid,wood3,4,0.5,50,0,1,1,1,1,8,0,192.5,-2500,0,0,0,0;
custom,cuboid,brick1,1,2,50,0,1,1,1,8,0.5,25,150,-2490,0,0,0,0;
custom,cuboid,brick1,1,2,50,0,1,1,1,8,0.5,25,190,-2490,0,0,0,0;
custom,cuboid,brick1,1,2,50,0,1,1,1,8,0.5,-25,150,-2490,0,0,0,0;
custom,cuboid,brick1,1,2,50,0,1,1,1,8,0.5,-25,190,-2490,0,0,0,0;
custom,cuboid,brick1,4,1,1,0,1,1,1,1,1,0,195,-2245,0,0,0,0;
custom,cuboid,brick1,4,1,1,0,1,1,1,1,1,0,145,-2245,0,0,0,0;
custom,cylinder,brick1,1,7,1,0,1,1,1,1.0,4,-20,70,-2250,0,0,0,0;
custom,cylinder,brick1,1,7,1,0,1,1,1,1.0,4,-20,70,-2290,0,0,0,0;
custom,cylinder,brick1,1,7,1,0,1,1,1,1.0,4,-20,70,-2330,0,0,0,0;
custom,cylinder,brick1,1,7,1,0,1,1,1,1.0,4,-20,70,-2370,0,0,0,0;
custom,cylinder,brick1,1,7,1,0,1,1,1,1.0,4,-20,70,-2410,0,0,0,0;
custom,cylinder,brick1,1,7,1,0,1,1,1,1.0,4,-20,70,-2450,0,0,0,0;
custom,cylinder,brick1,1,7,1,0,1,1,1,1.0,4,-20,70,-2490,0,0,0,0;
custom,cylinder,brick1,1,7,1,0,1,1,1,1.0,4,-20,70,-2530,0,0,0,0;
custom,cylinder,brick1,1,7,1,0,1,1,1,1.0,4,-20,70,-2570,0,0,0,0;
custom,cylinder,brick1,1,7,1,0,1,1,1,1.0,4,-20,70,-2610,0,0,0,0;
custom,cylinder,brick1,1,7,1,0,1,1,1,1.0,4,-20,70,-2650,0,0,0,0;
custom,cylinder,brick1,1,7,1,0,1,1,1,1.0,4,-20,70,-2690,0,0,0,0;
custom,cylinder,brick1,1,7,1,0,1,1,1,1.0,4,-20,70,-2730,0,0,0,0;
custom,cylinder,brick1,1,7,1,0,1,1,1,1.0,4,20,70,-2250,0,0,0,0;
custom,cylinder,brick1,1,7,1,0,1,1,1,1.0,4,20,70,-2290,0,0,0,0;
custom,cylinder,brick1,1,7,1,0,1,1,1,1.0,4,20,70,-2330,0,0,0,0;
custom,cylinder,brick1,1,7,1,0,1,1,1,1.0,4,20,70,-2370,0,0,0,0;
custom,cylinder,brick1,1,7,1,0,1,1,1,1.0,4,20,70,-2410,0,0,0,0;
custom,cylinder,brick1,1,7,1,0,1,1,1,1.0,4,20,70,-2450,0,0,0,0;
custom,cylinder,brick1,1,7,1,0,1,1,1,1.0,4,20,70,-2490,0,0,0,0;
custom,cylinder,brick1,1,7,1,0,1,1,1,1.0,4,20,70,-2530,0,0,0,0;
custom,cylinder,brick1,1,7,1,0,1,1,1,1.0,4,20,70,-2570,0,0,0,0;
custom,cylinder,brick1,1,7,1,0,1,1,1,1.0,4,20,70,-2610,0,0,0,0;
custom,cylinder,brick1,1,7,1,0,1,1,1,1.0,4,20,70,-2650,0,0,0,0;
custom,cylinder,brick1,1,7,1,0,1,1,1,1.0,4,20,70,-2690,0,0,0,0;
custom,cylinder,brick1,1,7,1,0,1,1,1,1.0,4,20,70,-2730,0,0,0,0;
custom,cuboid,brick2,40,15,1,0,1,1,1,1.0,1.0,0,65,-2245,0,0,0,0;
custom,cuboid,brick2,1,15,164,0,1,1,1,4,1.0,205,65,-1430,0,0,0,0;
custom,cuboid,brick2,1,15,164,0,1,1,1,4,1.0,-205,65,-1430,0,0,0,0;
custom,cuboid,brick2,60,15,1,0,1,1,1,1.0,1.0,-510,65,-2245,0,0,0,0;
custom,cuboid,brick2,1,15,150,0,1,1,1,4,1.0,-815,65,-2990,0,0,0,0;
custom,cuboid,brick2,1,15,150,0,1,1,1,4,1.0,560,65,-2990,0,0,0,0;
custom,cuboid,brick2,1,15,120,0,1,1,1,4,1.0,560,65,-1640,0,0,0,0;
custom,cuboid,brick2,1,15,45.5,0,1,1,1,4,1.0,327.5,65,-2805,0,1,0,1;
custom,cuboid,brick2,138.5,15,1,0,1,1,1,4,1.0,-127.5,65,-3745,0,0,0,0;
custom,cuboid,brick2,8,15,1,0,1,1,1,0.5,1.0,525,65,-1035,0,0,0,0;
custom,cuboid,brick2,5,15,1,0,1,1,1,0.5,1.0,235,65,-1035,0,0,0,0;
custom,tree2,default,1,1,1,0,1,1,1,0.5,1.0,405,67.5,-1205,0,1,0,0;
custom,tree2,default,1,1,1,0,1,1,1,0.5,1.0,340,67.5,-1162.5,0,0,0,0;
custom,tree2,default,1,1,1,0,1,1,1,0.5,1.0,405,67.5,-1305,0,1,0,0;
custom,tree2,default,1,1,1,0,1,1,1,0.5,1.0,340,67.5,-1262.5,0,0,0,0;
custom,tree2,default,1,1,1,0,1,1,1,0.5,1.0,405,67.5,-1405,0,1,0,0;
custom,tree2,default,1,1,1,0,1,1,1,0.5,1.0,340,67.5,-1362.5,0,0,0,0;
custom,tree2,default,1,1,1,0,1,1,1,0.5,1.0,405,67.5,-1505,0,1,0,0;
custom,tree2,default,1,1,1,0,1,1,1,0.5,1.0,340,67.5,-1462.5,0,0,0,0;
custom,tree2,default,1,1,1,0,1,1,1,0.5,1.0,405,67.5,-1605,0,1,0,0;
custom,tree2,default,1,1,1,0,1,1,1,0.5,1.0,340,67.5,-1562.5,0,0,0,0;
custom,tree2,default,1,1,1,0,1,1,1,0.5,1.0,405,67.5,-1705,0,1,0,0;
custom,tree2,default,1,1,1,0,1,1,1,0.5,1.0,340,67.5,-1662.5,0,0,0,0;
custom,tree2,default,1,1,1,0,1,1,1,0.5,1.0,405,67.5,-1805,0,1,0,0;
custom,tree2,default,1,1,1,0,1,1,1,0.5,1.0,340,67.5,-1762.5,0,0,0,0;
custom,tree2,default,1,1,1,0,1,1,1,0.5,1.0,405,67.5,-1905,0,1,0,0;
custom,tree2,default,1,1,1,0,1,1,1,0.5,1.0,340,67.5,-1862.5,0,0,0,0;
custom,tree2,default,1,1,1,0,1,1,1,0.5,1.0,405,67.5,-2005,0,1,0,0;
custom,tree2,default,1,1,1,0,1,1,1,0.5,1.0,340,67.5,-1962.5,0,0,0,0;
custom,tree2,default,1,1,1,0,1,1,1,0.5,1.0,405,67.5,-2105,0,1,0,0;
custom,tree2,default,1,1,1,0,1,1,1,0.5,1.0,340,67.5,-2062.5,0,0,0,0;
custom,tree2,default,1,1,1,0,1,1,1,0.5,1.0,405,67.5,-2205,0,1,0,0;
custom,tree2,default,1,1,1,0,1,1,1,0.5,1.0,340,67.5,-2162.5,0,0,0,0;
custom,tree2,default,1,1,1,0,1,1,1,0.5,1.0,405,67.5,-2305,0,1,0,0;
custom,tree2,default,1,1,1,0,1,1,1,0.5,1.0,405,67.5,-2405,0,1,0,0;
custom,tree2,default,1,1,1,0,1,1,1,0.5,1.0,405,67.5,-2505,0,1,0,0;
custom,tree2,default,1,1,1,0,1,1,1,0.5,1.0,405,67.5,-2605,0,1,0,0;
custom,tree2,default,1,1,1,0,1,1,1,0.5,1.0,405,67.5,-2705,0,1,0,0;
custom,tree2,default,1.5,1.5,1.5,0,1,1,1,0.5,1.0,280,100,-1130,0,0.988,0,0.15;
custom,tree2,default,1.5,1.5,1.5,0,1,1,1,0.5,1.0,450,100,-1130,0,0.988,0,0.15;
custom,tree2,default,1.5,1.5,1.5,0,1,1,1,0.5,1.0,280,100,-1230,0,0.988,0,0.15;
custom,tree2,default,1.5,1.5,1.5,0,1,1,1,0.5,1.0,450,100,-1230,0,0.988,0,0.15;
custom,tree2,default,1.5,1.5,1.5,0,1,1,1,0.5,1.0,280,100,-1330,0,0.988,0,0.15;
custom,tree2,default,1.5,1.5,1.5,0,1,1,1,0.5,1.0,450,100,-1330,0,0.988,0,0.15;
custom,tree2,default,1.5,1.5,1.5,0,1,1,1,0.5,1.0,280,100,-1430,0,0.988,0,0.15;
custom,tree2,default,1.5,1.5,1.5,0,1,1,1,0.5,1.0,450,100,-1430,0,0.988,0,0.15;
custom,tree2,default,1.5,1.5,1.5,0,1,1,1,0.5,1.0,280,100,-1530,0,0.988,0,0.15;
custom,tree2,default,1.5,1.5,1.5,0,1,1,1,0.5,1.0,450,100,-1530,0,0.988,0,0.15;
custom,tree2,default,1.5,1.5,1.5,0,1,1,1,0.5,1.0,280,100,-1630,0,0.988,0,0.15;
custom,tree2,default,1.5,1.5,1.5,0,1,1,1,0.5,1.0,450,100,-1630,0,0.988,0,0.15;
custom,tree2,default,1.5,1.5,1.5,0,1,1,1,0.5,1.0,280,100,-1730,0,0.988,0,0.15;
custom,tree2,default,1.5,1.5,1.5,0,1,1,1,0.5,1.0,450,100,-1730,0,0.988,0,0.15;
custom,tree2,default,1.5,1.5,1.5,0,1,1,1,0.5,1.0,280,100,-1830,0,0.988,0,0.15;
custom,tree2,default,1.5,1.5,1.5,0,1,1,1,0.5,1.0,450,100,-1830,0,0.988,0,0.15;
custom,tree2,default,1.5,1.5,1.5,0,1,1,1,0.5,1.0,280,100,-1930,0,0.988,0,0.15;
custom,tree2,default,1.5,1.5,1.5,0,1,1,1,0.5,1.0,450,100,-1930,0,0.988,0,0.15;
custom,tree2,default,1.5,1.5,1.5,0,1,1,1,0.5,1.0,280,100,-2030,0,0.988,0,0.15;
custom,tree2,default,1.5,1.5,1.5,0,1,1,1,0.5,1.0,450,100,-2030,0,0.988,0,0.15;
custom,tree2,default,1.5,1.5,1.5,0,1,1,1,0.5,1.0,280,100,-2130,0,0.988,0,0.15;
custom,tree2,default,1.5,1.5,1.5,0,1,1,1,0.5,1.0,450,100,-2130,0,0.988,0,0.15;
custom,tree2,default,1.5,1.5,1.5,0,1,1,1,0.5,1.0,280,100,-2230,0,0.988,0,0.15;
custom,tree2,default,1.5,1.5,1.5,0,1,1,1,0.5,1.0,450,100,-2230,0,0.988,0,0.15;
custom,tree2,default,1.5,1.5,1.5,0,1,1,1,0.5,1.0,450,100,-2330,0,0.988,0,0.15;
custom,tree2,default,1.5,1.5,1.5,0,1,1,1,0.5,1.0,450,100,-2430,0,0.988,0,0.15;
custom,tree2,default,1.5,1.5,1.5,0,1,1,1,0.5,1.0,450,100,-2530,0,0.988,0,0.15;
custom,tree2,default,1.5,1.5,1.5,0,1,1,1,0.5,1.0,450,100,-2630,0,0.988,0,0.15;
custom,tree2,default,1.5,1.5,1.5,0,1,1,1,0.5,1.0,450,100,-2730,0,0.988,0,0.15;
custom,tree2,default,1,1,1,0,1,1,1,0.5,1.0,-284.6909,65,-2758.14,0,0.9901485,0,-0.140021;
custom,tree2,default,1,1,1,0,1,1,1,0.5,1.0,-360.4322,65,-2682.092,0,-0.258902,0,-0.9659035;
custom,tree2,default,1,1,1,0,1,1,1,0.5,1.0,-290,65,-2845,0,0.99,0,-0.14;
custom,tree2,default,1,1,1,0,1,1,1,0.5,1.0,-360,65,-2805,0,-0.26,0,-0.97;
custom,tree2,default,1,1,1,0,1,1,1,0.5,1.0,-290,65,-2945,0,0.99,0,-0.14;
custom,tree2,default,1,1,1,0,1,1,1,0.5,1.0,-360,65,-2905,0,-0.26,0,-0.97;
custom,tree2,default,1,1,1,0,1,1,1,0.5,1.0,-290,65,-3045,0,0.99,0,-0.14;
custom,tree2,default,1,1,1,0,1,1,1,0.5,1.0,-360,65,-3005,0,-0.26,0,-0.97;
custom,tree2,default,1,1,1,0,1,1,1,0.5,1.0,-290,65,-3145,0,0.99,0,-0.14;
custom,tree2,default,1,1,1,0,1,1,1,0.5,1.0,-360,65,-3105,0,-0.26,0,-0.97;
custom,tree2,default,1,1,1,0,1,1,1,0.5,1.0,-290,65,-3245,0,0.99,0,-0.14;
custom,tree2,default,1,1,1,0,1,1,1,0.5,1.0,-360,65,-3205,0,-0.26,0,-0.97;
custom,tree2,default,1,1,1,0,1,1,1,0.5,1.0,-290,65,-3345,0,0.99,0,-0.14;
custom,tree2,default,1,1,1,0,1,1,1,0.5,1.0,-360,65,-3305,0,-0.26,0,-0.97;
custom,tree2,default,1,1,1,0,1,1,1,0.5,1.0,-250.1378,66.39998,-3421.114,0,0.9901485,0,-0.140021;
custom,tree2,default,1,1,1,0,1,1,1,0.5,1.0,-360.39,65,-3399.097,0,-0.258902,0,-0.9659035;
custom,tree2,default,1,1,1,0,1,1,1,0.5,1.0,-360.5115,65,-3529.803,0,-0.258902,0,-0.9659035;
custom,tree2,default,1,1,1,0,1,1,1,0.5,1.0,-360,65,-3605,0,-0.26,0,-0.97;
custom,tree2,default,1,1,1,0,1,1,1,0.5,1.0,-360,65,-3705,0,-0.26,0,-0.97;
custom,tree2,default,1,1,1,0,1,1,1,0.5,1.0,23.75052,65,-3573.684,0,-0.258902,0,-0.9659035;
custom,tree2,default,1,1,1,0,1,1,1,0.5,1.0,200,65,-3655,0,-0.26,0,-0.97;
custom,tree2,default,1,1,1,0,1,1,1,0.5,1.0,300,65,-3699,0,-0.26,0,-0.97;
custom,tree2,default,1.5,1.5,1.5,0,1,1,1,0.5,1.0,400,100,-3600,0,-0.26,0,-0.97;
custom,tree2,default,1,1,1,0,1,1,1,0.5,1.0,48.04958,65,-3502.102,0,-0.258902,0,-0.9659035;
custom,tree2,default,1,1,1,0,1,1,1,0.5,1.0,200,65,-3555,0,-0.26,0,-0.97;
custom,tree2,default,1,1,1,0,1,1,1,0.5,1.0,300,65,-3599,0,-0.26,0,-0.97;
custom,tree2,default,1.5,1.5,1.5,0,1,1,1,0.5,1.0,400,100,-3500,0,-0.26,0,-0.97;
custom,tree2,default,1,1,1,0,1,1,1,0.5,1.0,50,65,-3405,0,-0.26,0,-0.97;
custom,tree2,default,1,1,1,0,1,1,1,0.5,1.0,200,65,-3455,0,-0.26,0,-0.97;
custom,tree2,default,1,1,1,0,1,1,1,0.5,1.0,300,65,-3499,0,-0.26,0,-0.97;
custom,tree2,default,1.5,1.5,1.5,0,1,1,1,0.5,1.0,400,100,-3400,0,-0.26,0,-0.97;
custom,tree2,default,1,1,1,0,1,1,1,0.5,1.0,50,65,-3305,0,-0.26,0,-0.97;
custom,tree2,default,1,1,1,0,1,1,1,0.5,1.0,200,65,-3355,0,-0.26,0,-0.97;
custom,tree2,default,1,1,1,0,1,1,1,0.5,1.0,300,65,-3399,0,-0.26,0,-0.97;
custom,tree2,default,1.5,1.5,1.5,0,1,1,1,0.5,1.0,400,100,-3300,0,-0.26,0,-0.97;
custom,tree2,default,1,1,1,0,1,1,1,0.5,1.0,200,65,-3255,0,-0.26,0,-0.97;
custom,tree2,default,1,1,1,0,1,1,1,0.5,1.0,300,65,-3299,0,-0.26,0,-0.97;
custom,tree2,default,1.5,1.5,1.5,0,1,1,1,0.5,1.0,400,100,-3200,0,-0.26,0,-0.97;
custom,tree2,default,1,1,1,0,1,1,1,0.5,1.0,200,65,-3155,0,-0.26,0,-0.97;
custom,tree2,default,1,1,1,0,1,1,1,0.5,1.0,300,65,-3199,0,-0.26,0,-0.97;
custom,tree2,default,1.5,1.5,1.5,0,1,1,1,0.5,1.0,400,100,-3100,0,-0.26,0,-0.97;
custom,tree2,default,1,1,1,0,1,1,1,0.5,1.0,200,65,-3055,0,-0.26,0,-0.97;
custom,tree2,default,1,1,1,0,1,1,1,0.5,1.0,300,65,-3099,0,-0.26,0,-0.97;
custom,tree2,default,1.5,1.5,1.5,0,1,1,1,0.5,1.0,400,100,-3000,0,-0.26,0,-0.97;
custom,tree2,default,1,1,1,0,1,1,1,0.5,1.0,200,65,-2955,0,-0.26,0,-0.97;
custom,tree2,default,1,1,1,0,1,1,1,0.5,1.0,300,65,-2999,0,-0.26,0,-0.97;
custom,tree2,default,1.5,1.5,1.5,0,1,1,1,0.5,1.0,400,100,-2900,0,-0.26,0,-0.97;
custom,tree2,default,1,1,1,0,1,1,1,0.5,1.0,-50,65,-3605,0,-0.26,0,-0.97;
custom,tree2,default,1,1,1,0,1,1,1,0.5,1.0,-150,65,-3605,0,-0.26,0,-0.97;
custom,tree2,default,1,1,1,0,1,1,1,0.5,1.0,-241.4703,65,-3606.092,0,-0.258902,0,-0.9659035;
custom,tree2,default,1,1,1,0,1,1,1,0.5,1.0,-400,65,-2300,0,0.81,0,0.58;
custom,tree2,default,1,1,1,0,1,1,1,0.5,1.0,-480,65,-2340,0,0.21,0,0.88;
custom,tree2,default,1.2,1.2,1.2,0,1,1,1,0.5,1.0,-530,80,-2399,0,0.21,0,0.28;
custom,tree2,default,1,1,1,0,1,1,1,0.5,1.0,-630,65,-2320,0,0.1,0,0.8;
custom,tree2,default,1.5,1.5,1.5,0,1,1,1,0.5,1.0,-750,100,-2370,0,0.91,0,0.28;
custom,tree2,default,1,1,1,0,1,1,1,0.5,1.0,-400,65,-2400,0,0.81,0,0.58;
custom,tree2,default,1,1,1,0,1,1,1,0.5,1.0,-479.4435,65,-2418.205,0,0.2321186,0,0.9726875;
custom,tree2,default,1.2,1.2,1.2,0,1,1,1,0.5,1.0,-523.0177,80,-2523.651,0,0.6,0,0.8;
custom,tree2,default,1,1,1,0,1,1,1,0.5,1.0,-630,65,-2420,0,0.1,0,0.8;
custom,tree2,default,1.5,1.5,1.5,0,1,1,1,0.5,1.0,-750,100,-2470,0,0.91,0,0.28;
custom,tree2,default,1,1,1,0,1,1,1,0.5,1.0,-400,65,-2500,0,0.81,0,0.58;
custom,tree2,default,1,1,1,0,1,1,1,0.5,1.0,-480,65,-2540,0,0.21,0,0.88;
custom,tree2,default,1.2,1.2,1.2,0,1,1,1,0.5,1.0,-530,80,-2599,0,0.21,0,0.28;
custom,tree2,default,1,1,1,0,1,1,1,0.5,1.0,-630,65,-2520,0,0.1,0,0.8;
custom,tree2,default,1.5,1.5,1.5,0,1,1,1,0.5,1.0,-750,100,-2570,0,0.91,0,0.28;
custom,tree2,default,1,1,1,0,1,1,1,0.5,1.0,-401.7602,65,-2627.103,0,0.8130547,0,0.5821873;
custom,tree2,default,1,1,1,0,1,1,1,0.5,1.0,-487.4735,65,-2639.586,0,0.2321186,0,0.9726875;
custom,tree2,default,1.2,1.2,1.2,0,1,1,1,0.5,1.0,-530,80,-2699,0,0.21,0,0.28;
custom,tree2,default,1,1,1,0,1,1,1,0.5,1.0,-630,65,-2620,0,0.1,0,0.8;
custom,tree2,default,1.5,1.5,1.5,0,1,1,1,0.5,1.0,-750,100,-2670,0,0.91,0,0.28;
custom,tree2,default,1,1,1,0,1,1,1,0.5,1.0,-400,65,-2700,0,0.81,0,0.58;
custom,tree2,default,1,1,1,0,1,1,1,0.5,1.0,-480,65,-2740,0,0.21,0,0.88;
custom,tree2,default,1.2,1.2,1.2,0,1,1,1,0.5,1.0,-530,80,-2799,0,0.21,0,0.28;
custom,tree2,default,1,1,1,0,1,1,1,0.5,1.0,-630,65,-2720,0,0.1,0,0.8;
custom,tree2,default,1.5,1.5,1.5,0,1,1,1,0.5,1.0,-750,100,-2770,0,0.91,0,0.28;
custom,tree2,default,1,1,1,0,1,1,1,0.5,1.0,-400,65,-2800,0,0.81,0,0.58;
custom,tree2,default,1,1,1,0,1,1,1,0.5,1.0,-480,65,-2840,0,0.21,0,0.88;
custom,tree2,default,1.2,1.2,1.2,0,1,1,1,0.5,1.0,-530,80,-2899,0,0.21,0,0.28;
custom,tree2,default,1,1,1,0,1,1,1,0.5,1.0,-630,65,-2820,0,0.1,0,0.8;
custom,tree2,default,1.5,1.5,1.5,0,1,1,1,0.5,1.0,-750,100,-2870,0,0.91,0,0.28;
custom,tree2,default,1,1,1,0,1,1,1,0.5,1.0,-400,65,-2900,0,0.81,0,0.58;
custom,tree2,default,1,1,1,0,1,1,1,0.5,1.0,-480,65,-2940,0,0.21,0,0.88;
custom,tree2,default,1.2,1.2,1.2,0,1,1,1,0.5,1.0,-530,80,-2999,0,0.21,0,0.28;
custom,tree2,default,1,1,1,0,1,1,1,0.5,1.0,-630,65,-2920,0,0.1,0,0.8;
custom,tree2,default,1.5,1.5,1.5,0,1,1,1,0.5,1.0,-750,100,-2970,0,0.91,0,0.28;
custom,tree2,default,1,1,1,0,1,1,1,0.5,1.0,-400,65,-3000,0,0.81,0,0.58;
custom,tree2,default,1,1,1,0,1,1,1,0.5,1.0,-480,65,-3040,0,0.21,0,0.88;
custom,tree2,default,1.2,1.2,1.2,0,1,1,1,0.5,1.0,-530,80,-3099,0,0.21,0,0.28;
custom,tree2,default,1,1,1,0,1,1,1,0.5,1.0,-630,65,-3020,0,0.1,0,0.8;
custom,tree2,default,1.5,1.5,1.5,0,1,1,1,0.5,1.0,-750,100,-3070,0,0.91,0,0.28;
custom,tree2,default,1,1,1,0,1,1,1,0.5,1.0,-400,65,-3100,0,0.81,0,0.58;
custom,tree2,default,1,1,1,0,1,1,1,0.5,1.0,-480,65,-3140,0,0.21,0,0.88;
custom,tree2,default,1.2,1.2,1.2,0,1,1,1,0.5,1.0,-530,80,-3199,0,0.21,0,0.28;
custom,tree2,default,1,1,1,0,1,1,1,0.5,1.0,-630,65,-3120,0,0.1,0,0.8;
custom,tree2,default,1.5,1.5,1.5,0,1,1,1,0.5,1.0,-750,100,-3170,0,0.91,0,0.28;
custom,tree2,default,1,1,1,0,1,1,1,0.5,1.0,-400,65,-3200,0,0.81,0,0.58;
custom,tree2,default,1,1,1,0,1,1,1,0.5,1.0,-480,65,-3240,0,0.21,0,0.88;
custom,tree2,default,1.2,1.2,1.2,0,1,1,1,0.5,1.0,-516.5736,76.60005,-3264.199,0,0.6,0,0.8;
custom,tree2,default,1,1,1,0,1,1,1,0.5,1.0,-630,65,-3220,0,0.1,0,0.8;
custom,tree2,default,1.5,1.5,1.5,0,1,1,1,0.5,1.0,-750,100,-3270,0,0.91,0,0.28;
custom,tree2,default,1,1,1,0,1,1,1,0.5,1.0,-400,65,-3300,0,0.81,0,0.58;
custom,tree2,default,1,1,1,0,1,1,1,0.5,1.0,-480,65,-340,0,0.21,0,0.88;
custom,tree2,default,1.2,1.2,1.2,0,1,1,1,0.5,1.0,-542.6418,80,-3387.669,0,0.6,0,0.8;
custom,tree2,default,1,1,1,0,1,1,1,0.5,1.0,-630,65,-3320,0,0.1,0,0.8;
custom,tree2,default,1.5,1.5,1.5,0,1,1,1,0.5,1.0,-750,100,-3370,0,0.91,0,0.28;
custom,tree2,default,1,1,1,0,1,1,1,0.5,1.0,-400.2686,65,-3370.19,0,0.8130547,0,0.5821873;
custom,tree2,default,1,1,1,0,1,1,1,0.5,1.0,-480,65,-3440,0,0.21,0,0.88;
custom,tree2,default,1.2,1.2,1.2,0,1,1,1,0.5,1.0,-530,80,-3499,0,0.21,0,0.28;
custom,tree2,default,1,1,1,0,1,1,1,0.5,1.0,-630,65,-3420,0,0.1,0,0.8;
custom,tree2,default,1.5,1.5,1.5,0,1,1,1,0.5,1.0,-750,100,-3470,0,0.91,0,0.28;
custom,tree2,default,1,1,1,0,1,1,1,0.5,1.0,-400.9446,65,-3495.746,0,0.8130547,0,0.5821873;
custom,tree2,default,1,1,1,0,1,1,1,0.5,1.0,-480,65,-3540,0,0.21,0,0.88;
custom,tree2,default,1.2,1.2,1.2,0,1,1,1,0.5,1.0,-530,80,-3599,0,0.21,0,0.28;
custom,tree2,default,1,1,1,0,1,1,1,0.5,1.0,-630,65,-3520,0,0.1,0,0.8;
custom,tree2,default,1.5,1.5,1.5,0,1,1,1,0.5,1.0,-750,100,-3570,0,0.91,0,0.28;
custom,tree2,default,1,1,1,0,1,1,1,0.5,1.0,-400,65,-3600,0,0.81,0,0.58;
custom,tree2,default,1,1,1,0,1,1,1,0.5,1.0,-480,65,-3640,0,0.21,0,0.88;
custom,tree2,default,1.2,1.2,1.2,0,1,1,1,0.5,1.0,-530,80,-3699,0,0.21,0,0.28;
custom,tree2,default,1,1,1,0,1,1,1,0.5,1.0,-630,65,-3620,0,0.1,0,0.8;
custom,tree2,default,1.5,1.5,1.5,0,1,1,1,0.5,1.0,-750,100,-3670,0,0.91,0,0.28;
custom,tree2,default,1,1,1,0,1,1,1,0.5,1.0,-248.7417,66.05244,-2792.733,0,0.0592082,0,0.9982457;
custom,tree2,default,1,1,1,0,1,1,1,0.5,1.0,-197.6877,66.57741,-2819.256,0,0.07443251,0,0.9972261;
custom,tree2,default,1,1,1,0,1,1,1,0.5,1.0,-143.1393,54.41777,-2815.934,0,0.006247154,0,-0.9999805;
custom,tree2,default,1,1,1,0,1,1,1,0.5,1.0,-125.7509,66.39438,-2302.515,0,0.7473875,0,-0.6643884;
custom,tree2,default,1,1,1,0,1,1,1,0.5,1.0,-205.1629,66.46732,-2326.125,0,0.3643653,0,-0.9312561;
custom,tree2,default,1,1,1,0,1,1,1,0.5,1.0,-323.7495,66.26188,-2418.168,0,0.4046468,0,-0.9144731;
custom,tree2,default,1,1,1,0,1,1,1,0.5,1.0,-261.7108,66.12669,-2366.328,0,0.438348,0,-0.8988054;
custom,tree2,default,1,1,1,0,1,1,1,0.5,1.0,-329.4857,66.98903,-2316.496,0,0.2120111,0,0.9772673;
custom,tree2,default,1,1,1,0,1,1,1,0.5,1.0,208.645,66.28241,-2700.923,0,0.6689321,0,0.7433235;
custom,tree2,default,1,1,1,0,1,1,1,0.5,1.0,351.1096,65.62926,-2590.862,0,0.7251899,0,0.6885489;
custom,tree2,default,1,1,1,0,1,1,1,0.5,1.0,112.0198,66.38869,-2718.038,0,0.4595408,0,0.8881567;
custom,tree2,default,1,1,1,0,1,1,1,0.5,1.0,294.3918,65.93111,-2653.659,0,0.9529318,0,0.3031847;
custom,tree2,default,1,1,1,0,1,1,1,0.5,1.0,311.1215,65.22989,-2733.045,0,0.8738168,0,-0.4862552;
custom,tree2,default,1,1,1,0,1,1,1,0.5,1.0,240.2913,65.18641,-2301.557,0,0.05733697,0,-0.9983549;
custom,tree2,default,1,1,1,0,1,1,1,0.5,1.0,119.6731,66.08061,-2311.601,0,0.1355446,0,-0.9907712;
custom,tree2,default,1,1,1,0,1,1,1,0.5,1.0,-46.74145,65.748,-3307.172,0,0.7123545,0,-0.7018199;
custom,tree2,default,1,1,1,0,1,1,1,0.5,1.0,-45.38761,66.10305,-3401.954,0,0.7000032,0,-0.7141397;
custom,tree2,default,1,1,1,0,1,1,1,0.5,1.0,-178.6445,65.09261,-3464.877,0,0.9996287,0,-0.02724792;
custom,tree2,default,1,1,1,0,1,1,1,0.5,1.0,-94.49194,66.51147,-3453.559,0,0.9788182,0,0.2047312;
custom,tree2,default,1,1,1,0,1,1,1,0.5,1.0,91.64643,65.57683,-3637.188,0,0.981467,0,-0.1916311;
custom,tree2,default,1,1,1,0,1,1,1,0.5,1.0,-317.5968,65.94359,-3567.261,0,0.9481058,0,-0.3179553;
custom,tree2,default,1,1,1,0,1,1,1,0.5,1.0,-205.1311,66.09916,-3682.896,0,0.7287696,0,0.6847591;
custom,tree2,default,1,1,1,0,1,1,1,0.5,1.0,-86.7234,64.71246,-3682.79,0,0.7136577,0,0.7004946;
custom,tree2,default,1,1,1,0,1,1,1,0.5,1.0,37.66973,64.43127,-3692.949,0,0.5606121,0,-0.8280785;
custom,boulder1,default,6,10,6,0,1,1,1,1.0,1.0,-166.7684,25.31297,-3328.783,0,0.9987358,0,0.05026672;
custom,boulder1,default,6,10,6,0,1,1,1,1.0,1.0,-152.756,17.81173,-3268.865,0,-0.1199235,0,-0.9927831;
custom,boulder1,default,6,10,6,0,1,1,1,1.0,1.0,-165.2488,13.47038,-3219.924,0,0.7956272,0,-0.6057867;
custom,cuboid,brick2,10,10,2,0,1,1,1,1.0,1.0,-129.9516,90.81387,-3233.56,0,0.9324964,0,0.3611793;
custom,boulder1,default,4,10,4,0,1,1,1,1.0,1.0,-219.2999,25.30197,-2966.367,0,0.9967879,0,-0.08008696;
custom,boulder1,default,3,4,3,0,1,1,1,1.0,1.0,-112.4098,20.21172,-2942.643,0,0.9860096,0,-0.1666885;
custom,boulder1,default,3,5,3,0,1,1,1,1.0,1.0,-590.0142,0.3425508,-2362.422,0,0.8055549,0,-0.5925212;
custom,boulder1,default,3,5,3,0,1,1,1,1.0,1.0,507.7286,-3.400276,-1361.157,0,0.9999832,0,-0.005802643;
custom,boulder1,default,3,5,3,0,1,1,1,1.0,1.0,510.601,-15.79089,-1919.817,0,0.9999869,0,0.005111628;
custom,boulder1,default,3,5,3,0,1,1,1,1.0,1.0,509.4614,-3.243148,-2332.317,0,0.9999551,0,0.009475761;
custom,boulder1,default,3,5,3,0,1,1,1,1.0,1.0,-121.8781,9.638157,-2722.521,0,0.9683384,0,-0.2496412;
custom,boulder1,default,3,5,3,0,1,1,1,1.0,1.0,-17.27447,-14.66805,-2762.638,0,0.658292,0,-0.7527627;
custom,boulder1,default,3,5,3,0,1,1,1,1.0,1.0,-276.4312,21.89584,-3675.245,0,0.9980548,0,-0.06234276;
custom,boulder1,default,3,5,3,0,1,1,1,1.0,1.0,101.693,-8.647833,-3529.61,0,0.6845192,0,0.7289948;
custom,boulder1,default,3,5,3,0,1,1,1,1.0,1.0,137.2609,-1.620901,-3244.052,0,0.2198065,0,0.9755435;
custom,boulder1,default,5,5,5,0,1,1,1,1.0,1.0,-672.5637,-9.412691,-3568.746,0,0.5797213,0,-0.8148148;
custom,boulder1,default,2,10,2,0,1,1,1,1.0,1.0,-92.34635,15.95052,-3220.096,-0.02955085,0.6042113,0.0388979,-0.7953254;
custom,boulder1,default,2,5,2,0,1,1,1,1.0,1.0,226.7311,2.060511,-2587.441,0,0.8888024,0,-0.4582907;
custom,boulder1,default,2,5,2,0,1,1,1,1.0,1.0,90.63363,14.28998,-2439.748,0,0.01353716,0,0.9999084;
custom,boulder1,default,2,5,2,0,1,1,1,1.0,1.0,-177.3541,-4.52584,-2529.954,0,0.6927831,0,-0.721146;
custom,boulder1,default,2,5,2,0,1,1,1,1.0,1.0,-202.8456,24.71679,-2741.96,0,0.9956384,0,0.09329591;
custom,boulder1,default,6,2,6,0,1,1,1,1.0,1.0,231.5268,3.002285,-2461.926,0,0.926231,0,-0.3769563;
custom,boulder1,default,4,2,4,0,1,1,1,1.0,1.0,-140.7257,1.00814,-2410.629,0,0.323801,0,0.9461252;
custom,boulder1,default,4,2,4,0,1,1,1,1.0,1.0,-275.1005,-5.15381,-2612.582,0,0.9995429,0,0.0302329;
custom,boulder1,default,3,2,3,0,1,1,1,1.0,1.0,114.3858,-2.920168,-2561.37,0,0.9828832,0,-0.1842297;
custom,boulder1,default,3,4,3,0,1,1,1,1.0,1.0,231.6636,-30.8999,-2260.096,0,0.4025443,0,-0.9154005;
custom,boulder1,default,1,4,1,0,1,1,1,1.0,1.0,224.1185,28.8945,-2251.088,0,0.6706196,0,-0.7418015;
custom,boulder1,default,1,5,1,0,1,1,1,1.0,1.0,-214.2205,33.80158,-2866.734,0,0.9161603,0,-0.4008121;
custom,boulder1,default,1,5,1,0,1,1,1,1.0,1.0,-189.3911,26.02814,-3063.185,0,0.9743552,0,-0.2250154;
custom,tree2,default,1,1,1,0,1,1,1,1.0,1.0,-213.9583,66.03672,-3143.796,0,0.9999148,0,0.0130511;
custom,tree2,default,1,1,1,0,1,1,1,1.0,1.0,-230.7517,63.4762,-3055.483,0,0.8880055,0,-0.4598328;
custom,boulder1,default,4,3,2,0,1,1,1,1.0,1.0,-200.8315,109.0618,-3213.7,-0.1552681,0.9803236,0.0190681,-0.1203912;
custom,boulder1,default,4,3,2,0,1,1,1,1.0,1.0,-182.2633,98.92323,-2976.466,0,0.9836466,0,-0.1801093;
custom,boulder1,default,4,1,2,0,1,1,1,1.0,1.0,344.3288,2.709619,-2303.046,0,0.9305685,0,0.3661179;
custom,tube,stone2,6,2,6,0,1,1,1,1.0,2,18.90472,1.019126,1821.531,0,0.01479442,0,0.9998906;
custom,cylinder,grass,6,0.5,6,1,0,0.3,0,1.0,2,17.6091,-0.2450318,1820.68,0,0.1398368,0,-0.9901746;
custom,tree2,default,0.6,0.5,0.6,0,1,1,1,1.0,2,18.40405,37.80671,1817.639,0,0.07119261,0,0.9974626;
custom,tube,stone2,6,1,6,0,1,1,1,2.0,4,755,1.5,500,0,0,0,0;
custom,cylinder,grass,6,0.5,6,1,0,0.3,0,2.0,4,755,-2,500,0,0,0,0;
custom,tree2,default,0.6,0.5,0.6,0,1,1,1,2.0,4,755,35,500,0,0,0,0;
custom,tube,stone2,6,1,6,0,1,1,1,2.0,4,375,1.5,-730,0,0,0,0;
custom,cylinder,grass,6,0.5,6,1,0,0.3,0,2.0,4,375,-2,-730,0,0,0,0;
custom,tree2,default,0.75,0.75,0.75,0,1,1,1,1.0,2,375,50,-730,0,0,0,0;
custom,tube,stone2,6,1,6,0,1,1,1,2.0,4,375,1.5,-830,0,0,0,0;
custom,cylinder,grass,6,0.5,6,1,0,0.3,0,2.0,4,375,-2,-830,0,0,0,0;
custom,tree2,default,0.75,0.75,0.75,0,1,1,1,1.0,2,375,50,-830,0,1,0,1;
custom,tube,stone2,6,1,6,0,1,1,1,2.0,4,375,1.5,-930,0,0,0,0;
custom,cylinder,grass,6,0.5,6,1,0,0.3,0,2.0,4,375,-2,-930,0,0,0,0;
custom,tree2,default,0.75,0.75,0.75,0,1,1,1,1.0,2,375,50,-930,0,1,0,0.414;
custom,tube,stone2,6,1,6,0,1,1,1,2.0,4,-100,1.5,-420,0,0,0,0;
custom,cylinder,grass,6,0.5,6,1,0,0.3,0,2.0,4,-100,-2,-420,0,0,0,0;
custom,tree2,default,0.6,0.5,0.6,0,1,1,1,1.0,2,-100,35,-420,0,0,0,0;
custom,tube,stone2,6,1,6,0,1,1,1,2.0,4,100,1.5,-420,0,0,0,0;
custom,cylinder,grass,6,0.5,6,1,0,0.3,0,2.0,4,100,-2,-420,0,0,0,0;
custom,tree2,default,0.6,0.5,0.6,0,1,1,1,2.0,4,100,35,-420,0,0,0,0;
custom,cuboid,grass,4,2,100,1,0,0.5,0,1.0,8.0,-180,10,-1740,0,0,0,0;
custom,cuboid,stone2,1,2.5,100,0,0,0.5,0,8.0,1.0,-155,12.5,-1740,0,0,0,0;
custom,cuboid,grass,4,2,100,1,0,0.5,0,1.0,8.0,180,10,-1740,0,0,0,0;
custom,cuboid,stone2,1,2.5,100,0,0,0.5,0,8.0,1.0,155,12.5,-1740,0,0,0,0;
custom,cuboid,lava1,30,1,100,0,0,0.5,0,1.0,4.0,0,5,-1740,0,0,0,0;
custom,tree1,default,1,1.2,1,0,1,1,1,1.0,1.0,-180,17.5,-2170,0,0,0,0;
custom,tree1,default,1,1.2,1,0,1,1,1,1.0,1.0,-180,17.5,-2070,0,0,0,0;
custom,tree1,default,1,1.2,1,0,1,1,1,1.0,1.0,-180,17.5,-1970,0,0,0,0;
custom,tree1,default,1,1.2,1,0,1,1,1,1.0,1.0,-180,17.5,-1870,0,0,0,0;
custom,tree1,default,1,1.2,1,0,1,1,1,1.0,1.0,-180,17.5,-1770,0,0,0,0;
custom,tree1,default,1,1.2,1,0,1,1,1,1.0,1.0,-180,17.5,-1670,0,0,0,0;
custom,tree1,default,1,1.2,1,0,1,1,1,1.0,1.0,-180,17.5,-1570,0,0,0,0;
custom,tree1,default,1,1.2,1,0,1,1,1,1.0,1.0,-180,17.5,-1470,0,0,0,0;
custom,tree1,default,1,1.2,1,0,1,1,1,1.0,1.0,-180,17.5,-1370,0,0,0,0;
custom,tree1,default,1,1.2,1,0,1,1,1,1.0,1.0,-180,17.5,-1270,0,0,0,0;
custom,tree1,default,1,1.2,1,0,1,1,1,1.0,1.0,180,17.5,-2170,0,0,0,0;
custom,tree1,default,1,1.2,1,0,1,1,1,1.0,1.0,180,17.5,-2070,0,0,0,0;
custom,tree1,default,1,1.2,1,0,1,1,1,1.0,1.0,180,17.5,-1970,0,0,0,0;
custom,tree1,default,1,1.2,1,0,1,1,1,1.0,1.0,180,17.5,-1870,0,0,0,0;
custom,tree1,default,1,1.2,1,0,1,1,1,1.0,1.0,180,17.5,-1770,0,0,0,0;
custom,tree1,default,1,1.2,1,0,1,1,1,1.0,1.0,180,17.5,-1670,0,0,0,0;
custom,tree1,default,1,1.2,1,0,1,1,1,1.0,1.0,180,17.5,-1570,0,0,0,0;
custom,tree1,default,1,1.2,1,0,1,1,1,1.0,1.0,180,17.5,-1470,0,0,0,0;
custom,tree1,default,1,1.2,1,0,1,1,1,1.0,1.0,180,17.5,-1370,0,0,0,0;
custom,tree1,default,1,1.2,1,0,1,1,1,1.0,1.0,180,17.5,-1270,0,0,0,0;
custom,cuboid,brick2,40,3,1,0,0,0.5,0,2.0,0.5,0,15,-1235,0,0,0,0;
custom,cuboid,stone5,40,1,60,0,1,1,1,2,2,0,0,-930,0,0,0,0;
custom,cuboid,brick2,1,14,1,0,1,1,1,0.1,1.0,-160,72.5,-1155,0,0,0,0;
custom,cuboid,brick2,1,14,1,0,1,1,1,0.1,1.0,-160,72.5,-1055,0,0,0,0;
custom,cuboid,brick2,1,14,1,0,1,1,1,0.1,1.0,-160,72.5,-955,0,0,0,0;
custom,cuboid,brick2,1,14,1,0,1,1,1,0.1,1.0,-160,72.5,-855,0,0,0,0;
custom,cuboid,brick2,1,14,1,0,1,1,1,0.1,1.0,-160,72.5,-755,0,0,0,0;
custom,cuboid,brick2,1,14,1,0,1,1,1,0.1,1.0,-160,72.5,-655,0,0,0,0;
custom,cuboid,brick2,1,10,1,0,1,1,1,0.1,1.0,-95,55,-1155,0,0,0,0;
custom,cuboid,brick2,1,10,1,0,1,1,1,0.1,1.0,-95,55,-1055,0,0,0,0;
custom,cuboid,brick2,1,10,1,0,1,1,1,0.1,1.0,-95,55,-955,0,0,0,0;
custom,cuboid,brick2,1,10,1,0,1,1,1,0.1,1.0,-95,55,-855,0,0,0,0;
custom,cuboid,brick2,1,10,1,0,1,1,1,0.1,1.0,-95,55,-755,0,0,0,0;
custom,cuboid,brick2,1,10,1,0,1,1,1,0.1,1.0,-95,55,-655,0,0,0,0;
custom,statue2,brick2,2,2,2,0,1,1,1,1,1.0,-151.5,142.5,-1155,0,1,0,1;
custom,statue1,brick2,1.5,1.5,1.5,0,1,1,1,1,1.0,-95,105,-1155,0,-1,0,-1;
custom,statue2,brick2,2,2,2,0,1,1,1,1,1.0,-151.5,142.5,-1055,0,1,0,1;
custom,statue1,brick2,1.5,1.5,1.5,0,1,1,1,1,1.0,-95,105,-1055,0,-1,0,-1;
custom,statue2,brick2,2,2,2,0,1,1,1,1,1.0,-151.5,142.5,-955,0,1,0,1;
custom,statue1,brick2,1.5,1.5,1.5,0,1,1,1,1,1.0,-95,105,-955,0,-1,0,-1;
custom,statue2,brick2,2,2,2,0,1,1,1,1,1.0,-151.5,142.5,-855,0,1,0,1;
custom,statue1,brick2,1.5,1.5,1.5,0,1,1,1,1,1.0,-95,105,-855,0,-1,0,-1;
custom,statue2,brick2,2,2,2,0,1,1,1,1,1.0,-151.5,142.5,-755,0,1,0,1;
custom,statue1,brick2,1.5,1.5,1.5,0,1,1,1,1,1.0,-95,105,-755,0,-1,0,-1;
custom,statue2,brick2,2,2,2,0,1,1,1,1,1.0,-151.5,142.5,-655,0,1,0,1;
custom,statue1,brick2,1.5,1.5,1.5,0,1,1,1,1,1.0,-95,105,-655,0,-1,0,-1;
custom,cuboid,brick2,1,14,1,0,1,1,1,0.1,1.0,170,72.5,-1155,0,0,0,0;
custom,cuboid,brick2,1,14,1,0,1,1,1,0.1,1.0,170,72.5,-1055,0,0,0,0;
custom,cuboid,brick2,1,14,1,0,1,1,1,0.1,1.0,170,72.5,-955,0,0,0,0;
custom,cuboid,brick2,1,14,1,0,1,1,1,0.1,1.0,170,72.5,-855,0,0,0,0;
custom,cuboid,brick2,1,14,1,0,1,1,1,0.1,1.0,170,72.5,-755,0,0,0,0;
custom,cuboid,brick2,1,14,1,0,1,1,1,0.1,1.0,170,72.5,-655,0,0,0,0;
custom,cuboid,brick2,1,10,1,0,1,1,1,0.1,1.0,105,55,-1155,0,0,0,0;
custom,cuboid,brick2,1,10,1,0,1,1,1,0.1,1.0,105,55,-1055,0,0,0,0;
custom,cuboid,brick2,1,10,1,0,1,1,1,0.1,1.0,105,55,-955,0,0,0,0;
custom,cuboid,brick2,1,10,1,0,1,1,1,0.1,1.0,105,55,-855,0,0,0,0;
custom,cuboid,brick2,1,10,1,0,1,1,1,0.1,1.0,105,55,-755,0,0,0,0;
custom,cuboid,brick2,1,10,1,0,1,1,1,0.1,1.0,105,55,-655,0,0,0,0;
custom,statue2,brick2,2,2,2,0,1,1,1,1,1.0,161.5,142.5,-1155,0,-1,0,1;
custom,statue1,brick2,1.5,1.5,1.5,0,1,1,1,1,1.0,105,105,-1155,0,-1,0,1;
custom,statue2,brick2,2,2,2,0,1,1,1,1,1.0,161.5,142.5,-1055,0,-1,0,1;
custom,statue1,brick2,1.5,1.5,1.5,0,1,1,1,1,1.0,105,105,-1055,0,-1,0,1;
custom,statue2,brick2,2,2,2,0,1,1,1,1,1.0,161.5,142.5,-955,0,-1,0,1;
custom,statue1,brick2,1.5,1.5,1.5,0,1,1,1,1,1.0,105,105,-955,0,-1,0,1;
custom,statue2,brick2,2,2,2,0,1,1,1,1,1.0,161.5,142.5,-855,0,-1,0,1;
custom,statue1,brick2,1.5,1.5,1.5,0,1,1,1,1,1.0,105,105,-855,0,-1,0,1;
custom,statue2,brick2,2,2,2,0,1,1,1,1,1.0,161.5,142.5,-755,0,-1,0,1;
custom,statue1,brick2,1.5,1.5,1.5,0,1,1,1,1,1.0,105,105,-755,0,-1,0,1;
custom,statue2,brick2,2,2,2,0,1,1,1,1,1.0,161.5,142.5,-655,0,-1,0,1;
custom,statue1,brick2,1.5,1.5,1.5,0,1,1,1,1,1.0,105,105,-655,0,-1,0,1;
custom,cylinder,brick2,0.1,6,0.1,0,1,1,1,0.1,1.0,60,62.5,-640,0,0,0,0;
custom,cylinder,brick2,0.1,6,0.1,0,1,1,1,0.1,1.0,30,62.5,-640,0,0,0,0;
custom,cylinder,brick2,0.1,6,0.1,0,1,1,1,0.1,1.0,0,62.5,-640,0,0,0,0;
custom,cylinder,brick2,0.1,6,0.1,0,1,1,1,0.1,1.0,-30,62.5,-640,0,0,0,0;
custom,cylinder,brick2,0.1,6,0.1,0,1,1,1,0.1,1.0,-60,62.5,-640,0,0,0,0;
custom,cylinder,brick2,0.1,6,0.1,0,1,1,1,0.1,1.0,60,62.5,-660,0,0,0,0;
custom,cylinder,brick2,0.1,6,0.1,0,1,1,1,0.1,1.0,30,62.5,-660,0,0,0,0;
custom,cylinder,brick2,0.1,6,0.1,0,1,1,1,0.1,1.0,0,62.5,-660,0,0,0,0;
custom,cylinder,brick2,0.1,6,0.1,0,1,1,1,0.1,1.0,-30,62.5,-660,0,0,0,0;
custom,cylinder,brick2,0.1,6,0.1,0,1,1,1,0.1,1.0,-60,62.5,-660,0,0,0,0;
custom,cylinder,brick2,0.1,6,0.1,0,1,1,1,0.1,1.0,0,100,-660,0.5,0.5,-0.5,0.5;
custom,cylinder,brick2,0.1,6,0.1,0,1,1,1,0.1,1.0,0,80,-660,0.5,0.5,-0.5,0.5;
custom,cylinder,brick2,0.1,6,0.1,0,1,1,1,0.1,1.0,0,60,-660,0.5,0.5,-0.5,0.5;
custom,cylinder,brick2,0.1,6,0.1,0,1,1,1,0.1,1.0,0,40,-660,0.5,0.5,-0.5,0.5;
custom,cylinder,brick2,0.1,6,0.1,0,1,1,1,0.1,1.0,0,20,-660,0.5,0.5,-0.5,0.5;
custom,cylinder,brick2,0.1,6,0.1,0,1,1,1,0.1,1.0,0,100,-640,0.5,0.5,-0.5,0.5;
custom,cylinder,brick2,0.1,6,0.1,0,1,1,1,0.1,1.0,0,80,-640,0.5,0.5,-0.5,0.5;
custom,cylinder,brick2,0.1,6,0.1,0,1,1,1,0.1,1.0,0,60,-640,0.5,0.5,-0.5,0.5;
custom,cylinder,brick2,0.1,6,0.1,0,1,1,1,0.1,1.0,0,40,-640,0.5,0.5,-0.5,0.5;
custom,cylinder,brick2,0.1,6,0.1,0,1,1,1,0.1,1.0,0,20,-640,0.5,0.5,-0.5,0.5;
custom,cylinder,brick2,0.1,1,0.1,0,1,1,1,0.1,1.0,-60,100,-650,1,0,0,1;
custom,cylinder,brick2,0.1,1,0.1,0,1,1,1,0.1,1.0,-60,80,-650,1,0,0,1;
custom,cylinder,brick2,0.1,1,0.1,0,1,1,1,0.1,1.0,-60,60,-650,1,0,0,1;
custom,cylinder,brick2,0.1,1,0.1,0,1,1,1,0.1,1.0,-60,40,-650,1,0,0,1;
custom,cylinder,brick2,0.1,1,0.1,0,1,1,1,0.1,1.0,-60,20,-650,1,0,0,1;
custom,cylinder,brick2,0.1,1,0.1,0,1,1,1,0.1,1.0,-30,100,-650,1,0,0,1;
custom,cylinder,brick2,0.1,1,0.1,0,1,1,1,0.1,1.0,-30,80,-650,1,0,0,1;
custom,cylinder,brick2,0.1,1,0.1,0,1,1,1,0.1,1.0,-30,60,-650,1,0,0,1;
custom,cylinder,brick2,0.1,1,0.1,0,1,1,1,0.1,1.0,-30,40,-650,1,0,0,1;
custom,cylinder,brick2,0.1,1,0.1,0,1,1,1,0.1,1.0,-30,20,-650,1,0,0,1;
custom,cylinder,brick2,0.1,1,0.1,0,1,1,1,0.1,1.0,30,100,-650,1,0,0,1;
custom,cylinder,brick2,0.1,1,0.1,0,1,1,1,0.1,1.0,30,80,-650,1,0,0,1;
custom,cylinder,brick2,0.1,1,0.1,0,1,1,1,0.1,1.0,30,60,-650,1,0,0,1;
custom,cylinder,brick2,0.1,1,0.1,0,1,1,1,0.1,1.0,30,40,-650,1,0,0,1;
custom,cylinder,brick2,0.1,1,0.1,0,1,1,1,0.1,1.0,30,20,-650,1,0,0,1;
custom,cylinder,brick2,0.1,1,0.1,0,1,1,1,0.1,1.0,60,100,-650,1,0,0,1;
custom,cylinder,brick2,0.1,1,0.1,0,1,1,1,0.1,1.0,60,80,-650,1,0,0,1;
custom,cylinder,brick2,0.1,1,0.1,0,1,1,1,0.1,1.0,60,60,-650,1,0,0,1;
custom,cylinder,brick2,0.1,1,0.1,0,1,1,1,0.1,1.0,60,40,-650,1,0,0,1;
custom,cylinder,brick2,0.1,1,0.1,0,1,1,1,0.1,1.0,60,20,-650,1,0,0,1;
custom,cylinder,brick2,0.1,1,0.1,0,1,1,1,0.1,1.0,0,100,-650,1,0,0,1;
custom,cylinder,brick2,0.1,1,0.1,0,1,1,1,0.1,1.0,0,80,-650,1,0,0,1;
custom,cylinder,brick2,0.1,1,0.1,0,1,1,1,0.1,1.0,0,60,-650,1,0,0,1;
custom,cylinder,brick2,0.1,1,0.1,0,1,1,1,0.1,1.0,0,40,-650,1,0,0,1;
custom,cylinder,brick2,0.1,1,0.1,0,1,1,1,0.1,1.0,0,20,-650,1,0,0,1;
custom,leaf0,default,1,1,1,1,0,0,0,0.1,1.0,-16,69.9999,-630.5,-1,0,0,1;
custom,leaf0,default,1,1,1,1,0,0,0,0.1,1.0,32,42,-630.5,-1,0,0,1;
custom,cannon1,default,4,4,4,0,0,0,0,0.1,1.0,-5,198.5,-2322.5,0,0,0,0;
custom,leaf0,default,0.5,0.5,0.5,1,0.5,0,0,0.1,1.0,-4.299438,200.1861,-2394.008,0,0.6284381,0,0.7778596;
custom,leaf0,default,0.1,0.5,0.4,1,0.5,0,0,0.1,1.0,5.308512,200.6232,-2408.867,0,0.9011518,0,0.4335036;
custom,leaf0,default,0.1,0.5,0.4,1,0.5,0,0,0.1,1.0,9.311269,200.302,-2418.871,0,0.7913284,0,0.6113914;
custom,leaf0,default,0.5,0.5,0.5,1,0.5,0,0,0.1,1.0,59.27373,2,-2425.952,0,0.9996321,0,-0.02712505;
custom,leaf0,default,0.1,0.5,0.5,1,0.5,0,0,0.1,1.0,72.76346,36.63132,-2430.976,-0.2420558,0.7457517,0.4995078,0.3684499;
custom,statue2,wood2,0.2,0.2,0.2,0,0,0,0,0.01,0.01,49.64785,0,-2433.369,0.1902898,-0.1943476,0.4116579,-0.8698026;
custom,log2,default,0.5,0.5,0.5,0,0,0,0,1,1,48.28698,2.538624,-2428.534,0,0.9877297,0,-0.1561735;
custom,field2,default,0.5,0.5,0.5,0,0,0,0,1,1,53.98956,-0.9810777,-2456.222,0,0.02883532,0,0.9995842;
custom,field2,default,0.5,0.5,0.5,0,0,0,0,1,1,77.67638,-0.4618008,-2404.509,0,0.9211764,0,-0.3891453;
custom,cuboid,bark,0.5,0.25,5,0,0,0,0,0.1,0.1,86.56334,6.241155,-678.5948,0,0.9999616,0,-0.008769562;
custom,cuboid,bark,0.5,0.25,5,0,0,0,0,0.1,0.1,80.91555,6.22684,-680.8742,0,0.9999356,0,-0.0113498;
custom,cuboid,bark,0.5,0.25,5,0,0,0,0,0.1,0.1,85.85062,8.626838,-682.4686,0,0.9997619,0,-0.02182029;
custom,cuboid,bark,0.5,0.25,5,0,0,0,0,0.1,0.1,80.69379,9.226837,-672.1979,0,0.9997619,0,-0.02182029;
custom,cuboid,bark,0.5,0.25,5,0,0,0,0,0.1,0.1,83.57311,11.62683,-679.6115,0,0.9946122,0,-0.1036659;
custom,cuboid,bark,0.5,0.25,5,0,0,0,0,0.1,0.1,70.4342,6.425699,-695.1818,0,0.09584356,0,0.9953964;
custom,cuboid,stone7,0.5,0.25,5,0,0,0,0,0.1,0.1,22.86524,21.63622,-647.0197,0,0.6982492,0,0.7158548;
custom,cuboid,stone7,0.5,0.25,5,0,0,0,0,0.1,0.1,14.97038,21.63622,-652.7484,0,0.6881862,0,0.7255341;
custom,cuboid,metal1,0.5,0.25,5,0,0,0,0,0.1,0.1,-0.37684,61.56157,-651.8265,0,0.6546637,0,-0.7559204;
custom,cuboid,metal1,0.5,0.25,5,0,0,0,0,0.1,0.1,-4.62824,61.54041,-645.2018,0,0.6774373,0,-0.7355805;
custom,cuboid,metal3,0.5,0.25,5,0,0,0,0,0.1,0.1,-32.76613,41.50183,-654.2261,0,0.6897376,0,0.7240594;
custom,cuboid,metal3,0.5,0.25,5,0,0,0,0,0.1,0.1,-38.45164,41.65822,-647.9813,0,0.6897376,0,0.7240594;
custom,tower3,default,2.5,2.5,2.5,0,1,1,1,1.0,1.0,234.4485,-30.56586,-1044.129,0,0.9998408,0,0.017845;
custom,tower3,default,2.5,2.5,2.5,0,1,1,1,1.0,1.0,483.9399,-11.02703,-1054.818,0,0.9982903,0,-0.05845043;
custom,tower3,default,2.5,2.5,2.5,0,1,1,1,1.0,1.0,217.4969,-3.848432,-617.0542,0,0.9515678,0,0.307439;
custom,tower3,default,2.5,2.5,2.5,0,1,1,1,1.0,1.0,-203.9233,-2.533397,-612.769,0,0.8371723,0,0.5469393;
custom,tower3,default,2.5,2.5,2.5,0,1,1,1,1.0,1.0,209.3422,-3.612309,-120.6573,0,0.6213574,0,-0.7835273;
custom,tower3,default,2.5,2.5,2.5,0,1,1,1,1.0,1.0,-201.8111,-3.892202,-120.2319,0,0.6488545,0,0.7609125;
custom,tower3,default,2.5,2.5,2.5,0,1,1,1,1.0,1.0,-71.9879,-11.94312,2050.012,0,0.7096133,0,0.7045914;
custom,tower3,default,2.5,2.5,2.5,0,1,1,1,1.0,1.0,1281.32,-4.32321,748.9916,0,0.989525,0,0.1443621;
custom,tower3,default,2.5,2.5,2.5,0,1,1,1,1.0,1.0,1023.289,-4.907042,670.8489,0,0.5902382,0,0.8072292;
custom,tower3,default,2.5,2.5,2.5,0,1,1,1,1.0,1.0,641.1669,-5.819229,-2118.531,0,0.1165975,0,0.9931793;
custom,tower3,default,2.5,2.5,2.5,0,1,1,1,1.0,1.0,1259.173,-3.242475,-2128.427,0,0.9805501,0,-0.1962693;
custom,tower3,default,2.5,2.5,2.5,0,1,1,1,1.0,1.0,1022.311,-4.62428,-1371.249,0,0.9999948,0,0.003216933;
custom,tower3,default,2.5,2.5,2.5,0,1,1,1,1.0,1.0,882.8644,-4.895157,-1374.742,0,0.9999523,0,0.009774717;
custom,tower3,default,4,4,4,0,1,1,1,1.0,1.0,745.4946,33.89952,14.63734,0,0.999927,0,0.01208164;
custom,tower3,default,2.5,2.5,2.5,0,1,1,1,1.0,1.0,641.1823,-4.511649,628.8807,0,0.411552,0,0.9113863;
custom,tower3,default,2.5,2.5,2.5,0,1,1,1,1.0,1.0,179.9423,-3.43853,1195.493,0,0.8946291,0,-0.4468096;
custom,tower3,default,2.5,2.5,2.5,0,1,1,1,1.0,1.0,659.6768,-3.893534,927.77,0,0.8482978,0,0.5295195;
custom,tower3,default,2.5,2.5,2.5,0,1,1,1,1.0,1.0,557.0231,-5.628476,-2803.019,0,0.9999897,0,-0.004532127;
custom,tower3,default,2.5,2.5,2.5,0,1,1,1,1.0,1.0,562.2709,-3.347703,-3749.932,0,0.9902453,0,-0.1393353;
custom,tower3,default,2.5,2.5,2.5,0,1,1,1,1.0,1.0,-823.3066,-3.77943,-3754.28,0,0.5445188,0,-0.8387486;
custom,tower3,default,2.5,2.5,2.5,0,1,1,1,1.0,1.0,-818.8577,-3.362209,-2255.815,0,0.8557618,0,-0.5173702;
custom,tower3,default,2.5,2.5,2.5,0,1,1,1,1.0,1.0,114.8105,-5.171034,1565.613,0,0.1370777,0,-0.9905603;
custom,cuboid,bark,0.1,1,0.2,0,1,1,1,0.1,0.1,4,24,-485,0,1,0,1;
custom,cuboid,bark,0.1,1,0.2,0,1,1,1,0.1,0.1,-4,24,-485,0,1,0,1;
custom,cuboid,bark,1,0.2,0.1,0,1,1,1,0.1,0.1,0,30,-485,0,0,0,0;
racing,endCuboid,3,1000,3,72.5,35,-740,0,0,0,0;
racing,killCuboid,9,4,1,1105,19.5,505,0,0,0,0;
racing,checkpointCuboid,9,4,1,1197.5,60.5,505,0,0,0,0;
racing,checkpointCuboid,9,4,1,1105.5,60.5,505,0,0,0,0;
racing,checkpointCuboid,9,4,1,1197.5,19.5,505,0,0,0,0;
racing,killCuboid,9,4,1,1197.5,60.5,105,0,0,0,0;
racing,killCuboid,9,4,1,1197.5,19.5,105,0,0,0,0;
racing,checkpointCuboid,9,4,1,1105.5,60.5,105,0,0,0,0;
racing,checkpointCuboid,9,4,1,1105.5,19.5,105,0,0,0,0;
racing,checkpointCuboid,9,4,1,1197.5,60.5,-295,0,0,0,0;
racing,killCuboid,9,4,1,1197.5,19.5,-295,0,0,0,0;
racing,killCuboid,9,4,1,1105.5,60.5,-295,0,0,0,0;
racing,killCuboid,9,4,1,1105.5,19.5,-295,0,0,0,0;
racing,killCuboid,9,4,1,1197.5,60.5,-695,0,0,0,0;
racing,checkpointCuboid,9,4,1,1197.5,19.5,-695,0,0,0,0;
racing,checkpointCuboid,9,4,1,1105.5,60.5,-695,0,0,0,0;
racing,killCuboid,9,4,1,1105.5,19.5,-695,0,0,0,0;
racing,checkpointCuboid,9,4,1,1197.5,60.5,-1495,0,0,0,0;
racing,checkpointCuboid,9,4,1,1197.5,19.5,-1495,0,0,0,0;
racing,killCuboid,30,1,100,0,4.9,-1740,0,0,0,0;
racing,killCuboid,1,2,30,0,170,-3255,0,1,0,-1;
racing,killCuboid,1,2,26,-155,170,-3130,0,0,0,0;
racing,killCuboid,1,2,26,155,170,-3130,0,0,0,0;
racing,killCuboid,1,2,26,-155,170,-2870,0,0,0,0;
racing,killCuboid,1,2,26,155,170,-2870,0,0,0,0;
racing,killCuboid,1,2,13,-85,170,-2745,0,1,0,-1;
racing,killCuboid,1,2,13,85,170,-2745,0,1,0,-1;
racing,killCuboid,1,2,50,-25,170,-2490,0,0,0,0;
racing,killCuboid,1,2,50,25,170,-2490,0,0,0,0;
misc,barrier,1,10,200,635,42.5,1357.5,0,1,0,0.414;
misc,barrier,1,10,130,580,42.5,1147.5,0,1,0,0.414;
misc,barrier,1,10,60,950,42.5,-2105,0,1,0,1;
misc,barrier,1,10,166,-205,190,-1420,0,0,0,0;
misc,barrier,1,10,166,205,190,-1420,0,0,0,0;
misc,barrier,1,10,18,-120,190,-2245,0,1,0,1;
misc,barrier,1,10,18,120,190,-2245,0,1,0,1;
misc,barrier,1,4,6,0,220,-2245,0,1,0,1;
misc,barrier,1,14,40,0,170,-615,0,1,0,1;
misc,barrier,42,1,168,0,245,-1410,0,0,0,0;
misc,barrier,35,1,178,382.5,145,-1927,0,0,0,0;
misc,barrier,5,1,56,185,145,-2520,0,0,0,0;
misc,barrier,13,1,50,95,145,-2490,0,0,0,0;
misc,barrier,13,1,50,-95,145,-2490,0,0,0,0;
misc,barrier,60,1,150,460,145,-3550,0,0,0,0;
misc,barrier,70,1,151,-510,145,-2995,0,0,0,0;
misc,barrier,32,1,70,0,145,-3610,0,0,0,0;
misc,barrier,2,2,2,402.815,36.033,497.247,0,0.732,0,0.681;
misc,barrier,2,2,2,346.439,37.37,495.234,0,0.762,0,-0.647;
misc,barrier,14,6,1,485,110,-1060,0,0,0,0;
misc,barrier,14,6,1,270,110,-1060,0,0,0,0;
misc,barrier,8,6,1,376.6654,128,-1060,0,0,0,0;
misc,barrier,200,1,400,1220,90,940,0,0,0,0;
misc,barrier,200,1,400,10,90,1385,0,0,0,0;
misc,barrier,200,1,400,2580,90,-1610,0,1,0,1;
racing,checkpointCylinder,3,1.5,3,375,57,-105,0,0,0,0;
racing,checkpointCylinder,3,1.5,3,355,35,1125,0,0,0,0;
racing,checkpointCylinder,3,1.5,3,65,45,1715,0,0,0,0;
racing,checkpointCylinder,3,1.5,3,-580,30,-3120,0,0,0,0;
racing,checkpointCylinder,3,1.5,3,-440,25,-3095,0,0,0,0;
racing,checkpointCylinder,3,1.5,3,-320,21,-3060,0,0,0,0;
racing,checkpointCylinder,3,1.5,3,370,22,-1460,0,0,0,0;
racing,checkpointCylinder,3,1.5,3,-690,37,-3105,0,0,0,0;
racing,checkpointCylinder,3,1.5,3,0,15,-3200,0,0,0,0;
spawnpoint,playerC,9.0,23,-536.5,0,1,0,0;
spawnpoint,playerC,9.0,23,-536.5,0,1,0,0;
racing,startCuboid,0.9,0.9,0.05,0,25,-485,0,0,0,0;

//spawn hub;
misc,region,MC,2147483647,2147483647,2147483647,0,0,0,0,0,0,1;
//unregistered magenta player area;
spawnpoint,playerM,0,-10185,-185,0,0,0,1;
misc,barrier,14,1.5,20,0,-10077.5,-110,0,1,0,0;
custom,cuboid,metal4,14,1.5,20,1,1,0,1,1.4,2,0,-10192.5,-110,0,1,0,0;
custom,cuboid,metal4,20,13,1.5,0,1,1,1,2,1.3,-62.5,-10135,-110,0,0.7070168,0,0.7070168;
custom,cuboid,metal4,20,13,1.5,0,1,1,1,2,1.3,62.5,-10135,-110,0,0.7070168,0,0.7070168;
custom,cuboid,metal4,14,13,1.5,0,1,1,1,1.4,1.3,0,-10135,-202.5,0,1,0,0;
custom,cuboid,bombexplosiontex,14,13,1.5,1,1,1,1,999999,999999,0,-10135,-17.5,0,1,0,0;
//titan cage;
//photon,spawnTitan,0,0,0,-10184,-80,0,1,0,0;
custom,cuboid,metal4,3.5,0.5,0.5,0,1,1,1,0.35,0.05,0,-10155,-95,0,0,0,-1;
custom,cuboid,metal4,3.5,0.5,0.5,0,1,1,1,0.35,0.05,-15,-10155,-80,0,0.7070168,0,0.7070168;
custom,cuboid,metal4,3.5,0.5,0.5,0,1,1,1,0.35,0.05,0,-10155,-65,0,1,0,0;
custom,cuboid,metal4,3.5,0.5,0.5,0,1,1,1,0.35,0.05,15,-10155,-80,0,0.7070168,0,0.7070168;
//registered magenta player area;
//spawnpoint,playerM,0,-10135,15,0,0,0,1;
misc,barrier,38,1.5,22.5,0,-10077.5,92.5,0,1,0,0;
custom,cuboid,metal4,38,1.5,22.5,1,1,0,1,3.8,2.25,0,-10192.5,92.5,0,1,0,0;
custom,cuboid,metal4,11.9,13,1.6,0,1,1,1,1.19,1.3,-115,-10135,-17.5,0,1,0,0;
custom,cuboid,metal4,11.9,13,1.6,0,1,1,1,1.19,1.3,115,-10135,-17.5,0,1,0,0;
custom,cuboid,metal4,4.5,13,10.5,0,1,1,1,1.05,1.3,-180,-10135,27.5,0,1,0,0;
custom,cuboid,metal4,4.5,13,4.5,0,1,1,1,0.45,1.3,-150,-10135,87.5,0,1,0,0;
custom,cuboid,metal4,4.5,13,4.5,0,1,1,1,0.45,1.3,-120,-10135,117.5,0,1,0,0;
custom,cuboid,metal4,4.5,13,4.5,0,1,1,1,0.45,1.3,-90,-10135,147.5,0,1,0,0;
custom,cuboid,metal4,4.5,13,4.5,0,1,1,1,0.45,1.3,-60,-10135,177.5,0,1,0,0;
custom,cuboid,metal4,10.5,13,4.5,0,1,1,1,1.05,1.3,0,-10135,207.5,0,1,0,0;
custom,cuboid,metal4,1.5,13,1.5,0,1,1,1,0.15,1.3,0,-10135,177.5,0,1,0,0;
custom,cuboid,metal4,4.5,13,10.5,0,1,1,1,1.05,1.3,180,-10135,27.5,0,1,0,0;
custom,cuboid,metal4,4.5,13,4.5,0,1,1,1,0.45,1.3,150,-10135,87.5,0,1,0,0;
custom,cuboid,metal4,4.5,13,4.5,0,1,1,1,0.45,1.3,120,-10135,117.5,0,1,0,0;
custom,cuboid,metal4,4.5,13,4.5,0,1,1,1,0.45,1.3,90,-10135,147.5,0,1,0,0;
custom,cuboid,metal4,4.5,13,4.5,0,1,1,1,0.45,1.3,60,-10135,177.5,0,1,0,0;
custom,cuboid,metal4,1.5,6,1.5,1,1,0,1,0.15,0.6,0,-10170,15,0,1,0,0;
custom,cuboid,metal4,1.5,1.5,1.5,1,1,0,1,0.15,0.15,0,-10142.5,15,0,1,0,0;
//region boxes;
//white;
custom,killCuboid,bombexplosiontex,1.6,13,1.6,0,1,1,1,999999,999999,-150,-10135,57.5,0,1,0,0;
custom,killCuboid,bombexplosiontex,1.6,13,1.6,0,1,1,1,999999,999999,-150,-10135,57.5,0,1,0,0;
//red;
custom,killCuboid,bombexplosiontex,1.6,13,1.6,1,1,0,0,999999,999999,-120,-10135,87.5,0,1,0,0;
custom,killCuboid,bombexplosiontex,1.6,13,1.6,1,1,0,0,999999,999999,-120,-10135,87.5,0,1,0,0;
//orange;
custom,killCuboid,bombexplosiontex,1.6,13,1.6,1,1,0.6666667,0,999999,999999,-90,-10135,117.5,0,1,0,0;
custom,killCuboid,bombexplosiontex,1.6,13,1.6,1,1,0.6666667,0,999999,999999,-90,-10135,117.5,0,1,0,0;
//yellow;
custom,killCuboid,bombexplosiontex,1.6,13,1.6,1,0.6666667,1,0,999999,999999,-60,-10135,147.5,0,1,0,0;
custom,killCuboid,bombexplosiontex,1.6,13,1.6,1,0.6666667,1,0,999999,999999,-60,-10135,147.5,0,1,0,0;
//green;
custom,killCuboid,bombexplosiontex,1.6,13,1.6,1,0,1,0,999999,999999,-30,-10135,177.5,0,1,0,0;
custom,killCuboid,bombexplosiontex,1.6,13,1.6,1,0,1,0,999999,999999,-30,-10135,177.5,0,1,0,0;
//cyan;
custom,killCuboid,bombexplosiontex,1.6,13,1.6,1,0,1,1,999999,999999,30,-10135,177.5,0,1,0,0;
custom,killCuboid,bombexplosiontex,1.6,13,1.6,1,0,1,1,999999,999999,30,-10135,177.5,0,1,0,0;
//blue;
custom,killCuboid,bombexplosiontex,1.6,13,1.6,1,0,0,1,999999,999999,60,-10135,147.5,0,1,0,0;
custom,killCuboid,bombexplosiontex,1.6,13,1.6,1,0,0,1,999999,999999,60,-10135,147.5,0,1,0,0;
//indigo;
custom,killCuboid,bombexplosiontex,1.6,13,1.6,1,0.6666667,0,1,999999,999999,90,-10135,117.5,0,1,0,0;
custom,killCuboid,bombexplosiontex,1.6,13,1.6,1,0.6666667,0,1,999999,999999,90,-10135,117.5,0,1,0,0;
//violet;
//custom,killCuboid,bombexplosiontex,1.6,13,1.6,1,1,0,0.6666667,999999,999999,120,-10135,87.5,0,1,0,0;
//custom,killCuboid,bombexplosiontex,1.6,13,1.6,1,1,0,0.6666667,999999,999999,120,-10135,87.5,0,1,0,0;
//black;
//custom,killCuboid,bombexplosiontex,1.6,13,1.6,1,0,0,0,999999,999999,150,-10135,57.5,0,1,0,0;
//custom,killCuboid,bombexplosiontex,1.6,13,1.6,1,0,0,0,999999,999999,150,-10135,57.5,0,1,0,0;