custom,tower1,default,1,50,1,0,1,1,1,1.0,1.0,-17.7284,2808.497,-9.293605,0,0.6049346,0,0.7962753;
custom,cuboid,stone2,2500,10,2500,0,1,1,1,1500,1500,1288.475,6637.442,-419.4819,0,0.6653698,0,0.746514;
spawnpoint,playerC,21.56385,6689.034,-97.27077,0,0.1485556,0,0.9889041;
custom,cuboid,earth2,34,1,34,0,1,1,1,12,12,-9.17502,6683.67,-55.4041,0,-0.1144072,0,-0.993434;
spawnpoint,playerC,-62.10426,6691.696,-74.98649,0,0.150277,0,0.9886439;
custom,cuboid,stone2,3,9,6,0,1,1,1,2,2,-51.77928,6708.986,78.79765,0,0.7888284,0,0.6146135;
custom,cuboid,stone2,3,9,6,0,1,1,1,2,2,88.7583,6708.444,44.632,0,0.7887213,0,0.6147509;
custom,cylinder,stone2,4,4,4,0,1,1,1,2,2,-16.85366,6714.186,70.08222,0,0.1065485,0,0.9943075;
custom,cylinder,stone2,4,4,4,0,1,1,1,2,2,56.35008,6713.722,53.57065,0,0.1065485,0,0.9943075;
custom,cylinder,stone2,4,4,4,0,1,1,1,2,2,-87.52925,6713.858,87.06474,0,0.01542808,0,-0.999881;
custom,cylinder,stone2,4,4,4,0,1,1,1,2,2,127.8226,6713.624,35.12355,0,-0.9982749,0,0.05871278;
custom,cuboid,stone2,3,4,7,0,1,1,1,2,2,14.4168,6733.543,64.55937,0,0.7822696,0,0.6229401;
custom,cuboid,stone2,2,6,30,0,1,1,1,5,2,21.40354,6778.31,73.14828,0,0.7750856,0,0.6318563;
custom,tower5,stone2,4,0.5,4,0,1,1,1,5,2,22.1036,6743.56,66.46792,0,0.1281483,0,0.9917551;
custom,statue2,stone2,2,2,2,0,1,1,1,5,2,-46.58815,6684.276,49.48747,0,-0.9951559,0,0.09831022;
custom,statue2,stone2,2,2,2,0,1,1,1,5,2,78.42697,6685.335,25.75466,0,-0.9919125,0,0.1269236;
racing,startCuboid,1,6,6,25.5459,6693.616,57.66771,0,0.7854288,0,0.618952;
custom,pillar1,stone2,1,0.7,1,0,1,1,1,5,2,-54.49553,6753.728,74.20045,0,-0.1531231,0,-0.9882072;
custom,pillar1,stone2,1,0.7,1,0,1,1,1,5,2,85.96142,6752.95,41.02596,0,0.1832202,0,0.9830719;
custom,boulder1,stone2,4,4,4,0,1,1,1,5,2,-121.1492,6712.16,100.5443,0,0.2199152,0,0.9755191;
custom,boulder1,stone2,4,4,4,0,1,1,1,5,2,166.7411,6712.957,22.03888,0,-0.2872932,0,0.9578428;
custom,boulder1,stone2,4,4,4,0,1,1,1,5,2,-126.0269,6781.203,106.0212,-0.5162723,0.1312363,0.08042169,0.8424799;
custom,boulder1,stone2,4,4,4,0,1,1,1,5,2,166.1519,6773.301,53.50122,0.1014361,0.6517864,0.7007232,-0.2717948;
custom,pillar1,stone2,2,2,2,0,1,1,1,5,2,-65.97927,6803.916,102.512,0,0.1001008,0,0.9949774;
custom,pillar1,stone2,2,2,2,0,1,1,1,5,2,97.54707,6802.031,69.6915,0,0.110601,0,0.9938649;
custom,house10,stone2,2,2,2,0,1,1,1,5,2,-133.4651,6844.464,168.0904,0,0.08889398,0,0.9960411;
custom,house10,stone2,2,2,2,0,1,1,1,5,2,176.8343,6845.861,28.65713,0,0.9929655,0,-0.118404;
custom,castle1,stone2,2,2,2,0,1,1,1,5,2,32.37977,6839.463,121.514,0,-0.7855722,0,-0.6187701;
custom,boulder1,earth2,5,14,15,0,1,1,1,5,5,-199.9399,6746.38,-7.08719,0,0.1503481,0,0.9886332;
custom,boulder1,earth2,5,14,15,0,1,1,1,5,5,158.7536,6766.039,-138.6238,0,0.247214,0,0.9689609;
custom,boulder1,earth2,5,14,15,0,1,1,1,5,5,-80.76479,6777.332,-206.5723,0,0.8000734,0,0.5999022;
misc,barrier,35,1,50,-35.43199,6784.432,-83.28267,0,0.8049656,0,0.5933216;
custom,cuboid,stone2,1,8,15,0,1,1,1,2,2,76.48715,6714.37,100.9265,0,0.9937847,0,-0.111319;
custom,cuboid,stone2,1,8,15,0,1,1,1,2,2,-16.97439,6714.619,123.5083,0,0.9957151,0,-0.09247439;
custom,cuboid,stone2,1,18,9,0,1,1,1,2,2,124.387,6755.019,201.5415,0,0.9115388,0,-0.4112141;
custom,cuboid,stone2,1,18,9,0,1,1,1,2,2,149.2032,6756.079,346.5815,0,0.9512898,0,0.3082982;
custom,cuboid,stone2,1,18,9,0,1,1,1,2,2,165.0927,6690.655,271.1978,0,0.9942359,0,-0.1072144;
custom,cuboid,stone2,1,12,10,0,1,1,1,2,2,81.92784,6785.293,390.1807,0,0.6287308,0,-0.7776231;
custom,cuboid,stone2,1,18,9,0,1,1,1,2,2,8.630137,6755.241,373.0627,0,0.9045064,0,-0.42646;
custom,cuboid,stone2,1,18,9,0,1,1,1,2,2,-32.43945,6691.449,306.3059,0,0.9939845,0,-0.1095206;
custom,cuboid,stone2,1,18,9,0,1,1,1,2,2,-22.61639,6754.418,231.1778,0,0.9670323,0,0.2546539;
custom,cuboid,stone2,12,2,12,0,1,1,1,2,2,36.67125,6744.813,124.9923,0,0.7803685,0,0.62532;
custom,dummy1,stone2,1,2,1,0,1,1,1,2,2,31.55206,6686.784,373.5943,0,-0.916397,0,-0.4002706;
custom,dummy1,stone2,1,2,1,0,1,1,1,2,2,122.5322,6687.27,352.4288,0,-0.8903161,0,0.455343;
custom,dummy1,stone2,1,2,1,0,1,1,1,2,2,-2.714323,6686.511,234.6436,0,0.527119,0,0.8497915;
custom,dummy1,stone2,1,2,1,0,1,1,1,2,2,113.4575,6686.718,219.8818,0,-0.2971149,0,0.9548418;
custom,statue2,stone2,1,1,1,0,1,1,1,2,2,65.90478,6686.146,288.696,0,0.9958233,0,-0.09130182;
custom,prism,default,2,0.1,2,1,1,1,0,2,2,48.72742,6687.049,184.1255,0,-0.4125415,0,0.9109389;
custom,prism,default,2,0.1,2,1,1,1,0,2,2,44.37825,6687.079,160.3351,0,-0.4294801,0,0.9030764;
custom,cuboid,stone2,1,9,12,0,1,1,0,2,2,143.5738,6704.632,432.3198,0,0.9863526,0,-0.164647;
custom,cuboid,stone2,1,9,20,0,1,1,0,2,2,73.4844,6704.838,493.8669,0,0.9860237,0,-0.166605;
custom,cuboid,stone2,1,9,20,0,1,1,0,2,2,195.4015,6704.88,554.6282,0,0.5849074,0,-0.8111001;
custom,cuboid,stone2,1,9,20,0,1,1,0,2,2,254.6675,6704.912,453.5753,0,0.5886651,0,-0.808377;
custom,cuboid,stone2,1,10,12,0,1,1,0,2,2,44.38437,6794.72,180.1565,0,0.630692,0,-0.7760333;
custom,cuboid,stone2,1,9,26,0,1,1,0,2,2,385.3958,6705.192,543.6078,0,0.9868807,0,-0.1614513;
custom,cuboid,stone2,1,9,12,0,1,1,0,2,2,302.9744,6705.427,576.9451,0,0.9858047,0,-0.1678962;
custom,cuboid,stone2,1,9,45,0,1,1,0,8,2,115.7417,6705.872,708.4158,0,0.566327,0,-0.8241807;
custom,cuboid,stone2,1,9,65,0,1,1,0,8,2,126.9416,6705.282,777.3219,0,0.5649617,0,-0.8251172;
custom,boulder1,stone2,9,1,9,0,1,1,0,8,2,21.23627,6678.834,77.65836,0,0.8611269,0,-0.5083902;
custom,cuboid,stone2,1,9,9,0,1,1,0,2,2,-104.3596,6706.386,749.1034,0,0.9833317,0,-0.1818208;
custom,cuboid,stone2,1,9,25,0,1,1,0,2,2,-174.1235,6705.24,764.9306,0,0.9807921,0,-0.1950564;
custom,cuboid,stone2,1,9,25,0,1,1,0,2,2,-6.798668,6706.976,669.2974,0,0.8230234,0,0.5680075;
custom,cuboid,stone2,1,9,25,0,1,1,0,2,2,-107.5324,6705.074,608.7366,0,0.8298989,0,0.557914;
custom,cuboid,stone2,1,9,25,0,1,1,0,2,2,62.7516,6707.086,514.6974,0,0.9837718,0,-0.1794245;
custom,cuboid,stone2,1,9,55,0,1,1,0,7,2,-210.3641,6707.29,559.6463,0,0.8305924,0,0.5568809;
custom,cuboid,stone2,1,9,16,0,1,1,0,7,2,-305.5016,6707.563,681.942,0,0.9783127,0,-0.2071334;
custom,cuboid,stone2,1,9,16,0,1,1,0,7,2,-222.7401,6707.221,871.9767,0,0.9794546,0,-0.201665;
custom,cuboid,stone2,1,9,56,0,1,1,0,7,2,-421.6288,6705.992,997.4662,0,0.554468,0,-0.8322051;
custom,cuboid,stone2,1,9,10,0,1,1,0,7,2,-293.9438,6707.271,821.1398,0,0.5439151,0,-0.8391403;
custom,cuboid,stone2,1,9,15,0,1,1,0,7,2,-363.6044,6704.815,774.6944,0,0.9784238,0,-0.2066084;
custom,cuboid,stone2,1,9,25,0,1,1,0,7,2,-428.4942,6707.385,754.9796,0,0.9795058,0,-0.201416;
custom,cuboid,stone2,1,9,30,0,1,1,0,7,2,-515.8658,6707.902,920.0569,0,0.8295542,0,0.5584262;
custom,cuboid,stone2,1,9,45,0,1,1,0,7,2,-761.582,6705.69,901.4906,0,0.9794216,0,-0.2018252;
custom,cuboid,stone2,1,9,27,0,1,1,0,7,2,-698.8037,6708.088,853.9664,0,0.9818369,0,-0.1897269;
custom,cuboid,stone2,1,9,21,0,1,1,0,7,2,-758.063,6706.055,657.8291,0,0.8406776,0,0.541536;
custom,cuboid,stone2,1,9,32,0,1,1,0,7,2,-621.2231,6706.118,731.2817,0,0.1889075,0,0.9819949;
custom,cuboid,stone2,1,9,8,0,1,1,0,7,2,-524.6662,6706.073,860.3582,0,0.5688831,0,-0.8224185;
custom,cuboid,stone2,1,9,19,0,1,1,0,7,2,-524.551,6705.591,763.6628,0,0.983328,0,-0.1818406;
custom,cuboid,stone2,1,2,8,0,1,1,0,7,2,-771.8466,6694.218,781.5251,0,0.556047,0,-0.8311508;
custom,cuboid,stone2,1,5,8,0,1,1,0,7,2,-770.9575,6740.332,781.3959,0,0.8325983,0,0.5538774;
custom,cuboid,stone2,1,9,3,0,1,1,0,7,2,-746.159,6711.2,771.069,0,0.5588827,0,-0.8292468;
custom,cuboid,stone2,1,9,3,0,1,1,0,7,2,-794.0173,6707.284,791.2744,0,0.5451304,0,-0.8383512;
custom,cuboid,stone2,1,9,6,0,1,1,0,7,2,-656.8748,6705.794,733.2773,0,0.8331159,0,0.5530985;
custom,cuboid,stone2,1,9,6,0,1,1,0,7,2,-672.1974,6708.364,832.9551,0,0.8303057,0,0.5573083;
custom,cuboid,stone2,1,9,6,0,1,1,0,7,2,-530.9949,6671.828,895.6564,0,0.9855701,0,-0.1692676;
custom,cuboid,stone2,1,9,6,0,1,1,0,7,2,-420.644,6708.478,909.3233,0,0.9785622,0,-0.2059515;
custom,cuboid,stone2,1,9,7,0,1,1,0,7,2,-519.4177,6705.815,1001.227,0,0.9773968,0,-0.2114135;
custom,cuboid,stone2,2,9,2,0,1,1,0,7,2,-574.8073,6706.904,1012.823,0,0.8324248,0,0.5541382;
custom,cuboid,stone2,2,9,2,0,1,1,0,7,2,-641.7827,6708.149,983.4044,0,0.9820691,0,-0.1885211;
custom,cuboid,stone2,2,9,2,0,1,1,0,7,2,-693.1049,6708.507,965.4217,0,0.9795629,0,-0.2011382;
custom,cuboid,stone2,2,9,2,0,1,1,0,7,2,-715.0566,6708.469,911.4805,0,0.9799994,0,-0.1990006;
custom,cuboid,stone2,2,9,2,0,1,1,0,7,2,-608.088,6709.314,872.1605,0,0.8363492,0,0.548197;
custom,cuboid,stone2,2,9,2,0,1,1,0,7,2,-473.4894,6705.277,855.8469,0,0.815185,0,0.5792007;
custom,cuboid,stone2,2,9,2,0,1,1,0,7,2,-459.4548,6707.672,777.3825,0,0.9764873,0,-0.2155749;
custom,cuboid,stone2,2,9,2,0,1,1,0,7,2,-716.5049,6708.724,703.8905,0,0.8336357,0,0.5523146;
custom,statue2,stone2,1,2,1,0,1,1,0,7,2,134.6004,6683.207,428.1231,0,0.5407891,0,-0.8411583;
custom,statue2,stone2,1,2,1,0,1,1,0,7,2,70.1656,6683.397,455.3263,0,-0.8493981,0,-0.5277526;
custom,statue2,stone2,1,2,1,0,1,1,0,7,2,258.315,6684.048,522.6949,0,0.9877133,0,-0.1562769;
custom,statue2,stone2,1,2,1,0,1,1,0,7,2,239.4908,6683.237,467.3965,0,-0.1615317,0,-0.9868675;
custom,statue2,stone2,1,2,1,0,1,1,0,7,2,-45.70917,6682.501,780.8832,0,0.1735022,0,0.9848335;
custom,statue2,stone2,1,2,1,0,1,1,0,7,2,210.8952,6684.125,683.2371,0,-0.195302,0,-0.9807432;
custom,statue2,stone2,1,2,1,0,1,1,0,7,2,231.2169,6685.281,725.7626,0,-0.9719512,0,0.2351824;
custom,statue2,stone2,1,2,1,0,1,1,0,7,2,-27.07628,6682.387,825.857,0,-0.9825106,0,0.1862069;
custom,statue2,stone2,1,2,1,0,1,1,0,7,2,87.13515,6684.933,592.4594,0,-0.5282916,0,0.849063;
custom,statue2,stone2,1,2,1,0,1,1,0,7,2,-40.58508,6684.614,668.8635,0,0.9780762,0,-0.2082472;
custom,statue2,stone2,1,2,1,0,1,1,0,7,2,-72.41322,6684.184,608.0193,0,-0.2486842,0,-0.9685847;
custom,statue2,stone2,1,2,1,0,1,1,0,7,2,-148.2184,6682.971,612.3511,0,0.9798464,0,-0.1997525;
custom,statue2,stone2,1,2,1,0,1,1,0,7,2,-173.2099,6683.718,555.153,0,-0.2117089,0,-0.9773328;
custom,statue2,stone2,1,2,1,0,1,1,0,7,2,-188.3316,6681.357,892.5851,0,-0.9847465,0,0.1739953;
custom,statue2,stone2,1,2,1,0,1,1,0,7,2,-156.6059,6681.139,881.116,0,-0.9831907,0,0.1825818;
custom,statue2,stone2,1,2,1,0,1,1,0,7,2,-248.8596,6682.115,835.426,0,-0.539315,0,0.8421041;
custom,statue2,stone2,1,2,1,0,1,1,0,7,2,-225.5474,6681.106,882.9617,0,-0.5556719,0,0.8314016;
custom,statue2,stone2,1,2,1,0,1,1,0,7,2,-363.1728,6684.454,753.1302,0,0.8491298,0,0.5281844;
custom,statue2,stone2,1,2,1,0,1,1,0,7,2,-623.782,6683.246,955.0636,0,-0.9808481,0,0.1947741;
custom,statue2,stone2,1,2,1,0,1,1,0,7,2,-655.7513,6684.064,932.1523,0,0.8461141,0,0.5330018;
custom,cuboid,stone2,1,9,6,0,1,1,0,7,2,-581.1572,6705.789,661.1798,0,0.4445261,0,0.8957659;
custom,cuboid,stone2,1,9,6,0,1,1,0,7,2,-472.6653,6707.315,614.7484,0,0.9968724,0,0.07902833;
custom,cuboid,stone2,1,9,7,0,1,1,0,7,2,-611.3597,6706.216,559.4177,0,0.9468196,0,0.321765;
custom,cuboid,stone2,1,9,7,0,1,1,0,7,2,-617.3121,6705.863,613.7788,0,0.9783976,0,-0.206732;
custom,cuboid,stone2,1,9,9,0,1,1,0,7,2,-501.3384,6706.483,567.4288,0,0.4835177,0,0.8753346;
custom,cuboid,stone2,1,9,9,0,1,1,0,7,2,-518.9431,6706.019,508.9654,0,0.1931383,0,-0.9811716;
custom,cuboid,stone2,1,9,17,0,1,1,0,7,2,-562.9584,6706.112,454.8596,0,0.9848561,0,0.1733744;
custom,cuboid,stone2,1,9,17,0,1,1,0,7,2,-430.8355,6706.674,504.5346,0,0.5449654,0,0.8384586;
custom,cuboid,stone2,1,9,18,0,1,1,0,7,2,-456.7972,6706.475,413.1797,0,0.5542945,0,0.8323206;
custom,cuboid,stone2,1,9,25,0,1,1,0,7,2,-248.8105,6706.794,480.4417,0,0.85734,0,0.5147505;
custom,cuboid,stone2,1,9,25,0,1,1,0,7,2,-271.9924,6706.679,385.0077,0,0.8670188,0,0.4982755;
custom,dummy1,stone2,1,1,1,0,1,1,0,7,2,-545.2006,6686.138,617.3961,0,0.3630612,0,0.9317653;
custom,statue2,stone2,1,2,1,0,1,1,0,7,2,-276.5631,6685.352,483.712,0,0.9736877,0,-0.2278865;
custom,statue2,stone2,1,2,1,0,1,1,0,7,2,-314.2276,6683.998,419.1145,0,-0.2734964,0,-0.9618731;
custom,cuboid,stone2,1,3,8,0,1,1,0,7,2,-448.667,6682.395,458.3502,0,0.9801409,0,0.1983023;
custom,cuboid,stone2,1,3,8,0,1,1,0,7,2,-447.0423,6736.587,459.7498,0,0.9802272,0,0.1978751;
custom,cuboid,stone2,1,3,10,0,1,1,0,7,2,-237.125,6736.345,421.5408,0,0.9744237,0,-0.2247186;
custom,cuboid,stone2,1,3,10,0,1,1,0,7,2,-195.9665,6699.419,406.0495,0,0.2268398,0,0.9739321;
custom,cuboid,stone2,1,8,1,0,1,1,0,7,2,-448.7485,6711.865,460.9654,0,0.5642315,0,0.8256167;
custom,cuboid,stone2,1,8,1,0,1,1,0,7,2,-440.4979,6712.462,439.3827,0,0.5694076,0,0.8220553;
custom,cuboid,stone2,1,18,18,0,1,1,0,7,2,-90.98048,6755.054,396.4337,0,0.8561543,0,0.5167204;
custom,cuboid,stone2,1,18,18,0,1,1,0,7,2,-120.9448,6754.235,300.2441,0,0.8588815,0,0.5121744;
custom,prism,default,2,0.1,2,1,1,1,0,7,2,-254.9477,6687.264,773.097,0,0.8634632,0,-0.5044119;
custom,prism,default,2,0.1,2,1,1,1,0,7,2,-234.5994,6687.176,761.5427,0,0.8618747,0,-0.5071214;
custom,prism,default,2,0.1,2,1,1,1,0,7,2,-564.2955,6687.127,538.1636,0,0.7980108,0,0.6026433;
custom,prism,default,2,0.1,2,1,1,1,0,7,2,-556.5408,6687.138,515.9643,0,0.1357129,0,-0.9907482;
custom,cuboid,stone2,6,9,12,0,1,1,0,2,2,-56.51892,6710.093,323.0167,0,0.9938907,0,-0.1103687;
custom,cuboid,stone2,8,0.5,24,0,1,1,0,2,2,84.95149,6782.156,282.6029,0,0.6235764,0,-0.7817624;
misc,barrier,24,0.5,24,88.40656,6778.711,279.0359,0,0.6057496,0,-0.7956554;
custom,cuboid,stone2,10,1,24,0,1,1,0,2,2,273.6831,6779.823,238.6111,0,0.6075054,0,-0.7943156;
custom,cuboid,stone2,10,1,24,0,1,1,0,2,2,437.2917,6780.137,271.8286,0,0.4372548,0,0.8993376;
custom,cuboid,stone2,10,1,24,0,1,1,0,2,2,557.3773,6780.335,433.9753,0,-0.1844734,0,-0.9828375;
custom,cuboid,stone2,10,1,24,0,1,1,0,2,2,547.8398,6780.399,610.5982,0,0.2334812,0,-0.9723613;
custom,cuboid,stone2,10,1,24,0,1,1,0,2,2,412.6843,6780.882,748.2975,0,0.5239907,0,-0.851724;
custom,cuboid,stone2,10,1,24,0,1,1,0,2,2,387.8878,6781.24,858.8759,0,-0.2206123,0,-0.9753616;
custom,cuboid,stone2,10,1,24,0,1,1,0,2,2,334.3961,6781.571,960.1422,0,0.8424731,0,0.5387385;
custom,cuboid,stone2,1,6.7,22,0,1,1,1,2,2,379.7227,6811.212,990.0176,0,0.5320106,0,-0.8467377;
custom,cuboid,stone2,1,6.7,15,0,1,1,1,2,2,284.3354,6813.631,926.9962,0,0.5379934,0,-0.842949;
custom,cuboid,stone2,1,19,24,0,1,1,0,2,2,268.5569,6750.469,199.2983,0,0.6070446,0,-0.7946678;
custom,cuboid,stone2,1,19,18.5,0,1,1,0,2,2,264.1111,6750.988,289.1409,0,0.7908308,0,0.6120349;
custom,cuboid,stone2,1,19,24,0,1,1,0,2,2,466.933,6750.072,238.1104,0,0.9009832,0,-0.4338541;
custom,cuboid,stone2,1,19,24,0,1,1,0,2,2,598.5883,6690.162,417.3823,0,-0.1878865,0,-0.9821907;
custom,cuboid,stone2,1,12,1,0,1,1,0,2,2,566.8173,6792.219,340.0337,0,-0.1943118,0,-0.9809398;
custom,cuboid,stone2,1,19,24,0,1,1,0,2,2,590.3933,6749.481,627.627,0,0.2312856,0,-0.972886;
custom,cuboid,stone2,1,12,1,0,1,1,0,2,2,575.6448,6791.958,363.1762,0,0.8226838,0,0.5684993;
custom,cuboid,stone2,1,12,1,0,1,1,0,2,2,584.0317,6792.369,386.446,0,-0.1822793,0,-0.9832468;
custom,cuboid,stone2,1,12,1,0,1,1,0,2,2,592.6651,6792.375,406.9971,0,0.9833578,0,-0.1816795;
custom,cuboid,stone2,1,12,1,0,1,1,0,2,2,600.5588,6792.525,427.7556,0,0.5639476,0,-0.8258106;
custom,cuboid,stone2,1,12,1,0,1,1,0,2,2,609.8886,6792.7,449.7105,0,0.562247,0,-0.8269694;
custom,cuboid,stone2,1,12,1,0,1,1,0,2,2,617.8041,6792.298,473.1903,0,0.2011046,0,0.9795699;
custom,cuboid,stone2,1,12,1,0,1,1,0,2,2,627.2717,6793.371,496.7797,0,0.8454614,0,0.5340366;
misc,barrier,1,12,24,597.9692,6792.056,414.9147,0,0.1830111,0,0.9831108;
custom,cuboid,stone2,50,2,130,0,1,1,0,25,25,-197.0486,6750.611,715.8783,0,0.7851851,0,0.6192612;
custom,cuboid,stone2,12,2,12,0,1,1,0,25,25,-640.1973,6750.517,1031.19,0,0.9950348,0,-0.09952747;
custom,cuboid,stone2,28,2,55,0,1,1,0,12,12,-429.607,6750.99,496.6533,0,0.8432464,0,0.5375273;
custom,cuboid,stone2,1,9,23,0,1,1,0,12,12,-195.8847,6803.701,359.0965,0,0.9744844,0,-0.2244552;
custom,cuboid,stone2,2,9,2,0,1,1,1,2,2,300.2892,6701.597,493.5858,0,0.1993001,0,0.9799385;
custom,cuboid,stone2,2,9,2,0,1,1,1,2,2,358.6722,6696.916,642.9644,0,0.5668584,0,-0.8238153;
custom,cuboid,stone2,2,9,2,0,1,1,1,2,2,-89.95757,6700.066,654.569,0,0.8382889,0,0.5452264;
custom,cuboid,stone2,1,9,9,0,1,1,1,2,2,-51.54731,6670.1,540.5963,0,-0.2054861,0,-0.97866;
custom,cuboid,stone2,1,9,9,0,1,1,1,2,2,-256.0577,6654.955,689.8817,0,0.809844,0,0.5866454;
custom,cuboid,stone2,1,9,1,0,1,1,1,2,2,-259.6166,6716.523,691.3812,0,0.1561007,0,0.9877412;
custom,cuboid,stone2,1,9,1,0,1,1,1,2,2,-234.8379,6713.07,682.492,0,0.1875633,0,0.9822526;
custom,cuboid,stone2,1,9,1,0,1,1,1,2,2,-287.506,6701.399,781.872,0,0.4774918,0,-0.8786362;
custom,cuboid,stone2,1,9,1,0,1,1,1,2,2,-395.0694,6699.478,724.5403,0,0.8305058,0,0.5570099;
custom,cuboid,stone2,1,9,5,0,1,1,1,2,2,-388.3711,6669.527,792.7076,0,0.8214054,0,0.5703448;
custom,cuboid,stone2,1,9,5,0,1,1,1,2,2,-400.9976,6665.407,956.0516,0,-0.1911979,0,-0.9815515;
custom,cuboid,stone2,1,9,5,0,1,1,1,2,2,-516.3998,6667.448,709.0998,0,0.580175,0,-0.8144918;
custom,cuboid,stone2,1,9,1,0,1,1,1,1.0,1.0,58.04187,6696.419,781.6817,0,0.8301039,0,0.5576089;
custom,cuboid,stone2,1,9,1,0,1,1,1,1.0,1.0,88.98988,6698.651,747.4401,0,0.8301039,0,0.5576089;
custom,dummy1,stone2,1,2,1,0,1,1,1,2,2,-87.31187,6685.857,358.8943,0,-0.5987248,0,0.8009548;
custom,dummy1,stone2,1,2,1,0,1,1,1,2,2,-100.5588,6686.562,320.7165,0,-0.5298986,0,0.8480611;
custom,dummy1,stone2,1,2,1,0,1,1,1,2,2,-61.36023,6750.094,322.9066,0,-0.5757892,0,0.8175982;
custom,cuboid,stone2,1,6.5,1,0,1,1,1,2,2,36.9762,6815.177,315.0391,0,0.1277663,0,0.9918044;
custom,cuboid,stone2,1,6.5,1,0,1,1,1,2,2,8.489754,6816.637,283.5921,0,0.7648144,0,0.6442508;
custom,cuboid,stone2,1,6.5,1,0,1,1,1,2,2,84.47317,6815.123,284.5247,0,0.1034933,0,0.9946302;
custom,cuboid,stone2,1,6.5,1,0,1,1,1,2,2,132.9564,6812.281,254.6825,0,0.7781339,0,0.6280985;
custom,cuboid,stone2,1,3,10,0,1,1,1,2,2,210.0767,6798.769,257.9755,0,0.9924625,0,-0.1225485;
custom,cuboid,stone2,1,2,10,0,1,1,1,2,2,212.2856,6836.528,271.6437,0,0.9918756,0,-0.1272115;
custom,cuboid,stone2,1,2,10,0,1,1,1,2,2,282.9426,6804.685,226.8557,0,-0.1405603,0,-0.9900721;
custom,cuboid,stone2,1,6.5,17,0,1,1,1,2,2,412.5707,6813.554,320.2172,0,0.4136771,0,0.9104237;
custom,cuboid,stone2,1,6.7,19,0,1,1,1,2,2,510.1918,6812.832,459.468,0,0.9852078,0,-0.1713638;
custom,cuboid,stone2,1,6.7,15,0,1,1,1,2,2,505.0713,6812.805,607.291,0,0.2655176,0,-0.964106;
custom,cuboid,stone2,1,6.7,21,0,1,1,1,2,2,376.6641,6812.954,716.0696,0,0.5228896,0,-0.8524004;
custom,cuboid,stone2,1,6.7,14,0,1,1,1,2,2,478.0703,6811.074,765.5948,0,0.5183295,0,-0.855181;
custom,cuboid,stone2,1,6.7,21,0,1,1,1,2,2,444.26,6811.246,865.7982,0,0.976315,0,-0.216354;
custom,cuboid,stone2,1,6.7,15,0,1,1,1,2,2,316.3099,6813.189,830.2065,0,0.9762765,0,-0.2165277;
custom,cuboid,stone2,1,6.7,1,0,1,1,1,2,2,252.641,6811.491,234.6912,0,0.5888152,0,-0.8082678;
custom,cuboid,stone2,1,6.7,1,0,1,1,1,2,2,262.7437,6812.716,273.8492,0,0.5882573,0,-0.8086739;
custom,cuboid,stone2,3,6.7,3,0,1,1,1,2,2,387.294,6812.736,258.9852,0,-0.3437636,0,0.9390562;
custom,cuboid,stone2,3,6.7,3,0,1,1,1,2,2,459.0331,6812.247,290.1595,0,-0.3174925,0,0.9482608;
custom,cuboid,stone2,3,6.7,3,0,1,1,1,2,2,496.0824,6812.345,381.2551,0,0.1792067,0,0.9838114;
custom,cuboid,stone2,3,6.7,3,0,1,1,1,2,2,549.8926,6812.51,528.6124,0,-0.5422434,0,0.8402215;
custom,cuboid,stone2,2,6.7,2,0,1,1,1,2,2,560.4146,6812.858,426.5468,0,0.1381106,0,0.9904169;
custom,cuboid,stone2,2,6.7,5,0,1,1,1,2,2,522.3395,6813.018,629.6412,0,-0.5332768,0,-0.8459409;
custom,cuboid,stone2,2,4,5,0,1,1,1,2,2,556.6771,6795.561,646.5333,0,-0.5326861,0,-0.8463129;
custom,cuboid,stone2,2,4,5,0,1,1,1,2,2,420.0939,6826.389,719.3568,0,-0.1960917,0,-0.9805856;
custom,cuboid,stone2,2,6.7,7,0,1,1,1,2,2,442.7228,6813.053,769.6238,0,-0.2184105,0,-0.975857;
custom,cuboid,stone2,2,6.7,2,0,1,1,1,2,2,363.1095,6811.426,809.5135,0,0.8457901,0,0.5335158;
custom,cuboid,stone2,2,6.7,2,0,1,1,1,2,2,389.7584,6811.5,863.5444,0,0.9727893,0,-0.231692;
custom,cuboid,stone2,2,6.7,2,0,1,1,1,2,2,353.6338,6814.265,953.5666,0,0.2532446,0,0.9674023;
custom,cuboid,stone2,2,6.7,2,0,1,1,1,2,2,307.2556,6813.61,979.9145,0,0.8700941,0,0.4928856;
custom,cuboid,stone2,30,2,67,0,1,1,1,7,7,118.743,6847.9,304.075,0,0.6072957,0,-0.794476;
custom,cuboid,stone2,30,2,67,0,1,1,1,7,7,466.6232,6848.455,477.9332,0,-0.1847418,0,-0.9827871;
custom,cuboid,stone2,30,2,30,0,1,1,1,7,7,353.8698,6848.951,872.792,0,0.8470311,0,0.5315435;
custom,cuboid,stone2,1,19,12,0,1,1,1,2,2,258.6659,6752.273,1050.005,0,0.8577977,0,0.5139875;
custom,cuboid,stone2,1,19,12,0,1,1,1,2,2,194.3475,6752.438,970.9978,0,0.8593609,0,0.5113696;
custom,cuboid,stone2,1,19,12,0,1,1,1,2,2,226.5472,6688.623,1003.209,0,0.9763774,0,-0.2160721;
custom,cuboid,stone2,1,9,12,0,1,1,1,2,2,167.5396,6714.047,1097.203,0,0.8503731,0,0.5261803;
custom,cuboid,stone2,1,9,12,0,1,1,1,2,2,109.5619,6713.785,1016.811,0,0.8566813,0,0.515846;
custom,cuboid,stone2,1,9,12,0,1,1,1,2,2,1.778455,6713.838,1040.892,0,0.6840873,0,0.7294002;
custom,cuboid,stone2,1,9,12,0,1,1,1,2,2,-58.87464,6714.258,1093.275,0,0.9987228,0,0.05052589;
custom,cuboid,stone2,1,9,12,0,1,1,1,2,2,111.9803,6713.869,1179.201,0,0.04435536,0,-0.9990158;
custom,cuboid,stone2,1,9,12,0,1,1,1,2,2,50.69131,6714.447,1233.129,0,0.7109728,0,-0.7032195;
custom,cylinder,stone2,7,1,7,0,1,1,1,2,2,37.23716,6685.233,1117.902,0,0.8661838,0,-0.4997256;
racing,checkpointCuboid,1,4,5,39.83948,6701.577,1115.033,0,-0.3603998,0,-0.932798;
custom,cylinder,stone2,2,4,2,0,1,1,1,2,2,18.40738,6683.801,1092.75,0,0.4485158,0,-0.8937749;
custom,cylinder,stone2,2,4,2,0,1,1,1,2,2,61.18784,6683.856,1140.192,0,0.3668884,0,-0.9302649;
custom,prism,default,2,0.2,2,1,1,1,0,2,2,127.7303,6686.705,1065.64,0,0.8440198,0,-0.5363122;
custom,prism,default,2,0.2,2,1,1,1,0,2,2,150.4402,6686.72,1050.616,0,0.8517916,0,-0.523881;
custom,cuboid,stone2,1,9,80,0,1,1,0,8,2,-356.5201,6714.346,1423.126,0,0.8599915,0,0.5103084;
custom,cuboid,stone2,1,9,80,0,1,1,0,8,2,-412.8474,6714.466,1339.895,0,0.8599915,0,0.5103084;
custom,cuboid,stone2,2,9,2,0,1,1,0,8,2,-142.9975,6714.902,1253.935,0,0.9694415,0,-0.2453228;
custom,cuboid,stone2,2,9,2,0,1,1,0,8,2,-231.0903,6715.255,1298.047,0,0.4959816,0,-0.868333;
custom,cuboid,stone2,2,9,2,0,1,1,0,8,2,-317.0809,6716.924,1346.777,0,0.4999432,0,-0.8660583;
custom,cuboid,stone2,2,9,2,0,1,1,0,8,2,-395.2222,6715.121,1385.514,0,0.5153157,0,-0.8570004;
custom,cuboid,stone2,2,9,2,0,1,1,0,8,2,-479.2478,6714.696,1433.469,0,0.8701473,0,0.4927918;
custom,cuboid,stone2,2,9,2,0,1,1,0,8,2,-559.8525,6715.517,1476.569,0,0.9646996,0,-0.2633527;
custom,cuboid,stone2,2,9,2,0,1,1,0,8,2,-641.6658,6716.001,1519.319,0,0.9639863,0,-0.2659522;
custom,cuboid,stone2,2,9,2,0,1,1,0,8,2,-60.29488,6714.534,1207.797,0,0.9585217,0,-0.2850195;
custom,cuboid,stone2,2,9,2,0,1,1,0,8,2,-712.1102,6714.575,1555.871,0,0.8591455,0,0.5117314;
racing,killCuboid,1,9,6,-76.58789,6714.607,1182.042,0,-0.2756075,0,-0.9612703;
racing,killCuboid,1,9,6,-131.9418,6714.718,1272.71,0,-0.2523078,0,-0.9676471;
racing,killCuboid,1,9,6,-244.0753,6714.678,1276.143,0,-0.2569,0,-0.966438;
racing,killCuboid,1,9,6,-303.3904,6716.193,1364.786,0,-0.2505615,0,-0.9681007;
racing,killCuboid,1,9,6,-406.3757,6715.048,1365.21,0,-0.2547244,0,-0.9670137;
racing,killCuboid,1,9,6,-465.3149,6715.054,1452.216,0,-0.264547,0,-0.9643728;
racing,killCuboid,1,9,6,-570.6924,6715.284,1455.284,0,-0.252997,0,-0.9674671;
racing,killCuboid,1,9,6,-628.8314,6715.416,1544.36,0,-0.2588412,0,-0.9659199;
racing,killCuboid,1,9,6,-720.8811,6714.25,1536.121,0,-0.2157304,0,-0.976453;
racing,killCuboid,12,1,45,-930.3906,6754.345,1666.382,0,0.5209743,0,-0.8535723;
racing,killCuboid,1,9,45,-902.7885,6714.938,1715.315,0,0.5197864,0,-0.8542963;
racing,killCuboid,1,9,45,-902.7885,6714.938,1715.315,0,0.5197864,0,-0.8542963;
racing,killCuboid,1,9,45,-960.2585,6714.538,1632.822,0,0.5197864,0,-0.8542963;
racing,killCuboid,1,9,45,-960.2585,6714.538,1632.822,0,0.5197864,0,-0.8542963;
racing,killCuboid,12,1,45,-930.3906,6683.071,1666.382,0,0.5209744,0,-0.8535724;
racing,killCuboid,12,1,45,-930.0402,6753.455,1667.466,0,0.5227784,0,-0.8524687;
custom,cuboid,stone2,1,10,12,0,1,1,1,2,2,183.3152,6796.874,1033.183,0,0.9737154,0,-0.2277683;
custom,cuboid,stone2,12,2,12,0,1,1,1,2,2,234.815,6849.08,1006.959,0,0.8621637,0,0.5066299;
custom,prism,default,2,0.1,2,1,1,1,0,2,2,185.8849,6792.614,1026.343,0.5916628,0.3727886,0.3557476,-0.6200061;
custom,prism,default,2,0.1,2,1,1,1,0,2,2,185.7361,6815.196,1026.335,0.5916628,0.3727886,0.3557476,-0.6200061;
custom,cuboid,stone2,40,2,100,0,1,1,0,13,6,-303.352,6758.604,1311.971,0,0.8559588,0,0.5170441;
custom,cuboid,stone2,13,2,13,0,1,1,0,13,6,123.2221,6758.734,1059.792,0,0.8488063,0,0.528704;
racing,killCuboid,1,9,13,-1114.643,6715.733,1875.136,0,0.989257,0,0.1461873;
racing,killCuboid,1,9,13,-1214.351,6715.691,1712.097,0,0.5809517,0,0.8139381;
racing,killCuboid,1,9,13,-1324.142,6718.896,1718.097,0,0.8231387,0,0.5678403;
racing,killCuboid,1,9,13,-1186.603,6714.863,1967.844,0,0.8700455,0,0.4929715;
racing,killCuboid,1,9,13,-1114.643,6715.733,1875.136,0,0.989257,0,0.1461873;
racing,killCuboid,1,9,13,-1214.351,6715.691,1712.097,0,0.5809517,0,0.8139381;
racing,killCuboid,1,9,13,-1324.142,6718.896,1718.097,0,0.8231387,0,0.5678403;
racing,killCuboid,1,9,13,-1186.603,6714.863,1967.844,0,0.8700455,0,0.4929715;
racing,killCuboid,33,1,33,-1266.008,6756.692,1844.397,0,-0.5157052,0,0.8567661;
racing,killCuboid,33,1,33,-1266.008,6756.692,1844.397,0,-0.5157052,0,0.8567661;
custom,cuboid,stone2,1,9,12,0,1,1,0,2,2,-1297.942,6714.958,1998.048,0,0.6851512,0,0.7284009;
custom,cuboid,stone2,1,9,12,0,1,1,0,2,2,-1402.822,6716.698,1795.612,0,0.1586611,0,-0.9873331;
custom,cuboid,stone2,1,9,12,0,1,1,0,2,2,-1407.1,6714.907,2014.642,0,-0.5714833,0,0.8206137;
custom,cuboid,stone2,1,9,12,0,1,1,0,2,2,-1462.755,6716.815,1889.267,0,0.9194742,0,0.3931505;
custom,statue2,stone2,2,2,2,0,1,1,0,2,2,-1221.24,6685.637,1823.197,0,0.8635034,0,0.5043431;
custom,statue2,stone2,2,2,2,0,1,1,0,2,2,-1294.044,6684.359,1863.952,0,0.4802384,0,-0.877138;
custom,cuboid,stone2,1,9,12,0,1,1,0,2,2,-1499.066,6714.496,2075.041,0,0.9310417,0,0.3649129;
custom,cuboid,stone2,1,9,12,0,1,1,0,2,2,-1580.792,6714.438,2078.266,0,0.9066976,0,-0.4217812;
custom,cuboid,stone2,1,9,60,0,1,1,0,7,2,-1812.222,6714.51,1826.89,0,0.9351622,0,-0.3542198;
custom,cuboid,stone2,1,9,60,0,1,1,0,7,2,-1698.842,6716.952,1704.476,0,0.9351622,0,-0.3542198;
racing,killCuboid,1,9,9,-1533.051,6716.748,1955.646,0,0.3969205,0,-0.9178531;
racing,killCuboid,1,9,9,-1533.051,6716.748,1955.646,0,0.3969205,0,-0.9178531;
racing,killCuboid,1,9,9,-1533.051,6716.748,1955.646,0,0.3969205,0,-0.9178531;
custom,cylinder,stone2,3,4.5,3,0,1,1,0,7,2,-1572.709,6717.113,1990.524,0,0.9193626,0,0.3934113;
custom,cylinder,stone2,3,4.5,3,0,1,1,0,7,2,-1618.883,6714.701,2031.136,0,0.6555055,0,0.7551905;
racing,killCylinder,3.2,4.5,3.2,-1572.734,6717.188,1990.695,0,0.550892,0,0.8345766;
racing,killCylinder,3.2,4.5,3.2,-1618.281,6714.865,2031.003,0,0.9046177,0,-0.426224;
racing,killCuboid,2,9,19,-1569.225,6716.439,1899.055,0,0.9996691,0,0.02572357;
racing,killCuboid,2,9,19,-1623.051,6716.387,1831.984,0,0.7916538,0,-0.6109701;
racing,killCuboid,2,9,19,-1623.667,6714.081,1985.948,0,0.9999785,0,0.006554934;
racing,killCuboid,2,9,19,-1708.009,6713.67,1887.104,0,0.773303,0,-0.6340367;
racing,killCuboid,2,9,19,-1774.741,6714.465,1813.395,0,0.9983808,0,0.05688296;
racing,killCuboid,2,9,19,-1702.846,6717.735,1724.04,0,0.9999828,0,0.005866209;
racing,killCuboid,2,9,19,-1847.413,6714.336,1728.204,0,0.7261082,0,0.6875805;
racing,killCuboid,2,9,19,-1755.097,6717.052,1691.253,0,0.7126958,0,0.7014733;
racing,killCuboid,2,9,19,-1848.611,6717.099,1605.467,0,0.9997407,0,-0.02277463;
racing,killCuboid,2,9,19,-1914.405,6714.908,1646.842,0,0.9963378,0,-0.08550391;
racing,killCuboid,23,1,60,-1760.556,6683.274,1759.148,0,0.9338657,0,-0.3576238;
custom,cylinder,stone2,3,4.5,3,0,1,1,0,2,2,-1931.212,6715.288,1548.02,0,0.1729914,0,0.9849234;
custom,cuboid,stone2,1,9,12,0,1,1,0,2,2,-2014.883,6714.162,1546.837,0,0.9993845,0,-0.03508202;
custom,cuboid,stone2,1,9,12,0,1,1,0,2,2,-1851.203,6716.908,1449.025,0,0.8992241,0,0.4374883;
custom,cuboid,stone2,45,2,70,0,1,1,0,7,7,-1648.58,6760.17,1904.406,0,0.9494606,0,-0.3138863;
custom,cuboid,stone2,1,9,33,0,1,1,0,2,2,-1891.107,6714.173,1389.917,0,0.8987884,0,0.4383828;
custom,cuboid,stone2,1,9,32,0,1,1,0,2,2,-1653.443,6717.332,1447.935,0,0.6259805,0,0.7798388;
custom,cuboid,stone2,1,9,22,0,1,1,0,2,2,-1708.535,6714.088,1343.444,0,0.6397377,0,0.7685934;
custom,cuboid,stone2,1,9,32,0,1,1,0,2,2,-1476.467,6717.178,1331.068,0,-0.07381222,0,0.9972722;
custom,cuboid,stone2,1,9,32,0,1,1,0,2,2,-1581.734,6714.542,1209.521,0,0.9977332,0,0.06729352;
custom,cuboid,stone2,1,9,32,0,1,1,0,2,2,-1406.355,6715.141,1077.09,0,0.6542871,0,0.7562463;
custom,statue2,stone2,1,2,1,0,1,1,0,2,2,-1556.373,6683.163,2086.472,0,0.9407784,0,0.339022;
custom,statue2,stone2,1,2,1,0,1,1,0,2,2,-1594.669,6684.477,2058.378,0,0.9269397,0,0.3752104;
custom,statue2,stone2,1,2,1,0,1,1,0,2,2,-1887.891,6682.25,1464.285,0,-0.9714295,0,0.2373283;
custom,statue2,stone2,1,2,1,0,1,1,0,2,2,-1918.494,6681.622,1423.125,0,-0.2833236,0,-0.9590244;
custom,cuboid,stone2,1,9,24,0,1,1,0,2,2,-1355.775,6715.551,1203.976,0,-0.06308693,0,0.998008;
custom,cuboid,stone2,1,9,24,0,1,1,0,2,2,-1256.623,6716.738,1340.517,0,0.64383,0,0.7651687;
custom,cuboid,stone2,1,9,43,0,1,1,0,2,2,-1273.859,6717.443,1426.406,0,0.6349456,0,0.7725568;
custom,cuboid,stone2,2,9,2,0,1,1,0,2,2,-1738.313,6716.932,1383.07,0,-0.05512334,0,0.9984795;
custom,cuboid,stone2,2,9,2,0,1,1,0,2,2,-1651.804,6717.597,1404.375,0,-0.05495226,0,0.998489;
custom,cuboid,stone2,2,9,2,0,1,1,0,2,2,-1525.415,6717.029,1371.55,0,0.634048,0,0.7732937;
custom,cuboid,stone2,2,9,2,0,1,1,0,2,2,-1565.058,6714.685,1363.181,0,0.6347194,0,0.7727427;
custom,cuboid,stone2,2,9,2,0,1,1,0,2,2,-1550.806,6717.5,1312.862,0,0.6487678,0,0.7609865;
custom,cuboid,stone2,2,9,2,0,1,1,0,2,2,-1505.368,6714.99,1274.443,0,0.9970095,0,0.07727985;
custom,cuboid,stone2,2,9,2,0,1,1,0,2,2,-1533.53,6718.383,1219.997,0,-0.06239622,0,0.9980515;
custom,cuboid,stone2,2,9,2,0,1,1,0,2,2,-1504.851,6714.838,1178.863,0,-0.07408509,0,0.9972519;
racing,killCuboid,1,9,9,-1601.973,6715.371,1359.561,0,0.65895,0,0.7521868;
racing,killCuboid,1,9,5,-1506.594,6717.144,1377.411,0,0.7676205,0,-0.6409047;
racing,killCuboid,1,9,8,-1513.687,6717.328,1320.199,0,0.762457,0,-0.6470389;
racing,killCuboid,1,9,8,-1548.372,6714.991,1269.597,0,-0.7524421,0,0.6586584;
racing,killCuboid,1,9,8,-1497.198,6717.549,1227.649,0,0.661203,0,0.750207;
racing,killCuboid,1,9,8,-1540.175,6714.817,1174.436,0,-0.7499628,0,0.66148;
racing,killCuboid,1,9,8,-1742.047,6717.516,1418.823,0,0.9977872,0,0.06648888;
racing,killCuboid,1,9,8,-1647.896,6717.786,1370.954,0,0.998641,0,0.05211652;
custom,cuboid,stone2,1,9,5,0,1,1,0,2,2,-1434.299,6717.305,1176.814,0,0.6595349,0,0.7516741;
custom,cuboid,stone2,1,9,7,0,1,1,0,2,2,-1395.671,6715.495,1210.02,0,0.7566723,0,-0.6537943;
custom,cuboid,stone2,1,9,7,0,1,1,0,2,2,-1429.41,6717.498,1236.189,0,0.7506659,0,-0.660682;
custom,cuboid,stone2,1,9,7,0,1,1,0,2,2,-1402.093,6715.734,1266.48,0,0.7483138,0,-0.663345;
custom,cuboid,stone2,1,9,7,0,1,1,0,2,2,-1432.857,6717.166,1286.024,0,-0.649645,0,-0.7602378;
custom,cuboid,stone2,1,9,7,0,1,1,0,2,2,-1396.081,6717.083,1316.459,0,0.6517,0,0.7584769;
custom,prism,default,2,1,2,1,1,1,0,2,2,-1372.941,6682.741,1196.14,0,-0.986079,0,0.1662778;
custom,prism,default,2,1,2,1,1,1,0,2,2,-1391.89,6682.806,1190.23,0,-0.3542668,0,0.9351445;
custom,prism,default,2,1,2,1,1,1,0,2,2,-1478.63,6682.8,1127.165,0,0.2498214,0,0.968292;
custom,prism,default,2,1,2,1,1,1,0,2,2,-1457.853,6682.917,1129.953,0,0.2433942,0,0.9699274;
custom,prism,default,2,1,2,1,1,1,0,2,2,-1420.107,6682.894,1352.426,0,0.1987423,0,0.9800519;
custom,prism,default,2,1,2,1,1,1,0,2,2,-1396.22,6682.866,1356.556,0,0.2035291,0,0.9790689;
custom,cuboid,stone2,2,1,12,0,1,1,0,2,2,-1350.166,6689.769,1371.74,0,0.9956888,0,0.09275707;
custom,cuboid,stone2,2,4,12,0,1,1,0,2,2,-1349.688,6741.894,1368.799,0,0.9955747,0,0.09397358;
custom,cuboid,stone2,2,4,2,0,1,1,0,2,2,-1353.593,6705.161,1388.826,0,0.6438265,0,0.7651715;
custom,cuboid,stone2,2,4,2,0,1,1,0,2,2,-1347.141,6703.682,1355.519,0,-0.7518088,0,0.6593812;
custom,cuboid,stone2,2,9,2,0,1,1,0,2,2,-1243.18,6717.111,1388.716,0,0.9987156,0,0.05066792;
custom,cuboid,stone2,2,9,2,0,1,1,0,2,2,-1175.312,6717.084,1399.13,0,-0.07846186,0,0.9969171;
racing,killCuboid,1,9,7,-1246.172,6716.908,1418.378,0,0.07588588,0,-0.9971165;
racing,killCuboid,1,9,7,-1169.823,6717.02,1364.422,0,0.9967743,0,0.08025565;
custom,cuboid,stone2,1,9,22,0,1,1,0,2,2,-1048.958,6717.91,1363.604,0,0.9956955,0,0.09268433;
custom,cuboid,stone2,1,9,12,0,1,1,0,2,2,-1133.122,6715.762,1305.436,0,0.9969465,0,0.07808854;
custom,cuboid,stone2,1,9,12,0,1,1,0,2,2,-986.9523,6718.227,1223.81,0,0.9083649,0,0.4181786;
custom,cuboid,stone2,1,9,12,0,1,1,0,2,2,-1152.148,6716.161,1200.766,0,0.9676862,0,-0.2521578;
custom,cuboid,stone2,1,9,12,0,1,1,0,2,2,-945.0756,6717.862,1131.055,0,0.002229212,0,0.9999976;
custom,cuboid,stone2,1,9,12,0,1,1,0,2,2,-1173.287,6716.433,1092.881,0,0.9989526,0,0.04575644;
custom,cuboid,stone2,1,9,12,0,1,1,0,2,2,-983.5536,6717.015,1033.09,0,0.9305651,0,-0.3661267;
custom,cuboid,stone2,1,9,12,0,1,1,0,2,2,-1129.929,6716.785,1000.933,0,0.9283363,0,0.3717417;
custom,cylinder,stone2,12,1,12,0,1,1,0,2,2,-1068.505,6686.084,1134.985,0,0.7463698,0,0.6655316;
racing,checkpointCuboid,1,4,5,-1066.922,6711.39,1153.426,0,0.6803788,0,-0.7328606;
custom,cylinder,stone2,2,4,2,0,1,1,0,2,2,-1095.34,6691.798,1155.604,0,0.6890094,0,0.7247525;
custom,cylinder,stone2,2,4,2,0,1,1,0,2,2,-1036.946,6691.554,1149.956,0,0.9996333,0,-0.02707965;
custom,cuboid,stone2,2,4,2,0,1,1,0,2,2,-1070.993,6693.956,1334.839,0,0.7671616,0,-0.6414539;
custom,cuboid,stone2,2,5,2,0,1,1,0,2,2,-1103.201,6708.569,1291.021,0,0.6464582,0,0.7629495;
custom,cuboid,stone2,1,9,27,0,1,1,0,2,2,-1008.034,6717.152,861.3881,0,0.9987609,0,0.0497665;
custom,cuboid,stone2,1,9,45,0,1,1,0,2,2,-1309.414,6717.489,942.967,0,0.7313678,0,-0.6819833;
custom,cuboid,stone2,1,9,55,0,1,1,0,2,2,-1264.449,6717.587,705.8076,0,0.738802,0,-0.6739227;
custom,cuboid,stone2,1,9,3,0,1,1,0,2,2,-1089.794,6716.831,945.4469,0,0.9996341,0,0.02705016;
custom,cuboid,stone2,1,9,3,0,1,1,0,2,2,-1084.317,6717.302,890.3737,0,-0.03063224,0,0.9995307;
custom,cuboid,stone2,1,10,3,0,1,1,0,2,2,-1071.181,6712.725,882.5551,0,0.7321351,0,-0.6811596;
custom,cuboid,stone2,1,10,3,0,1,1,0,2,2,-1023.304,6712.16,886.6714,0,0.7404018,0,-0.6721646;
custom,cuboid,stone2,1,10,45,0,1,1,0,2,2,-1261.958,6712.487,736.1027,0,0.7354608,0,-0.6775673;
custom,cuboid,stone2,1,10,34,0,1,1,0,2,2,-1173.865,6712.093,770.1905,0,0.7319036,0,-0.6814083;
custom,cuboid,stone2,1,10,12,0,1,1,0,2,2,-1091.147,6712.493,853.4988,0,0.7324811,0,-0.6807875;
custom,cuboid,stone2,1,10,12,0,1,1,0,2,2,-1141.5,6710.875,894.9096,0,0.6796871,0,0.7335022;
custom,cuboid,stone2,1,10,12,0,1,1,0,2,2,-1150.668,6711.546,930.7438,0,0.7349957,0,-0.6780718;
custom,cuboid,stone2,1,10,4,0,1,1,0,2,2,-1339.978,6711.733,774.2661,0,0.9984812,0,0.05509456;
custom,cuboid,stone2,1,10,4,0,1,1,0,2,2,-1250.556,6712.275,922.0763,0,0.743303,0,-0.668955;
custom,cuboid,stone2,1,10,4,0,1,1,0,2,2,-1193.213,6711.125,867.9991,0,0.9993606,0,0.03575681;
custom,cuboid,stone2,1,10,6,0,1,1,0,2,2,-1124.871,6712.096,826.6074,0,0.9994838,0,0.03212769;
custom,cuboid,stone2,1,10,6,0,1,1,0,2,2,-1093.76,6709.311,804.3824,0,0.6796064,0,0.733577;
custom,cuboid,stone2,1,10,12,0,1,1,0,2,2,-1183.714,6711.647,845.5536,0,0.6719438,0,0.7406022;
custom,cuboid,stone2,1,10,12,0,1,1,0,2,2,-1185.278,6712.617,811.028,0,0.7300778,0,-0.683364;
custom,cuboid,stone2,1,10,4,0,1,1,0,2,2,-1256.322,6712.773,805.04,0,0.6515126,0,0.7586378;
custom,cuboid,stone2,1,10,4,0,1,1,0,2,2,-1272.797,6713.083,821.8649,0,0.9982147,0,0.05972883;
custom,cuboid,stone2,1,10,4,0,1,1,0,2,2,-1294.9,6712.997,817.4993,0,0.7441819,0,-0.6679771;
custom,cuboid,stone2,1,10,4,0,1,1,0,2,2,-1262.923,6712.575,903.3632,0,0.9989506,0,0.04580051;
custom,cuboid,stone2,1,10,4,0,1,1,0,2,2,-1278.328,6712.521,888.5341,0,0.6636633,0,0.7480315;
custom,cuboid,stone2,1,10,8,0,1,1,0,2,2,-1235.335,6711.6,890.0784,0,0.7127594,0,0.7014086;
custom,cuboid,stone2,1,10,8,0,1,1,0,2,2,-1318.703,6712.371,882.731,0,0.9996217,0,0.02750535;
custom,cuboid,stone2,1,10,8,0,1,1,0,2,2,-1383.071,6711.953,782.4011,0,0.7550285,0,-0.655692;
custom,cuboid,stone2,1,10,8,0,1,1,0,2,2,-1344.853,6711.588,824.3125,0,0.9991915,0,0.04020646;
custom,cuboid,stone2,1,10,10,0,1,1,0,2,2,-1427.934,6712.583,813.4119,0,0.6810317,0,0.732254;
custom,cuboid,stone2,1,10,10,0,1,1,0,2,2,-1522.839,6712.733,882.4666,0,0.9983944,0,0.05664507;
custom,cuboid,stone2,1,10,10,0,1,1,0,2,2,-1369.833,6712.427,894.9464,0,0.6745158,0,0.7382604;
custom,cuboid,stone2,1,10,12,0,1,1,0,2,2,-1499.067,6713.106,779.5397,0,-0.1568637,0,0.9876203;
custom,cuboid,stone2,1,10,12,0,1,1,0,2,2,-1440.728,6712.674,782.8149,0,0.9988648,0,0.04763579;
custom,cuboid,stone2,1,10,3,0,1,1,0,2,2,-1501.936,6713.689,841.481,0,-0.6647565,0,-0.7470602;
custom,cuboid,stone2,1,10,3,0,1,1,0,2,2,-1362.537,6711.301,855.2875,0,0.7245364,0,-0.6892366;
custom,cuboid,stone2,1,10,4,0,1,1,0,2,2,-1413.482,6712.993,874.4327,0,0.05435529,0,-0.9985217;
custom,cuboid,stone2,1,10,4,0,1,1,0,2,2,-1472.299,6712.281,912.9313,0,0.9998578,0,0.0168632;
custom,prism,default,2,1,2,1,1,1,0,2,2,-1058.125,6682.808,968.3861,0,0.8372077,0,0.5468852;
custom,prism,default,2,1,2,1,1,1,0,2,2,-1054.766,6682.726,946.9029,0,0.8327346,0,0.5536724;
custom,cuboid,stone2,1,9,12,0,1,1,0,2,2,-1528.254,6717.447,714.929,0,0.7299545,0,-0.6834958;
custom,cuboid,stone2,1,9,34,0,1,1,0,2,2,-1520.859,6717.756,514.6681,0,0.9992564,0,0.03855789;
custom,cuboid,stone2,1,9,55,0,1,1,0,2,2,-1565.46,6717.13,439.0213,0,0.9995144,0,0.03116003;
custom,cuboid,stone2,1,9,23,0,1,1,0,2,2,-1452.038,6717.662,310.3067,0,0.668969,0,0.7432904;
custom,cuboid,stone2,1,9,33,0,1,1,0,2,2,-1469.523,6717.832,447.9212,0,0.9985474,0,0.05387972;
custom,cuboid,stone2,1,9,33,0,1,1,0,2,2,-1426.395,6717.919,521.8204,0,0.05870883,0,-0.9982752;
custom,cuboid,stone2,1,9,5,0,1,1,0,2,2,-1387.237,6717.235,364.9459,0,0.6711573,0,0.7413149;
custom,cuboid,stone2,55,2,88,0,1,1,0,10,10,-1632.432,6760.804,1392.217,0,0.9396917,0,0.3420229;
custom,cuboid,stone2,65,2,88,0,1,1,0,10,10,-1247.77,6760.921,1029.097,0,0.9985793,0,0.05328666;
custom,cuboid,stone2,1,9,5,0,1,1,0,2,2,-1351.381,6717.381,385.0063,0,0.2955367,0,0.9553314;
custom,cuboid,stone2,1,9,5,0,1,1,0,2,2,-1328.925,6717.332,305.4433,0,-0.3622848,0,0.9320675;
custom,cuboid,stone2,1,9,12,0,1,1,0,2,2,-1281.177,6717.531,405.1876,0,0.7029609,0,0.7112285;
custom,cuboid,stone2,1,9,12,0,1,1,0,2,2,-1257.369,6716.578,291.961,0,0.6928362,0,0.721095;
custom,cylinder,stone2,12,1,12,0,1,1,0,2,2,-1273.326,6684.663,350.9056,0,0.1690007,0,0.985616;
racing,checkpointCuboid,1,2,5,-1292.192,6702.599,351.1703,0,0.00174058,0,0.9999985;
custom,cylinder,stone2,2,3,2,0,1,1,0,2,2,-1290.531,6683.388,377.8238,0,0.4783808,0,0.8781525;
custom,cylinder,stone2,2,3,2,0,1,1,0,2,2,-1290.913,6683.232,321.9717,0,0.3726589,0,0.9279684;
custom,cuboid,stone2,1,30,15,0,1,1,0,2,2,-1157.076,6821.929,407.774,0,0.6977355,0,0.7163554;
custom,cuboid,stone2,1,30,15,0,1,1,0,2,2,-1159.138,6826.358,296.1675,0,0.691268,0,0.7225986;
custom,cuboid,stone2,1,30,15,0,1,1,0,2,2,-1032.453,6826.455,250.773,0,0.4156186,0,-0.909539;
custom,cuboid,stone2,1,30,30,0,1,1,0,2,2,-1024.723,6822.002,360.3553,0,0.9049361,0,0.4255476;
custom,cuboid,stone2,1,22,16,0,1,1,0,2,2,-1231.624,6866.6,345.3813,0,-0.01025184,0,0.9999475;
custom,cuboid,stone2,1,22,16,0,1,1,0,2,2,-1159.473,6780.911,363.4712,0,0.01115453,0,-0.9999378;
custom,cuboid,stone2,1,22,16,0,1,1,0,2,2,-1037.817,6783.452,300.3399,0,-0.32057,0,-0.9472249;
custom,cuboid,stone2,12,2,16,0,1,1,0,2,2,-1083.435,6882.913,360.6084,0,0.7004935,0,0.7136588;
custom,cuboid,stone2,12,2,16,0,1,1,0,2,2,-1043.251,6883.653,328.421,0,0.4020225,0,-0.9156298;
custom,cuboid,stone2,1,5,12,0,1,1,0,2,2,-985.0586,6691.846,265.4045,0,-0.3488918,0,-0.937163;
photon,spawnPunk,0,0,-1014.515,6687.423,288.918,0,0.3637959,0,-0.9314787;
custom,cuboid,stone2,66,2,66,0,1,1,0,12,12,-1558.292,6761.595,488.9207,0,0.0002284705,0,1;
custom,cuboid,stone2,1,30,12,0,1,1,0,2,2,-938.8978,6826.34,169.1715,0,-0.4211787,0,0.9069777;
custom,cuboid,stone2,1,30,12,0,1,1,0,2,2,-871.8756,6821.781,231.6393,0,0.4187331,0,-0.9081094;
custom,cuboid,stone2,1,30,12,0,1,1,0,2,2,-863.1569,6908.937,177.6074,0,-0.3733987,0,-0.927671;
custom,cuboid,stone2,44,2,44,0,1,1,0,4,4,-1027.708,6970.029,332.2751,0,-0.01180784,0,0.9999303;
custom,cylinder,stone2,1,4,1,0,1,1,0,4,4,-1130.562,6928.791,344.5309,0,0.4289032,0,0.9033505;
custom,cylinder,stone2,1,4,1,0,1,1,0,4,4,-1101.868,6928.547,359.0936,0,0.7116942,0,0.7024894;
custom,cylinder,stone2,1,4,1,0,1,1,0,4,4,-1065.488,6930.731,324.5843,0,0.8128237,0,0.5825098;
custom,cylinder,stone2,1,4,1,0,1,1,0,4,4,-1052.077,6930.985,354.2082,0,0.872474,0,0.4886606;
custom,cylinder,stone2,1,4,1,0,1,1,0,4,4,-1022.716,6931.81,274.7043,0,0.8571416,0,0.515081;
custom,cuboid,stone2,1,9,70,0,1,1,0,4,4,-631.3427,6718.701,-101.4464,0,0.4132579,0,-0.9106141;
custom,cuboid,stone2,1,9,70,0,1,1,0,4,4,-575.8419,6719.583,-25.88921,0,0.4132579,0,-0.9106141;
custom,statue2,stone2,1,2,1,0,1,1,0,2,2,-1122.476,6889.222,397.3086,0,-0.9996834,0,-0.02516022;
custom,statue2,stone2,1,2,1,0,1,1,0,2,2,-1117.545,6891.715,313.315,0,0.06543777,0,-0.9978567;
racing,killCuboid,2,9,2,-770.4436,6719.417,94.82153,0,0.3413246,0,0.9399455;
racing,killCuboid,2,9,2,-691.8875,6719.776,62.23213,0,0.3881977,0,0.9215761;
racing,killCuboid,2,9,2,-707.8403,6719.158,7.129828,0,0.3564396,0,0.9343184;
racing,killCuboid,2,9,2,-781.4445,6718.792,39.85922,0,0.3373663,0,0.9413735;
racing,killCuboid,2,9,2,-843.3848,6718.446,99.9212,0,0.9414738,0,-0.3370863;
racing,killCuboid,2,9,2,-826.5845,6719.438,178.8081,0,0.9356668,0,-0.3528847;
racing,killCuboid,2,9,2,-625.9519,6719.998,-23.06681,0,0.9192287,0,-0.3937241;
racing,killCuboid,2,9,2,-624.0175,6718.63,-70.81068,0,0.9470824,0,-0.3209906;
racing,killCuboid,2,9,2,-550.7872,6719.096,-81.92323,0,0.9411451,0,-0.3380031;
racing,killCuboid,2,9,2,-533.5229,6718.701,-142.7434,0,0.9326058,0,-0.3608967;
racing,killCuboid,2,9,2,-468.6492,6719.132,-133.682,0,0.3778543,0,-0.9258651;
racing,killCuboid,2,9,2,-491.0387,6718.292,-213.7056,0,0.9541596,0,-0.2992982;
racing,killCuboid,2,9,2,-393.1365,6719.515,-203.3734,0,0.93457,0,-0.3557793;
racing,killCuboid,2,9,2,-403.8894,6718.716,-289.4888,0,0.940162,0,-0.3407277;
racing,killCuboid,2,9,2,-327.2017,6719.396,-253.0446,0,0.925417,0,-0.3789505;
racing,killCuboid,2,9,2,-401.0583,6720.435,-247.0786,0,0.9415156,0,-0.3369695;
custom,prism,default,2,0.1,2,1,1,1,0,2,2,-1164.592,6740.647,348.6268,-0.2052844,0.1878334,0.6503687,0.7068222;
custom,prism,default,2,0.1,2,1,1,1,0,2,2,-1164.991,6720.227,348.6084,-0.2052844,0.1878334,0.6503687,0.7068222;
custom,cuboid,stone2,1,9,23,0,1,1,0,2,2,-299.45,6719.3,-366.9531,0,0.9982919,0,0.05842519;
custom,cuboid,stone2,1,9,26,0,1,1,0,2,2,-364.4846,6719.112,-456.3473,0,0.9996458,0,0.0266124;
custom,cuboid,stone2,1,9,45,0,1,1,0,8,2,-261.5341,6718.853,-690.0513,0,0.998226,0,0.05953958;
custom,cuboid,stone2,1,9,45,0,1,1,0,8,2,-348.1986,6718.25,-706.1199,0,0.9992965,0,0.03750309;
racing,killCylinder,3,9,3,-313.3829,6674.274,-368.2822,0,0.5125234,0,0.8586733;
racing,killCylinder,3,9,3,-332.067,6673.758,-437.9737,0,-0.3283382,0,0.9445603;
racing,killCylinder,3,9,3,-358.9476,6673.908,-340.4594,0,0.6763222,0,0.7366059;
racing,killCylinder,3,9,3,-294.3864,6673.415,-510.1612,0,-0.1257052,0,0.9920677;
racing,killCylinder,3,9,3,-349.3115,6674.37,-509.2518,0,0.3210832,0,0.947051;
racing,killCylinder,3,9,3,-253.0276,6673.374,-852.6542,0,-0.5931943,0,-0.8050594;
racing,killCylinder,3,9,3,-336.1026,6674.378,-683.5057,0,-0.4278286,0,0.90386;
racing,killCylinder,3,9,3,-274.7768,6674.346,-682.1221,0,-0.6105577,0,0.7919718;
racing,killCylinder,3,9,3,-320.2485,6673.78,-585.8558,0,-0.9893484,0,0.1455678;
racing,killCylinder,3,9,3,-325.1049,6674.97,-842.9993,0,-0.6002951,0,0.7997786;
racing,killCylinder,3,9,3,-305.7511,6674.192,-751.704,0,0.2038655,0,0.978999;
racing,killCylinder,3,9,3,-267.5722,6674.396,-794.5307,0,-0.3897649,0,0.9209144;
custom,cuboid,stone2,1,9,12,0,1,1,0,8,2,-293.177,6718.867,-968.0457,0,-0.3845606,0,0.9230998;
custom,cuboid,stone2,1,9,16,0,1,1,0,8,2,-176.8723,6718.952,-999.5165,0,0.7397656,0,-0.6728647;
custom,cuboid,stone2,1,9,32,0,1,1,0,8,2,-164.4251,6719.315,-841.6922,0,0.04008398,0,-0.9991964;
custom,cuboid,stone2,1,9,32,0,1,1,0,8,2,-111.2829,6719.592,-609.136,0,0.681045,0,0.7322416;
custom,cuboid,stone2,1,9,32,0,1,1,0,8,2,-97.93504,6722.486,-775.514,0,0.999262,0,0.03841079;
custom,cuboid,stone2,1,9,32,0,1,1,0,8,2,31.72685,6719.631,-982.0907,0,0.6766543,0,0.7363009;
custom,cuboid,stone2,1,9,32,0,1,1,0,8,2,-23.9887,6719.913,-829.9613,0,0.04573039,0,-0.9989539;
custom,cuboid,stone2,1,9,32,0,1,1,0,8,2,54.41718,6719.736,-751.3187,0,-0.03327721,0,0.9994462;
custom,cuboid,stone2,1,2,8,0,1,1,0,8,2,-205.1129,6695.612,-859.3266,0,0.6630955,0,0.7485349;
custom,cuboid,stone2,1,4,8,0,1,1,0,8,2,-204.5483,6743.631,-859.1566,0,0.7486537,0,-0.6629612;
custom,cuboid,stone2,1,2,8,0,1,1,0,8,2,-181.1651,6696.765,-646.5423,0,0.05625665,0,-0.9984164;
custom,cuboid,stone2,1,5,8,0,1,1,0,8,2,-181.1489,6739.313,-644.9177,0,-0.05243165,0,0.9986245;
custom,cuboid,stone2,1,5,8,0,1,1,0,8,2,-133.0498,6696.412,-767.8373,0,-0.7096521,0,-0.7045524;
custom,cuboid,stone2,1,5,8,0,1,1,0,8,2,-127.1958,6742.093,-848.6678,0,0.7280367,0,-0.6855382;
custom,cuboid,stone2,1,9,3,0,1,1,0,8,2,-223.5829,6718.928,-860.9611,0,0.7498094,0,-0.6616538;
custom,cuboid,stone2,1,9,2,0,1,1,0,8,2,-178.9687,6718.824,-855.6338,0,0.7582923,0,-0.6519148;
custom,cuboid,stone2,1,9,2,0,1,1,0,8,2,-183.1265,6720.04,-627.7361,0,0.9984655,0,0.05537824;
custom,cuboid,stone2,2,9,2,0,1,1,0,8,2,-229.5547,6718.544,-768.2098,0,0.07792438,0,-0.9969593;
custom,cuboid,stone2,2,9,2,0,1,1,0,8,2,-196.1973,6719.286,-756.9319,0,0.7230194,0,-0.6908277;
custom,cuboid,stone2,2,9,2,0,1,1,0,8,2,-58.5415,6719.931,-826.6376,0,0.7180849,0,-0.6959556;
custom,cuboid,stone2,2,9,2,0,1,1,0,8,2,-73.67534,6720.91,-906.5194,0,0.7414674,0,-0.670989;
custom,cuboid,stone2,2,9,2,0,1,1,0,8,2,-44.10681,6720.008,-743.1843,0,-0.7335199,0,0.6796679;
custom,cuboid,stone2,2,9,2,0,1,1,0,8,2,-141.5757,6723.028,-687.6692,0,0.634964,0,0.7725418;
custom,cuboid,stone2,2,9,2,0,1,1,0,8,2,-84.79214,6723.223,-939.4791,0,-0.02728183,0,0.9996278;
custom,cuboid,stone2,2,9,2,0,1,1,0,8,2,49.86221,6719.604,-822.0305,0,0.7249543,0,-0.688797;
custom,cuboid,stone2,2,9,2,0,1,1,0,8,2,-13.92285,6721.388,-827.6472,0,0.7415668,0,-0.6708791;
custom,cuboid,stone2,2,9,2,0,1,1,0,8,2,-24.41916,6720.582,-685.2006,0,0.6919994,0,0.7218981;
custom,cuboid,stone2,2,9,2,0,1,1,0,8,2,36.51928,6720.531,-711.095,0,0.6792946,0,0.7338657;
custom,statue2,stone2,1,2,1,0,1,1,0,8,2,-101.3604,6682.699,-907.4039,0,0.7472771,0,-0.6645125;
custom,statue2,stone2,1,2,1,0,1,1,0,8,2,-149.2622,6682.88,-913.6993,0,0.6537507,0,0.7567101;
custom,statue2,stone2,1,2,1,0,1,1,0,8,2,-323.5591,6684.427,-912.5627,0,0.6496934,0,0.7601963;
custom,statue2,stone2,1,2,1,0,1,1,0,8,2,-247.2167,6687.125,-902.5745,0,0.7592881,0,-0.6507547;
custom,statue2,stone2,1,2,1,0,1,1,0,8,2,-297.2856,6683.224,-476.7301,0,0.7510247,0,-0.6602741;
custom,statue2,stone2,1,2,1,0,1,1,0,8,2,0.5239134,6685.646,-608.4199,0,0.9998282,0,0.01853771;
custom,statue2,stone2,1,2,1,0,1,1,0,8,2,37.74508,6684.989,-630.7631,0,-0.7141966,0,0.6999452;
custom,cuboid,stone2,1,9,8,0,1,1,0,8,2,104.0011,6720.862,-902.8375,0,0.6686298,0,0.7435955;
custom,cuboid,stone2,14,2,88,0,1,1,0,22,22,-539.2195,6765.909,-119.5296,0,-0.4144586,0,0.9100682;
custom,cuboid,stone2,55,2,88,0,1,1,0,22,22,-137.5707,6767.318,-762.6852,0,-0.05606503,0,0.9984272;
custom,cuboid,stone2,1,9,6,0,1,1,0,22,22,146.9705,6719.923,-899.0815,0,0.7330363,0,-0.6801895;
custom,cuboid,stone2,1,9,9,0,1,1,0,2,1,226.3243,6719.945,-991.7296,0,0.4735128,0,-0.880787;
custom,cuboid,stone2,1,10,9,0,1,1,0,2,1,204.1816,6714.647,-867.1506,0,0.9202643,0,-0.3912974;
custom,cuboid,stone2,1,10,9,0,1,1,0,2,1,302.8511,6714.892,-1006.165,0,0.7731984,0,-0.6341643;
custom,cuboid,stone2,1,10,9,0,1,1,0,2,1,359.7021,6714.546,-959.3885,0,-0.1942979,0,-0.9809426;
custom,cuboid,stone2,1,10,9,0,1,1,0,2,1,352.2311,6714.245,-887.0606,0,0.2819073,0,-0.9594417;
custom,cylinder,stone2,9,1,9,0,1,1,0,2,1,267.3868,6683.363,-920.8737,0,0.7923074,0,-0.6101221;
racing,checkpointCuboid,1,4,3,271.4349,6710.327,-915.9942,0,0.7331584,0,-0.6800579;
custom,cylinder,stone2,3,4,3,0,1,1,0,2,1,245.8601,6690.856,-914.9398,0,0.2457756,0,-0.9693268;
custom,cylinder,stone2,3,4,3,0,1,1,0,2,1,296.0458,6691.018,-911.8184,0,0.4606285,0,-0.887593;
custom,cuboid,stone2,1,10,5,0,1,1,1,2,2,235.76,6714.669,-813.8447,0,0.009463703,0,-0.9999552;
custom,cuboid,stone2,1,10,5,0,1,1,1,2,2,326.6443,6714.199,-826.846,0,0.03000167,0,-0.9995499;
custom,cuboid,stone2,1,10,9,0,1,1,1,2,2,251.1112,6714.214,-750.5691,0,-0.1837519,0,-0.9829727;
custom,cuboid,stone2,1,10,9,0,1,1,1,2,2,349.8772,6713.796,-771.8012,0,-0.2988472,0,-0.954301;
custom,cuboid,stone2,1,12,9,0,1,1,1,2,2,287.4645,6744.489,-677.6522,0,-0.2652895,0,-0.9641688;
custom,cuboid,stone2,1,12,9,0,1,1,1,2,2,377.1847,6744.448,-732.9146,0,-0.2994279,0,-0.9541189;
custom,cuboid,stone2,1,14,12,0,1,1,1,2,2,263.6005,6734.539,-615.4185,0,0.4764003,0,-0.8792286;
custom,cuboid,stone2,1,14,12,0,1,1,1,2,2,446.4283,6734.299,-731.8575,0,-0.4632486,0,0.8862284;
custom,cuboid,stone2,1,14,60,0,1,1,1,7,2,651.6838,6735.098,-515.3431,0,0.2817941,0,0.9594749;
custom,cuboid,stone2,1,14,60,0,1,1,1,7,2,377.0359,6734.898,-336.3864,0,0.2817941,0,0.9594749;
custom,cuboid,stone2,1,14,21,0,1,1,1,7,2,352.8616,6690.5,-670.955,0,-0.486819,0,0.8735029;
custom,cylinder,stone2,2,8,2,0,1,1,1,7,2,466.8379,6724.727,-645.7767,0,0.238502,0,0.9711421;
custom,cylinder,stone2,2,8,2,0,1,1,1,7,2,373.3755,6727.727,-474.9517,0,-0.6495864,0,0.7602879;
custom,cylinder,stone2,2,8,2,0,1,1,1,7,2,570.5378,6731.217,-488.6842,0,-0.8779224,0,0.478803;
custom,cylinder,stone2,2,8,2,0,1,1,1,7,2,488.597,6731.185,-338.4045,0,-0.9418727,0,-0.33597;
custom,cylinder,stone2,2,8,2,0,1,1,1,7,2,679.7148,6731.381,-328.2688,0,-0.206844,0,0.9783739;
custom,cuboid,stone2,1,14,21,0,1,1,1,7,2,728.3497,6735.977,-211.3102,0,0.4670304,0,-0.8842413;
racing,killCuboid,55,1,65,525.2056,6684.489,-399.2183,0,0.2778256,0,0.9606315;
racing,killCuboid,1,14,25,364.2719,6734.993,-575.0052,0,0.4626031,0,-0.8865656;
racing,killCuboid,1,14,28,481.1685,6737.878,-557.7386,0,0.4422577,0,-0.8968881;
racing,killCuboid,1,14,28,458.3387,6743.939,-406.75,0,0.449346,0,-0.8933578;
racing,killCuboid,1,14,28,598.2932,6741.03,-416.5254,0,0.4539902,0,-0.8910067;
racing,killCuboid,1,14,28,562.7756,6741.455,-254.6293,0,0.4802541,0,-0.8771294;
photon,spawnCrawler,0,0,470.0157,6699.458,-476.2229,0,0.4370738,0,-0.8994257;
photon,spawnCrawler,0,0,572.7227,6697.973,-361.9284,0,0.4209384,0,-0.9070892;
custom,cuboid,stone2,13,11,23,0,1,1,1,7,2,647.0724,6688.853,-26.04181,0,0.9623747,0,-0.271726;
custom,cuboid,stone2,1,3,15,0,1,1,1,7,2,586.7879,6791.294,-117.1697,0,0.4816929,0,-0.8763402;
custom,cuboid,stone2,1,12,25,0,1,1,1,7,2,707.8992,6746.02,-52.18379,0,0.9643953,0,-0.264465;
custom,cuboid,stone2,1,12,25,0,1,1,1,7,2,598.7822,6745.417,15.0471,0,0.2703758,0,0.9627548;
custom,cuboid,stone2,2,12,2,0,1,1,1,7,2,571.7438,6745.134,-101.0451,0,-0.4831816,0,0.8755202;
custom,cuboid,stone2,2,12,2,0,1,1,1,7,2,614.7927,6746.588,-128.8913,0,-0.4682137,0,0.8836153;
custom,cuboid,stone2,2,12,2,0,1,1,1,7,2,640.8019,6746.228,-21.69331,0,0.8769678,0,0.480549;
custom,cuboid,stone2,2,12,2,0,1,1,1,7,2,694.8626,6746.842,32.42719,0,0.9676051,0,-0.2524686;
racing,killCuboid,1,12,7,676.1866,6745.582,-42.11312,0,0.4977076,0,-0.8673449;
racing,killCuboid,1,12,7,659.3468,6745.928,53.07524,0,0.507902,0,-0.8614148;
custom,cuboid,stone2,1,12,14,0,1,1,1,7,2,716.5264,6829.697,78.08112,0,0.5112267,0,-0.859446;
custom,cuboid,stone2,1,24,25,0,1,1,1,7,2,613.9243,6768.878,196.2847,0,0.2383117,0,-0.9711887;
custom,cuboid,stone2,1,24,25,0,1,1,1,7,2,756.0016,6768.955,575.969,0,0.8470519,0,-0.5315103;
custom,cuboid,stone2,1,24,25,0,1,1,1,7,2,888.9606,6769.558,88.05376,0,0.8133333,0,-0.581798;
custom,cuboid,stone2,1,24,25,0,1,1,1,7,2,1042.559,6770.28,220.458,0,0.9792196,0,-0.2028029;
custom,cuboid,stone2,1,24,25,0,1,1,1,7,2,1041.991,6770.204,440.5556,0,0.1996789,0,-0.9798614;
custom,prism,default,2,1,2,1,1,1,0,7,2,277.3743,6682.784,-853.7136,0,-0.4203824,0,0.9073471;
custom,prism,default,2,1,2,1,1,1,0,7,2,280.2045,6682.809,-832.3725,0,-0.4054403,0,0.9141216;
custom,dummy1,stone2,1,2,1,0,1,1,0,7,2,828.5547,6685.869,179.7571,0,0.9533554,0,-0.30185;
custom,dummy1,stone2,1,2,1,0,1,1,0,7,2,702.6494,6686.142,238.5295,0,-0.9873083,0,0.1588153;
racing,killCuboid,1,12,55,871.1647,6724.602,380.8588,0,0.486416,0,-0.8737274;
racing,killCuboid,1,12,25,993.8433,6841.146,301.8139,0,-0.4896234,0,0.871934;
racing,killCuboid,1,12,25,751.5228,6841.026,457.0463,0,-0.4896235,0,0.8719341;
racing,killCuboid,1,8,8,871.2955,6860.902,380.3048,0,-0.4807745,0,0.8768442;
racing,killCuboid,1,12,55,871.1647,6724.602,380.8588,0,0.486416,0,-0.8737274;
racing,killCuboid,1,12,25,993.8433,6841.146,301.8139,0,-0.4896234,0,0.871934;
racing,killCuboid,1,12,25,751.5228,6841.026,457.0463,0,-0.4896235,0,0.8719341;
racing,killCuboid,1,8,8,871.2955,6860.902,380.3048,0,-0.4807745,0,0.8768442;
racing,killCuboid,1,12,55,871.1647,6724.602,380.8588,0,0.486416,0,-0.8737274;
racing,killCuboid,1,12,25,993.8433,6841.146,301.8139,0,-0.4896234,0,0.871934;
racing,killCuboid,1,12,25,751.5228,6841.026,457.0463,0,-0.4896235,0,0.8719341;
racing,killCuboid,1,8,8,871.2955,6860.902,380.3048,0,-0.4807745,0,0.8768442;
racing,killCuboid,55,1,55,849.3611,6684.308,295.0305,0,0.980769,0,-0.1951722;
custom,cuboid,stone2,1,26,100,0,1,1,0,7,2,1154.163,6759.273,1034.533,0,0.3037104,0,0.9527644;
custom,cuboid,stone2,1,26,100,0,1,1,0,7,2,1282.284,6760.875,957.1674,0,0.3037104,0,0.9527644;
custom,cuboid,stone2,33,12,12,0,1,1,0,7,2,937.9636,6657.036,598.6979,0,-0.9699711,0,0.2432203;
custom,cuboid,stone2,3,26,3,0,1,1,0,7,2,1002.419,6758.628,714.0974,0,-0.4467926,0,0.8946376;
custom,cuboid,stone2,3,26,3,0,1,1,0,7,2,1088.172,6762.042,755.8229,0,-0.4527945,0,0.891615;
custom,cuboid,stone2,3,26,3,0,1,1,0,7,2,1083.703,6761.35,862.1881,0,-0.4599378,0,0.8879512;
custom,cuboid,stone2,3,26,3,0,1,1,0,7,2,1218.759,6763.287,894.3553,0,-0.4610541,0,0.8873721;
custom,cuboid,stone2,3,26,3,0,1,1,0,7,2,1219.362,6758.521,1035.397,0,0.3403765,0,0.9402893;
custom,cuboid,stone2,3,26,3,0,1,1,0,7,2,1334.101,6762.314,1098.938,0,-0.4703223,0,0.8824947;
custom,cuboid,stone2,3,26,3,0,1,1,0,7,2,1372.956,6759.553,1223.418,0,-0.4388458,0,0.8985625;
custom,cuboid,stone2,3,26,3,0,1,1,0,7,2,1415.697,6760.758,1375.071,0,0.902531,0,0.430625;
custom,cuboid,stone2,3,26,3,0,1,1,0,7,2,1509.318,6759.917,1302.193,0,0.8877572,0,0.460312;
custom,cuboid,stone2,3,20,12,0,1,1,0,7,2,1463.475,6813.585,1337.242,0,0.4459214,0,-0.8950721;
custom,cuboid,stone2,3,4,12,0,1,1,0,7,2,303.4074,6783.629,-747.2096,0,0.4774316,0,-0.878669;
custom,cuboid,stone2,33,2,33,0,1,1,0,7,2,235.1245,6767.449,-896.5593,0,0.4904457,0,-0.8714718;
custom,cuboid,stone2,45,2,80,0,1,1,0,8,8,580.2405,6811.817,-303.7185,0,-0.2532422,0,-0.9674029;
custom,cuboid,stone2,66,2,66,0,1,1,0,8,8,478.3223,6811.871,-731.0766,0,0.9638926,0,-0.2662913;
custom,prism,default,2,0.1,2,1,1,1,0,8,8,353.6084,6718.066,-677.2166,0.6731579,0.2061642,-0.2040166,0.6802441;
custom,prism,default,2,0.1,2,1,1,1,0,8,8,353.4753,6699.688,-677.4162,0.6731579,0.2061642,-0.2040166,0.6802441;
custom,cuboid,stone2,55,2,160,0,1,1,0,12,12,1115.552,6865.737,698.1724,0,0.2956443,0,0.9552981;
custom,cylinder,stone2,4,30,4,0,1,1,0,12,12,1574.595,6940.4,1361.21,0,0.9216943,0,-0.387917;
custom,cylinder,stone2,4,30,4,0,1,1,0,12,12,1438.527,6940.997,1447.341,0,0.9960652,0,-0.08862334;
custom,house14,stone2,8,8,8,0,1,1,0,8,8,1768.467,6506.667,1143.201,0,0.298587,0,0.9543825;
custom,house14,stone2,8,8,8,0,1,1,0,8,8,1193.136,6522.459,1594.59,0,0.3267652,0,0.9451056;
custom,tower5,stone2,4,4,4,0,1,1,0,8,8,1524.079,6872.359,1347.231,0,0.9592075,0,-0.282703;
custom,tower5,stone2,4,4,4,0,1,1,0,8,8,1450.099,6877.573,1404.727,0,0.8859734,0,0.4637362;
custom,tower4,stone2,4,4,4,0,1,1,0,8,8,1460.191,7082.713,1364.056,0,0.9038702,0,0.4278068;
customb,house1,stone2,8,9,8,0,1,1,0,8,8,1764.562,7001.533,1102.125,0,0.4611068,0,-0.8873447;
customb,house1,stone2,8,9,8,0,1,1,0,8,8,1183.998,7011.947,1551.909,0,0.4341893,0,-0.9008217;
custom,cuboid,grass2,80,2,80,0,1,1,0,22,22,1752.999,6681.941,1759.94,0,0.9588956,0,-0.2837592;
customb,house1,stone2,8,8,8,0,1,1,0,22,22,2002.042,6730.763,1356.2,0,0.9596664,0,-0.2811412;
customb,house1,stone2,8,8,8,0,1,1,0,22,22,1265.393,6711.682,1812.752,0,0.9578255,0,-0.2873505;
customb,house1,stone2,8,8,12,0,1,1,0,22,22,2024.267,6722.953,1880.676,0,0.9945157,0,0.1045878;
customb,house1,stone2,8,8,12,0,1,1,0,22,22,1737.742,6727.998,2112.798,0,0.8105919,0,-0.5856115;
custom,house7,stone2,2,2,2,0,1,1,0,22,22,1540.673,6713.128,1695.389,0,0.9625067,0,-0.271258;
custom,house7,stone2,2,2,2,0,1,1,0,22,22,1799.096,6712.323,1531.561,0,0.2829791,0,0.9591261;
custom,cylinder,stone2,4,2,4,0,1,1,0,22,22,1743.551,6678.944,1733.528,0,-0.6247318,0,0.7808394;
custom,statue2,stone2,1,1,1,1,1,1,0,22,22,1745.23,6697.14,1733.427,0,-0.9594249,0,0.2819644;
custom,dummy1,stone2,2,3,2,0,1,1,0,22,22,1814.31,6690.968,1716.439,0,-0.9520096,0,0.3060682;
custom,dummy1,stone2,2,3,2,0,1,1,0,22,22,1697.814,6691.485,1801.436,0,-0.9645463,0,0.2639137;
custom,cylinder,stone2,3,3,3,0,1,1,0,22,22,1718.821,6664.006,1694.822,0,-0.6423509,0,0.7664106;
racing,endSphere,2,2,2,1720.601,6703.096,1698.504,0,0.2782815,0,0.9604996;
misc,barrier,88,2,88,1747.773,6847.373,1754.906,0,0.9534381,0,-0.3015889;
custom,prism,default,2,0.1,2,1,1,1,0,1.0,1.0,566.9397,6811.271,370.1302,-0.222667,0.5369132,0.5769305,0.5738422;
custom,prism,default,2,0.1,2,1,1,1,0,1.0,1.0,557.968,6811.271,350.0284,-0.222667,0.5369132,0.5769305,0.5738422;
custom,cuboid,default,1,1,5,1,1,1,0,1.0,1.0,1629.275,6687.203,1656.639,0,0.2680792,0,0.963397;
custom,cuboid,default,1,1,5,1,1,1,0,1.0,1.0,1657.701,6687.041,1664.069,0,-0.4952321,0,0.8687608;
custom,cuboid,default,1,1,5,1,1,1,0,1.0,1.0,1646.281,6687.319,1646.185,0,0.2776496,0,0.9606825;
custom,cuboid,default,1,1,5,1,1,1,0,1.0,1.0,1663.584,6687.721,1635.382,0,0.260167,0,0.9655637;
custom,cuboid,default,1,1,5,1,1,1,0,1.0,1.0,1680.143,6687.284,1626.976,0,0.2662566,0,0.9639022;
custom,cuboid,default,1,1,3,1,1,1,0,1.0,1.0,1679.849,6687.237,1604.153,0,-0.4833341,0,0.8754359;
custom,cuboid,default,1,1,3,1,1,1,0,1.0,1.0,1690.754,6687.073,1621.836,0,-0.4811934,0,0.8766145;
custom,cuboid,default,1,1,3,1,1,1,0,1.0,1.0,1693.774,6687.071,1607.659,0,0.2715524,0,0.9624237;
custom,cuboid,default,1,1,5,1,1,1,0,1.0,1.0,1712.432,6687.835,1607.451,0,0.2765029,0,0.9610131;
custom,cuboid,default,1,1,3,1,1,1,0,1.0,1.0,1743.715,6687.102,1613.624,0,0.8664753,0,0.4992201;
custom,cuboid,default,1,1,3,1,1,1,0,1.0,1.0,1746.49,6687.526,1599.195,0,0.2667606,0,0.9637628;
custom,cuboid,default,1,1,3,1,1,1,0,1.0,1.0,1732.269,6687.262,1595.996,0,0.8613774,0,0.5079657;
custom,cuboid,default,1,1,3,1,1,1,0,1.0,1.0,1718.92,6687.25,1591.782,0,0.2573281,0,0.9663242;
custom,cuboid,default,1,1,3,1,1,1,0,1.0,1.0,1723.65,6687.167,1577.566,0,0.8619087,0,0.5070636;
custom,cuboid,bark,10000,25000,4,0,1,1,1,222,222,-11802.55,7191.735,11018.97,0,0.07213393,0,-0.997395;
custom,cuboid,bark,10000,25000,4,0,1,1,1,222,222,-12122.31,6825.35,5098.916,0,0.7577733,0,-0.6525179;
custom,cuboid,bark,10000,25000,4,0,1,1,1,222,222,-8322.618,7134.25,-14403.02,0,0.9973787,0,0.0723587;
custom,cuboid,bark,10000,25000,4,0,1,1,1,222,222,11951.89,7151.127,-11788.58,0,0.9979684,0,0.06371181;
custom,cuboid,bark,10000,25000,4,0,1,1,1,222,222,15262.47,6929.055,-10288.21,0,0.6543636,0,0.7561802;


//spawn hub;
misc,region,MC,2147483647,2147483647,2147483647,0,0,0,0,0,0,1;
//unregistered magenta player area;
spawnpoint,playerM,0,-10185,-185,0,0,0,1;
misc,barrier,14,1.5,20,0,-10077.5,-110,0,1,0,0;
custom,cuboid,metal4,14,1.5,20,1,1,0,1,1.4,2,0,-10192.5,-110,0,1,0,0;
custom,cuboid,metal4,20,13,1.5,0,1,1,1,2,1.3,-62.5,-10135,-110,0,0.7070168,0,0.7070168;
custom,cuboid,metal4,20,13,1.5,0,1,1,1,2,1.3,62.5,-10135,-110,0,0.7070168,0,0.7070168;
custom,cuboid,metal4,14,13,1.5,0,1,1,1,1.4,1.3,0,-10135,-202.5,0,1,0,0;
custom,cuboid,bombexplosiontex,14,13,1.5,1,1,1,1,999999,999999,0,-10135,-17.5,0,1,0,0;
//titan cage;
//photon,spawnTitan,0,0,0,-10184,-80,0,1,0,0;
custom,cuboid,metal4,3.5,0.5,0.5,0,1,1,1,0.35,0.05,0,-10155,-95,0,0,0,-1;
custom,cuboid,metal4,3.5,0.5,0.5,0,1,1,1,0.35,0.05,-15,-10155,-80,0,0.7070168,0,0.7070168;
custom,cuboid,metal4,3.5,0.5,0.5,0,1,1,1,0.35,0.05,0,-10155,-65,0,1,0,0;
custom,cuboid,metal4,3.5,0.5,0.5,0,1,1,1,0.35,0.05,15,-10155,-80,0,0.7070168,0,0.7070168;
//registered magenta player area;
//spawnpoint,playerM,0,-10135,15,0,0,0,1;
misc,barrier,38,1.5,22.5,0,-10077.5,92.5,0,1,0,0;
custom,cuboid,metal4,38,1.5,22.5,1,1,0,1,3.8,2.25,0,-10192.5,92.5,0,1,0,0;
custom,cuboid,metal4,11.9,13,1.6,0,1,1,1,1.19,1.3,-115,-10135,-17.5,0,1,0,0;
custom,cuboid,metal4,11.9,13,1.6,0,1,1,1,1.19,1.3,115,-10135,-17.5,0,1,0,0;
custom,cuboid,metal4,4.5,13,10.5,0,1,1,1,1.05,1.3,-180,-10135,27.5,0,1,0,0;
custom,cuboid,metal4,4.5,13,4.5,0,1,1,1,0.45,1.3,-150,-10135,87.5,0,1,0,0;
custom,cuboid,metal4,4.5,13,4.5,0,1,1,1,0.45,1.3,-120,-10135,117.5,0,1,0,0;
custom,cuboid,metal4,4.5,13,4.5,0,1,1,1,0.45,1.3,-90,-10135,147.5,0,1,0,0;
custom,cuboid,metal4,4.5,13,4.5,0,1,1,1,0.45,1.3,-60,-10135,177.5,0,1,0,0;
custom,cuboid,metal4,10.5,13,4.5,0,1,1,1,1.05,1.3,0,-10135,207.5,0,1,0,0;
custom,cuboid,metal4,1.5,13,1.5,0,1,1,1,0.15,1.3,0,-10135,177.5,0,1,0,0;
custom,cuboid,metal4,4.5,13,10.5,0,1,1,1,1.05,1.3,180,-10135,27.5,0,1,0,0;
custom,cuboid,metal4,4.5,13,4.5,0,1,1,1,0.45,1.3,150,-10135,87.5,0,1,0,0;
custom,cuboid,metal4,4.5,13,4.5,0,1,1,1,0.45,1.3,120,-10135,117.5,0,1,0,0;
custom,cuboid,metal4,4.5,13,4.5,0,1,1,1,0.45,1.3,90,-10135,147.5,0,1,0,0;
custom,cuboid,metal4,4.5,13,4.5,0,1,1,1,0.45,1.3,60,-10135,177.5,0,1,0,0;
custom,cuboid,metal4,1.5,6,1.5,1,1,0,1,0.15,0.6,0,-10170,15,0,1,0,0;
custom,cuboid,metal4,1.5,1.5,1.5,1,1,0,1,0.15,0.15,0,-10142.5,15,0,1,0,0;
//region boxes;
//white;
custom,killCuboid,bombexplosiontex,1.6,13,1.6,0,1,1,1,999999,999999,-150,-10135,57.5,0,1,0,0;
custom,killCuboid,bombexplosiontex,1.6,13,1.6,0,1,1,1,999999,999999,-150,-10135,57.5,0,1,0,0;
//red;
custom,killCuboid,bombexplosiontex,1.6,13,1.6,1,1,0,0,999999,999999,-120,-10135,87.5,0,1,0,0;
custom,killCuboid,bombexplosiontex,1.6,13,1.6,1,1,0,0,999999,999999,-120,-10135,87.5,0,1,0,0;
//orange;
custom,killCuboid,bombexplosiontex,1.6,13,1.6,1,1,0.6666667,0,999999,999999,-90,-10135,117.5,0,1,0,0;
custom,killCuboid,bombexplosiontex,1.6,13,1.6,1,1,0.6666667,0,999999,999999,-90,-10135,117.5,0,1,0,0;
//yellow;
custom,killCuboid,bombexplosiontex,1.6,13,1.6,1,0.6666667,1,0,999999,999999,-60,-10135,147.5,0,1,0,0;
custom,killCuboid,bombexplosiontex,1.6,13,1.6,1,0.6666667,1,0,999999,999999,-60,-10135,147.5,0,1,0,0;
//green;
custom,killCuboid,bombexplosiontex,1.6,13,1.6,1,0,1,0,999999,999999,-30,-10135,177.5,0,1,0,0;
custom,killCuboid,bombexplosiontex,1.6,13,1.6,1,0,1,0,999999,999999,-30,-10135,177.5,0,1,0,0;
//cyan;
custom,killCuboid,bombexplosiontex,1.6,13,1.6,1,0,1,1,999999,999999,30,-10135,177.5,0,1,0,0;
custom,killCuboid,bombexplosiontex,1.6,13,1.6,1,0,1,1,999999,999999,30,-10135,177.5,0,1,0,0;
//blue;
//custom,killCuboid,bombexplosiontex,1.6,13,1.6,1,0,0,1,999999,999999,60,-10135,147.5,0,1,0,0;
//custom,killCuboid,bombexplosiontex,1.6,13,1.6,1,0,0,1,999999,999999,60,-10135,147.5,0,1,0,0;
//indigo;
//custom,killCuboid,bombexplosiontex,1.6,13,1.6,1,0.6666667,0,1,999999,999999,90,-10135,117.5,0,1,0,0;
//custom,killCuboid,bombexplosiontex,1.6,13,1.6,1,0.6666667,0,1,999999,999999,90,-10135,117.5,0,1,0,0;
//violet;
//custom,killCuboid,bombexplosiontex,1.6,13,1.6,1,1,0,0.6666667,999999,999999,120,-10135,87.5,0,1,0,0;
//custom,killCuboid,bombexplosiontex,1.6,13,1.6,1,1,0,0.6666667,999999,999999,120,-10135,87.5,0,1,0,0;
//black;
//custom,killCuboid,bombexplosiontex,1.6,13,1.6,1,0,0,0,999999,999999,150,-10135,57.5,0,1,0,0;
//custom,killCuboid,bombexplosiontex,1.6,13,1.6,1,0,0,0,999999,999999,150,-10135,57.5,0,1,0,0;