map,disablebounds;
custom,cuboid,default,1,8,15,1,0.1477273,0.1818182,0.2045455,1.0,1.0,10,40,10,0,1,0,1;
custom,cuboid,default,1,8,10,1,0.1477273,0.1818182,0.2045455,1.0,1.0,80,40,-40,0,0,0,1;
custom,cuboid,default,1,8,50,1,0.1477273,0.1818182,0.2045455,1.0,1.0,-165,40,-90,0,1,0,1;
custom,cuboid,default,1,8,5,1,0.1477273,0.1818182,0.2045455,1.0,1.0,-60,40,-20,0,0,0,1;
custom,cuboid,default,1,8,20,1,0.1477273,0.1818182,0.2045455,1.0,1.0,-160,40,-40,0,1,0,1;
custom,cuboid,default,1,8,60,1,0.1477273,0.1818182,0.2045455,1.0,1.0,-255,40,260,0,0,0,1;
custom,cuboid,default,1,8,70,1,0.1477273,0.1818182,0.2045455,1.0,1.0,-411.0902,40,262.3112,0,0,0,1;
custom,arc90,default,5,16,5,1,0.1477273,0.1818182,0.2045455,1.0,1.0,-233.8752,29.99996,582.1806,0,0.7071068,0,0.7071068;
custom,arc90,default,5,16,5,1,0.1477273,0.1818182,0.2045455,1.0,1.0,-432.2926,30.79996,634.3649,0,0.9999996,0,-0.0009223075;
custom,cuboid,default,10,8,1,1,0.1477273,0.1818182,0.2045455,1.0,1.0,-161.9181,40,604.6467,0,0,0,1;
custom,cuboid,default,20,8,1,1,0.1477273,0.1818182,0.2045455,1.0,1.0,-554.3889,40,656.436,0,1,0,0;
custom,arc90,default,5,16,5,1,0.1477273,0.1818182,0.2045455,1.0,1.0,-677.6173,29.99683,676.6246,0,-0.02077086,0,0.9997843;
custom,arc90,default,5,16,5,1,0.1477273,0.1818182,0.2045455,1.0,1.0,-87.50303,30.20196,625.9255,0,-0.6871785,0,0.7264886;
custom,cuboid,default,1,1,100,1,0.1477273,0.1818182,0.2045455,1.0,1.0,-70.21294,5,1151.296,0,0,0,1;
custom,cuboid,default,1,1,100,1,0.1477273,0.1818182,0.2045455,1.0,1.0,-70.21294,75,1151.296,0,0,0,1;
custom,cuboid,default,1,8,100,1,0.1477273,0.1818182,0.2045455,1.0,1.0,-699.5,40,1198.441,0,1,0,0;
custom,arc90,default,5,16,5,1,0.1477273,0.1818182,0.2045455,1.0,1.0,-721.0502,30.81018,1722.164,0,1,0,0;
custom,arc90,default,5,16,5,1,0.1477273,0.1818182,0.2045455,1.0,1.0,-87.10181,30.92354,1670.786,0,1,0,0;
custom,cuboid,default,1,8,35,1,0.1477273,0.1818182,0.2045455,1.0,1.0,-284.2956,40,1692.182,0,0.7071068,0,0.7071068;
custom,arc90,default,5,16,5,1,0.1477273,0.1818182,0.2045455,1.0,1.0,-481.8541,30.20592,1712.971,0,0.003364006,0,0.9999943;
custom,arc90,default,5,16,5,1,0.1477273,0.1818182,0.2045455,1.0,1.0,-522.5015,30,1862.839,0,0.9982467,0,-0.05918992;
custom,cuboid,default,1,8,10,1,0.1477273,0.1818182,0.2045455,1.0,1.0,-503.174,40,1786.605,0,1,0,0;
custom,cuboid,default,60,4,60,0,1,0,1,1.0,1.0,-1041.786,20.19992,2041.266,0,0,0,1;
custom,cuboid,default,18,8,1,1,0.1477273,0.1818182,0.2045455,1.0,1.0,-631.9997,40,1886.835,0,1,0,0;
custom,cuboid,default,1,8,10,1,0.1477273,0.1818182,0.2045455,1.0,1.0,-789.7138,51.05667,1742.767,0,0.7071068,0,0.7071068;
custom,cuboid,default,1,8,10,1,0.1477273,0.1818182,0.2045455,1.0,1.0,-887.6899,69.58102,1742.853,0,0.7071068,0,0.7071068;
custom,cuboid,default,1,8,10,1,0.1477273,0.1818182,0.2045455,1.0,1.0,-694.204,37.10527,1886.649,0,0.7071068,0,0.7071068;
custom,cuboid,default,1,8,25,1,0.1477273,0.1818182,0.2045455,1.0,1.0,-1058.454,80.21029,1741.742,0,0.7031717,0,0.7110201;
custom,arc90,default,5,16,5,1,0.1477273,0.1818182,0.2045455,1.0,1.0,-1206.183,69.85354,1762.65,0,0.01039855,0,0.9999459;
custom,cuboid,default,1,8,50,1,0.1477273,0.1818182,0.2045455,1.0,1.0,-1227.942,78.65229,2034.814,0,0,0,1;
custom,cuboid,default,1,8,40,1,0.1477273,0.1818182,0.2045455,1.0,1.0,-747.3679,76.8923,2089.833,0,0.9999909,0,-0.004278964;
custom,cuboid,default,1,3,40,1,0.1477273,0.1818182,0.2045455,1.0,1.0,-1028.762,50,2153.874,0,1,0,1;
racing,killCuboid,0.9,3,39.5,-1028.762,80,2153.874,0,1,0,1;
custom,cuboid,default,1,3,40,1,0.1477273,0.1818182,0.2045455,1.0,1.0,-1028.762,105,2153.874,0,1,0,1;
custom,cuboid,default,1,3,40,1,0.1477273,0.1818182,0.2045455,1.0,1.0,-948,50,2100,0,1,0,1;
racing,killCuboid,0.9,3,39.5,-948,80,2100,0,1,0,1;
custom,cuboid,default,1,3,40,1,0.1477273,0.1818182,0.2045455,1.0,1.0,-948,105,2100,0,1,0,1;
custom,cuboid,default,1,3,40,1,0.1477273,0.1818182,0.2045455,1.0,1.0,-1028.762,50,2053.874,0,1,0,1;
racing,killCuboid,0.9,3,39.5,-1028.762,80,2053.874,0,1,0,1;
custom,cuboid,default,1,3,40,1,0.1477273,0.1818182,0.2045455,1.0,1.0,-1028.762,105,2053.874,0,1,0,1;
custom,cuboid,default,1,3,40,1,0.1477273,0.1818182,0.2045455,1.0,1.0,-948,50,1888,0,1,0,1;
racing,killCuboid,0.9,3,39.5,-948,80,1888,0,1,0,1;
custom,cuboid,default,1,3,40,1,0.1477273,0.1818182,0.2045455,1.0,1.0,-947.9766,105,1888.119,0,0.7071068,0,0.7071068;
custom,arc90,default,5,16,5,1,0.1477273,0.1818182,0.2045455,1.0,1.0,-770.2998,69.03237,2310.141,0,0.9992028,0,0.03992074;
custom,cuboid,default,1,8,50,1,0.1477273,0.1818182,0.2045455,1.0,1.0,-1041.763,78.65805,2332.144,0,0.7046342,0,-0.7095708;
custom,arc90,default,5,16,5,1,0.1477273,0.1818182,0.2045455,1.0,1.0,-1313.239,68.73222,2311.413,0,0.7008394,0,0.7133192;
custom,cuboid,default,1,8,50,1,0.1477273,0.1818182,0.2045455,1.0,1.0,-1335.976,76.8378,2041.417,0,1,0,0;
custom,cuboid,default,1,8,50,1,0.1477273,0.1818182,0.2045455,1.0,1.0,-1343.456,39.42554,1493.285,0,0.01320961,0,0.9999127;
custom,cuboid,default,10,8,1,1,0.1477273,0.1818182,0.2045455,1.0,1.0,-1336.15,76.08664,1767.208,0,0.7050315,0,0.709176;
custom,arc90,default,5,16,5,1,0.1477273,0.1818182,0.2045455,1.0,1.0,-1329.688,31.15135,1219.787,0,0.01638648,0,0.9998658;
custom,cuboid,default,1,8,30,1,0.1477273,0.1818182,0.2045455,1.0,1.0,-1158.369,40,1185.757,0,0.7359861,0,0.6769968;
custom,arc90,default,10,16,10,1,0.1477273,0.1818182,0.2045455,1.0,1.0,-967.1583,30.98007,1122.406,0,-0.9991647,0,0.04086532;
custom,cuboid,default,1,8,20,1,0.1477273,0.1818182,0.2045455,1.0,1.0,-922.921,40,974.9813,0,1,0,0;
custom,cuboid,default,1,8,10,1,0.1477273,0.1818182,0.2045455,1.0,1.0,-878.3965,40,869,0,1,0,1;
custom,cuboid,default,1,8,10,1,0.1477273,0.1818182,0.2045455,1.0,1.0,-752.8422,40,869,0,1,0,1;
custom,cuboid,default,5,3,1,1,0.1477273,0.1818182,0.2045455,1.0,1.0,-818.8236,15,869,0,1,0,0;
custom,cuboid,default,5,3,1,1,0.1477273,0.1818182,0.2045455,1.0,1.0,-812.2949,65,869,0,1,0,0;
custom,cylinder,default,1,8,1,1,0.1477273,0.1818182,0.2045455,1.0,1.0,-500.2063,76.59413,836.9625,0,0.9993526,0,0.03597755;
custom,cylinder,default,1,8,1,1,0.1477273,0.1818182,0.2045455,1.0,1.0,-360.8908,70.4011,796.4397,0,0.9986869,0,0.05123132;
custom,cylinder,default,1,8,1,1,0.1477273,0.1818182,0.2045455,1.0,1.0,-207.7474,81.73676,127.7839,0,0.9997855,0,0.02070859;
custom,cylinder,default,0.88,8,0.88,1,0.1477273,0.1818182,0.2045455,1.0,1.0,-516.901,45.39431,1455.7,0,0.9543989,0,-0.2985345;
custom,cylinder,default,0.88,8,0.88,1,0.1477273,0.1818182,0.2045455,1.0,1.0,-581.1522,52.98874,1672.982,0,0.9543718,0,-0.298621;
custom,cuboid,default,3,3,10,1,0.1477273,0.1818182,0.2045455,1.0,1.0,-816.3391,15.36333,815.6324,0,0,0,1;
custom,cuboid,default,3,3,10,1,0.1477273,0.1818182,0.2045455,1.0,1.0,-816.3391,65.36333,815.6324,0,0,0,1;
racing,killCuboid,3,3.1,9.9,-816.3391,15.36333,815.6324,0,0,0,1;
racing,killCuboid,3,3.1,9.9,-816.3391,65.36333,815.6324,0,0,0,1;
racing,killCuboid,1.1,8,9.5,-797.9525,40,815.5793,0,0,0,1;
racing,killCuboid,1.1,8,9.5,-833.3574,40,816.0029,0,0,0,1;
custom,cuboid,default,1,8,10,1,0.1477273,0.1818182,0.2045455,1.0,1.0,-797.9525,40,815.5793,0,0,0,1;
custom,cuboid,default,1,8,10,1,0.1477273,0.1818182,0.2045455,1.0,1.0,-833.3574,40,816.0029,0,0,0,1;
custom,arc90,default,3,16,3,1,0.1477273,0.1818182,0.2045455,1.0,1.0,-849.4215,30.24229,752.9285,0,0.6267929,0,0.7791859;
custom,arc90,default,3,16,3,1,0.1477273,0.1818182,0.2045455,1.0,1.0,-779.2503,30.6422,755.916,0,-0.9997481,0,-0.02244453;
custom,cuboid,default,1,8,30,1,0.1477273,0.1818182,0.2045455,1.0,1.0,-867.2438,40.2,589.2527,0,0.02036299,0,0.9997926;
custom,cuboid,default,1,1,30,1,0.1477273,0.1818182,0.2045455,1.0,1.0,-768.7816,5,593.0352,0,0,0,1;
racing,killCuboid,1,6,29.5,-768.7816,40,593.0352,0,0,0,1;
custom,cuboid,default,1,1,30,1,0.1477273,0.1818182,0.2045455,1.0,1.0,-768.7816,75,593.0352,0,0,0,1;
custom,arc90,default,5,8,5,1,0.1477273,0.1818182,0.2045455,1.0,1.0,-827.3072,5.268506,484.7223,0.7059873,0.7068412,0.02297521,-0.03781078;
custom,arc90,default,5,8,5,1,0.1477273,0.1818182,0.2045455,1.0,1.0,-812.6002,13.4685,621.0868,-0.03791278,0.06534476,0.7094083,0.7007372;
custom,arc180,default,5,8,5,1,0.1477273,0.1818182,0.2045455,1.0,1.0,-819.5107,52.60958,550.7475,-0.7070633,0.7065012,-0.0009092814,-0.03028061;
custom,arc90,default,5,16,5,1,0.1477273,0.1818182,0.2045455,1.0,1.0,-852.6625,32.59717,416.8763,0,0.01218839,0,0.9999257;
custom,cuboid,default,1,1,15.05,1,0.1477273,0.1818182,0.2045455,1.0,1.0,-755.9652,5,392.948,0,0.7169106,0,0.6971651;
custom,cuboid,default,1,1,15.05,1,0.1477273,0.1818182,0.2045455,1.0,1.0,-755.9652,75,392.948,0,0.7169106,0,0.6971651;
racing,killCuboid,0.9,6,15.05,-755.9652,40,392.948,0,0.7169106,0,0.6971651;
racing,killCuboid,1,6,14,-679,40,458,0,1,0,0;
custom,cuboid,default,1,1,14,1,0.1477273,0.1818182,0.2045455,1.0,1.0,-679,5,458,0,1,0,0;
custom,cuboid,default,1,1,14,1,0.1477273,0.1818182,0.2045455,1.0,1.0,-679,75,458,0,1,0,0;
custom,cylinder,default,1,4,1,1,0.1477273,0.1818182,0.2045455,1.0,1.0,-679.6751,39.24947,527.4625,0,0.9999952,0,-0.003103414;
custom,cuboid,default,1,8,30.03,1,0.1477273,0.1818182,0.2045455,1.0,1.0,-873.3338,40,299.4766,0,1,0,0;
custom,arc90,default,5,16,5,1,0.1477273,0.1818182,0.2045455,1.0,1.0,-732.0576,31.07529,672.1398,0,0.4537209,0,-0.8911439;
custom,cone,default,0.2,0.5,0.2,1,0.1477273,1,0.7613636,1.0,1.0,-868.0959,51.60991,360.2025,0.628528,0.2234326,-0.1165126,-0.7358364;
custom,tube,default,10,8,10,1,0.1477273,0.1818182,0.2045455,1.0,1.0,-573.5172,32.41438,-18.5444,-0.6799378,0.7308273,-0.02796351,-0.05285947;
custom,cuboid,default,1,8,20,1,0.1477273,0.1818182,0.2045455,1.0,1.0,-490.8199,40,-90.64243,0,0.7071068,0,0.7071068;
custom,cuboid,default,1,8,4,1,0.1477273,0.1818182,0.2045455,1.0,1.0,-585.9724,40,-73.35043,0,0,0,1;
custom,tube,default,8,8,8,1,0.1477273,0.1818182,0.2045455,1.0,1.0,-617.2219,27.61746,-19.2984,0.1077208,-0.1452154,0.6568999,0.7319776;
custom,tube,default,9,9,9,1,0.1477273,0.1818182,0.2045455,1.0,1.0,-600.9521,30.08053,-19.92866,-0.05239581,0.03019245,0.7054738,-0.7061514;
custom,tube,default,9.5,9.5,9.5,1,0.1477273,0.1818182,0.2045455,1.0,1.0,-593.3986,31.26251,-18.09045,-0.008537196,0.04301031,0.7082914,-0.704557;
custom,tube,default,8.5,3,8.5,1,0.1477273,0.1818182,0.2045455,1.0,1.0,-591.5349,31.17098,-16.2246,0.04463071,-0.01455792,0.7422417,-0.6684859;
custom,tube,default,7,15,7,1,0.1477273,0.1818182,0.2045455,1.0,1.0,-680.4925,26.16743,-25.66704,-0.7044936,0.7070466,-0.01903156,0.05840941;
custom,tube,default,7,1,7,1,0.1477273,0.1818182,0.2045455,1.0,1.0,-723.8207,29.1472,-37.31771,0.6932711,0.6834028,-0.189337,0.1284033;
custom,tube,default,7,1,7,1,0.1477273,0.1818182,0.2045455,1.0,1.0,-728.5789,29.61352,-31.42506,-0.03676048,-0.03320707,-0.6863017,-0.725628;
custom,tube,default,7,1,7,1,0.1477273,0.1818182,0.2045455,1.0,1.0,-726.133,24.27745,-28.23151,0.115918,0.09244542,0.6882001,0.7102095;
custom,tube,default,7,1,7,1,0.1477273,0.1818182,0.2045455,1.0,1.0,-726.775,29.70365,-30.02645,0.2093248,0.1054784,0.6475517,0.7250754;
custom,tube,default,7,5,7,1,0.1477273,0.1818182,0.2045455,1.0,1.0,-758.8095,22.04208,-19.87932,-0.1803236,0.2376795,-0.6607311,0.6887861;
custom,tube,default,7,3,7,1,0.1477273,0.1818182,0.2045455,1.0,1.0,-739.5566,24.47643,-30.17604,0.1531714,0.1521058,0.6928416,0.6880211;
custom,cuboid,default,1,8,15,1,0.1477273,0.1818182,0.2045455,1.0,1.0,-817.0805,40,-115.5382,0,0.2689821,0,0.9631452;
custom,cuboid,default,1,8,30,1,0.1477273,0.1818182,0.2045455,1.0,1.0,-983.0105,40,-110.8071,0,0.8649799,0,0.5018065;
custom,cuboid,default,1,8,5,1,0.1477273,0.1818182,0.2045455,1.0,1.0,-729.9281,40,31.61072,0,0.9572839,0,-0.2891496;
custom,cuboid,default,1,8,30,1,0.1477273,0.1818182,0.2045455,1.0,1.0,-841.7027,40,129.7854,0,0.8801501,0,0.4746954;
custom,cuboid,default,1,8,30,1,0.1477273,0.1818182,0.2045455,1.0,1.0,-1036.284,40.28677,85.89809,0,0.2590621,0,0.9658607;
custom,arc180,default,8,2,8,1,0.1477273,0.1818182,0.2045455,1.0,1.0,-749.2085,42.16384,-9.37392,-0.6287706,0.7135788,0.2979012,-0.08190119;
custom,cuboid,default,16,1,30,1,0.1477273,0.1818182,0.2045455,1.0,1.0,-850.5825,85.64247,-26.21945,0,0.2654499,0,0.9641247;
custom,tube,default,10,5,10,1,0.1477273,0.1818182,0.2045455,1.0,1.0,-1008.339,96.64835,-31.2374,0,0.8341276,0,0.5515715;
custom,tube,default,10,5,10,1,0.1477273,0.1818182,0.2045455,1.0,1.0,-1008.339,292.5991,-31.2374,0,0.8341276,0,0.5515714;
racing,killTube,9,25,9,-1008.399,185.4147,-31.2374,0,0.9599199,0,-0.2802744;
custom,cuboid,default,10,1,30,1,0.1477273,0.1818182,0.2045455,1.0,1.0,-817.6083,294.002,-31.26897,0,0.7071068,0,0.7071068;
custom,cuboid,default,10,1,40,1,0.1477273,0.1818182,0.2045455,1.0,1.0,-717.8087,294,218.2769,0,0,0,1;
custom,cuboid,default,10,1,60,1,0.1477273,0.1818182,0.2045455,1.0,1.0,-370.9641,294,367.8729,0,0.7071068,0,0.7071068;
custom,arc90,default,10,20,10,1,0.1477273,0.1818182,0.2045455,1.0,1.0,-16.93344,332.0944,362.684,-0.5,0.5,0.5,-0.5;
misc,barrier,15,30,1,-77.22337,147.989,372.2934,0,0.686911,0,-0.7267416;
custom,cuboid,default,1,8,20,1,0.1477273,0.1818182,0.2045455,1.0,1.0,23.64872,40,312.6775,0,0.7071068,0,0.7071068;
custom,cuboid,default,1,8,20,1,0.1477273,0.1818182,0.2045455,1.0,1.0,18,40,417.7943,0,0.7071068,0,0.7071068;
custom,cuboid,default,1,8,10,1,0.1477273,0.1818182,0.2045455,1.0,1.0,-77.1368,40,365.058,0,0.007895035,0,0.9999688;
custom,cuboid,default,10,1,20,1,0.1477273,0.1818182,0.2045455,1.0,1.0,19.09023,62.8341,366.3172,0,0.7021059,0,-0.7120726;
custom,cuboid,default,1,8,30,1,0.1477273,0.1818182,0.2045455,1.0,1.0,246.3499,40,418.1046,0,0.7071068,0,0.7071068;
custom,cuboid,default,1,8,30,1,0.1477273,0.1818182,0.2045455,1.0,1.0,394.7361,40,272.9365,0,0,0,1;
custom,cuboid,default,1,8,12,1,0.1477273,0.1818182,0.2045455,1.0,1.0,178.0661,40,313.3359,0,0.7071068,0,0.7071068;
custom,cuboid,default,1,8,10,1,0.1477273,0.1818182,0.2045455,1.0,1.0,237.3957,40.32119,261.7529,0,-0.002417949,0,0.9999971;
custom,cuboid,default,1,8,60,1,0.1477273,0.1818182,0.2045455,1.0,1.0,90.61829,40,127.65,0,0.7071068,0,0.7071068;
custom,cuboid,default,1,8,35,1,0.1477273,0.1818182,0.2045455,1.0,1.0,67.2,40,210.3874,0,0.7071068,0,0.7071068;
racing,killCylinder,1,8,1,-107.1494,78.43776,209.4537,0,0.07858675,0,0.9969073;
custom,tube,default,3,3,3,1,0.1477273,0.1818182,0.2045455,1.0,1.0,-153.6361,48.21322,505.0261,0,0.006911051,0,0.9999762;
misc,barrier,12,7,1,-138.0936,28.49409,456.7295,0,0.9999943,0,0.003377269;
racing,killCuboid,10,2,45,168.0727,53.82863,363.6712,0,0.7071068,0,0.7071068;
racing,killCuboid,16,2,28,308.14,53.79452,272.0246,0,1,0,0;
racing,killCuboid,8,1,50,-19.33287,59.37503,166.4272,0,0.7105697,0,-0.7036269;
racing,killCuboid,10,2,30,-159.9428,54.30212,331.0177,0,0.009986602,0,0.9999502;
racing,killTube,10,2,10,-152.7892,57.20001,507.4222,0,0.01878166,0,0.9998236;
racing,killTube,7,2,7,-154.2578,58.40002,505.6142,0,-0.1843601,0,0.9828588;
racing,killTube,7.5,2,7.5,-154.2578,50.19999,505.6142,0,-0.1843601,0,0.9828588;
racing,killTube,6,2,6,-154.2578,50.79999,505.6142,0,-0.1843601,0,0.9828588;
racing,killTube,5.5,2,5.5,-152.2964,58.40002,506.0054,0,-0.1843601,0,0.9828588;
racing,killTube,4,2,4,-154.2578,50.79999,505.6142,0,-0.1843601,0,0.9828588;
racing,killTube,4.5,2,4.5,-154.2578,50.99999,505.6142,0,-0.1843601,0,0.9828588;
racing,killTube,3.5,2,3.5,-154.2578,50.99999,505.6142,0,-0.1843601,0,0.9828588;
racing,killCuboid,1,16,13,-137.4398,104.7786,563.3533,0,0.7071068,0,0.7071068;
racing,killCuboid,5,1,10,-105.3764,60.44223,511.0127,0,0,0,1;
racing,killCuboid,1,8,35,-102.8793,117.7679,382.5031,0,0.00153002,0,0.9999989;
racing,killCuboid,1,8,45,-209.5782,119.7072,350.1979,0,1,0,0;
custom,cuboid,default,1,2,20,1,0.1477273,0.1818182,0.2045455,1.0,1.0,-104.6409,69.69712,467.9546,0,1,0,0;
racing,killCuboid,10,2,4,-159.5845,56.90496,544.3859,0,0.00472893,0,-0.9999889;
racing,killCuboid,1,8,60,96.45153,120.0503,130.0802,0,0.7071068,0,0.7071068;
racing,killCuboid,1,8,35,63.72326,121.2502,210.5657,0,0.7041695,0,-0.710032;
racing,killCuboid,1,8,28,394.5,119.6125,271.6251,0,0,0,1;
racing,killCuboid,1,8,47,159.1131,119.4013,416.8327,0,0.7071068,0,-0.7071068;
racing,killCuboid,1,8,32,77.15254,119.6053,313.9369,0,0.7055546,0,-0.7086556;
racing,killCuboid,1,8,10,240.25,119.5996,262.0605,0,1,0,0;
racing,checkpointCuboid,2,2,2,0.787842,109.3951,365.2849,0,0.7057277,0,0.7084832;
racing,checkpointCuboid,2,2,2,-45.52465,23.60727,513.0658,0,0.7010531,0,0.7131091;
custom,cuboid,default,1,8,25,1,0.1477273,0.1818182,0.2045455,1.0,1.0,-103.797,40,332.7693,0,0,0,1;
custom,cuboid,default,1,8,45,1,0.1477273,0.1818182,0.2045455,1.0,1.0,-209.1256,40,352.5795,0,0,0,1;
custom,cuboid,default,1,8,30,1,0.1477273,0.1818182,0.2045455,1.0,1.0,41.89063,40,452.8132,0,0.7071068,0,0.7071068;
racing,killCylinder,1,8,1,391.9583,80.51317,414.8738,0,0.8277308,0,-0.5611254;
racing,killCylinder,1,8,1,239.5442,87.71537,313.9913,0,0.8252696,0,-0.564739;
racing,killCylinder,1,8,1,240.0319,92.86863,208.9133,0,0.603424,0,-0.7974206;
misc,barrier,1,60,20,24.15314,250.1318,426.2125,0,0.7201934,0,-0.6937733;
misc,barrier,1,60,20,-2.412467,349.7063,309.4665,0,0.7085759,0,0.7056347;
misc,barrier,1,60,20,298.6936,164.2875,421.4749,0,0.7048225,0,-0.7093837;
misc,barrier,20,1,60,-167.4336,158.2224,409.6048,0,0,0,1;
misc,barrier,20,1,60,94.8847,158.1073,227.358,0,0.7071068,0,0.7071068;
custom,cuboid,default,20,1,10,1,0.1477273,0.1818182,0.2045455,1.0,1.0,-321.1291,8.339404,652.7919,0,0.9999705,0,-0.007683977;
racing,checkpointCuboid,2,2,2,-292.2381,32.99322,654.3552,0,0.998751,0,0.04996503;
racing,killCuboid,150,1,150,-813.3391,-1.1,1350.353,0,0.9999883,0,0.004845461;
racing,killCuboid,50,1,50,-660.4648,1.667724,358.0965,0,0.9999954,0,0.003020959;
custom,cuboid,default,50,1,50,1,0.1477273,0.1818182,0.2045455,1.0,1.0,-660.4847,4.719024,-142.7526,0,0.7085431,0,-0.7056676;
custom,cuboid,default,50,1,50,1,0.1477273,0.1818182,0.2045455,1.0,1.0,-873.8479,4.799066,-52.84688,0,0.8977783,0,0.4404475;
racing,killCuboid,1,8,70,-418.941,336.1573,411.9774,0,0.7071068,0,0.7071068;
racing,killCuboid,1,8,60,-369.7259,339.0009,322.5858,0,0.7071068,0,0.7071068;
racing,killCuboid,1,8,40,-760.3087,338.4359,216.8265,0,1,0,0;
racing,killCuboid,1,8,40,-672.1105,339.0267,117.5478,0,0,0,1;
racing,killCuboid,1,8,10,-810.3916,338.9925,13.56986,0,0.7071068,0,0.7071068;
racing,killCuboid,1,8,20,-767.9718,338.0007,-76.89998,0,0.7071068,0,0.7071068;
custom,cylinder,default,2,4,2,1,0.1477273,0.1818182,0.2045455,1.0,1.0,-869.1578,329.6735,-75.86681,0,0.725639,0,0.6880755;
custom,cylinder,default,2,4,2,1,0.1477273,0.1818182,0.2045455,1.0,1.0,-869.5443,332.3168,14.538,0,0.725639,0,0.6880756;
custom,cuboid,default,12,2,2,1,0.1477273,0.1818182,0.2045455,1.0,1.0,-873.7568,378.1457,-28.12526,0,0.7071068,0,0.7071068;
custom,cylinder,default,1,4,1,1,0.1477273,0.1818182,0.2045455,1.0,1.0,-764.3989,340.2863,17.21591,0,0.9607689,0,0.2773503;
custom,cylinder,default,1,4,1,1,0.1477273,0.1818182,0.2045455,1.0,1.0,-673.7057,341.8521,-75.8384,0,0.8412566,0,0.5406361;
custom,cylinder,default,1,4,1,1,0.1477273,0.1818182,0.2045455,1.0,1.0,-756.9953,339.8559,407.5294,0,0.2415151,0,-0.9703971;
custom,cylinder,default,1,4,1,1,0.1477273,0.1818182,0.2045455,1.0,1.0,-676.2039,340.4809,321.4802,0,0.6933935,0,0.7205592;
custom,cuboid,default,1,1,15,1,0.1477273,0.1818182,0.2045455,1.0,1.0,-716.2809,383.0493,363.3079,0,0.9289761,0,0.3701398;
custom,cylinder,default,1,4,1,1,0.1477273,0.1818182,0.2045455,1.0,1.0,-78.37537,340.0556,410.4667,0,0.6981465,0,0.715955;
custom,cylinder,default,1,4,1,1,0.1477273,0.1818182,0.2045455,1.0,1.0,-80.74236,340.7517,324.7473,0,0.7747089,0,0.6323182;
custom,cuboid,default,10,2,1,1,0.1477273,0.1818182,0.2045455,1.0,1.0,-84.75553,386.546,367.5383,0,0.7105394,0,0.7036574;
custom,cuboid,default,1,1,15,1,0.1477273,0.1818182,0.2045455,1.0,1.0,-718.0795,383.1807,-29.56892,0,0.371275,0,-0.928523;
custom,sphere,default,1,1,1,1,0.1477273,0.1818182,0.2045455,1.0,1.0,-831.9843,377.208,305.0884,0,0.9915227,0,0.1299333;
custom,sphere,default,1,1,1,1,0.1477273,0.1818182,0.2045455,1.0,1.0,-606.5534,329.5193,104.6791,0,0.9628814,0,-0.269925;
custom,sphere,default,1,1,1,1,0.1477273,0.1818182,0.2045455,1.0,1.0,-634.4171,321.5205,259.701,0,0.4299462,0,-0.9028546;
custom,sphere,default,1,1,1,1,0.1477273,0.1818182,0.2045455,1.0,1.0,-677.8458,335.5062,437.3377,0,0.9976692,0,-0.06823673;
custom,sphere,default,1,1,1,1,0.1477273,0.1818182,0.2045455,1.0,1.0,-583.7469,338.7481,427.7527,0,0.9984763,0,-0.05518294;
custom,sphere,default,1,1,1,1,0.1477273,0.1818182,0.2045455,1.0,1.0,-447.6518,324.1909,450.1358,0,0.9984754,0,-0.05519842;
custom,sphere,default,1,1,1,1,0.1477273,0.1818182,0.2045455,1.0,1.0,-297.886,366.9345,491.2096,0,0.9827252,0,-0.1850708;
custom,sphere,default,1,1,1,1,0.1477273,0.1818182,0.2045455,1.0,1.0,-478.3943,331.1302,269.7362,0,0.6230763,0,0.7821612;
custom,sphere,default,1,1,1,1,0.1477273,0.1818182,0.2045455,1.0,1.0,-307.9646,324.7806,249.7611,0,0.6399935,0,0.7683803;
custom,sphere,default,1,1,1,1,0.1477273,0.1818182,0.2045455,1.0,1.0,-187.5586,361.569,257.4444,0,0.674522,0,0.7382547;
custom,sphere,default,1,1,1,1,0.1477273,0.1818182,0.2045455,1.0,1.0,-821.23,376.8494,166.6553,0,0.0269425,0,0.999637;
racing,killCuboid,1,8,20,-430.5851,40,732.5613,0,0.9151808,0,-0.4030437;
racing,killCuboid,1,8,20,-265.3251,40,792.1789,0,0.7241186,0,0.6896755;
racing,killCuboid,1,8,30,-379.1922,40,915.8493,0,0.8796555,0,-0.4756115;
racing,killCuboid,1,8,30,-211.9218,40,1040.033,0,0.6596879,0,0.7515397;
racing,killCuboid,1,8,40,-513.2294,40,1009.15,0,0.527786,0,0.8493775;
racing,killCuboid,1,8,40,-407.9039,40,1585.107,0,0.5245773,0,-0.8513629;
racing,killCuboid,1,8,20,-605.6646,40,1493.922,0,0.5480664,0,-0.8364349;
racing,killCuboid,1,8,50,-305.2161,40,1282.821,0,0.8054479,0,0.5926666;
racing,killCuboid,1,8,20,-416.5902,40,1443.424,0,0.6658054,0,-0.7461255;
custom,cylinder,default,0.9,8,0.9,1,0.1477273,0.1818182,0.2045455,1.0,1.0,-170.3598,67.99981,787.5493,0,0.2203881,0,0.9754122;
custom,cylinder,default,0.9,8,0.9,1,0.1477273,0.1818182,0.2045455,1.0,1.0,-259.8438,80,993.8561,0,0.5851873,0,-0.8108982;
custom,cylinder,default,0.9,8,0.9,1,0.1477273,0.1818182,0.2045455,1.0,1.0,-352.6619,80,1021.685,0,0.3079253,0,0.9514105;
custom,cylinder,default,0.9,8,0.9,1,0.1477273,0.1818182,0.2045455,1.0,1.0,-338.2433,80,1095.158,0,0.2492708,0,0.9684339;
custom,cylinder,default,0.9,8,0.9,1,0.1477273,0.1818182,0.2045455,1.0,1.0,-538.3436,80,1355.204,0,0.5654707,0,0.8247684;
custom,cylinder,default,0.9,8,0.9,1,0.1477273,0.1818182,0.2045455,1.0,1.0,-321.7802,80,1433.04,0,0.3532331,0,0.9355354;
custom,cylinder,default,0.9,8,0.9,1,0.1477273,0.1818182,0.2045455,1.0,1.0,-234.2699,80,1497.199,0,0.4914989,0,-0.8708782;
misc,barrier,40,1,60,-218.7224,80,-88.76347,0,0.7071068,0,0.7071068;
misc,barrier,40,1,60,-432.1913,80,202.2731,0,0,0,1;
misc,barrier,40,1,70,-562.944,80,494.8236,0,0.7071068,0,0.7071068;
misc,barrier,100,1,70,-1016.073,108.0693,946.1137,0,0.03777033,0,0.9992865;
misc,barrier,1,16,1,-698.1743,67.03755,1715.011,0,0.9858952,0,0.1673643;
misc,barrier,1,16,1,-705.6489,61.35347,1719.711,0,0.953009,0,0.302942;
misc,barrier,1,16,1,-707.5957,67.83625,1725.417,0,0.8702763,0,0.4925638;
misc,barrier,1,16,1,-724.9366,68.05438,1734.833,0,0.3133058,0,-0.9496523;
misc,barrier,1,16,1,-716.8153,73.33503,1729.049,0,0.9320534,0,-0.3623209;
misc,barrier,1,16,20,-843.9458,68.34802,1741.526,0.02530396,0.709488,0.01593976,-0.7040827;
misc,barrier,2,16,1,-737.2301,63.88929,1738.619,0,0.9961921,0,-0.08718606;
misc,barrier,1,16,15,-700.0001,60.79914,1634.907,0,0.004298825,0,-0.9999908;
misc,barrier,1,16,15,-1341.659,68.6767,1643.307,0,0.003213336,0,0.9999949;
misc,barrier,1,16,15,-1337.265,71.43125,1768.533,0,0.00671943,0,0.9999774;
misc,barrier,1,16,15,-699.1876,57.64689,1887.946,0,0.7069129,0,-0.7073007;
misc,barrier,1,16,15,-558.7371,57.86707,1884.917,0,0.7006772,0,-0.7134785;
misc,barrier,1,16,15,-493.0996,63.86016,1852.929,0,0.9008539,0,0.4341225;
misc,barrier,1,16,15,-504.385,60.85807,1818.727,0,0.001813323,0,-0.9999984;
misc,barrier,1,16,30,-312.215,62.72901,1692.759,0,0.7036769,0,0.7105202;
misc,barrier,2,16,1,-467.1048,106.1913,1693.087,0,0.0940811,0,0.9955646;
misc,barrier,2,16,1,-480.3825,102.082,1698.638,0,0.3238926,0,0.9460939;
misc,barrier,2,16,1,-490.418,104.612,1709.603,0,0.5191243,0,0.8546988;
misc,barrier,2,16,1,-496.5691,105.2647,1726.699,0,0.617704,0,0.7864107;
misc,barrier,2,16,1,-497.5347,105.5264,1740.806,0,0.6497625,0,0.7601373;
misc,barrier,5,16,1,-144.1836,64.19511,1691.83,0,0.9989293,0,-0.04626236;
misc,barrier,5,16,1,-97.13769,72.81219,1690.195,0,0.9941463,0,-0.1080421;
misc,barrier,5,16,1,-64.81548,99.5987,1612.108,0,0.7080729,0,0.7061393;
misc,barrier,5,16,1,-69.6226,73.61565,1662.405,0,0.8438212,0,-0.5366245;
misc,barrier,1,8,75,-302.9207,122.5517,1586.768,0,0.701088,0,0.7130748;
misc,barrier,100,1,70,-358.2303,83.18913,1080.437,0,0.7146955,0,-0.6994358;
custom,cuboid,default,2,8,1,1,0.1477273,0.1818182,0.2045455,1.0,1.0,-742.6556,79.55623,1877.797,0,0.7071068,0,-0.7071068;
custom,cuboid,default,2,8,1,1,0.1477273,0.1818182,0.2045455,1.0,1.0,-743,78.27891,1834.122,0,0.7071068,0,-0.7071068;
custom,cuboid,default,2,8,1,1,0.1477273,0.1818182,0.2045455,1.0,1.0,-743,76.02481,1795.767,0,0.7071068,0,0.7071068;
custom,cuboid,default,2,8,1,1,0.1477273,0.1818182,0.2045455,1.0,1.0,-743,76.85615,1757.657,0,0.7071068,0,0.7071068;
custom,cuboid,default,13,4,1,1,0.1477273,0.1818182,0.2045455,1.0,1.0,-743,47.69824,1817.131,0,1,0,1;
custom,cuboid,default,13,4,1,1,0.1477273,0.1818182,0.2045455,1.0,1.0,-743,99.29265,1802.978,0,0.7071068,0,0.7071068;
racing,killCuboid,13,4.1,1.1,-743,47.69824,1802.978,0,0.7071068,0,0.7071068;
racing,killCuboid,13,4.1,1.1,-743,99.29265,1802.978,0,0.7071068,0,0.7071068;
custom,sphere,default,1,1,1,1,0.09090909,0.3295455,1,1.0,1.0,-1192.64,61.5043,1493.357,0,0.3116072,0,0.950211;
custom,sphere,default,1,1,1,1,0.1477273,0.1818182,0.2045455,1.0,1.0,-941.9927,49.51151,1522.445,0,0.9264287,0,0.3764702;
custom,sphere,default,1,1,1,1,0.1477273,0.1818182,0.2045455,1.0,1.0,-944.5399,46.8567,1384.069,0,0.9985225,0,0.05434048;
custom,sphere,default,1,1,1,1,0.1477273,0.1818182,0.2045455,1.0,1.0,-736.7164,35.67468,1254.648,0,0.989936,0,-0.1415161;
custom,sphere,default,1,1,1,1,0.1477273,0.1818182,0.2045455,1.0,1.0,-1115.783,23.70057,1325.483,0,0.4025705,0,-0.915389;
custom,sphere,default,1,1,1,1,0.1477273,0.1818182,0.2045455,1.0,1.0,-1021.631,46.16758,1546.41,0,0.1974208,0,0.9803188;
custom,cuboid,default,1,3,15,1,0.1477273,0.1818182,0.2045455,1.0,1.0,6.527163,65.79754,1449.311,0,0.7071068,0,0.7071068;
custom,sphere,default,1,1,1,1,0.1477273,0.1818182,0.2045455,1.0,1.0,-994.4037,56.88919,1205.866,0,0.9744185,0,0.2247411;
custom,sphere,default,1,1,1,1,0.1477273,0.1818182,0.2045455,1.0,1.0,-776.7234,58.88538,1007.228,0,0.9997067,0,-0.02421659;
custom,sphere,default,1,1,1,1,0.1477273,0.1818182,0.2045455,1.0,1.0,-881.9693,64.13698,1059.906,0,0.9815809,0,-0.1910471;
custom,sphere,default,1,1,1,1,0.1477273,0.1818182,0.2045455,1.0,1.0,-1135.688,58.0493,1617.031,0,0.3190589,0,-0.947735;
custom,sphere,default,1,1,1,1,0.09090909,0.3295455,1,1.0,1.0,-1042.551,55.58244,1339.557,0,0.948498,0,0.3167832;
racing,startCuboid,12,8.5,1,-66.38611,40,-56.82751,0,1,0,1;
racing,killCuboid,1,8,15,-279.4837,40,46.12031,0,0,0,1;
racing,killCuboid,1,8,15,-313.4649,40,117.9508,0,0,0,1;
racing,killCuboid,1,8,15,-347.1714,40,174.2425,0,0,0,1;
racing,killCuboid,1,8,15,-379.2204,40,254.0886,0,0,0,1;
custom,sphere,default,1,1,1,1,0.1477273,0.1818182,0.2045455,1.0,1.0,-294.3924,51.50256,514.2789,0,0.07430275,0,0.9972358;
custom,sphere,default,1,1,1,1,0.1477273,0.1818182,0.2045455,1.0,1.0,-322.532,36.40686,378.0041,0,0.05907959,0,0.9982533;
custom,sphere,default,1,1,1,1,0.1477273,0.1818182,0.2045455,1.0,1.0,-363.2455,48.48717,3.751798,0,0.0612732,0,0.9981211;
custom,sphere,default,1,1,1,1,0.1477273,0.1818182,0.2045455,1.0,1.0,-429.1449,337.7988,302.9821,0,0.7447879,0,0.6673013;
custom,sphere,default,1,1,1,1,0.1477273,0.1818182,0.2045455,1.0,1.0,-266.6307,338.5768,300.1259,0,0.7634135,0,0.6459101;
custom,sphere,default,1,1,1,1,0.1477273,0.1818182,0.2045455,1.0,1.0,-284.7667,338.6721,430.2771,0,0.7374673,0,0.6753829;
custom,sphere,default,1,1,1,1,0.1477273,0.1818182,0.2045455,1.0,1.0,-784.0811,354.9418,345.5701,0,0.998614,0,-0.05263237;
custom,sphere,default,1,1,1,1,0.1477273,0.1818182,0.2045455,1.0,1.0,-782.2734,340.0186,167.3797,0,0.9988332,0,-0.04829332;
custom,sphere,default,1,1,1,1,0.1477273,0.1818182,0.2045455,1.0,1.0,-1051.646,39.67767,1423.111,0,0.2436879,0,-0.9698537;
custom,cuboid,default,14,2,1,1,0.1477273,0.1818182,0.2045455,1.0,1.0,-1271.986,69.58318,1744.746,0,0.0047326,0,0.9999888;
custom,cuboid,default,14,2,1,1,0.1477273,0.1818182,0.2045455,1.0,1.0,-1268.779,106.1331,1743.541,0,0.01785349,0,0.9998406;
racing,killCylinder,1,6,1,-1281.834,78.3226,2119.213,0.4839496,0.858872,0.08233692,0.1461245;
racing,killCylinder,1,6,1,-1281.817,77.02566,2117.544,-0.4782524,0.8771768,-0.02050945,0.03761701;
racing,killCuboid,10,8,1,-914.1581,76.97771,2203.828,0,1,0,1;
racing,killCuboid,10,8,1,-1074.91,78.03028,2278.838,0,0.7071068,0,0.7071068;
custom,cylinder,default,0.5,4,0.5,1,0.1477273,0.1818182,0.2045455,1.0,1.0,-973.8724,80,1778.339,0,0.704212,0,-0.7099898;
custom,cylinder,default,0.5,4,0.5,1,0.1477273,0.1818182,0.2045455,1.0,1.0,-973.8724,80,1788.339,0,0.704212,0,-0.7099898;
custom,cylinder,default,0.5,4,0.5,1,0.1477273,0.1818182,0.2045455,1.0,1.0,-973.8724,80,1798.339,0,0.704212,0,-0.7099898;
custom,cylinder,default,0.5,4,0.5,1,0.1477273,0.1818182,0.2045455,1.0,1.0,-973.8724,80,1808.339,0,0.704212,0,-0.7099898;
custom,cylinder,default,0.5,4,0.5,1,0.1477273,0.1818182,0.2045455,1.0,1.0,-973.8724,80,1818.339,0,0.704212,0,-0.7099898;
custom,cylinder,default,0.5,4,0.5,1,0.1477273,0.1818182,0.2045455,1.0,1.0,-973.8724,80,1828.339,0,0.704212,0,-0.7099898;
custom,cylinder,default,0.5,4,0.5,1,0.1477273,0.1818182,0.2045455,1.0,1.0,-973.8724,80,1838.339,0,0.704212,0,-0.7099898;
custom,cylinder,default,0.5,4,0.5,1,0.1477273,0.1818182,0.2045455,1.0,1.0,-973.8724,80,1848.339,0,0.704212,0,-0.7099898;
custom,cylinder,default,0.5,4,0.5,1,0.1477273,0.1818182,0.2045455,1.0,1.0,-973,80,1919.267,0,0.7041229,0,-0.7100781;
custom,cylinder,default,0.5,4,0.5,1,0.1477273,0.1818182,0.2045455,1.0,1.0,-973,80,1929.267,0,0.7041229,0,-0.7100781;
custom,cylinder,default,0.5,4,0.5,1,0.1477273,0.1818182,0.2045455,1.0,1.0,-973,80,1939.267,0,0.7041229,0,-0.7100781;
custom,cylinder,default,0.5,4,0.5,1,0.1477273,0.1818182,0.2045455,1.0,1.0,-973,80,1949.267,0,0.7041229,0,-0.7100781;
custom,cylinder,default,0.5,4,0.5,1,0.1477273,0.1818182,0.2045455,1.0,1.0,-973,80,1959.267,0,0.7041229,0,-0.7100781;
custom,cylinder,default,0.5,4,0.5,1,0.1477273,0.1818182,0.2045455,1.0,1.0,-973,80,1969.267,0,0.7041229,0,-0.7100781;
custom,cylinder,default,0.5,4,0.5,1,0.1477273,0.1818182,0.2045455,1.0,1.0,-973,80,1979.267,0,0.7041229,0,-0.7100781;
custom,cylinder,default,0.5,4,0.5,1,0.1477273,0.1818182,0.2045455,1.0,1.0,-973,80,1989.267,0,0.7041229,0,-0.7100781;
custom,cylinder,default,0.5,4,0.5,1,0.1477273,0.1818182,0.2045455,1.0,1.0,-973,80,1999.267,0,0.7041229,0,-0.7100781;
custom,cylinder,default,0.5,4,0.5,1,0.1477273,0.1818182,0.2045455,1.0,1.0,-973,80,2009.267,0,0.7041229,0,-0.7100781;
custom,cylinder,default,1.1,4,1.1,1,0.1477273,0.1818182,0.2045455,1.0,1.0,-911.7018,77.82927,2257.3,0,0.7025042,0,-0.7116796;
custom,cylinder,default,1.1,4,1.1,1,0.1477273,0.1818182,0.2045455,1.0,1.0,-1072.48,78.60482,2230.221,0,0.6993907,0,-0.7147396;
custom,sphere,default,1,1,1,1,0.1477273,0.1818182,0.2045455,1.0,1.0,-515.7052,51.55597,460.7356,0,0.9937822,0,-0.1113418;
custom,sphere,default,1,1,1,1,0.1477273,0.1818182,0.2045455,1.0,1.0,-457.1157,56.15311,339.6973,0,0.9998009,0,-0.01995531;
custom,sphere,default,1,1,1,1,0.1477273,0.1818182,0.2045455,1.0,1.0,-546.564,54.79933,303.258,0,0.9995234,0,-0.03087142;
misc,barrier,150,1,200,-861.3912,119.0313,1830.794,0,0.7295585,0,-0.6839184;
misc,barrier,100,1,100,-380.8575,384.6971,148.2545,0,-0.007164197,0,-0.9999744;
misc,barrier,1,20,18,-1059.093,396.8074,-31.81478,0,0.01658162,0,0.9998626;
misc,barrier,1,20,18,-958.762,396.2849,23.47699,0,0.7232492,0,0.6905871;
misc,barrier,1,20,18,-958.8831,394.8269,-87.04739,0,0.7125675,0,0.7016036;
misc,barrier,1,1,10,-1057.835,305.9907,-22.32109,0,0.01653231,0,0.9998633;
racing,checkpointCuboid,2,2,2,-915.4869,75.19867,1810.154,0,0.6789098,0,0.7342217;
racing,checkpointCuboid,2,2,2,-487.3972,36.25255,-13.64345,0,0.8334142,0,-0.5526489;
racing,checkpointCuboid,2,2,2,-1285.191,76.4995,1867.77,0,0.9990775,0,0.04294477;
racing,killSphere,10,10,10,-1016.536,459.022,-34.99364,0,0.7078305,0,-0.7063823;
misc,barrier,1,20,18,-872.1168,476.86,-23.92328,0,0.01647269,0,0.9998643;
misc,barrier,1,20,5,-1059.54,395.3011,-59.64871,0,0.9363695,0,0.3510159;
misc,barrier,1,20,5,-1045.832,367.8195,14.31335,0,0.3717865,0,0.9283183;
misc,barrier,20,1,30,-1004.371,486.3091,-22.557,0,0.7337455,0,0.6794245;
misc,barrier,1,60,20,165.6041,176.3908,425.0259,0,0.7109602,0,-0.7032322;
racing,killCuboid,1,8,100,-63.39122,40,1160.805,0,1,0,0;
custom,cuboid,default,15,1,20,1,0.1477273,0.1818182,0.2045455,1.0,1.0,-4.5302,78.94189,521.4974,0,0.7071068,0,0.7071068;
custom,cuboid,default,10,8,1,1,0.1477273,0.1818182,0.2045455,1.0,1.0,-69.93166,39.77634,610.4835,0,1,0,1;
custom,cuboid,default,12,1,20,1,0.1477273,0.1818182,0.2045455,1.0,1.0,-104.6552,2.161978,520.6716,0,0.7071068,0,0.7071068;
racing,killCuboid,1,8,100,78.86712,40,950.2634,0,1,0,0;
racing,killCuboid,15,0.5,100,4.67486,74.143546,961.2122,0,0,0,1;
custom,cuboid,default,1,3,15,1,0.1477273,0.1818182,0.2045455,1.0,1.0,2.887422,14.87552,1449.608,0,1,0,1;
racing,endCuboid,1,5,15,14.32862,42.00768,1471.136,0,0.675454,0,-0.7374021;
misc,barrier,10,3,1,-766.5617,66.67165,-33.07475,0,0.4914811,0,-0.8708883;
misc,barrier,1,1,1,-774.7277,51.6623,-50.73978,0,0.4478881,0,-0.8940896;
misc,barrier,1,1,1,-744.3311,48.6252,7.252513,0,0.7944978,0,-0.6072671;
misc,barrier,20,1,20,-933.0341,82.28669,110.1047,0,0.9036601,0,0.4282504;
misc,barrier,2,1,2,-944.7321,80.33693,-15.32557,0,0.09332946,0,-0.9956353;
misc,barrier,6,1,20,-1091.884,78.70251,7.358879,0,0.8894478,0,-0.4570368;
misc,barrier,6,1,20,-1076.965,76.62196,-91.94738,0,0.9928551,0,0.1193265;
misc,barrier,6,1,20,-1003.652,81.98389,-117.0414,0,0.6822792,0,0.7310917;
custom,cuboid,ice1,600,1,600,1,0.1477273,0.1818182,0.2045455,1.0,1.0,0,-3,0,0,0.9959571,0,-0.08982973;
custom,cuboid,stone3,20,1,40,1,0.1477273,0.1818182,0.2045455,1.0,1.0,137.8423,1.673806,1553.312,0,0.7071068,0,-0.7071068;
custom,cuboid,stone3,10,1,40,1,0.1477273,0.1818182,0.2045455,1.0,1.0,285.9052,1.005373,1254.397,0,0.9999998,0,-0.0007111271;
photon,CannonWall,143.7745,7.350963,1482.633,0,0.9001823,0,-0.4355133;
photon,CannonWall,129.5189,7.031422,1494.717,0,0.9937309,0,-0.1117986;
photon,CannonWall,168.0284,7.183221,1476.906,0,0.9679477,0,-0.2511517;
custom,pyramid,default,1,1,1,1,0.25,0.04545455,1,1.0,1.0,-387.8638,40.97572,-51.95592,0.2246629,0.7302783,-0.1897005,-0.6166311;
custom,pyramid,default,1,1,1,1,0.25,0.04545455,1,1.0,1.0,-101.4678,50.50327,1548.998,0.2167576,0.2340769,0.6439386,0.6953901;
custom,pyramid,default,1,1,1,1,0.25,0.04545455,1,1.0,1.0,-674.6717,34.6219,731.9254,-0.1514084,0.2547916,-0.9547136,0.02605045;
custom,cone,default,1,1,1,1,0.25,0.04545455,1,1.0,1.0,-1208.688,78.47542,1766.492,-0.5665691,0.5805849,0.4083914,-0.4184939;
custom,cone,default,1,1,1,1,0.25,0.04545455,1,1.0,1.0,-451.4378,47.33669,-97.40817,-0.5004002,0.6522235,0.4899774,0.2900454;
custom,cone,default,1,1,1,1,0.25,0.04545455,1,1.0,1.0,-1084.44,18.98616,-32.30935,0,0.82692,0,-0.5623195;
custom,cone,default,1,1,1,1,0.25,0.04545455,1,1.0,1.0,-561.759,329.8993,-47.42692,0.4713382,0.5054482,0.4929118,0.5285834;
custom,cone,default,1,1,1,1,0.25,0.04545455,1,1.0,1.0,-618.7369,324.0394,451.747,0.5651189,0.4368234,-0.425816,0.5554338;
custom,cone,default,1,1,1,1,0.25,0.04545455,1,1.0,1.0,487.4667,127.8905,360.8445,0.4788596,0.4839009,-0.5152256,-0.5206496;
custom,cone,default,1,1,1,1,0.25,0.04545455,1,1.0,1.0,131.3212,57.82142,517.0541,-0.6058221,0.4902533,0.4169977,-0.467701;
racing,killCuboid,15,3,1,12.85063,15,713.6619,0,0,0,1;
racing,killCuboid,15,3,1,14.28245,60,774.1494,0,0,0,1;
racing,killCuboid,15,3,1,5.801815,15,963.8871,0,0,0,1;
racing,killCuboid,15,3,1,4.892887,60,1035.428,0,0,0,1;
racing,killCuboid,15,3,1,7.950119,15,1174.566,0,0,0,1;
racing,killCuboid,15,3,1,10.13672,60,1273.122,0,0,0,1;
racing,killArc90,5,16,5,-231.3105,20.67175,569.3222,0,0.6685648,0,0.743654;
racing,killCylinder,1.2,5,1.2,-854.9381,50,499,0,0.999983,0,-0.005839597;
racing,killCylinder,1.2,5,1.2,-787.068,50,593,0,0.9999828,0,-0.005864512;
custom,cylinder,default,1,5,1,1,0.1477273,0.1818182,0.2045455,1.0,1.0,-787,50,593,0,0.9999956,0,0.002951455;
custom,cylinder,default,1,5,1,1,0.1477273,0.1818182,0.2045455,1.0,1.0,-854,50,499,0,0.9999485,0,-0.0101478;
custom,cylinder,default,1,4,1,1,0.1477273,0.1818182,0.2045455,1.0,1.0,-770.1661,39.82441,446.0411,0,0.01295866,0,0.9999161;
custom,cylinder,default,1,4,1,1,0.1477273,0.1818182,0.2045455,1.0,1.0,94.9865,37.11222,732.8265,0,0.7110879,0,-0.7031031;
custom,cylinder,default,1,4,1,1,0.1477273,0.1818182,0.2045455,1.0,1.0,97.58219,35.51221,1074.333,0,0.7110879,0,-0.7031031;
custom,cylinder,default,1,4,1,1,0.1477273,0.1818182,0.2045455,1.0,1.0,94.94552,37.91222,1430.799,0,0.7110879,0,-0.7031031;
custom,sphere,default,1,1,1,1,0.09090909,0.3295455,1,1.0,1.0,0.3751256,40.0455,631.9227,0,0.9991227,0,-0.04187806;
custom,sphere,default,1,1,1,1,0.09090909,0.3295455,1,1.0,1.0,5.57574,43.85168,954.9505,0,0.01130916,0,0.999936;
custom,sphere,default,1,1,1,1,0.09090909,0.3295455,1,1.0,1.0,10.11724,42.8462,1155.302,0,0.04103549,0,-0.9991577;
custom,sphere,default,1,1,1,1,0.09090909,0.3295455,1,1.0,1.0,6.403133,66.14487,1428.895,0,0.05709991,0,0.9983685;
custom,cone,default,0.5,1,0.5,1,0.1363636,0.1590909,0.4772727,1.0,1.0,-68.81298,40.09594,725.6567,-0.02141259,0.7063117,0.7068859,0.03126919;
misc,barrier,1,8,40,-699.4658,92.15664,1477.342,0.002040428,-0.003650923,0.027847,0.9996035;
misc,barrier,1,20,80,-1050.792,105.6365,1376.329,-0.4193558,0.5166095,0.4765458,-0.574595;
misc,barrier,1,20,40,-1343.115,98.33644,1493.118,0,0.9999997,0,-0.0008254488;
misc,barrier,1,20,40,-1353.279,91.74935,1497.781,0,0,0,-1;
racing,killCuboid,50,0.5,100,188.7359,2.459493,961.5961,0,0,0,1;
photon,spawnJumper,30,0,-25.27377,6.139085,167.772,0,0.6819302,0,-0.7314174;
photon,spawnJumper,30,0,177.3017,7.618875,166.3178,0,0.7131873,0,-0.7009736;
photon,spawnJumper,30,0,323.8033,13.61734,218.8533,0,0.7906361,0,-0.6122863;
photon,spawnJumper,30,0,376.2194,9.886724,324.0984,0,0.665826,0,-0.746107;
misc,region,crawler1,15,10,20,278.3877,24.19598,196.0655,0,0,0,1;
misc,region,crawler2,15,10,20,313.2838,21.42287,325.1552,0,0,0,1;
misc,region,crawler3,15,10,20,261.2151,16.03828,357.0671,0,0,0,1;
misc,region,crawler4,15,10,20,354.8539,22.54279,185.0888,0,0,0,1;
misc,barrier,1,30,40,405.4206,94.31633,244.6592,0,0.9996707,0,0.02566099;
misc,barrier,1,30,40,242.4785,80.09216,119.4926,0,0.7054922,0,-0.7087178;
misc,barrier,1,30,40,-58.66582,81.41479,126.0117,0,0.7020558,0,-0.712122;
misc,barrier,1,30,40,-218.1355,122.2836,320.7769,0,0.007153981,0,0.9999744;
misc,barrier,1,60,20,132.2808,175.6258,305.8114,0,0.7155114,0,-0.6986011;
misc,barrier,1,30,20,261.8151,300.3374,311.707,0,0.7045884,0,-0.7096163;
misc,barrier,20,60,1,280.7252,223.3716,379.7336,-0.3784986,0.5972357,-0.4091874,-0.576727;
custom,cone,default,0.2,0.5,0.2,0,0.1477273,0.1818182,0.2045455,1.0,1.0,-551.3544,15.82373,40.62329,-0.6844448,0.7281727,0.01446746,0.03302269;
custom,cone,default,0.2,0.5,0.2,0,0.1477273,0.1818182,0.2045455,1.0,1.0,-549.046,60.62753,34.92285,-0.7265203,0.6853832,0.0490118,0.003994322;
custom,cone,default,0.2,0.5,0.2,0,0.1477273,0.1818182,0.2045455,1.0,1.0,-550.6262,38.3577,42.30771,-0.5098895,0.4891935,-0.4933614,-0.5072445;
custom,tube,default,10,0.5,10,0,0.1477273,0.1818182,0.2045455,1.0,1.0,-545.6223,33.93647,-16.42311,0.5999996,0.5699286,0.4050934,-0.3886916;
custom,cuboid,default,1,1,35,1,0.09090911,0.125,0.1818182,1.0,1.0,-629.3821,5,480.7321,0,0,0,1;
custom,cuboid,default,1,1,18,1,0.09090911,0.125,0.1818182,1.0,1.0,-715.4965,5,310.9094,0,0.7071068,0,0.7071068;
custom,cuboid,default,1,1,35,1,0.09090911,0.125,0.1818182,1.0,1.0,-702.4803,5,237.5751,0,0.7071068,0,-0.7071068;
custom,cuboid,default,1,1,35,1,0.09090911,0.125,0.1818182,1.0,1.0,-528.3571,5,408.0277,0,0,0,1;
custom,cuboid,default,1,1,35,1,0.09090911,0.125,0.1818182,1.0,1.0,-629.3821,75,480.7321,0,0,0,1;
custom,cuboid,default,1,1,18,1,0.09090911,0.125,0.1818182,1.0,1.0,-715.4965,75,310.9094,0,0.7071068,0,0.7071068;
custom,cuboid,default,1,1,35,1,0.09090911,0.125,0.1818182,1.0,1.0,-702.4803,75,237.5751,0,0.7071068,0,-0.7071068;
custom,cuboid,default,1,1,35,1,0.09090911,0.125,0.1818182,1.0,1.0,-528.3571,75,408.0277,0,0,0,1;
racing,killCuboid,0.9,6,35,-629.3821,40,480.7321,0,0,0,1;
racing,killCuboid,0.9,6,18,-715.4965,40,310.9094,0,0.7071068,0,0.7071068;
racing,killCuboid,0.9,6,35,-702.4803,40,237.5751,0,0.7071068,0,-0.7071068;
racing,killCuboid,0.9,6,35,-528.3571,40,408.0277,0,0,0,1;
custom,cylinder,default,1.3,4,1.3,1,0.09090911,0.125,0.1818182,1.0,1.0,-527.8771,40.4226,237.5301,0,0.6380856,0,-0.7699654;
custom,cylinder,default,1.3,4,1.3,1,0.09090911,0.125,0.1818182,1.0,1.0,-527.7178,38.50969,580.9847,0,0.7135291,0,-0.7006256;
custom,cylinder,default,1.3,4,1.3,1,0.09090911,0.125,0.1818182,1.0,1.0,-628.1393,40.99012,309.5292,0,0.7948764,0,-0.6067714;
custom,cylinder,default,1.3,4,1.3,1,0.09090911,0.125,0.1818182,1.0,1.0,-801.5458,41.55169,310.3981,0,0.4562044,0,-0.889875;
custom,cylinder,default,1.3,4,1.3,1,0.09090911,0.125,0.1818182,1.0,1.0,-678.5083,40.17407,389.8252,0,0.2161496,0,0.9763603;
custom,cone,default,0.2,0.5,0.2,1,0.1477273,1,0.7613636,1.0,1.0,-650.1378,73.93851,315.2577,-0.7310653,0.6777294,0.07604067,0.02107781;
custom,cone,default,0.2,0.5,0.2,1,0.1477273,1,0.7613636,1.0,1.0,-804.714,75.39611,400.5465,0.6755638,0.7372481,0.006001161,0.006549117;
custom,cone,default,0.2,0.5,0.2,1,0.1477273,1,0.7613636,1.0,1.0,-689.0198,76.50961,419.4886,0.4898072,0.530799,0.4690302,0.5082834;
custom,cone,default,0.2,0.5,0.2,1,0.1477273,1,0.7613636,1.0,1.0,-671.1626,48.44049,635.7521,-0.3886482,0.3960812,-0.5472604,0.6265607;
custom,cone,default,0.2,0.5,0.2,1,0.1477273,1,0.7613636,1.0,1.0,-841.9359,75.20314,242.7002,0.7155215,0.698248,0.01565974,0.01528172;
custom,cone,default,0.2,0.5,0.2,1,0.1477273,1,0.7613636,1.0,1.0,-533.347,76.27377,264.6549,0.4725981,0.5175616,0.4809723,0.5267321;
custom,cone,default,0.2,0.5,0.2,1,0.1477273,1,0.7613636,1.0,1.0,-587.3176,46.22563,651.2714,-0.003035148,0.003067099,-0.7033882,0.7107929;
custom,cone,default,0.2,0.5,0.2,1,0.1477273,1,0.7613636,1.0,1.0,-418.7047,53.4766,588.3286,-0.5118324,0.5118326,-0.4878806,0.4878806;
misc,barrier,30,1,50,-722.3334,75.01366,169.3184,0,0.8423764,0,0.5388896;
misc,barrier,10,2,1,-686.4364,64.93443,-2.374351,0,0.07489808,0,0.9971912;
custom,cylinder,default,1,4,1,1,0.4545455,0.7272727,0.7613636,1.0,1.0,-54.0231,41.6796,4.284185,0,0.525727,0,-0.8506534;
custom,cylinder,default,1,4,1,1,0.4545455,0.7272727,0.7613636,1.0,1.0,76.18725,41.29015,5.504214,0,0.3690788,0,0.9293981;
custom,cylinder,default,1,4,1,1,0.4545455,0.7272727,0.7613636,1.0,1.0,75.72181,40.49271,-85.47353,0,0.9330107,0,0.3598487;
custom,cylinder,default,1,4,1,1,0.4545455,0.7272727,0.7613636,1.0,1.0,-406.7613,39.06465,-84.94027,0,0.7158717,0,-0.6982319;
custom,sphere,default,1,1,1,1,0.4431818,0.4545455,1,1.0,1.0,-16.99582,200.5791,399.8123,0,0.6913829,0,-0.7224885;
custom,sphere,default,1,1,1,1,0.4431818,0.4545455,1,1.0,1.0,-5.058716,233.7776,348.6504,0,0.7919106,0,-0.6106371;
custom,sphere,default,1,1,1,1,0.4431818,0.4545455,1,1.0,1.0,-5.39889,180.1256,350.8938,0,0.7838494,0,-0.6209511;
custom,sphere,default,1,1,1,1,0.4431818,0.4545455,1,1.0,1.0,-28.85497,176.453,392.9586,0,0.677057,0,-0.7359306;
custom,sphere,default,1,1,1,1,0.4431818,0.4545455,1,1.0,1.0,-38.44432,128.0506,385.4323,0,0.6929363,0,-0.7209989;
custom,sphere,default,1,1,1,1,0.4431818,0.4545455,1,1.0,1.0,-41.21545,132.8726,338.632,0,0.735658,0,-0.6773531;
custom,sphere,default,1,1,1,1,0.4431818,0.4545455,1,1.0,1.0,-285.3958,365.2329,283.976,0,0.6817715,0,-0.7315652;
custom,sphere,default,1,1,1,1,0.09090909,0.3295455,1,1.0,1.0,-453.8535,377.4922,268.1102,0,0.2885084,0,0.9574774;
custom,sphere,default,1,1,1,1,0.09090909,0.3295455,1,1.0,1.0,-618.683,365.9306,239.5674,0,0.1668718,0,-0.9859786;
custom,sphere,default,1,1,1,1,0.09090909,0.3295455,1,1.0,1.0,-613.2878,375.2302,118.912,0,0.9549177,0,-0.2968708;
custom,sphere,default,1,1,1,1,0.09090909,0.3295455,1,1.0,1.0,-632.7508,336.9332,3.803879,0,0.9605597,0,-0.2780741;
custom,sphere,default,1,1,1,1,0.09090909,0.3295455,1,1.0,1.0,-781.5643,329.0602,109.9764,0,0.001808793,0,-0.9999984;
custom,sphere,default,1,1,1,1,0.09090909,0.3295455,1,1.0,1.0,-781.5973,336.3229,329.6602,0,0.0112832,0,0.9999363;
custom,sphere,default,1,1,1,1,0.09090909,0.3295455,1,1.0,1.0,-432.6583,359.2024,448.2481,0,0.7404774,0,0.6720813;
custom,sphere,default,1,1,1,1,0.09090909,0.3295455,1,1.0,1.0,4.743889,48.09562,829.9489,0,0.004827702,0,0.9999884;
racing,killCylinder,1,4,1,-1284.483,83.56618,1983.615,0,0.04738573,0,-0.9988767;
racing,killCylinder,1,4,1,-453.0114,36.0141,443.268,0,0.9999958,0,-0.002908389;
racing,killCylinder,1,4,1,-499.5882,42.78564,455.9135,0,0.9994894,0,0.03195155;
racing,killCylinder,1,4,1,-471.5347,39.69215,503.8966,0,0.9999314,0,-0.01171733;
racing,killCylinder,1,4,1,-492.2669,39.1145,256.5405,0,0.9999837,0,0.005715414;
custom,cuboid,default,0.5,2,0.1,1,0.6590909,1,1,1.0,1.0,74.25491,25.73116,-15.97956,0,0.7348281,0,0.6782534;
custom,cuboid,default,0.5,2,0.1,1,0.6590909,1,1,1.0,1.0,73.70566,25.6843,-27.04653,0,0.7153068,0,0.6988105;
custom,cuboid,default,0.5,2,0.1,1,0.6590909,1,1,1.0,1.0,73.56152,25.77152,-40.70552,0,0.7153134,0,0.6988038;
custom,cuboid,default,0.5,2,0.1,1,0.6590909,1,1,1.0,1.0,74.41222,25.37152,-54.674,-0.09300567,0.6968294,-0.08916295,0.7055698;
custom,cuboid,default,0.5,2,1,1,0.6590909,1,1,1.0,1.0,79.26646,25.74776,-60.75258,0.1188173,0.6940985,0.1090279,0.7015858;
custom,cuboid,default,0.5,0.5,0.5,1,0.6590909,1,1,1.0,1.0,76.00651,18.12957,-45.66528,0,0.695221,0,0.7187961;
custom,cuboid,default,0.5,0.5,0.5,1,0.6590909,1,1,1.0,1.0,76.83465,26.57274,-45.57692,0,0.7348556,0,0.6782236;
custom,cuboid,default,0.5,0.5,0.5,1,0.6590909,1,1,1.0,1.0,75.56556,33.2765,-44.92063,0,0.7107393,0,0.7034555;
custom,cuboid,default,1,0.5,0.5,1,0.6590909,1,1,1.0,1.0,75.783,20.20761,-31.47252,0.6565893,0.2937067,0.6341584,0.2836726;
custom,cuboid,default,1.5,0.5,0.5,1,0.6590909,1,1,1.0,1.0,75.85818,28.82485,-31.07051,0.2643647,0.6603578,0.2855323,0.6422696;
misc,barrier,1,7,1,-200.5643,28.75959,429.9942,0,0.9983279,0,0.05780508;

//spawn hub;
misc,region,MC,2147483647,2147483647,2147483647,0,0,0,0,0,0,1;
//unregistered magenta player area;
spawnpoint,playerM,0,-10185,-185,0,0,0,1;
misc,barrier,14,1.5,20,0,-10077.5,-110,0,1,0,0;
custom,cuboid,metal4,14,1.5,20,1,1,0,1,1.4,2,0,-10192.5,-110,0,1,0,0;
custom,cuboid,metal4,20,13,1.5,0,1,1,1,2,1.3,-62.5,-10135,-110,0,0.7070168,0,0.7070168;
custom,cuboid,metal4,20,13,1.5,0,1,1,1,2,1.3,62.5,-10135,-110,0,0.7070168,0,0.7070168;
custom,cuboid,metal4,14,13,1.5,0,1,1,1,1.4,1.3,0,-10135,-202.5,0,1,0,0;
custom,cuboid,bombexplosiontex,14,13,1.5,1,1,1,1,999999,999999,0,-10135,-17.5,0,1,0,0;
//titan cage;
//photon,spawnTitan,0,0,0,-10184,-80,0,1,0,0;
custom,cuboid,metal4,3.5,0.5,0.5,0,1,1,1,0.35,0.05,0,-10155,-95,0,0,0,-1;
custom,cuboid,metal4,3.5,0.5,0.5,0,1,1,1,0.35,0.05,-15,-10155,-80,0,0.7070168,0,0.7070168;
custom,cuboid,metal4,3.5,0.5,0.5,0,1,1,1,0.35,0.05,0,-10155,-65,0,1,0,0;
custom,cuboid,metal4,3.5,0.5,0.5,0,1,1,1,0.35,0.05,15,-10155,-80,0,0.7070168,0,0.7070168;
//registered magenta player area;
//spawnpoint,playerM,0,-10135,15,0,0,0,1;
misc,barrier,38,1.5,22.5,0,-10077.5,92.5,0,1,0,0;
custom,cuboid,metal4,38,1.5,22.5,1,1,0,1,3.8,2.25,0,-10192.5,92.5,0,1,0,0;
custom,cuboid,metal4,11.9,13,1.6,0,1,1,1,1.19,1.3,-115,-10135,-17.5,0,1,0,0;
custom,cuboid,metal4,11.9,13,1.6,0,1,1,1,1.19,1.3,115,-10135,-17.5,0,1,0,0;
custom,cuboid,metal4,4.5,13,10.5,0,1,1,1,1.05,1.3,-180,-10135,27.5,0,1,0,0;
custom,cuboid,metal4,4.5,13,4.5,0,1,1,1,0.45,1.3,-150,-10135,87.5,0,1,0,0;
custom,cuboid,metal4,4.5,13,4.5,0,1,1,1,0.45,1.3,-120,-10135,117.5,0,1,0,0;
custom,cuboid,metal4,4.5,13,4.5,0,1,1,1,0.45,1.3,-90,-10135,147.5,0,1,0,0;
custom,cuboid,metal4,4.5,13,4.5,0,1,1,1,0.45,1.3,-60,-10135,177.5,0,1,0,0;
custom,cuboid,metal4,10.5,13,4.5,0,1,1,1,1.05,1.3,0,-10135,207.5,0,1,0,0;
custom,cuboid,metal4,1.5,13,1.5,0,1,1,1,0.15,1.3,0,-10135,177.5,0,1,0,0;
custom,cuboid,metal4,4.5,13,10.5,0,1,1,1,1.05,1.3,180,-10135,27.5,0,1,0,0;
custom,cuboid,metal4,4.5,13,4.5,0,1,1,1,0.45,1.3,150,-10135,87.5,0,1,0,0;
custom,cuboid,metal4,4.5,13,4.5,0,1,1,1,0.45,1.3,120,-10135,117.5,0,1,0,0;
custom,cuboid,metal4,4.5,13,4.5,0,1,1,1,0.45,1.3,90,-10135,147.5,0,1,0,0;
custom,cuboid,metal4,4.5,13,4.5,0,1,1,1,0.45,1.3,60,-10135,177.5,0,1,0,0;
custom,cuboid,metal4,1.5,6,1.5,1,1,0,1,0.15,0.6,0,-10170,15,0,1,0,0;
custom,cuboid,metal4,1.5,1.5,1.5,1,1,0,1,0.15,0.15,0,-10142.5,15,0,1,0,0;
//region boxes;
//white;
custom,killCuboid,bombexplosiontex,1.6,13,1.6,0,1,1,1,999999,999999,-150,-10135,57.5,0,1,0,0;
custom,killCuboid,bombexplosiontex,1.6,13,1.6,0,1,1,1,999999,999999,-150,-10135,57.5,0,1,0,0;
//red;
custom,killCuboid,bombexplosiontex,1.6,13,1.6,1,1,0,0,999999,999999,-120,-10135,87.5,0,1,0,0;
custom,killCuboid,bombexplosiontex,1.6,13,1.6,1,1,0,0,999999,999999,-120,-10135,87.5,0,1,0,0;
//orange;
custom,killCuboid,bombexplosiontex,1.6,13,1.6,1,1,0.6666667,0,999999,999999,-90,-10135,117.5,0,1,0,0;
custom,killCuboid,bombexplosiontex,1.6,13,1.6,1,1,0.6666667,0,999999,999999,-90,-10135,117.5,0,1,0,0;
//yellow;
custom,killCuboid,bombexplosiontex,1.6,13,1.6,1,0.6666667,1,0,999999,999999,-60,-10135,147.5,0,1,0,0;
custom,killCuboid,bombexplosiontex,1.6,13,1.6,1,0.6666667,1,0,999999,999999,-60,-10135,147.5,0,1,0,0;
//green;
custom,killCuboid,bombexplosiontex,1.6,13,1.6,1,0,1,0,999999,999999,-30,-10135,177.5,0,1,0,0;
custom,killCuboid,bombexplosiontex,1.6,13,1.6,1,0,1,0,999999,999999,-30,-10135,177.5,0,1,0,0;
//cyan;
custom,killCuboid,bombexplosiontex,1.6,13,1.6,1,0,1,1,999999,999999,30,-10135,177.5,0,1,0,0;
custom,killCuboid,bombexplosiontex,1.6,13,1.6,1,0,1,1,999999,999999,30,-10135,177.5,0,1,0,0;
//blue;
custom,killCuboid,bombexplosiontex,1.6,13,1.6,1,0,0,1,999999,999999,60,-10135,147.5,0,1,0,0;
custom,killCuboid,bombexplosiontex,1.6,13,1.6,1,0,0,1,999999,999999,60,-10135,147.5,0,1,0,0;
//indigo;
custom,killCuboid,bombexplosiontex,1.6,13,1.6,1,0.6666667,0,1,999999,999999,90,-10135,117.5,0,1,0,0;
custom,killCuboid,bombexplosiontex,1.6,13,1.6,1,0.6666667,0,1,999999,999999,90,-10135,117.5,0,1,0,0;
//violet;
//custom,killCuboid,bombexplosiontex,1.6,13,1.6,1,1,0,0.6666667,999999,999999,120,-10135,87.5,0,1,0,0;
//custom,killCuboid,bombexplosiontex,1.6,13,1.6,1,1,0,0.6666667,999999,999999,120,-10135,87.5,0,1,0,0;
//black;
//custom,killCuboid,bombexplosiontex,1.6,13,1.6,1,0,0,0,999999,999999,150,-10135,57.5,0,1,0,0;
//custom,killCuboid,bombexplosiontex,1.6,13,1.6,1,0,0,0,999999,999999,150,-10135,57.5,0,1,0,0;