map,disablebounds;
custom,cuboid,stone1,250,8,250,0,1,1,1,125,125,0,-25,0,0,1,0,0;
spawnpoint,playerC,0,15,0,0,1,0,0;
spawnpoint,playerC,0,15,0,0,1,0,0;
custom,cuboid,default,1,10,12,0,1,1,1,1.0,1.0,40,45,35,0,1,0,0;
custom,cuboid,default,1,10,12,0,1,1,1,1.0,1.0,-40,45,35,0,1,0,0;
racing,startCuboid,8,10,1,0,45,95,0,1,0,0;
custom,cuboid,default,8,4,1,0,1,1,1,1.0,1.0,0,15,90,0,0,0,1;
custom,cuboid,default,8,2,1,0,1,1,1,1.0,1.0,0,85,90,0,0,0,1;
custom,cuboid,default,8,10,1,0,1,1,1,1.0,1.0,0,45,-25,0,1,0,0;
custom,cuboid,default,1,10,25,0,1,1,1,1.0,1.0,-40.05325,45,209.862,0,1,0,0;
custom,cuboid,default,1,10,33,0,1,1,1,1.0,1.0,40.10124,45,250.7925,0,0,0,-1;
custom,tube,default,25,15,25,0,1,1,1,1.0,1.0,-182.5108,38.32004,340.3735,0,0,0,1;
custom,arc180,default,30,20,30,0,1,1,1,1.0,1.0,-182.5108,42.8,467.4376,0,-0.7071068,0,-0.7071068;
custom,arc90,default,30,20,30,0,1,1,1,1.0,1.0,-326.623,33,174.9923,0,0,0,-1;
custom,cuboid,default,1,10,15,0,1,1,1,1.0,1.0,-113.1658,45,176.365,0,0.7714764,0,0.6362579;
custom,cuboid,stone1,15,1,15,0,1,1,1,7.5,7.5,-245.6643,16.13981,144.108,-0.1297249,0.9848095,0.01444222,-0.114513;
custom,cuboid,default,1,10,15,0,1,1,1,1.0,1.0,-74.15452,45,87.55042,0,-0.02280226,0,-0.99974;
custom,cuboid,stone1,12,5,20,0,1,1,1,6.0,10.0,-126.9983,15.22865,76.5345,0,0.1139239,0,0.9934895;
custom,cuboid,default,1,10,16,0,1,1,1,1.0,1.0,-156.6211,45,-190.8982,0,0.9173093,0,0.3981755;
custom,cuboid,default,1,10,16,0,1,1,1,1.0,1.0,-105.3922,45,-60.07032,0,0.9833894,0,-0.1815086;
custom,cuboid,default,1,10,16,0,1,1,1,1.0,1.0,-203.3643,45,-58.86574,0,0.997992,0,-0.06334082;
custom,cuboid,default,1,10,16,0,1,1,1,1.0,1.0,-62.65365,45,-158.8336,0,0.8307958,0,0.5565773;
custom,cuboid,default,1,10,16,0,1,1,1,1.0,1.0,-5.280259,45,-262.8534,0,0.9963815,0,-0.08499396;
custom,cuboid,default,1,10,25,0,1,1,1,1.0,1.0,-141.2823,45,-327.0859,0,0.6791181,0,-0.7340291;
custom,cuboid,default,1,10,16,0,1,1,1,1.0,1.0,-182.43,45,-228.4205,0,0.6521351,0,-0.7581028;
custom,cuboid,default,1,10,10,0,1,1,1,1.0,1.0,-309.3005,45,-306.4037,0,0.6208989,0,-0.7838907;
custom,cuboid,default,1,10,10,0,1,1,1,1.0,1.0,-263.0415,45,-169.4848,0,0.06590603,0,-0.9978259;
custom,cuboid,default,1,10,15,0,1,1,1,1.0,1.0,-338.4464,45,-117.8619,0,0.6352441,0,-0.7723114;
custom,cuboid,default,1,10,30,0,1,1,1,1.0,1.0,-433.3142,45,-248.8891,0,0.9959555,0,-0.08984827;
custom,cuboid,default,1,10,60,0,1,1,1,1.0,1.0,-93.46523,45,-458.9844,0,0.8426555,0,0.5384532;
custom,cuboid,default,1,10,15,0,1,1,1,1.0,1.0,-350.8221,45,-263.2822,0,0.08231241,0,0.9966066;
custom,cuboid,default,1,10,50,0,1,1,1,1.0,1.0,257.4642,45,-571.3358,0,0.04615604,0,-0.9989343;
custom,cuboid,default,1,10,25,0,1,1,1,1.0,1.0,160.7084,45,-460.0245,0,0.9986014,0,0.05287131;
custom,cuboid,default,1,10,90,0,1,1,1,1.0,1.0,-70.20963,45,-569.1304,0,0.8447793,0,0.5351149;
racing,killCuboid,15,5,60,202.9178,14,-460.0664,0,0.05296488,0,-0.9985964;
racing,killCuboid,15,5,100,-22.5021,14,-542.2158,0,0.8379132,0,0.5458035;
racing,killCuboid,35,5,60,-221.7393,14,-177.399,0,-0.5890033,0,0.8081307;
racing,killCylinder,1,5,1,-68.68249,45,-277.8285,0,0.2419505,0,-0.9702886;
racing,killCylinder,1,5,1,-251.0254,45,-254.5992,0,0.54467,0,-0.8386505;
racing,killCylinder,1,5,1,-335.3438,45,-166.0301,0,0.6461642,0,-0.7631984;
racing,killCylinder,1,5,1,-412.4665,45,-291.2646,0,0.9988515,0,-0.04791337;
racing,killCylinder,1,5,1,-386.1776,45,-302.8098,0,0.9988515,0,-0.04791337;
racing,killCuboid,1,10,90,-71.20963,45,-568.1304,0,0.8447793,0,0.5351149;
racing,killCuboid,1,10,58,-92.46523,45,-459.9844,0,0.8426555,0,0.5384532;
racing,killCuboid,15,1,100,-22.5021,94,-542.2158,0,0.8379132,0,0.5458035;
racing,killCuboid,1,10,10,144.6618,45,-574.2361,0,-0.05941472,0,0.9982334;
racing,killCuboid,1,10,10,42.91737,45,-614.5986,0,0.388192,0,0.9215785;
racing,killCuboid,1,10,10,-41.24291,45,-490.0436,0,0.02251777,0,0.9997465;
racing,killCylinder,1,5,1,-183.1438,45,-485.3152,0,0.8385767,0,0.5447835;
racing,killCylinder,1,5,1,-253.8829,45,-424.5505,0,0.8385767,0,0.5447835;
racing,killCylinder,1,5,1,-352.0083,45,-403.6633,0,0.7852088,0,0.6192312;
custom,cuboid,default,1,6,12,0,1,1,1,1.0,1.0,186.0341,4.18126,-332.14,0,0.7490012,0,-0.6625687;
custom,cuboid,default,1,3,3,0,1,1,1,1.0,1.0,165.5367,41,-334.7838,0,0.7490012,0,-0.6625687;
custom,cuboid,default,1,3,3,0,1,1,1,1.0,1.0,215.2081,41,-328.5736,0,0.7490012,0,-0.6625687;
custom,cuboid,default,1,4.6,12,0,1,1,1,1.0,1.0,187.3348,72.2239,-332.1191,0,0.7490012,0,-0.6625687;
custom,cuboid,default,1,10,15,0,1,1,1,1.0,1.0,247.7743,45,-251.6905,0,0.08862618,0,0.996065;
custom,cuboid,default,1,10,15,0,1,1,1,1.0,1.0,160.1291,45,-264.2747,0,0.1168366,0,0.9931512;
custom,cuboid,default,1,10,15,0,1,1,1,1.0,1.0,261.3463,45,-115.0771,0,1,0,0;
custom,cuboid,default,1,10,15,0,1,1,1,1.0,1.0,177.4148,45,-119.0401,0,1,0,0;
custom,cuboid,stone1,10,5,10,0,1,1,1,5,5,223.2721,16,-162.9209,0,1,0,0;
custom,cuboid,default,10,5,1,0,1,1,1,1.0,1.0,-294.7966,15.02146,-207.4099,0,1,0,0;
racing,checkpointCuboid,10,6,1,-291.8796,68.95982,-207.4099,0,1,0,0;
racing,checkpointCuboid,10,6,1,220.5018,65,-118.0943,0,1,0,0;
custom,cuboid,default,1,10,12,0,1,1,1,1.0,1.0,206.315,45,3.263661,0,0.2679031,0,0.9634459;
custom,cuboid,default,1,10,12,0,1,1,1,1.0,1.0,291.8057,45,60.32533,0,0.762234,0,-0.6473016;
custom,cuboid,default,1,10,25,0,1,1,1,1.0,1.0,474.8055,45,72.32521,0,0.7007181,0,0.7134383;
custom,cuboid,default,1,10,25,0,1,1,1,1.0,1.0,385.9308,45,-36.15699,0,0.6801977,0,0.7330288;
custom,cuboid,default,1,10,12,0,1,1,1,1.0,1.0,603.859,45,14.31989,0,0.9960521,0,0.08877017;
custom,cuboid,default,1,10,12,0,1,1,1,1.0,1.0,586.4273,45,-88.3846,0,0.9611858,0,-0.2759019;
custom,cuboid,default,1,10,12,0,1,1,1,1.0,1.0,526.9756,45,-101.9443,0,0.7183801,0,-0.6956509;
custom,cuboid,default,1,10,90,0,1,1,1,1.0,1.0,526.2859,45,-456.5897,0,0.984353,0,0.1762079;
custom,cuboid,default,1,10,50,0,1,1,1,1.0,1.0,688.7811,45,-224.6784,0,0.861207,0,0.5082545;
racing,killCuboid,1,100,40,562.467,193.1974,-229.2149,0,0.876113,0,0.4821058;
racing,killCuboid,1,80,30,518.5402,293.2783,-297.5959,0,0.876113,0,0.4821058;
custom,cuboid,default,1,10,40,0,1,1,1,1.0,1.0,720.5945,45.29485,-530.9713,0,0.9998312,0,-0.01837234;
custom,cuboid,default,1,10,70,0,1,1,1,1.0,1.0,807.1141,44.96173,-643.9317,0,0.9998635,0,-0.01652301;
custom,cuboid,default,1,10,15,0,1,1,1,1.0,1.0,737.4805,45.04538,-874.7043,0,0.7199981,0,-0.6939761;
custom,arc180,default,15,15,15,0,1,1,1,1.0,1.0,526.1306,134.8759,-253.0016,0.6756219,-0.1846274,-0.2050233,-0.6836762;
custom,arc180,default,15,15,15,0,1,1,1,1.0,1.0,519.2595,405.4392,-247.6831,0.675622,-0.1846274,-0.2050233,-0.6836762;
custom,arc180,default,15,15,15,0,1,1,1,1.0,1.0,600.9677,539.3588,-301.0948,-0.1977097,0.6797341,-0.677796,-0.1986582;
custom,arc180,default,15,15,15,0,1,1,1,1.0,1.0,600.9677,268.7573,-301.0948,-0.1977097,0.6797341,-0.677796,-0.1986582;
custom,arc90,default,15,15,15,0,1,1,1,100,100,478.2396,612.873,-235.2849,0.6824219,0.202167,-0.1991258,0.6736304;
racing,killCuboid,8,3.5,3.5,550.0836,139.3778,-272.537,-0.3373032,-0.6237421,0.6172447,-0.3408539;
racing,killCuboid,8,4,4,571.9016,269.0887,-283.9355,0.01532268,-0.4857535,0.006919038,0.8739341;
racing,killCuboid,8,4,4,429.7242,546.5126,-193.7345,0,0.8754392,0,0.4833283;
racing,killCuboid,8,3.5,3.5,565.6741,537.9464,-280.3839,0,0.4837095,0,-0.8752286;
racing,killCuboid,8,4,4,551.7132,406.5108,-270.4879,0,0.8779579,0,0.4787379;
custom,arc90,default,15,15,15,0,1,1,1,100,100,478.2396,612.873,-235.2849,0.6824219,0.202167,-0.1991258,0.6736304;
custom,cuboid,default,1,10,15,0,1,1,1,1,1,334.8356,475,-185.3608,0,0.8744001,0,0.4852056;
custom,cuboid,default,1,10,10,0,1,1,1,1.0,1.0,393.0248,475,-80.90198,0,1,0,0;
custom,cuboid,default,1,10,15,0,1,1,1,1.0,1.0,317.6354,475,-106.0185,0,1,0,0;
custom,cuboid,default,1,1,10,0,1,1,1,1.0,1.0,356.1836,474,-36.47509,0,0.7071068,0,0.7071068;
racing,checkpointCuboid,10,10,1,356,475,-36,0,1,0,0;
custom,cylinder,default,1,37.5,1,0,1,1,1,1.0,1.0,311,520,334,0.7071068,0,0,0.7071068;
custom,cylinder,default,1,37.5,1,0,1,1,1,1.0,1.0,401,520,334,0.7071068,0,0,0.7071068;
custom,cylinder,default,1,37.5,1,0,1,1,1,1.0,1.0,311,430,334,0.7071068,0,0,0.7071068;
custom,cylinder,default,1,37.5,1,0,1,1,1,1.0,1.0,401,430,334,0.7071068,0,0,0.7071068;
racing,killCuboid,11,2,74,356,520,339,0,0,0,1;
racing,killCuboid,2,11,74,401,475,339,0,0,0,1;
racing,killCuboid,11,2,74,356,430,339,0,0,0,1;
racing,killCuboid,2,11,74,311,475,339,0,0,0,1;
racing,killArc180,10,25,10,355.3056,518.8896,848.4621,0.5,0.5,-0.5,0.5;
racing,killArc90,10,25,10,373.0026,568.1866,752.8428,0.5,-0.5,0.5,0.5;
custom,cylinder,default,2,11,2,0,1,1,1,1.0,1.0,356,520,798,-0.5,0.5,-0.5,-0.5;
racing,killCylinder,3,11,3,356,520,798,-0.5,0.5,-0.5,-0.5;
custom,cuboid,default,12,1,12,0,1,1,1,1.0,1.0,346.5618,423,-90.35766,0,0.7092524,0,0.7049547;
custom,cuboid,default,15,1,15,0,1,1,1,1.0,1.0,396.9141,423,-172.112,0,0.8701179,0,0.4928437;
misc,barrier,15,3,15,351.4849,533.6578,-143.8783,0,0.2822581,0,0.9593385;
misc,barrier,12,3,12,355.2142,533.6578,-89.45537,0,0.7066844,0,0.707529;
racing,killCuboid,1,63,20,311,310.3998,798,0,1,0,0;
racing,killCuboid,1,63,20,401,311.1996,798,0,1,0,0;
racing,killCuboid,12,35,1,356,254.6789,702.6514,0,1,0,0;
racing,killCuboid,12,50,1,360.7969,193.1981,802.2983,0,1,0,0;
custom,cuboid,default,10,1,1,0,1,1,1,1.0,1.0,355.9669,89.85346,702.4187,0,0.002236992,0,-0.9999975;
custom,cuboid,default,1,10,25,0,1,1,1,1.0,1.0,316.1727,45,575.1561,0,0.01987461,0,-0.9998025;
custom,cuboid,default,1,10,20,0,1,1,1,1.0,1.0,385.8116,45,604.9358,0,-0.07951825,0,-0.9968334;
custom,cuboid,default,1,10,45,0,1,1,1,1.0,1.0,448.6694,45,718.7976,0,0.1781022,0,0.984012;
custom,cuboid,default,1,10,15,0,1,1,1,1.0,1.0,392.3465,45,451.9504,0,0.6901595,0,-0.7236574;
custom,cuboid,default,1,10,55,0,1,1,1,1.0,1.0,514.1718,45,685.3998,0,0.2203905,0,0.9754118;
racing,checkpointCuboid,12,10,1,545.2369,45,847.4861,0,1,0,0;
custom,arc90,default,12,20,12,0,1,1,1,1.0,1.0,578.8509,33.02908,967.9117,0,0.9969914,0,0.07751217;
custom,cuboid,default,130,10,1,0,1,1,1,1.0,1.0,-120,45,926,0,1,0,0;
custom,cuboid,default,120,10,1,0,1,1,1,1.0,1.0,-80,45,1002,0,1,0,0;
racing,killTube,1.39,4.95,1.39,20,50,964,-0.5,0.5,-0.5,-0.5;
custom,tube,default,1.4,5,1.4,0,1,1,1,1.0,1.0,20,50,964,-0.5,0.5,-0.5,-0.5;
custom,tube,default,1.8,5,1.8,0,1,1,1,1.0,1.0,20,50,964,-0.5,0.5,-0.5,-0.5;
custom,tube,default,2.5,5,2.5,0,1,1,1,1.0,1.0,20,50,964,-0.5,0.5,-0.5,-0.5;
custom,tube,default,3.5,5,3.5,0,1,1,1,1.0,1.0,20,50,964,-0.5,0.5,-0.5,-0.5;
custom,tube,default,4.8,5,4.8,0,1,1,1,1.0,1.0,20,50,964,-0.5,0.5,-0.5,-0.5;
custom,tube,default,6,5,6,0,1,1,1,1.0,1.0,20,50,964,-0.5,0.5,-0.5,-0.5;
custom,tube,default,8,5,8,0,1,1,1,1.0,1.0,20,50,964,-0.5,0.5,-0.5,-0.5;
custom,tube,default,10,5,10,0,1,1,1,1.0,1.0,20,50,964,-0.5,0.5,-0.5,-0.5;
racing,killTube,1.39,9.95,1.39,-666,50,970,0.5149519,0.4845871,0.4845871,-0.5149519;
custom,tube,default,1.4,10,1.4,0,1,1,1,1.0,1.0,-666,50,970,0.5149519,0.4845871,0.4845871,-0.5149519;
custom,tube,default,1.8,10,1.8,0,1,1,1,1.0,1.0,-666,50,970,0.5149519,0.4845871,0.4845871,-0.5149519;
custom,tube,default,2.4,10,2.4,0,1,1,1,1.0,1.0,-666,50,970,0.5149519,0.4845871,0.4845871,-0.5149519;
custom,tube,default,3.2,10,3.2,0,1,1,1,1.0,1.0,-666,50,970,0.5149519,0.4845871,0.4845871,-0.5149519;
custom,tube,default,4.4,10,4.4,0,1,1,1,1.0,1.0,-666,50,970,0.5149519,0.4845871,0.4845871,-0.5149519;
custom,tube,default,6,10,6,0,1,1,1,1.0,1.0,-666,50,970,0.5149519,0.4845871,0.4845871,-0.5149519;
custom,tube,default,8.2,10,8.2,0,1,1,1,1.0,1.0,-666,50,970,0.5149519,0.4845871,0.4845871,-0.5149519;
custom,tube,default,10,10,10,0,1,1,1,1.0,1.0,-666,50,970,0.5149519,0.4845871,0.4845871,-0.5149519;
custom,tube,default,13,10,13,0,1,1,1,1.0,1.0,-666,50,970,0.5149519,0.4845871,0.4845871,-0.5149519;
custom,cylinder,default,1,5,1,0,1,1,1,1.0,1.0,-384.4583,45,980.9805,0,0.6869713,0,-0.7266846;
custom,cylinder,default,1,5,1,0,1,1,1,1.0,1.0,-175.6625,46.40001,950.1836,0,0.7134504,0,-0.7007058;
custom,cuboid,default,1,10,18,0,1,1,1,1.0,1.0,-823.9723,45,987.6863,0,0.9368587,0,0.3497082;
custom,cuboid,default,1,10,25,0,1,1,1,1.0,1.0,-881.8066,45,933.8074,0,1,0,0.0001693527;
custom,cuboid,default,1,10,25,0,1,1,1,1.0,1.0,-955.9738,45,930.8581,0,0.9999897,0,0.004542649;
custom,cuboid,default,1,10,25,0,1,1,1,1.0,1.0,-775.7115,45,1081.023,0,0.4550388,0,-0.8904716;
custom,arc90,default,13,20,13,0,1,1,1,1.0,1.0,-912.7171,37.47762,1106.595,0,0.6994123,0,0.7147185;
custom,cuboid,default,10,25,1,0,1,1,1,1.0,1.0,-1000.275,134.7963,810.4213,0,1,0,0;
custom,cuboid,default,10,25,1,0,1,1,1,1.0,1.0,-836.401,135.0311,810.0751,0,1,0,0;
custom,cuboid,default,10,15,1,0,1,1,1,1.0,1.0,-911.4084,164.6982,810.5079,0,1,0,0;
racing,killTube,20,200,20,-921,121,132,0,0.7071068,-0.7071068,0;
custom,cylinder,default,1,80,1,0,1,1,1,1.0,1.0,-921,121,132,0,0.7071068,-0.7071068,0;
custom,cuboid,default,3,20,1.1,0,1,1,1,1.0,1.0,-921,121,580,0,1,0,0;
custom,cuboid,default,3,20,1.1,0,1,1,1,1.0,1.0,-921,121,570,0.104528463267653,0.994521895368273,0,0;
custom,cuboid,default,3,20,1.1,0,1,1,1,1.0,1.0,-921,121,560,0.207911690817759,0.978147600733806,0,0;
custom,cuboid,default,3,20,1.1,0,1,1,1,1.0,1.0,-921,121,550,0.309016994374947,0.951056516295154,0,0;
custom,cuboid,default,3,20,1.1,0,1,1,1,1.0,1.0,-921,121,540,0.4067366430758,0.913545457642601,0,0;
custom,cuboid,default,3,20,1.1,0,1,1,1,1.0,1.0,-921,121,530,0.5,0.866025403784439,0,0;
custom,cuboid,default,3,20,1.1,0,1,1,1,1.0,1.0,-921,121,520,0.587785252292473,0.809016994374947,0,0;
custom,cuboid,default,3,20,1.1,0,1,1,1,1.0,1.0,-921,121,510,0.669130606358858,0.743144825477394,0,0;
custom,cuboid,default,3,20,1.1,0,1,1,1,1.0,1.0,-921,121,500,0.743144825477394,0.669130606358858,0,0;
custom,cuboid,default,3,20,1.1,0,1,1,1,1.0,1.0,-921,121,490,0.809016994374947,0.587785252292473,0,0;
custom,cuboid,default,3,20,1.1,0,1,1,1,1.0,1.0,-921,121,480,0.866025403784439,0.5,0,0;
custom,cuboid,default,3,20,1.1,0,1,1,1,1.0,1.0,-921,121,470,0.913545457642601,0.4067366430758,0,0;
custom,cuboid,default,3,20,1.1,0,1,1,1,1.0,1.0,-921,121,460,0.951056516295154,0.309016994374947,0,0;
custom,cuboid,default,3,20,1.1,0,1,1,1,1.0,1.0,-921,121,450,0.978147600733806,0.207911690817759,0,0;
custom,cuboid,default,3,20,1.1,0,1,1,1,1.0,1.0,-921,121,440,0.994521895368273,0.104528463267653,0,0;
custom,cuboid,default,3,20,1.1,0,1,1,1,1.0,1.0,-921,121,430,1,-2.71050543121376E-20,0,0;
custom,cuboid,default,3,20,1.1,0,1,1,1,1.0,1.0,-921,121,420,0.994521895368273,-0.104528463267653,0,0;
custom,cuboid,default,3,20,1.1,0,1,1,1,1.0,1.0,-921,121,410,0.978147600733806,-0.207911690817759,0,0;
custom,cuboid,default,3,20,1.1,0,1,1,1,1.0,1.0,-921,121,400,0.951056516295154,-0.309016994374947,0,0;
custom,cuboid,default,3,20,1.1,0,1,1,1,1.0,1.0,-921,121,390,0.913545457642601,-0.4067366430758,0,0;
custom,cuboid,default,3,20,1.1,0,1,1,1,1.0,1.0,-921,121,380,0.866025403784439,-0.5,0,0;
custom,cuboid,default,3,20,1.1,0,1,1,1,1.0,1.0,-921,121,370,0.809016994374947,-0.587785252292473,0,0;
custom,cuboid,default,3,20,1.1,0,1,1,1,1.0,1.0,-921,121,360,0.743144825477394,-0.669130606358858,0,0;
custom,cuboid,default,3,20,1.1,0,1,1,1,1.0,1.0,-921,121,350,0.669130606358858,-0.743144825477394,0,0;
custom,cuboid,default,3,20,1.1,0,1,1,1,1.0,1.0,-921,121,340,0.587785252292473,-0.809016994374947,0,0;
custom,cuboid,default,3,20,1.1,0,1,1,1,1.0,1.0,-921,121,330,0.5,-0.866025403784439,0,0;
custom,cuboid,default,3,20,1.1,0,1,1,1,1.0,1.0,-921,121,320,0.4067366430758,-0.913545457642601,0,0;
custom,cuboid,default,3,20,1.1,0,1,1,1,1.0,1.0,-921,121,310,0.309016994374947,-0.951056516295154,0,0;
custom,cuboid,default,3,20,1.1,0,1,1,1,1.0,1.0,-921,121,300,0.207911690817759,-0.978147600733806,0,0;
custom,cuboid,default,3,20,1.1,0,1,1,1,1.0,1.0,-921,121,290,0.104528463267653,-0.994521895368273,0,0;
custom,cuboid,default,3,20,1.1,0,1,1,1,1.0,1.0,-921,121,280,-5.42101086242752E-20,-1,0,0;
custom,cuboid,default,3,20,1.1,0,1,1,1,1.0,1.0,-921,121,270,-0.104528463267653,-0.994521895368273,0,0;
custom,cuboid,default,3,20,1.1,0,1,1,1,1.0,1.0,-921,121,260,-0.207911690817759,-0.978147600733806,0,0;
custom,cuboid,default,3,20,1.1,0,1,1,1,1.0,1.0,-921,121,250,-0.309016994374947,-0.951056516295154,0,0;
custom,cuboid,default,3,20,1.1,0,1,1,1,1.0,1.0,-921,121,240,-0.4067366430758,-0.913545457642601,0,0;
custom,cuboid,default,3,20,1.1,0,1,1,1,1.0,1.0,-921,121,230,-0.5,-0.866025403784439,0,0;
custom,cuboid,default,3,20,1.1,0,1,1,1,1.0,1.0,-921,121,220,-0.587785252292473,-0.809016994374947,0,0;
custom,cuboid,default,3,20,1.1,0,1,1,1,1.0,1.0,-921,121,210,-0.669130606358858,-0.743144825477394,0,0;
custom,cuboid,default,3,20,1.1,0,1,1,1,1.0,1.0,-921,121,200,-0.743144825477394,-0.669130606358858,0,0;
custom,cuboid,default,3,20,1.1,0,1,1,1,1.0,1.0,-921,121,190,-0.809016994374947,-0.587785252292473,0,0;
custom,cuboid,default,3,20,1.1,0,1,1,1,1.0,1.0,-921,121,180,-0.866025403784439,-0.5,0,0;
custom,cuboid,default,3,20,1.1,0,1,1,1,1.0,1.0,-921,121,170,-0.913545457642601,-0.4067366430758,0,0;
custom,cuboid,default,3,20,1.1,0,1,1,1,1.0,1.0,-921,121,160,-0.951056516295154,-0.309016994374947,0,0;
custom,cuboid,default,3,20,1.1,0,1,1,1,1.0,1.0,-921,121,150,-0.978147600733806,-0.207911690817759,0,0;
custom,cuboid,default,3,20,1.1,0,1,1,1,1.0,1.0,-921,121,140,-0.994521895368273,-0.104528463267653,0,0;
custom,cuboid,default,3,20,1.1,0,1,1,1,1.0,1.0,-921,121,130,-1,1.89735380184963E-19,0,0;
custom,cuboid,default,3,20,1.1,0,1,1,1,1.0,1.0,-921,121,120,-0.994521895368273,0.104528463267653,0,0;
custom,cuboid,default,3,20,1.1,0,1,1,1,1.0,1.0,-921,121,110,-0.978147600733806,0.207911690817759,0,0;
custom,cuboid,default,3,20,1.1,0,1,1,1,1.0,1.0,-921,121,100,-0.951056516295154,0.309016994374947,0,0;
custom,cuboid,default,3,20,1.1,0,1,1,1,1.0,1.0,-921,121,90,-0.913545457642601,0.4067366430758,0,0;
custom,cuboid,default,3,20,1.1,0,1,1,1,1.0,1.0,-921,121,80,-0.866025403784439,0.5,0,0;
custom,cuboid,default,3,20,1.1,0,1,1,1,1.0,1.0,-921,121,70,-0.809016994374947,0.587785252292473,0,0;
custom,cuboid,default,3,20,1.1,0,1,1,1,1.0,1.0,-921,121,60,-0.743144825477394,0.669130606358858,0,0;
custom,cuboid,default,3,20,1.1,0,1,1,1,1.0,1.0,-921,121,50,-0.669130606358858,0.743144825477394,0,0;
custom,cuboid,default,3,20,1.1,0,1,1,1,1.0,1.0,-921,121,40,-0.587785252292473,0.809016994374947,0,0;
custom,cuboid,default,3,20,1.1,0,1,1,1,1.0,1.0,-921,121,30,-0.5,0.866025403784439,0,0;
custom,cuboid,default,3,20,1.1,0,1,1,1,1.0,1.0,-921,121,20,-0.4067366430758,0.913545457642601,0,0;
custom,cuboid,default,3,20,1.1,0,1,1,1,1.0,1.0,-921,121,10,-0.309016994374947,0.951056516295154,0,0;
custom,cuboid,default,3,20,1.1,0,1,1,1,1.0,1.0,-921,121,0,-0.207911690817759,0.978147600733806,0,0;
custom,cuboid,default,3,20,1.1,0,1,1,1,1.0,1.0,-921,121,-10,-0.104528463267653,0.994521895368273,0,0;
custom,cuboid,default,3,20,1.1,0,1,1,1,1.0,1.0,-921,121,-20,1.0842021724855E-19,1,0,0;
custom,cuboid,default,3,20,1.1,0,1,1,1,1.0,1.0,-921,121,-30,0.994521895368273,0.104528463267653,0,0;
custom,cuboid,default,3,20,1.1,0,1,1,1,1.0,1.0,-921,121,-40,0.978147600733806,0.207911690817759,0,0;
custom,cuboid,default,3,20,1.1,0,1,1,1,1.0,1.0,-921,121,-50,0.951056516295154,0.309016994374947,0,0;
custom,cuboid,default,3,20,1.1,0,1,1,1,1.0,1.0,-921,121,-60,0.913545457642601,0.4067366430758,0,0;
custom,cuboid,default,3,20,1.1,0,1,1,1,1.0,1.0,-921,121,-70,0.866025403784439,0.5,0,0;
custom,cuboid,default,3,20,1.1,0,1,1,1,1.0,1.0,-921,121,-80,0.809016994374947,0.587785252292473,0,0;
custom,cuboid,default,3,20,1.1,0,1,1,1,1.0,1.0,-921,121,-90,0.743144825477394,0.669130606358858,0,0;
custom,cuboid,default,3,20,1.1,0,1,1,1,1.0,1.0,-921,121,-100,0.669130606358858,0.743144825477394,0,0;
custom,cuboid,default,3,20,1.1,0,1,1,1,1.0,1.0,-921,121,-110,0.587785252292473,0.809016994374947,0,0;
custom,cuboid,default,3,20,1.1,0,1,1,1,1.0,1.0,-921,121,-120,0.5,0.866025403784439,0,0;
custom,cuboid,default,3,20,1.1,0,1,1,1,1.0,1.0,-921,121,-130,0.4067366430758,0.913545457642601,0,0;
custom,cuboid,default,3,20,1.1,0,1,1,1,1.0,1.0,-921,121,-140,0.309016994374947,0.951056516295154,0,0;
custom,cuboid,default,3,20,1.1,0,1,1,1,1.0,1.0,-921,121,-150,0.207911690817759,0.978147600733806,0,0;
custom,cuboid,default,3,20,1.1,0,1,1,1,1.0,1.0,-921,121,-160,0.104528463267653,0.994521895368273,0,0;
custom,cuboid,default,3,20,1.1,0,1,1,1,1.0,1.0,-921,121,-170,-2.71050543121376E-20,1,0,0;
custom,cuboid,default,3,20,1.1,0,1,1,1,1.0,1.0,-921,121,-180,-0.104528463267653,0.994521895368273,0,0;
custom,cuboid,default,3,20,1.1,0,1,1,1,1.0,1.0,-921,121,-190,-0.207911690817759,0.978147600733806,0,0;
custom,cuboid,default,3,20,1.1,0,1,1,1,1.0,1.0,-921,121,-200,-0.309016994374947,0.951056516295154,0,0;
custom,cuboid,default,3,20,1.1,0,1,1,1,1.0,1.0,-921,121,-210,-0.4067366430758,0.913545457642601,0,0;
custom,cuboid,default,3,20,1.1,0,1,1,1,1.0,1.0,-921,121,-220,-0.5,0.866025403784439,0,0;
custom,cuboid,default,3,20,1.1,0,1,1,1,1.0,1.0,-921,121,-230,-0.587785252292473,0.809016994374947,0,0;
custom,cuboid,default,3,20,1.1,0,1,1,1,1.0,1.0,-921,121,-240,-0.669130606358858,0.743144825477394,0,0;
custom,cuboid,default,3,20,1.1,0,1,1,1,1.0,1.0,-921,121,-250,-0.743144825477394,0.669130606358858,0,0;
custom,cuboid,default,3,20,1.1,0,1,1,1,1.0,1.0,-921,121,-260,-0.809016994374947,0.587785252292473,0,0;
custom,cuboid,default,3,20,1.1,0,1,1,1,1.0,1.0,-921,121,-270,-0.866025403784439,0.5,0,0;
custom,cuboid,default,3,20,1.1,0,1,1,1,1.0,1.0,-921,121,-280,-0.913545457642601,0.4067366430758,0,0;
custom,cuboid,default,3,20,1.1,0,1,1,1,1.0,1.0,-921,121,-290,-0.951056516295154,0.309016994374947,0,0;
custom,cuboid,default,3,20,1.1,0,1,1,1,1.0,1.0,-921,121,-300,-0.978147600733806,0.207911690817759,0,0;
custom,cuboid,default,3,20,1.1,0,1,1,1,1.0,1.0,-921,121,-310,-0.994521895368273,0.104528463267653,0,0;
custom,cuboid,default,3,20,1.1,0,1,1,1,1.0,1.0,-921,121,-320,-1,-3.79470760369927E-19,0,0;
custom,cuboid,default,3,20,1.1,0,1,1,1,1.0,1.0,-921,121,-330,-0.994521895368273,-0.104528463267653,0,0;
custom,cuboid,default,3,20,1.1,0,1,1,1,1.0,1.0,-921,121,-340,-0.978147600733806,-0.207911690817759,0,0;
custom,cuboid,default,3,20,1.1,0,1,1,1,1.0,1.0,-921,121,-350,-0.951056516295154,-0.309016994374947,0,0;
custom,cuboid,default,3,20,1.1,0,1,1,1,1.0,1.0,-921,121,-360,-0.913545457642601,-0.4067366430758,0,0;
custom,cuboid,default,3,20,1.1,0,1,1,1,1.0,1.0,-921,121,-370,-0.866025403784439,-0.5,0,0;
custom,cuboid,default,3,20,1.1,0,1,1,1,1.0,1.0,-921,121,-380,-0.809016994374947,-0.587785252292473,0,0;
custom,cuboid,default,3,20,1.1,0,1,1,1,1.0,1.0,-921,121,-390,-0.743144825477394,-0.669130606358858,0,0;
custom,cuboid,default,3,20,1.1,0,1,1,1,1.0,1.0,-921,121,-400,-0.669130606358858,-0.743144825477394,0,0;
custom,cuboid,default,3,20,1.1,0,1,1,1,1.0,1.0,-921,121,-410,-0.587785252292473,-0.809016994374947,0,0;
custom,cuboid,default,3,20,1.1,0,1,1,1,1.0,1.0,-921,121,-420,-0.5,-0.866025403784439,0,0;
custom,cuboid,default,3,20,1.1,0,1,1,1,1.0,1.0,-921,121,-430,-0.4067366430758,-0.913545457642601,0,0;
custom,cuboid,default,3,20,1.1,0,1,1,1,1.0,1.0,-921,121,-440,-0.309016994374947,-0.951056516295154,0,0;
custom,cuboid,default,3,20,1.1,0,1,1,1,1.0,1.0,-921,121,-450,-0.207911690817759,-0.978147600733806,0,0;
custom,cuboid,default,3,20,1.1,0,1,1,1,1.0,1.0,-921,121,-460,-0.104528463267653,-0.994521895368273,0,0;
custom,cuboid,default,3,20,1.1,0,1,1,1,1.0,1.0,-921,121,-470,-1.35525271560688E-19,-1,0,0;
custom,cuboid,default,3,20,1.1,0,1,1,1,1.0,1.0,-921,121,-480,0.104528463267653,-0.994521895368273,0,0;
custom,cuboid,default,3,20,1.1,0,1,1,1,1.0,1.0,-921,121,-490,0.207911690817759,-0.978147600733806,0,0;
custom,cuboid,default,3,20,1.1,0,1,1,1,1.0,1.0,-921,121,-500,0.309016994374947,-0.951056516295154,0,0;
custom,cuboid,default,3,20,1.1,0,1,1,1,1.0,1.0,-921,121,-510,0.4067366430758,-0.913545457642601,0,0;
custom,cuboid,default,3,20,1.1,0,1,1,1,1.0,1.0,-921,121,-520,0.5,-0.866025403784439,0,0;
//custom,cuboid,default,3,20,1.1,0,1,1,1,1.0,1.0,-921,121,-530,0.587785252292473,-0.809016994374947,0,0;
custom,cuboid,default,3,20,1.1,0,1,1,1,1.0,1.0,-921,121,-540,0.669130606358858,-0.743144825477394,0,0;
custom,cuboid,default,3,20,1.1,0,1,1,1,1.0,1.0,-921,121,-550,0.743144825477394,-0.669130606358858,0,0;
custom,cuboid,default,3,20,1.1,0,1,1,1,1.0,1.0,-921,121,-560,0.809016994374947,-0.587785252292473,0,0;
custom,cuboid,default,3,20,1.1,0,1,1,1,1.0,1.0,-921,121,-570,0.866025403784439,-0.5,0,0;
custom,cuboid,default,3,20,1.1,0,1,1,1,1.0,1.0,-921,121,-580,0.913545457642601,-0.4067366430758,0,0;
custom,cuboid,default,3,20,1.1,0,1,1,1,1.0,1.0,-921,121,-590,0.951056516295154,-0.309016994374947,0,0;
custom,cuboid,default,3,20,1.1,0,1,1,1,1.0,1.0,-921,121,-600,0.978147600733806,-0.207911690817759,0,0;
custom,cuboid,default,3,20,1.1,0,1,1,1,1.0,1.0,-921,121,-610,0.994521895368273,-0.104528463267653,0,0;
custom,cuboid,default,3,20,1.1,0,1,1,1,1.0,1.0,-921,121,-620,1,2.16840434497101E-19,0,0;
racing,endCuboid,25,25,1,-921,121,-624,0,0,0,1;
racing,killCuboid,10,2,2,776.9139,22.68185,-431.1522,0,0.9998286,0,0.01851167;
racing,killCuboid,10,2,2,764.8233,81.86085,-617.3945,0,0.999917,0,-0.01288299;
racing,killCuboid,10,2,2,774.1707,48.6027,-529.5577,0,0.99998,0,-0.006331803;
custom,cuboid,default,10,10,1,0,1,1,1,1.0,1.0,760.2084,13.60968,-731.0414,0,0.04750333,0,0.9988711;
custom,cuboid,default,10,6,1,0,1,1,1,1.0,1.0,666.3643,65.06956,-734.3737,0,0.1137779,0,-0.9935062;
custom,cylinder,default,1,5,1,0,1,1,1,1.0,1.0,727.0952,42.35776,-799.2859,0,0.999905,0,0.01378524;
racing,killSphere,1,1,1,358.984,155.4734,740.7947,0,0.9997148,0,0.02388306;
racing,killCuboid,15,1,1,356,475,618,-0.3826834,0.9238795,0,0;
racing,killCuboid,15,1,1,356,475,618,0.9238795,-0.3826834,0,0;
racing,killCuboid,1,15,1,356,475,215,0,0,0,1;
racing,killCuboid,15,1,1,356,475,215,0,0,0,1;
custom,cylinder,default,1,5,1,1,1,1,0,1.0,1.0,-192.4416,45,74.49779,0,0.9832608,0,0.1822042;
custom,cylinder,default,1,5,1,1,1,1,0,1.0,1.0,-134.4306,45,-131.0356,0,0.8968806,0,0.4422728;
custom,cylinder,default,1.2,5,1.2,1,1,1,0,1.0,1.0,-100.4977,45,-243.3528,0,0.5391338,0,-0.8422201;
custom,cylinder,default,1,5,1,1,1,1,0,1.0,1.0,-260.1768,45,-220.4454,0,0.5391338,0,-0.8422201;
custom,cylinder,default,1.1,5,1.1,1,1,1,0,1.0,1.0,-338.7996,45,-190.7808,0,0.9977177,0,-0.06752396;
custom,cylinder,default,1,5,1,1,1,1,0,1.0,1.0,-363.9013,45,-334.7241,0,0.4942572,0,0.8693157;
custom,cylinder,default,1.2,5,1.2,1,1,1,0,1.0,1.0,176.2306,45,-583.6978,0,0.3543764,0,-0.9351029;
custom,cylinder,default,1,5,1,1,1,1,0,1.0,1.0,259.5741,45,-43.51963,0,0.8859283,0,0.4638222;
custom,cylinder,default,1.2,5,1.2,1,1,1,0,1.0,1.0,508.0725,45,-27.04984,0,0.7254882,0,-0.6882347;
custom,cylinder,default,1.2,5,1.2,1,1,1,0,1.0,1.0,469.6524,45,-104.144,0,0.767334,0,0.6412477;
custom,cylinder,default,1.2,5,1.2,1,1,1,0,1.0,1.0,727.8367,45,-333.9503,0,0.9952022,0,-0.09783904;
custom,cylinder,default,1.2,5,1.2,1,1,1,0,1.0,1.0,393.4364,475,-128.4451,0,0.07219742,0,-0.9973904;
custom,cylinder,default,1.2,5,1.2,1,1,1,0,1.0,1.0,370.431,45,509.2832,0,0.05635688,0,0.9984107;
custom,cylinder,default,1.2,5,1.2,1,1,1,0,1.0,1.0,526.5901,45,926.4128,0,0.8694529,0,-0.4940159;
custom,cylinder,default,1.2,5,1.2,1,1,1,0,1.0,1.0,-881.8517,45,1056.063,0,0.9737925,0,0.2274384;
custom,cylinder,default,1,5,1,1,1,0.5,0,1.0,1.0,-36.30814,45,-20.72209,0,0.9998794,0,0.01553397;
custom,cylinder,default,1,5,1,1,1,0.5,0,1.0,1.0,35.54967,45,-20.30573,0,0.9287088,0,0.3708099;
custom,cylinder,default,2,5,2,1,1,0.5,0,1.0,1.0,-40.23538,45,89.92002,0,0.2675373,0,-0.9635475;
custom,cylinder,default,2,5,2,1,1,0.5,0,1.0,1.0,39.31136,45,89.94578,0,0.691253,0,0.7226128;
custom,cylinder,default,1,5,1,1,1,0.5,0,1.0,1.0,34.13661,45,409.0524,0,0.3396011,0,0.9405696;
custom,cylinder,default,1,5,1,1,1,0.5,0,1.0,1.0,-36.31502,45,334.4772,0,0.9101285,0,-0.4143261;
custom,cylinder,default,1,5,1,1,1,0.5,0,1.0,1.0,-74.79768,45,162.8021,0,0.5183157,0,0.8551894;
custom,cylinder,default,1,5,1,1,1,0.5,0,1.0,1.0,-79.07658,45,14.01347,0,0.6695505,0,-0.7427666;
custom,cylinder,default,1,5,1,1,1,0.5,0,1.0,1.0,-192.7706,45.04,19.61899,0,0.7197583,0,-0.6942248;
custom,cylinder,default,1,5,1,1,1,0.5,0,1.0,1.0,-210.4095,45.0373,-137.9648,0,0.8961841,0,-0.4436825;
custom,cylinder,default,1,5,1,1,1,0.5,0,1.0,1.0,2.063874,45,-190.7553,0,0.5978193,0,0.8016309;
custom,cylinder,default,1,5,1,1,1,0.5,0,1.0,1.0,-22.31749,45,-330.7098,0,0.9646182,0,0.2636507;
custom,cylinder,default,1,5,1,1,1,0.5,0,1.0,1.0,-349.644,45,-291.2674,0,0.9478379,0,-0.3187528;
custom,cylinder,default,1,5,1,1,1,0.5,0,1.0,1.0,-273.3797,45,-136.6634,0,0.3270046,0,0.9450228;
custom,cylinder,default,1,5,1,1,1,0.5,0,1.0,1.0,-402.0902,45,-111.7726,0,0.3344411,0,-0.9424167;
custom,cylinder,default,1,5,1,1,1,0.5,0,1.0,1.0,-452.3654,45,-382.5586,0,0.8437552,0,-0.5367283;
custom,cylinder,default,1,5,1,1,1,0.5,0,1.0,1.0,265.2906,45,-720.7751,0,0.9835255,0,0.1807694;
custom,cylinder,default,2,5,2,1,1,0.5,0,1.0,1.0,149.6812,45,-337.9108,0,0.3427165,0,-0.9394389;
custom,cylinder,default,2,5,2,1,1,0.5,0,1.0,1.0,234.2036,45,-327.0798,0,0.03632521,0,0.9993401;
custom,cylinder,default,1,5,1,1,1,0.5,0,1.0,1.0,180.856,45,-46.28215,0,0.01608556,0,-0.9998707;
custom,cylinder,default,1,5,1,1,1,0.5,0,1.0,1.0,237.5916,45,47.97165,0,0.1830443,0,-0.9831047;
custom,cylinder,default,1,5,1,1,1,0.5,0,1.0,1.0,587.9693,45,68.25665,0,0.4317328,0,0.9020016;
custom,cylinder,default,1,5,1,1,1,0.5,0,1.0,1.0,610.0078,45,-43.24331,0,0.661615,0,-0.7498438;
custom,cylinder,default,1,5,1,1,1,0.5,0,1.0,1.0,576.1999,45,-95.99149,0,0.2785527,0,-0.960421;
custom,cylinder,default,1,5,1,1,1,0.5,0,1.0,1.0,380.2665,45,-43.29244,0,0.4683157,0,-0.8835613;
custom,cylinder,default,1,5,1,1,1,0.5,0,1.0,1.0,813.4188,45,-299.1112,0,0.5674734,0,0.8233917;
custom,cylinder,default,1,5,1,1,1,0.5,0,1.0,1.0,686.1626,45,-870.2165,0,0.9817968,0,-0.1899343;
custom,cylinder,default,1.2,5,1.2,1,1,0.5,0,1.0,1.0,713.5876,45.65975,-728.0968,0,0.02170987,0,0.9997643;
custom,cylinder,default,1,5,1,1,1,0.5,0,1.0,1.0,793.9617,45,-866.2453,0,0.947343,0,0.3202206;
custom,cylinder,default,1,5,1,1,1,0.5,0,1.0,1.0,799.5251,45,-734.7649,0,0.07069708,0,-0.9974979;
custom,cylinder,default,2,5,2,1,1,0.5,0,1.0,1.0,633.0724,45,-742.8137,0,0.1745954,0,-0.9846403;
custom,cylinder,default,1,5,1,1,1,0.5,0,1.0,1.0,321.9848,475,-171.9768,0,0.8544036,0,-0.5196101;
custom,cylinder,default,1,5,1,1,1,0.5,0,1.0,1.0,325.1678,45,459.689,0,0.9597955,0,-0.2807001;
custom,cylinder,default,1,5,1,1,1,0.5,0,1.0,1.0,399.8795,45,456.567,0,0.9258817,0,0.3778135;
custom,cylinder,default,1,5,1,1,1,0.5,0,1.0,1.0,627.5457,45,928.8782,0,0.3798479,0,-0.9250489;
custom,cylinder,default,1,5,1,1,1,0.5,0,1.0,1.0,519.6521,45,1001.308,0,0.6924689,0,-0.7214478;
custom,cylinder,default,1,5,1,1,1,0.5,0,1.0,1.0,36.08465,45,930.4594,0,0.7981398,0,-0.6024724;
custom,cylinder,default,1,5,1,1,1,0.5,0,1.0,1.0,37.4887,45,997.1204,0,0.5548882,0,-0.8319249;
custom,cylinder,default,1,5,1,1,1,0.5,0,1.0,1.0,-626.3432,45,996.9736,0,0.4860129,0,-0.8739517;
custom,cylinder,default,1,5,1,1,1,0.5,0,1.0,1.0,-629.8434,45,930.6826,0,0.8623275,0,-0.5063509;
custom,cylinder,default,1,5,1,1,1,0.5,0,1.0,1.0,0.1178456,45,996.4731,0,0.5919427,0,0.8059801;
custom,cylinder,default,1,5,1,1,1,0.5,0,1.0,1.0,0.8022608,45,931.1684,0,0.9047886,0,0.4258612;
custom,cylinder,default,1,5,1,1,1,0.5,0,1.0,1.0,-702.805,45,931.2696,0,0.9250056,0,0.3799536;
custom,cylinder,default,1,5,1,1,1,0.5,0,1.0,1.0,-768.6851,45,929.6024,0,0.9998609,0,0.01668205;
custom,cylinder,default,1,5,1,1,1,0.5,0,1.0,1.0,-696.9429,45,1018.142,0,0.3180344,0,0.9480792;
custom,cylinder,default,1,5,1,1,1,0.5,0,1.0,1.0,-877.1828,49.5,1150.512,0,0.08640721,0,-0.9962599;
custom,cylinder,default,1,5,1,1,1,0.5,0,1.0,1.0,-953.8287,49.5,1053.911,0,0.7441142,0,-0.6680526;
misc,barrier,70,1,100,-253.415,95,162.2537,0,0.0634684,0,0.9979839;
misc,barrier,30,1,75,294.7351,95,-233.8409,0,-0.07147573,0,-0.9974424;
misc,barrier,50,1,75,781.8521,95,-70.03217,0,0.8770331,0,0.48043;
misc,barrier,75,1,40,783.9942,95,-727.4377,0,0.8539475,0,-0.5203592;
misc,barrier,15,1,25,525.8391,95,-391.308,0,0.4799714,0,-0.8772842;
misc,barrier,15,50,1,677.9078,342.1566,-356.2534,0,0.231716,0,-0.9727836;
misc,barrier,10,1,25,690.2339,246.4763,-374.1609,0,0.9632889,0,-0.268467;
misc,barrier,30,1,25,396.7683,95,549.0604,0,0.714931,0,0.6991951;
misc,barrier,15,1,40,543.3665,95,860.679,0,0.122073,0,0.9925211;
misc,barrier,15,1,150,-163.8323,95,966.3541,0,0.7094365,0,-0.7047694;
misc,barrier,35,1,35,-873.8547,95,985.6846,0,0.9999973,0,-0.002355635;
custom,cuboid,default,1,20,1,0,1,1,1,1.0,1.0,-857.5788,100,-880.3248,0,0.04574443,0,0.9989532;
custom,cuboid,default,1,20,1,0,1,1,1,1.0,1.0,-953.2554,100,-1077.45,0,0.0152145,0,0.9998842;
custom,cuboid,default,1,20,1,0,1,1,1,1.0,1.0,-1105.57,100,-849.3211,0,0.3254995,0,0.9455422;
custom,cuboid,default,1,20,1,0,1,1,1,1.0,1.0,-822.4892,100,-721.7357,0,0.7299315,0,-0.6835203;
custom,cuboid,default,1,20,1,0,1,1,1,1.0,1.0,-989.3013,100,-745.6979,0,0.3089135,0,0.9510902;
custom,cuboid,default,1,20,1,0,1,1,1,1.0,1.0,-969.5746,100,-909.586,0,0.3378008,0,0.9412177;
custom,cuboid,default,0.1,1.0,0.1,1,0,0,0,1.0,1.0,25,50,-20,0,1,0,0;
custom,cuboid,default,0.1,1.0,0.1,1,0,0,0,1.0,1.0,18,50,-20,0,1,0,0;
custom,cuboid,default,0.1,0.7,0.1,1,0,0,0,1.0,1.0,23.3,51.7,-20,0.2588190,0.9659258,0,0;
custom,cuboid,default,0.1,0.7,0.1,1,0,0,0,1.0,1.0,19.7,51.7,-20,0.9659258,0.2588190,0,0;
custom,cuboid,default,0.1,0.3,0.1,1,0,0,0,1.0,1.0,15,46.5,-20,0,1,0,0;
custom,cuboid,default,0.1,0.5,0.1,1,0,0,0,1.0,1.0,11.5,47.5,-20,0,1,0,0;
custom,cuboid,default,0.3,0.1,0.1,1,0,0,0,1.0,1.0,13.25,47.5,-20,0,1,0,0;
custom,cuboid,default,0.3,0.1,0.1,1,0,0,0,1.0,1.0,13.25,45.5,-20,0,1,0,0;
custom,cuboid,default,0.3,0.1,0.1,1,0,0,0,1.0,1.0,13.25,49.5,-20,0,1,0,0;
custom,cuboid,default,0.1,0.5,0.1,1,0,0,0,1.0,1.0,8.5,47.5,-20,0,1,0,0;
custom,cuboid,default,0.1,1,0.1,1,0,0,0,1.0,1.0,5,50,-20,0,1,0,0;
custom,cuboid,default,0.35,0.1,0.1,1,0,0,0,1.0,1.0,6.75,45.5,-20,0,1,0,0;
custom,cuboid,default,0.35,0.1,0.1,1,0,0,0,1.0,1.0,6.75,49.5,-20,0,1,0,0;
custom,cuboid,default,0.1,0.3,0.1,1,0,0,0,1.0,1.0,-1.5,48.5,-20,0,1,0,0;
custom,cuboid,default,0.1,0.5,0.1,1,0,0,0,1.0,1.0,2,47.5,-20,0,1,0,0;
custom,cuboid,default,0.3,0.1,0.1,1,0,0,0,1.0,1.0,0.25,47.5,-20,0,1,0,0;
custom,cuboid,default,0.35,0.1,0.1,1,0,0,0,1.0,1.0,-0.25,45.5,-20,0,1,0,0;
custom,cuboid,default,0.3,0.1,0.1,1,0,0,0,1.0,1.0,0.25,49.5,-20,0,1,0,0;
custom,cuboid,default,0.1,0.5,0.1,1,0,0,0,1.0,1.0,-14,47.5,-20,0,1,0,0;
custom,cuboid,default,0.1,1,0.1,1,0,0,0,1.0,1.0,-10.5,50,-20,0,1,0,0;
custom,cuboid,default,0.35,0.1,0.1,1,0,0,0,1.0,1.0,-12.75,45.5,-20,0,1,0,0;
custom,cuboid,default,0.35,0.1,0.1,1,0,0,0,1.0,1.0,-12.75,49.5,-20,0,1,0,0;
custom,cuboid,default,0.1,1,0.1,1,0,0,0,1.0,1.0,-18.24113,45.5,-20,-0.2099601,0.9777099,0,0;
custom,cuboid,default,0.1,0.5,0.1,1,0,0,0,1.0,1.0,-17.47967,47.5,-20,0.1512609,0.9884939,0,0;
custom,cuboid,default,0.3,0.1,0.1,1,0,0,0,1.0,1.0,17,25.5,-20,0,1,0,0;
custom,cuboid,default,0.3,0.1,0.1,1,0,0,0,1.0,1.0,17,30,-20,0,1,0,0;
custom,cuboid,default,0.3,0.1,0.1,1,0,0,0,1.0,1.0,17,34.5,-20,0,1,0,0;
custom,cuboid,default,0.1,0.35,0.1,1,0,0,0,1.0,1.0,19.76001,32.29,-20.00231,0,1,0,0;
custom,cuboid,default,0.1,0.35,0.1,1,0,0,0,1.0,1.0,14.31963,27.75,-19.98459,0,1,0,0;
custom,cuboid,default,0.2,0.1,0.1,1,0,0,0,1.0,1.0,14.92052,29.56994,-20.04567,0.9659259,0.258819,0,0;
custom,cuboid,default,0.2,0.1,0.1,1,0,0,0,1.0,1.0,19.11946,30.44997,-19.94921,0.9659259,0.258819,0,0;
custom,cuboid,default,0.2,0.1,0.1,1,0,0,0,1.0,1.0,19.07945,25.92986,-19.95428,0.9659259,0.258819,0,0;
custom,cuboid,default,0.2,0.1,0.1,1,0,0,0,1.0,1.0,15.08048,34.09004,-20.04221,0.9659259,0.258819,0,0;
custom,cuboid,default,0.2,0.1,0.1,1,0,0,0,1.0,1.0,14.9205,25.84991,-20.04568,0.258819,0.9659259,0,0;
custom,cuboid,default,0.2,0.1,0.1,1,0,0,0,1.0,1.0,19.15943,34.09004,-19.95252,0.258819,0.9659259,0,0;
custom,cuboid,default,0.1,1,0.1,1,0,0,0,1.0,1.0,9.24113,25.5,-20,-0.2099601,0.9777099,0,0;
custom,cuboid,default,0.1,0.5,0.1,1,0,0,0,1.0,1.0,10.47967,27.5,-20,0.1512609,0.9884939,0,0;
custom,cuboid,default,0.1,1,0.1,1,0,0,0,1.0,1.0,4.5,30,-20,0,1,0,0;
custom,cuboid,default,0.35,0.1,0.1,1,0,0,0,1.0,1.0,0,25.5,-20,0,1,0,0;
custom,cuboid,default,0.35,0.1,0.1,1,0,0,0,1.0,1.0,0,29.5,-20,0,1,0,0;
custom,cuboid,default,0.1,0.5,0.1,1,0,0,0,1.0,1.0,1.5,27.5,-20,0,1,0,0;
custom,cuboid,default,0.1,0.5,0.1,1,0,0,0,1.0,1.0,-4.5,27.5,-20,0,1,0,0;
custom,cuboid,default,0.35,0.1,0.1,1,0,0,0,1.0,1.0,-9.25,25.5,-20,0,1,0,0;
custom,cuboid,default,0.1,0.5,0.1,1,0,0,0,1.0,1.0,-11,27.5,-20,0,1,0,0;
custom,cuboid,default,0.1,0.5,0.1,1,0,0,0,1.0,1.0,-7.5,27.5,-20,0,1,0,0;
custom,cuboid,default,0.7,0.1,0.1,1,0,0,0,1.0,1.0,-17,29.5,-20,0,1,0,0;
custom,cuboid,default,0.1,0.5,0.1,1,0,0,0,1.0,1.0,-14,27.5,-20,0,1,0,0;
custom,cuboid,default,0.1,0.5,0.1,1,0,0,0,1.0,1.0,-17,27.5,-20,0,1,0,0;
custom,cuboid,default,0.1,0.5,0.1,1,0,0,0,1.0,1.0,-20,27.5,-20,0,1,0,0;

//spawn hub;
misc,region,MC,2147483647,2147483647,2147483647,0,0,0,0,0,0,1;
//unregistered magenta player area;
spawnpoint,playerM,0,-10185,-185,0,0,0,1;
misc,barrier,14,1.5,20,0,-10077.5,-110,0,1,0,0;
custom,cuboid,metal4,14,1.5,20,1,1,0,1,1.4,2,0,-10192.5,-110,0,1,0,0;
custom,cuboid,metal4,20,13,1.5,0,1,1,1,2,1.3,-62.5,-10135,-110,0,0.7070168,0,0.7070168;
custom,cuboid,metal4,20,13,1.5,0,1,1,1,2,1.3,62.5,-10135,-110,0,0.7070168,0,0.7070168;
custom,cuboid,metal4,14,13,1.5,0,1,1,1,1.4,1.3,0,-10135,-202.5,0,1,0,0;
custom,cuboid,bombexplosiontex,14,13,1.5,1,1,1,1,999999,999999,0,-10135,-17.5,0,1,0,0;
//titan cage;
//photon,spawnTitan,0,0,0,-10184,-80,0,1,0,0;
custom,cuboid,metal4,3.5,0.5,0.5,0,1,1,1,0.35,0.05,0,-10155,-95,0,0,0,-1;
custom,cuboid,metal4,3.5,0.5,0.5,0,1,1,1,0.35,0.05,-15,-10155,-80,0,0.7070168,0,0.7070168;
custom,cuboid,metal4,3.5,0.5,0.5,0,1,1,1,0.35,0.05,0,-10155,-65,0,1,0,0;
custom,cuboid,metal4,3.5,0.5,0.5,0,1,1,1,0.35,0.05,15,-10155,-80,0,0.7070168,0,0.7070168;
//registered magenta player area;
//spawnpoint,playerM,0,-10135,15,0,0,0,1;
misc,barrier,38,1.5,22.5,0,-10077.5,92.5,0,1,0,0;
custom,cuboid,metal4,38,1.5,22.5,1,1,0,1,3.8,2.25,0,-10192.5,92.5,0,1,0,0;
custom,cuboid,metal4,11.9,13,1.6,0,1,1,1,1.19,1.3,-115,-10135,-17.5,0,1,0,0;
custom,cuboid,metal4,11.9,13,1.6,0,1,1,1,1.19,1.3,115,-10135,-17.5,0,1,0,0;
custom,cuboid,metal4,4.5,13,10.5,0,1,1,1,1.05,1.3,-180,-10135,27.5,0,1,0,0;
custom,cuboid,metal4,4.5,13,4.5,0,1,1,1,0.45,1.3,-150,-10135,87.5,0,1,0,0;
custom,cuboid,metal4,4.5,13,4.5,0,1,1,1,0.45,1.3,-120,-10135,117.5,0,1,0,0;
custom,cuboid,metal4,4.5,13,4.5,0,1,1,1,0.45,1.3,-90,-10135,147.5,0,1,0,0;
custom,cuboid,metal4,4.5,13,4.5,0,1,1,1,0.45,1.3,-60,-10135,177.5,0,1,0,0;
custom,cuboid,metal4,10.5,13,4.5,0,1,1,1,1.05,1.3,0,-10135,207.5,0,1,0,0;
custom,cuboid,metal4,1.5,13,1.5,0,1,1,1,0.15,1.3,0,-10135,177.5,0,1,0,0;
custom,cuboid,metal4,4.5,13,10.5,0,1,1,1,1.05,1.3,180,-10135,27.5,0,1,0,0;
custom,cuboid,metal4,4.5,13,4.5,0,1,1,1,0.45,1.3,150,-10135,87.5,0,1,0,0;
custom,cuboid,metal4,4.5,13,4.5,0,1,1,1,0.45,1.3,120,-10135,117.5,0,1,0,0;
custom,cuboid,metal4,4.5,13,4.5,0,1,1,1,0.45,1.3,90,-10135,147.5,0,1,0,0;
custom,cuboid,metal4,4.5,13,4.5,0,1,1,1,0.45,1.3,60,-10135,177.5,0,1,0,0;
custom,cuboid,metal4,1.5,6,1.5,1,1,0,1,0.15,0.6,0,-10170,15,0,1,0,0;
custom,cuboid,metal4,1.5,1.5,1.5,1,1,0,1,0.15,0.15,0,-10142.5,15,0,1,0,0;
//region boxes;
//white;
custom,killCuboid,bombexplosiontex,1.6,13,1.6,0,1,1,1,999999,999999,-150,-10135,57.5,0,1,0,0;
custom,killCuboid,bombexplosiontex,1.6,13,1.6,0,1,1,1,999999,999999,-150,-10135,57.5,0,1,0,0;
//red;
custom,killCuboid,bombexplosiontex,1.6,13,1.6,1,1,0,0,999999,999999,-120,-10135,87.5,0,1,0,0;
custom,killCuboid,bombexplosiontex,1.6,13,1.6,1,1,0,0,999999,999999,-120,-10135,87.5,0,1,0,0;
//orange;
custom,killCuboid,bombexplosiontex,1.6,13,1.6,1,1,0.6666667,0,999999,999999,-90,-10135,117.5,0,1,0,0;
custom,killCuboid,bombexplosiontex,1.6,13,1.6,1,1,0.6666667,0,999999,999999,-90,-10135,117.5,0,1,0,0;
//yellow;
custom,killCuboid,bombexplosiontex,1.6,13,1.6,1,0.6666667,1,0,999999,999999,-60,-10135,147.5,0,1,0,0;
custom,killCuboid,bombexplosiontex,1.6,13,1.6,1,0.6666667,1,0,999999,999999,-60,-10135,147.5,0,1,0,0;
//green;
custom,killCuboid,bombexplosiontex,1.6,13,1.6,1,0,1,0,999999,999999,-30,-10135,177.5,0,1,0,0;
custom,killCuboid,bombexplosiontex,1.6,13,1.6,1,0,1,0,999999,999999,-30,-10135,177.5,0,1,0,0;
//cyan;
custom,killCuboid,bombexplosiontex,1.6,13,1.6,1,0,1,1,999999,999999,30,-10135,177.5,0,1,0,0;
custom,killCuboid,bombexplosiontex,1.6,13,1.6,1,0,1,1,999999,999999,30,-10135,177.5,0,1,0,0;
//blue;
//custom,killCuboid,bombexplosiontex,1.6,13,1.6,1,0,0,1,999999,999999,60,-10135,147.5,0,1,0,0;
//custom,killCuboid,bombexplosiontex,1.6,13,1.6,1,0,0,1,999999,999999,60,-10135,147.5,0,1,0,0;
//indigo;
//custom,killCuboid,bombexplosiontex,1.6,13,1.6,1,0.6666667,0,1,999999,999999,90,-10135,117.5,0,1,0,0;
//custom,killCuboid,bombexplosiontex,1.6,13,1.6,1,0.6666667,0,1,999999,999999,90,-10135,117.5,0,1,0,0;
//violet;
//custom,killCuboid,bombexplosiontex,1.6,13,1.6,1,1,0,0.6666667,999999,999999,120,-10135,87.5,0,1,0,0;
//custom,killCuboid,bombexplosiontex,1.6,13,1.6,1,1,0,0.6666667,999999,999999,120,-10135,87.5,0,1,0,0;
//black;
//custom,killCuboid,bombexplosiontex,1.6,13,1.6,1,0,0,0,999999,999999,150,-10135,57.5,0,1,0,0;
//custom,killCuboid,bombexplosiontex,1.6,13,1.6,1,0,0,0,999999,999999,150,-10135,57.5,0,1,0,0;