customb,house1,default,1,1,1,0,1,1,1,1.0,1.0,26.63146,15.78336,-8.820396,0,0.02611111,0,0.9996591;
custom,house5,default,1,1,1,0,1,1,1,1.0,1.0,-14.09014,15.93754,-52.53214,0.004056394,0.7073534,-0.003310763,0.7068408;
customb,house1,default,1,1,1,0,1,1,1,1.0,1.0,-49.36005,15.70441,-3.966261,0,0.9993879,0,0.03498385;
racing,checkpointCuboid,3,3,1,-12.44372,14.09278,18.93243,0,0.001582075,0,-0.9999987;
custom,tube,default,3,10,3,0,1,1,1,1.0,1.0,-11.2547,17.83768,60.50921,-0.4866003,0.4871322,0.5137182,-0.511875;
custom,tube,lava1,3,10,3,0,1,1,1,1.0,1.0,4.599604,37.35095,124.8935,0.3949154,0.749023,0.2481099,0.4705825;
custom,tube,lava1,3,3,3,0,1,1,1,1.0,1.0,-8.174644,18.08946,98.14528,0.6131626,0.5863506,0.330999,0.4131152;
custom,cuboid,lava1,30,3,30,0,1,1,1,1.0,1.0,-6.665253,30.03345,304.2759,0,0.7491583,0,-0.662391;
custom,cuboid,lava1,3,10,16,0,1,1,1,1.0,1.0,109.3847,65.81729,153.5986,0.0154886,0.7394182,-0.01409568,-0.6729206;
custom,cuboid,lava1,3,10,16,0,1,1,1,1.0,1.0,-95.46973,71.33844,132.4044,0,0.6775261,0,0.7354988;
custom,cuboid,lava1,30,3,30,0,1,1,1,1.0,1.0,-6.806719,117.4231,302.2336,0,0.742886,0,-0.669418;
custom,cuboid,lava1,1,10,5,0,1,1,1,1.0,1.0,-3.645398,78.50905,184.4316,0,0.9963683,0,0.08514833;
custom,cuboid,lava1,1,10,8,0,1,1,1,1.0,1.0,29.98537,89.80023,213.1419,0,0.7791814,0,-0.6267986;
custom,cuboid,lava1,1,10,8,0,1,1,1,1.0,1.0,42.07008,89.2861,256.3388,0,0.9576328,0,0.287992;
custom,cuboid,lava1,1,10,8,0,1,1,1,1.0,1.0,66.51553,92.0854,271.5403,0,0.9640287,0,0.2657981;
custom,cuboid,lava1,1,10,8,0,1,1,1,1.0,1.0,-13.87906,88.53052,293.6151,0,0.7747767,0,0.632235;
custom,cuboid,lava1,1,10,8,0,1,1,1,1.0,1.0,23.54566,93.14655,336.1772,0,0.9501594,0,0.3117646;
custom,cuboid,lava1,1,10,8,0,1,1,1,1.0,1.0,-22.25717,89.47801,341.6922,0,0.9236035,0,0.3833493;
custom,cuboid,lava1,1,10,8,0,1,1,1,1.0,1.0,-77.22874,87.13948,276.6071,0,0.4170786,0,0.9088705;
custom,cuboid,lava1,1,10,8,0,1,1,1,1.0,1.0,-69.15553,89.29388,339.0588,0,0.3350372,0,0.9422049;
custom,cuboid,lava1,1,10,8,0,1,1,1,1.0,1.0,-26.90996,92.70776,381.585,0,0.8452495,0,0.5343719;
custom,cuboid,lava1,1,10,8,0,1,1,1,1.0,1.0,-81.55657,93.17982,363.8742,0,0.29568,0,0.955287;
custom,cuboid,lava1,1,10,8,0,1,1,1,1.0,1.0,97.29326,87.01466,266.7563,0,0.9934167,0,0.1145566;
custom,cuboid,lava1,1,10,8,0,1,1,1,1.0,1.0,63.17077,87.15694,329.1244,0,0.9238564,0,0.3827392;
custom,cuboid,lava1,1,10,8,0,1,1,1,1.0,1.0,-27.42859,86.39427,433.0677,0,0.5283614,0,0.8490196;
custom,cuboid,lava1,1,10,8,0,1,1,1,1.0,1.0,-91.74258,86.66658,390.7989,0,0.3902464,0,0.9207104;
custom,cuboid,lava1,1,10,6,0,1,1,1,1.0,1.0,-122.1096,88.44028,306.731,0,0.6670946,0,0.7449731;
custom,cuboid,lava1,1,10,6,0,1,1,1,1.0,1.0,-127.6462,92.41446,331.0714,0,0.6641645,0,0.7475864;
racing,killPlane,4,10,10,-4.338833,90.05302,304.1702,-0.474981,0.5962598,0.3521295,0.5430214;
racing,killPlane,2,10,10,-56.30705,94.83093,409.6405,-0.5282153,0.4208673,0.339597,0.6546245;
racing,killPlane,2,10,10,29.94904,91.58331,350.2652,-0.1312235,0.7265313,0.6587784,0.1447193;
custom,cuboid,lava1,3,10,30,0,1,1,1,1.0,1.0,131.4851,78.22693,321.1907,0,0.9984731,0,0.05524042;
custom,cuboid,lava1,3,10,30,0,1,1,1,1.0,1.0,-24.66428,66.63338,430.9203,0,0.6607354,0,0.7506189;
custom,tube,ice1,3,10,3,0,1,1,1,1.0,1.0,-181.5813,66.69981,311.1856,0.5842656,0.4082873,-0.5123194,0.479024;
custom,tube,ice1,3,10,3,0,1,1,1,1.0,1.0,-232.9058,82.07165,267.5406,0.7666602,0.1398375,-0.161269,0.6055328;
custom,tube,ice1,3,3,3,0,1,1,1,1.0,1.0,-212.9258,74.75006,304.3635,-0.6047317,0.2798675,0.2722089,0.6941729;
custom,cuboid,lava1,5,4,3,0,1,1,1,1.0,1.0,7.004032,85.20877,146.006,0,0.06212598,0,-0.9980683;
custom,cuboid,lava1,3,10,7,0,1,1,1,1.0,1.0,-150.7627,64.30085,368.0504,0,-0.05612063,0,0.998424;
custom,cuboid,lava1,14,10,3,0,1,1,1,1.0,1.0,-153.4108,79.26125,211.7082,0,0.6798551,0,0.7333465;
custom,tube,ice1,3,5,3,0,1,1,1,1.0,1.0,-272.1608,85.23774,233.0692,-0.5000218,0.5115994,-0.5273052,-0.4584689;
custom,cuboid,ice1,50,3,50,0,1,1,1,1.0,1.0,-529.0762,60.59737,239.2568,0,0.06527492,0,0.9978673;
custom,cuboid,ice1,50,3,50,0,1,1,1,1.0,1.0,-531.4567,161.5911,231.2495,0,0.6545728,0,-0.755999;
custom,cuboid,ice1,3,10,8,0,1,1,1,1.0,1.0,-316.8216,115.4176,266.5206,0.002518578,0.6611758,-0.007387707,-0.7501904;
custom,cuboid,ice1,3,10,8,0,1,1,1,1.0,1.0,-324.4063,115.7456,204.0383,0,0.6677019,0,-0.7444288;
custom,cuboid,ice1,3,10,10,0,1,1,1,1.0,1.0,-357.9804,116.5837,171.2663,0,0.9981518,0,-0.06077088;
custom,cuboid,ice1,3,10,10,0,1,1,1,1.0,1.0,-337.0209,115.6301,305.5048,0,0.0764112,0,0.9970764;
custom,cuboid,ice1,2,10,30,0,1,1,1,1.0,1.0,-587.5441,120.983,219.8108,0,0.7279612,0,0.6856183;
custom,cuboid,ice1,3,10,10,0,1,1,1,1.0,1.0,-459.0329,112.1833,287.6742,-0.008664058,0.7618319,-0.005881529,0.6476902;
custom,cuboid,ice1,2,10,20,0,1,1,1,1.0,1.0,-450.0334,115.2429,121.3265,0.001217844,0.6697603,-0.001250211,-0.7425753;
custom,cuboid,ice1,2,10,20,0,1,1,1,1.0,1.0,-674.8126,115.7857,62.77424,0,0.7411056,0,0.6713884;
custom,cuboid,ice1,15,10,2,0,1,1,1,1.0,1.0,-735.9567,121.874,154.9866,0,0.751992,0,0.6591722;
custom,cuboid,ice1,2,10,15,0,1,1,1,1.0,1.0,-684.2849,120.8753,144.2413,0,0.7369749,0,0.6759201;
custom,cuboid,ice1,2,10,10,0,1,1,1,1.0,1.0,-562.2828,115.573,91.77635,0,0.05185425,0,0.9986547;
custom,cuboid,bark,0.5,0.1,1,0,1,1,1,1.0,1.0,-448.33,75.5965,246.4325,0,0.7397612,0,0.6728696;
custom,cuboid,lava1,0.5,0.1,1,0,1,1,1,1.0,1.0,-384.7475,75.70905,268.068,0,0.06471687,0,0.9979037;
racing,killPlane,3,10,10,-400.3435,99.29324,291.3141,0.03154925,0.7137461,0.6989515,-0.03221704;
racing,killPlane,3,10,10,-364.8389,99.29845,288.8299,0.01318533,0.7167822,0.6970407,-0.01355878;
custom,cuboid,ice1,1,10,30,0,1,1,1,1.0,1.0,-633.8444,114.3105,302.6757,0.003947458,0.7539008,0.003439894,0.6569674;
custom,cuboid,ice1,1,10,30,0,1,1,1,1.0,1.0,-779.8704,114.4346,172.9496,0,0.999882,0,-0.01535859;
racing,killPlane,3,10,10,-763.6472,120.1617,131.8644,-0.004441706,0.6333705,-0.7738275,-0.003635494;
custom,cuboid,ice1,3,10,20,0,1,1,1,1.0,1.0,-409.1143,114.7506,373.045,0,0.7601498,0,0.6497479;
custom,cuboid,ice1,3,10,20,0,1,1,1,1.0,1.0,-561.7629,109.9033,385.9348,0,0.9981337,0,-0.06106603;
map,disablebounds;
custom,tube,ice1,3,20,3,0,1,1,1,1.0,1.0,-505.8673,115.5612,534.0402,-0.02091513,0.552094,-0.8273121,-0.101536;
custom,cuboid,ice1,2,10,10,0,1,1,1,1.0,1.0,-491.9671,114.8269,437.3176,0,0.9985169,0,-0.05444365;
custom,tube,ice1,3,3,3,0,1,1,1,1.0,1.0,-253.7309,88.60334,241.1662,0.1966561,0.2240893,-0.6969314,-0.6522247;
custom,cuboid,crystal1,1,0.1,0.5,0,1,1,1,1.0,1.0,-399.4733,75.50642,224.3965,0,0.9999636,0,-0.008526981;
racing,checkpointCuboid,3,3,3,-310.3298,87.45659,233.6713,0,0.6850086,0,0.7285349;
custom,tube,grass2,5,50,5,0,1,1,1,1.0,1.0,-490.2614,348.0324,613.0349,0,0.9419192,0,-0.3358396;
racing,checkpointCuboid,3,3,3,-518.3047,92.71419,449.6813,0,0.07972819,0,0.9968166;
racing,killTube,5,5,5,-493.4292,139.2929,593.0411,-0.2977513,0.6733763,0.3900626,-0.5529554;
racing,killTube,5,5,5,-489.7791,174.8887,614.3553,0,0.6544748,0,-0.7560838;
racing,killTube,5,5,5,-491.2601,155.3962,609.3415,-0.1404911,0.6626222,0.1901671,-0.710655;
racing,checkpointPlane,5,5,5,-487.626,536.0024,615.0021,0,0.02398053,0,0.9997124;
custom,cuboid,grass2,5,2,7,0,1,1,1,1.0,1.0,-484.5581,526.8793,668.4954,0,0.998952,0,-0.04577067;
custom,cuboid,grass2,5,2,7,0,1,1,1,1.0,1.0,-492.9677,526.8021,559.4066,0,0.02614162,0,0.9996583;
custom,cuboid,grass2,5,2,7,0,1,1,1,1.0,1.0,-434.418,526.6152,609.8588,0,0.672411,0,-0.740178;
custom,cuboid,grass2,5,2,7,0,1,1,1,1.0,1.0,-544.9732,526.8302,620.6849,0,0.7416381,0,0.6708003;
custom,tube,grass2,3,5,3,0,1,1,1,1.0,1.0,-560.1985,580.1301,620.214,0,0.6946043,0,0.7193921;
custom,tube,grass2,3,5,3,0,1,1,1,1.0,1.0,-493.0942,583.1624,537.3549,0,0.01737656,0,0.999849;
custom,tube,grass2,3,5,3,0,1,1,1,1.0,1.0,-482.3666,581.6866,691.0377,0,0.7178844,0,-0.6961624;
custom,tube,grass2,3,5,3,0,1,1,1,1.0,1.0,-421.3186,577.2981,607.6841,0,0.7893711,0,-0.6139163;
custom,cuboid,grass2,5,5,1,0,1,1,1,1.0,1.0,-493.0012,551.2261,521.4464,0,0.02866684,0,0.999589;
custom,cuboid,grass2,7,5,1,0,1,1,1,1.0,1.0,-512.3019,550.9635,557.9589,0,0.7258866,0,0.6878144;
custom,cuboid,grass2,7,5,1,0,1,1,1,1.0,1.0,-472.4536,550.6342,552.8152,0,0.6890903,0,-0.7246755;
custom,cuboid,grass2,7,5,1,0,1,1,1,1.0,1.0,-548.7729,551.312,600.2815,0,0.05218101,0,0.9986377;
custom,cuboid,grass2,7,5,1,0,1,1,1,1.0,1.0,-546.5887,550.8967,639.9156,0,0.9985217,0,-0.05435462;
custom,cuboid,grass2,7,5,1,0,1,1,1,1.0,1.0,-504.1013,550.5759,671.6889,0,0.740104,0,0.6724924;
custom,cuboid,grass2,7,5,1,0,1,1,1,1.0,1.0,-464.1604,550.784,669.4703,0,0.6734713,0,-0.7392133;
custom,cuboid,grass2,7,5,1,0,1,1,1,1.0,1.0,-430.3477,550.6063,628.8063,0,0.9983779,0,-0.05693432;
custom,cuboid,grass2,7,5,1,0,1,1,1,1.0,1.0,-435.5136,551.1171,589.6538,0,-0.046867,0,-0.9989011;
custom,cuboid,grass2,5,5,1,0,1,1,1,1.0,1.0,-576.495,552.02,623.4373,0,0.7387058,0,0.674028;
custom,cuboid,grass2,5,5,1,0,1,1,1,1.0,1.0,-486.7491,550.5218,706.8561,0,0.9990512,0,-0.04355058;
custom,cuboid,grass2,5,5,1,0,1,1,1,1.0,1.0,-404.1447,550.8506,606.5887,0,0.6708105,0,-0.7416288;
racing,killPlane,5,1,5,-497.2694,588.5222,537.3676,0,0.9985142,0,-0.05449281;
racing,killPlane,5,1,5,-563.6219,585.3309,621.726,0,0.6788791,0,-0.7342501;
racing,killPlane,5,1,5,-482.1299,589.5444,695.1272,0,0.9811856,0,0.1930668;
custom,cuboid,grass2,5,1,8,0,0,0,0,1.0,1.0,-491.0273,571.6959,587.2433,0,0.999201,0,-0.03996789;
custom,cuboid,grass2,5,1,8,0,0,0,0,1.0,1.0,-472.5469,570.9605,612.9653,0,0.7324221,0,0.680851;
custom,cuboid,grass2,5,1,8,0,0,0,0,1.0,1.0,-512.336,571.2734,615.3464,0,0.6660314,0,-0.7459238;
custom,cuboid,grass2,5,1,8,0,0,0,0,1.0,1.0,-485.9178,571.6139,639.7186,0,0.02378788,0,0.9997171;
custom,tube,grass2,3,3,3,0,1,1,1,1.0,1.0,-495.5139,604.8369,535.7534,-0.1627773,0.6233152,0.1347653,0.7528746;
custom,tube,grass2,3,3,3,0,1,1,1,1.0,1.0,-561.3419,602.4059,622.1078,0.009386407,0.9810541,0.1871462,-0.04920526;
custom,tube,grass2,3,3,3,0,1,1,1,1.0,1.0,-479.8326,606.8488,690.9165,0.1165287,0.649865,0.1017661,-0.7441372;
custom,tube,grass2,3,3,3,0,1,1,1,1.0,1.0,-419.5641,597.4949,605.2119,0.2659605,0.1424993,0.03978649,-0.9525629;
custom,tube,grass2,3,10,3,0,1,1,1,1.0,1.0,-519.2747,634.874,527.7296,-0.3742054,0.8942428,-0.01321405,0.2452053;
custom,tube,grass2,3,10,3,0,1,1,1,1.0,1.0,-562.416,632.7322,646.6981,-0.0163251,0.9273049,0.3726422,0.03125709;
custom,tube,grass2,3,10,3,0,1,1,1,1.0,1.0,-457.7531,639.791,684.9181,-0.08596325,0.06067383,-0.3071919,0.945813;
custom,tube,grass2,3,10,3,0,1,1,1,1.0,1.0,-421.3904,616.7153,577.2316,-0.5021566,0.05062905,0.02946681,0.8627903;
misc,barrier,8,3,100,-407.8836,430.9335,87.25154,0.1718868,0.02186298,0.003815702,-0.9848667;
misc,barrier,3,3,100,-380.4784,455.8887,74.85464,-0.1714565,-0.01999412,-0.00162038,0.9849874;
misc,barrier,3,3,100,-435.3827,458.5499,81.91168,0.1716871,0.01557489,0.009041199,-0.9849869;
racing,killCuboid,1,1,1,-418.1425,489.5583,198.2593,0,0.99991,0,0.01341525;
racing,killCuboid,1,1,1,-414.5863,569.5269,416.789,0,0.9994533,0,0.03306295;
racing,killCuboid,1,1,1,-401.4941,429.4169,33.02111,0,0.9997544,0,0.02216284;
racing,killCuboid,3,1,2,-416.4833,408.7434,-33.63646,0,0.9999784,0,0.006579546;
racing,killCuboid,3,1,2,-391.4036,382.26,-111.486,0,0.9999401,0,0.01094601;
racing,killCuboid,3,1,2,-409.8265,331.057,-251.9401,0,0.9999625,0,-0.008661921;
misc,barrier,8,3,100,-417.7757,484.5748,81.77552,0.1759383,0.02533473,0.006384235,-0.9840544;
racing,checkpointCuboid,2,2,2,-422.446,619.8616,567.697,0,0.05007565,0,0.9987454;
custom,tube,metal2,3,10,3,0,0,0,0,1.0,1.0,-391.2295,281.2106,-402.5425,0.8230832,0.006461715,0.009366792,-0.567807;
custom,tube,metal2,3,10,3,0,0,0,0,1.0,1.0,-353.7698,263.8562,-453.7271,-0.5756088,0.3905703,-0.3803607,-0.6094711;
custom,tube,metal2,3,3,3,0,0,0,0,1.0,1.0,-387.9491,265.2425,-437.0141,0.1219246,0.5929893,-0.7519112,0.2610126;
custom,cuboid,metal2,50,3,50,1,0,0,0,1.0,1.0,-88.28389,231.639,-628.6185,0,0.7047418,0,-0.7094638;
custom,cuboid,metal2,50,3,50,1,0,0,0,1.0,1.0,-67.9888,330.457,-631.8544,0.002412154,0.708482,-0.002523125,-0.7057203;
custom,cuboid,lava1,1,0.1,1,0,1,0,0,1.0,1.0,-290.0905,246.5268,-475.3724,0,-0.121568,0,-0.9925831;
custom,cuboid,crystal1,1,0.1,1,0,1,0,0,1.0,1.0,-243.8963,247.1968,-486.9947,0,0.7915681,0,0.6110811;
custom,cuboid,lava1,1,0.1,1,0,1,0,0,1.0,1.0,-198.3597,247.4622,-500.3428,0,0.7994921,0,0.6006767;
custom,cuboid,crystal1,1,0.1,1,0,1,0,0,1.0,1.0,-238.4524,246.9371,-616.4958,0,0.9853147,0,-0.1707485;
custom,cuboid,lava1,1,0.1,1,0,1,0,0,1.0,1.0,-218.1058,246.4078,-743.3166,0,0.1096411,0,-0.9939712;
custom,cuboid,crystal1,1,0.1,1,0,1,0,0,1.0,1.0,-162.5789,246.2936,-644.233,0,0.7817442,0,-0.6235992;
custom,cuboid,lava1,1,0.1,1,0,1,0,0,1.0,1.0,-88.00659,246.4863,-544.1121,0,0.7184089,0,-0.695621;
custom,cuboid,crystal1,1,0.1,1,0,1,0,0,1.0,1.0,-10.66492,246.2807,-577.3206,0,0.7858513,0,-0.6184155;
custom,cuboid,lava1,1,0.1,1,0,1,0,0,1.0,1.0,118.9791,246.4304,-552.8655,0,0.7991734,0,-0.6011006;
custom,cuboid,crystal1,1,0.1,1,0,1,0,0,1.0,1.0,127.4212,246.8453,-458.4412,0,0.9982115,0,0.05978185;
custom,cuboid,crystal1,1,0.1,1,0,1,0,0,1.0,1.0,128.2391,246.1962,-639.4506,0,0.04019194,0,-0.999192;
custom,cuboid,lava1,1,0.1,1,0,1,0,0,1.0,1.0,139.5524,246.6448,-770.2361,0,0.09054687,0,0.9958922;
custom,cuboid,lava1,1,0.1,1,0,1,0,0,1.0,1.0,131.6697,246.2155,-421.3004,0,0.998906,0,0.04676361;
custom,tube,lava1,3,40,3,1,0,0,0,1.0,1.0,289.3107,204.3976,-722.6404,-0.3437697,0.6942008,-0.4476868,-0.4466365;
racing,killPlane,8,40,10,-286.648,283.0118,-491.499,-0.08725803,0.7241837,-0.6776793,-0.09324584;
racing,killPlane,14,40,10,-248.7491,274.1876,-467.2176,0.08289349,0.7169136,0.6873029,-0.08233056;
racing,killPlane,18,40,10,-195.6382,287.3416,-531.3507,0.5616081,0.4296466,0.4296467,-0.5616083;
racing,killPlane,10,40,10,-216.0073,295.0356,-662.0184,0.4941222,0.5028298,0.5139387,-0.4887459;
racing,killPlane,10,40,10,-195.8821,294.1229,-666.4739,-0.3818381,0.5869126,0.6014419,0.3847088;
racing,killPlane,14,40,10,-142.152,289.3264,-574.3178,-0.329843,-0.6114486,0.639233,-0.3297202;
racing,killPlane,14,40,10,-73.50584,293.8572,-527.9857,0.1332517,0.6924143,0.6928778,-0.1507541;
racing,killPlane,14,40,10,32.59637,291.5915,-542.8708,0.005732313,0.7021301,0.712001,-0.005926423;
racing,killPlane,14,40,10,110.4369,274.4146,-471.4851,0.4556156,0.5477305,-0.5223722,0.4685436;
racing,killPlane,4,40,10,-241.4348,281.7492,-504.8419,-0.6691672,0.1536553,0.144292,0.7125905;
racing,killPlane,12,40,10,-246.1559,280.4731,-567.6793,-0.4170485,0.5726861,0.5925369,0.3834074;
racing,killPlane,15,40,10,-250.3255,278.4207,-691.7086,-0.5535245,0.4399543,0.4457717,0.5489432;
racing,killPlane,3,40,10,-219.1498,279.1786,-767.3999,-0.7128156,0.04762544,0.04863349,0.6980405;
racing,killPlane,14,40,10,-175.8288,276.9746,-705.9913,0.5918616,0.3807014,0.3817542,-0.5991912;
racing,killPlane,14,40,10,-122.4206,277.3692,-622.5662,0.6177363,0.3209998,0.3046078,-0.6500579;
racing,killPlane,14,40,10,-20.8174,274.6851,-600.8754,-0.6790399,0.1645206,0.1642659,0.696315;
racing,killPlane,14,40,10,34.79336,274.3221,-597.0377,-0.6881616,-0.01722956,-0.01999941,0.7250772;
racing,killPlane,14,40,10,108.6607,292.8741,-660.7128,-0.5290642,-0.4977839,0.4735511,-0.4980478;
racing,killPlane,20,40,10,146.2784,280.3336,-597.9534,0.4999049,0.4936728,0.5030614,-0.5033007;
racing,killPlane,4,40,10,130.0098,281.0497,-474.0918,0.06193316,0.6629378,0.7440651,-0.05518042;
custom,cuboid,lava1,49,10,3,1,0,0,0,1.0,1.0,-90.52822,289.0129,-864.5253,-0.0008405776,0.007052904,-0.010438,0.9999203;
custom,cuboid,lava1,50,10,3,1,0,0,0,1.0,1.0,-89.50996,296.6588,-395.873,0,0.9999906,0,0.004323068;
custom,cuboid,lava1,37,10,3,1,0,0,0,1.0,1.0,-324.9605,287.9804,-665.7693,-0.006809043,0.7002285,-0.01009143,0.7138151;
custom,cuboid,lava1,37,10,3,1,0,0,0,1.0,1.0,155.2225,293.5815,-555.6762,-0.005639354,0.7056077,0.004115301,-0.7085684;
custom,cuboid,lava1,6,10,3,1,0,0,0,1.0,1.0,168.4718,284.2132,-823.4208,0,0.7035024,0,-0.7106929;
custom,cuboid,lava1,5,5,3,1,0,0,0,1.0,1.0,164.5323,300.7927,-765.9086,0.009275193,0.7591473,-0.00795147,-0.6508042;
custom,cuboid,default,2,5,1,1,0,0,0,1.0,1.0,185.9695,270.171,-780.9338,-0.2281647,0.7261224,0.1754204,-0.6244316;
custom,cuboid,default,4,10,2,1,0,0,0,1.0,1.0,181.8171,279.1932,-799.7661,-0.07245497,0.6779782,-0.07773244,0.7273607;
misc,barrier,10,1,10,-16.20613,40.64891,-9.0645,0,0.9999942,0,-0.003413151;
misc,barrier,3,10,3,16.96325,29.15359,39.23427,0,0.9998913,0,-0.0147482;
misc,barrier,3,10,3,-43.16288,22.53514,43.86158,0,0.04852978,0,-0.9988217;
misc,barrier,3,10,3,17.07428,-41.83005,38.85838,-0.192521,0.9812872,0.0006406375,-0.003265355;
misc,barrier,3,10,3,-36.98923,-41.47092,39.58909,0.1839468,0.9829102,0.001315836,0.007031103;
misc,barrier,3,10,3,-49.0068,72.23655,22.92293,-0.2232428,0.9747293,0.001806756,-0.007888711;
misc,barrier,3,10,3,34.21822,66.96243,22.33029,0.3203576,0.9464555,0.01279684,0.03780664;
custom,cuboid,lava1,3,10,3,0,0,0,0,1.0,1.0,-7.061725,68.8244,147.6707,0.01270823,0.1281407,0.241588,-0.9617971;
custom,cuboid,lava1,3,10,3,0,0,0,0,1.0,1.0,-142.0155,127.5531,319.4066,0,0.6701715,0,0.7422063;
custom,cuboid,ice1,3,10,3,0,0,0,0,1.0,1.0,-301.3403,144.4165,255.8623,-0.1216517,0.689921,0.1239135,-0.7027484;
custom,cuboid,ice1,3,10,3,0,0,0,0,1.0,1.0,-305.3825,138.7733,194.644,0.1891829,0.6305796,-0.2163005,-0.7209669;
custom,cuboid,ice1,3,10,3,0,0,0,0,1.0,1.0,-302.0451,153.5901,227.7806,0,0.6484413,0,-0.7612647;
custom,cuboid,ice1,5,10,3,0,0,0,0,1.0,1.0,-513.7124,162.4253,467.3756,0,0.9998628,0,-0.01656604;
custom,cuboid,ice1,5,5,3,0,0,0,0,1.0,1.0,-558.259,114.6698,477.7712,-0.3599147,0.927915,0.03512637,-0.09056114;
custom,cuboid,ice1,5,5,3,0,0,0,0,1.0,1.0,-491.6598,121.6945,461.1706,-0.2958191,0.9325389,0.06260023,-0.1973409;
custom,cuboid,ice1,5,5,3,0,0,0,0,1.0,1.0,-481.6335,74.08086,487.4157,-0.01233684,0.08755941,-0.1389723,0.9863406;
custom,cuboid,ice1,5,5,3,0,0,0,0,1.0,1.0,-547.3082,81.45523,498.8457,0,0.1274622,0,0.9918434;
racing,checkpointCuboid,1,1,1,-290.4099,253.0599,-475.3893,0,0.7978303,0,0.6028821;
custom,cuboid,stone6,5,16,1,0,0,0,0,1.0,1.0,586.3871,459.7813,196.1548,-0.1589388,0.6995719,0.1543444,-0.6793494;
custom,cuboid,stone6,5,1,5,0,0,0,0,1.0,1.0,571.7379,420.9957,222.2712,-0.350817,0.6150478,0.3498667,-0.6133816;
custom,cuboid,stone6,5,1,5,0,0,0,0,1.0,1.0,571.5684,398.9464,214.4937,0,0.6877431,0,-0.7259542;
custom,cuboid,stone6,5,1,5,0,0,0,0,1.0,1.0,569.9898,420.7363,203.0326,0.366394,0.5707171,-0.3970077,-0.618403;
custom,cuboid,stone6,5,16,1,0,0,0,0,1.0,1.0,585.9915,451.8441,235.1633,0.1604671,0.6388462,-0.1832992,-0.7297447;
custom,cuboid,stone6,1,16,5,0,0,0,0,1.0,1.0,577.9443,466.2025,254.7095,-0.1814806,0.6679596,-0.1892299,0.6964817;
custom,cuboid,stone6,5,16,1,0,0,0,0,1.0,1.0,555.2518,452.4039,194.7091,0.1540571,0.6568257,0.1685542,0.7186347;
custom,cuboid,stone6,1,16,5,0,0,0,0,1.0,1.0,574.8889,464.5424,178.2968,0.198841,0.67371,0.1608002,0.69334;
custom,cuboid,stone6,5,16,1,0,0,0,0,1.0,1.0,559.0123,451.2569,235.4589,-0.1764411,0.6725536,-0.1823777,0.6951824;
custom,cuboid,stone6,20,5,1,0,0,0,0,1.0,1.0,553.3267,380.4776,230.6371,0,0.7200094,0,0.6939644;
custom,cuboid,stone6,1,12,5,0,0,0,0,1.0,1.0,557.5865,430.0327,352.1379,-0.3960042,0.01395311,0.01977437,-0.9179298;
custom,cuboid,stone6,20,5,1,0,0,0,0,1.0,1.0,591.9052,376.8044,227.4864,0,0.6971059,0,-0.7169682;
custom,cuboid,stone6,1,20,5,0,0,0,0,1.0,1.0,596.4617,358.4234,428.8378,0,0.0533372,0,-0.9985766;
custom,cuboid,stone6,1,15,5,0,0,0,0,1.0,1.0,575.6488,321.9468,367.0653,-0.2135297,0.681374,-0.2093573,0.66806;
custom,cuboid,stone6,1,12,5,0,0,0,0,1.0,1.0,576.5682,416.9798,368.1186,0.2908037,0.6670924,0.2703752,0.6303318;
custom,cuboid,stone6,1,20,5,0,0,0,0,1.0,1.0,579.2633,358.4153,409.1429,0,0.7292241,0,0.684275;
custom,cuboid,stone6,1,20,5,0,0,0,0,1.0,1.0,576.5186,357.9765,451.3113,0,0.7187005,0,0.6953198;
custom,cuboid,stone6,1,15,5,0,0,0,0,1.0,1.0,594.5828,310.9265,350.6652,-0.3056908,0.005216303,0.001674772,0.9521151;
custom,cuboid,stone6,1,20,5,0,0,0,0,1.0,1.0,558.352,357.7942,431.964,0,0.9995705,0,0.02930587;
custom,cuboid,stone6,1,12,5,0,0,0,0,1.0,1.0,576.7628,439.0698,345.2856,0.2903202,0.6257359,0.2666806,0.6730901;
custom,cuboid,stone6,1,12,5,0,0,0,0,1.0,1.0,594.8095,425.3202,361.0891,-0.3939245,0.008682368,-0.003721265,-0.9190943;
custom,cuboid,stone6,1,15,5,0,0,0,0,1.0,1.0,555.4078,310.0807,350.1279,-0.2973909,0.03127289,0.000896157,0.9542431;
custom,cuboid,stone6,1,15,5,0,0,0,0,1.0,1.0,574.246,298.9436,334.6864,-0.2186416,0.6892458,-0.2088621,0.6584169;
racing,killPlane,3,10,10,-774.1514,107.3488,89.13068,-0.6892998,0.02205862,0.02100615,0.7238357;
racing,killPlane,3,10,10,-778.2128,89.67158,63.74027,0.6832589,0.004842407,0.004531441,-0.7301461;
custom,cuboid,default,10,5,3,1,0,0,0,1.0,1.0,-332.2379,302.5942,-443.2182,0,0.7673746,0,0.6411991;
racing,killPlane,10,10,13,91.52132,283.8365,-765.3009,0.602773,0.3727731,0.3766973,-0.5964932;
racing,killPlane,10,10,13,66.09872,296.3306,-831.4293,0.5619951,-0.4311359,0.4371986,0.5542027;
racing,killPlane,5,10,10,-412.3951,115.2872,280.6531,0.04173833,0.7021809,0.7095731,-0.04130352;
racing,killPlane,5,10,10,-353.0108,111.8028,279.8152,0.01886398,0.6881217,0.7251291,-0.01790125;
racing,killPlane,5,10,5,-454.3332,637.9775,685.2244,0,0.814258,0,-0.5805032;
racing,killPlane,5,10,5,-556.1702,627.5963,641.6629,0,0.670949,0,-0.7415035;
racing,killPlane,5,10,5,-519.9813,633.6572,528.838,0,0.9403393,0,0.3402381;
custom,tube,default,3,10,3,1,1,1,1,1.0,1.0,430.4412,154.0832,-662.959,-0.1917838,0.6124997,-0.5919386,-0.487516;
custom,cuboid,default,30,3,30,1,1,1,1,1.0,1.0,503.4996,119.0072,-467.1958,0,0.8714767,0,-0.4904369;
custom,cuboid,default,30,3,30,1,1,1,1,1.0,1.0,523.9404,237.0854,-462.2438,0,0.8767892,0,-0.480875;
custom,cylinder,default,5,5,5,1,1,1,1,1.0,1.0,536.7603,179.2056,-285.5895,0,0.8758244,0,-0.48263;
custom,tube,default,3,5,3,1,1,1,1,1.0,1.0,314.0814,144.8036,-430.9736,0.625076,0.3618957,-0.4019261,0.5628206;
custom,cylinder,default,5,5,5,1,1,1,1,1.0,1.0,457.6793,177.92,-322.7507,0,0.979869,0,0.1996414;
custom,cylinder,default,5,5,5,1,1,1,1,1.0,1.0,437.2554,175.3383,-615.5387,0,0.9162691,0,-0.4005635;
custom,cylinder,default,5,5,5,1,1,1,1,1.0,1.0,418.3915,176.5715,-575.7285,0,0.9964002,0,-0.08477472;
custom,cylinder,default,5,5,5,1,1,1,1,1.0,1.0,379.5247,178.4764,-370.2152,0,0.9523305,0,0.3050683;
custom,cylinder,default,5,5,5,1,1,1,1,1.0,1.0,503.2664,178.6249,-307.653,0,0.9905992,0,-0.1367961;
custom,cylinder,default,5,5,5,1,1,1,1,1.0,1.0,422.8922,177.4445,-350.0564,0,0.9896194,0,0.1437133;
custom,tube,default,5,20,5,1,1,1,1,1.0,1.0,668.0027,143.3759,-418.1794,0,0.9182053,0,-0.3961049;
custom,cylinder,default,5,5,5,1,1,1,1,1.0,1.0,644.463,176.8925,-382.5373,0,0.9417811,0,0.3362266;
custom,cylinder,default,5,5,5,1,1,1,1,1.0,1.0,625.9657,181.5854,-350.2757,-0.001684688,0.9652542,-0.0004560667,0.2613067;
custom,cylinder,default,5,5,5,1,1,1,1,1.0,1.0,686.0217,182.2809,-460.7836,0,0.4438881,0,0.8960823;
custom,cylinder,default,5,5,5,1,1,1,1,1.0,1.0,707.9234,181.0966,-493.5251,0,0.4768091,0,0.8790069;
custom,cylinder,default,5,5,5,1,1,1,1,1.0,1.0,606.453,177.0651,-313.8294,0,0.4321183,0,0.901817;
custom,cylinder,default,5,5,5,1,1,1,1,1.0,1.0,570.5637,177.098,-285.8261,0,0.4083634,0,0.9128195;
custom,cylinder,default,5,5,5,1,1,1,1,1.0,1.0,343.3683,180.0283,-400.2103,0,0.9310477,0,0.3648975;
custom,cylinder,default,5,5,5,1,1,1,1,1.0,1.0,340.5479,175.4747,-460.0764,0,0.4632691,0,0.8862177;
custom,cylinder,default,5,5,5,1,1,1,1,1.0,1.0,357.5321,175.8574,-506.1937,0,0.4844006,0,0.8748463;
custom,cylinder,default,5,5,5,1,1,1,1,1.0,1.0,388.5022,173.818,-540.0381,0,0.4003102,0,0.9163797;
custom,cylinder,default,5,5,5,1,1,1,1,1.0,1.0,480.8797,183.5425,-676.7748,0,0.2275533,0,-0.9737656;
custom,cylinder,default,5,5,5,1,1,1,1,1.0,1.0,508.1581,183.755,-655.8872,0,0.5846646,0,-0.8112751;
custom,cylinder,default,5,5,5,1,1,1,1,1.0,1.0,543.5696,178.7544,-632.595,0,0.9742519,0,0.2254624;
custom,cylinder,default,5,5,5,1,1,1,1,1.0,1.0,580.144,178.9548,-610.6381,0,0.9757054,0,0.2190868;
custom,cylinder,default,5,5,5,1,1,1,1,1.0,1.0,613.9198,182.1756,-584.6291,0,0.9508916,0,0.309524;
custom,cylinder,default,5,5,5,1,1,1,1,1.0,1.0,649.8699,182.6154,-556.4243,0,0.9177122,0,0.3972459;
custom,cylinder,default,5,5,5,1,1,1,1,1.0,1.0,687.0185,182.1799,-531.2676,0,0.8754125,0,0.4833766;
custom,tube,default,3,8,3,1,1,1,1,1.0,1.0,281.4514,142.2009,-429.0791,0.4252364,0.6033611,-0.5027545,0.4498526;
racing,killPlane,3,8,3,310.8034,148.289,-424.9208,0.5349921,-0.407508,-0.3288177,-0.6630231;
racing,killPlane,3,8,3,291.333,145.7163,-428.3421,-0.5179957,0.4748143,0.4396832,0.5593842;
custom,cylinder,default,5,5,5,1,1,1,1,1.0,1.0,462.1231,213.7748,-642.7699,0,0.4296858,0,0.9029785;
custom,capsule,default,5,5,5,1,1,1,1,1.0,1.0,467.7158,174.2889,-675.5489,-0.3061363,0.8941512,0.1058443,-0.309146;
custom,cuboid,default,2,2,2,1,1,1,1,1.0,1.0,426.687,163.2399,-641.1096,0,0.8295558,0,-0.5584239;
custom,cylinder,default,4,4,4,1,1,1,1,1.0,1.0,318.725,192.4691,-434.5919,0,0.7139422,0,-0.7002046;
custom,cuboid,default,5,1,3,0,1,1,1,1.0,1.0,681.8037,222.5024,-411.6934,0,0.8480636,0,-0.5298945;
custom,tube,default,5,5,5,0,1,1,1,1.0,1.0,680.8885,69.00417,-413.4938,-0.09918546,0.1074321,0.1395721,0.9793571;
custom,tube,default,5,5,5,0,1,1,1,1.0,1.0,692.2364,42.02978,-409.7173,-0.2402934,0.9580478,-0.1258805,-0.09250779;
custom,cuboid,stone6,5,1,18,0,0,0,0,1.0,1.0,566.2992,354.0136,211.3022,0,0.01041432,0,-0.9999458;
custom,cuboid,stone6,5,30,1,0,0,0,0,1.0,1.0,549.0801,380.8358,111.4724,0,0.7256874,0,0.6880245;
custom,cuboid,stone6,5,30,1,0,0,0,0,1.0,1.0,586.3241,375.2249,116.0132,0,0.6791319,0,0.7340163;
custom,cuboid,stone6,5,30,1,0,0,0,0,1.0,1.0,565.6054,372.4891,97.10038,0,0.006217591,0,-0.9999807;
custom,cuboid,stone6,1,15,5,0,0,0,0,1.0,1.0,570.733,464.3619,63.5851,0.1901485,0.629802,0.2176762,0.7209786;
custom,cuboid,stone6,1,15,5,0,0,0,0,1.0,1.0,570.0961,482.7032,36.82642,0.2089683,0.6633118,0.2155507,0.6854835;
custom,cuboid,stone6,1,15,5,0,0,0,0,1.0,1.0,548.1237,468.3929,54.17787,-0.2964177,0.02136216,-0.005548159,-0.9548033;
custom,cuboid,stone6,1,15,5,0,0,0,0,1.0,1.0,587.2129,471.1929,50.92954,-0.3142264,0.02633644,-0.009494442,-0.9489352;
custom,cuboid,stone6,9,1,5,0,0,0,0,1.0,1.0,572.0551,403.452,63.65396,0,0.6788509,0,0.7342762;
custom,cuboid,stone6,9,1,5,0,0,0,0,1.0,1.0,570.0789,359.4451,63.01951,0,0.6962643,0,0.7177855;
custom,cuboid,stone6,9,5,1,0,0,0,0,1.0,1.0,549.5546,380.3216,62.86581,0,0.6993892,0,0.7147412;
custom,cuboid,stone6,9,5,1,0,0,0,0,1.0,1.0,586.9123,379.9194,63.57615,0,0.6659185,0,0.7460246;
custom,cuboid,stone6,5,18,1,0,0,0,0,1.0,1.0,548.2883,334.024,2.027683,0.2205639,0.6553923,0.2304053,0.6846356;
custom,cuboid,stone6,5,18,1,0,0,0,0,1.0,1.0,589.5941,332.3302,8.527036,0.2138612,0.6527354,0.2298744,0.6894619;
custom,cuboid,stone6,1,13,5,0,0,0,0,1.0,1.0,567.8101,301.7924,4.853669,0.2088802,0.6706371,0.2116622,0.679569;
custom,cuboid,stone6,1,13,5,0,0,0,0,1.0,1.0,573.003,307.7677,-37.25002,0.2330897,0.6152456,0.2155305,0.7215876;
custom,cuboid,stone6,20,5,1,0,0,0,0,1.0,1.0,553.6529,387.1278,-56.11816,0,0.6865004,0,0.7271294;
custom,cuboid,stone6,20,5,1,0,0,0,0,1.0,1.0,589.6471,385.8588,-56.81857,0,0.7181318,0,-0.6959072;
custom,cuboid,stone6,5,1,15,0,0,0,0,1.0,1.0,572.3502,415.1864,-69.73898,0,0.01812922,0,-0.9998357;
custom,cuboid,stone6,5,1,15,0,0,0,0,1.0,1.0,570.4162,358.8304,-73.72398,0,0.03784507,0,-0.9992836;
custom,cuboid,stone6,5,30,1,0,0,0,0,1.0,1.0,559.7455,384.973,-168.7626,0,0.6861709,0,0.7274404;
custom,cuboid,stone6,5,30,1,0,0,0,0,1.0,1.0,595.1118,381.0576,-159.0207,0,0.7214352,0,-0.692482;
custom,cuboid,stone6,18,5,5,0,0,0,0,1.0,1.0,586.9695,482.6768,-225.3161,0.2327913,0.6160643,0.2659939,0.7039321;
custom,cuboid,stone6,18,5,5,0,0,0,0,1.0,1.0,582.8776,330.3084,-228.8771,-0.03796355,0.6649933,-0.06475053,0.743068;
custom,cuboid,stone6,5,15,5,0,0,0,0,1.0,1.0,577.476,289.2894,-165.2522,0,0.697037,0,0.7170352;
custom,cuboid,stone6,5,15,5,0,0,0,0,1.0,1.0,580.4858,489.2578,-167.7999,0,0.6828169,0,0.7305896;
custom,cuboid,stone6,5,8,1,0,0,0,0,1.0,1.0,566.8332,312.3611,131.1329,0,0.9999297,0,-0.01186383;
custom,cuboid,stone6,8,5,1,0,0,0,0,1.0,1.0,558.1196,455.6575,416.6742,0,0.722953,0,0.6908973;
custom,cuboid,stone6,8,5,1,0,0,0,0,1.0,1.0,595.0612,454.934,415.1963,0,0.6956277,0,-0.7184025;
custom,cuboid,stone6,5,1,6,0,0,0,0,1.0,1.0,574.5448,483.0566,417.7395,-0.01047106,0.9998764,0.0001228412,-0.01173004;
custom,cuboid,stone6,5,5,1,0,0,0,0,1.0,1.0,576.5583,460.0906,445.8242,0,0.999949,0,0.01009705;
custom,cuboid,stone6,5,13,1,0,0,0,0,1.0,1.0,570.8765,464.9424,135.3491,0,0.9999478,0,0.01022221;
custom,cuboid,stone6,7,5,1,0,0,0,0,1.0,1.0,587.4386,518.4997,108.1283,0,0.6859789,0,-0.7276215;
custom,cuboid,stone6,7,5,1,0,0,0,0,1.0,1.0,547.1387,518.8314,103.6138,0,0.6904013,0,0.7234266;
custom,cuboid,stone6,5,1,6,0,0,0,0,1.0,1.0,568.3629,546.8265,110.5094,0,0.9994848,0,0.032095;
custom,cuboid,stone6,5,3,1,0,0,0,0,1.0,1.0,566.2186,535.3718,134.497,0,0.9980379,0,0.06261252;
racing,killPlane,5,3,5,569.6711,313.5514,113.6584,-0.05177762,-0.04704312,0.9975471,-0.002441777;
racing,killPlane,5,3,5,568.6104,289.1157,121.711,0.002660075,-0.001745213,0.999995,4.644216E-06;
racing,killPlane,5,3,5,565.9688,314.6514,-16.22321,0.9883851,0.002245856,0.01467677,-0.1512436;
racing,killPlane,5,3,5,566.3851,292.304,-24.37962,0.9878098,0.01341248,0.09230622,-0.1246253;
racing,killPlane,5,3,5,567.5531,378.3832,197.2291,0.5140032,0.512212,0.4873871,0.4856886;
racing,killPlane,5,3,5,566.302,378.0952,228.6475,0.5251976,0.536314,0.462273,0.4720576;
racing,killPlane,5,3,5,573.7565,376.315,213.0112,0.511869,0.5227033,0.4769896,0.4870857;
racing,killPlane,5,3,5,566.0245,331.9703,334.6834,0.6807787,0.2330827,0.6569761,0.2249338;
racing,killPlane,5,3,5,574.4918,285.2233,367.9663,0.6544765,0.1926229,0.7013872,0.2064292;
custom,tube,stone6,5,30,5,0,0,0,0,1.0,1.0,581.8875,389.7355,-266.4447,-0.7252375,0.01337214,-0.01409129,-0.6882247;
custom,tube,stone6,5,5,5,0,0,0,0,1.0,1.0,588.7569,394.3286,-373.0244,-0.7074609,0.09967254,-0.09881191,-0.6926764;
custom,tube,stone6,5,5,5,0,0,0,0,1.0,1.0,599.4904,394.24,-388.7139,-0.6470645,0.2670586,-0.2682863,-0.661823;
custom,tube,stone6,5,5,5,0,0,0,0,1.0,1.0,618.3079,393.1812,-402.6562,-0.5539954,0.4041946,-0.3935319,-0.6122487;
custom,tube,stone6,5,25,5,0,0,0,0,1.0,1.0,701.8829,387.876,-438.474,-0.577154,0.3962283,-0.3774492,-0.6061589;
custom,cuboid,empty,5,25,1,0,0,0,0,1.0,1.0,774.3716,240.2582,-468.9878,0,0.541082,0,-0.8409699;
custom,cuboid,empty,5,25,1,0,0,0,0,1.0,1.0,807.9994,241.9238,-485.3855,0,0.5318956,0,-0.8468099;
custom,cuboid,empty,5,25,1,0,0,0,0,1.0,1.0,800.13,239.8969,-459.4771,0,0.9739131,0,-0.2269215;
custom,cuboid,empty,5,25,1,0,0,0,0,1.0,1.0,780.7969,240.1116,-496.5895,0,0.24386,0,0.9698104;
custom,cuboid,empty,5,5,1,0,0,0,0,1.0,1.0,808.5034,387.0265,-488.7249,0,0.5097922,0,-0.8602976;
custom,cuboid,empty,5,5,1,0,0,0,0,1.0,1.0,799.7369,387.7675,-461.612,0,0.9649031,0,-0.2626063;
custom,cuboid,empty,5,5,1,0,0,0,0,1.0,1.0,779.3416,387.4113,-495.1233,0,0.2372473,0,0.9714493;
custom,cuboid,empty,5,1,5,0,0,0,0,1.0,1.0,790.1008,412.4783,-478.6161,0,0.496646,0,-0.8679532;
custom,tube,empty,5,15,5,0,0,0,0,1.0,1.0,786.7501,72.10117,-474.4422,0,0.5542557,0,-0.8323464;
custom,tube,empty,5,10,5,0,0,0,0,1.0,1.0,780.824,-8.420898,-464.0971,0.1326139,0.8187832,-0.08930589,-0.5513911;
custom,tube,empty,5,5,5,0,0,0,0,1.0,1.0,774.2101,-48.93877,-447.4445,0.2417254,0.7857408,-0.1674172,-0.5441982;
custom,tube,empty,5,5,5,0,0,0,0,1.0,1.0,765.4116,-63.29524,-434.1427,0.4129776,0.7701998,-0.2296819,-0.428355;
custom,tube,empty,5,5,5,0,0,0,0,1.0,1.0,759.5023,-71.7306,-425.5593,0.05120191,0.78716,-0.6144608,-0.01398323;
custom,tube,empty,5,5,5,0,0,0,0,1.0,1.0,757.6522,-73.63464,-412.677,0.06595151,0.5164849,-0.852818,0.03994167;
custom,tube,empty,5,5,5,0,0,0,0,1.0,1.0,756.4767,-60.20198,-397.623,-0.02358352,0.9278666,0.3673685,0.05956516;
custom,tube,empty,5,5,5,0,0,0,0,1.0,1.0,739.0007,-10.76828,-390.1588,-0.1733353,0.8131806,-0.3024192,-0.4660846;
custom,tube,empty,5,5,5,0,0,0,0,1.0,1.0,721.4326,6.988529,-397.8659,-0.2519524,0.7318701,-0.3490842,-0.5282294;
custom,tube,empty,5,5,5,0,0,0,0,1.0,1.0,708.6043,20.67441,-405.178,-0.3800861,0.9176091,-0.04451003,0.1074567;
custom,tube,empty,5,5,5,0,0,0,0,1.0,1.0,749.0454,-29.95572,-385.3604,-0.1441108,0.7195559,-0.1568885,-0.660952;
custom,tube,empty,5,5,5,0,0,0,0,1.0,1.0,754.0322,-49.33673,-388.7672,-0.1863236,0.7943946,0.1320139,-0.5628439;
racing,killCuboid,5,1,3,800.3203,172.42,-479.4041,0,0.453095,0,-0.8914623;
racing,killCuboid,5,1,3,778.9425,203.5477,-475.2506,0,0.8356288,0,0.5492945;
racing,killCuboid,5,1,3,794.797,227.7015,-467.3944,0,0.9667993,0,-0.2555369;
racing,killCuboid,5,1,3,784.8942,265.6359,-491.0285,0,0.249177,0,0.968458;
racing,killCuboid,5,1,3,796.1996,315.8769,-467.247,0,0.9668113,0,-0.2554915;
racing,checkpointCuboid,5,1,5,790.3429,104.8953,-481.375,0,0.1097396,0,0.9939604;
racing,checkpointCuboid,5,5,1,584.5834,389.818,-259.1978,0,0.03625067,0,-0.9993427;
custom,cuboid,stone6,30,3,30,0,0,0,0,1.0,1.0,516.3337,-12.8115,525.7787,-3.566731E-05,0.9999981,-0.0006200188,0.001870429;
custom,cuboid,stone6,30,3,30,0,0,0,0,1.0,1.0,516.5905,63.95019,524.415,0,0.9999847,0,-0.005536511;
custom,cuboid,stone1,3,10,30,0,0,0,0,1.0,1.0,515.769,21.83286,659.7317,0,0.7075242,0,-0.7066891;
custom,cuboid,stone1,3,10,30,0,0,0,0,1.0,1.0,516.2443,23.00479,391.2637,0,0.7060629,0,0.7081493;
custom,cuboid,stone1,3,10,30,0,0,0,0,1.0,1.0,651.4104,21.69491,526.2648,0,1,0,-0.0002481275;
custom,cuboid,stone1,3,10,30,0,0,0,0,1.0,1.0,380.4103,20.48192,526.4935,0,0.9999959,0,-0.002864123;
racing,killCuboid,5,1,5,577.8138,253.8288,428.5393,0,0.7294909,0,-0.6839906;
racing,endSphere,1,1,1,511.2474,29.52269,623.2653,0,0.1110662,0,-0.993813;
racing,killArc180,3,10,3,488.0529,25.94945,627.8089,0,0.1387687,0,0.9903249;
racing,killArc180,3,10,3,454.6367,24.16169,611.1091,0,0.01225342,0,-0.999925;
racing,killArc180,3,10,3,513.3455,22.98365,593.8394,0,0.8872226,0,-0.4613417;
racing,killArc180,3,10,3,488.8587,21.82215,563.8743,0,0.6538013,0,-0.7566663;
racing,checkpointCuboid,5,1,5,570.3542,265.5072,113.3706,0.002819675,0.6868719,0.004411865,0.7267597;
custom,cuboid,ice1,3,10,1,0,1,1,1,1.0,1.0,-767.1298,106.4943,45.79066,0,-0.04897938,0,-0.9987999;
racing,killCuboid,3,10,1,-758.028,109.8838,47.36941,0,0.6413587,0,-0.7672412;
racing,killArc180,3,10,3,514.0984,23.66855,629.5115,0,0.8103032,0,0.5860111;
racing,killArc180,3,10,3,545.1509,24.54389,559.7579,0,0.7840416,0,-0.6207083;
racing,killArc180,3,10,3,552.6348,25.61975,617.1387,0,0.488438,0,0.8725986;
racing,killArc180,3,10,3,580.5972,25.47809,602.1403,0,0.2042969,0,-0.978909;
racing,killArc180,3,10,3,429.1303,25.1878,628.3107,0,0.02981262,0,0.9995555;
racing,killArc180,3,10,3,588.6046,22.60681,556.8297,0,0.2171699,0,-0.9761338;
racing,killArc180,3,10,3,567.4781,24.71729,533.0762,0,0.7397004,0,0.6729364;
racing,killArc180,3,10,3,530.6847,23.38631,523.4984,0,0.8464729,0,0.5324318;
racing,killArc180,3,10,3,471.5162,25.97423,535.1245,0,0.9253996,0,0.378993;
racing,killPlane,2,10,10,493.2335,4.565309,526.003,-0.6816633,0.02292858,-0.02138126,-0.730994;
racing,killArc180,2,10,2,437.9531,25.40525,564.9946,0,0.9087012,0,0.4174472;
racing,killArc180,2,10,2,415.4003,26.14099,598.1069,0,0.9818802,0,0.1895025;
custom,cuboid,metal2,5,5,1,0,1,1,1,1.0,1.0,-329.8174,260.8613,-422.9358,-0.005703916,0.6293371,0.008782008,-0.7770619;
custom,cuboid,metal2,1,5,1,0,1,1,1,1.0,1.0,-330.9681,275.9823,-442.1124,0.2877152,0.5797135,-0.4120494,-0.6413795;
custom,cuboid,metal2,1,5,1,0,1,1,1,1.0,1.0,-334.6171,257.8663,-437.0894,-0.2867108,0.6011014,0.3211492,-0.6733033;
custom,cuboid,metal2,1,5,1,0,1,1,1,1.0,1.0,-333.5001,269.0903,-486.5782,0.2141953,0.7624705,0.2495466,0.5572123;
custom,cuboid,metal2,1,5,1,0,1,1,1,1.0,1.0,-334.6247,250.6272,-482.6293,0.2648835,0.6490773,-0.2694446,-0.6602538;
custom,cuboid,default,5,10,1,0,1,1,1,1.0,1.0,652.1719,125.8246,281.8123,0,0.7352067,0,0.677843;
custom,cuboid,default,10,5,1,0,1,1,1,1.0,1.0,649.8137,51.83422,257.9259,0,0.7147715,0,0.699358;
custom,cuboid,default,4,10,1,0,1,1,1,1.0,1.0,626.7614,71.48695,164.4505,0,0.7101778,0,0.7040225;
custom,sphere,default,4,4,1,0,1,1,1,1.0,1.0,630.7417,145.9153,164.8964,0,0.7178126,0,0.6962364;
custom,sphere,default,8,8,8,0,1,1,1,1.0,1.0,654.2629,107.6317,73.08779,0,0.7223532,0,0.6915244;
custom,cuboid,default,4,10,1,0,1,1,1,1.0,1.0,634.3027,70.21545,45.48928,0,0.6787633,0,0.7343571;
custom,cuboid,default,10,4,1,0,1,1,1,1.0,1.0,637.8812,33.61172,82.38903,0,0.7177857,0,0.6962641;
custom,cuboid,default,4,10,1,0,1,1,1,1.0,1.0,634.1899,83.30328,-12.01639,0,0.6835516,0,0.7299022;
custom,cuboid,default,4,10,1,0,1,1,1,1.0,1.0,638.5509,81.26552,-62.61885,0,0.7116779,0,0.7025059;
custom,cuboid,default,4,2,1,0,1,1,1,1.0,1.0,635.9326,80.00046,-37.0693,0,0.6819536,0,0.7313954;
custom,cuboid,default,4,15,1,0,1,1,1,1.0,1.0,638.462,85.71346,-144.1719,0,0.6977397,0,0.7163514;
custom,cuboid,default,10,5,1,0,1,1,1,1.0,1.0,639.8126,150.2464,-152.5267,0,0.6946056,0,0.7193907;
racing,killPlane,15,5,10,121.3877,273.2486,-796.1481,-0.6591766,0.06023278,0.05310233,0.7476888;
custom,cuboid,default,2,5,1,1,0,0,0,1.0,1.0,164.741,244.2947,-791.0635,0.1873804,0.7193643,-0.1686048,-0.6472836;
custom,cuboid,default,2,5,1,1,0,0,0,1.0,1.0,166.4943,247.8899,-739.1748,0.03817052,0.7200968,0.009205193,-0.6927618;
custom,cuboid,default,3,5,1,1,0,0,0,1.0,1.0,174.4332,277.9008,-745.0684,-0.2880009,0.6038063,-0.3199926,0.6708786;
custom,cuboid,default,1,1,1,1,0,0,0,1.0,1.0,169.4082,243.4502,-751.1323,0.2388771,0.6671578,0.2378465,0.6642796;
racing,killCuboid,5,10,1,-71.86826,73.05262,299.4012,0,0.8830343,0,-0.4693085;
racing,killPlane,1,10,8,424.0898,47.59988,577.3796,0.3595393,0.6195284,0.6232505,-0.3138072;
racing,killCuboid,30,1,30,516.4121,77.82819,528.5162,0,0.999973,0,-0.007351367;
racing,killCuboid,30,1,30,510.8972,-27.6335,526.2648,0,-0.007113649,0,0.9999747;
racing,killCuboid,30,15,1,664.3588,7.0988,520.5796,0,0.7072873,0,-0.7069262;
racing,killCuboid,30,15,1,518.0948,7.85165,676.605,0,0.9999524,0,-0.009752163;
racing,killCuboid,30,15,1,367.8643,9.609718,529.2332,0,0.709409,0,0.704797;
racing,killCuboid,30,15,1,510.57,8.229808,377.6185,0,0.00707193,0,0.999975;
racing,checkpointCuboid,5,50,5,578.7874,22.61758,426.5048,0,0.7467091,0,-0.6651508;
racing,killCuboid,6,20,6,574.7146,164.2739,426.9003,0,0.7269915,0,-0.6866466;
racing,killCuboid,6,20,6,574.6179,-154.4657,428.5318,0,0.7613922,0,-0.6482916;
custom,cuboid,wood3,0.1,0.5,1,0,1,1,1,1.0,1.0,488.0927,4.260409,408.4941,0,0.9999079,0,0.01357009;
custom,cuboid,wood3,0.5,0.1,1,0,1,1,1,1.0,1.0,490.293,4.24517,408.5032,0,0.9999882,0,0.004855689;
racing,endPlane,0.1,1,0.1,490.3721,5.490764,406.8982,0.6724564,0.0996673,0.7275876,-0.09211484;
custom,cuboid,wood3,0.1,0.5,1,0,1,1,1,1.0,1.0,492.2193,4.180409,408.5691,0,0.9999977,0,-0.002137457;
custom,cuboid,wood3,0.5,1,0.1,0,1,1,1,1.0,1.0,490.1775,6.028092,408.3284,0,0.9999999,0,0.0004722838;
custom,sphere,lava1,1,1,1,0,1,1,1,1.0,1.0,473.3348,26.19835,421.2867,0,0.9999586,0,0.009103725;
custom,sphere,grass2,1,1,1,0,1,1,1,1.0,1.0,509.6925,11.93604,421.3239,0,0.9996471,0,0.02656572;
custom,sphere,crystal2,1,1,1,0,1,1,1,1.0,1.0,509.9202,26.52092,421.7284,0,0.9999585,0,0.009112786;
custom,sphere,wood3,1,1,1,0,1,1,1,1.0,1.0,491.3044,38.72092,416.8888,0,0.9999585,0,0.009112786;
custom,sphere,empty,1,1,1,0,1,1,1,1.0,1.0,470.7564,11.53603,416.1417,0,0.9996471,0,0.02656572;