//floating rock;
//logic stuff;
racing,endCuboid,15,1.5,15,17.46563,615.5,-65.20689,0,1,0,0;
//racing,endCuboid,1,1,1,85.45794,619.0739,16.11997,0,0.3078335,0,0.9514403;


custom,cuboid,metal4,1,1,1,0,1,1,1,0.1,0.1,-5,5,0,0,1,0,0;
custom,cuboid,metal4,1,1,1,0,1,1,1,0.1,0.1,5,5,0,0,1,0,0;
misc,region,Clock1,10,10,10,-5,15,0,1,0,0,0;
misc,region,Clock2,10,10,10,5,15,0,1,0,0,0;

misc,barrier,4,1,3,0,5,0,1,0,0,0;
misc,barrier,4,1,3,0,25,0,1,0,0,0;

misc,barrier,1,3,3,15,15,0,1,0,0,0;
misc,barrier,1,3,3,-15,15,0,1,0,0,0;

misc,barrier,4,3,1,0,15,10,1,0,0,0;
misc,barrier,4,3,1,0,15,-10,1,0,0,0;

//solid;
//red;
custom,killCuboid,bombexplosiontex,1,1,1,1,1,0,0,999999,999999,-432.0876,39.18491,-594.3502,0,1,0,0;
//orange;
custom,killCuboid,bombexplosiontex,1,1,1,1,1,0.5,0,999999,999999,-297.3697,163.8414,-514.1451,0,1,0,0;
//yellow;
custom,killCuboid,bombexplosiontex,1,1,1,1,1,1,0,999999,999999,-591.602,3.899019,636.8041,0,1,0,0;
//green;
custom,killCuboid,bombexplosiontex,1,1,1,1,0,1,0,999999,999999,327.9432,4.173243,60.05257,0,1,0,0;
//cyan;
custom,killCuboid,bombexplosiontex,1,1,1,1,0,1,1,999999,999999,-264.4085,4.313686,447.4826,0,1,0,0;
//blue;
custom,killCuboid,bombexplosiontex,1,1,1,1,0,0,1,999999,999999,-422.8524,30.43399,-41.89697,0,1,0,0;
//purple;
custom,killCuboid,bombexplosiontex,1,1,1,1,0.5,0,1,999999,999999,-307.597,62.80393,-179.339,0,1,0,0;
//magenta;
custom,killCuboid,bombexplosiontex,1,1,1,1,1,0,1,999999,999999,-160.7216,0.2749964,-202.2682,0,1,0,0;

//circles;
//red;
custom,killCuboid,bombexplosiontex,1,1,1,1,1,0,0,3,3,-569.2565,4.194269,504.3852,0,1,0,0;
//orange;
custom,killCuboid,bombexplosiontex,1,1,1,1,1,0.5,0,3,3,-241.5583,73.40927,-342.604,0,1,0,0;
//yellow;
custom,killCuboid,bombexplosiontex,1,1,1,1,1,1,0,3,3,464.254,0.8077099,398.9438,0,1,0,0;
//green;
custom,killCuboid,bombexplosiontex,1,1,1,1,0,1,0,3,3,264.2325,69.75076,485.0571,0,1,0,0;
//cyan;
custom,killCuboid,bombexplosiontex,1,1,1,1,0,1,1,3,3,305.8861,3.885659,-464.6095,0,1,0,0;
//blue;
custom,killCuboid,bombexplosiontex,1,1,1,1,0,0,1,3,3,371.2513,3.612307,274.444,0,1,0,0;
//purple;
custom,killCuboid,bombexplosiontex,1,1,1,1,0.5,0,1,3,3,475.5799,144.0152,-313.5016,0,1,0,0;
//magenta;
custom,killCuboid,bombexplosiontex,1,1,1,1,1,0,1,3,3,349.5224,134.7898,160.9544,0,1,0,0;

//stripes;
//red;
custom,killCuboid,bombexplosiontex,1,1,1,1,1,0,0,3,0.075,-361.0291,90.16308,466.3764,0,1,0,0;
custom,killCuboid,bombexplosiontex,1,-1,1,1,1,0,0,3,0.075,-361.0291,90.16308,466.3764,0,1,0,0;
//orange;
custom,killCuboid,bombexplosiontex,1,1,1,1,1,0.5,0,3,0.075,-374.4629,105.1342,217.0626,0,1,0,0;
custom,killCuboid,bombexplosiontex,1,-1,1,1,1,0.5,0,3,0.075,-374.4629,105.1342,217.0626,0,1,0,0;
//yellow;
custom,killCuboid,bombexplosiontex,1,1,1,1,1,1,0,3,0.075,493.1188,170.8479,-445.5925,0,1,0,0;
custom,killCuboid,bombexplosiontex,1,-1,1,1,1,1,0,3,0.075,493.1188,170.8479,-445.5925,0,1,0,0;
//green;
custom,killCuboid,bombexplosiontex,1,1,1,1,0,1,0,3,0.075,227.0379,4.533385,-384.643,0,1,0,0;
custom,killCuboid,bombexplosiontex,1,-1,1,1,0,1,0,3,0.075,227.0379,4.533385,-384.643,0,1,0,0;
//cyan;
custom,killCuboid,bombexplosiontex,1,1,1,1,0,1,1,3,0.075,405.1976,137.3965,-348.2707,0,1,0,0;
custom,killCuboid,bombexplosiontex,1,-1,1,1,0,1,1,3,0.075,405.1976,137.3965,-348.2707,0,1,0,0;
//blue;
custom,killCuboid,bombexplosiontex,1,1,1,1,0,0,1,3,0.075,-552.2741,4.565095,-527.9809,0,1,0,0;
custom,killCuboid,bombexplosiontex,1,-1,1,1,0,0,1,3,0.075,-552.2741,4.565095,-527.9809,0,1,0,0;
//purple;
custom,killCuboid,bombexplosiontex,1,1,1,1,0.5,0,1,3,0.075,-198.7697,42.36176,-384.1721,0,1,0,0;
custom,killCuboid,bombexplosiontex,1,-1,1,1,0.5,0,1,3,0.075,-198.7697,42.36176,-384.1721,0,1,0,0;
//magenta;
custom,killCuboid,bombexplosiontex,1,1,1,1,1,0,1,3,0.075,235.3207,176.7748,369.6172,0,1,0,0;
custom,killCuboid,bombexplosiontex,1,-1,1,1,1,0,1,3,0.075,235.3207,176.7748,369.6172,0,1,0,0;










//kill zones;
//custom,cuboid,default,8,13,8,1,1,0,0,1.0,1.0,34.54452,568.5,-63.44831,0,1,0,0;
//custom,cuboid,default,13,7.5,13,1,1,0,0,1.0,1.0,34.87501,589,-65.64787,0,1,0,0;


spawnpoint,playerC,-61.63566,652.9691,-118.1579,0,0.9238843,0,-0.382672;
spawnpoint,playerM,-64.65469,652.9626,-92.65013,0,0.7446182,0,-0.6674907;
spawnpoint,playerC,14.9205,653.0636,-119.4946,0,0.9972483,0,0.07413394;
spawnpoint,playerM,34.27001,653.0138,-114.1438,0,0.9785035,0,0.2062301;
spawnpoint,playerC,111.7699,653.0742,-25.8954,0,0.7070827,0,0.707131;
spawnpoint,playerM,106.692,653.0205,-59.8736,0,0.8968563,0,0.442322;
spawnpoint,playerC,-23.93376,653.0208,-18.60136,0,0.2567639,0,-0.9664742;
spawnpoint,playerM,-3.036462,652.9304,-15.10821,0,0.01533702,0,-0.9998824;
spawnpoint,playerC,-9.003766,710.0132,-106.0234,0,0.9433975,0,-0.3316642;
spawnpoint,playerM,-62.92442,712.9792,-61.46686,0,0.2354584,0,0.9718844;
spawnpoint,playerC,75.3836,712.8607,-22.22336,0,0.004247978,0,0.999991;
spawnpoint,playerM,61.24817,737.1912,1.68332,0,0.869219,0,0.4944274;
custom,killCylinder,bombexplosiontex,6,0.75,6,1,1,0,0,5.0,0.05,29.68373,511.3924,-63.07286,0,1,0,0;
custom,killCylinder,bombexplosiontex,6,0.75,-6,1,1,0,0,5.0,0.05,29.68373,511.3924,-63.07286,0,1,0,0;

custom,killCylinder,bombexplosiontex,6,0.75,6,1,1,0,0,5.0,0.05,29.68373,511.3924,-63.07286,0,1,0,1;
custom,killCylinder,bombexplosiontex,6,0.75,-6,1,1,0,0,5.0,0.05,29.68373,511.3924,-63.07286,0,1,0,1;


racing,startTube,30,20,30,11.8003,707.5,-46.89094,0,0.01696854,0,-0.999856;
racing,startCylinder,35,1.5,35,11.8003,767.5,-46.89094,0,0.01696854,0,-0.999856;
custom,cylinder,grass,30,0.75,30,0,1,1,1,1.0,1.0,17.46563,645.5,-65.20689,0,0.01696854,0,-0.9998561;
custom,cylinder,rock3,30,0.75,30,0,1,1,1,1.0,1.0,17.46563,630.5,-65.20689,0,0.01696854,0,-0.9998561;
custom,windmill1,default,1,1,1,0,1,1,1,1.0,1.0,-71.11063,766.1641,37.50093,0,-0.32869,0,-0.9444379;
custom,tree2,default,1,1,1,0,1,1,1,1.0,1.0,75.147,719.5328,-7.659379,0,0.09182248,0,-0.9957754;
custom,tree2,default,1,1,1,0,1,1,1,1.0,1.0,-56.04216,717.8256,-52.76281,0,0.5078268,0,-0.8614593;
custom,tree2,default,1,1,1,0,1,1,1,1.0,1.0,-17.38853,720.5231,-116.8629,0,0.1477512,0,-0.9890246;
custom,log2,default,1,1,1,0,1,1,1,1.0,1.0,154.421,671.6185,-57.53123,-0.1375502,0.5524737,-0.03783422,-0.8212316;
custom,boulder1,default,3,3,3,0,1,1,1,1.0,1.0,126.0463,635.6839,-170.2054,0,0.6502886,0,-0.7596872;
custom,boulder1,default,3,3,3,0,1,1,1,1.0,1.0,23.37573,510.7391,-16.86503,-0.06927536,0.7176427,0.6874038,0.08755569;
custom,boulder1,default,3,3,3,0,1,1,1,1.0,1.0,-16.21643,499.8608,-73.40359,0.251508,-0.07296985,-0.7122811,-0.6512103;
custom,boulder1,default,3,3,3,0,1,1,1,1.0,1.0,74.73814,504.3477,-40.11911,-0.1901497,0.1986354,0.660252,-0.6988952;
custom,boulder1,default,3,3,3,0,1,1,1,1.0,1.0,9.631114,511.9845,-110.7766,-0.5726623,-0.4187957,-0.4372593,0.5526956;
custom,boulder1,default,3,3,3,0,1,1,1,1.0,1.0,62.49811,510.6115,-105.5127,-0.6650072,-0.2109078,-0.2586473,0.6681206;
custom,boulder1,default,3,3,3,0,1,1,1,1.0,1.0,-32.0042,535.0442,-46.04646,0,0.08682009,0,0.996224;
custom,boulder1,default,3,3,3,0,1,1,1,1.0,1.0,-61.81532,588.9471,-36.82872,0,0.0476416,0,0.9988645;
custom,boulder1,default,3,3,3,0,1,1,1,1.0,1.0,-111.627,632.1414,-33.25273,0,0.04328278,0,0.9990629;
custom,boulder1,default,3,3,3,0,1,1,1,1.0,1.0,-24.16361,538.1458,-92.64459,0,0.1178764,0,-0.9930283;
custom,boulder1,default,3,3,3,0,1,1,1,1.0,1.0,-59.66074,577.2599,-89.71851,0,0.07228754,0,-0.9973838;
custom,boulder1,default,3,3,3,0,1,1,1,1.0,1.0,-104.8224,599.2184,-84.41622,0,0.07449458,0,-0.9972214;
custom,boulder1,default,3,3,3,0,1,1,1,1.0,1.0,-141.597,626.7415,-84.43317,0,0.03233133,0,0.9994772;
custom,boulder1,default,3,3,3,0,1,1,1,1.0,1.0,-16.54753,565.9872,-115.5009,0,0.4309058,0,-0.902397;
custom,boulder1,default,3,3,3,0,1,1,1,1.0,1.0,-51.56784,600.7858,-138.626,0,0.4309058,0,-0.902397;
custom,boulder1,default,3,3,3,0,1,1,1,1.0,1.0,-108.3793,628.5157,-162.7113,0,0.4309058,0,-0.902397;
custom,boulder1,default,3,3,3,0,1,1,1,1.0,1.0,30.69202,556.1459,-132.5663,0,0.9128458,0,-0.4083044;
custom,boulder1,default,3,3,3,0,1,1,1,1.0,1.0,32.43851,599.1694,-153.7535,0,0.816911,0,-0.5767637;
custom,boulder1,default,3,3,3,0,1,1,1,1.0,1.0,30.61569,626.873,-200.5255,0,0.8143871,0,-0.5803221;
custom,boulder1,default,3,3,3,0,1,1,1,1.0,1.0,83.27856,554.2009,-98.61637,0,0.9768726,0,-0.2138223;
custom,boulder1,default,3,3,3,0,1,1,1,1.0,1.0,109.5993,599.5978,-123.2364,0,0.9768726,0,-0.2138223;
custom,boulder1,default,3,3,3,0,1,1,1,1.0,1.0,147.9373,622.0219,-153.0104,0,0.9870764,0,-0.1602505;
custom,boulder1,default,3,3,3,0,1,1,1,1.0,1.0,73.6331,550.8727,-24.09833,0,0.9199644,0,0.3920019;
custom,boulder1,default,3,3,3,0,1,1,1,1.0,1.0,98.19166,589.7508,-10.73682,0,0.8816805,0,0.471847;
custom,boulder1,default,3,3,3,0,1,1,1,1.0,1.0,132.6305,613.5215,16.42588,0,0.8743717,0,0.4852568;
custom,boulder1,default,3,3,3,0,1,1,1,1.0,1.0,166.0758,622.5264,44.58139,0,0.8897796,0,0.4563905;
custom,boulder1,default,3,3,3,0,1,1,1,1.0,1.0,47.72433,563.4319,-4.016583,0,0.5405163,0,0.8413336;
custom,boulder1,default,3,3,3,0,1,1,1,1.0,1.0,43.15073,603.631,17.86212,0,0.5405163,0,0.8413336;
custom,boulder1,default,3,3,3,0,1,1,1,1.0,1.0,38.05084,626.8298,56.21266,0,0.5405163,0,0.8413336;
custom,boulder1,default,3,3,3,0,1,1,1,1.0,1.0,29.35995,638.0291,99.73892,0,0.5405163,0,0.8413336;
custom,boulder1,default,3,3,3,0,1,1,1,1.0,1.0,0.9438905,564.3021,-5.735568,0,0.8540695,0,-0.5201589;
custom,boulder1,default,3,3,3,0,1,1,1,1.0,1.0,-7.876373,606.9152,-0.1845243,0,0.867398,0,-0.497615;
custom,boulder1,default,3,3,3,0,1,1,1,1.0,1.0,-20.78263,635.5751,34.68414,0,0.8717111,0,-0.4900203;
custom,boulder1,default,3,3,3,0,1,1,1,1.0,1.0,-14.30333,637.5898,70.68722,0,0.9159527,0,0.4012861;
custom,boulder1,default,3,3,3,0,1,1,1,1.0,1.0,-57.41355,639.015,42.80261,0,0.9253153,0,0.3791986;
custom,boulder1,default,3,3,3,0,1,1,1,1.0,1.0,-77.22941,638.0961,7.108606,0,0.7969607,0,0.6040312;
custom,boulder1,default,3,3,3,0,1,1,1,1.0,1.0,-73.28315,597.0031,-18.7997,0,0.1332893,0,-0.9910772;
custom,boulder1,default,3,3,3,0,1,1,1,1.0,1.0,-107.7904,614.0082,-129.242,0,0.5367656,0,0.8437314;
custom,boulder1,default,3,3,3,0,1,1,1,1.0,1.0,-131.4406,630.0082,-128.383,0,0.5367656,0,0.8437314;
custom,boulder1,default,3,3,3,0,1,1,1,1.0,1.0,-65.28442,628.5659,-184.1162,0,0.179449,0,0.9837673;
custom,boulder1,default,3,3,3,0,1,1,1,1.0,1.0,-5.032691,611.1696,-154.9187,0,0.06039791,0,0.9981744;
custom,boulder1,default,3,3,3,0,1,1,1,1.0,1.0,-18.20762,628.1158,-200.2564,0,0.04294819,0,0.9990773;
custom,boulder1,default,3,3,3,0,1,1,1,1.0,1.0,78.02039,608.527,-162.1682,0,0.6219618,0,0.7830476;
custom,boulder1,default,3,3,3,0,1,1,1,1.0,1.0,102.4275,628.5569,-190.376,0,0.6219618,0,0.7830476;
custom,boulder1,default,3,3,3,0,1,1,1,1.0,1.0,112.0822,602.524,-64.01807,0,0.06899756,0,0.9976168;
custom,boulder1,default,3,3,3,0,1,1,1,1.0,1.0,168.9877,622.8269,-101.562,0,0.06899752,0,0.9976168;
custom,boulder1,default,3,3,3,0,1,1,1,1.0,1.0,179.0784,619.4193,-34.23622,0,0.04065283,0,0.9991733;
custom,boulder1,default,3,3,3,0,1,1,1,1.0,1.0,99.08524,563.0226,-63.26977,0,0.8030381,0,-0.5959278;
custom,boulder1,default,3,3,3,0,1,1,1,1.0,1.0,72.49852,578.5215,-145.6258,0,0.9797608,0,0.2001722;
custom,boulder1,default,3,3,3,0,1,1,1,1.0,1.0,141.863,587.278,-95.51757,-0.2429438,0.6464562,-0.2289222,-0.686052;
custom,boulder1,default,3,3,3,0,1,1,1,1.0,1.0,134.2769,580.9659,-22.37768,0.2438459,-0.654655,-0.2655533,-0.6644153;
custom,boulder1,default,3,3,3,0,1,1,1,1.0,1.0,80.69642,585.785,32.66051,0.2639573,0.5750059,-0.347256,-0.6921765;
custom,boulder1,default,3,3,3,0,1,1,1,1.0,1.0,106.6123,621.2185,66.69011,0.2146321,0.5146391,-0.08882897,-0.8253418;
custom,boulder1,default,3,3,3,0,1,1,1,1.0,1.0,164.2598,631.0973,-57.73658,0,0.7246383,0,-0.6891294;
custom,boulder1,default,3,3,3,0,1,1,1,1.0,1.0,172.7337,639.3073,-15.20351,0,0.7230965,0,0.690747;
custom,boulder1,default,3,3,3,0,1,1,1,1.0,1.0,138.661,646.0102,18.33069,0,0.9540592,0,-0.299618;
custom,boulder1,default,3,3,3,0,1,1,1,1.0,1.0,101.5251,649.61,61.93991,0,0.004631076,0,-0.9999893;
custom,boulder1,default,3,3,3,0,1,1,1,1.0,1.0,-120.8881,650.2371,-63.24075,0,0.9976434,0,-0.06861268;
custom,boulder1,default,3,3,3,0,1,1,1,1.0,1.0,1.056703,646.0604,-184.3923,0,0.7180197,0,-0.6960229;
custom,boulder1,default,3,3,3,0,1,1,1,1.0,1.0,62.09502,651.8463,77.32887,0,0.2046405,0,0.9788372;
custom,boulder1,default,3,3,3,0,1,1,1,1.0,1.0,1.782485,658.2261,69.67833,0,0.5342419,0,-0.8453317;
custom,boulder1,default,3,3,3,0,1,1,1,1.0,1.0,-93.49757,651.8505,-9.070306,0,-0.5650539,0,-0.8250541;
custom,boulder1,default,3,3,3,0,1,1,1,1.0,1.0,152.8751,650.0238,-98.37959,0,0.2726314,0,-0.9621186;
custom,boulder1,default,3,3,3,0,1,1,1,1.0,1.0,125.0626,667.1015,-141.7958,0,0.9284645,0,-0.3714212;
custom,boulder1,default,3,3,3,0,1,1,1,1.0,1.0,62.12275,656.1671,-175.6668,0,0.8181204,0,-0.575047;
custom,boulder1,default,3,3,3,0,1,1,1,1.0,1.0,-85.68308,633.256,-168.6015,0,0.2839915,0,-0.9588268;
custom,boulder1,default,3,3,3,0,1,1,1,1.0,1.0,151.5394,655.9766,43.81072,0,0.9947037,0,-0.1027846;
custom,boulder1,default,3,3,3,0,1,1,1,1.0,1.0,-61.53492,603.6296,54.46444,0,0.9361895,0,0.3514956;
custom,boulder1,default,3,3,3,0,1,1,1,1.0,1.0,-54.69196,638.4282,73.6825,0,0.3990885,0,0.9169125;
custom,boulder1,default,3,3,3,0,1,1,1,1.0,1.0,-87.88016,652.8941,66.20037,0,0.9943452,0,-0.1061967;
custom,boulder1,default,3,3,3,0,1,1,1,1.0,1.0,-90.55179,617.6959,63.93678,0.1522551,0.8468648,-0.3387218,0.3806651;
custom,boulder1,default,3,3,3,0,1,1,1,1.0,1.0,-100.0372,632.0331,26.3173,0.5607763,0.7284282,0.08946539,-0.3832991;
custom,boulder1,default,3,3,3,0,1,1,1,1.0,1.0,-122.7084,641.2189,-108.4623,0,0.9976488,0,0.06853518;
custom,boulder1,default,3,3,3,0,1,1,1,1.0,1.0,-31.78766,637.2829,-174.8105,0,0.998634,0,-0.0522513;
custom,boulder1,default,3,3,3,0,1,1,1,1.0,1.0,47.71706,632.2398,-194.0405,-0.5495193,-0.4428191,-0.4243537,-0.5673305;
custom,boulder1,default,3,4,3,0,1,1,1,1.0,1.0,-81.99173,694.0023,33.69573,0,0.5952745,0,0.8035224;
custom,boulder1,default,3,4,3,0,1,1,1,1.0,1.0,-49.09597,690.0778,62.21473,0,0.004688251,0,-0.9999891;
custom,boulder1,default,3,4,3,0,1,1,1,1.0,1.0,-93.25084,695.4933,64.9663,0,0.8956649,0,-0.4447298;
custom,boulder1,default,3,5,3,0,1,1,1,1.0,1.0,-76.33778,736.6336,60.50734,0,0.1235138,0,-0.9923429;
custom,boulder1,default,3,3,3,0,1,1,1,1.0,1.0,-42.6706,573.7139,-9.357733,0.1639717,0.9195522,-0.3209751,0.1565634;







base,aot_supply,11.44595,-0.002562165,-26.64985,0,0.9113442,0,0.4116453;
base,aot_supply,-265.9604,-0.2538801,-289.1365,0,0.9264397,0,-0.3764433;
base,aot_supply,-265.2281,76.44436,-172.8177,0,0.9232543,0,0.3841894;
base,aot_supply,-438.8489,-0.161636,-509.2047,0,0.2084421,0,-0.9780347;
base,aot_supply,-268.4472,181.7754,-500.068,0,0.8109784,0,0.5850762;
base,aot_supply,-573.3585,-0.002477974,-65.02246,0,0.8431481,0,0.5376816;
base,aot_supply,-254.7165,0.02339143,88.84072,0,0.867414,0,0.4975872;
base,aot_supply,-453.6139,-0.09964743,566.2731,0,0.6695137,0,-0.7427997;
base,aot_supply,-520.6971,158.8923,219.8896,0,0.7722442,0,-0.6353259;
base,aot_supply,-515.804,-0.4172995,532.9142,0,0.0948313,0,0.9954934;
base,aot_supply,-115.5798,15.34553,461.8459,0,0.02962429,0,-0.9995611;
base,aot_supply,-67.87857,25.6433,-412.7369,0,0.6784856,0,-0.7346138;
base,aot_supply,303.9241,203.4608,-379.059,0,0.7861794,0,-0.6179985;
base,aot_supply,276.4659,-0.148204,73.71418,0,0.8713241,0,0.4907082;
base,aot_supply,495.5663,143.6283,108.0252,0,0.6694116,0,-0.7428917;
base,aot_supply,421.7225,-0.3672276,-172.2929,0,0.07025628,0,-0.997529;
base,aot_supply,463.9775,-0.3812941,405.2039,0,0.995075,0,0.09912548;
base,aot_supply,564.4548,-0.07774325,312.8222,0,0.2199259,0,-0.9755166;
base,aot_supply,129.6341,14.2821,141.0131,0,0.8765451,0,0.4813198;
base,aot_supply,-491.7016,-0.05025707,-135.5688,0,0.4705702,0,-0.8823625;

custom,boulder1,default,1,1,1,0,1,1,1,1,1,36.90571,4.3627,-28.33588,0,0.5609531,0,0.8278477;
custom,boulder1,default,1,1,1,0,1,1,1,1,1,26.82208,3.629089,-42.40268,0,-0.06720269,0,0.9977394;
custom,boulder1,default,1,1,1,0,1,1,1,1,1,37.38237,17.27753,-39.94932,0,0.672322,0,0.7402589;
custom,boulder1,default,1,1,1,0,1,1,1,1,1,43.41103,3.342167,-52.62954,0,0.04847909,0,-0.9988242;
custom,tree2,default,0.5,0.5,0.5,0,1,1,1,1,1,-1.395427,32.14944,-54.48843,0,0.9478744,0,0.3186443;
custom,leaf1,default,0.5,0.5,0.5,0,1,1,1,1,1,-0.4704861,68.01956,-56.87495,0,0.9544044,0,-0.298517;
custom,tree5,default,0.5,0.5,0.5,0,1,1,1,1,1,63.75579,23.39309,-9.227824,0,0.7701502,0,0.6378626;
custom,windmill1,default,0.5,0.5,0.5,0,1,1,1,1,1,-38.80116,-2.521651,-26.0582,0,0.4819646,0,-0.8761907;
custom,boulder1,default,3,3,3,0,1,1,1,1,1,-100.5582,8.47344,-106.75,0,0.7681714,0,0.6402443;
custom,boulder1,default,3,3,3,0,1,1,1,1,1,-128.6636,4.054151,-83.12471,0,0.3528963,0,0.9356624;
custom,boulder1,default,5,5,5,0,1,1,1,1,1,-156.0419,10.84734,-363.2277,-0.09233992,0.3664374,-0.03657532,-0.9251266;
custom,boulder1,default,5,5,5,0,1,1,1,1,1,-243.7518,0.6656686,-359.9001,0,0.9611791,0,-0.2759254;
custom,boulder1,default,5,5,5,0,1,1,1,1,1,-318.8988,7.948706,-326.7684,0.07548035,-0.755046,-0.07965099,0.6464242;
custom,boulder1,default,5,5,5,0,1,1,1,1,1,-76.33871,11.65794,-309.4301,-0.1738484,0.03580644,0.2169768,0.9599041;
custom,boulder1,default,4,4,4,0,1,1,1,1,1,-373.9424,3.61475,-198.1274,0,-0.277415,0,0.9607502;
custom,boulder1,default,4,4,4,0,1,1,1,1,1,-354.7282,5.300969,-138.9134,0,0.1213476,0,0.9926101;
custom,boulder1,default,5,5,5,0,1,1,1,1,1,-358.6121,2.283911,-274.0286,0,-0.1690235,0,0.9856121;
custom,cuboid,grass,7,7,7,0,1,1,1,1,1,-161.9897,-18.79197,-128.2869,0.2157159,0.7695926,-0.5016912,0.3309077;
custom,cuboid,grass,7,7,7,0,1,1,1,1,1,-128.0608,6.230197,-166.3659,0.1425258,0.8007451,-0.4853325,0.3208524;
custom,cuboid,grass,7,7,7,0,1,1,1,1,1,-97.30328,19.57527,-204.0313,-0.04330191,0.9375735,-0.007409977,0.3450014;
custom,boulder1,default,3,3,3,0,1,1,1,1,1,-92.55383,20.70715,-134.1069,-0.1302936,0.9859336,0.02488249,0.1016828;
custom,boulder1,default,3,3,3,0,1,1,1,1,1,-85.61167,37.9727,-173.0616,0,0.9999621,0,0.00870777;
custom,boulder1,default,4,4,4,0,1,1,1,1,1,-72.6994,4.203271,-182.4863,0,0.7454732,0,-0.6665356;
custom,boulder1,default,4,4,4,0,1,1,1,1,1,-68.62915,26.52685,-211.096,0,0.5000257,0,-0.8660106;
custom,boulder1,default,4,4,4,0,1,1,1,1,1,-80.24236,29.96532,-229.6104,0,0.8796928,0,-0.4755425;
custom,cuboid,grass,3,1,3,0,1,1,1,1,1,-124.7097,53.67809,-202.9655,0.09196874,0.8663133,0.2369019,-0.430024;
custom,cuboid,grass,3,1,3,0,1,1,1,1,1,-134.7983,64.04156,-211.1118,0.130951,0.8531284,0.3124025,-0.3967727;
custom,boulder1,default,1,1,1,0,1,1,1,1,1,-151.9709,43.80811,-192.1685,0,0.7398281,0,0.672796;
custom,boulder1,default,1,1,1,0,1,1,1,1,1,-138.9498,47.07772,-188.4376,0,0.9638249,0,0.2665364;
custom,boulder1,default,1,1,1,0,1,1,1,1,1,-145.336,61.81026,-201.2007,0,0.9075328,0,0.4199813;
custom,boulder1,default,1,4,5,0,1,1,1,1,1,-179.5308,35.61565,-164.8887,0,0.9411047,0,0.3381154;
custom,boulder1,default,1,4,5,0,1,1,1,1,1,-240.8292,39.69217,-111.5601,0,0.8630627,0,0.5050969;
custom,boulder1,default,1,1,1,0,1,1,1,1,1,-211.1995,0.6871072,-113.0172,0,0.9288028,0,0.3705742;
custom,boulder1,default,4,4,4,0,1,1,1,1,1,-260.3702,-4.7598,-97.62421,0,0.9858472,0,0.1676469;
custom,boulder1,default,4,4,4,0,1,1,1,1,1,-324.3687,-8.019396,-112.4383,0.002450208,0.7697612,-0.4632896,0.4391179;
custom,boulder1,default,4,4,4,0,1,1,1,1,1,-300.8961,34.71569,-107.572,-0.08775159,0.9523038,0.1167632,-0.2679248;
custom,boulder1,default,3,3,3,0,1,1,1,1,1,-128.8794,23.95099,-222.9239,0,0.4596792,0,0.8880851;
custom,cuboid,grass,4,1,15,0,1,1,1,1,1,-166.4427,71.85978,-217.0481,0,0.9350643,0,0.3544782;
custom,cuboid,grass,4,1,9,0,1,1,1,1,1,-248.8129,71.73351,-161.974,0,0.7476583,0,0.6640838;
custom,cuboid,grass,4,1,9,0,1,1,1,1,1,-295.5968,71.68491,-185.6535,0,0.2472131,0,0.9689611;
custom,boulder1,default,3,3,3,0,1,1,1,1,1,-248.8647,66.80232,-123.3824,0,0.8511495,0,0.5249235;
custom,boulder1,default,1,1,1,0,1,1,1,1,1,-208.0456,76.59749,-144.5665,0.01621268,0.9836531,0.1347437,-0.1183554;
custom,boulder1,default,1,1,1,0,1,1,1,1,1,-98.95016,76.94968,-215.6239,0,0.9967299,0,-0.08080526;
custom,boulder1,default,2,1,2,0,1,1,1,1,1,-113.3765,75.2472,-226.7442,0,0.8066092,0,-0.5910852;
custom,boulder1,default,2,1,2,0,1,1,1,1,1,-96.89748,69.90614,-264.9855,0.1356247,0.4922166,0.07795946,-0.8563009;
custom,boulder1,default,2,2,2,0,1,1,1,1,1,-132.87,81.4047,-296.8159,0,0.9991545,0,-0.04111381;
custom,boulder1,default,2,2,2,0,1,1,1,1,1,-185.3414,82.50213,-248.6885,0,0.9831153,0,0.1829873;
custom,boulder1,default,2,2,2,0,1,1,1,1,1,-168.3571,106.4369,-290.489,0,0.9686083,0,0.2485919;
custom,boulder1,default,2,0.5,2,0,1,1,1,1,1,-165.8237,67.9203,-276.1619,-0.1233926,0.4125071,0.05650648,0.9007881;
custom,boulder1,default,2,0.5,2,0,1,1,1,1,1,-196.9302,52.04028,-293.8355,-0.1929505,0.5452772,0.2011802,0.7905501;
custom,boulder1,default,2,0.5,2,0,1,1,1,1,1,-229.3653,37.67204,-294.8865,-0.08701906,0.8039973,0.1773749,0.5608513;
custom,boulder1,default,2,0.5,2,0,1,1,1,1,1,-201.9492,30.89212,-281.3957,-0.03902356,0.9460983,0.1245562,0.2964134;
custom,boulder1,default,2,0.5,2,0,1,1,1,1,1,-228.3709,17.80417,-255.1497,-0.1404937,0.8881894,0.4069414,0.1605609;
custom,boulder1,default,2,0.5,2,0,1,1,1,1,1,-252.8206,1.79708,-235.7488,-0.040676,0.9584488,0.177638,0.219468;
custom,boulder1,default,3,3,3,0,1,1,1,1,1,-178.6646,18.75655,-234.7315,0,0.92137,0,0.3886868;
custom,boulder1,default,3,3,3,0,1,1,1,1,1,-138.4239,61.62379,-333.6078,0,-0.05927211,0,0.9982419;
custom,boulder1,default,3,3,3,0,1,1,1,1,1,-190.8979,64.9604,-346.2185,-0.1906074,0.2594723,0.05231879,0.9453072;
custom,boulder1,default,3,3,3,0,1,1,1,1,1,-144.1328,99.39488,-335.178,0,-0.1369869,0,-0.9905729;
custom,boulder1,default,3,3,3,0,1,1,1,1,1,-234.6046,-4.343445,-185.6495,0,0.4098854,0,0.912137;
custom,boulder1,default,3,3,3,0,1,1,1,1,1,-227.5599,37.48658,-174.2509,-0.3485008,-0.1872751,-0.1999246,0.8963847;
custom,boulder1,default,1,1,1,0,1,1,1,1,1,-294.2775,2.592185,-216.8244,0,0.1530283,0,-0.9882218;
custom,boulder1,default,3,1,3,0,1,1,1,1,1,-342.1308,53.46913,-164.7511,-0.1862155,0.8341932,0.2102231,0.474607;
custom,boulder1,default,3,1,3,0,1,1,1,1,1,-348.377,59.60831,-217.698,-0.242145,0.5294284,0.1608526,0.796993;
custom,boulder1,default,3,1,3,0,1,1,1,1,1,-311.0627,67.42309,-269.0873,-0.3423043,0.2763774,0.1060914,0.8917332;
custom,boulder1,default,3,3,3,0,1,1,1,1,1,-267.4486,95.10809,-306.8967,0.06567645,0.617484,-0.05185158,0.7821199;
custom,boulder1,default,3,3,3,0,1,1,1,1,1,-272.0541,57.13508,-335.8035,0,0.3659862,0,0.9306203;
custom,boulder1,default,3,3,3,0,1,1,1,1,1,-230.1633,53.75332,-361.2429,0,0.2239858,0,0.9745924;
custom,boulder1,default,3,3,3,0,1,1,1,1,1,-220.1113,103.0993,-338.0669,0,0.2939097,0,0.9558332;
custom,boulder1,default,3,3,3,0,1,1,1,1,1,-220.102,91.52505,-225.8502,0,0.6760846,0,0.736824;
custom,boulder1,default,3,3,3,0,1,1,1,1,1,-252.8852,94.51102,-214.7447,0,0.8667904,0,0.4986728;
custom,boulder1,default,3,3,3,0,1,1,1,1,1,-304.7574,85.87255,-126.1042,0,0.7653431,0,0.6436226;
custom,boulder1,default,3,3,5,0,1,1,1,1,1,-232.9484,111.8639,-273.7109,-0.0123374,0.8697079,0.009721551,0.4933168;
custom,boulder1,default,2,2,2,0,1,1,1,1,1,-302.7786,75.84556,-234.9969,-0.09447411,0.761952,0.2230511,0.6006263;
custom,tree5,default,0.5,0.5,0.5,0,1,1,1,1,1,-305.6995,105.6616,-201.0166,0,0.9973579,0,0.07264476;
custom,tree2,default,0.5,0.5,0.5,0,1,1,1,1,1,-198.8501,109.2498,-176.3518,0,0.8093938,0,-0.5872663;
custom,trunk1,default,0.5,0.5,0.5,0,1,1,1,1,1,-280.2823,74.77544,-183.2329,0,0.997735,0,-0.06726796;
custom,log2,default,2,2,2,0,1,1,1,1,1,-399.9807,90.93623,-134.7218,0,0.8658373,0,0.5003258;
custom,boulder1,default,3,3,3,0,1,1,1,1,1,-517.9392,15.98253,-99.25892,0,0.8853863,0,0.4648561;
custom,boulder1,default,3,3,3,0,1,1,1,1,1,-475.701,17.22491,-65.1423,0,0.9196567,0,-0.3927234;
custom,boulder1,default,3,3,3,0,1,1,1,1,1,-493.4167,41.11924,-92.58607,0,0.9161981,0,-0.4007256;
custom,boulder1,default,3,3,3,0,1,1,1,1,1,-456.5276,16.34798,-25.88336,0,0.9938604,0,0.1106413;
custom,cuboid,grass,4,4,6,0,1,1,1,1,1,-371.0117,9.684796,-388.4693,0,0.3736959,0,0.9275513;
custom,boulder1,default,3,3,3,0,1,1,1,1,1,-377.9571,-3.056857,-358.2953,0,0.62379,0,0.7815921;
custom,boulder1,default,3,3,3,0,1,1,1,1,1,-401.4172,-3.283712,-383.7941,-0.3152707,0.2171382,0.07434302,0.9208304;
custom,boulder1,default,3,3,3,0,1,1,1,1,1,-391.27,1.01602,-412.3815,0,0.9133208,0,0.4072409;
custom,boulder1,default,3,3,3,0,1,1,1,1,1,-351.1693,6.56071,-405.988,0,0.1660292,0,-0.9861209;
custom,tree2,default,0.5,0.5,0.5,0,1,1,1,1,1,-376.1987,62.05627,-389.8685,0,0.6503422,0,0.7596413;
custom,tree2,default,0.5,0.5,0.5,0,1,1,1,1,1,-545.8056,29.70794,-148.0278,0,0.3885938,0,0.9214092;
custom,tree2,default,0.5,0.5,0.5,0,1,1,1,1,1,-515.3249,31.83789,-188.3147,0,0.08962248,0,0.9959759;
custom,tree5,default,0.5,0.5,0.5,0,1,1,1,1,1,-454.8167,26.00953,-171.2222,0,0.3525001,0,0.9358118;
custom,tree5,default,0.5,0.5,0.5,0,1,1,1,1,1,-448.3968,29.19382,-263.2557,0,0.4838648,0,0.8751428;
custom,tree2,default,0.5,0.5,0.5,0,1,1,1,1,1,-484.8944,32.07952,-230.3845,0,0.3711731,0,0.9285637;
custom,house6,default,0.5,0.5,0.5,0,1,1,1,1,1,-458.767,-1.170919,-381.4611,0,0.9999993,0,-0.001168726;
custom,house5,default,0.5,0.5,0.5,0,1,1,1,1,1,-478.1356,8.078438,-414.7076,0,0.743282,0,0.6689783;
custom,house5,default,0.5,0.5,0.5,0,1,1,1,1,1,-520.1379,7.669237,-410.2523,0,0.7582592,0,0.6519533;
custom,windmill1,default,0.5,0.5,0.5,0,1,1,1,1,1,-540.1094,-2.504385,-355.0236,0,0.09653733,0,-0.9953294;
custom,tower3,default,0.5,0.5,0.5,0,1,1,1,1,1,-507.23,-0.02334455,-452.1129,0,0.5233673,0,0.8521072;
custom,tower4,default,0.5,0.5,0.5,0,1,1,1,1,1,-450.6869,26.46443,-424.5325,0,-0.02123323,0,0.9997746;
custom,tree2,default,0.5,0.5,0.5,0,1,1,1,1,1,-575.2385,32.16619,-240.6461,0,0.844628,0,0.5353537;
custom,tree2,default,0.5,0.5,0.5,0,1,1,1,1,1,-516.6437,33.02438,-271.4494,0,0.8984635,0,0.4390483;
custom,boulder1,default,0.5,0.5,0.5,0,1,1,1,1,1,-532.4725,2.716515,-245.9071,0,0.2331334,0,0.9724448;
custom,boulder1,default,0.5,0.5,0.5,0,1,1,1,1,1,-530.9754,1.37446,-236.9223,0,0.7992268,0,0.6010296;
custom,boulder1,default,0.5,0.5,0.5,0,1,1,1,1,1,-524.6514,-2.164443,-242.5873,-0.04958741,0.9111619,-0.1151065,-0.3925247;
custom,tree5,default,0.5,0.5,0.5,0,1,1,1,1,1,-588.4874,29.91478,-169.7617,0,0.9501391,0,0.3118265;
custom,boulder1,default,4,4,4,0,1,1,1,1,1,-621.6275,-3.660247,-305.8538,0,0.9758967,0,-0.2182331;
custom,boulder1,default,4,4,4,0,1,1,1,1,1,-613.1911,-5.080599,-373.8047,0,-0.4976633,0,0.8673703;
custom,boulder1,default,4,4,4,0,1,1,1,1,1,-606.3947,7.552641,-512.6847,0.08997152,0.6578736,-0.07961143,0.7434847;
custom,boulder1,default,4,4,4,0,1,1,1,1,1,-607.4942,-1.247778,-593.1835,-0.3626164,0.07807502,0.1822863,0.9105961;
custom,boulder1,default,2,4,4,0,1,1,1,1,1,-541.7693,12.21081,-503.1049,0,0.7129848,0,0.7011795;
custom,boulder1,default,2,4,4,0,1,1,1,1,1,-461.387,4.498191,-488.737,0,0.8299971,0,-0.5577677;
custom,boulder1,default,2,4,4,0,1,1,1,1,1,-540.9394,8.529496,-591.8687,0,0.8216565,0,-0.5699831;
custom,boulder1,default,2,4,4,0,1,1,1,1,1,-466.3192,7.974319,-588.2363,-0.1974787,0.666592,-0.1898837,-0.6932544;
custom,boulder1,default,2,4,4,0,1,1,1,1,1,-401.5327,8.381567,-605.3787,0,0.4883098,0,-0.8726704;
custom,boulder1,default,2,4,4,0,1,1,1,1,1,-368.2717,24.55478,-478.7067,0,0.2738835,0,-0.9617629;
custom,boulder1,default,4,13,8,0,1,1,1,1,1,-264.766,83.63409,-454.7373,0,0.7363645,0,-0.6765851;
custom,boulder1,default,4,13,8,0,1,1,1,1,1,-146.2864,77.49176,-463.8461,0,0.4856446,0,-0.8741564;
custom,boulder1,default,4,13,8,0,1,1,1,1,1,-295.6101,55.28222,-612.1642,0,0.8111289,0,-0.5848675;
custom,boulder1,default,4,13,8,0,1,1,1,1,1,-173.9133,70.20054,-554.7943,-0.01759723,0.4514955,0.05613815,0.8903319;
custom,boulder1,default,2,2,2,0,1,1,1,1,1,-520.3343,2.487199,-529.4435,0,0.849408,0,-0.5277367;
custom,boulder1,default,4,8,8,0,1,1,1,1,1,-515.8204,103.3153,-558.7989,-0.1132909,0.6229237,-0.1373375,0.7617543;
custom,boulder1,default,8,2,8,0,1,1,1,1,1,-375.072,49.82745,-556.3297,0.01846513,-0.1798189,-0.08815761,0.9795675;
custom,boulder1,default,8,2,8,0,1,1,1,1,1,-288.6466,143.7164,-561.1506,-0.2769053,0.6299412,0.2570741,0.6785356;
custom,village2,default,0.5,0.5,0.5,0,1,1,1,1,1,-598.4486,5.505236,-26.12786,0,0.9947646,0,-0.1021931;
custom,house6,default,0.5,0.5,0.5,0,1,1,1,1,1,-562.9177,-0.05502497,-62.92123,0,0.2280017,0,0.9736607;
custom,tree2,default,0.5,0.5,0.5,0,1,1,1,1,1,-599.9037,29.52304,-66.9912,0,0.9501843,0,0.3116888;
custom,tree2,default,0.5,0.5,0.5,0,1,1,1,1,1,-613.0115,32.25166,-118.9579,0,0.4287587,0,0.9034191;
custom,tree2,default,0.5,0.5,0.5,0,1,1,1,1,1,-645.2549,32.13981,-220.1693,0,0.8490899,0,0.5282485;
custom,tree5,default,0.5,0.5,0.5,0,1,1,1,1,1,-490.1074,31.36385,-339.5347,0,0.6885012,0,0.7252352;
custom,trunk1,default,0.5,0.5,0.5,0,1,1,1,1,1,-430.7024,-0.4629336,-330.6295,0,0.9186955,0,0.3949665;
custom,trunk1,default,0.5,0.5,0.5,0,1,1,1,1,1,-437.0037,-0.948063,-298.5774,0,0.8337505,0,0.5521414;
custom,tree5,default,0.5,0.5,0.5,0,1,1,1,1,1,-582.5683,28.61823,-437.5505,0,0.8088676,0,0.5879909;
custom,boulder1,default,0.5,0.5,0.5,0,1,1,1,1,1,-542.6509,2.089586,-445.2467,0,0.9615483,0,0.274636;
custom,tree5,default,0.5,0.5,0.5,0,1,1,1,1,1,-168.4834,107.2341,-196.7953,0,0.9938813,0,0.1104533;
custom,tree2,default,0.5,0.5,0.5,0,1,1,1,1,1,-125.3811,59.32529,-122.8439,0,0.9937351,0,0.1117615;
custom,tree2,default,0.5,0.5,0.5,0,1,1,1,1,1,-411.8339,32.59555,-103.897,0,0.9996306,0,-0.02717769;
custom,tree5,default,0.5,0.5,0.5,0,1,1,1,1,1,-659.9097,28.54715,-434.921,0,0.8480999,0,0.5298364;
custom,tree5,default,0.5,0.5,0.5,0,1,1,1,1,1,-623.5995,25.76745,-437.4229,0,0.9808801,0,0.1946129;
custom,tree5,default,0.5,0.5,0.5,0,1,1,1,1,1,-504.0479,27.18817,-618.8847,0,0.188676,0,0.9820394;
custom,cuboid,grass,9,1,9,0,1,1,1,1,1,-302.3618,176.8534,-506.7551,0,0.5317512,0,0.8469006;
custom,boulder1,default,3,3,3,0,1,1,1,1,1,-345.2466,149.7368,-470.7563,-0.2192783,0.7759096,0.4643722,0.3663874;
custom,boulder1,default,3,3,3,0,1,1,1,1,1,-358.1522,151.6236,-496.9592,-0.4133082,0.5662602,0.393561,0.5946726;
custom,boulder1,default,3,3,3,0,1,1,1,1,1,-338.1559,162.0905,-546.0061,0,0.7601002,0,0.649806;
custom,boulder1,default,3,3,3,0,1,1,1,1,1,-277.5317,199.5539,-573.4697,0,0.0108739,0,0.9999409;
custom,trunk1,default,0.5,1,0.5,0,1,1,1,1,1,-314.1288,180.3569,-527.4806,0,0.4245527,0,0.9054033;
custom,tree2,default,0.5,0.5,0.5,0,1,1,1,1,1,-284.9906,211.263,-516.9323,0,0.9329358,0,0.360043;
custom,log2,default,1,1,1,0,1,1,1,1,1,-386.3757,199.0784,-496.0409,0,0.6997448,0,0.714393;
custom,boulder1,default,3,2,3,0,1,1,1,1,1,-422.4846,170.3479,-513.1667,0,0.5496526,0,0.8353933;
custom,boulder1,default,3,2,3,0,1,1,1,1,1,-465.1284,145.0721,-530.7959,-0.0511004,0.7603806,0.3062169,0.5704747;
custom,tree2,default,0.5,0.5,0.5,0,1,1,1,1,1,-474.5688,30.93884,-298.2617,0,0.8976166,0,-0.4407772;
custom,trunk1,default,0.5,0.5,0.5,0,1,1,1,1,1,-583.7516,-2.618934,-200.0696,0,0.8072551,0,-0.5902026;
custom,tree5,default,0.5,0.5,0.5,0,1,1,1,1,1,-525.7271,27.37638,-2.769156,0,0.993187,0,-0.1165322;
custom,tree2,default,0.5,0.5,0.5,0,1,1,1,1,1,-625.0173,28.46409,10.98947,0,0.940977,0,0.3384704;
custom,boulder1,default,0.5,0.5,0.5,0,1,1,1,1,1,-565.4609,2.739498,-38.42398,0,0.9080771,0,0.4188031;
custom,boulder1,default,0.5,0.5,0.5,0,1,1,1,1,1,-557.8518,0.9952981,-35.18742,0,0.8579247,0,-0.5137755;
custom,tree5,default,0.5,0.5,0.5,0,1,1,1,1,1,-531.032,19.47539,-49.96399,0,0.904382,0,0.4267239;
custom,log2,default,1,1,1,0,1,1,1,1,1,-428.5952,50.1378,-36.6313,0.4072165,0.4526395,0.3790176,-0.6968772;
custom,tree5,default,0.5,0.5,0.5,0,1,1,1,1,1,-361.472,25.45234,-42.80401,0,0.9261311,0,-0.377202;
custom,boulder1,default,0.5,0.5,0.5,0,1,1,1,1,1,-520.9803,2.551052,-376.8249,0,0.8717699,0,-0.4899155;
custom,house2,default,0.5,0.5,0.5,0,1,1,1,1,1,-610.7009,-0.6395825,-146.8938,0,0.751368,0,0.6598834;
custom,boulder1,default,0.5,0.5,0.5,0,1,1,1,1,1,-594.6247,0.01680136,-135.4438,0,0.4639707,0,-0.8858505;
custom,boulder1,default,0.5,0.5,0.5,0,1,1,1,1,1,-586.9031,2.341897,-129.5233,0,0.5813239,0,-0.8136722;
custom,boulder1,default,0.5,0.5,0.5,0,1,1,1,1,1,-553.8252,1.963323,-221.9364,0,0.1408186,0,-0.9900354;
custom,boulder1,default,0.5,0.5,0.5,0,1,1,1,1,1,-546.8055,2.563323,-216.0613,0,0.2384523,0,-0.9711542;
custom,tree2,default,0.5,0.5,0.5,0,1,1,1,1,1,-644.665,31.63255,-37.26351,0,0.9247421,0,0.3805944;
custom,boulder1,default,4,4,4,0,1,1,1,1,1,-221.7576,6.95943,59.02994,0,0.9908017,0,-0.1353221;
custom,cuboid,grass,6,4,6,0,1,1,1,1,1,-177.5418,133.2731,-331.1311,0,0.9995196,0,0.03099273;
custom,boulder1,default,2,1,2,0,1,1,1,1,1,-142.1868,133.6426,-299.5407,0.2257981,0.7638574,0.3497213,-0.4931857;
custom,boulder1,default,2,2,2,0,1,1,1,1,1,-142.2721,134.5764,-324.9952,0.3068426,0.599664,0.2669875,-0.6891796;
custom,boulder1,default,2,2,2,0,1,1,1,1,1,-183.8261,143.5712,-300.2045,0.008473629,0.9672372,-0.1146244,-0.2263664;
custom,boulder1,default,2,2,1,0,1,1,1,1,1,-208.3977,144.2478,-319.2243,0,0.5983683,0,-0.8012212;
custom,boulder1,default,2,2,4,0,1,1,1,1,1,-182.5673,140.0097,-355.9214,0,0.7466844,0,-0.6651785;
custom,boulder1,default,2,2,2,0,1,1,1,1,1,-150.3434,142.6236,-347.7228,0,0.7856377,0,-0.6186868;
custom,boulder1,default,2,2,2,0,1,1,1,1,1,-177.3741,112.756,-359.176,0.4516134,0.3242311,0.1804647,-0.811389;
custom,boulder1,default,2,2,2,0,1,1,1,1,1,-294.3088,52.42748,-184.6896,0,0.06263214,0,0.9980367;
custom,boulder1,default,2,2,4,0,1,1,1,1,1,-230.0324,54.78503,-185.1286,0,0.6379663,0,0.7700644;
custom,boulder1,default,2,2,4,0,1,1,1,1,1,-159.0266,51.18643,-229.1516,0,0.9060498,0,0.4231711;
custom,tree5,default,0.5,0.5,0.5,0,1,1,1,1,1,-193.8861,180.873,-331.6059,0,0.9107801,0,0.412892;
custom,tree2,default,0.5,0.5,0.5,0,1,1,1,1,1,-166.331,182.2372,-319.1264,0,0.9691802,0,-0.246353;
custom,boulder1,default,0.5,0.5,0.5,0,1,1,1,1,1,-383.326,2.447817,-560.1479,0,0.521244,0,-0.8534077;
custom,boulder1,default,0.5,0.5,0.5,0,1,1,1,1,1,-445.8312,3.165452,-543.7361,0,0.2094619,0,-0.9778168;
custom,boulder1,default,4,4,4,0,1,1,1,1,1,-297.9152,10.723,43.31697,0,0.6734298,0,0.7392512;
custom,boulder1,default,4,4,4,0,1,1,1,1,1,-193.7858,-5.331523,112.3298,0.02238129,0.935348,0.3478528,-0.06018148;
custom,boulder1,default,4,4,6,0,1,1,1,1,1,-192.7937,16.11707,173.0648,0,0.9861531,0,0.1658379;
custom,boulder1,default,4,4,6,0,1,1,1,1,1,-391.6624,8.814585,83.03195,-0.04183379,0.8433862,0.06637594,0.5315486;
custom,boulder1,default,4,4,6,0,1,1,1,1,1,-267.326,13.63719,254.2692,0,0.7826437,0,0.62247;
custom,boulder1,default,4,4,6,0,1,1,1,1,1,-379.9752,15.37386,267.4446,0,0.4951096,0,0.8688306;
custom,boulder1,default,4,4,6,0,1,1,1,1,1,-423.1119,-13.31881,169.7804,0,-0.1244376,0,0.9922275;
custom,boulder1,default,2,6,2,0,1,1,1,1,1,-327.3389,41.10342,165.301,0,0.8417621,0,0.5398487;
custom,boulder1,default,3,6,3,0,1,1,1,1,1,-405.4251,59.23846,229.73,0,0.7105047,0,0.7036925;
custom,boulder1,default,3,6,3,0,1,1,1,1,1,-410.5454,59.65834,121.1337,0,-0.0261601,0,0.9996578;
custom,boulder1,default,3,6,4,0,1,1,1,1,1,-358.1614,79.50296,250.643,0.05108637,0.7348219,-0.030804,-0.6756316;
custom,boulder1,default,3,6,4,0,1,1,1,1,1,-286.2999,77.87974,227.8955,0.1742017,0.4696224,-0.2188591,-0.8373824;
custom,boulder1,default,3,6,4,0,1,1,1,1,1,-228.4085,68.68627,205.7351,0.1525269,0.5633255,0.1767266,-0.7925704;
custom,boulder1,default,3,6,4,0,1,1,1,1,1,-226.749,87.04876,146.6976,-0.0001994784,0.5933927,-0.02617344,-0.8044874;
custom,boulder1,default,3,6,4,0,1,1,1,1,1,-382.1797,59.64111,78.41205,0,-0.4494588,0,0.893301;
custom,boulder1,default,3,6,4,0,1,1,1,1,1,-305.7932,74.20299,59.36272,0,0.8008317,0,-0.5988894;
custom,boulder1,default,3,6,4,0,1,1,1,1,1,-275.7738,95.57583,112.6471,0.07317165,0.5307059,-0.5391788,-0.6498334;
custom,boulder1,default,3,2,4,0,1,1,1,1,1,-395.0576,101.4006,181.3085,0,0.6026554,0,0.7980015;
custom,boulder1,default,6,2,6,0,1,1,1,1,1,-325.313,129.835,154.6757,0,0.6773276,0,0.7356817;
custom,boulder1,default,6,2,6,0,1,1,1,1,1,-479.8282,-13.8071,80.83656,-0.2331354,0.6085917,0.3154336,0.6897577;
custom,cuboid,grass,6,3,6,0,1,1,1,1,1,-481.5884,15.4921,61.27851,0,0.6174918,0,0.7865773;
custom,cuboid,grass,6,3,6,0,1,1,1,1,1,-519.2835,15.48398,63.70638,0,0.8360758,0,0.548614;
custom,boulder1,default,4,4,4,0,1,1,1,1,1,-468.9983,-3.471577,27.99917,0,0.1832185,0,0.9830722;
custom,boulder1,default,2,2,2,0,1,1,1,1,1,-511.9999,12.76256,25.87965,0,0.726362,0,0.6873124;
custom,boulder1,default,2,2,2,0,1,1,1,1,1,-541.8759,19.11179,34.44439,-0.03394149,0.460721,0.1632783,0.8717364;
custom,boulder1,default,2,2,2,0,1,1,1,1,1,-555.0714,14.97574,53.13938,-0.1253532,0.9362109,-0.004841583,0.3282872;
custom,boulder1,default,2,2,2,0,1,1,1,1,1,-557.2087,15.49251,83.95673,-0.1126326,0.9866413,0.0447726,0.1088497;
custom,boulder1,default,2,2,2,0,1,1,1,1,1,-539.8694,14.29131,103.4334,0.01413806,0.9748915,0.2125607,-0.06484303;
custom,boulder1,default,2,2,2,0,1,1,1,1,1,-514.7425,15.29131,94.60917,0.002659117,0.9661403,-0.02077293,-0.257166;
custom,boulder1,default,2,2,2,0,1,1,1,1,1,-480.1845,16.89669,91.92427,-0.02121213,0.9898136,0.09900026,0.1000901;
custom,boulder1,default,2,2,2,0,1,1,1,1,1,-466.6116,16.84806,92.05406,0,0.9520218,0,0.3060302;
custom,tree5,default,0.5,0.5,0.5,0,1,1,1,1,1,-538.4457,61.56715,75.44431,0,0.9121526,0,0.4098508;
custom,tree2,default,0.5,0.5,0.5,0,1,1,1,1,1,-478.9674,60.92944,58.30468,0,0.9469547,0,0.3213674;
custom,tree2,default,0.5,0.5,0.5,0,1,1,1,1,1,-510.6157,60.92432,77.26875,0,0.9934239,0,0.1144948;
custom,boulder1,default,3,10,8,0,1,1,1,1,1,-555.4746,57.46865,193.3151,0,0.9999836,0,0.005724399;
custom,boulder1,default,3,10,8,0,1,1,1,1,1,-600.1748,47.89055,288.0334,0,0.8321456,0,0.5545574;
custom,boulder1,default,10,10,8,0,1,1,1,1,1,-576.4758,26.60815,202.6708,0.1411236,0.5661488,-0.06730906,0.8093387;
custom,boulder1,default,6,6,6,0,1,1,1,1,1,-600.1459,156.8223,210.3989,-0.1110898,0.9919145,-0.02877656,0.05419057;
custom,cuboid,grass,6,1,6,0,1,1,1,1,1,-379.0615,149.9724,181.2937,0,-0.1829198,0,-0.9831279;
custom,boulder1,default,2,2,2,0,1,1,1,1,1,-359.8521,144.4935,147.6135,0,0.2183965,0,0.9758602;
custom,boulder1,default,2,2,2,0,1,1,1,1,1,-398.8878,145.5443,149.9928,-0.2128217,0.6258706,0.09593558,0.7441702;
custom,boulder1,default,2,2,2,0,1,1,1,1,1,-338.9877,159.8904,174.1191,0,0.9982252,0,-0.05955269;
custom,boulder1,default,2,2,2,0,1,1,1,1,1,-342.0335,156.484,206.9049,0.06228356,0.9776223,0.1767274,0.09561799;
custom,log2,default,1,1,1,0,1,1,1,1,1,-441.8144,175.1059,205.0989,0,0.5374874,0,-0.8432718;
custom,boulder1,default,1,1,1,0,1,1,1,1,1,-376.1597,150.0958,215.5416,0.06040366,0.9062564,0.1386767,-0.3947397;
custom,boulder1,default,1,1,1,0,1,1,1,1,1,-395.2869,147.6309,214.1809,-0.03860399,0.9953966,0.08007454,-0.03582552;
custom,boulder1,default,2,2,2,0,1,1,1,1,1,-403.5695,142.0708,184.6197,0,0.9986648,0,-0.05165956;
custom,boulder1,default,2,2,2,0,1,1,1,1,1,-487.9824,145.0518,216.6481,0,0.9983349,0,-0.05768407;
custom,cuboid,grass,6,2,6,0,1,1,1,1,1,-518.2357,149.1447,232.3642,0,0.9862666,0,-0.1651613;
custom,boulder1,default,2,2,2,0,1,1,1,1,1,-510.7501,141.2371,193.6817,0.2224446,0.1334958,0.1323091,-0.9566565;
custom,boulder1,default,2,2,2,0,1,1,1,1,1,-483.6405,139.5513,242.4338,0.1775876,0.8193026,0.4228736,-0.3440696;
custom,boulder1,default,2,2,2,0,1,1,1,1,1,-506.5207,146.1308,265.838,0.09887203,0.8489246,0.4901269,-0.1712513;
custom,boulder1,default,2,2,2,0,1,1,1,1,1,-510.2316,122.1107,246.7782,0.1145595,0.8550137,0.4584544,-0.2136524;
custom,boulder1,default,2,2,2,0,1,1,1,1,1,-513.9596,118.7844,220.1409,0,0.5423848,0,-0.8401302;
custom,tree5,default,0.5,0.5,0.5,0,1,1,1,1,1,-375.7542,183.9611,190.7093,0,0.7994552,0,0.6007258;
custom,tree2,default,0.5,0.5,0.5,0,1,1,1,1,1,-516.2981,191.2554,236.8824,0,0.9833246,0,-0.1818593;
custom,trunk1,default,0.5,0.5,0.5,0,1,1,1,1,1,-377.6684,-0.7657148,-0.06246318,0,0.6848744,0,-0.7286612;
custom,tree5,default,0.5,0.5,0.5,0,1,1,1,1,1,-406.6158,30.62616,2.054306,0,0.6160264,0,-0.7877256;
custom,tree2,default,0.5,0.5,0.5,0,1,1,1,1,1,-290.9086,33.15172,-27.58541,0,0.7848397,0,-0.6196989;
custom,tree5,default,0.5,0.5,0.5,0,1,1,1,1,1,-191.1091,31.32146,-20.26056,0,0.9763443,0,-0.2162215;
custom,boulder1,default,0.5,0.5,0.5,0,1,1,1,1,1,-249.4475,1.234812,7.80564,0,0.6941978,0,-0.7197844;
custom,house5,default,0.5,0.5,0.5,0,1,1,1,1,1,-149.7628,7.797682,7.163124,0,0.8502648,0,-0.5263551;
custom,trunk1,default,0.5,0.5,0.5,0,1,1,1,1,1,-125.8984,-1.681535,-30.63158,0,0.9390517,0,-0.343776;
custom,trunk1,default,0.5,0.5,0.5,0,1,1,1,1,1,-238.5738,-0.9998121,-31.98876,0,0.7957218,0,-0.6056623;
custom,tower4,default,0.5,0.5,0.5,0,1,1,1,1,1,-143.6143,18.56702,28.68983,0,0.9617469,0,0.2739396;
custom,tower3,default,0.5,0.5,0.5,0,1,1,1,1,1,-127.7652,-0.3421512,59.65585,0,0.8817343,0,-0.4717464;
custom,tree2,default,0.5,0.5,0.5,0,1,1,1,1,1,-193.2076,32.0864,-70.10767,0,0.9163982,0,-0.4002678;
custom,tree5,default,0.5,0.5,0.5,0,1,1,1,1,1,-102.013,81.87553,-200.7525,0,0.9981811,0,0.06028735;
custom,tree2,default,0.5,0.5,0.5,0,1,1,1,1,1,-179.415,24.17029,20.95705,0,0.3248631,0,-0.9457611;
custom,cuboid,grass,6,2,6,0,1,1,1,1,1,-245.9935,132.4262,107.9795,0,0.246331,0,-0.9691858;
custom,boulder1,default,2,2,2,0,1,1,1,1,1,-293.1585,136.341,109.4974,0.09139737,-0.2535142,0.03887086,-0.9622194;
custom,boulder1,default,2,2,2,0,1,1,1,1,1,-271.0991,135.141,87.06747,0.01055881,0.06808721,-0.2264934,-0.9715726;
custom,boulder1,default,2,2,2,0,1,1,1,1,1,-248.6794,137.6342,75.80145,0.2153732,0.256644,0.05877933,-0.9403687;
custom,boulder1,default,2,2,2,0,1,1,1,1,1,-207.3639,123.9533,104.8355,0.4207303,0.4990278,0.3022219,-0.694708;
custom,boulder1,default,2,2,2,0,1,1,1,1,1,-219.9598,135.4885,83.80468,0.4432969,0.3052683,0.1636834,-0.8267448;
custom,tree2,default,0.5,0.5,0.5,0,1,1,1,1,1,-243.938,172.0449,121.8177,0,0.8205783,0,-0.5715342;
custom,boulder1,default,3,3,3,0,1,1,1,1,1,-512.0013,10.23054,360.959,0,0.9854119,0,0.1701866;
custom,boulder1,default,3,3,3,0,1,1,1,1,1,-570.3071,17.72779,371.7776,0,0.8115861,0,0.5842328;
custom,boulder1,default,3,3,3,0,1,1,1,1,1,-627.4148,3.638955,411.4768,0,0.9518654,0,0.3065165;
custom,boulder1,default,3,3,5,0,1,1,1,1,1,-626.0212,15.4175,497.8253,0,0.9996337,0,0.02706406;
custom,boulder1,default,3,7,5,0,1,1,1,1,1,-548.4056,49.40211,401.6812,0,0.4775838,0,-0.8785862;
custom,boulder1,default,3,7,5,0,1,1,1,1,1,-610.9646,62.63405,495.7538,0,0.9968782,0,0.07895502;
custom,boulder1,default,3,7,8,0,1,1,1,1,1,-610.9588,48.56106,582.6114,0,0.8953558,0,-0.4453517;
custom,boulder1,default,3,7,8,0,1,1,1,1,1,-485.8412,50.93886,628.7744,0,0.6900187,0,-0.7237915;
custom,boulder1,default,3,7,8,0,1,1,1,1,1,-348.2995,41.08147,595.1647,0,0.3993283,0,-0.9168081;
custom,boulder1,default,3,7,8,0,1,1,1,1,1,-330.6736,52.58806,469.4025,0,0.9802347,0,-0.1978379;
custom,boulder1,default,3,7,8,0,1,1,1,1,1,-355.9661,21.02283,418.1036,0,0.8923129,0,-0.4514175;
custom,boulder1,default,3,4,8,0,1,1,1,1,1,-453.9123,65.80425,388.4038,0,0.7395464,0,-0.6731056;
custom,boulder1,default,1,4,8,0,1,1,1,1,1,-470.6748,17.02783,541.5232,0,0.9982081,0,-0.0598384;
custom,boulder1,default,1,4,8,0,1,1,1,1,1,-462.2431,21.90833,538.363,0,0.662227,0,-0.7493033;
custom,boulder1,default,1,4,5,0,1,1,1,1,1,-437.6726,8.421412,452.2448,0,0.9956791,0,-0.09286011;
custom,boulder1,default,1,4,5,0,1,1,1,1,1,-558.2117,-5.002235,487.9594,0,0.6845629,0,-0.7289539;
custom,boulder1,default,2,2,2,0,1,1,1,1,1,-547.1447,-10.53916,501.9276,0,0.9312288,0,-0.3644353;
custom,boulder1,default,2,2,2,0,1,1,1,1,1,-481.908,5.37745,532.8726,0,0.3875613,0,-0.921844;
custom,boulder1,default,2,2,2,0,1,1,1,1,1,-425.0337,0.390011,465.7457,0,0.9950287,0,-0.09958938;
custom,boulder1,default,2,2,2,0,1,1,1,1,1,-418.0615,-7.341537,539.1791,0.07696945,0.8994571,0.1764665,-0.3923166;
custom,boulder1,default,2,2,2,0,1,1,1,1,1,-501.3389,-9.968225,418.1539,0,0.9755751,0,-0.2196663;
custom,boulder1,default,8,2,8,0,1,1,1,1,1,-453.5613,74.87482,468.5963,0,0.9656384,0,-0.2598896;
custom,boulder1,default,8,2,8,0,1,1,1,1,1,-416.1843,92.53586,564.2237,-0.01778708,0.9742023,0.07685534,-0.2114398;
custom,boulder1,default,8,2,8,0,1,1,1,1,1,-544.6728,96.27761,533.1069,0,0.7554201,0,0.6552407;
custom,boulder1,default,6,6,6,0,1,1,1,1,1,-505.256,130.1166,505.2134,0,0.015405,0,0.9998814;
custom,boulder1,default,6,6,6,0,1,1,1,1,1,-402.809,148.2898,487.813,0,0.3055829,0,-0.9521655;
custom,cuboid,grass,7,2,7,0,1,1,1,1,1,-468.0562,141.999,409.6854,0,-0.131849,0,-0.9912698;
custom,boulder1,default,3,3,3,0,1,1,1,1,1,-516.1443,133.7628,429.9427,0.04095295,0.2085817,-0.008742157,0.9771081;
custom,boulder1,default,3,3,3,0,1,1,1,1,1,-505.8485,124.5462,386.2849,-0.4361142,0.2149908,0.1081292,0.8671168;
custom,boulder1,default,3,3,3,0,1,1,1,1,1,-466.2156,125.0017,371.1861,0.3694112,0.2788074,0.0793668,-0.8828945;
custom,boulder1,default,3,3,3,0,1,1,1,1,1,-412.6165,144.8524,386.4696,0.2614321,0.5429555,0.1827247,-0.7768297;
custom,boulder1,default,4,8,4,0,1,1,1,1,1,-425.863,209.2595,523.8373,0,0.5553346,0,-0.831627;
custom,boulder1,default,4,8,4,0,1,1,1,1,1,-520.7496,232.0266,532.9333,0,-0.7267614,0,-0.68689;
custom,log2,default,1,1,1.2,0,1,1,1,1,1,-494.657,169.5032,323.1191,0.02850033,0.9923898,0.03355327,-0.1149976;
custom,tree2,default,0.5,0.5,0.5,0,1,1,1,1,1,-459.3672,183.4968,413.3881,0,0.2244527,0,-0.974485;
custom,tree2,default,0.5,0.5,0.5,0,1,1,1,1,1,-477.3132,33.56683,283.8002,0,0.9203129,0,-0.3911829;
custom,tree2,default,0.5,0.5,0.5,0,1,1,1,1,1,-542.1619,32.64713,320.3068,0,0.6460911,0,-0.7632604;
custom,tree5,default,0.5,0.5,0.5,0,1,1,1,1,1,-448.0768,27.15756,321.2142,0,0.5580772,0,-0.8297891;
custom,tree2,default,0.5,0.5,0.5,0,1,1,1,1,1,-350.7002,31.51655,339.0163,0,0.8727032,0,-0.4882511;
custom,boulder1,default,1,1,1,0,1,1,1,1,1,-297.9607,4.136293,140.3253,0,0.6084837,0,-0.7935663;
custom,boulder1,default,1,1,1,0,1,1,1,1,1,-242.4265,0.2823764,124.4578,0,0.9721444,0,0.2343829;
custom,boulder1,default,1,1,1,0,1,1,1,1,1,-353.343,6.79849,208.7949,0,0.8443783,0,-0.5357474;
custom,house5,default,0.5,0.5,0.5,0,1,1,1,1,1,-265.4882,7.656477,357.9173,0,0.7483826,0,-0.6632673;
custom,house5,default,0.5,0.5,0.5,0,1,1,1,1,1,-271.8709,7.793736,396.0651,0,0.740011,0,-0.6725948;
custom,tower3,default,0.5,0.5,0.5,0,1,1,1,1,1,-242.0648,-0.5881131,402.6138,0,0.02391535,0,-0.999714;
custom,tree2,default,0.5,0.5,0.5,0,1,1,1,1,1,-306.3379,32.78238,369.1068,0,0.6799145,0,-0.7332914;
custom,house2,default,0.5,0.5,0.5,0,1,1,1,1,1,-264.4047,-0.0212324,447.1436,0,-0.6940887,0,-0.7198896;
custom,house5,default,0.5,0.5,0.5,0,1,1,1,1,1,-216.2001,7.385376,389.2747,0,0.997415,0,0.07185648;
custom,boulder1,default,2,2,2,0,1,1,1,1,1,-234.9813,6.290012,479.6119,0,0.8241007,0,-0.5664435;
custom,boulder1,default,2,2,2,0,1,1,1,1,1,-202.0657,3.733685,502.5969,0,0.9917849,0,-0.127917;
custom,boulder1,default,2,2,2,0,1,1,1,1,1,-241.2951,3.874055,513.2357,0,0.9973479,0,-0.07278197;
custom,cuboid,grass,7,2,7,0,1,1,1,1,1,-104.7965,5.608806,431.3199,0,0.08510181,0,-0.9963723;
custom,boulder1,default,3,3,3,0,1,1,1,1,1,-133.8265,-17.87943,456.5854,0,0.3414836,0,0.9398878;
custom,boulder1,default,2,2,2,0,1,1,1,1,1,-143.7757,-3.670127,433.5644,-0.09598292,0.4817652,0.05318737,0.8694025;
custom,boulder1,default,2,2,2,0,1,1,1,1,1,-137.5784,-1.785269,404.4557,-0.1939213,0.7894437,-0.03824876,0.5811284;
custom,boulder1,default,2,2,2,0,1,1,1,1,1,-117.1461,-0.9057534,393.4099,0.287745,-0.5193769,0.0414279,-0.8035759;
custom,boulder1,default,2,2,3,0,1,1,1,1,1,-99.23347,0.4355279,475.4926,0,0.7835407,0,-0.6213406;
custom,boulder1,default,2,2,3,0,1,1,1,1,1,-82.18199,-2.599316,401.5208,0,0.9047412,0,-0.4259618;
custom,boulder1,default,2,2,3,0,1,1,1,1,1,-69.07018,-1.014876,439.9527,0,0.9891085,0,0.1471883;
custom,boulder1,default,4,8,4,0,1,1,1,1,1,-183.3675,47.62324,511.6269,0,0.8525609,0,-0.5226279;
custom,boulder1,default,4,8,4,0,1,1,1,1,1,-121.789,7.804961,525.936,0,0.9840273,0,-0.1780177;
custom,boulder1,default,4,4,4,0,1,1,1,1,1,-194.0572,0.05182123,563.9855,0,0.9943305,0,-0.1063344;
custom,tree2,default,0.5,0.5,0.5,0,1,1,1,1,1,-116.108,44.24064,422.3401,0,-0.0492493,0,0.9987865;
custom,tree2,default,0.5,0.5,0.5,0,1,1,1,1,1,-83.41697,46.42204,422.3493,0,0.3530456,0,-0.9356061;
custom,tree2,default,0.5,0.5,0.5,0,1,1,1,1,1,-192.2722,33.17533,421.3942,0,0.4178587,0,-0.9085121;
custom,tree5,default,0.5,0.5,0.5,0,1,1,1,1,1,-213.2229,24.63308,317.7648,0,0.5853266,0,-0.8107976;
custom,tree2,default,0.5,0.5,0.5,0,1,1,1,1,1,-262.2728,31.92468,588.7067,0,0.978698,0,-0.2053055;
custom,tree5,default,0.5,0.5,0.5,0,1,1,1,1,1,-224.2769,30.48224,633.2496,0,0.9321834,0,-0.3619865;
custom,tree2,default,0.5,0.5,0.5,0,1,1,1,1,1,-283.7131,31.11613,638.3103,0,0.9117404,0,0.4107671;
custom,tree2,default,0.5,0.5,0.5,0,1,1,1,1,1,-125.0982,32.66444,612.7971,0,0.8852175,0,-0.4651773;
custom,tree2,default,0.5,0.5,0.5,0,1,1,1,1,1,-149.1108,32.3637,333.3816,0,0.3568356,0,-0.9341672;
custom,tree2,default,0.5,0.5,0.5,0,1,1,1,1,1,-186.291,31.73241,370.0486,0,0.44387,0,-0.8960912;
custom,tree2,default,0.5,0.5,0.5,0,1,1,1,1,1,-147.7893,31.39314,268.8474,0,0.494884,0,-0.8689591;
custom,tree5,default,0.5,0.5,0.5,0,1,1,1,1,1,-74.34268,26.48166,322.9803,0,0.3282564,0,-0.9445887;
custom,windmill1,default,0.5,0.5,0.5,0,1,1,1,1,1,-105.7741,-1.060617,323.9793,0,0.7023421,0,-0.7118396;
custom,boulder1,default,2,2,2,0,1,1,1,1,1,-61.81569,2.610217,256.6534,0,0.7534654,0,-0.6574876;
custom,boulder1,default,2,2,2,0,1,1,1,1,1,-93.80936,-1.251199,233.6403,0,0.2375579,0,-0.9713734;
custom,boulder1,default,2,2,2,0,1,1,1,1,1,-68.7677,2.915151,225.6113,0.1102294,0.4721634,0.05964811,-0.8725557;
custom,boulder1,default,2,2,2,0,1,1,1,1,1,-83.74763,6.678395,252.4375,-0.02119279,0.9598607,0.07554268,0.2692798;
custom,cuboid,grass,8,3,8,0,1,1,1,1,1,-107.7355,9.507932,158.4065,0,0.6394792,0,-0.7688085;
custom,boulder1,default,3,3,3,0,1,1,1,1,1,-144.8743,-4.518311,201.0077,0.09723925,0.9656316,0.1415108,-0.195128;
custom,boulder1,default,3,3,3,0,1,1,1,1,1,-109.2093,4.248281,225.736,0.1351804,0.9608133,0.1712096,-0.1710303;
custom,boulder1,default,3,3,3,0,1,1,1,1,1,-75.3306,4.108694,210.483,0,0.8684756,0,-0.495732;
custom,boulder1,default,3,3,3,0,1,1,1,1,1,-53.71554,4.816001,177.6855,0,0.2916702,0,-0.956519;
custom,boulder1,default,3,3,3,0,1,1,1,1,1,-135.5558,1.658607,118.6092,0,0.7263817,0,-0.6872916;
custom,boulder1,default,3,3,3,0,1,1,1,1,1,-85.30842,2.608988,115.538,0,0.8018696,0,-0.5974993;
custom,boulder1,default,3,3,3,0,1,1,1,1,1,-54.34722,-1.348918,137.7351,0,0.9542928,0,-0.2988733;
custom,tree2,default,0.5,0.5,0.5,0,1,1,1,1,1,-96.10022,54.07518,144.3674,0,0.6657591,0,-0.7461668;
custom,tree2,default,0.5,0.5,0.5,0,1,1,1,1,1,-124.5132,57.47164,190.0196,0,0.8741204,0,-0.4857093;
custom,trunk1,default,0.5,0.5,0.5,0,1,1,1,1,1,-130.6843,22.02498,164.5883,0,0.5702398,0,-0.8214782;
custom,boulder1,default,1,1,1,0,1,1,1,1,1,-21.43014,3.756525,42.54259,0,0.6819407,0,-0.7314075;
custom,boulder1,default,1,1,1,0,1,1,1,1,1,-13.5849,3.772567,60.98622,0.02592424,0.9626673,0.1012674,-0.2496889;
custom,boulder1,default,1,1,1,0,1,1,1,1,1,-2.192635,4.6647,45.85996,0.2892269,0.6215108,0.2650968,-0.6780825;
custom,boulder1,default,1,1,1,0,1,1,1,1,1,-14.55036,14.68498,50.38527,0,0.925593,0,-0.3785202;
custom,tree2,default,0.5,0.5,0.5,0,1,1,1,1,1,-61.51485,32.82337,16.93504,0,0.9903242,0,-0.1387733;
custom,house6,default,0.5,0.5,0.5,0,1,1,1,1,1,-74.04575,-0.03470508,-48.52454,0,0.3319146,0,-0.9433094;
custom,log2,default,1,1,1,0,1,1,1,1,1,-36.59177,37.61455,91.855,0.03843677,0.2873267,0.01154024,-0.9569916;
custom,tree5,default,0.5,0.5,0.5,0,1,1,1,1,1,-80.86967,48.11629,184.9227,0,0.7884623,0,-0.6150832;
custom,trunk1,default,0.5,0.5,0.5,0,1,1,1,1,1,-106.1512,22.1709,179.7339,0,0.1345336,0,0.990909;
custom,tree2,default,0.5,0.5,0.5,0,1,1,1,1,1,-91.24819,32.26254,-4.493802,0,0.7128772,0,-0.7012889;
custom,tree5,default,0.5,0.5,0.5,0,1,1,1,1,1,-61.69651,29.00259,60.37442,0,0.7327906,0,-0.6804542;
custom,village2,default,0.5,0.5,0.5,0,1,1,1,1,1,-6.451299,6.030751,-92.88278,0,-0.5358658,0,-0.8443032;
custom,tree2,default,0.5,0.5,0.5,0,1,1,1,1,1,0.8162965,32.50202,-141.4358,0,0.8580723,0,-0.5135289;
custom,boulder1,default,2,8,5,0,1,1,1,1,1,15.33767,7.391966,-212.2446,0,0.7396834,0,-0.672955;
custom,boulder1,default,2,8,5,0,1,1,1,1,1,143.2954,36.07339,-255.5367,0,0.4219295,0,-0.9066287;
custom,boulder1,default,2,8,5,0,1,1,1,1,1,189.5324,35.47332,-342.9702,0,0.1220344,0,-0.9925259;
custom,boulder1,default,2,8,5,0,1,1,1,1,1,202.7961,27.28127,-432.5185,0,0.9990762,0,-0.04297497;
custom,boulder1,default,4,1,4,0,1,1,1,1,1,254.0571,8.572571,-389.0448,0.2529745,0.7940181,0.2123775,-0.5103284;
custom,boulder1,default,4,1,4,0,1,1,1,1,1,219.3405,5.012742,-314.4602,0.005929441,0.8760632,0.201806,-0.4378955;
custom,boulder1,default,4,4,4,0,1,1,1,1,1,184.4951,-1.178063,-267.3984,0,0.9976556,0,0.06843635;
custom,boulder1,default,4,4,4,0,1,1,1,1,1,166.9229,-6.09999,-303.8587,-0.1819052,-0.05917966,-0.0109683,0.9814724;
custom,cuboid,grass,8,4,8,0,1,1,1,1,1,7.314938,3.02844,-268.5491,0,0.4856298,0,-0.8741646;
custom,boulder1,default,1,1,1,0,1,1,1,1,1,-21.59511,22.25626,-243.0043,0,0.7209394,0,-0.6929982;
custom,boulder1,default,2,2,2,0,1,1,1,1,1,2.497266,16.41455,-316.4834,0,0.2374953,0,-0.9713887;
custom,boulder1,default,2,2,2,0,1,1,1,1,1,23.98661,7.30708,-306.3052,0,-0.2089535,0,-0.9779256;
custom,boulder1,default,2,2,2,0,1,1,1,1,1,45.67972,7.276425,-278.6285,0,0.002428461,0,-0.9999971;
custom,boulder1,default,2,2,2,0,1,1,1,1,1,49.29054,6.18738,-248.2236,-0.2718876,0.7540507,-0.1978835,-0.5642047;
custom,boulder1,default,2,2,2,0,1,1,1,1,1,44.78441,21.21745,-222.7275,0.3253813,0.3404231,0.02145829,-0.8819177;
custom,cuboid,grass,8,5,8,0,1,1,1,1,1,-48.22226,0.7910616,-415.1091,0,0.7437209,0,-0.6684904;
custom,boulder1,default,3,1,3,0,1,1,1,1,1,-106.109,31.37556,-400.2819,0.0442418,0.2153514,0.06479581,-0.9733797;
custom,boulder1,default,2,2,1,0,1,1,1,1,1,-90.30811,29.97545,-434.6033,-0.3762532,0.6385679,-0.2187687,-0.6346691;
custom,boulder1,default,2,2,2,0,1,1,1,1,1,-67.32351,14.48632,-459.2961,0,0.9416326,0,-0.3366426;
custom,boulder1,default,3,3,3,0,1,1,1,1,1,-30.4993,10.85345,-456.3264,-0.003785259,0.6909069,-0.003617613,-0.7229248;
custom,boulder1,default,3,3,3,0,1,1,1,1,1,-8.120398,5.757748,-416.1875,0,0.9904968,0,0.137536;
custom,boulder1,default,3,3,3,0,1,1,1,1,1,-34.40583,6.300205,-368.9805,0.08809754,0.8278245,-0.01951853,0.5536826;
custom,boulder1,default,3,3,3,0,1,1,1,1,1,-75.86798,40.09641,-358.2774,0.08150163,0.3828031,0.08826294,-0.9159853;
custom,tree5,default,0.5,0.5,0.5,0,1,1,1,1,1,-47.03793,50.6857,-425.4339,0,0.6378474,0,-0.7701628;
custom,tree2,default,0.5,0.5,0.5,0,1,1,1,1,1,14.37777,54.8492,-257.8048,0,0.7097162,0,-0.7044878;
custom,trunk1,default,0.5,0.5,0.5,0,1,1,1,1,1,-6.428751,21.54727,-273.3573,0,0.4788784,0,-0.8778813;
custom,boulder1,default,0.5,0.5,0.5,0,1,1,1,1,1,-152.0748,74.60268,-200.6897,0.0530594,0.9457591,0.2010273,-0.2496249;
custom,boulder1,default,0.5,0.5,0.5,0,1,1,1,1,1,-159.4653,75.45874,-193.7095,0,0.8877314,0,-0.4603619;
custom,tree5,default,0.5,0.5,0.5,0,1,1,1,1,1,106.751,29.73256,-312.2085,0,0.2768021,0,-0.960927;
custom,tree2,default,0.5,0.5,0.5,0,1,1,1,1,1,86.82556,32.2826,-273.1114,0,0.0384846,0,0.9992592;
custom,tree5,default,0.5,0.5,0.5,0,1,1,1,1,1,62.49526,28.82418,-141.7923,0,0.9856177,0,-0.1689902;
custom,house5,default,0.5,0.5,0.5,0,1,1,1,1,1,70.20556,7.149083,-96.18214,0,0.3031572,0,-0.9529406;
custom,house6,default,0.5,0.5,0.5,0,1,1,1,1,1,35.20509,-0.158828,33.98386,0,0.8558665,0,-0.5171969;
custom,boulder1,default,4,4,4,0,1,1,1,1,1,-24.8028,15.65448,-504.3592,0.3480841,0.6546803,0.3825727,-0.5512435;
custom,boulder1,default,4,4,4,0,1,1,1,1,1,-77.12436,-4.398991,-542.2771,-0.270206,0.5012848,-0.1596857,-0.8063515;
custom,boulder1,default,4,4,4,0,1,1,1,1,1,-55.19336,53.24818,-518.784,0.2743569,0.2479195,0.07343712,-0.9262134;
custom,log2,default,1,1,1,0,1,1,1,1,1,23.67112,36.77248,-403.85,0.1345014,0.7538841,0.1629955,-0.6220937;
custom,boulder1,default,1,1,1,0,1,1,1,1,1,58.78092,-1.792939,-400.8091,0,0.8995451,0,-0.4368279;
custom,boulder1,default,1,1,1,0,1,1,1,1,1,52.16029,4.836287,-388.2016,0.04746614,0.8169854,0.07519645,-0.5697608;
custom,boulder1,default,1,6,1,0,1,1,1,1,1,-341.5884,-3.605977,-545.1796,0,0.6979296,0,-0.7161665;
custom,tree5,default,0.5,0.5,0.5,0,1,1,1,1,1,131.0038,28.14874,-402.1816,0,-0.0978112,0,0.995205;
custom,tree2,default,0.5,0.5,0.5,0,1,1,1,1,1,65.72411,32.24575,-366.7236,0,-0.04734671,0,0.9988785;
custom,tree2,default,0.5,0.5,0.5,0,1,1,1,1,1,154.0182,32.35884,-432.331,0,-0.1962506,0,0.9805538;
custom,house6,default,0.5,0.5,0.5,0,1,1,1,1,1,127.4638,-0.3283366,-368.7047,0,0.9542523,0,0.2990027;
custom,windmill1,default,0.5,0.5,0.5,0,1,1,1,1,1,97.58381,-0.3119269,-432.5984,0,0.8243533,0,-0.5660757;
custom,house6,default,0.5,0.5,0.5,0,1,1,1,1,1,55.74686,-0.4737943,-454.0682,0,0.009584127,0,-0.9999541;
custom,windmill1,default,0.5,0.5,0.5,0,1,1,1,1,1,-314.8302,181.8541,-486.4567,0,0.9999702,0,-0.007721445;
custom,house5,default,0.5,0.5,0.5,0,1,1,1,1,1,114.3525,7.699883,-480.0398,0,-0.5978273,0,-0.801625;
custom,tree2,default,0.5,0.5,0.5,0,1,1,1,1,1,73.837,31.59829,-488.7375,0,0.08868421,0,-0.9960598;
custom,boulder1,default,0.5,0.5,0.5,0,1,1,1,1,1,41.49705,0.5709221,-504.5966,0,0.1060716,0,-0.9943585;
custom,boulder1,default,0.5,0.5,0.5,0,1,1,1,1,1,147.6847,2.027036,-466.0019,0,0.2421747,0,-0.9702327;
custom,boulder1,default,0.5,0.5,0.5,0,1,1,1,1,1,157.7859,-1.172964,-459.1206,0,0.19449,0,-0.9809045;
custom,boulder1,default,0.5,0.5,0.5,0,1,1,1,1,1,20.31324,25.18355,-285.0504,0,0.7975039,0,-0.6033139;
custom,tree2,default,0.5,0.5,0.5,0,1,1,1,1,1,62.59833,29.64674,-550.839,0,0.2172809,0,-0.9761091;
custom,boulder1,default,3,3,3,0,1,1,1,1,1,130.1292,3.246922,-591.1105,0,0.2969682,0,-0.9548874;
custom,boulder1,default,3,3,3,0,1,1,1,1,1,84.81586,-1.798296,-606.1507,0,0.6498054,0,-0.7601007;
custom,boulder1,default,3,9,4,0,1,1,1,1,1,194.986,45.65231,-599.0275,0,0.7163287,0,-0.697763;
custom,boulder1,default,3,9,4,0,1,1,1,1,1,255.3221,56.01118,-574.2671,0,0.9101673,0,-0.4142408;
custom,boulder1,default,3,9,4,0,1,1,1,1,1,317.0607,47.937,-577.7754,0,0.6321691,0,-0.7748305;
custom,boulder1,default,3,9,8,0,1,1,1,1,1,403.8075,71.95996,-515.811,0,0.9262754,0,-0.3768475;
custom,boulder1,default,3,9,8,0,1,1,1,1,1,387.2957,12.20237,-395.0376,0,0.9118513,0,0.4105207;
custom,boulder1,default,3,9,8,0,1,1,1,1,1,280.7549,82.70769,-344.519,0,0.6402618,0,0.7681568;
custom,boulder1,default,3,9,4,0,1,1,1,1,1,172.4899,37.97926,-588.7054,0,0.1341553,0,0.9909604;
custom,boulder1,default,3,1,4,0,1,1,1,1,1,270.6944,7.088555,-478.6408,-0.01914467,0.2633706,0.08904226,0.9603859;
custom,boulder1,default,3,1,4,0,1,1,1,1,1,296.3997,34.91073,-440.9155,-0.5852284,-0.1040216,0.03989291,0.8031785;
custom,boulder1,default,3,1,4,0,1,1,1,1,1,372.0494,12.51774,-462.994,0.4584313,0.4740268,-0.2275162,0.7165025;
custom,boulder1,default,3,1,4,0,1,1,1,1,1,331.6294,32.48667,-505.3814,-0.2051099,0.521628,0.1643013,0.8116892;
custom,boulder1,default,8,1,9,0,1,1,1,1,1,275.0507,150.3542,-452.4415,-0.1345789,0.5435687,0.1037263,0.8219869;
custom,boulder1,default,7,7,7,0,1,1,1,1,1,375.6493,152.929,-434.3477,0.09583639,0.8777617,0.1361018,-0.4492508;
custom,boulder1,default,7,7,7,0,1,1,1,1,1,421.2891,26.423,-339.3593,-0.1681855,0.9765992,-0.01626793,0.1330533;
custom,cuboid,grass,7,2,7,0,1,1,1,1,1,305.9181,193.5105,-387.45,0,0.9542615,0,0.2989734;
custom,cuboid,grass,7,2,7,0,1,1,1,1,1,324.6028,193.549,-356.0558,0,0.9984201,0,0.05618979;
custom,boulder1,default,3,3,3,0,1,1,1,1,1,374.6445,182.4248,-344.2314,0.01075475,0.9986049,0.04629252,-0.02301297;
custom,boulder1,default,3,3,3,0,1,1,1,1,1,339.9473,178.6171,-323.418,0.009679211,0.9428079,0.3273248,0.06227526;
custom,boulder1,default,3,3,3,0,1,1,1,1,1,294.1673,178.5405,-307.5277,-0.2644667,0.8613248,0.3995576,0.1689103;
custom,boulder1,default,3,3,3,0,1,1,1,1,1,277.0453,185.2845,-430.1023,-0.0763247,0.5824078,0.05505375,0.807431;
custom,boulder1,default,3,3,3,0,1,1,1,1,1,268.1823,188.6454,-368.0108,0,0.1698327,0,0.9854729;
custom,boulder1,default,3,3,3,0,1,1,1,1,1,323.8581,130.569,-314.5252,0.0495662,0.9213017,0.3307647,0.198346;
custom,boulder1,default,5,5,5,0,1,1,1,1,1,222.2584,21.5444,-279.4488,0.1791364,0.9120409,0.09107513,0.3574868;
custom,boulder1,default,5,5,5,0,1,1,1,1,1,579.7258,4.147554,-499.694,-0.09073721,0.9411212,-0.3250173,-0.02053067;
custom,log2,default,1,1,1,0,1,1,1,1,1,273.549,226.6538,-470.8396,0,0.9867218,0,-0.1624193;
custom,boulder1,default,2,2,2,0,1,1,1,1,1,261.5554,142.7034,-548.6373,-0.003461668,0.6677516,0.009883071,0.7443106;
custom,boulder1,default,2,2,2,0,1,1,1,1,1,256.9946,171.7119,-527.8021,-0.162395,0.4319122,0.1033792,0.8811314;
custom,boulder1,default,2,2,2,0,1,1,1,1,1,263.4575,194.5324,-514.0195,-0.2531014,-0.09693523,0.04364315,0.9615813;
custom,boulder1,default,2,2,2,0,1,1,1,1,1,240.7042,183.8918,-536.3604,0,0.2257354,0,0.9741887;
custom,tree2,default,0.5,0.5,0.5,0,1,1,1,1,1,317.5912,235.9483,-358.9774,0,0.9730587,0,0.2305575;
custom,tree5,default,0.5,0.5,0.5,0,1,1,1,1,1,308.0385,229.9317,-407.649,0,0.2889476,0,0.9573449;
custom,tree2,default,0.5,0.5,0.5,0,1,1,1,1,1,294.8471,31.65164,-238.9527,0,0.9889352,0,0.148348;
custom,tree2,default,0.5,0.5,0.5,0,1,1,1,1,1,333.8879,33.24411,-276.4738,0,0.9791567,0,-0.2031063;
custom,tree5,default,0.5,0.5,0.5,0,1,1,1,1,1,25.29057,28.04938,-608.4306,0,0.967081,0,-0.254469;
custom,tree2,default,0.5,0.5,0.5,0,1,1,1,1,1,-42.35831,32.85963,-630.074,0,0.4191899,0,-0.9078986;
custom,log2,default,1,1,1,0,1,1,1,1,1,188.241,45.35667,-215.2865,-0.04725986,0.9062732,0.4129704,0.07675254;
custom,tree2,default,0.5,0.5,0.5,0,1,1,1,1,1,152.3573,32.9213,-185.4398,0,0.9599908,0,-0.2800317;
custom,tree2,default,0.5,0.5,0.5,0,1,1,1,1,1,586.6774,31.42397,-351.7944,0,0.9580152,0,-0.2867175;
custom,tree2,default,0.5,0.5,0.5,0,1,1,1,1,1,535.9376,31.32687,-362.5767,0,0.9983758,0,0.05697154;
custom,boulder1,default,2,2,2,0,1,1,1,1,1,543.3705,7.649113,-564.9793,0.1765542,0.4817045,0.09975622,-0.852548;
custom,boulder1,default,3,5,3,0,1,1,1,1,1,499.7766,35.95336,-583.2408,0,-0.0611483,0,-0.9981287;
custom,boulder1,default,3,5,3,0,1,1,1,1,1,322.5907,140.4976,-540.5609,-0.478331,0.5468585,-0.3225432,-0.6067216;
custom,cuboid,grass,7,1,7,0,1,1,1,1,1,487.5561,178.763,-443.3393,0,0.6838914,0,-0.7295838;
custom,boulder1,default,3,3,3,0,1,1,1,1,1,474.545,167.8149,-494.4094,0.1197145,-0.2644518,0.1157802,-0.9499098;
custom,boulder1,default,3,3,3,0,1,1,1,1,1,517.2328,159.0905,-466.8562,0.1542473,0.8225262,0.0970441,-0.5387402;
custom,boulder1,default,3,3,3,0,1,1,1,1,1,466.4537,164.6444,-393.664,0.05419348,0.9741381,0.2165727,-0.03484791;
custom,boulder1,default,3,3,3,0,1,1,1,1,1,523.181,164.8199,-415.736,0.1838371,0.831654,0.2031197,-0.4830095;
custom,boulder1,default,3,3,3,0,1,1,1,1,1,573.6089,79.84235,-493.2324,0,0.4517218,0,-0.8921589;
custom,boulder1,default,3,3,3,0,1,1,1,1,1,576.5009,128.3031,-479.0753,0.3867503,0.8080544,0.2751098,-0.34898;
custom,boulder1,default,3,3,3,0,1,1,1,1,1,551.1353,163.5389,-458.5675,0,0.9320526,0,-0.3623231;
custom,tree5,default,0.5,0.5,0.5,0,1,1,1,1,1,481.2412,209.7112,-433.6687,0,0.9237795,0,-0.3829249;
custom,tree2,default,0.5,0.5,0.5,0,1,1,1,1,1,465.6226,216.8837,-457.2417,0,0.6929069,0,-0.7210271;
custom,trunk1,default,0.5,0.5,0.5,0,1,1,1,1,1,490.8208,180.9988,-449.5748,0,0.8018873,0,-0.5974754;
custom,tree2,default,0.5,0.5,0.5,0,1,1,1,1,1,418.4931,31.17576,-608.9356,0,0.4731383,0,-0.8809882;
custom,tree2,default,0.5,0.5,0.5,0,1,1,1,1,1,472.9118,30.58738,-535.9805,0,-0.02031006,0,0.9997938;
custom,tree2,default,0.5,0.5,0.5,0,1,1,1,1,1,515.3152,30.9022,-417.1594,0,0.9539239,0,-0.3000487;
custom,house6,default,0.5,0.5,0.5,0,1,1,1,1,1,507.5397,-0.5010912,-456.1649,0,0.9698274,0,-0.2437925;
custom,boulder1,default,3,3,3,0,1,1,1,1,1,432.6635,12.91922,-128.0983,0,0.9995233,0,0.03087641;
custom,boulder1,default,3,3,3,0,1,1,1,1,1,432.2755,36.46429,-135.8692,-0.01913436,0.9421754,-0.1938451,0.272697;
custom,boulder1,default,4,4,4,0,1,1,1,1,1,387.7275,157.3464,-287.8629,0.0811681,0.9648923,0.1732462,-0.1799456;
custom,boulder1,default,4,4,4,0,1,1,1,1,1,372.3785,117.7456,-221.5545,0.06977747,0.9834809,0.05588871,0.1573945;
custom,boulder1,default,4,4,4,0,1,1,1,1,1,411.8372,95.84663,-285.9943,0.05107711,0.9557267,0.188966,-0.219703;
custom,boulder1,default,4,4,4,0,1,1,1,1,1,394.313,70.8244,-159.0847,0.07449701,0.9213049,0.09422377,-0.3698236;
custom,cuboid,grass,8,4,8,0,1,1,1,1,1,323.0304,168.157,-253.1871,0,0.9761135,0,0.2172615;
custom,boulder1,default,4,4,4,0,1,1,1,1,1,361.2084,161.6816,-229.108,-0.04718776,0.766787,0.546861,0.3327974;
custom,boulder1,default,4,4,4,0,1,1,1,1,1,363.8482,24.05878,-133.3826,0,0.6238911,0,0.7815114;
custom,boulder1,default,4,4,4,0,1,1,1,1,1,303.6363,154.4828,-220.0908,0,0.1779249,0,0.9840441;
custom,boulder1,default,3,3,3,0,1,1,1,1,1,261.9602,178.4015,-264.2346,0,0.938182,0,0.3461424;
custom,boulder1,default,3,3,3,0,1,1,1,1,1,288.6149,132.6688,-276.5935,0,0.8089951,0,0.5878153;
custom,tree5,default,0.5,0.5,0.5,0,1,1,1,1,1,320.0901,217.7917,-252.7978,0,0.9971134,0,0.07592696;
custom,trunk1,default,0.5,0.5,0.5,0,1,1,1,1,1,346.8181,202.3107,-369.3474,0,0.9770632,0,-0.2129495;
custom,boulder1,default,2,7,7,0,1,1,1,1,1,232.8819,61.20303,-7.586542,0,0.5611393,0,-0.8277214;
custom,boulder1,default,2,7,7,0,1,1,1,1,1,164.0712,51.886,153.3931,0,0.9632181,0,-0.268721;
custom,boulder1,default,2,7,7,0,1,1,1,1,1,344.9291,56.94669,-21.0414,0,0.7723344,0,-0.6352162;
custom,boulder1,default,2,7,7,0,1,1,1,1,1,469.8209,60.745,127.3948,0,0.9976719,0,-0.06819705;
custom,boulder1,default,2,7,7,0,1,1,1,1,1,402.4078,67.02412,242.8829,0,0.8404123,0,0.5419477;
custom,boulder1,default,2,7,7,0,1,1,1,1,1,264.5023,75.8623,251.5763,0,0.5900084,0,0.8073971;
custom,boulder1,default,2,7,7,0,1,1,1,1,1,248.1675,49.78491,141.119,0,0.9396646,0,-0.3420972;
custom,boulder1,default,2,7,5,0,1,1,1,1,1,311.2399,45.60738,85.69801,0,0.9517176,0,-0.3069751;
custom,boulder1,default,2,7,5,0,1,1,1,1,1,334.4922,23.2605,185.8603,0,0.6115227,0,-0.791227;
custom,boulder1,default,2,7,5,0,1,1,1,1,1,350.4279,20.40244,84.69026,0,0.2287842,0,-0.9734772;
custom,boulder1,default,3,3,3,0,1,1,1,1,1,186.6698,-1.05893,106.8477,-0.1526317,0.3587888,0.04271889,0.9198638;
custom,boulder1,default,3,3,3,0,1,1,1,1,1,218.0068,92.92963,154.477,0,0.3333624,0,0.9427988;
custom,boulder1,default,3,3,3,0,1,1,1,1,1,273.8068,4.025407,243.2951,-0.05381242,-0.3187338,0.06407084,0.9441441;
custom,boulder1,default,3,3,3,0,1,1,1,1,1,222.9777,2.806918,246.1882,-0.05183052,0.8465148,0.1307723,0.5134442;
custom,boulder1,default,3,3,3,0,1,1,1,1,1,292.192,-2.569664,118.4721,0,0.1005591,0,0.9949311;
custom,boulder1,default,3,3,3,0,1,1,1,1,1,291.6074,-0.8182861,20.73825,0,0.7780177,0,-0.6282425;
custom,boulder1,default,3,3,3,0,1,1,1,1,1,384.519,-3.222921,109.4502,0.007933713,0.9871899,0.1510513,-0.0507616;
custom,boulder1,default,8,3,8,0,1,1,1,1,1,274.8085,148.7868,80.71696,-0.0492134,0.6198242,0.03899603,0.7822247;
custom,boulder1,default,8,3,8,0,1,1,1,1,1,268.4797,157.8517,166.2002,-0.06482442,0.8040277,0.1247729,0.5777276;
custom,boulder1,default,8,3,8,0,1,1,1,1,1,217.5788,142.2016,75.13651,-0.1583338,0.5338795,0.1480578,0.8173018;
custom,boulder1,default,8,3,8,0,1,1,1,1,1,405.3627,153.5714,149.5873,0.1134092,0.8481565,0.0382876,-0.5160456;
custom,boulder1,default,8,3,8,0,1,1,1,1,1,359.9141,130.0228,65.40453,0,0.7106168,0,-0.7035793;
custom,boulder1,default,8,3,8,0,1,1,1,1,1,305.3255,139.5716,71.05872,0.04031977,0.4494118,-0.02588315,-0.8920389;
custom,boulder1,default,8,3,8,0,1,1,1,1,1,383.6927,103.4348,80.35002,0.1139819,0.5451724,0.05184689,-0.8289192;
custom,cuboid,grass,8,3,8,0,1,1,1,1,1,228.738,185.7062,111.3724,0,0.6195871,0,0.784928;
custom,cuboid,grass,8,3,8,0,1,1,1,1,1,254.0521,170.4045,240.0744,0,0.9955789,0,0.09392875;
custom,cuboid,grass,8,3,8,0,1,1,1,1,1,513.1227,129.0595,88.89925,0,0.9880683,0,-0.1540159;
custom,boulder1,default,3,3,3,0,1,1,1,1,1,242.0867,179.2676,163.2356,-0.01400298,0.7349447,0.03945224,0.6768337;
custom,boulder1,default,2,2,2,0,1,1,1,1,1,205.2276,181.884,151.69,-0.2136469,0.7862713,0.4163091,0.4035087;
custom,boulder1,default,2,2,2,0,1,1,1,1,1,181.5837,184.6808,136.9431,0,0.5765347,0,0.8170726;
custom,boulder1,default,2,2,2,0,1,1,1,1,1,164.8513,158.2128,131.7016,0,0.7942245,0,0.6076244;
custom,boulder1,default,3,3,3,0,1,1,1,1,1,186.3879,173.2151,102.7402,-0.1237792,0.8379648,0.01967507,0.5311372;
custom,boulder1,default,3,3,3,0,1,1,1,1,1,208.9251,190.0012,74.10567,0.1900068,-0.2700887,0.05445943,0.9423289;
custom,boulder1,default,2,1,2,0,1,1,1,1,1,256.7334,196.4998,74.88284,-0.1383562,0.7682791,-0.1773712,-0.5992865;
custom,boulder1,default,2,2,1,0,1,1,1,1,1,280.7596,198.0813,104.4483,0,0.721101,0,-0.69283;
custom,boulder1,default,2,2,2,0,1,1,1,1,1,280.6466,194.5623,126.7873,0,0.9894097,0,0.1451496;
custom,boulder1,default,2,2,2,0,1,1,1,1,1,296.3929,176.0598,206.7094,0.05163222,0.9156819,0.1083057,-0.3835761;
custom,boulder1,default,2,2,2,0,1,1,1,1,1,297.3527,168.12,244.556,0.03108986,0.9686724,0.1847842,-0.1629788;
custom,boulder1,default,2,2,2,0,1,1,1,1,1,293.2888,167.1649,276.1364,0.02853845,0.9591078,0.2352342,-0.1547995;
custom,boulder1,default,2,2,2,0,1,1,1,1,1,267.9193,168.0544,286.0853,-0.01717282,0.8289459,0.3822632,0.4079567;
custom,boulder1,default,2,2,2,0,1,1,1,1,1,239.0265,168.3024,289.2954,-0.06975102,0.7325066,0.4111044,0.5381096;
custom,boulder1,default,2,2,2,0,1,1,1,1,1,221.0985,167.7934,279.6347,0.2209787,0.7772602,-0.3858353,0.4451585;
custom,boulder1,default,2,2,2,0,1,1,1,1,1,211.5038,174.0893,255.1443,-0.1457315,0.6192636,0.1744511,0.7515596;
custom,boulder1,default,2,2,2,0,1,1,1,1,1,213.3596,173.8991,222.3229,-0.1865835,0.4343143,0.222773,0.8526019;
custom,boulder1,default,2,2,2,0,1,1,1,1,1,229.5988,186.5623,198.3369,0.09616727,0.5950172,-0.072005,0.7946833;
custom,boulder1,default,2,2,2,0,1,1,1,1,1,425.1416,192.4446,151.9045,0,0.9992784,0,0.03798471;
custom,boulder1,default,2,2,2,0,1,1,1,1,1,395.1083,173.6504,65.24742,0.08312283,0.7425278,0.09380308,-0.6579849;
custom,log2,default,1,1,1,0,1,1,1,1,1,248.9724,213.4241,196.362,0.007702413,0.9922218,0.09379259,-0.08148304;
custom,boulder1,default,1,1,1,0,1,1,1,1,1,249.6958,187.2063,233.7408,0,0.9999793,0,-0.006437599;
custom,boulder1,default,1,1,1,0,1,1,1,1,1,370.2229,39.30343,32.19278,0,0.8214965,0,-0.5702136;
custom,boulder1,default,3,3,3,0,1,1,1,1,1,536.4765,133.4083,149.3994,0.07828557,0.8225946,0.4728213,-0.3060221;
custom,boulder1,default,3,3,3,0,1,1,1,1,1,561.5869,128.3655,93.94511,0,0.4677596,0,-0.8838558;
custom,boulder1,default,3,3,3,0,1,1,1,1,1,481.938,127.986,58.32319,0,-0.695408,0,-0.7186152;
custom,boulder1,default,3,3,3,0,1,1,1,1,1,525.4536,124.1128,51.48616,0,0.6295367,0,-0.7769708;
custom,boulder1,default,3,5,3,0,1,1,1,1,1,572.9841,56.63055,63.00424,0,-0.5709826,0,0.8209623;
custom,boulder1,default,3,5,3,0,1,1,1,1,1,575.9796,-7.475639,72.39046,0.530856,-0.3210377,-0.07377135,0.7808231;
custom,boulder1,default,3,3,3,0,1,1,1,1,1,419.8727,186.7385,103.8055,-0.0696978,0.9359259,0.03454822,-0.3434989;
custom,boulder1,default,3,3,3,0,1,1,1,1,1,345.8553,155.2676,244.4832,0.05674993,0.9755502,0.2115228,-0.01842082;
custom,boulder1,default,3,3,3,0,1,1,1,1,1,415.7499,80.08832,263.8445,0.08818003,0.9097952,0.3168242,-0.2532184;
custom,boulder1,default,3,3,3,0,1,1,1,1,1,480.2893,4.118841,223.6748,0.04883034,0.9808612,-0.02298553,-0.1870792;
custom,boulder1,default,3,3,3,0,1,1,1,1,1,484.4773,5.308472,253.3925,0.04906216,0.963289,0.1371708,-0.2255027;
custom,tree2,default,0.5,0.5,0.5,0,1,1,1,1,1,274.8857,213.8919,256.1345,0,0.9957693,0,0.09188895;
custom,tree2,default,0.5,0.5,0.5,0,1,1,1,1,1,202.8375,227.4129,122.7318,0,0.9068771,0,0.4213953;
custom,tree2,default,0.5,0.5,0.5,0,1,1,1,1,1,239.8404,230.936,106.0424,0,0.9975969,0,0.06928623;
custom,trunk1,default,0.5,0.5,0.5,0,1,1,1,1,1,247.3799,197.9547,132.3062,0,0.9758152,0,-0.2185969;
custom,tree2,default,0.5,0.5,0.5,0,1,1,1,1,1,517.8843,174.6889,83.56113,0,0.6813661,0,-0.7319428;
custom,cuboid,grass,7,3,9,0,1,1,1,1,1,572.371,2.044435,-157.7848,0,0.9979901,0,0.06337089;
custom,boulder1,default,3,3,3,0,1,1,1,1,1,605.6664,-8.360614,-213.3689,0,0.7810674,0,-0.6244469;
custom,boulder1,default,3,3,3,0,1,1,1,1,1,621.4485,-8.0422,-175.3257,0,0.9887996,0,0.14925;
custom,boulder1,default,3,3,3,0,1,1,1,1,1,620.2161,-2.824247,-129.2167,0,0.9887341,0,0.1496831;
custom,boulder1,default,3,3,3,0,1,1,1,1,1,431.4062,109.5791,-340.7579,0.119717,0.9357069,0.1875736,-0.2737457;
custom,boulder1,default,3,3,3,0,1,1,1,1,1,581.7192,-1.946551,-104.1104,0.07042428,0.9057181,0.02007288,0.4175073;
custom,boulder1,default,3,3,3,0,1,1,1,1,1,564.9514,6.107324,-228.2108,0,0.6023096,0,0.7982626;
custom,boulder1,default,3,3,3,0,1,1,1,1,1,543.853,-4.651758,-132.4934,0,0.0263589,0,0.9996526;
custom,boulder1,default,3,3,3,0,1,1,1,1,1,534.6458,-2.851758,-179.3408,0,0.8392448,0,0.5437539;
custom,boulder1,default,3,3,3,0,1,1,1,1,1,499.3093,-0.9478389,-30.74701,-0.09308419,0.8655692,-0.07548928,-0.4862373;
custom,boulder1,default,3,3,3,0,1,1,1,1,1,495.4424,29.4695,-34.16671,0.5289909,0.4312621,0.3580406,-0.6371723;
custom,tree5,default,0.5,0.5,0.5,0,1,1,1,1,1,626.0723,27.24977,-259.9436,0,0.8808289,0,-0.4734349;
custom,tree2,default,0.5,0.5,0.5,0,1,1,1,1,1,587.685,48.85271,-180.6977,0,0.9928989,0,-0.1189609;
custom,tree2,default,0.5,0.5,0.5,0,1,1,1,1,1,579.1068,48.612,-138.8768,0,0.9918256,0,-0.1276013;
custom,tree2,default,0.5,0.5,0.5,0,1,1,1,1,1,581.6146,31.63463,-288.2905,0,0.8793957,0,-0.4760918;
custom,tree2,default,0.5,0.5,0.5,0,1,1,1,1,1,632.9771,30.5588,-410.1997,0,0.8941135,0,-0.4478406;
custom,tree2,default,0.5,0.5,0.5,0,1,1,1,1,1,594.1406,29.96356,-321.7498,0,0.7346708,0,0.6784238;
custom,tree2,default,0.5,0.5,0.5,0,1,1,1,1,1,543.4831,32.75025,-311.193,0,0.3802019,0,-0.9249035;
custom,windmill1,default,0.5,0.5,0.5,0,1,1,1,1,1,573.8923,-0.03395054,-395.6919,0,0.7877117,0,-0.616044;
custom,house6,default,0.5,0.5,0.5,0,1,1,1,1,1,450.7413,-0.2163346,-220.5677,0,0.6990513,0,-0.7150716;
custom,tree5,default,0.5,0.5,0.5,0,1,1,1,1,1,627.1329,28.64545,-610.0423,0,0.8556124,0,-0.5176172;
custom,tree2,default,0.5,0.5,0.5,0,1,1,1,1,1,571.8888,32.70488,-639.0929,0,0.2377403,0,-0.9713288;
custom,tree2,default,0.5,0.5,0.5,0,1,1,1,1,1,598.1687,32.59609,-577.6403,0,0.9302832,0,-0.3668421;
custom,tower3,default,0.5,0.5,0.5,0,1,1,1,1,1,479.0964,-0.2727266,-204.9497,0,0.8070225,0,-0.5905208;
custom,house2,default,0.5,0.5,0.5,0,1,1,1,1,1,549.3984,-0.3981251,-39.31941,0,-0.6313035,0,-0.7755359;
custom,village2,default,0.5,0.5,0.5,0,1,1,1,1,1,590.1467,5.784305,-10.92997,0,0.1159683,0,-0.9932529;
custom,tree2,default,0.5,0.5,0.5,0,1,1,1,1,1,563.5485,31.29757,-5.433367,0,0.8906897,0,-0.4546118;
custom,tree2,default,0.5,0.5,0.5,0,1,1,1,1,1,517.4193,32.39817,-89.41321,0,0.9550745,0,-0.2963659;
custom,tree5,default,0.5,0.5,0.5,0,1,1,1,1,1,512.2264,25.72146,-228.4022,0,0.9670945,0,-0.2544177;
custom,tree2,default,0.5,0.5,0.5,0,1,1,1,1,1,625.3336,32.52752,-54.79961,0,0.9686359,0,-0.2484843;
custom,tree2,default,0.5,0.5,0.5,0,1,1,1,1,1,428.6906,33.46443,-72.31527,0,0.9897454,0,-0.1428428;
custom,tree5,default,0.5,0.5,0.5,0,1,1,1,1,1,491.2174,29.50348,-159.8477,0,0.6660566,0,-0.7459013;
custom,tree2,default,0.5,0.5,0.5,0,1,1,1,1,1,516.1519,31.53391,38.04623,0,0.2838427,0,-0.9588709;
custom,cuboid,grass,8,1,8,0,1,1,1,1,1,476.7186,153.025,-319.5269,0,0.8364489,0,-0.5480449;
custom,boulder1,default,3,3,3,0,1,1,1,1,1,427.4974,169.242,-349.4835,0,0.2557435,0,-0.9667447;
custom,boulder1,default,3,3,3,0,1,1,1,1,1,512.2086,141.5698,-359.146,0,0.9402557,0,-0.3404693;
custom,boulder1,default,3,3,3,0,1,1,1,1,1,511.0745,126.3077,-303.8734,-0.0238203,0.8341647,0.5406632,0.1062323;
custom,boulder1,default,3,3,3,0,1,1,1,1,1,453.9064,129.3729,-281.8822,0.1373376,0.6377811,0.1186912,0.7485226;
custom,boulder1,default,3,3,3,0,1,1,1,1,1,494.4521,123.9324,-276.9701,-0.04450057,0.808319,0.5575151,0.1838942;
custom,boulder1,default,3,3,3,0,1,1,1,1,1,460.7917,112.1355,-322.1572,0,0.6674514,0,-0.7446534;
custom,boulder1,default,1,1,1,0,1,1,1,1,1,480.2915,165.5338,-363.0799,0,0.8228665,0,-0.5682349;
custom,tree2,default,0.5,0.5,0.5,0,1,1,1,1,1,477.9455,188.3574,-327.6711,0,0.6166639,0,-0.7872266;
custom,trunk1,default,0.5,0.5,0.5,0,1,1,1,1,1,471.6003,155.7398,-302.3435,0,0.9610133,0,-0.2765021;
custom,tree2,default,0.5,0.5,0.5,0,1,1,1,1,1,377.5731,28.09179,-219.1812,0,0.5635477,0,-0.8260835;
custom,boulder1,default,0.5,0.5,0.5,0,1,1,1,1,1,406.9092,3.091403,-246.8366,0,0.993528,0,-0.1135881;
custom,cuboid,grass,7,3,7,0,1,1,1,1,1,211.2364,10.15434,-60.93244,0,0.1885818,0,0.9820575;
custom,cuboid,grass,7,3,7,0,1,1,1,1,1,168.6821,-1.569099,-76.28027,0,0.9742922,0,-0.2252884;
custom,boulder1,default,3,3,3,0,1,1,1,1,1,268.9883,10.14142,-73.67836,0,0.2284509,0,-0.9735554;
custom,boulder1,default,3,3,3,0,1,1,1,1,1,235.3378,1.764457,-107.1844,0,0.2847488,0,0.9586022;
custom,boulder1,default,2,2,2,0,1,1,1,1,1,190.3166,-1.079739,-115.408,0,0.1988351,0,0.980033;
custom,boulder1,default,2,2,2,0,1,1,1,1,1,158.66,-2.100115,-117.6806,0,-0.4932778,0,0.8698719;
custom,boulder1,default,2,2,2,0,1,1,1,1,1,133.5737,-1.045205,-104.1975,0,0.6172898,0,0.7867359;
custom,boulder1,default,2,2,2,0,1,1,1,1,1,155.015,-0.3764473,-36.76506,0,0.8447335,0,0.5351872;
custom,boulder1,default,2,2,2,0,1,1,1,1,1,130.6798,0.577633,-65.89043,0,0.9993242,0,0.03675893;
custom,boulder1,default,3,3,3,0,1,1,1,1,1,178.2943,6.463681,-24.87437,0,0.9600827,0,-0.2797166;
custom,boulder1,default,1,1,1,0,1,1,1,1,1,171.656,17.37035,-58.69137,0,0.1851224,0,0.9827155;
custom,boulder1,default,1,1,1,0,1,1,1,1,1,172.107,17.78884,-75.00938,0,0.1554561,0,0.9878428;
custom,boulder1,default,1,1,1,0,1,1,1,1,1,184.5787,17.68494,-82.69752,0,0.2354516,0,0.9718861;
custom,boulder1,default,1,1,1,0,1,1,1,1,1,198.8412,22.54552,-91.32849,0,0.6799954,0,0.7332164;
custom,tree2,default,0.5,0.5,0.5,0,1,1,1,1,1,333.2996,33.37251,-73.00845,0,-0.1552609,0,0.9878735;
custom,tree2,default,0.5,0.5,0.5,0,1,1,1,1,1,225.2848,57.53203,-63.4358,0,0.7546294,0,0.6561512;
custom,tree5,default,0.5,0.5,0.5,0,1,1,1,1,1,186.6164,51.4453,-58.35974,0,0.30641,0,0.9518996;
custom,tree5,default,0.5,0.5,0.5,0,1,1,1,1,1,173.9059,40.83519,-99.87706,0,0.1104806,0,0.9938783;
custom,tree2,default,0.5,0.5,0.5,0,1,1,1,1,1,263.6174,29.17275,-160.4398,0,0.7048551,0,0.7093514;
custom,tree2,default,0.5,0.5,0.5,0,1,1,1,1,1,218.3204,32.05051,-179.1459,0,0.8617812,0,0.5072803;
custom,trunk1,default,0.5,0.5,0.5,0,1,1,1,1,1,306.2445,-1.68806,-195.5288,0,0.6298899,0,0.7766845;
custom,tree2,default,0.5,0.5,0.5,0,1,1,1,1,1,115.4955,29.31262,-141.9336,0,0.9199277,0,0.3920883;
custom,tree5,default,0.5,0.5,0.5,0,1,1,1,1,1,97.14391,28.22627,41.62151,0,0.8779009,0,0.4788425;
custom,tree5,default,0.5,0.5,0.5,0,1,1,1,1,1,566.6111,29.76826,195.4408,0,0.9690736,0,-0.246772;
custom,boulder1,default,5,5,5,0,1,1,1,1,1,286.6049,23.91338,456.7898,0,0.9997154,0,0.02385681;
custom,boulder1,default,5,5,5,0,1,1,1,1,1,347.7702,1.878898,521.535,0,0.8993109,0,-0.4373098;
custom,boulder1,default,5,5,5,0,1,1,1,1,1,441.168,10.3103,566.5358,0,0.8267734,0,-0.5625352;
custom,boulder1,default,5,5,5,0,1,1,1,1,1,553.6189,22.02315,561.1019,0.1015173,0.4858684,0.08204467,-0.8642308;
custom,boulder1,default,5,5,5,0,1,1,1,1,1,559.9257,10.40475,479.9084,-0.09274679,0.7450964,-0.05854747,-0.6578766;
custom,boulder1,default,5,5,5,0,1,1,1,1,1,541.3386,33.14672,381.4489,0,0.9991057,0,0.04228267;
custom,boulder1,default,5,5,5,0,1,1,1,1,1,454.2431,42.87539,346.0178,0,0.7845122,0,-0.6201134;
custom,boulder1,default,5,5,5,0,1,1,1,1,1,381.8685,13.00101,334.1325,0,0.02736804,0,0.9996254;
custom,boulder1,default,5,5,5,0,1,1,1,1,1,358.1026,106.3438,506.355,0,0.2047991,0,0.9788041;
custom,boulder1,default,5,5,5,0,1,1,1,1,1,428.9719,66.56908,538.5021,0.06656054,0.5278087,-0.04153945,0.8457318;
custom,boulder1,default,5,5,5,0,1,1,1,1,1,524.6904,84.81377,546.157,0.363476,0.7876776,0.2946925,-0.4007563;
custom,boulder1,default,5,5,5,0,1,1,1,1,1,554.4962,81.09536,479.0494,-0.02675043,0.3231532,0.1598234,-0.9323696;
custom,boulder1,default,5,5,5,0,1,1,1,1,1,514.5245,83.90645,374.8824,0.233312,0.3026872,0.007890084,-0.9240583;
custom,boulder1,default,5,5,5,0,1,1,1,1,1,409.8617,86.35741,339.0286,0,0.3290492,0,0.9443129;
custom,boulder1,default,5,5,5,0,1,1,1,1,1,347.0882,119.0368,393.7294,0,0.6548849,0,0.7557287;
custom,boulder1,default,5,5,5,0,1,1,1,1,1,399.06,114.9807,530.983,0,0.5640178,0,0.8257627;
custom,cuboid,grass,9,2,9,0,1,1,1,1,1,260.6253,108.2482,500.4316,0,0.8460268,0,0.5331404;
custom,boulder1,default,4,4,4,0,1,1,1,1,1,295.9808,79.86198,535.3052,0.01115357,0.9626365,0.267994,0.03722639;
custom,boulder1,default,4,4,4,0,1,1,1,1,1,263.0513,83.65461,547.6901,-0.06682226,0.9038519,0.1912196,0.3768578;
custom,boulder1,default,4,4,4,0,1,1,1,1,1,332.6538,140.9988,453.3659,0,0.1275454,0,0.9918327;
custom,boulder1,default,4,4,4,0,1,1,1,1,1,200.479,91.07495,529.712,-0.1512532,0.951977,0.001525283,0.2661954;
custom,boulder1,default,4,4,4,0,1,1,1,1,1,211.1358,94.45593,467.6046,0,0.6391412,0,0.7690895;
custom,boulder1,default,4,4,4,0,1,1,1,1,1,278.0082,96.48026,438.8499,-0.1460245,0.1985457,-0.004135411,0.9691437;
custom,boulder1,default,4,4,4,0,1,1,1,1,1,163.6929,27.85915,492.2473,0,0.3803095,0,0.9248593;
custom,boulder1,default,4,4,4,0,1,1,1,1,1,196.4671,26.21271,540.0997,0,0.5214242,0,0.8532977;
custom,log2,default,2,2,2,0,1,1,1,1,1,233.0103,175.0629,373.4149,0.008972063,0.9862971,0.1544502,-0.05729431;
custom,tree2,default,0.5,0.5,0.5,0,1,1,1,1,1,238.1537,151.666,518.6837,0,0.8767111,0,0.4810174;
custom,tree2,default,0.5,0.5,0.5,0,1,1,1,1,1,323.6374,32.26876,653.4628,0,0.9869196,0,0.1612135;
custom,tree2,default,0.5,0.5,0.5,0,1,1,1,1,1,253.9019,31.42438,621.8409,0,0.7898358,0,0.6133185;
custom,tree2,default,0.5,0.5,0.5,0,1,1,1,1,1,367.1786,31.85408,623.443,0,0.9996483,0,-0.02652371;
custom,tree2,default,0.5,0.5,0.5,0,1,1,1,1,1,603.927,33.07627,321.1394,0,0.9926121,0,-0.1213316;
custom,tree2,default,0.5,0.5,0.5,0,1,1,1,1,1,625.1178,30.44211,243.3226,0,0.6184969,0,-0.7857873;
custom,tower3,default,0.5,0.5,0.5,0,1,1,1,1,1,595.2245,-0.244759,248.2917,0,0.6551672,0,-0.755484;
custom,house5,default,0.5,0.5,0.5,0,1,1,1,1,1,565.5062,7.797943,263.1438,0,0.732788,0,0.6804571;
custom,boulder1,default,4,4,4,0,1,1,1,1,1,404.0255,-6.300776,393.486,0,0.9054801,0,-0.4243887;
custom,boulder1,default,2,2,2,0,1,1,1,1,1,483.8639,-4.516701,502.3884,0,0.3232712,0,0.9463064;
custom,boulder1,default,2,2,2,0,1,1,1,1,1,410.8205,9.8822,489.8095,0,0.6549335,0,-0.7556866;
custom,cuboid,grass,7,2,7,0,1,1,1,1,1,431.3355,142.4681,264.8978,0,0.9983846,0,-0.05681777;
custom,boulder1,default,2,2,2,0,1,1,1,1,1,470.6215,142.7274,237.1954,0.04626933,0.7730783,0.05677133,-0.6300684;
custom,boulder1,default,2,2,2,0,1,1,1,1,1,472.6237,139.9828,263.7939,0.05276889,0.9134626,0.1079273,-0.3887844;
custom,boulder1,default,2,2,2,0,1,1,1,1,1,466.4952,137.8687,292.5668,0.0881919,0.9097856,0.3168209,-0.2532526;
custom,boulder1,default,2,2,2,0,1,1,1,1,1,430.71,119.9189,273.1355,0,0.7563682,0,-0.6541463;
custom,boulder1,default,2,2,2,0,1,1,1,1,1,434.0059,115.2014,249.1004,0,0.7612019,0,-0.648515;
custom,boulder1,default,2,2,2,0,1,1,1,1,1,436.3967,137.8022,307.8599,0,0.9662443,0,-0.2576274;
custom,boulder1,default,2,2,2,0,1,1,1,1,1,405.9051,139.238,304.066,0,0.7893959,0,0.6138845;
custom,boulder1,default,2,2,2,0,1,1,1,1,1,379.1274,154.2871,267.9168,0,0.1672684,0,0.9859114;
custom,boulder1,default,2,2,2,0,1,1,1,1,1,395.421,123.013,266.262,0,0.8833863,0,0.4686457;
custom,tree2,default,0.5,0.5,0.5,0,1,1,1,1,1,442.0783,184.4872,267.5479,0,0.9340281,0,-0.3571994;
custom,tree5,default,0.5,0.5,0.5,0,1,1,1,1,1,411.9449,183.4987,282.6885,0,0.6832434,0,-0.7301908;
custom,boulder1,default,3,3,6,0,1,1,1,1,1,313.8696,209.0106,127.5523,0.19381,0.7723504,0.5367978,-0.2788561;
custom,boulder1,default,3,7,3,0,1,1,1,1,1,379.4216,256.9403,-430.1571,0,0.9163563,0,-0.400364;
custom,boulder1,default,3,7,3,0,1,1,1,1,1,567.9841,168.3881,508.2788,0,0.2368419,0,-0.9715483;
custom,boulder1,default,3,7,3,0,1,1,1,1,1,605.3672,45.07514,567.6418,0,0.804904,0,-0.5934051;
custom,boulder1,default,3,7,3,0,1,1,1,1,1,625.405,45.86602,102.1259,0,0.9651387,0,-0.2617393;
custom,tree2,default,0.5,0.5,0.5,0,1,1,1,1,1,532.9236,26.49831,146.5072,0,0.967828,0,-0.2516128;
custom,tree2,default,0.5,0.5,0.5,0,1,1,1,1,1,626.0655,31.65879,179.4973,0,0.8862225,0,-0.46326;
custom,house6,default,0.5,0.5,0.5,0,1,1,1,1,1,581.9611,-1.001278,148.7884,0,0.7373063,0,-0.6755587;
custom,tree2,default,0.5,0.5,0.5,0,1,1,1,1,1,263.3084,32.2048,351.6449,0,0.5070406,0,0.8619223;
custom,tree2,default,0.5,0.5,0.5,0,1,1,1,1,1,231.2893,29.4712,314.9057,0,0.652652,0,0.7576579;
custom,tree5,default,0.5,0.5,0.5,0,1,1,1,1,1,206.6188,24.956,364.6541,0,0.4141539,0,0.9102069;
custom,village2,default,0.5,0.5,0.5,0,1,1,1,1,1,170.9921,6.176024,368.0839,0,0.9990978,0,0.04246829;
custom,house5,default,0.5,0.5,0.5,0,1,1,1,1,1,161.9963,6.862121,313.4127,0,0.9957898,0,0.09166573;
custom,tower4,default,0.5,0.5,0.5,0,1,1,1,1,1,190.8273,24.74776,296.2933,0,0.8086056,0,-0.5883511;
custom,trunk1,default,0.5,0.5,0.5,0,1,1,1,1,1,146.0737,-2.119469,280.6756,0,0.4224539,0,0.9063845;
custom,trunk1,default,0.5,0.5,0.5,0,1,1,1,1,1,200.8465,-2.377046,340.1538,0,0.7007796,0,0.713378;
custom,tree2,default,0.5,0.5,0.5,0,1,1,1,1,1,149.7296,31.66749,628.8226,0,0.780311,0,0.6253917;
custom,tree5,default,0.5,0.5,0.5,0,1,1,1,1,1,202.7607,32.2195,630.4313,0,0.953132,0,0.302555;
custom,tree2,default,0.5,0.5,0.5,0,1,1,1,1,1,128.3727,30.79865,406.3284,0,0.6932436,0,0.7207034;
custom,cuboid,grass,9,5,12,0,1,1,1,1,1,37.99258,-6.262053,352.7054,0,0.9987516,0,0.04995325;
custom,cuboid,grass,9,5,12,0,1,1,1,1,1,101.2121,-10.57691,168.0873,0,0.9576419,0,-0.2879619;
custom,boulder1,default,3,3,3,0,1,1,1,1,1,158.4689,-3.508055,225.1997,0,0.9994876,0,-0.03200708;
custom,boulder1,default,3,3,3,0,1,1,1,1,1,116.3456,-12.8315,232.0441,0,0.7206618,0,0.6932869;
custom,boulder1,default,3,3,3,0,1,1,1,1,1,78.83035,-11.60332,214.9537,0,0.9972708,0,-0.07383177;
custom,boulder1,default,3,3,3,0,1,1,1,1,1,47.97182,-7.686784,179.6318,0,0.9981709,0,0.06045526;
custom,boulder1,default,3,3,3,0,1,1,1,1,1,48.53871,-8.341968,138.8675,-0.3293962,-0.2310238,0.0547678,0.9138527;
custom,boulder1,default,3,3,3,0,1,1,1,1,1,89.14256,-6.864592,108.9887,0,0.7059835,0,0.7082283;
custom,boulder1,default,3,3,3,0,1,1,1,1,1,155.0698,118.0397,152.3324,-0.09519618,0.7781991,0.19483,0.589394;
custom,boulder1,default,3,3,3,0,1,1,1,1,1,76.38815,-12.8328,402.0773,0,0.9573593,0,0.2889004;
custom,boulder1,default,3,3,3,0,1,1,1,1,1,97.22453,-0.1295753,355.3861,0,-0.435124,0,0.9003706;
custom,boulder1,default,3,3,3,0,1,1,1,1,1,86.74567,-5.486461,307.7862,0,0.01844397,0,0.9998299;
custom,boulder1,default,3,3,3,0,1,1,1,1,1,40.52385,-8.094545,406.6805,0,0.4963077,0,0.8681468;
custom,boulder1,default,3,3,3,0,1,1,1,1,1,37.2493,-1.141016,277.9259,0,0.4486322,0,0.8937165;
custom,boulder1,default,3,3,3,0,1,1,1,1,1,2.875494,-7.731324,407.1537,0,0.03761243,0,0.9992924;
custom,boulder1,default,3,3,3,0,1,1,1,1,1,-3.183184,-4.660349,363.3641,0,-0.1597854,0,0.9871518;
custom,boulder1,default,3,3,3,0,1,1,1,1,1,3.030122,-4.054711,312.1919,0,0.7455406,0,0.6664603;
custom,boulder1,default,6,6,6,0,1,1,1,1,1,36.05272,11.89964,593.2158,0,0.04588677,0,0.9989467;
custom,boulder1,default,6,6,6,0,1,1,1,1,1,34.93915,43.52984,596.2502,0.2702524,0.679458,0.02790562,-0.6815584;
custom,boulder1,default,6,9,6,0,1,1,1,1,1,21.71939,110.6459,633.5403,0,0.4414797,0,-0.8972713;
custom,tree2,default,0.5,0.5,0.5,0,1,1,1,1,1,53.43798,47.89582,361.4841,0,0.1787858,0,0.9838881;
custom,windmill1,default,0.5,0.5,0.5,0,1,1,1,1,1,36.42801,18.64772,326.6004,0,0.7823259,0,0.6228694;
custom,trunk1,default,0.5,0.5,0.5,0,1,1,1,1,1,24.33703,16.08599,377.2762,0,0.8017638,0,0.5976411;
custom,tree2,default,0.5,0.5,0.5,0,1,1,1,1,1,114.0801,47.09409,197.0122,0,0.8917876,0,0.4524543;
custom,tree5,default,0.5,0.5,0.5,0,1,1,1,1,1,76.6862,43.42783,156.6779,0,0.9163536,0,0.4003699;
custom,trunk1,default,0.5,0.5,0.5,0,1,1,1,1,1,111.4121,10.828,154.6789,0,0.896861,0,0.4423127;
custom,tree2,default,0.5,0.5,0.5,0,1,1,1,1,1,-21.4976,33.54966,479.6722,0,0.4178384,0,0.9085215;
custom,tree5,default,0.5,0.5,0.5,0,1,1,1,1,1,45.35206,24.37819,463.4175,0,0.008243226,0,0.9999661;
custom,tree2,default,0.5,0.5,0.5,0,1,1,1,1,1,85.74882,31.45313,459.8188,0,0.04139266,0,0.999143;
custom,tree5,default,0.5,0.5,0.5,0,1,1,1,1,1,101.4344,30.35363,531.5607,0,-0.4520912,0,0.8919717;
custom,tree2,default,0.5,0.5,0.5,0,1,1,1,1,1,-22.59529,31.90511,261.2385,0,0.9266719,0,0.3758714;
custom,tree2,default,0.5,0.5,0.5,0,1,1,1,1,1,-62.79401,31.36502,369.356,0,0.999782,0,-0.0208832;
custom,tree2,default,0.5,0.5,0.5,0,1,1,1,1,1,-1.772412,32.37603,210.9149,0,0.9994038,0,0.03452689;
custom,tree2,default,0.5,0.5,0.5,0,1,1,1,1,1,26.52359,31.92716,61.28175,0,0.3330696,0,-0.9429023;
custom,tree2,default,0.5,0.5,0.5,0,1,1,1,1,1,4.730223,32.74562,130.7051,0,0.2999599,0,-0.9539518;
custom,trunk1,default,0.5,0.5,0.5,0,1,1,1,1,1,-4.760298,-2.131274,90.66204,0,0.7175859,0,-0.6964701;