custom,cuboid,metal3,80,7.5,15,1,0.3068182,0.3181818,0.3181818,1.0,1.0,499.3745,-11.56522,-638.2888,0,0.3968555,0,0.9178811;
custom,cylinder,stone1,10,1,10,0,1,1,1,5,5,653.147,-86.90164,-643.8506,-0.0002460405,0.3706502,0.000653339,-0.9287723;
custom,cuboid,bark,10,0.5,10,1,0.3181818,0.3181818,0.3181818,2.5,2.5,712.412,-21.88637,-704.8435,0.2041226,0.3622995,0.08164772,-0.9057631;
custom,cuboid,stone1,8,1,55,0,1,1,1,6,55,494.3127,-3.164485,-471.9972,7.70767E-11,0.3702227,-6.136635E-11,-0.9289431;
custom,cuboid,metal3,80,7.5,15,1,0.3068182,0.3181818,0.3181818,1.0,1.0,660.7374,-11.63291,-487.7443,0,0.9187949,0,-0.3947355;
custom,tube,stone3,0.5,1.5,0.5,1,0.3181818,0.3181818,0.3181818,0.5,1.5,298.547,13.71959,-285.1704,0.2624247,0.6566074,-0.6566074,0.2624248;
custom,cuboid,rock2,7,1,1,1,0.3181818,0.3181818,0.3181818,7,1,309.2491,20.93163,-275.6179,0,0.9289141,0,0.3702954;
custom,cuboid,rock2,2,1,1,1,0.3181818,0.3181818,0.3181818,2,1,290.1174,15.48202,-293.7653,0,0.9287365,0,0.3707406;
custom,cuboid,rock2,2.5,1,1,1,0.3181818,0.3181818,0.3181818,2.5,1,309.736,15.57212,-275.1717,0,0.9288816,0,0.3703768;
custom,cuboid,stone6,5,1,5,1,0.3181818,0.3181818,0.3181818,5,5,289.266,6.762247,-254.2811,0,0.9288928,0,0.370349;
custom,prism,default,1,8,1,1,0.25,0.2613636,0.2613636,1.0,1.0,386.5448,5.770264,-364.2216,-0.2795863,0.6494857,-0.6494855,-0.2795861;
custom,prism,default,1,8,1,1,0.25,0.2613636,0.2613636,1.0,1.0,439.7549,5.763921,-420.6387,-0.279501,0.6495226,-0.649522,-0.2795009;
custom,tube,wood3,2.5,7,2.5,1,0.3181818,0.3181818,0.3181818,5,5,255.4242,14.68943,-230.5559,0.2555854,0.6553309,-0.6620517,0.2586602;
custom,tube,wood3,2.5,20,2.5,1,0.3181818,0.3181818,0.3181818,2.5,2.5,214.6573,169.1319,-24.60885,-0.0413269,0.9570117,0.2297584,0.1721389;
custom,tube,wood3,2.5,20,2.5,1,0.3181818,0.3181818,0.3181818,2.5,2.5,203.8772,294.772,3.826572,0,0.9879087,0,0.155037;
custom,cuboid,stone1,5,1,5,1,0.3181818,0.3181818,0.3181818,2.5,2.5,227.2066,355.4747,-22.35542,0,0.9399686,0,0.3412609;
custom,cuboid,stone1,5,1,20,1,0.3181818,0.3181818,0.3181818,5,20,109.3406,355.5236,-76.60479,0,0.9079067,0,-0.4191723;
custom,cuboid,stone1,5,1,20,1,0.3181818,0.3181818,0.3181818,5,20,-66.40254,355.4672,-62.61098,0,0.4168838,0,0.9089598;
custom,cuboid,stone1,5,1,20,1,0.3181818,0.3181818,0.3181818,5,20,-41.61864,355.4593,-206.0378,0,0.937121,0,0.3490048;
custom,cuboid,stone1,5,1,20,1,0.3181818,0.3181818,0.3181818,5,20,152.0672,355.4882,258.8048,0,0.9081718,0,-0.4185977;
custom,cuboid,stone1,5,1,20,1,0.3181818,0.3181818,0.3181818,5,20,299.5049,355.5388,85.56535,0,0.4172695,0,0.9087828;
custom,cuboid,stone1,20,1,5,1,0.3181818,0.3181818,0.3181818,20,5,295.5468,355.4285,282.7003,0,0.9082174,0,-0.4184987;
custom,cuboid,stone1,20,1,5,1,0.3181818,0.3181818,0.3181818,20,5,393.4929,355.4977,168.0831,0,0.9082321,0,-0.4184669;
custom,cuboid,stone1,20,1,5,1,0.3181818,0.3181818,0.3181818,20,5,152.7738,355.4654,-203.2608,0,0.3484725,0,-0.937319;
custom,cuboid,stone1,20,1,5,1,0.3181818,0.3181818,0.3181818,20,5,307.3573,355.4883,-235.2365,0,0.340616,0,-0.9402025;
custom,cuboid,stone1,20,1,5,1,0.3181818,0.3181818,0.3181818,20,5,259.1668,355.5467,-372.8929,0,0.4259115,0,0.9047648;
custom,cuboid,stone1,20,1,5,1,0.3181818,0.3181818,0.3181818,20,5,444.7937,355.5305,-283.1458,0,0.9054155,0,-0.4245267;
custom,cuboid,stone1,20,1,5,1,0.3181818,0.3181818,0.3181818,20,5,396.6874,355.5251,-420.7107,0,0.3403092,0,-0.9403136;
custom,cuboid,stone1,20,1,5,1,0.3181818,0.3181818,0.3181818,20,5,115.0919,355.5722,-394.7178,0,0.3388239,0,-0.9408498;
custom,cuboid,stone1,20,1,5,1,0.3181818,0.3181818,0.3181818,20,5,8.942314,355.5663,-384.8874,0,0.4236929,0,0.9058059;
custom,cuboid,stone1,20,1,5,1,0.3181818,0.3181818,0.3181818,20,5,566.8932,355.5297,-117.0785,0,0.9049885,0,-0.4254361;
custom,cuboid,stone1,20,1,5,1,0.3181818,0.3181818,0.3181818,20,5,484.0429,355.4875,-17.10141,0,0.9049885,0,-0.4254361;
custom,cuboid,stone6,3,1,7,1,0.3181818,0.3181818,0.3181818,3,7,216.174,-0.5572073,-187.2986,0,0.9330176,0,0.3598309;
custom,cuboid,stone6,3,1,7,1,0.3181818,0.3181818,0.3181818,3,7,329.8324,-0.4604874,-39.35077,0,0.8912108,0,0.4535894;
custom,cuboid,default,3.2,3,0.75,0,0.3181818,0.3181818,0.3181818,3,3,279.7804,14.28314,-23.88344,0,0.3086019,0,0.9511913;
custom,arc180,wood1,10,5,10,1,0.3181818,0.3181818,0.3181818,10,10,472.8943,14.5062,-85.07608,0,0.928851,0,0.3704536;
custom,cuboid,wood1,13,1,15,1,0.3181818,0.3181818,0.3181818,8,10,399.0172,31.17861,-61.11827,0,0.4570674,0,0.8894321;
custom,cuboid,default,6.4,3,0.75,0,0.3181818,0.3181818,0.3181818,3,3,161.3277,12.9974,-149.7195,0,0.4121449,0,0.9111183;
custom,cuboid,default,14,3,0.75,0,0.3181818,0.3181818,0.3181818,3,3,227.0983,14.268,-72.03738,0,0.8882458,0,0.4593686;
custom,cuboid,stone1,20,1,5,1,0.375,0.3636364,0.3636364,20,5,527.0387,355.4446,-52.62123,0,0.3398213,0,-0.9404901;
custom,cuboid,stone1,20,1,5,1,0.3636364,0.3636364,0.3636364,20,5,371.2328,355.472,-38.29293,0,0.9053687,0,-0.4246265;
custom,cuboid,stone1,20,1,5,1,0.3636364,0.3636364,0.3636364,20,5,512.1802,355.4361,-208.5327,0,0.905416,0,-0.4245255;
custom,tube,wood3,5,28,5,1,0.3636364,0.3636364,0.3636364,5,5,112.7027,368.3018,-73.60085,-0.2860819,0.6377725,-0.6466509,-0.3053622;
custom,tube,wood3,5,28,5,1,0.3636364,0.3636364,0.3636364,5,5,192.6156,367.7775,-168.087,-0.2948215,0.6427134,-0.6427131,-0.2948216;
custom,tube,wood3,5,22,5,1,0.3636364,0.3636364,0.3636364,5,5,276.4854,367.7852,-393.4708,-0.6646836,0.241239,-0.2412389,-0.6646829;
custom,tube,wood3,5,7,5,1,0.3636364,0.3636364,0.3636364,5,5,479.6943,367.6541,-92.00056,0.6411723,0.2985438,-0.2987429,0.6407202;
custom,tube,wood3,5,22,5,1,0.3636364,0.3636364,0.3636364,5,5,-62.1793,367.695,-187.1648,0.2469624,0.6625779,-0.662578,0.2469625;
custom,tube,wood3,5,22,5,1,0.3636364,0.3636364,0.3636364,5,5,-176.0378,367.6879,107.3841,-0.2950577,0.6426046,-0.6426051,-0.2950577;
custom,tube,wood3,5,22,5,1,0.3636364,0.3636364,0.3636364,5,5,-261.9415,367.6894,-98.98112,-0.2943109,0.6429471,-0.6429474,-0.2943107;
custom,tube,wood3,5,22,5,1,0.3636364,0.3636364,0.3636364,5,5,-510.8825,367.5442,-115.7989,-0.2946827,0.642777,-0.6427768,-0.2946827;
custom,tube,wood3,5,22,5,1,0.3636364,0.3636364,0.3636364,5,5,-384.4653,367.5763,-272.0617,0.6428405,0.294544,-0.294544,0.6428404;
custom,tube,wood3,5,22,5,1,0.3636364,0.3636364,0.3636364,5,5,-526.8712,367.5451,-257.0932,0.2462471,0.6628438,-0.6628445,0.2462474;
custom,tube,wood3,5,7,5,1,0.3636364,0.3636364,0.3636364,5,5,402.1189,367.4544,-157.5507,0.6411723,0.2985438,-0.2987429,0.6407202;
custom,cuboid,rock2,7,1,1,1,0.3181818,0.3181818,0.3181818,7,1,308.5458,6.768676,-276.2774,0,0.9288793,0,0.3703827;
custom,cuboid,rock2,2,1,1,1,0.3181818,0.3181818,0.3181818,2,1,329.255,15.65567,-256.6066,0,0.9284382,0,0.3714869;
custom,tube,stone3,0.5,1.5,0.5,1,0.3181818,0.3181818,0.3181818,0.5,1.5,320.3721,13.71959,-264.8709,0.2624247,0.6566074,-0.6566074,0.2624248;
custom,tube,wood3,5,7,5,1,0.3181818,0.3181818,0.3181818,5,5,288.4633,3.603924,-253.5194,0.2620398,0.6559908,-0.6578233,0.261304;
base,aot_supply,default,1,1,1,1,0,0,0,1.0,1.0,-1202.913,-1296.375,-852.085,0,0.9447174,0,0.3278858;
custom,cuboid,default,3,1,1,1,0,0,0,1.0,1.0,-673.4839,349.5436,-177.6233,0,0.7032081,0,0.7109841;
custom,tube,wood3,2.5,7,2.5,1,0.3181818,0.3181818,0.3181818,5,5,278.0585,15.63736,-211.8612,0.1482953,0.6913811,-0.6913821,0.1482956;
custom,tube,wood3,2.5,7,2.5,1,0.3181818,0.3181818,0.3181818,5,5,263.9788,21.53064,-173.1675,0.1291586,0.6096441,-0.777081,0.08830353;
custom,tube,wood3,2.5,20,2.5,1,0.3181818,0.3181818,0.3181818,2.5,2.5,239.632,71.55508,-98.81819,0.1404063,0.4346522,-0.8869827,0.06800979;
custom,cuboid,stone1,5,1,5,1,0.3181818,0.3181818,0.3181818,2.5,2.5,181.1776,355.4903,31.57909,0,0.3445254,0,-0.938777;
custom,cuboid,stone1,5,1,5,1,0.3181818,0.3181818,0.3181818,2.5,2.5,231.348,355.5038,26.98004,0,0.4174224,0,0.9087125;
custom,cuboid,stone1,5,1,5,1,0.3181818,0.3181818,0.3181818,2.5,2.5,177.4271,355.508,-19.09313,0,0.9087316,0,-0.4173809;
custom,cuboid,stone1,5,1,20,1,0.3181818,0.3181818,0.3181818,5,20,14.40472,355.483,-157.6218,0,0.9375857,0,0.3477544;
custom,cuboid,stone1,5,1,20,1,0.3181818,0.3181818,0.3181818,5,20,-20.72041,355.4659,75.67875,0,0.347802,0,-0.937568;
custom,cuboid,stone1,5,1,20,1,0.3181818,0.3181818,0.3181818,5,20,-158.8745,355.4353,121.3332,0,0.9088995,0,-0.4170151;
custom,cuboid,stone1,5,1,20,1,0.3181818,0.3181818,0.3181818,5,20,-204.652,355.3979,-16.98177,0,0.9375608,0,0.3478215;
custom,cuboid,stone1,5,1,20,1,0.3181818,0.3181818,0.3181818,5,20,-283.0949,355.3939,-117.4436,0,0.9091979,0,-0.4163643;
custom,cuboid,stone1,5,1,20,1,0.3181818,0.3181818,0.3181818,5,20,-41.61864,355.4593,-206.0378,0,0.937121,0,0.3490048;
custom,cuboid,stone1,5,1,20,1,0.3181818,0.3181818,0.3181818,5,20,-87.00695,355.4519,-344.5945,0,0.9096639,0,-0.4153453;
custom,cuboid,stone1,5,1,20,1,0.3181818,0.3181818,0.3181818,5,20,-225.8072,355.4467,-299.5515,0,0.9365481,0,0.3505391;
custom,cuboid,stone1,5,1,20,1,0.3181818,0.3181818,0.3181818,5,20,-364.3846,355.2855,-254.11,0,0.4166619,0,0.9090615;
custom,cuboid,stone1,5,1,20,1,0.3181818,0.3181818,0.3181818,5,20,-507.6039,355.3051,-278.4468,0,0.9375055,0,0.3479707;
custom,cuboid,stone1,5,1,20,1,0.3181818,0.3181818,0.3181818,5,20,-388.7128,355.3961,-109.8728,0,0.9371923,0,0.3488133;
custom,cuboid,stone1,5,1,20,1,0.3181818,0.3181818,0.3181818,5,20,-532.3006,355.3172,-134.8164,0,0.4167958,0,0.9090002;
custom,cuboid,stone1,5,1,20,1,0.3181818,0.3181818,0.3181818,5,20,123.6096,355.515,99.32449,0,0.3448156,0,-0.9386705;
custom,cuboid,stone1,5,1,20,1,0.3181818,0.3181818,0.3181818,5,20,18.89976,355.4998,144.3532,0,0.4190224,0,0.907976;
custom,cuboid,stone1,5,1,20,1,0.3181818,0.3181818,0.3181818,5,20,152.0672,355.4882,258.8048,0,0.9081718,0,-0.4185977;
custom,cuboid,stone1,20,1,5,1,0.3181818,0.3181818,0.3181818,20,5,284.5069,355.5172,-91.68042,0,0.9058597,0,-0.4235779;
custom,cuboid,stone1,20,1,5,1,0.3181818,0.3181818,0.3181818,20,5,417.7683,355.5075,24.27289,0,0.3468066,0,-0.9379367;
custom,cuboid,stone1,20,1,5,1,0.3181818,0.3181818,0.3181818,20,5,283.3522,355.5409,-90.9165,0,0.9377724,0,0.3472507;
custom,cuboid,stone1,20,1,5,1,0.3181818,0.3181818,0.3181818,20,5,307.3573,355.4883,-235.2365,0,0.340616,0,-0.9402025;
custom,cuboid,stone1,20,1,5,1,0.3181818,0.3181818,0.3181818,20,5,444.7937,355.5305,-283.1458,0,0.9054155,0,-0.4245267;
custom,cuboid,stone1,20,1,5,1,0.3181818,0.3181818,0.3181818,20,5,396.6874,355.5251,-420.7107,0,0.3403092,0,-0.9403136;
custom,cuboid,stone1,20,1,5,1,0.3181818,0.3181818,0.3181818,20,5,588.8489,355.5077,-261.1216,0,0.3390329,0,-0.9407745;
custom,cuboid,stone1,20,1,5,1,0.3181818,0.3181818,0.3181818,20,5,566.8932,355.5297,-117.0785,0,0.9049885,0,-0.4254361;
custom,cuboid,stone1,20,1,5,1,0.3181818,0.3181818,0.3181818,20,5,484.0429,355.4875,-17.10141,0,0.9049885,0,-0.4254361;
custom,cuboid,stone1,20,1,5,1,0.3181818,0.3181818,0.3181818,20,5,356.3291,355.5237,-193.0893,0,0.3405306,0,-0.9402334;
custom,tube,stone1,5,1,5,1,0.3181818,0.3181818,0.3181818,20,5,442.0186,5.94065,-123.3952,0,0.3432378,0,-0.9392486;
custom,cuboid,stone6,1,3,7,1,0.3181818,0.3181818,0.3181818,7,3,227.6707,12.66587,-176.8701,0,0.9330176,0,0.3598309;
custom,cuboid,stone6,1,3,7,1,0.3181818,0.3181818,0.3181818,7,3,204.9587,12.62597,-197.4966,0,0.9330176,0,0.3598309;
custom,cuboid,stone6,3,1,7,1,0.3181818,0.3181818,0.3181818,3,7,216.174,-0.5572073,-187.2986,0,0.9330176,0,0.3598309;
custom,cuboid,stone6,3,1,7,1,0.3181818,0.3181818,0.3181818,3,7,216.6624,31.02005,-186.883,0,0.9330176,0,0.3598309;
custom,cuboid,stone6,3,1,7,1,0.3181818,0.3181818,0.3181818,3,7,329.7905,31.01953,-39.32016,0,0.8912108,0,0.4535894;
custom,cuboid,stone6,1,3,7,1,0.3181818,0.3181818,0.3181818,7,3,339.9261,12.79068,-25.43525,0,0.8912108,0,0.4535894;
custom,cuboid,stone6,1,3,7,1,0.3181818,0.3181818,0.3181818,7,3,320.3929,12.79819,-52.30597,0,0.891204,0,0.4536027;
custom,cylinder,empty,20,1,20,1,0.3181818,0.3181818,0.3181818,20,20,437.1935,-7.314745,-116.2807,0,0.4555564,0,-0.8902069;
custom,arc180,wood1,10,5,10,1,0.3181818,0.3181818,0.3181818,10,10,414.3466,14.49121,-158.4886,0,0.5389727,0,-0.8423233;
custom,tube,wood3,2.5,50,2.5,1,0.3181818,0.3181818,0.3181818,10,10,441.8387,181.7391,-122.4588,0,0.4342322,0,-0.900801;
custom,arc180,wood1,10,5,10,1,0.3181818,0.3181818,0.3181818,10,10,472.8943,14.5062,-85.07608,0,0.928851,0,0.3704536;
custom,cuboid,wood1,13,1,15,1,0.3181818,0.3181818,0.3181818,8,10,522.1177,31.24087,-88.89212,0,0.8833989,0,-0.4686219;
custom,cuboid,wood1,13,1,15,1,0.3181818,0.3181818,0.3181818,8,10,467.8187,31.24103,-207.585,0,0.2724896,0,-0.9621587;
custom,cuboid,wood1,13,1,15,1,0.3181818,0.3181818,0.3181818,8,10,372.5632,31.25714,-173.8806,0,0.4635126,0,0.8860903;
custom,cuboid,default,20,3,0.75,0,0.3181818,0.3181818,0.3181818,3,3,204.3583,13.14838,-48.23523,0,0.8956996,0,0.4446599;
custom,cuboid,default,6.4,3,0.75,0,0.3181818,0.3181818,0.3181818,3,3,286.9429,13.14173,11.56949,0,0.9510334,0,-0.3090882;
custom,cuboid,default,14,3,0.75,0,0.3181818,0.3181818,0.3181818,3,3,227.0983,14.268,-72.03738,0,0.8882458,0,0.4593686;
custom,cuboid,default,3.2,3,0.75,0,0.3181818,0.3181818,0.3181818,3,3,194.4621,14.19853,-139.1656,0,0.91104,0,-0.412318;
custom,cuboid,default,22,0.75,7,0,0.3181818,0.3181818,0.3181818,3,3,219.8524,30.0315,-72.08364,0,0.8944806,0,0.4471068;
custom,cuboid,metal3,10,1,80,1,0.3068182,0.3181818,0.3181818,1.0,1.0,579.0193,30.00091,-565.4409,0,0.3707365,0,-0.9287381;
custom,cuboid,stone1,20,1,5,1,0.3636364,0.3636364,0.3636364,20,5,512.1802,355.4361,-208.5327,0,0.905416,0,-0.4245255;
custom,tube,wood3,5,28,5,1,0.3636364,0.3636364,0.3636364,5,5,156.1378,367.6481,261.4491,-0.2961336,0.6421097,-0.6421097,-0.2961337;
custom,tube,wood3,5,28,5,1,0.3636364,0.3636364,0.3636364,5,5,303.646,367.8459,89.74833,-0.2952137,0.6425332,-0.6425331,-0.2952138;
custom,tube,wood3,5,28,5,1,0.3636364,0.3636364,0.3636364,5,5,-229.5659,367.6874,-295.9374,0.2475582,0.6623556,-0.6623556,0.2475584;
custom,tube,wood3,5,25,5,1,0.3636364,0.3636364,0.3636364,5,5,133.7757,367.7733,88.84675,-0.6637797,0.2437142,-0.2437142,-0.6637796;
custom,tube,wood3,5,25,5,1,0.3636364,0.3636364,0.3636364,5,5,321.7703,367.399,250.1989,-0.6634193,0.2446938,-0.2446937,-0.663419;
custom,tube,wood3,5,22,5,1,0.3636364,0.3636364,0.3636364,5,5,582.5707,368.4234,-140.7594,-0.6673251,0.2405338,-0.2426231,-0.6617815;
custom,tube,wood3,5,22,5,1,0.3636364,0.3636364,0.3636364,5,5,431.3375,367.744,-266.0381,-0.6650881,0.2401206,-0.2401206,-0.6650881;
custom,tube,wood3,5,22,5,1,0.3636364,0.3636364,0.3636364,5,5,507.079,367.6903,-201.6366,-0.6649553,0.2404885,-0.2404885,-0.664955;
custom,tube,wood3,5,22,5,1,0.3636364,0.3636364,0.3636364,5,5,413.0967,367.6605,-407.7529,0.6404643,0.2996757,-0.2996757,0.6404643;
custom,tube,wood3,5,22,5,1,0.3636364,0.3636364,0.3636364,5,5,285.5321,368.2029,-254.2362,0.6430109,0.2972184,-0.2988805,0.6394284;
custom,tube,wood3,5,22,5,1,0.3636364,0.3636364,0.3636364,5,5,131.0697,367.8119,-383.0067,0.6397441,0.3012105,-0.3012104,0.6397438;
custom,tube,wood3,5,7,5,1,0.3636364,0.3636364,0.3636364,5,5,321.2918,367.4547,-58.58775,0.6411723,0.2985438,-0.2987429,0.6407202;
custom,tube,wood3,5,7,5,1,0.3636364,0.3636364,0.3636364,5,5,399.5941,367.3677,9.399776,-0.296116,0.6419439,-0.6423898,-0.2959035;
custom,tube,wood3,5,7,5,1,0.3636364,0.3636364,0.3636364,5,5,530.2563,367.6499,-309.7686,0.6420668,0.2975368,-0.2979849,0.640646;
custom,tube,wood3,5,7,5,1,0.3636364,0.3636364,0.3636364,5,5,607.1294,367.732,-248.0089,0.6403216,0.2999809,-0.2999808,0.6403213;
custom,tube,wood3,5,4,5,1,0.3636364,0.3636364,0.3636364,5,5,-23.00544,367.6546,-289.7081,0.6453636,0.2889737,-0.2889737,0.6453636;
custom,tube,wood3,5,4,5,1,0.3636364,0.3636364,0.3636364,5,5,-95.02109,367.6847,-87.83533,0.644119,0.2925378,-0.2929313,0.6432135;
custom,tube,wood3,5,11.5,5,1,0.3636364,0.3636364,0.3636364,5,5,479.5399,367.7003,-11.77327,-0.6651933,0.2398295,-0.2398293,-0.665193;
custom,tube,wood3,5,11.5,5,1,0.3636364,0.3636364,0.3636364,5,5,399.8707,367.7379,-73.22683,0.2418656,0.6642579,-0.6647182,0.2416864;
custom,tube,wood3,5,11.5,5,1,0.3636364,0.3636364,0.3636364,5,5,321.8859,367.7509,-137.8967,0.2408319,0.6648306,-0.664831,0.2408319;
custom,tube,wood3,5,11.5,5,1,0.3636364,0.3636364,0.3636364,5,5,242.9774,367.5423,-41.10992,0.2411567,0.6647131,-0.664713,0.2411567;
custom,tube,wood3,5,11.5,5,1,0.3636364,0.3636364,0.3636364,5,5,436.3473,368.8439,117.9316,-0.6633359,0.24492,-0.24492,-0.6633355;
custom,tube,wood3,5,11.5,5,1,0.3636364,0.3636364,0.3636364,5,5,56.20332,367.6987,-205.3905,-0.6625293,0.247094,-0.2470937,-0.6625287;
custom,tube,wood3,5,11,5,1,0.3636364,0.3636364,0.3636364,5,5,-28.25085,367.7136,-108.5479,0.2458275,0.6631984,-0.6627364,0.2460026;
custom,tube,wood3,5,11,5,1,0.3636364,0.3636364,0.3636364,5,5,7.598987,367.7318,134.6739,0.6422334,0.2961137,-0.2958628,0.6421201;
custom,tube,wood3,5,11,5,1,0.3636364,0.3636364,0.3636364,5,5,-17.80134,367.6827,-19.92968,-0.294791,0.6427272,-0.6427273,-0.294791;
custom,tube,wood3,5,11,5,1,0.3636364,0.3636364,0.3636364,5,5,-99.10836,367.6963,-355.9584,0.643212,0.2937321,-0.2937321,0.6432117;
custom,tube,wood3,5,17,5,1,0.3636364,0.3636364,0.3636364,5,5,6.108673,367.8025,-380.0094,-0.6647102,0.2411651,-0.2411648,-0.66471;
custom,tube,wood3,5,14,5,1,0.3636364,0.3636364,0.3636364,5,5,-387.7188,368.1739,-109.476,-0.6625585,0.2470148,-0.2470146,-0.6625585;
custom,tube,wood3,5,7,5,1,0.3636364,0.3636364,0.3636364,5,5,-218.4385,366.997,-0.2015389,-0.662864,0.2461947,-0.2461945,-0.6628634;
custom,tube,wood3,5,7,5,1,0.3636364,0.3636364,0.3636364,5,5,-72.92821,367.1181,135.4921,0.2458355,0.6631935,-0.6627337,0.246015;
custom,tube,wood3,5,7,5,1,0.3636364,0.3636364,0.3636364,5,5,-4.038187,367.6736,57.12595,-0.6624753,0.2477789,-0.247943,-0.6620094;
custom,tube,wood3,5,7,5,1,0.3636364,0.3636364,0.3636364,5,5,-154.7123,367.6287,-74.32269,-0.6627802,0.2469518,-0.2471264,-0.6623185;
custom,arc90,wood3,6,5,6,1,0.3636364,0.3636364,0.3636364,5,5,-255.7136,369.5569,35.43674,0,0.3710925,0,0.928596;
custom,arc90,wood3,6,5,6,1,0.3636364,0.3636364,0.3636364,5,5,-102.6298,369.6096,172.5065,0,0.9373137,0,0.3484867;
custom,arc90,wood3,6,5,6,1,0.3636364,0.3636364,0.3636364,5,5,30.17054,369.6673,21.03442,0,0.9162662,0,-0.40057;
custom,arc90,wood3,6,5,6,1,0.3636364,0.3636364,0.3636364,5,5,9.15415,369.642,-265.7252,0,0.886942,0,-0.4618809;
custom,arc90,wood3,6,5,6,1,0.3636364,0.3636364,0.3636364,5,5,-147.3723,369.6385,-395.6003,0,-0.302014,0,0.9533035;
photon,spawnCrawler,30,0,-175.1118,399.1028,107.4626,0,0.4183422,0,0.9082895;
custom,arc90,wood3,6,5,6,1,0.3636364,0.3636364,0.3636364,5,5,-458.7394,369.502,-337.6114,0,-0.3453532,0,0.9384728;
custom,cuboid,empty,1,5,10,1,0.2045455,0.2045455,0.2045455,1.0,1.0,-636.4452,379.3845,-149.6569,0,0.7299008,0,0.6835531;
custom,arc90,wood3,6,5,6,1,0.3636364,0.3636364,0.3636364,5,5,-439.8236,369.5823,-50.51558,0,0.9286073,0,0.3710642;
custom,arc90,wood3,6,5,6,1,0.3636364,0.3636364,0.3636364,5,5,340.347,369.7164,-471.5897,0,-0.3527785,0,0.9357069;
custom,arc90,wood3,6,5,6,1,0.3636364,0.3636364,0.3636364,5,5,647.446,369.7081,-215.175,0,0.9119368,0,-0.4103309;
custom,arc90,wood3,6,5,6,1,0.3636364,0.3636364,0.3636364,5,5,98.32058,369.6788,-254.3251,0,-0.3698688,0,0.9290841;
custom,arc90,wood3,6,5,6,1,0.3636364,0.3636364,0.3636364,5,5,479.0043,369.7241,69.39326,0,0.9019064,0,-0.4319314;
photon,spawnCrawler,30,0,-325.5347,400.7708,-181.0616,0,0.9439777,0,0.3300094;
custom,arc180,wood3,3,10,3,1,0.3636364,0.3636364,0.3636364,5,5,-180.2518,381.6329,-33.00593,-0.5035886,0.7045748,0.4967379,-0.05678336;
custom,arc180,wood3,3,10,3,1,0.3636364,0.3636364,0.3636364,5,5,-128.4671,379.4085,-113.622,-0.4993068,0.05255118,-0.500344,0.7053984;
custom,arc180,wood3,3,10,3,1,0.3636364,0.3636364,0.3636364,5,5,-346.0703,383.7294,-167.6905,-0.4645272,0.1072502,-0.5354049,0.6971754;
custom,arc180,wood3,3,11,3,1,0.3636364,0.3636364,0.3636364,5,5,-303.3459,384.1789,-200.0705,-0.5482233,0.6976157,0.4450336,-0.121362;
custom,arc180,wood3,3,11,3,1,0.3636364,0.3636364,0.3636364,5,5,-52.38791,383.8144,-309.4802,-0.7065346,0.5527277,-0.02844879,0.441012;
custom,arc180,wood3,3,11,3,1,0.3636364,0.3636364,0.3636364,5,5,6.846182,375.9421,-159.7939,-0.4803196,0.09106726,-0.5232878,0.6979755;
custom,arc180,wood3,3,11,3,1,0.3636364,0.3636364,0.3636364,5,5,-70.43449,376.3625,-54.93282,-0.7056369,0.560836,-0.03712795,0.431464;
custom,arc180,wood3,3,11,3,1,0.3636364,0.3636364,0.3636364,5,5,434.683,379.3446,43.93401,-0.7061595,0.5717864,-0.04109129,0.4155847;
custom,arc180,wood3,3,11,3,1,0.3636364,0.3636364,0.3636364,5,5,358.2244,376.467,-21.78655,-0.7037459,0.5626603,-0.05473591,0.4303012;
custom,arc180,wood3,3,11,3,1,0.3636364,0.3636364,0.3636364,5,5,519.4319,379.5371,-55.93976,-0.5298636,0.6996853,0.4678631,-0.1038715;
custom,arc180,wood3,3,11,3,1,0.3636364,0.3636364,0.3636364,5,5,-43.57166,380.7511,93.8532,-0.4752818,0.09122457,-0.5238864,0.7009482;
custom,arc180,wood3,3,11,3,1,0.3636364,0.3636364,0.3636364,5,5,54.9116,378.0904,181.9017,-0.7053158,0.5679668,-0.04669441,0.4216194;
custom,arc180,wood3,3,11,3,1,0.3636364,0.3636364,0.3636364,5,5,570.8355,381.9832,-280.8774,-0.0381594,0.4183948,0.7063236,-0.5697338;
custom,arc180,wood3,3,11,3,1,0.3636364,0.3636364,0.3636364,5,5,496.8018,385.6929,-343.2488,-0.03844148,0.4266953,0.6998544,-0.5715393;
custom,arc180,wood3,3,11,3,1,0.3636364,0.3636364,0.3636364,5,5,395.8988,377.8262,170.2002,-0.5352402,0.6981035,0.4624579,-0.1109147;
custom,arc180,wood3,3,11,3,1,0.3636364,0.3636364,0.3636364,5,5,207.0364,378.4369,-310.7523,-0.7056924,0.5738312,-0.04844998,0.4127575;
custom,cuboid,empty,160,5,160,1,0.04545455,0.04545455,0.06818178,5,5,-112.4158,409.7043,152.0671,0,0.3373426,0,-0.941382;
customb,tree0,empty,0.2,0.2,0.2,1,0.25,0.2613636,0.2613636,1.0,1.0,429.3349,13.15973,-430.2409,0.1584151,0.3291623,-0.4036894,-0.8388038;
customb,tree0,empty,0.2,0.2,0.2,1,0.25,0.2613636,0.2613636,1.0,1.0,453.25,13.82814,-407.3892,-0.2059166,0.3182986,0.50263,-0.7769476;
customb,tree0,empty,0.2,0.2,0.2,1,0.25,0.2613636,0.2613636,1.0,1.0,369.8804,16.66026,-379.523,0.4577743,0.7198633,0.5127647,-0.09649861;
customb,tree0,empty,0.2,0.2,0.2,1,0.25,0.2613636,0.2613636,1.0,1.0,406.6875,16.91102,-345.8204,0.2606401,0.2525779,-0.669158,-0.6484588;
customb,tree0,empty,0.2,0.2,0.2,1,0.25,0.2613636,0.2613636,1.0,1.0,381.351,15.36832,-369.5134,-0.1940397,0.3281033,0.4706081,-0.7957543;
customb,tree0,empty,0.2,0.2,0.2,1,0.25,0.2613636,0.2613636,1.0,1.0,391.1109,15.04832,-360.0976,0.3388373,-0.06611022,-0.2113605,-0.9144099;
customb,tree0,empty,0.2,0.2,0.2,1,0.25,0.2613636,0.2613636,1.0,1.0,435.6717,16.30762,-423.9404,-0.105631,0.3683791,0.2545939,-0.8878744;
customb,tree0,empty,0.2,0.2,0.2,1,0.25,0.2613636,0.2613636,1.0,1.0,449.092,13.86032,-413.2377,0.2247503,0.3049076,-0.5292493,-0.7592193;
custom,cuboid,empty,7,1,10,1,0.2045455,0.2045455,0.2045455,1.0,1.0,250.6875,359.6235,385.7863,0,0.9994475,0,-0.03323741;
custom,cuboid,empty,1,5,10,1,0.2045455,0.2045455,0.2045455,1.0,1.0,281.1594,380.1996,383.8924,0,0.9995742,0,-0.02918006;
custom,cuboid,empty,1,5,10,1,0.2045455,0.2045455,0.2045455,1.0,1.0,220.7835,381.3935,387.7093,0,0.999435,0,-0.03361178;
custom,cuboid,empty,1,5,10,1,0.2045455,0.2045455,0.2045455,1.0,1.0,-640.6331,380.0247,-209.6525,9.478303E-10,0.7306162,-5.252251E-09,0.6827884;
custom,cuboid,empty,7,1,10,1,0.2045455,0.2045455,0.2045455,1.0,1.0,-638.5941,359.1444,-179.5938,0,0.7301396,0,0.6832981;
custom,cuboid,empty,7,1,10,1,0.2045455,0.2045455,0.2045455,1.0,1.0,49.36338,359.4263,-490.9859,0,0.06913886,0,0.9976071;
custom,cuboid,empty,1,5,10,1,0.2045455,0.2045455,0.2045455,1.0,1.0,19.63888,379.9775,-486.7849,0,0.06911117,0,0.997609;
custom,cuboid,empty,1,5,10,1,0.2045455,0.2045455,0.2045455,1.0,1.0,79.15813,379.5115,-495.1494,0,0.07012277,0,0.9975384;
custom,arc180,brick4,8,10,8,1,0.2045455,0.2045455,0.2045455,2,2,-16.59959,374.2772,-602.8083,0,-0.0446678,0,0.9990019;
custom,arc180,brick4,8,10,8,1,0.2045455,0.2045455,0.2045455,2,2,83.39404,374.157,-619.0851,0,-0.9857698,0,0.1681009;
custom,arc180,brick4,8,10,8,1,0.2045455,0.2045455,0.2045455,2,2,-753.1399,373.9816,-118.5519,0,0.6664265,0,0.7455708;
custom,arc180,brick4,8,10,8,1,0.2045455,0.2045455,0.2045455,2,2,-764.2272,373.9414,-221.6066,0,-0.6005341,0,0.7995992;
custom,arc180,brick4,8,10,8,1,0.2045455,0.2045455,0.2045455,2,2,210.5435,373.9874,512.3022,0,0.1516025,0,0.9884416;
custom,arc180,brick4,8,10,8,1,0.2045455,0.2045455,0.2045455,2,2,312.1137,373.9909,500.5119,0,0.9985553,0,0.05373351;
custom,tube,brick4,1,10,1,1,0.2045455,0.2045455,0.2045455,1,1,35.01911,329.2339,-598.917,0,0.07079276,0,0.9974911;
custom,tube,brick4,1,10,1,1,0.2045455,0.2045455,0.2045455,1,1,-751.4632,326.422,-171.3203,0,0.6923653,0,-0.7215471;
custom,tube,brick4,1,10,1,1,0.2045455,0.2045455,0.2045455,1,1,259.6936,327.007,498.1789,0,0.02497935,0,0.999688;
custom,cuboid,empty,20,1,7,1,0.04545455,0.06818182,0.07954545,1,1,44.47514,349.4244,-560.9903,0,0.07940934,0,0.9968421;
custom,cuboid,empty,20,1,8,1,0.04545455,0.06818182,0.07954545,1,1,78.27699,349.421,-607.7789,0,0.7580595,0,0.6521854;
custom,cuboid,empty,20,1,7,1,0.04545455,0.06818182,0.07954545,1,1,-4.912109,349.4355,-599.927,0,0.6537244,0,-0.7567328;
custom,cuboid,empty,20,1,7,1,0.04545455,0.06818182,0.07954545,1,1,27.58903,349.4229,-637.6163,0,0.9963052,0,-0.08588383;
custom,cuboid,empty,20,1,7,1,0.04545455,0.06818182,0.07954545,1,1,-712.2987,349.4209,-176.1711,0,0.731918,0,0.6813927;
custom,cuboid,empty,20,1,8,1,0.04545455,0.06818182,0.07954545,1,1,-756.9321,349.4348,-215.2783,0,0.9989188,0,-0.04649016;
custom,cuboid,empty,20,1,8,1,0.04545455,0.06818182,0.07954545,1,1,-750.3199,349.4425,-127.167,0,0.04429876,0,0.9990184;
custom,cuboid,empty,20,1,8,1,0.04545455,0.06818182,0.07954545,1,1,-794.9821,349.4417,-164.6958,0,0.6653948,0,-0.7464917;
custom,cuboid,empty,20,1,8,1,0.04545455,0.06818182,0.07954545,1,1,250.0774,349.449,454.4663,0,0.998925,0,-0.04635715;
custom,cuboid,empty,20,1,8,1,0.04545455,0.06818182,0.07954545,1,1,215.5751,349.4412,501.9954,0,0.6767892,0,-0.7361769;
custom,cuboid,empty,20,1,8,1,0.04545455,0.06818182,0.07954545,1,1,301.7599,349.4572,467.837,0,0.7317262,0,0.6815987;
custom,cuboid,empty,20,1,8,1,0.04545455,0.06818182,0.07954545,1,1,259.4714,349.4408,542.2242,0,0.01363567,0,0.999907;
map,disablebounds;
custom,tube,empty,18,20,18,1,0.04545455,0.06818182,0.07954545,1,1,-746.1074,275.9599,-173.0747,0,0.7476142,0,0.6641333;
custom,tube,crystal2,1,10,1,1,0.4318182,0.4431818,0.4431818,2,2,-769.1181,181.6978,-101.9654,0,0.7070537,0,-0.7071599;
custom,tube,crystal2,1,10,1,1,0.4318182,0.4431818,0.4431818,2,2,-682.7072,181.7292,-150.4212,0,0.6309699,0,-0.7758073;
custom,tube,crystal2,1,10,1,1,0.4318182,0.4431818,0.4431818,2,2,-729.7858,181.7036,-238.7928,0,0.6309699,0,-0.7758073;
custom,tube,crystal2,1,10,1,1,0.4318182,0.4431818,0.4431818,2,2,-818.5275,181.7037,-189.7902,0,0.6309699,0,-0.7758073;
custom,cylinder,grass2,13.5,1,13.5,1,0.1590909,0.1704545,0.1704545,2,2,-749.6169,201.1366,-170.5611,0,0.7986792,0,-0.601757;
custom,arc90,crystal2,7.5,2,7.5,1,0.1590909,0.1704545,0.1704545,2,2,-723.1154,209.7761,-120.6646,0,0.989571,0,0.1440459;
custom,arc90,crystal2,7.5,2,7.5,1,0.1590909,0.1704545,0.1704545,2,2,-700.7654,209.8089,-196.3641,0,0.8018829,0,-0.5974813;
custom,arc90,crystal2,7.5,2,7.5,1,0.1590909,0.1704545,0.1704545,2,2,-798.0629,209.799,-143.9511,0,-0.6005142,0,-0.7996142;
custom,arc90,crystal2,7.5,2,7.5,1,0.1590909,0.1704545,0.1704545,2,2,-776.2252,209.7841,-218.5765,0,0.1458133,0,-0.9893121;
custom,tube,rock2,1.25,20,1.25,1,0.1590909,0.1704545,0.1704545,2,2,-729.8328,77.78157,-239.0638,0,0.6557673,0,0.7549631;
custom,tube,rock2,1.5,20,1.5,1,0.5795455,0.5909091,0.6022727,5,5,-730.3327,-57.33163,-239.4002,0,0.6959135,0,0.7181256;
custom,tube,rock2,1.75,20,1.75,0,0.1590909,0.1704545,0.1704545,5,5,-730.5104,-192.635,-239.2002,0,0.694357,0,0.7196307;
custom,tube,wood4,1.75,20,1.75,1,0.5795455,0.5909091,0.6022727,1,1,-727.5294,-335.3435,-298.6293,0.2715933,0.6336747,0.2853548,0.6657824;
custom,tube,metal4,2,7,1.75,1,0.5795455,0.5909091,0.6022727,1,1,-730.4954,-265.0188,-239.3322,0,0.6976179,0,0.7164701;
custom,tube,wood1,1.75,20,1.75,1,0.5795455,0.5909091,0.6022727,1,1,-733.1861,-342.3434,-185.1295,-0.2335343,0.6486665,-0.2453673,0.6815339;
custom,tube,stone4,2,20,1.75,1,0.5795455,0.5909091,0.6022727,1,1,-725.5037,-449.8711,-341.6924,0,0.6734153,0,0.7392644;
custom,tube,stone8,1.75,20,1.75,1,0.5795455,0.5909091,0.6022727,1,1,-719.8871,-576.3326,-390.4801,0.1982868,0.6366265,0.221617,0.71153;
custom,tube,stone10,1.75,20,1.75,1,0.5795455,0.5909091,0.6022727,1,1,-732.0342,-569.1104,-285.5917,-0.2432964,0.6208194,-0.2719226,0.6938648;
custom,tube,stone5,2,20,1.75,1,0.5795455,0.5909091,0.6022727,1,1,-716.4324,-696.9851,-421.7319,0,0.6569548,0,0.75393;
custom,tube,bark3,1.75,20,1.75,1,0.5795455,0.5909091,0.6022727,1,1,-722.8334,-822.6589,-371.7982,-0.2002227,0.6273808,-0.2287945,0.7169082;
custom,tube,bark4,1.75,20,1.75,1,0.5795455,0.5909091,0.6022727,1,1,-708.463,-813.4995,-479.0747,0.2509561,0.6088653,0.2867676,0.6957504;
custom,tube,bark2,2,20,1.75,1,0.5795455,0.5909091,0.6022727,1,1,-727.3835,-946.7659,-336.8753,0,0.6250467,0,0.7805874;
custom,tube,stone7,1.75,20,1.75,1,0.5795455,0.5909091,0.6022727,1,1,-739.8727,-1063.288,-392.9989,0.292367,0.7207345,0.2362689,0.5824435;
custom,tube,stone2,1.75,20,1.75,1,0.5795455,0.5909091,0.6022727,1,1,-714.8704,-1060.165,-277.8849,-0.3126256,0.7121812,-0.2526405,0.5755311;
custom,tube,empty,2,20,1.75,1,0.5795455,0.5909091,0.6022727,1,1,-748.681,-1181.536,-434.4566,0,0.7199958,0,0.6939784;
custom,cuboid,metal4,100,5,100,1,0.5795455,0.5909091,0.6022727,2,2,-748.8784,-1321.337,-431.8391,0,0.7289239,0,0.6845948;
custom,cylinder,empty,5,6,5,1,0.04545455,0.04545455,0.06818178,2,2,-752.2151,-1295.41,-481.7183,0,0.7287991,0,0.6847276;
custom,cylinder,empty,5,6,5,1,0.04545455,0.04545455,0.06818178,2,2,-745.7451,-1292.099,-381.8452,0,0.7287991,0,0.6847276;
custom,cylinder,empty,5,6,5,1,0.04545455,0.04545455,0.06818178,2,2,-798.6977,-1295.517,-428.6339,0,0.7287629,0,0.6847662;
custom,cylinder,empty,5,4,5,1,0.04545455,0.04545455,0.06818178,2,2,-739.4684,-1268.647,-282.2565,0,0.9995832,0,-0.0288684;
custom,trunk1,metal1,0.15,0.15,0.05,0,0.04545455,0.04545455,0.06818178,5,5,-427.8282,-1242.047,-894.742,0.154374,0.9811344,-0.01600576,0.1152734;
custom,boulder4,metal1,0.1,0.15,0.05,0,0.04545455,0.04545455,0.06818178,5,5,-429.1501,-1241.258,-894.6055,0,0.999581,0,-0.02894538;
custom,cylinder,empty,5,4,5,1,0.04545455,0.04545455,0.06818178,2,2,-720.7016,-1264.04,17.24566,0,0.9994488,0,-0.03319671;
custom,cylinder,empty,5,4,5,1,0.04545455,0.04545455,0.06818178,2,2,-792.4515,-1271.1,-328.904,0,0.7301463,0,0.6832908;
custom,cylinder,empty,5,4,5,1,0.04545455,0.04545455,0.06818178,2,2,-786.1678,-1260.901,-229.1315,0,0.7301463,0,0.6832908;
custom,trunk1,metal1,0.15,0.15,0.05,0,0.04545455,0.04545455,0.06818178,5,5,-428.4102,-1241.888,-895.1281,-0.1066741,0.9757043,-0.01686762,-0.1906233;
custom,cylinder,empty,5,4,5,1,0.04545455,0.04545455,0.06818178,2,2,-773.6658,-1264.901,-29.56858,0,0.7301463,0,0.6832908;
custom,cylinder,empty,5,4,5,1,0.04545455,0.04545455,0.06818178,2,2,-845.4825,-1268.159,-375.7678,0,0.7301463,0,0.6832908;
custom,cylinder,empty,5,4,5,1,0.04545455,0.04545455,0.06818178,2,2,-839.1918,-1266.959,-275.8861,0,0.7301463,0,0.6832908;
custom,cylinder,empty,5,4,5,1,0.04545455,0.04545455,0.06818178,2,2,-832.8727,-1262.638,-176.1087,0,0.7301463,0,0.6832908;
custom,cylinder,empty,5,4,5,1,0.04545455,0.04545455,0.06818178,2,2,-826.648,-1261.958,-76.21863,0,0.7301463,0,0.6832908;
custom,cylinder,empty,5,4,5,1,0.04545455,0.04545455,0.06818178,2,2,-820.5435,-1254.559,25.05127,0,0.7301463,0,0.6832908;
custom,cylinder,empty,5,4,5,1,0.04545455,0.04545455,0.06818178,2,2,-898.6944,-1263.171,-422.414,0,0.7286534,0,0.6848828;
custom,cylinder,empty,5,4,5,1,0.04545455,0.04545455,0.06818178,2,2,-892.1819,-1267.842,-322.7374,0,0.7286534,0,0.6848828;
custom,trunk1,metal1,0.15,0.15,0.05,0,0.04545455,0.04545455,0.06818178,5,5,-427.9688,-1241.806,-894.8691,0.04494966,0.9882894,0.014091,-0.1451383;
custom,cylinder,empty,5,4,5,1,0.04545455,0.04545455,0.06818178,2,2,-879.6962,-1266.642,-122.9473,0,0.7286534,0,0.6848828;
custom,cuboid,wood3,0.5,0.25,0.25,0,0.04545455,0.04545455,0.06818178,0.5,0.5,-427.9998,-1241.448,-895.192,0,0.9997483,0,-0.0224355;
custom,cylinder,empty,5,4,5,1,0.04545455,0.04545455,0.06818178,2,2,-945.3005,-1257.088,-369.462,0,0.7286345,0,0.6849027;
custom,cylinder,empty,5,4,5,1,0.04545455,0.04545455,0.06818178,2,2,-939.043,-1259.882,-269.6174,0,0.7286345,0,0.6849027;
custom,cylinder,empty,5,4,5,1,0.04545455,0.04545455,0.06818178,2,2,-932.751,-1269.686,-169.7594,0,0.7286345,0,0.6849027;
custom,cuboid,empty,45,10,1,1,0.04545455,0.04545455,0.06818178,2,2,-522.2203,-1198.914,-776.2026,0,0.7254779,0,0.6882455;
custom,cylinder,empty,5,4,5,1,0.04545455,0.04545455,0.06818178,2,2,-920.1777,-1270.086,29.73245,0,0.7286345,0,0.6849027;
custom,cylinder,empty,5,4,5,1,0.04545455,0.04545455,0.06818178,2,2,-973.1601,-1270.458,-16.97616,0,0.7301267,0,0.6833118;
custom,cylinder,empty,5,4,5,1,0.04545455,0.04545455,0.06818178,2,2,-979.5632,-1261.858,-116.8335,0,0.7301267,0,0.6833118;
custom,cylinder,empty,5,4,5,1,0.04545455,0.04545455,0.06818178,2,2,-985.7861,-1258.855,-216.6459,0,0.7301267,0,0.6833118;
custom,cuboid,empty,5,1,50,1,0.04545455,0.04545455,0.06818178,2,2,-743.7811,-1246.097,-175.2207,0.0003470308,0.9995841,-7.947491E-05,-0.02883744;
custom,cylinder,empty,5,4,5,1,0.04545455,0.04545455,0.06818178,2,2,-998.2928,-1261.258,-416.1759,0,0.7301267,0,0.6833118;
custom,cylinder,empty,5,4,5,1,0.04545455,0.04545455,0.06818178,2,2,-1004.477,-1267.858,-515.9817,0,0.7301267,0,0.6833118;
custom,cylinder,empty,5,4,5,1,0.04545455,0.04545455,0.06818178,2,2,-1010.844,-1257.657,-615.8694,0,0.7301267,0,0.6833118;
custom,cylinder,empty,5,4,5,1,0.04545455,0.04545455,0.06818178,2,2,-1017.099,-1258.457,-715.662,0,0.7301267,0,0.6833118;
custom,cylinder,empty,5,4,5,1,0.04545455,0.04545455,0.06818178,2,2,-1023.362,-1268.058,-815.5083,0,0.7301267,0,0.6833118;
custom,cylinder,empty,5,4,5,1,0.04545455,0.04545455,0.06818178,2,2,-1019.945,-1265.791,36.25343,0,0.7286322,0,0.6849052;
custom,cylinder,empty,5,4,5,1,0.04545455,0.04545455,0.06818178,2,2,-1026.282,-1257.951,-63.74945,0,0.7286322,0,0.6849052;
custom,cylinder,empty,5,4,5,1,0.04545455,0.04545455,0.06818178,2,2,-1032.493,-1262.152,-163.456,0,0.7286322,0,0.6849052;
custom,cylinder,empty,5,4,5,1,0.04545455,0.04545455,0.06818178,2,2,-1038.828,-1260.549,-263.4086,0,0.7286322,0,0.6849052;
custom,cylinder,empty,5,4,5,1,0.04545455,0.04545455,0.06818178,2,2,-1045.069,-1257.951,-362.9891,0,0.7286322,0,0.6849052;
custom,cuboid,empty,50,1,60,1,0.04545455,0.04545455,0.06818178,2,2,-992.3856,-1246.103,-218.9594,0,0.9994238,0,-0.03394254;
custom,cylinder,empty,5,4,5,1,0.04545455,0.04545455,0.06818178,2,2,-1057.562,-1258.312,-562.6535,0,0.7286322,0,0.6849052;
custom,cylinder,empty,5,4,5,1,0.04545455,0.04545455,0.06818178,2,2,-1063.898,-1258.312,-662.6213,0,0.7286322,0,0.6849052;
custom,cylinder,empty,5,4,5,1,0.04545455,0.04545455,0.06818178,2,2,-1070.108,-1260.353,-762.3096,0,0.7286322,0,0.6849052;
custom,cylinder,empty,5,4,5,1,0.04545455,0.04545455,0.06818178,2,2,-1076.398,-1257.912,-862.1084,0,0.7286322,0,0.6849052;
custom,cylinder,empty,5,4,5,1,0.04545455,0.04545455,0.06818178,2,2,-1072.971,-1266.636,-10.56725,0,0.7286308,0,0.6849067;
custom,cuboid,empty,20,10,1,1,0.04545455,0.04545455,0.06818178,2,2,-407.5226,-1198.912,-618.8783,0,0.9993194,0,-0.03688694;
custom,cylinder,empty,5,4,5,1,0.04545455,0.04545455,0.06818178,2,2,-1085.586,-1268.315,-210.2148,0,0.7286308,0,0.6849067;
custom,cuboid,empty,5,1,80,1,0.04545455,0.04545455,0.06818178,2,2,-828.5896,-1246.16,-625.6962,0,0.7290499,0,0.6844606;
custom,cylinder,empty,5,4,5,1,0.04545455,0.04545455,0.06818178,2,2,-1098.109,-1259.791,-410.0052,0,0.7301232,0,0.6833156;
custom,cylinder,empty,5,4,5,1,0.04545455,0.04545455,0.06818178,2,2,-1104.372,-1260.389,-509.7945,0,0.7301232,0,0.6833156;
custom,cylinder,empty,5,4,5,1,0.04545455,0.04545455,0.06818178,2,2,-1110.623,-1257.831,-609.6359,0,0.7316121,0,0.6817211;
custom,cylinder,empty,5,4,5,1,0.04545455,0.04545455,0.06818178,2,2,-1116.942,-1261.19,-709.5167,0,0.7316121,0,0.6817211;
custom,cuboid,empty,17.5,1,100,1,0.04545455,0.04545455,0.06818178,2,2,-793.5607,-1246.128,-527.6476,0,0.68577,0,-0.7278183;
custom,cylinder,empty,5,4,5,1,0.04545455,0.04545455,0.06818178,2,2,-1176.138,-1259.694,-855.8711,0,0.728564,0,0.6849777;
custom,cylinder,empty,5,4,5,1,0.04545455,0.04545455,0.06818178,2,2,-1169.915,-1273.894,-755.9924,0,0.728564,0,0.6849778;
custom,cuboid,empty,50,1,60,1,0.04545455,0.04545455,0.06818178,2,2,-479.9016,-1246.141,-257.2214,0,0.9994928,0,-0.03184583;
custom,cylinder,empty,5,4,5,1,0.04545455,0.04545455,0.06818178,2,2,-1157.354,-1263.855,-556.4062,0,0.7285641,0,0.6849777;
custom,cylinder,empty,5,4,5,1,0.04545455,0.04545455,0.06818178,2,2,-1151.151,-1262.816,-456.5674,0,0.7285641,0,0.6849777;
custom,cylinder,empty,5,4,5,1,0.04545455,0.04545455,0.06818178,2,2,-1144.849,-1263.816,-356.8954,0,0.7285641,0,0.6849777;
custom,cuboid,empty,5,1,10,1,0.04545455,0.04545455,0.06818178,2,2,-345.9239,-1246.12,-657.6606,0,0.6845077,0,-0.7290057;
custom,cylinder,empty,5,4,5,1,0.04545455,0.04545455,0.06818178,2,2,-1132.275,-1263.416,-157.3015,0,0.7285641,0,0.6849777;
custom,leaf0,empty,1,0.0001,1,1,0.04545455,0.04545455,0.06818178,2,2,-751.6924,-1251.14,-436.717,0.6884409,2.909976E-06,-0.7252925,-2.566164E-06;
custom,cylinder,empty,5,4,5,1,0.04545455,0.04545455,0.06818178,2,2,-1119.813,-1261.016,42.32302,0,0.7285641,0,0.6849777;
custom,cylinder,empty,5,4,5,1,0.04545455,0.04545455,0.06818178,2,2,-1172.866,-1258.37,-4.410146,0,0.728564,0,0.6849778;
custom,cylinder,empty,5,4,5,1,0.04545455,0.04545455,0.06818178,2,2,-1179.109,-1260.57,-104.2678,0,0.728564,0,0.6849778;
custom,cylinder,empty,5,4,5,1,0.04545455,0.04545455,0.06818178,2,2,-1185.376,-1259.77,-204.091,0,0.728564,0,0.6849778;
custom,cylinder,empty,5,4,5,1,0.04545455,0.04545455,0.06818178,2,2,-1191.683,-1258.57,-303.8864,0,0.728564,0,0.6849778;
custom,cylinder,empty,5,4,5,1,0.04545455,0.04545455,0.06818178,2,2,-1197.91,-1259.57,-403.5952,0,0.728564,0,0.6849778;
custom,cylinder,empty,5,4,5,1,0.04545455,0.04545455,0.06818178,2,2,-1204.219,-1261.17,-503.4541,0,0.728564,0,0.6849778;
custom,cylinder,empty,5,4,5,1,0.04545455,0.04545455,0.06818178,2,2,-1210.407,-1258.091,-603.2354,0,0.728564,0,0.6849778;
custom,cylinder,empty,5,4,5,1,0.04545455,0.04545455,0.06818178,2,2,-1216.711,-1259.37,-703.0768,0,0.728564,0,0.6849778;
custom,cylinder,empty,5,4,5,1,0.04545455,0.04545455,0.06818178,2,2,-1222.954,-1261.809,-802.9474,0,0.728564,0,0.6849778;
custom,cylinder,empty,5,4,5,1,0.04545455,0.04545455,0.06818178,2,2,-951.6037,-1259.33,-469.1575,0,0.03078111,0,0.9995261;
custom,cylinder,empty,5,4,5,1,0.04545455,0.04545455,0.06818178,2,2,-976.8996,-1259.975,-868.426,0,0.6850781,0,-0.7284697;
custom,cylinder,empty,5,4,5,1,0.04545455,0.04545455,0.06818178,2,2,-970.5385,-1257.576,-768.6655,0,0.6850781,0,-0.7284697;
custom,cylinder,empty,5,4,5,1,0.04545455,0.04545455,0.06818178,2,2,-964.2849,-1258.976,-668.7398,0,0.6834881,0,-0.7299616;
custom,cylinder,empty,5,4,5,1,0.04545455,0.04545455,0.06818178,2,2,-957.9439,-1257.976,-568.9182,0,0.6834881,0,-0.7299616;
custom,cylinder,empty,5,4,5,1,0.04545455,0.04545455,0.06818178,2,2,-904.9906,-1258.544,-522.2421,0,0.6851067,0,-0.7284427;
custom,cylinder,empty,5,4,5,1,0.04545455,0.04545455,0.06818178,2,2,-911.1934,-1258.062,-622.1485,0,0.6851067,0,-0.7284427;
custom,cuboid,empty,50,1,100,1,0.04545455,0.04545455,0.06818178,5,5,-723.1785,-1152.278,-172.0141,0,0.7883079,0,0.6152809;
custom,tube,empty,65,200,30,1,0.04545455,0.04545455,0.06818178,5,5,-737.6491,-423.4615,-310.7845,0,0.6996081,0,0.7145268;
custom,cylinder,empty,5,4,5,1,0.04545455,0.04545455,0.06818178,2,2,-805.1478,-1261.027,-528.4578,0,0.6851444,0,-0.7284073;
custom,cylinder,empty,5,4,5,1,0.04545455,0.04545455,0.06818178,2,2,-858.2301,-1267.651,-575.4378,0,0.6852189,0,-0.7283372;
custom,cylinder,empty,5,4,5,1,0.04545455,0.04545455,0.06818178,2,2,-864.5016,-1266.652,-675.1844,0,0.6852189,0,-0.7283372;
custom,cylinder,empty,5,4,5,1,0.04545455,0.04545455,0.06818178,2,2,-870.7736,-1268.252,-774.9433,0,0.6852189,0,-0.7283372;
custom,cylinder,empty,5,4,5,1,0.04545455,0.04545455,0.06818178,2,2,-877.0089,-1268.852,-874.6958,0,0.6852189,0,-0.7283372;
custom,cylinder,empty,5,4,5,1,0.04545455,0.04545455,0.06818178,2,2,-811.3852,-1264.202,-628.2911,0,0.6836928,0,-0.72977;
custom,cylinder,empty,5,4,5,1,0.04545455,0.04545455,0.06818178,2,2,-817.7112,-1261.6,-728.186,0,0.6836928,0,-0.72977;
custom,cylinder,empty,5,4,5,1,0.04545455,0.04545455,0.06818178,2,2,-758.3266,-1261.555,-581.6854,0,0.6853268,0,-0.7282358;
custom,cylinder,empty,5,4,5,1,0.04545455,0.04545455,0.06818178,2,2,-764.6075,-1261.755,-681.4465,0,0.6853268,0,-0.7282358;
custom,cylinder,empty,5,4,5,1,0.04545455,0.04545455,0.06818178,2,2,-777.1045,-1262.954,-881.098,0,0.6853268,0,-0.7282358;
custom,cylinder,empty,5,4,5,1,0.04545455,0.04545455,0.06818178,2,2,-705.3547,-1257.391,-534.9019,0,0.6853268,0,-0.7282358;
custom,cylinder,empty,5,4,5,1,0.04545455,0.04545455,0.06818178,2,2,-711.5194,-1259.27,-634.6348,0,0.6853268,0,-0.7282358;
custom,cylinder,empty,5,4,5,1,0.04545455,0.04545455,0.06818178,2,2,-717.9178,-1263.87,-734.4944,0,0.6853268,0,-0.7282358;
custom,cylinder,empty,5,4,5,1,0.04545455,0.04545455,0.06818178,2,2,-724.0433,-1262.27,-834.0613,0,0.6853268,0,-0.7282358;
custom,boulder3,metal1,0.1,0.15,0.05,0,0.04545455,0.04545455,0.06818178,5,5,-429.3844,-1240.284,-895.6401,0,0.2424576,0,0.970162;
custom,cylinder,empty,5,4,5,1,0.04545455,0.04545455,0.06818178,2,2,-686.5952,-1263.099,-235.3345,0,0.6837754,0,-0.7296926;
custom,cylinder,empty,5,4,5,1,0.04545455,0.04545455,0.06818178,2,2,-680.1832,-1260.498,-135.6097,0,0.6837754,0,-0.7296926;
custom,cylinder,empty,5,4,5,1,0.04545455,0.04545455,0.06818178,2,2,-673.9932,-1263.099,-35.78312,0,0.6837754,0,-0.7296926;
custom,cylinder,empty,5,4,5,1,0.04545455,0.04545455,0.06818178,2,2,-677.3115,-1258.04,-887.2338,0,0.6837754,0,-0.7296926;
custom,cylinder,empty,5,4,5,1,0.04545455,0.04545455,0.06818178,2,2,-664.8582,-1266.401,-687.6484,0,0.6837754,0,-0.7296926;
custom,cylinder,empty,5,4,5,1,0.04545455,0.04545455,0.06818178,2,2,-658.5889,-1263.801,-587.8234,0,0.6837754,0,-0.7296926;
custom,cylinder,empty,5,4,5,1,0.04545455,0.04545455,0.06818178,2,2,-652.2881,-1266.2,-488.0526,0,0.6837754,0,-0.7296926;
custom,cylinder,empty,5,4,5,1,0.04545455,0.04545455,0.06818178,2,2,-646.025,-1263.8,-388.2531,0,0.6837754,0,-0.7296926;
custom,cylinder,empty,5,4,5,1,0.04545455,0.04545455,0.06818178,2,2,-639.6797,-1263.2,-288.3992,0,0.6837754,0,-0.7296926;
custom,cylinder,empty,5,4,5,1,0.04545455,0.04545455,0.06818178,2,2,-633.3003,-1259.758,-188.511,0,0.6837754,0,-0.7296926;
custom,cylinder,empty,5,4,5,1,0.04545455,0.04545455,0.06818178,2,2,-627.1548,-1261.241,-88.86941,0,0.6837754,0,-0.7296926;
custom,cylinder,empty,5,4,5,1,0.04545455,0.04545455,0.06818178,2,2,-620.8512,-1262.921,10.97499,0,0.6837754,0,-0.7296926;
custom,cylinder,empty,5,4,5,1,0.04545455,0.04545455,0.06818178,2,2,-574.165,-1264.419,-41.91218,0,0.6837755,0,-0.7296924;
custom,cylinder,empty,5,4,5,1,0.04545455,0.04545455,0.06818178,2,2,-580.4736,-1259.62,-141.8451,0,0.6837755,0,-0.7296924;
custom,cylinder,empty,5,4,5,1,0.04545455,0.04545455,0.06818178,2,2,-586.6307,-1264.619,-241.7331,0,0.6837755,0,-0.7296924;
custom,cylinder,empty,5,4,5,1,0.04545455,0.04545455,0.06818178,2,2,-593.0029,-1261.42,-341.4458,0,0.6837755,0,-0.7296924;
custom,cylinder,empty,5,4,5,1,0.04545455,0.04545455,0.06818178,2,2,-599.2581,-1262.619,-441.1343,0,0.6837755,0,-0.7296924;
custom,cylinder,empty,5,4,5,1,0.04545455,0.04545455,0.06818178,2,2,-611.7587,-1262.419,-640.878,0,0.6837755,0,-0.7296924;
custom,cylinder,empty,5,4,5,1,0.04545455,0.04545455,0.06818178,2,2,-617.976,-1259.819,-740.5441,0,0.6837755,0,-0.7296924;
custom,cylinder,empty,5,4,5,1,0.04545455,0.04545455,0.06818178,2,2,-624.2861,-1260.219,-840.4773,0,0.6837755,0,-0.7296924;
custom,cylinder,empty,5,4,5,1,0.04545455,0.04545455,0.06818178,2,2,-577.5493,-1258.869,-893.5292,0,0.6837754,0,-0.7296926;
custom,cylinder,empty,5,4,5,1,0.04545455,0.04545455,0.06818178,2,2,-564.9846,-1261.469,-693.9551,0,0.6837754,0,-0.7296926;
custom,cylinder,empty,5,4,5,1,0.04545455,0.04545455,0.06818178,2,2,-558.8686,-1281.508,-594.0659,0,0.6837754,0,-0.7296926;
custom,cylinder,empty,5,4,5,1,0.04545455,0.04545455,0.06818178,2,2,-540.0479,-1259.167,-294.6264,0,0.6837754,0,-0.7296926;
custom,cylinder,empty,5,4,5,1,0.04545455,0.04545455,0.06818178,2,2,-533.7398,-1268.367,-194.7412,0,0.6837754,0,-0.7296926;
custom,boulder5,metal1,0.1,0.15,0.05,0,0.04545455,0.04545455,0.06818178,5,5,-428.9536,-1241.98,-894.6631,0.4154721,0.9091452,-0.01203105,-0.02632661;
custom,cylinder,empty,5,4,5,1,0.04545455,0.04545455,0.06818178,2,2,-521.1865,-1267.167,4.641267,0,0.6837754,0,-0.7296926;
custom,cylinder,empty,5,4,5,1,0.04545455,0.04545455,0.06818178,2,2,-524.5819,-1281.643,-846.8653,0,0.6837772,0,-0.7296909;
custom,cylinder,empty,5,4,5,1,0.04545455,0.04545455,0.06818178,2,2,-518.2657,-1281.644,-746.8416,0,0.6837772,0,-0.7296909;
custom,cylinder,empty,5,4,5,1,0.04545455,0.04545455,0.06818178,2,2,-505.6586,-1265.044,-547.2305,0,0.6837772,0,-0.7296909;
custom,cylinder,empty,5,4,5,1,0.04545455,0.04545455,0.06818178,2,2,-499.4346,-1260.444,-447.4716,0,0.6837772,0,-0.7296909;
custom,cylinder,empty,5,4,5,1,0.04545455,0.04545455,0.06818178,2,2,-493.1457,-1264.244,-347.8756,0,0.6837772,0,-0.7296909;
custom,cylinder,empty,5,4,5,1,0.04545455,0.04545455,0.06818178,2,2,-480.6389,-1262.802,-148.2797,0,0.6837772,0,-0.7296909;
custom,boulder2,metal1,0.1,0.15,0.05,0,0.04545455,0.04545455,0.06818178,5,5,-427.1112,-1241.291,-895.8978,0,0.9998578,0,0.01686644;
custom,cylinder,empty,5,4,5,1,0.04545455,0.04545455,0.06818178,2,2,-477.7151,-1266.461,-899.8574,0,0.6854062,0,-0.7281609;
custom,cylinder,empty,5,4,5,1,0.04545455,0.04545455,0.06818178,2,2,-471.373,-1281.662,-800.14,0,0.6854062,0,-0.7281609;
custom,cylinder,empty,5,4,5,1,0.04545455,0.04545455,0.06818178,2,2,-465.2141,-1281.703,-700.2878,0,0.6854062,0,-0.7281609;
custom,cylinder,empty,5,4,5,1,0.04545455,0.04545455,0.06818178,2,2,-458.8591,-1281.779,-600.3609,0,0.6854062,0,-0.7281609;
custom,cylinder,empty,5,4,5,1,0.04545455,0.04545455,0.06818178,2,2,-446.3745,-1261.184,-400.6496,0,0.6822245,0,-0.7311428;
custom,cylinder,empty,5,4,5,1,0.04545455,0.04545455,0.06818178,2,2,-433.8637,-1263.987,-200.9439,0,0.6822245,0,-0.7311428;
custom,cylinder,empty,5,4,5,1,0.04545455,0.04545455,0.06818178,2,2,-427.631,-1257.787,-101.1542,0,0.6822245,0,-0.7311428;
custom,cylinder,empty,5,4,5,1,0.04545455,0.04545455,0.06818178,2,2,-421.3099,-1264.587,-1.256762,0,0.6806282,0,-0.7326291;
custom,cylinder,empty,5,4,5,1,0.04545455,0.04545455,0.06818178,2,2,-412.1292,-1357.638,-653.3541,0,0.6823074,0,-0.7310654;
custom,cylinder,empty,5,4,5,1,0.04545455,0.04545455,0.06818178,2,2,-405.7982,-1258.224,-553.6747,0,0.685506,0,-0.7280669;
custom,cylinder,empty,5,4,5,1,0.04545455,0.04545455,0.06818178,2,2,-393.3623,-1267.972,-353.9834,0,0.685506,0,-0.7280669;
custom,cylinder,empty,5,4,5,1,0.04545455,0.04545455,0.06818178,2,2,-387.094,-1265.973,-254.2051,0,0.685506,0,-0.7280669;
custom,cylinder,empty,5,4,5,1,0.04545455,0.04545455,0.06818178,2,2,-380.8264,-1260.407,-154.4111,0,0.685506,0,-0.7280669;
custom,cylinder,empty,5,4,5,1,0.04545455,0.04545455,0.06818178,2,2,-374.5248,-1265.932,-54.77665,0,0.685506,0,-0.7280669;
custom,cylinder,empty,5,4,5,1,0.04545455,0.04545455,0.06818178,2,2,-377.9213,-1266.059,-905.8508,0,0.6839831,0,-0.7294978;
custom,cylinder,empty,5,4,5,1,0.04545455,0.04545455,0.06818178,2,2,-371.6627,-1281.219,-806.343,0,0.6839831,0,-0.7294978;
custom,cylinder,empty,5,4,5,1,0.04545455,0.04545455,0.06818178,2,2,-365.4007,-1281.219,-706.3935,0,0.6839831,0,-0.7294978;
custom,cylinder,empty,5,4,5,1,0.04545455,0.04545455,0.06818178,2,2,-352.8281,-1259.578,-506.8113,0,0.6839831,0,-0.7294978;
custom,cylinder,empty,5,4,5,1,0.04545455,0.04545455,0.06818178,2,2,-346.649,-1265.979,-407.0186,0,0.6839831,0,-0.7294978;
custom,cuboid,empty,50,1,100,1,0.04545455,0.04545455,0.06818178,5,5,-791.0469,-1152.319,-700.3025,0,0.6848999,0,0.7286373;
custom,cylinder,empty,5,4,5,1,0.04545455,0.04545455,0.06818178,2,2,-334.0744,-1264.74,-207.5401,0,0.6839831,0,-0.7294978;
racing,endSphere,0.5,0.5,0.5,-427.875,-1240.859,-895.5002,0,0.9998381,0,-0.01799634;
custom,cylinder,empty,5,4,5,1,0.04545455,0.04545455,0.06818178,2,2,-321.5665,-1270.14,-7.828722,0,0.6839831,0,-0.7294978;
custom,cylinder,empty,5,4,5,1,0.04545455,0.04545455,0.06818178,2,2,-324.7982,-1281.313,-859.3289,0,0.6839831,0,-0.7294978;
custom,cylinder,empty,5,4,5,1,0.04545455,0.04545455,0.06818178,2,2,-318.604,-1281.515,-759.4457,0,0.6839831,0,-0.7294978;
custom,cylinder,empty,5,4,5,1,0.04545455,0.04545455,0.06818178,2,2,-312.3875,-1281.191,-659.6044,0,0.6839831,0,-0.7294978;
custom,cylinder,empty,5,4,5,1,0.04545455,0.04545455,0.06818178,2,2,-306.1451,-1257.995,-559.9279,0,0.6839831,0,-0.7294978;
custom,cylinder,empty,5,4,5,1,0.04545455,0.04545455,0.06818178,2,2,-299.8748,-1262.794,-460.1456,0,0.6823909,0,-0.7309874;
custom,cylinder,empty,5,4,5,1,0.04545455,0.04545455,0.06818178,2,2,-293.5873,-1262.874,-360.2895,0,0.6823909,0,-0.7309874;
custom,cylinder,empty,5,4,5,1,0.04545455,0.04545455,0.06818178,2,2,-287.214,-1264.951,-260.443,0,0.6839846,0,-0.7294964;
custom,cylinder,empty,5,4,5,1,0.04545455,0.04545455,0.06818178,2,2,-280.9196,-1263.752,-160.5252,0,0.6839846,0,-0.7294964;
custom,cylinder,empty,5,4,5,1,0.04545455,0.04545455,0.06818178,2,2,-274.8252,-1261.432,-60.85347,0,0.6839846,0,-0.7294964;
custom,tube,empty,4.15,15,4.15,1,0.04545455,0.04545455,0.06818178,2,2,-411.5036,-1243.347,-654.036,0,0.7279379,0,0.6856431;
custom,cuboid,empty,4.9,7,7.5,1,0.04545455,0.04545455,0.06818178,2,2,-733.5151,-1264.598,-559.8182,0,0.4119874,0,0.9111896;
custom,cuboid,empty,4.9,7,7.5,1,0.04545455,0.04545455,0.06818178,2,2,-686.9377,-1264.466,-662.7958,0,0.3550766,0,-0.9348372;
custom,cuboid,empty,4.9,7,7.5,1,0.04545455,0.04545455,0.06818178,2,2,-1197.876,-1272.408,-780.832,0,0.4119164,0,0.9112216;
custom,cuboid,empty,4.9,7,7.5,1,0.04545455,0.04545455,0.06818178,2,2,-933.1043,-1263.65,-597.0663,0,0.3510563,0,-0.9363543;
custom,cuboid,empty,4.9,7,7.5,1,0.04545455,0.04545455,0.06818178,2,2,-1085.417,-1263.469,-587.4937,0,0.4118613,0,0.9112465;
custom,cuboid,empty,4.9,7,7.5,1,0.04545455,0.04545455,0.06818178,2,2,-864.1354,-1265.541,-297.9002,0,0.9112522,0,-0.4118488;
custom,cuboid,empty,4.9,7,15,1,0.04545455,0.04545455,0.06818178,2,2,-359.3849,-1276.161,-606.2235,0,0.3532226,0,-0.9355393;
custom,cuboid,empty,4.9,7,15,1,0.04545455,0.04545455,0.06818178,2,2,-424.5369,-1276.19,-852.9304,0,0.4117316,0,0.9113052;
custom,cuboid,empty,4.9,7,15,1,0.04545455,0.04545455,0.06818178,2,2,-905.1216,-1266.369,-522.2336,0,0.3532695,0,-0.9355216;
custom,cuboid,empty,4.9,7,15,1,0.04545455,0.04545455,0.06818178,2,2,-698.9517,-1268.279,-434.916,0,0.9355159,0,0.3532846;
custom,cuboid,empty,4.9,7,15,1,0.04545455,0.04545455,0.06818178,2,2,-670.7806,-1263.812,-786.6212,0,0.4096805,0,0.9122291;
custom,cuboid,empty,4.9,7,15,1,0.04545455,0.04545455,0.06818178,2,2,-917.5385,-1265.396,-721.9533,0,0.9113463,0,-0.4116406;
custom,cuboid,empty,4.9,7,15,1,0.04545455,0.04545455,0.06818178,2,2,-1163.869,-1264.01,-656.5784,0,0.9362558,0,0.3513191;
custom,cuboid,empty,4.9,7,15,1,0.04545455,0.04545455,0.06818178,2,2,-1051.459,-1261.026,-463.4354,0,0.9122574,0,-0.4096175;
custom,cuboid,empty,4.9,7,22.5,1,0.04545455,0.04545455,0.06818178,2,2,-795.6588,-1267.727,-802.9819,0,0.4115949,0,0.9113669;
custom,cuboid,empty,4.9,7,22.5,1,0.04545455,0.04545455,0.06818178,2,2,-1113.823,-1264.48,-285.2921,0,0.9354656,0,0.3534177;
custom,cuboid,empty,4.9,7,22.5,1,0.04545455,0.04545455,0.06818178,2,2,-901.6451,-1263.962,-47.04812,0,0.9122844,0,-0.4095572;
custom,cuboid,empty,4.9,7,22.5,1,0.04545455,0.04545455,0.06818178,2,2,-754.8474,-1263.38,-157.6207,0,0.9354483,0,0.3534634;
custom,cuboid,empty,4.9,7,22.5,1,0.04545455,0.04545455,0.06818178,2,2,-464.915,-1266.707,-272.7998,0,0.3534899,0,-0.9354384;
custom,cuboid,empty,4.9,7,22.5,1,0.04545455,0.04545455,0.06818178,2,2,-580.5816,-1262.547,-519.1553,0,0.9114146,0,-0.4114893;
custom,cuboid,empty,4.9,7,22.5,1,0.04545455,0.04545455,0.06818178,2,2,-502.597,-1264.363,-72.94044,0,0.9114264,0,-0.4114631;
custom,cuboid,empty,4.9,7,22.5,1,0.04545455,0.04545455,0.06818178,2,2,-1101.063,-1263.967,-85.69194,0,0.9354117,0,0.3535605;
custom,cuboid,empty,4.9,7,22.5,1,0.04545455,0.04545455,0.06818178,2,2,-428.5814,-1264.217,-478.0217,0,0.9096501,0,-0.4153754;
custom,cuboid,empty,4.9,7,15,1,0.04545455,0.04545455,0.06818178,2,2,-327.9713,-1262.21,-107.4908,0,0.9105769,0,-0.4133398;
custom,cuboid,empty,4.9,7,15,1,0.04545455,0.04545455,0.06818178,2,2,-340.3636,-1267.113,-307.345,0,0.3536676,0,-0.9353712;
custom,cuboid,empty,4.9,7,15,1,0.04545455,0.04545455,0.06818178,2,2,-546.5891,-1263.086,-394.6939,0,0.9105989,0,-0.4132913;
custom,cuboid,empty,4.9,7,15,1,0.04545455,0.04545455,0.06818178,2,2,-418.7078,-1276.688,-753.5209,0,0.9115204,0,-0.4112549;
custom,cuboid,empty,4.9,7,15,1,0.04545455,0.04545455,0.06818178,2,2,-511.9925,-1276.34,-647.2718,0,0.9353296,0,0.3537775;
custom,cuboid,empty,4.9,7,15,1,0.04545455,0.04545455,0.06818178,2,2,-923.6581,-1264.568,-821.4712,0,0.4111795,0,0.9115544;
custom,cuboid,empty,4.9,7,15,1,0.04545455,0.04545455,0.06818178,2,2,-852.1556,-1265.089,-475.2903,0,0.3538712,0,-0.9352942;
custom,cuboid,empty,4.9,7,15,1,0.04545455,0.04545455,0.06818178,2,2,-726.6427,-1262.898,-82.93174,0,0.9352906,0,0.3538807;
custom,cuboid,empty,4.9,7,15,1,0.04545455,0.04545455,0.06818178,2,2,-693.0541,-1264.277,-335.012,0,0.3539185,0,-0.9352763;
custom,cuboid,empty,4.9,7,15,1,0.04545455,0.04545455,0.06818178,2,2,-570.7621,-1276.158,-793.6652,0,0.4130268,0,0.9107189;
custom,cuboid,empty,4.9,7,15,1,0.04545455,0.04545455,0.06818178,2,2,-1122.821,-1264.012,-808.7852,0,0.4110333,0,0.9116203;
custom,cuboid,empty,4.9,7,15,1,0.04545455,0.04545455,0.06818178,2,2,-991.8197,-1264.174,-316.6562,0,0.9352539,0,0.3539776;
custom,cuboid,empty,4.9,7,15,1,0.04545455,0.04545455,0.06818178,2,2,-886.1706,-1266.428,-223.1712,0,0.9116319,0,-0.4110076;
custom,cuboid,empty,4.9,7,7.5,1,0.04545455,0.04545455,0.06818178,2,2,-1050.791,-1265.071,-35.70968,0,0.9352366,0,0.3540233;
custom,cuboid,empty,4.9,7,7.5,1,0.04545455,0.04545455,0.06818178,2,2,-325.1278,-1261.698,-482.4276,0,0.9107541,0,-0.4129491;
custom,cuboid,empty,4.9,7,7.5,1,0.04545455,0.04545455,0.06818178,2,2,-399.5247,-1266.504,-76.90857,0,0.911683,0,-0.4108944;
custom,cuboid,empty,4.9,7,7.5,1,0.04545455,0.04545455,0.06818178,2,2,-306.3216,-1264.161,-182.8593,0,0.9116966,0,-0.4108642;
custom,cuboid,empty,4.9,7,7.5,1,0.04545455,0.04545455,0.06818178,2,2,-1175.63,-1265.257,-428.8083,0,0.9351762,0,0.354183;
custom,cuboid,empty,4.9,7,7.5,1,0.04545455,0.04545455,0.06818178,2,2,-1110.008,-1265.469,-182.3608,0,0.9351721,0,0.3541938;
custom,cuboid,empty,4.9,7,7.5,1,0.04545455,0.04545455,0.06818178,2,2,-698.5574,-1263.138,-7.880622,0,0.9351681,0,0.3542044;
custom,cuboid,empty,4.9,7,7.5,1,0.04545455,0.04545455,0.06818178,2,2,-599.2833,-1262.959,-64.11472,0,0.9117264,0,-0.4107981;
custom,cuboid,empty,4.9,7,7.5,1,0.04545455,0.04545455,0.06818178,2,2,-611.887,-1263.81,-263.8979,0,0.9108313,0,-0.4127789;
custom,cuboid,empty,4.9,7,7.5,1,0.04545455,0.04545455,0.06818178,2,2,-789.2433,-1264.977,-653.5458,0,0.9359161,0,0.3522231;
custom,cuboid,empty,100,15,5,1,0.04545455,0.04545455,0.06818178,2,2,-778.5763,-1223.941,-905.7151,0,0.03130494,0,0.9995099;
custom,cuboid,empty,100,15,5,1,0.04545455,0.04545455,0.06818178,2,2,-274.8474,-1223.914,-461.594,0,0.6846861,0,-0.7288382;
custom,cuboid,empty,100,15,5,1,0.04545455,0.04545455,0.06818178,2,2,-719.1693,-1223.983,42.22149,0,0.9995055,0,-0.03144512;
custom,cuboid,empty,100,15,5,1,0.04545455,0.04545455,0.06818178,2,2,-1222.845,-1223.822,-402.1129,0,0.7289265,0,0.6845919;
custom,cuboid,empty,25,1,100,1,0.04545455,0.04545455,0.06818178,2,2,-796.2452,-1246.194,-772.3441,0,0.6854429,0,-0.7281264;
racing,killCylinder,0.5,0.015,0.5,-104.4492,360.2765,142.6735,0,0.9992992,0,-0.03743172;
base,aot_supply,default,1,1,1,1,0,0,0,1.0,1.0,-104.3536,360.397,141.274,0,0.9992992,0,-0.03743172;
base,aot_supply,default,1,1,1,1,0,1,0,1.0,1.0,615.4899,360.5,-213.4361,0,0.6646116,0,-0.747189;
base,aot_supply,default,1,1,1,1,0,0,0,1.0,1.0,-797.7808,-1296.363,15.2316,0,0.5428608,0,-0.8398227;
racing,checkpointCylinder,0.5,0.015,0.5,-143.5127,359.8868,-366.3972,0,0.06436289,0,0.9979266;
base,aot_supply,default,1,1,1,1,0,1,0,1.0,1.0,-143.4414,360.4371,-364.5235,0,0.05831775,0,0.9982981;
racing,killPlane,1,0.0001,1,34.70775,348.7726,-599.696,-0.06217712,3.891489E-07,-0.9980652,-8.446674E-09;
racing,killPlane,1,0.0001,1,259.6177,346.3581,497.9684,-0.01192488,0.000698566,-0.9999287,-8.322772E-06;
custom,leaf1,default,1,0.0001,1,1,0,0,0,1.0,1.0,263.916,354.069,497.0138,0,0.9999531,0,-0.009689582;
custom,leaf1,default,1,0.0001,1,1,0,0,0,1.0,1.0,-746.751,353.9655,-173.3563,0,0.999789,0,-0.02054146;
custom,leaf1,default,1,0.0001,1,1,0,0,0,1.0,1.0,31.33547,354.0036,-593.8757,0,0.6317168,0,0.7751993;
racing,killCylinder,0.5,0.01,0.5,616.8654,360.3914,-213.5143,0,0.6655086,0,-0.7463902;
racing,checkpointCylinder,0.5,0.02,0.5,-796.3542,-1296.552,14.77008,0,0.539336,0,-0.8420907;
racing,checkpointCylinder,0.5,0.01,0.5,616.8654,360.3913,-213.5143,0,0.6655086,0,-0.7463902;
racing,checkpointCylinder,0.5,0.015,0.5,-104.4491,360.2764,142.6739,0,0.9992992,0,-0.03743172;
racing,killCylinder,0.5,0.02,0.5,-796.3561,-1296.551,14.77006,0,0.539336,0,-0.8420907;
base,aot_supply,default,1,1,1,1,0,0,0,1.0,1.0,-776.1006,-1296.408,-173.4332,0,0.4103369,0,0.911934;
racing,killCylinder,0.5,0.015,0.5,-1203.914,-1296.499,-850.9047,0,0.943992,0,0.3299686;
racing,checkpointCylinder,0.5,0.015,0.5,-1203.914,-1296.499,-850.9044,0,0.943992,0,0.3299686;
spawnpoint,playerC,3077.231,-22.46695,-3223.278,0,0.9251335,0,0.3796419;
racing,killCylinder,0.5,0.015,0.5,-777.2537,-1296.927,-174.6187,0,0.4103369,0,0.911934;
racing,checkpointCylinder,0.5,0.015,0.5,-777.282,-1296.928,-174.6446,0,0.4103369,0,0.911934;
racing,killCylinder,0.5,0.015,0.5,-143.5131,359.8871,-366.3972,0,0.06436289,0,0.9979266;
base,aot_supply,default,1,1,1,1,0,0,0,1.0,1.0,-436.1862,-1296.394,-344.7477,0,0.4082851,0,0.9128545;
racing,killCylinder,0.5,0.015,0.5,-437.4951,-1296.939,-345.9703,0,0.4082851,0,0.9128545;
racing,checkpointCylinder,0.5,0.015,0.5,-437.4946,-1296.939,-345.9709,0,0.4082851,0,0.9128545;
custom,cylinder,metal3,0.25,5,0.25,1,0.3181818,0.3181818,0.3181818,2.5,2.5,3052.427,-10.55231,-3219.79,0,0.9209787,0,0.389613;
base,aot_supply,default,1,1,1,1,0,0,0,1.0,1.0,-1199.982,-1296.347,-476.7527,0,0.9138197,0,-0.4061202;
racing,killCylinder,0.5,0.015,0.5,-1198.831,-1296.51,-475.6056,0,0.9138197,0,-0.4061202;
racing,checkpointCylinder,0.5,0.015,0.5,-1198.833,-1296.509,-475.606,0,0.9138197,0,-0.4061202;
spawnpoint,playerM,3077.289,-22.50702,-3223.261,0,0.9251335,0,0.3796419;
racing,killCylinder,5,1,5,440.8329,-7.345002,-123.4286,0,0.8645096,0,-0.5026163;
base,aot_supply,default,1,1,1,1,0,0,0,1.0,1.0,-1174.469,-1296.345,-54.56187,0,0.6809596,0,-0.732321;
racing,killCylinder,0.5,0.015,0.5,-1172.949,-1296.506,-54.52268,0,0.6809596,0,-0.732321;
racing,checkpointCylinder,0.5,0.015,0.5,-1172.948,-1296.505,-54.52266,0,0.6809596,0,-0.732321;
base,aot_supply,default,1,1,1,1,0,0,0,1.0,1.0,-775.3117,-1296.376,-854.7425,0,0.9996791,0,-0.02533169;
custom,cylinder,metal3,0.25,5,0.25,1,0.3181818,0.3181818,0.3181818,2.5,2.5,3048.072,-10.54192,-3249.5,0,0.67647,0,0.7364702;
racing,killCylinder,0.5,0.015,0.5,-775.2787,-1296.506,-852.5767,0,0.9996794,0,-0.02532144;
racing,checkpointCylinder,0.5,0.015,0.5,-775.2781,-1296.506,-852.5755,0,0.9996794,0,-0.02532144;
custom,cylinder,metal3,0.25,5,0.25,1,0.3181818,0.3181818,0.3181818,2.5,2.5,3073.228,-10.54987,-3198.296,0,0.9401099,0,0.3408715;
custom,tube,metal4,20,500,7.5,1,0.3068182,0.3181818,0.3181818,100,100,1936.339,-7.322724,-2003.423,-0.6584339,0.263684,-0.2564313,-0.656642;
custom,cylinder,metal4,20,1,7.5,1,0,0.3181818,0.3181818,100,100,3095.533,-9.116184,-3246.834,-0.6570926,0.2602417,-0.2598679,-0.6580063;
custom,cylinder,rock2,10,0.5,10,1,0,0.3181818,0.3181818,2.5,2.5,3095.747,-27.94719,-3241.181,0,0.9214989,0,0.388381;
custom,cylinder,metal3,0.25,5,0.25,1,0.3181818,0.3181818,0.3181818,2.5,2.5,3102.993,-10.52518,-3193.243,0,0.9201306,0,0.3916116;
custom,pyramid,lava1,2,5,2,0,1,1,1,2,5,2889.188,-4.080201,-3100.914,-0.2359399,0.2752758,0.6064979,-0.7076129;
racing,killPyramid,2,5,2,2892.287,-3.680201,-3098.077,-0.2335287,0.2773243,0.6002997,-0.7128786;
custom,pyramid,lava1,2,5,2,0,1,1,1,2,5,2850.639,-17.33409,-2928.66,-0.2328197,0.9133869,-0.08248411,0.323598;
racing,killPyramid,2,5,2,2849.561,-15.97408,-2929.194,-0.230268,0.9140335,-0.08158023,0.3238274;
custom,pyramid,lava1,2,5,2,0,1,1,1,2,5,2738.572,-11.73207,-2922.87,0.4168229,0.8216022,0.1759435,0.3468033;
racing,killPyramid,2,5,2,2739.822,-10.13207,-2921.017,0.4153883,0.8223284,0.175338,0.3471099;
custom,pyramid,lava1,2,5,2,0,1,1,1,2,5,2698.774,4.323797,-2823.424,0.9119077,0.192169,0.3548298,0.07477447;
racing,killPyramid,2,5,2,2699.34,2.970106,-2822.991,0.9106841,0.1902518,0.3589372,0.07498592;
custom,pyramid,lava1,2,5,2,0,1,1,1,2,5,2612.329,-5.398889,-2669.481,-0.611723,0.6987654,-0.2442681,0.2790252;
racing,killPyramid,2,5,2,2611.745,-5.278889,-2670.093,-0.6117231,0.6987653,-0.244268,0.2790252;
custom,pyramid,lava1,2,5,2,0,1,1,1,2,5,2467.743,-19.87394,-2641.413,0.3501721,0.8710798,0.1284505,0.3195308;
racing,killPyramid,2,5,2,2468.627,-18.5318,-2640.817,0.3516919,0.8704672,0.1290081,0.3193063;
custom,pyramid,lava1,2,5,2,0,1,1,1,2,5,2462.671,-5.839171,-2539.151,-0.9128242,0.2225226,-0.3326554,0.0810927;
racing,killPyramid,2,5,2,2462.493,-6.799186,-2539.561,-0.9129795,0.2218853,-0.3327118,0.08086035;
custom,pyramid,lava1,2,5,2,0,1,1,1,2,5,2309.199,-4.061714,-2458.056,0.8588312,0.3574971,0.3387123,0.1409923;
racing,killPyramid,2,5,2,2309.907,-4.861713,-2457.467,0.8597023,0.355397,0.339056,0.1401644;
custom,pyramid,lava1,2,5,2,0,1,1,1,2,5,2233.943,-18.58061,-2281.523,0.3704121,0.8642359,0.1341088,0.3128992;
racing,killPyramid,2,5,2,2234.119,-18.34066,-2281.429,0.3701103,0.8643653,0.1339995,0.312946;
custom,pyramid,lava1,2,5,2,0,1,1,1,2,5,2113.313,-23.98045,-2236.048,0,0.9341736,0,0.3568187;
racing,killPyramid,2,5,2,2113.391,-22.82049,-2236.14,0,0.9341736,0,0.3568187;
custom,pyramid,lava1,2,5,2,0,1,1,1,2,5,2081.668,-6.164016,-2071.655,-0.7605004,0.5464751,-0.2848137,0.2046593;
racing,killPyramid,2,5,2,2081.441,-6.204016,-2071.858,-0.760691,0.5462096,-0.2848852,0.20456;
custom,pyramid,lava1,2,5,2,0,1,1,1,2,5,1991.015,-7.041605,-2128.149,0.8251102,0.4113849,0.3465553,0.172786;
racing,killPyramid,2,5,2,1991.513,-7.401604,-2127.673,0.8253971,0.4108092,0.346676,0.1725436;
custom,pyramid,lava1,2,5,2,0,1,1,1,2,5,1940.134,-3.27482,-1971.733,-0.9079887,0.1781399,-0.3721453,0.07301199;
racing,killPyramid,2,5,2,1940.05,-3.514819,-1971.76,-0.9079885,0.1781405,-0.3721452,0.07301196;
custom,pyramid,lava1,2,5,2,0,1,1,1,2,5,1835.092,-15.27064,-1923.031,0.3939607,0.8372093,0.161502,0.3432093;
racing,killPyramid,2,5,2,1835.919,-14.43063,-1922.389,0.393961,0.8372092,0.1615022,0.3432094;
custom,pyramid,lava1,2,5,2,0,1,1,1,2,5,1810.881,-6.353591,-1817.473,-0.5745318,0.7541807,-0.1927051,0.2529616;
racing,killPyramid,2,5,2,1810.258,-6.153592,-1817.908,-0.5750585,0.7537794,-0.1928814,0.2528268;
custom,pyramid,lava1,2,5,2,0,1,1,1,2,5,3051.502,-10.65545,-3119.526,0.218169,0.310423,-0.5320088,-0.756972;
racing,killPyramid,2,5,2,3051.195,-10.49544,-3119.78,0.2187104,0.3100417,-0.5333292,-0.7560422;
custom,pyramid,lava1,2,5,2,0,1,1,1,2,5,1682.321,6.125324,-1769.308,0.9144126,0.1513802,0.3703703,0.06131436;
racing,killPyramid,2,5,2,1682.521,5.685332,-1769.048,0.9147278,0.1494647,0.3704977,0.06053849;
custom,pyramid,lava1,2,5,2,0,1,1,1,2,5,1621.388,-15.84715,-1643.042,0.3345723,0.8625783,0.1372364,0.3538167;
racing,killPyramid,2,5,2,1621.944,-14.56713,-1642.58,0.334271,0.8626952,0.137113,0.3538646;
custom,pyramid,lava1,2,5,2,0,1,1,1,2,5,1520.731,-3.243097,-1620.298,0.6268145,0.6628376,0.2814124,0.2975852;
racing,killPyramid,2,5,2,1520.823,-3.24309,-1620.148,0.6268147,0.6628376,0.2814122,0.2975852;
custom,pyramid,lava1,2,5,2,0,1,1,1,2,5,1490.002,-10.14209,-1464.744,-0.3962085,0.8458154,-0.1515379,0.3234989;
racing,killPyramid,2,5,2,1489.415,-9.542089,-1465.051,-0.3962089,0.8458153,-0.1515378,0.3234986;
custom,pyramid,lava1,2,5,2,0,1,1,1,2,5,1393.996,-13.31973,-1469.777,0.2320839,0.9039069,0.08935184,0.3480024;
racing,killPyramid,2,5,2,1394.088,-12.87972,-1469.643,0.2323994,0.9038258,0.08947331,0.3479712;
custom,pyramid,lava1,2,5,2,0,1,1,1,2,5,1380.376,-0.9213768,-1386.443,-0.8468727,0.3724566,-0.3474627,0.152815;
racing,killPyramid,2,5,2,1379.92,-1.561377,-1386.961,0.8464822,-0.3733433,0.3473026,-0.1531787;
custom,pyramid,lava1,2,5,2,0,1,1,1,2,5,1267.341,-4.24962,-1337.83,0.8523411,0.3617975,0.3476259,0.1475585;
racing,killPyramid,2,5,2,1267.653,-4.449615,-1337.635,0.8523414,0.3617976,0.3476253,0.1475583;
custom,pyramid,lava1,2,5,2,0,1,1,1,2,5,1218.948,-1.805584,-1184.123,-0.6243539,0.7007592,-0.2295948,0.2576916;
racing,killPyramid,2,5,2,1218.287,-1.805584,-1184.759,-0.624354,0.7007592,-0.2295946,0.2576917;
custom,pyramid,lava1,2,5,2,0,1,1,1,2,5,1123.945,-4.230121,-1188.073,0.3949378,0.8392851,0.1590984,0.3381012;
racing,killPyramid,2,5,2,1124.842,-3.350117,-1187.437,0.3946447,0.8394231,0.1589803,0.3381566;
custom,pyramid,lava1,2,5,2,0,1,1,1,2,5,1109.685,-1.39176,-1096.241,-0.8648061,0.3546832,-0.328821,0.1348594;
racing,killPyramid,2,5,2,1109.172,-2.297847,-1096.929,-0.8646825,0.3549847,-0.3287738,0.134974;
custom,pyramid,lava1,2,5,2,0,1,1,1,2,5,983.7849,-7.867859,-1046.337,0.5968121,0.7163158,0.2314217,0.2777608;
racing,killPyramid,2,5,2,984.3523,-7.721562,-1045.76,0.596812,0.7163157,0.2314219,0.2777613;
custom,pyramid,lava1,2,5,2,0,1,1,1,2,5,988.7601,-10.22747,-957.9654,-0.4431429,0.8264578,-0.1640996,0.3060446;
racing,killPyramid,2,5,2,987.9717,-9.467466,-958.9572,-0.443143,0.8264577,-0.1640997,0.3060446;
custom,pyramid,lava1,2,5,2,0,1,1,1,2,5,897.9916,0.4339865,-925.4384,0.8603598,0.3465605,0.3466663,0.1396401;
racing,killPyramid,2,5,2,898.9838,-0.9871439,-924.5,0.8613243,0.3441565,0.3470549,0.1386715;
custom,leaf1,default,20,0.0001,20,1,0,0,0,1.0,1.0,-726.3893,-339.9891,-206.1048,0,0.665857,0,0.7460794;
racing,killPlane,3,0.0001,3,-732.7242,-343.6699,-184.117,0.7253903,-0.003844289,-0.6883153,-0.004051411;
racing,killPlane,3,0.0001,3,-733.142,-579.0226,-276.7419,0.753166,-0.01560735,-0.6574023,-0.01788072;
racing,killPlane,3,0.0001,3,-708.4826,-821.8419,-486.4389,0.7601853,0.02039407,-0.6489466,0.02388951;
racing,killPlane,3,0.0001,3,-713.7441,-1070.738,-266.541,0.6277336,-0.01109479,-0.7783245,0.006191926;
custom,leaf1,default,20,0.0001,20,1,0,0,0,1.0,1.0,-794.4202,-572.1586,-319.952,0,0.6817737,0,0.7315632;
custom,leaf1,default,20,0.0001,20,1,0,0,0,1.0,1.0,-811.9948,-816.5869,-296.6948,0,0.6171284,0,0.7868626;
custom,leaf1,default,20,0.0001,20,1,0,0,0,1.0,1.0,-861.2067,-1064.14,-240.556,0,0.7370565,0,0.6758311;
racing,killPlane,1,0.0001,1,-681.7432,191.3277,-150.2535,0.8215657,0.01590582,-0.5694298,0.02294804;
racing,killPlane,1,0.0001,1,-818.4544,190.8187,-189.8738,-0.6356078,0.005120113,-0.7719837,-0.004215663;
racing,killPlane,1,0.0001,1,-768.5528,191.2944,-102.5605,-0.9914432,0.003898496,-0.1268746,-0.0304651;
custom,leaf1,default,25,0.0001,25,1,0,0,0,1.0,1.0,-707.1082,202.8452,-235.6202,0,0.1313605,0,-0.9913347;
photon,spawnCrawler,30,0,417.2726,2.324234,-387.6354,0,0.3807511,0,-0.9246776;
photon,spawnCrawler,30,0,341.9979,2.332809,-310.8025,0,0.9287722,0,0.3706512;
photon,spawnCrawler,30,0,487.5935,3.092998,-97.76419,0,0.8889701,0,0.4579653;
photon,spawnCrawler,30,0,345.9753,404.6566,-457.6207,0,0.6430981,0,-0.7657838;
photon,spawnCrawler,30,0,344.8026,399.4047,222.6712,0,0.340788,0,-0.9401402;
photon,spawnAbnormal,30,0,37.61569,355.1967,-571.5757,0,0.06491525,0,0.9978908;
photon,spawnAbnormal,30,0,-717.1534,354.8471,-174.6636,0,0.7413526,0,0.6711159;
photon,spawnAbnormal,30,0,258.1309,355.1414,470.1028,0,0.9990699,0,-0.04312053;
photon,spawnCrawler,30,0,-715.2917,211.8692,-148.1694,0,0.866853,0,0.4985639;
photon,spawnCrawler,30,0,-749.991,211.7495,-200.1723,0,0.866853,0,0.4985639;
photon,spawnCrawler,30,0,-777.5397,211.8173,-146.3784,0,0.8657628,0,0.5004545;
photon,spawnAnnie,30,0,-412.581,-1295.924,-696.2217,0,0.9207372,0,-0.3901833;
photon,spawnAnnie,30,0,-1117.484,-1296.052,-0.6356542,0,0.3405568,0,-0.9402239;
photon,spawnTitan,30,0,-492.3982,-1295.782,-399.9641,0,0.9102352,0,-0.4140916;
photon,spawnTitan,30,0,-832.9652,-1295.748,-126.2558,0,0.9325393,0,0.3610685;
photon,spawnTitan,30,0,-428.374,-1295.806,-148.4997,0,0.4936767,0,0.8696455;
photon,spawnTitan,30,0,-586.7067,-1232.538,-193.4465,0,0.9241815,0,-0.3819535;
photon,spawnTitan,30,0,-557.8724,-1295.913,-551.6685,0,0.920823,0,-0.3899808;
photon,spawnTitan,30,0,-728.9254,-1295.687,-871.3542,0,0.7061543,0,-0.708058;
photon,spawnTitan,30,0,-967.9398,-1295.779,-712.6888,0,0.3814612,0,-0.9243849;
photon,spawnTitan,30,0,-999.8728,-1295.774,-469.0084,0,0.424988,0,0.905199;
photon,spawnTitan,30,0,-1153.2,-1295.948,-503.8572,0,0.9299464,0,-0.3676953;



































Thanks for joining this treasure hunt, YOUR MISSION is to find the treasure box and this map is all about mazes and traps ofc with abit of fun like crawlers =P, ENJOY